-0.9935059370
-0.9342421214
-1.0153750259
-0.9799886140
-1.0372507256
-0.9228196511
-1.0428510522
-0.9934180277
-0.9220925640
-0.9473450705
-0.9669303391
-0.9193181551
-0.9849869053
-0.9593206453
-1.1194068432
-0.9040885129
-1.0190845419
-0.9227397688
-0.9629843777
-1.0844132345
-1.0545713034
-0.8618786883
-0.8538886976
-0.9011352798
-0.8663386451
-0.9187515051
-0.9923667764
-0.8586612909
-0.9412665196
-1.0479723173
-0.8821183506
-0.8452480783
-0.9250912811
-0.6272353729
-0.9398609281
-0.8165387582
-0.8024457503
-1.0078198868
-0.8891681858
-0.9261004828
-0.9696260173
-0.9703885920
-0.7852028260
-0.9429202296
-0.9616303962
-0.8727241588
-0.7675778534
-0.7516003391
-0.9364338214
-0.8972773678
-0.9787774233
-0.8714247908
-0.7518559982
-0.8209714969
-0.9184293206
-0.9956582315
-0.8049141676
-0.9447411366
-0.8563587184
-0.9465337448
-0.7769910696
-0.9331799410
-0.8439432523
-0.8079403861
-0.7656918466
-0.8267694755
-0.9469260144
-0.8704533612
-0.9469819339
-0.8349979845
-0.8510514324
-0.7833187756
-0.8671650671
-0.8683121203
-0.9983420166
-1.0659931020
-0.9275217016
-0.8642173017
-0.9908226373
-0.9914374840
-0.8790811573
-0.7297998669
-0.7412511080
-0.8464924556
-0.7269843923
-0.8054506609
-0.9443425934
-0.8436009523
-0.8234175553
-0.8371020040
-0.9093186226
-0.7902970198
-0.8095779350
-0.9078087569
-0.7755385213
-0.7280821190
-0.8076841185
-0.8442193248
-0.8983154914
-0.8933443046
-0.8727739198
-0.8359947763
-0.7550535745
-0.6895874090
-0.7783139158
-0.7061810455
-0.6591624807
-0.7558128653
-0.7642111443
-0.8014401924
-0.7049887889
-0.7807322317
-0.7786646774
-0.7261588561
-0.8789782796
-0.6440838853
-0.7711681954
-0.7805158058
-0.6310369162
-0.8485154247
-0.6790672292
-0.7030127993
-0.6798642320
-0.6924258797
-0.5949156089
-0.8567482854
-0.7007773504
-0.7337797666
-0.9247407037
-0.7850650463
-0.7422426735
-0.6495089087
-0.7723253455
-0.8001850498
-0.7815388208
-0.6393519263
-0.6672144868
-0.7782607542
-0.7911341769
-0.8417247723
-0.6720374392
-0.7639278104
-0.6095958599
-0.7596056622
-0.6221903414
-0.7081855325
-0.6203849528
-0.7282592064
-0.8742411223
-0.6209543790
-0.5226648417
-0.6751271468
-0.8694892577
-0.7405140432
-0.6832158691
-0.7699583756
-0.5861745315
-0.7805869948
-0.7245073566
-0.6176825081
-0.7273784572
-0.7596991608
-0.7476449679
-0.6364779407
-0.5366457823
-0.6144214372
-0.6068525816
-0.5813527895
-0.6198689837
-0.7121305369
-0.7244592879
-0.5864595246
-0.6322721332
-0.6423602220
-0.6524119229
-0.5949342980
-0.5476547740
-0.7106024351
-0.7009559937
-0.5687084197
-0.6882594203
-0.6226111448
-0.6696155924
-0.6542601707
-0.5281220534
-0.5823205381
-0.8281017585
-0.4904706883
-0.6552198919
-0.6111561020
-0.6212895370
-0.4989092238
-0.5963259362
-0.6507566580
-0.7510587810
-0.7445117243
-0.6609617293
-0.7208002145
-0.6483511239
-0.5852730027
-0.5357706260
-0.6997331655
-0.5459351917
-0.6179503419
-0.5469287488
-0.6261340942
-0.5986243143
-0.5730386760
-0.5953927083
-0.5332321971
-0.5834998115
-0.4694816386
-0.4698700940
-0.6280191310
-0.5532354639
-0.6335225025
-0.4384564669
-0.5931118857
-0.6424567355
-0.6299724660
-0.5541979923
-0.4376104748
-0.5658157641
-0.5545953708
-0.5587983594
-0.5443381813
-0.5948324361
-0.5915763659
-0.5158515182
-0.6906496684
-0.5083380698
-0.5410139581
-0.4119315309
-0.6272597824
-0.4805152230
-0.6245157209
-0.4517414026
-0.5609533222
-0.4997422934
-0.7314642722
-0.6593246407
-0.6315922129
-0.4739740684
-0.6499833712
-0.5773582522
-0.5770251157
-0.3638132735
-0.4706675917
-0.4258114880
-0.4840834474
-0.4397247101
-0.4755457539
-0.4601371226
-0.5048274587
-0.4069209505
-0.5043401482
-0.5862420349
-0.4807902649
-0.4204971840
-0.4560394445
-0.4717472042
-0.5134146475
-0.3329868187
-0.5327276798
-0.4661272569
-0.5001283784
-0.5044882335
-0.4653122999
-0.5335631668
-0.5170061454
-0.3182255204
-0.3961979907
-0.4916457257
-0.5668259159
-0.4835859503
-0.4813794474
-0.3690752906
-0.3088027677
-0.5963171875
-0.4051068656
-0.4147117699
-0.4729321387
-0.3924480881
-0.4078023971
-0.3569314425
-0.3535366668
-0.4076966359
-0.4763426807
-0.4818888593
-0.3416289686
-0.4409678499
-0.4056880456
-0.3016831252
-0.3543410173
-0.4894558098
-0.5341077238
-0.3852329983
-0.3142264074
-0.3941385741
-0.4859669709
-0.3908691541
-0.3494348120
-0.4459776296
-0.5491456295
-0.3765819206
-0.5882379641
-0.4255745559
-0.3109896178
-0.3318399040
-0.3907962503
-0.4910984096
-0.4885803977
-0.3184151411
-0.4638349286
-0.2584123711
-0.4436693483
-0.3443453029
-0.4159854655
-0.3658661028
-0.3430615595
-0.3127071263
-0.4160306792
-0.4223585055
-0.2256502938
-0.4349686973
-0.3907970237
-0.3841069799
-0.4348746285
-0.2441514142
-0.3040325647
-0.1821366826
-0.3111867558
-0.2554973351
-0.3222157627
-0.3742787026
-0.3072200664
-0.2222947604
-0.2999284946
-0.3122309357
-0.2696608464
-0.2675765820
-0.2283024301
-0.2829917491
-0.4497300471
-0.2860427243
-0.3529425852
-0.2609821213
-0.4046422243
-0.2497277840
-0.3605794444
-0.2726496491
-0.4037863500
-0.3620852148
-0.3028343629
-0.3852343526
-0.2658983575
-0.2522089853
-0.2950277231
-0.2508048057
-0.3859471759
-0.1911264107
-0.4375238834
-0.2353424582
-0.2485082318
-0.2166858075
-0.1670320755
-0.3980350568
-0.2753934285
-0.0904260878
-0.3559034403
-0.1848246760
-0.2954030201
-0.1027289882
-0.2956953821
-0.2284752349
-0.2153389592
-0.3062531357
-0.2567249975
-0.1504742196
-0.2792934151
-0.1583600115
-0.1499410870
-0.1771687529
-0.1011478243
-0.2592613164
-0.2147195361
-0.2428999900
-0.0685935634
-0.3112425463
-0.2980711148
-0.1430914295
-0.2512182395
-0.2978430415
-0.2446753704
-0.2226013445
-0.1790513607
-0.2645214843
-0.2568022273
-0.2980889253
-0.1820460104
-0.2670392399
-0.2020518061
-0.1945786405
-0.3444771691
-0.0883031338
-0.1973287221
-0.0928132413
-0.2620837814
-0.3625456677
-0.1653654541
-0.0650658811
-0.2178731432
-0.1028107406
-0.2324871404
-0.1101418085
-0.1834295949
-0.2979016783
-0.0167178842
-0.2067312659
-0.2520827165
-0.2618462482
-0.1851185335
-0.1079352556
-0.3143321003
-0.0685348432
-0.2580878287
-0.1583521917
-0.1646614797
-0.2104408522
-0.0051169895
-0.2168680794
-0.3040360838
-0.1830719316
0.0064768406
-0.0288164014
-0.0689616513
-0.1722838021
-0.0609558957
-0.1501629379
-0.0637425625
-0.0631198413
-0.1275629061
-0.2015387914
-0.2245581715
-0.2011550671
-0.0962299931
-0.1553749315
-0.0876489189
-0.0265387999
-0.1656843167
-0.1507430626
-0.1789781509
-0.0283623087
-0.1195580537
-0.0736941242
0.0400182669
0.1012411402
-0.0104425924
-0.0622963216
-0.1057238383
-0.0339072923
-0.1327489105
-0.2325639515
-0.0488848641
-0.0927224779
-0.0125856848
-0.0431889953
0.0696591894
-0.0086083174
0.0041072072
0.0684688029
0.0055327276
-0.1390225786
-0.0309098692
-0.0140963194
-0.0215655906
-0.0687472805
0.0491675455
-0.0338845397
-0.1414992710
-0.0660937244
-0.0590930793
-0.0969778737
0.0765751735
-0.1559103174
0.0481907463
0.1138678371
-0.1100899391
0.0762629489
0.0508333722
0.0717712591
0.0997734750
-0.0297628979
0.0709222659
0.0644239031
-0.0002791885
-0.0287424577
0.0174940866
0.0043244863
0.0572266033
0.0098628892
0.0733913446
-0.1876097239
0.0543029113
0.1207462382
0.0070007422
0.1448221267
0.1248389708
-0.1295710738
0.0278245129
0.1357069944
0.1573942370
0.0477534779
-0.0017989222
0.0651646895
0.2274286319
-0.1233153592
-0.0037595648
0.0475948012
0.0421358460
0.1977254653
-0.0164577232
0.0576458615
-0.1580244963
0.1969069163
0.0171348226
0.0363949711
0.0124649042
-0.0043859611
0.0831121389
0.0623050671
0.1558124042
0.1385067476
0.1745293118
-0.0097043389
0.0473382680
0.0947078504
-0.0112212099
0.1086503761
0.0537560801
0.0555902826
0.1221585456
0.0709921169
0.1476862445
-0.0156869096
0.0088561623
0.1755565295
0.0448149523
0.0939821583
0.1221083935
0.2352608524
0.1158074704
0.1769087699
0.0778204407
0.0985372354
0.1002474745
0.1342890475
0.1855438711
0.1703491554
0.1478007901
0.0971722627
0.2828859514
0.1043285400
-0.0008718615
0.1373238643
0.1490137008
0.0797230596
0.1675925927
0.1298274872
0.1505846580
0.0766422029
0.0939689042
0.1219551318
0.2816797278
0.0873653443
0.1184436901
0.2062767912
0.1459161633
0.2098861522
0.1113687654
0.1672152005
0.1846224467
0.0414587802
0.1461948407
0.1200413911
0.1152505720
0.1822227852
-0.0511589918
0.2473665249
0.2821331085
0.0934747581
0.2249157394
0.1107854793
0.1249054493
0.1354913855
0.3127556433
0.1848954602
0.2413905943
0.3029298193
0.2042736135
0.1791213760
0.2526282670
0.0037715437
0.3077428160
0.2210443040
0.2194155673
0.2817854464
0.3367049440
0.2962934903
0.2184860425
0.1608446174
0.1788536718
0.0783499016
0.2429807596
0.2326175368
0.2967749212
0.3215269075
0.3581261888
0.1250157442
0.0879886538
0.3098325554
0.2701691635
0.3272468465
0.1681608492
0.1482956193
0.3182397646
0.1618416950
0.2482977374
0.2870180453
0.2466468782
0.2145753661
0.2834627066
0.3562161517
0.3460512065
0.3656292476
0.2198646907
0.3187234057
0.2040571539
0.1767139951
0.1637710337
0.3491553376
0.0910492324
0.4073984214
0.1750170690
0.3000586517
0.4181804323
0.2215580915
0.3968574585
0.3933608193
0.3907027499
0.2848927040
0.1266245512
0.2997677476
0.1802929107
0.2530925880
0.2389037416
0.2880667738
0.3070830570
0.2461548021
0.3761421695
0.4064934200
0.3766000714
0.2543885755
0.5196058471
0.3123459210
0.4920518722
0.3504122221
0.2419048426
0.3852661247
0.3337791689
0.3104045567
0.4014629749
0.1754714157
0.2571942517
0.3738382627
0.4573128654
0.3154596295
0.3825003961
0.3594629357
0.2665442467
0.3339060323
0.4119446579
0.2977270761
0.3347634859
0.3647725273
0.4909543877
0.2652635861
0.1777702843
0.3925208828
0.4103436706
0.4354681594
0.2555348015
0.2774885974
0.3955357172
0.4060031566
0.3647107849
0.2818364686
0.4347274243
0.3259054329
0.3316268019
0.4360331768
0.4636529707
0.3581878019
0.3625882859
0.4104194063
0.2666217608
0.4685737505
0.4910111169
0.4595549899
0.3856212138
0.4105682768
0.4458411256
0.4880011026
0.4085742293
0.4074907218
0.5153853499
0.4692217500
0.3906239898
0.4922160474
0.4326532841
0.4066850068
0.5094438009
0.4073498929
0.4915474889
0.4842191582
0.3319710791
0.4596156851
0.4548020868
0.5050403058
0.4418090632
0.4459570746
0.4312950839
0.4590089879
0.4309394602
0.4628490338
0.4458667975
0.4933005742
0.3751070039
0.5280056996
0.4875461142
0.3080604041
0.3735583137
0.4492853151
0.4045841673
0.4248226984
0.5067812092
0.3344844133
0.4492543438
0.3660407235
0.5181880027
0.4803738294
0.5500750189
0.5820751213
0.4285604073
0.5403397544
0.6007678856
0.4057383726
0.4845163291
0.5569989389
0.6346368405
0.4461359329
0.6314783445
0.5954866212
0.4778114928
0.5443070428
0.5949426355
0.4526787148
0.4312152133
0.5526937430
0.4592320574
0.5139101802
0.5068415785
0.4710035638
0.6728539278
0.5335745003
0.5696443617
0.4376810445
0.5898709736
0.5194369610
0.5399010934
0.5117823102
0.6141550890
0.5459843242
0.5876099646
0.4322545519
0.6287091664
0.5480821704
0.4936789037
0.4558407985
0.7090184723
0.4640924411
0.5827857670
0.5952576018
0.6827176267
0.7540481244
0.5375277208
0.4785180481
0.5776529358
0.5655288292
0.5989366655
0.6222501869
0.5750887429
0.7903864641
0.6810722944
0.5644200421
0.6123255523
0.5719589813
0.6750807551
0.5920472679
0.7274134689
0.7653069860
0.6043092002
0.5705491267
0.5812684568
0.7270698468
0.8054714558
0.6059058769
0.6352217593
0.6823755843
0.5767072872
0.7586188877
0.6028890569
0.6418900014
0.6083301799
0.7785909336
0.6872615107
0.6927004005
0.6318515432
0.6239659140
0.7811966851
0.7073571144
0.6652610905
0.6524091031
0.5323398743
0.7491160043
0.6328222114
0.6373893492
0.7726994914
0.6046462349
0.6730378312
0.7202363716
0.7345198340
0.6650233357
0.8423811270
0.6525572343
0.7131042880
0.7148780584
0.5469218887
0.8094203800
0.7614833890
0.6304825073
0.6675821124
0.6247655147
0.6554869203
0.6279978495
0.6423381945
0.8003988649
0.7395674108
0.6989594233
0.7985733823
0.7332617987
0.7538506895
0.7664121411
0.7725449720
0.6869504267
0.7576441715
0.6076060766
0.8021723760
0.6995321448
0.5916004541
0.7854603788
0.7031657359
0.8433904595
0.7746722732
0.8528139847
0.7256220784
0.7201623216
1.0259876328
0.7032650437
0.8417074459
0.7587105009
0.8409940682
0.7424940377
0.7025199690
0.7592122376
0.8640723378
0.6467465377
0.6700573092
0.8350110439
0.8895645642
0.8567530699
0.7332386070
0.8531974578
0.7523124883
0.8257299391
0.7079011618
0.8468389000
0.8150768273
0.8625596133
0.8855014602
0.7889549921
0.7817734851
0.8501926538
0.6979288040
0.8091227455
0.8979320303
0.8149591644
0.8401627714
0.8048590099
0.7722374086
0.6775443868
0.7823582443
0.8077311139
0.8988878268
0.7988551180
0.8097013292
0.8786119551
0.8208288575
0.8619160374
0.7720173983
0.7113616884
0.7492950506
0.7069521698
0.8430073929
0.8456791303
0.8050497177
0.9720378622
0.7515703723
0.8580387722
0.7440273284
0.8616793095
0.8441576472
0.8543010035
0.7736708716
0.9486038993
0.8366255174
0.9777444541
0.9370521070
0.7932566317
0.8515120514
0.9357182369
1.0898484167
0.9251101145
0.8854716841
0.8751770176
1.0102594255
0.8334871225
0.8261568316
0.9450423725
0.9718751768
0.9552645654
0.9728080217
0.8645779806
0.9773749875
0.8916665892
0.7939563468
0.8077728859
0.9517535613
0.9450011758
0.8115604158
1.0304782545
0.7381108576
0.8780400013
1.0759170169
0.9964950655
1.0496798878
0.9966398425
1.0240455248
0.8311040862
0.9639648562
0.9158837382
1.1974833303
0.8588833817
0.8554212843
1.1108512891
1.0117442714
1.0055043731
0.9812350088
1.0662321027
0.9219894924
1.0244377753
1.0503972662
0.9420756819
0.8350524246
0.9662158021
0.8471410196
0.8933818648
0.9873380832
1.1006784485
0.9945495563
1.0034201769
1.0363740325
1.0062867111
0.8859937689
0.9182268771
0.9627460973
1.0007092609
1.0032806011
1.0838639224
0.9751292257
