-0.8879040017
-0.9990926521
-0.9928398261
-0.9264186212
-0.9627562990
-0.9465109831
-1.0264752685
-0.9101750858
-0.9705465336
-1.0019628523
-1.0348312910
-1.0002019559
-1.0880815666
-0.9693175491
-0.9670652142
-0.9437926765
-1.0135733753
-1.0238368120
-0.8897556265
-0.7413095884
-1.0003278858
-0.8522459555
-0.9370861357
-1.0094736189
-0.9318302006
-0.8827880799
-0.9643296675
-0.7909905485
-0.9843302049
-0.9009636308
-0.9823507193
-0.8545654804
-0.7697766156
-1.0517089973
-0.8631194330
-1.0083821694
-0.9254391921
-0.8121941211
-0.7600640387
-0.7885227761
-0.8956417621
-0.7486207690
-1.0392631273
-0.9434694599
-0.9486481456
-0.7037467331
-0.8403068861
-0.8694946460
-0.9389875379
-0.7919708285
-0.7962081802
-0.9079594408
-0.9631266429
-0.8442634482
-0.8773363686
-0.9942948901
-1.0566313335
-0.8128764772
-0.9595765647
-0.7809818056
-0.8547991947
-0.9713984060
-0.8392914641
-0.8201846202
-0.9353621121
-0.9194114584
-0.8582029331
-0.9036034572
-0.9102693504
-0.8295764785
-0.9226763434
-0.7625577976
-0.7263338533
-0.7678490187
-0.9717814575
-0.9471350830
-0.8237665252
-0.8402743329
-0.8334384954
-0.7892289376
-0.8001190503
-0.7462422208
-0.8020513444
-0.9891541417
-0.7334452664
-0.7240668113
-0.8042542101
-0.9695105245
-0.9582117920
-0.8070931996
-0.8348206756
-0.5461814529
-0.6711615921
-0.8854847639
-0.9107618427
-0.7686407346
-0.7941218064
-0.8237363415
-0.8121348443
-0.8313707332
-0.8467644287
-0.8298948078
-0.7306267704
-0.8467860521
-0.8473551162
-0.8114913895
-0.9183138223
-0.9724300091
-0.8796063504
-0.7174196601
-0.8214817428
-0.8568078350
-0.7588485956
-0.8051356775
-0.8418661691
-0.6668665366
-0.6750656880
-0.6268370891
-0.8097469261
-0.6196861407
-0.6133306127
-0.6787153840
-0.8009684338
-0.6694855487
-0.7448562751
-0.5716843892
-0.6009183520
-0.6172617026
-0.9223577739
-0.7130827901
-0.6946005180
-0.6704140260
-0.7205911484
-0.7560485939
-0.7055512584
-0.7960709173
-0.6227982276
-0.6922785666
-0.7241963548
-0.6643780316
-0.7624667877
-0.6684527188
-0.7112380160
-0.7968522389
-0.6376685390
-0.7781764106
-0.6856879567
-0.7306845349
-0.7798092406
-0.5331817211
-0.7001815666
-0.8100636710
-0.5724561865
-0.6589570669
-0.6727410325
-0.6640980637
-0.7207048778
-0.6004716369
-0.7045990058
-0.7967173644
-0.7995730891
-0.6015855547
-0.5319734071
-0.6787109580
-0.5677435952
-0.7324443602
-0.7264349875
-0.6979856632
-0.6155984304
-0.7962076859
-0.7287857927
-0.6569942062
-0.7023030744
-0.6524112605
-0.6019422872
-0.6850883379
-0.6374470568
-0.6217965307
-0.6749464983
-0.5804820524
-0.6323898309
-0.5041811367
-0.7206261788
-0.5835279743
-0.7163738071
-0.7175388476
-0.5183557546
-0.6354791851
-0.5895081150
-0.7011162162
-0.6725572021
-0.6877261029
-0.7012209691
-0.6899456300
-0.6620813834
-0.5698564017
-0.6335282573
-0.4525616807
-0.6192677060
-0.5827799926
-0.4990877431
-0.5477355451
-0.4967664313
-0.5181558436
-0.6013325121
-0.5732440590
-0.6980637347
-0.5037117478
-0.5524049840
-0.5300006504
-0.8236911954
-0.6653725858
-0.6119570267
-0.6194577265
-0.3834678350
-0.4524805437
-0.5352225216
-0.5479369739
-0.5503223355
-0.6057951753
-0.6073397309
-0.6254538249
-0.4945618651
-0.5584360219
-0.5920155159
-0.5091241373
-0.6335587244
-0.4954143729
-0.5619329037
-0.5382814588
-0.3356382952
-0.6056427519
-0.6026682182
-0.6071030323
-0.6295284997
-0.5398509961
-0.4938012682
-0.4840272713
-0.5570766962
-0.5195032107
-0.5513493574
-0.6036686796
-0.4592077894
-0.5204228732
-0.5097833125
-0.5338737321
-0.5489439466
-0.5177580935
-0.4550440355
-0.5308575243
-0.4317711555
-0.5412206212
-0.4607761314
-0.5020666044
-0.5538181677
-0.4928441520
-0.3015398649
-0.4448832101
-0.5977362503
-0.4037511897
-0.3563938991
-0.4574660359
-0.4505987839
-0.3672789893
-0.5212733006
-0.5867824818
-0.4931847092
-0.5105276320
-0.3913746237
-0.3944681615
-0.3826489955
-0.3924867521
-0.4266711245
-0.4356386376
-0.5695769398
-0.5109254182
-0.3955416773
-0.4498592314
-0.4164036831
-0.3679998821
-0.3039426013
-0.5604010255
-0.3921314692
-0.3469480612
-0.4658573785
-0.3944177306
-0.3999408450
-0.4269307403
-0.4565174446
-0.4181083759
-0.5066733784
-0.4830422477
-0.5307700071
-0.3737626095
-0.5474384512
-0.3100225782
-0.3451400812
-0.4357612347
-0.2650742422
-0.3710631370
-0.3738971257
-0.4171744160
-0.4402882105
-0.3287527924
-0.2717407630
-0.4582083549
-0.3760430371
-0.4292272465
-0.3538485431
-0.3062398285
-0.4679210298
-0.4074607317
-0.4707220680
-0.3298719665
-0.3564161328
-0.2987918372
-0.5399511552
-0.2753111513
-0.4020463762
-0.2439416955
-0.2861734642
-0.3361705220
-0.2341619787
-0.3191846202
-0.2898488808
-0.3907749409
-0.3949110234
-0.5137953572
-0.3417584965
-0.2802702324
-0.2849233077
-0.4350675266
-0.3535466833
-0.4261764462
-0.3359390690
-0.2382872398
-0.4104627926
-0.3379640892
-0.2660917032
-0.3396447725
-0.3295874977
-0.1931219296
-0.2186958271
-0.1122449769
-0.4297807324
-0.3791094492
-0.2939984801
-0.3245734804
-0.2870790269
-0.3153057176
-0.3047932230
-0.3506361828
-0.2105660366
-0.1971472539
-0.3706142289
-0.2079419681
-0.4259030559
-0.3224365667
-0.3932140380
-0.2772838304
-0.3077175408
-0.3212149885
-0.2249140866
-0.3868458318
-0.4861848881
-0.4428845921
-0.2537855548
-0.3349110477
-0.1175460799
-0.2960027734
-0.1948377203
-0.2085199799
-0.1824943033
-0.2456832754
-0.2871434576
-0.2064506639
-0.2678707953
-0.3310659999
-0.2068273083
-0.2275106880
-0.3433292427
-0.0795580149
-0.3243277651
-0.3885350697
-0.3112137265
-0.2828399964
-0.1355437126
-0.1434460012
-0.1229467276
0.0133574970
-0.2950776277
-0.3364776449
-0.1657166421
-0.2911798409
-0.1847837607
-0.2440903304
-0.1933540849
-0.2625641612
-0.2818982850
-0.3228511668
-0.2724736862
-0.1983806535
-0.1029526285
-0.1603422626
-0.1026211779
-0.1321489945
-0.3025170672
-0.0076257527
-0.2046428970
-0.1414509048
-0.1787184677
-0.1341359149
-0.0893519265
-0.0463646511
-0.2753533343
-0.2340785667
-0.1168205941
-0.3200204369
-0.1718825850
-0.2211000855
-0.3048216260
-0.2180039920
-0.0604518086
-0.0809085991
-0.0160068444
-0.1984258748
-0.1965478366
-0.1063475655
-0.0756078120
-0.0616253037
-0.1542669972
-0.1723370707
-0.1098390428
-0.0688037840
-0.0377384150
-0.1601739842
-0.0470444020
-0.0329380321
-0.2577938473
-0.0609477984
-0.0230690875
-0.1076555963
-0.0995337518
-0.0256557585
-0.0107185816
-0.1202714874
-0.0676581951
-0.0609787956
-0.1238831169
-0.0240986065
-0.0178552557
-0.1274805349
-0.1600243608
-0.0120340268
-0.1151967048
-0.1197110873
-0.1228212822
-0.0161910115
0.0196377708
-0.1250746230
-0.1278369155
-0.0841041118
-0.1350958163
-0.1440729234
-0.0811442747
-0.1337493556
0.0059758067
-0.0217899010
-0.0638547458
-0.1208049367
-0.1676842319
-0.1436832183
-0.1533124715
-0.1433614825
-0.1132002106
-0.0146264352
-0.0180769757
0.1089719786
-0.0528104561
0.0301765354
0.2241653234
-0.0194780373
0.0100584028
0.0775549409
0.0515325812
-0.1590653595
-0.1643762668
-0.1148386009
-0.0290522383
0.0823386290
-0.0782242672
0.0506901851
0.0090351051
0.0001592606
0.0753105261
-0.0474697146
-0.0272816149
0.0027915696
-0.1339028090
-0.0953551370
-0.0776788991
0.0632729600
0.1456918324
-0.0304762984
-0.0759077989
0.0458722698
-0.0875639299
0.0779278305
-0.1379773713
0.0236566169
0.0228725813
0.1827447447
0.0358324904
0.0264000322
0.0100414595
0.0960089091
-0.0192715486
-0.1533426803
0.1059249966
-0.1535467386
-0.0456701779
-0.0022403333
0.1356169124
-0.2447420781
-0.1099096915
-0.0290737624
-0.1273486400
0.0886496002
-0.0529785061
0.0418269756
0.1040691509
-0.0496029572
-0.0481608517
-0.0746922821
0.0877038444
0.1154914609
0.0297352613
-0.0210071634
-0.0229747145
0.0827640027
0.1003390514
0.1032174999
0.0883211135
0.3242310420
-0.0845076582
0.2536143030
0.1638222240
0.1407500517
0.0379567692
0.0864649298
0.1730421445
0.0202269499
0.0713543506
-0.0281892038
0.1247669326
-0.0607585866
0.1620837079
0.1448686123
0.1032995239
0.0935684091
0.1023096745
0.1221085670
0.1704612361
0.1409698966
0.1004202479
0.0948182338
0.1555042467
0.0558014090
0.1615928649
0.1293983594
0.2658995165
0.0474547523
0.1966263132
0.1635121700
0.0174851193
0.1383441541
0.0358285644
0.1418446423
0.2104599826
0.2783135423
0.1196505566
0.1906272688
0.1774639768
0.2346199625
0.0820941389
0.1156022766
0.2665591471
0.1861682476
0.0983916554
0.1611090130
0.2259739292
0.3085216185
0.2817277229
0.1905260870
0.2751770687
0.0641658245
0.2252862213
0.2713608573
0.2403955413
0.1880786078
0.0253180953
0.2359321993
0.1600911834
0.3112661221
0.2623545509
0.1435382234
0.1931244270
0.2868249514
0.1143747552
0.2580861040
0.1355818170
0.1440715786
0.3347699025
0.2865084269
0.2523126226
0.1940158185
0.2399028809
0.0766101067
0.2808245493
0.3959499300
0.3763638353
0.1273039521
0.3942556557
0.1961470632
0.2913701800
0.2074940819
0.1892675466
0.1592476392
0.2454289411
0.2736371813
0.4221730590
0.2443690958
0.1464035161
0.1970159573
0.3197152578
0.2508278423
0.3523083175
0.2944134044
0.3267518578
0.2811535208
0.2483190422
0.1294834212
0.2535236672
0.1412086750
0.3106705179
0.4171731542
0.3798344511
0.1875299726
0.3601151402
0.4818402667
0.1860162656
0.2831759961
0.1409228549
0.2975361307
0.2045544255
0.2384151252
0.3267735830
0.2177438616
0.3021240217
0.2503281069
0.3086195806
0.3765203219
0.2613120418
0.2141930444
0.2407135267
0.2929919865
0.3324243636
0.3275428511
0.2071041491
0.3288458465
0.4417715721
0.3006466798
0.3637451505
0.2855212186
0.2324771743
0.3094896789
0.4663342073
0.3121539328
0.3350598244
0.3998861174
0.3875123671
0.3036171060
0.2594569194
0.3054086494
0.4242388436
0.3975273548
0.4680581117
0.4155807906
0.5103336310
0.3799925432
0.3313843347
0.4107041540
0.3160668591
0.3977484343
0.2115531842
0.4483072248
0.3976656657
0.3373481379
0.4816513826
0.3088921404
0.4118959430
0.3300406331
0.5071225742
0.4254663119
0.3200839328
0.5292535057
0.3982922546
0.3699098308
0.4302270397
0.4138873719
0.4323348106
0.3487052332
0.3658463269
0.4336291746
0.3656244817
0.2376622727
0.4591717827
0.4212835856
0.4445626778
0.4196233786
0.5051415649
0.4057627635
0.4067710096
0.6055634217
0.5108464762
0.4867524030
0.4952267864
0.5230676965
0.5148791177
0.3685014603
0.4843716557
0.5494936385
0.3296530729
0.5412279748
0.6222809184
0.5412795022
0.3325085601
0.3985109568
0.4813586416
0.5725833445
0.6108307677
0.5233053239
0.5119176440
0.4343122496
0.3983215547
0.5319788479
0.5576002178
0.4945802997
0.6207860725
0.5772892344
0.3977078113
0.6514193349
0.5092361091
0.5061057644
0.5488332137
0.4963244934
0.5227660348
0.6546317135
0.5511669561
0.4242541454
0.5551774424
0.5340161948
0.5343191551
0.5890448395
0.5175276854
0.7671169620
0.5165290289
0.5323235222
0.3503479966
0.4846767395
0.4547469556
0.5286046009
0.5600458504
0.5878521857
0.4058638893
0.6485619984
0.5561255888
0.4841029725
0.7194632113
0.6195470953
0.6294820338
0.7294049427
0.5215026350
0.5953896506
0.5770888535
0.4628889055
0.5981576157
0.5925853689
0.6440112616
0.6727762934
0.5318638384
0.4435538925
0.5300124021
0.4880801377
0.4605320556
0.6866170558
0.4265950371
0.5150458016
0.4377894238
0.5821608519
0.6559384979
0.5891616508
0.6359369311
0.6825772038
0.5019903263
0.5657578622
0.6878254166
0.5988814268
0.5524477293
0.5507997989
0.7518422362
0.5634637319
0.5623575875
0.6318297353
0.6342438531
0.4680614900
0.6191991106
0.6214646359
0.6530349846
0.7842167439
0.4564330852
0.5905051265
0.7360494082
0.7692735502
0.5846451299
0.5288725091
0.5951560124
0.8693999943
0.6380117227
0.6210413919
0.7604043004
0.5612191158
0.7136112901
0.7446925534
0.6233800846
0.6759290582
0.6704656489
0.5859027766
0.7204640031
0.7693020936
0.7342672885
0.6381660057
0.5862135741
0.6992871655
0.5797341598
0.7701450161
0.7012210336
0.6868244419
0.7354782616
0.8044048214
0.6828860109
0.7424911472
0.6443545102
0.5551692523
0.7193856740
0.6139448942
0.6983673120
0.6185851192
0.7348134391
0.7892718753
0.7540973515
0.6639011592
0.6393838466
0.6536054775
0.8218869833
0.7649808451
0.8440161107
0.9064473389
0.8230259402
0.7599505164
0.6624018602
0.7174187101
0.6117803241
0.7279426395
0.8350411413
0.8643792311
0.8377747531
0.6856213909
0.6469375042
0.8318212877
0.7766538079
0.7498619998
0.7436270048
0.7668301079
0.8249271264
0.7084771366
0.9027291552
0.8138756225
0.8308899100
0.7282698416
0.8066834174
0.9362511499
0.6846737656
0.7232530142
0.8164364674
0.8084732113
0.6761799401
0.7848823568
0.7868563659
0.8347989424
0.7062203817
0.6925714774
0.8320604324
0.7705276465
0.7991235180
0.9482368737
0.7634208914
0.8348957772
0.9062282545
0.8097282772
0.9213501889
0.7696765516
0.9122603027
1.0172154337
0.7663996033
0.8053801342
0.8172213884
0.9079572482
0.8601308007
0.8225512014
0.8314111074
0.7789822640
0.8779599868
0.8393638873
0.8435752817
0.9347422808
0.8705724628
0.7821989012
0.9418941728
0.8262670441
0.8238300444
0.7456058898
0.9928286381
0.7712750816
0.9121843382
0.8583880666
0.8528533695
0.9378622342
0.9494983713
0.8852130783
0.9931543744
0.8348668820
0.8202569935
0.9316990885
0.8135379915
0.9097358763
0.7520150930
0.9576800974
0.9870117357
0.8286495797
0.8114366118
0.9638965624
0.8742020730
0.9664028878
0.9025669446
0.7945341184
0.8293398574
0.8457440318
0.8182455928
0.9547256000
0.9332194337
1.0117620388
0.8686799370
0.8588961151
1.0349280535
1.0800280831
0.9621226214
0.8904931028
0.8558744392
1.0181353561
0.9116234470
0.9823707796
0.9081489093
0.9147541900
0.9112576064
0.9079219741
1.0065508493
1.0005758709
0.9168807679
1.0555704752
0.8878912892
0.9461853986
0.8835193339
1.0337789287
0.9459276519
0.9032524562
0.9954037051
0.9530468211
1.0356517782
0.9968929895
1.0499677516
1.0871573592
1.0637987725
0.9907314810
1.0617214381
0.9119613928
1.0867958092
1.0416576166
1.0168996471
1.1450160765
