-0.9733109677
-0.9381495964
-1.0128921070
-0.9779497667
-1.0636903824
-0.9043032324
-1.0613881292
-1.0074085973
-0.9008818374
-0.9280031871
-0.9694844154
-0.9243101994
-0.9901628211
-0.9757376050
-1.1123039731
-0.9498084549
-0.9879805058
-0.9148651535
-0.9913058933
-1.0765887247
-1.0693861093
-0.8552023773
-0.8410042817
-0.9112359878
-0.8896935118
-0.9292725461
-1.0066783846
-0.8698417144
-0.9195258379
-1.0192777629
-0.9024462676
-0.8212625826
-0.9360949660
-0.6021657061
-0.9409309146
-0.8199557861
-0.7946065141
-0.9666525239
-0.9116025074
-0.9388211608
-0.9548825939
-0.9626269222
-0.8114370377
-0.9358355891
-0.9743850656
-0.8555053315
-0.7651152919
-0.7558247019
-0.9157316465
-0.9088406600
-0.9635945933
-0.8625896930
-0.7577066124
-0.8011895762
-0.9512172640
-0.9816826830
-0.7988121892
-0.9408550021
-0.8274400542
-0.9398775698
-0.7684280588
-0.9000434677
-0.8603007631
-0.8223517849
-0.7691608303
-0.8400962793
-0.9446593947
-0.8578808556
-0.9496553237
-0.8367354956
-0.8302534017
-0.7766562921
-0.8584332917
-0.8875727243
-0.9901762279
-1.0369673816
-0.9189211717
-0.8805275434
-0.9865815401
-0.9808420904
-0.8725061699
-0.7426825230
-0.7502153500
-0.8489686769
-0.7118435733
-0.8252214532
-0.9081936737
-0.8376693962
-0.8102704844
-0.8296524498
-0.9012101921
-0.7737591713
-0.8176266357
-0.9080685469
-0.7775262395
-0.7083866988
-0.7918652620
-0.8439315763
-0.8857770437
-0.9238696297
-0.8855995130
-0.8328133215
-0.7594796779
-0.7081930773
-0.7808739162
-0.7134359199
-0.6435928216
-0.7643185954
-0.7669263402
-0.8216674409
-0.6897297824
-0.8039881493
-0.7890388356
-0.7118046892
-0.8767775422
-0.6792627929
-0.7742737747
-0.7754935970
-0.6298455835
-0.8395245762
-0.6693527373
-0.7106632099
-0.6881362176
-0.6957988357
-0.5848417235
-0.8505327217
-0.7137657721
-0.7491896325
-0.9190551236
-0.7924323838
-0.7415719326
-0.6538778807
-0.7934191744
-0.8182344840
-0.7703765473
-0.6361214112
-0.6790937428
-0.7834060873
-0.7965499320
-0.8642305544
-0.6775721621
-0.7709309849
-0.6088798511
-0.7554868527
-0.6227344098
-0.7242752374
-0.6439294481
-0.7251407492
-0.8679501472
-0.6254469782
-0.5072043826
-0.6715472578
-0.8709403732
-0.7609699498
-0.6745815996
-0.7385570949
-0.5477227087
-0.7893120313
-0.7194567995
-0.5990468038
-0.7465309093
-0.7394919456
-0.7111670666
-0.6490168366
-0.5330087463
-0.6238641959
-0.6036657350
-0.5957881766
-0.6367238048
-0.7006599971
-0.7195192050
-0.5935710692
-0.6232344251
-0.6738741755
-0.6226526271
-0.5955473699
-0.5612499334
-0.7043288911
-0.7102913241
-0.5795968750
-0.6677180603
-0.6202546998
-0.6210730539
-0.6766996432
-0.5638184103
-0.5564926524
-0.8336290229
-0.4945839022
-0.6714735247
-0.6017313920
-0.6207619007
-0.5166689804
-0.5967627224
-0.6279671159
-0.7298712262
-0.7500178834
-0.6626842778
-0.7437687427
-0.6170545338
-0.5749313452
-0.5490627009
-0.6950348685
-0.5496923963
-0.6137841635
-0.5407684917
-0.6313169934
-0.6332130704
-0.5911652960
-0.6034463792
-0.5115434897
-0.5595082108
-0.4717639866
-0.4580770105
-0.6321495156
-0.5762627362
-0.6230643374
-0.4362214225
-0.5737662177
-0.6310687465
-0.6477236782
-0.5599182929
-0.4155190665
-0.5794299046
-0.5526488835
-0.5656217799
-0.5392816915
-0.5879349878
-0.6126894626
-0.5019177250
-0.7254727316
-0.4768885533
-0.5496379586
-0.4046365507
-0.6134526628
-0.4716712721
-0.6272799155
-0.4391610434
-0.5540493695
-0.4912748302
-0.7170905394
-0.6366462147
-0.6350428479
-0.5008927220
-0.6403259958
-0.5879651110
-0.5562950795
-0.3861892115
-0.5105656783
-0.4173617229
-0.4814464794
-0.4645619845
-0.4849375500
-0.4413606117
-0.4863230384
-0.4158880665
-0.5138192380
-0.5922010639
-0.4610724678
-0.4156708850
-0.4560180545
-0.4632802817
-0.5102480451
-0.3357338613
-0.5257149989
-0.4559228022
-0.4943868385
-0.4816083369
-0.4721565417
-0.5398592502
-0.5225709914
-0.3335548138
-0.4063200835
-0.4722710805
-0.5593343900
-0.4964720083
-0.4844355492
-0.3796710284
-0.3212509815
-0.5856405857
-0.4068229769
-0.4271670997
-0.4720102008
-0.4055254185
-0.4095968641
-0.3741760412
-0.3571950497
-0.4044423918
-0.4775924391
-0.4794978430
-0.3603505789
-0.4473049503
-0.3977216710
-0.2987082465
-0.3344216032
-0.4954136584
-0.5293218287
-0.3785486318
-0.2851450620
-0.4140759388
-0.4849786783
-0.3921139864
-0.3388720145
-0.4236806633
-0.5679309577
-0.3828943794
-0.5816316623
-0.4236160739
-0.3121942781
-0.3541273995
-0.4087063684
-0.4956951696
-0.4725355554
-0.3440337017
-0.4532362889
-0.2314230473
-0.4203017011
-0.3710732178
-0.3936815513
-0.3605395303
-0.3620078833
-0.3088815112
-0.4228830988
-0.4371473648
-0.2013052137
-0.4255407140
-0.4224790266
-0.3788918634
-0.4184414378
-0.2349671358
-0.3142160575
-0.2190889147
-0.3146195775
-0.2527337940
-0.3339448025
-0.3568097646
-0.3092851220
-0.2304034941
-0.2958493676
-0.3084107689
-0.2807101958
-0.2812337712
-0.2548389139
-0.2620814918
-0.4631161962
-0.2897745960
-0.3508000434
-0.2507057863
-0.4155843975
-0.2501312297
-0.3801699282
-0.2690742306
-0.3931325252
-0.3451038943
-0.2865510465
-0.3768738557
-0.2846243598
-0.2515472857
-0.2965418361
-0.2643502993
-0.3607190270
-0.1945487659
-0.4320005389
-0.2320125909
-0.2436113666
-0.2193267500
-0.1964202345
-0.3889694533
-0.2711365244
-0.0822307608
-0.3686709803
-0.1762661542
-0.2866542927
-0.1296727941
-0.3003487165
-0.2299924364
-0.2307420595
-0.3129018772
-0.2596953523
-0.1252927471
-0.2516258142
-0.1471453222
-0.1451720673
-0.1873645914
-0.1036748268
-0.2302125762
-0.2504964669
-0.2409920087
-0.0628858408
-0.2989216556
-0.2971256843
-0.1400617625
-0.2667402183
-0.2930530695
-0.2343914331
-0.2248790918
-0.1730890094
-0.2763259605
-0.2589365913
-0.3005911957
-0.1841649617
-0.2827240506
-0.2062742115
-0.1831210075
-0.3266088966
-0.0651218724
-0.2011833420
-0.0611277385
-0.2650778065
-0.3409549593
-0.1787202274
-0.0478592211
-0.2087249323
-0.0906982377
-0.2091299654
-0.1060921635
-0.1795646225
-0.2625422315
-0.0368209396
-0.2225282152
-0.2569190986
-0.2603621139
-0.1807083999
-0.0842084479
-0.3039012237
-0.0685131300
-0.2590111474
-0.1581268337
-0.1629149685
-0.2142386985
-0.0075128535
-0.2206978664
-0.2711804243
-0.1897654783
0.0149876067
-0.0110687100
-0.0849616081
-0.1752246393
-0.0717245971
-0.1378432320
-0.0616086090
-0.0432839617
-0.1620287231
-0.1808120687
-0.2230173756
-0.1995391533
-0.1146571041
-0.1684602694
-0.0959639464
-0.0322800076
-0.1753946563
-0.1509433928
-0.1735861364
-0.0304474215
-0.1030039012
-0.0868557438
0.0459086894
0.1124935777
-0.0067852525
-0.0439081092
-0.0939972906
-0.0484831886
-0.1317063620
-0.2231057130
-0.0366081968
-0.0741450336
-0.0181058682
-0.0518576781
0.0951714175
-0.0019910367
0.0049181489
0.0431579024
0.0309848029
-0.1512946814
-0.0383163136
-0.0151520235
-0.0053352608
-0.0597482120
0.0539977160
-0.0625031718
-0.1457408012
-0.0619079697
-0.0664088282
-0.0810618290
0.0784676892
-0.1745427683
0.0681066250
0.1071507104
-0.1204610220
0.0713820667
0.0433855289
0.0757109385
0.1214834719
-0.0327999751
0.0860483179
0.0576567314
-0.0006018375
-0.0189150013
0.0035014652
0.0174966716
0.0666145025
0.0117648687
0.0778701847
-0.2090180324
0.0681064857
0.1159526044
-0.0076580032
0.1422434559
0.1229506702
-0.1243660406
0.0407510777
0.1371322964
0.1506756250
0.0472731386
-0.0097528333
0.0710436666
0.2190527487
-0.1213842568
-0.0179372020
0.0268129140
0.0326845927
0.1886195630
-0.0090275033
0.0466743065
-0.1445648414
0.1950718109
0.0222480992
0.0288335498
-0.0001899054
-0.0066015981
0.0660840440
0.0690974023
0.1446725732
0.1593812991
0.1770401073
-0.0228821881
0.0628010484
0.0862523457
0.0103463909
0.1134558521
0.0529251053
0.0602818855
0.1079306972
0.0698946164
0.1408835003
-0.0134873603
0.0187516802
0.1655118370
0.0534575177
0.0889987578
0.1196565127
0.2520960513
0.1295625690
0.1943799395
0.0909326490
0.0988291570
0.1063939053
0.1292217080
0.2022780369
0.1626994590
0.1639221369
0.1120162947
0.2744545202
0.1423467965
0.0003854517
0.1110078075
0.1597996141
0.1009486939
0.1674819177
0.1360276393
0.1691860087
0.0622927309
0.0683769895
0.1314934416
0.2736977558
0.0761553858
0.1284373854
0.2094973782
0.1652287527
0.1915581846
0.1439034529
0.1409743098
0.1829275386
0.0292774453
0.1379036688
0.1060476172
0.1185644561
0.1670095311
-0.0637309892
0.2371897494
0.2847093207
0.0744237663
0.2330522941
0.1118594034
0.0953881214
0.1369280375
0.3360851624
0.1911001058
0.2344537182
0.3178448521
0.2194932425
0.1783311555
0.2387758211
0.0167844079
0.3129063965
0.2018576796
0.2005298404
0.2865031627
0.3595955500
0.2823264108
0.2617828205
0.1395689977
0.1920492924
0.0875299013
0.2485037463
0.2380888045
0.3025528364
0.3364467379
0.3571210530
0.1211265408
0.0837995878
0.3215661816
0.2796499732
0.3520194967
0.1809229500
0.1589301180
0.3279888874
0.1880932293
0.2405275947
0.2790531490
0.2715220610
0.2127766305
0.3009401720
0.3263440324
0.3474476410
0.3482603098
0.2208085624
0.3178774973
0.2107402524
0.1890296615
0.1398382903
0.3518103759
0.1092903684
0.4136506195
0.1700222906
0.2815641285
0.4254997283
0.2308016367
0.3943458567
0.3965075437
0.4024074803
0.2537869229
0.0930024858
0.2732624453
0.1709419328
0.2539436161
0.2449227640
0.2681369189
0.2900794400
0.2585753099
0.3881255242
0.4101641057
0.4013823381
0.2478458369
0.4953235004
0.3157906364
0.4754034590
0.3472243819
0.2201557398
0.3791971458
0.3360928281
0.3119054718
0.4019283592
0.1983491065
0.2579447171
0.3626332867
0.4555253028
0.2964278811
0.3793205223
0.3635060044
0.2833948503
0.3297723916
0.4261023710
0.2890201880
0.3341132489
0.3788604423
0.4988324775
0.2463378280
0.1701763134
0.4028507747
0.4166934323
0.4368006678
0.2488258774
0.2924150024
0.3731110127
0.4148124051
0.3772666828
0.2993677445
0.4548252063
0.3159592013
0.3161830974
0.4411766934
0.4547880804
0.3575295181
0.3683459300
0.4163278153
0.2695403208
0.4262757303
0.5001484445
0.4359796352
0.3608812298
0.3974426351
0.4400629306
0.4746870676
0.4177899135
0.4239411755
0.5338161846
0.4650518437
0.3845669300
0.4715826655
0.4409856073
0.4331051540
0.5333856597
0.3750618290
0.4755989947
0.4914037570
0.3491473619
0.4510649579
0.4204204471
0.4986657250
0.4700384675
0.4430304334
0.4446520647
0.4339286056
0.4628156008
0.4651121710
0.4594289195
0.4961560840
0.3879320080
0.5228441110
0.4754743359
0.3313406104
0.3992296335
0.4284585902
0.4033151894
0.4168009643
0.5145401381
0.3317663071
0.4423142558
0.3721273843
0.5033985279
0.4726165525
0.5755585656
0.6015274455
0.4471426924
0.5530309269
0.6068458152
0.3813662455
0.4555414585
0.5713013269
0.6420729877
0.4333880002
0.6379136426
0.6155324666
0.4768103383
0.5306669397
0.5957935400
0.4564974901
0.4445708917
0.5639321687
0.4662916285
0.5234274457
0.5087923526
0.5197145837
0.6426322746
0.5116642702
0.5809067680
0.4624808401
0.5752423219
0.5116577258
0.5857429437
0.5262215056
0.6329191265
0.5312771781
0.5758645135
0.4286056903
0.6489831738
0.5493276593
0.4939356587
0.4524909611
0.6902441355
0.4591597116
0.5788869330
0.6276592137
0.7052860796
0.7174662813
0.5544561070
0.4768848163
0.5891477548
0.5472443565
0.6027766323
0.6193522718
0.5643562664
0.7841882472
0.6778472087
0.5553335696
0.6034989736
0.5589875067
0.6717299177
0.6244425227
0.7032025134
0.7659081537
0.5945013733
0.5779123162
0.5918480720
0.7339028770
0.7993673318
0.6253554050
0.6425623957
0.6678844487
0.5849231938
0.7768731278
0.6010134192
0.6474258062
0.6029968841
0.7814543763
0.7174456115
0.6605865016
0.6340773216
0.6145279345
0.8018446907
0.7189930869
0.6525042050
0.6655140776
0.5352417838
0.7444525311
0.5950406214
0.6326976060
0.7458929766
0.5989650055
0.6806588728
0.7165889293
0.7280657105
0.6739177656
0.8315959683
0.6426037808
0.7176038943
0.7042596087
0.5546799034
0.8008427855
0.7516356335
0.6361011994
0.6369396677
0.6319819414
0.6472365805
0.6120253439
0.6521737072
0.8024985745
0.7218660860
0.7190179902
0.7861806833
0.7511110404
0.7530501320
0.7578895963
0.8002189491
0.6750355492
0.7335215770
0.6044240922
0.8132267176
0.7052951176
0.6064342306
0.7479774175
0.6993883596
0.8500572258
0.7416389704
0.8241138274
0.7154435900
0.7022215073
1.0111805686
0.6919920306
0.8228170087
0.7576192450
0.8339057278
0.7322539757
0.7055642082
0.7478545972
0.8775629834
0.6386759594
0.6709432342
0.8234927942
0.8816944137
0.8288998425
0.7043285186
0.8528745254
0.7624936525
0.8635930129
0.7031278923
0.8624974738
0.8142341604
0.8774391732
0.8851820815
0.7771453601
0.7763907394
0.8439569045
0.7117573609
0.7849174658
0.8862956236
0.8168262403
0.8054454099
0.8070601574
0.7867692245
0.6951096626
0.7609451970
0.8005997766
0.9296625141
0.8039843149
0.8138038551
0.8741599966
0.8150204417
0.8485205372
0.7936842700
0.7283027473
0.7656862991
0.7172580718
0.8658801746
0.8598592551
0.7983106057
0.9817630735
0.7546542329
0.8691965647
0.7504060848
0.8739194429
0.8421390951
0.8806812488
0.7677655079
0.9402563386
0.8409366584
0.9830890379
0.9508032060
0.8084392813
0.8875410966
0.9319052848
1.0736443674
0.9553815181
0.8814723553
0.8527101662
1.0131442362
0.8092289954
0.8122914472
0.9376050065
0.9829795301
0.9309948928
0.9737341753
0.8511084097
0.9759447368
0.8812399329
0.8014726011
0.8060570151
0.9594240088
0.9424805825
0.8072158587
1.0542395113
0.7343385377
0.8564207052
1.0733059722
1.0034953946
1.0522770917
0.9920467153
1.0311103990
0.8533192650
0.9779242326
0.9116421086
1.1859643133
0.8751800468
0.8680140926
1.0832186925
1.0023298331
0.9776223713
0.9848290073
1.0475143187
0.9242582100
1.0046010507
1.0382563462
0.9530024573
0.8225416969
0.9391296198
0.8632928126
0.9008850943
0.9850227153
1.0633832194
1.0055892118
0.9977664867
1.0193185931
0.9847367137
0.8799421053
0.9264119197
0.9603232728
0.9986122615
1.0072107093
1.0855454598
0.9776840749
