-0.9990657212
-0.9740385857
-1.0149103195
-1.0437244260
-1.0313966161
-1.1293165840
-1.1130660477
-1.0062625954
-1.0539707117
-1.0419288512
-0.9196101060
-1.1236074166
-1.0486264253
-0.9608826194
-0.9467330195
-0.8874716013
-1.0818402034
-1.0159521505
-0.9986092282
-0.9621569375
-0.9722241857
-0.7882099256
-1.0656129570
-0.9364154464
-0.9274091514
-0.9119261899
-1.0254519798
-0.9941761042
-0.9613756054
-0.9772048808
-0.8811099835
-0.8843576473
-0.9725034485
-0.9332260872
-0.9909889930
-0.9099932648
-0.9706779917
-1.1009844207
-1.0569073642
-0.9837626325
-0.9310536164
-0.8864148788
-0.9274443027
-1.0464839965
-0.8647827325
-0.9324267241
-1.0155981786
-0.9458258016
-0.8155745818
-0.8406603767
-0.9684797817
-0.9050566689
-1.0039958023
-0.9011339104
-0.8933080863
-0.9313620220
-1.1249838678
-0.9360173314
-0.8975657977
-0.8983783185
-0.8338383104
-0.9273762977
-0.8063154002
-0.9033163977
-0.8672214405
-0.8366763953
-0.8500771713
-0.8898600786
-0.8640163282
-0.9348709520
-0.7571332696
-1.0584131164
-0.8812813735
-0.7705479225
-0.7034954359
-0.8563925283
-0.7055242526
-0.8306403472
-0.9381066094
-0.9210331373
-0.9571216678
-0.8916178022
-0.7712538141
-0.7966098390
-0.7426160650
-0.8463840708
-0.7881953051
-0.7268896880
-0.8516730418
-0.7261586479
-0.7953385625
-0.6642295715
-0.8125573066
-0.9540462888
-0.8490941298
-0.8460989900
-1.0303515622
-0.6856851522
-0.8467628360
-0.7334410448
-0.7825452757
-0.9252680268
-0.8178337674
-0.8462943398
-0.7958925537
-0.8117903087
-0.8031824796
-0.8995182513
-0.8640574188
-0.9306268684
-0.7144654438
-0.8386651827
-0.8055870257
-0.6453588086
-0.7146743106
-0.8735655303
-0.7879551878
-0.8532434918
-0.7250487106
-0.8139504678
-0.7437908654
-0.6744541622
-0.6896567001
-0.7691008702
-0.6939073927
-0.8130657703
-0.7493516510
-0.6976619600
-0.8393143145
-0.7128518946
-0.7305121156
-0.6259871191
-0.7299269344
-0.8799897238
-0.8674439759
-0.7190817512
-0.6969249118
-0.7445883672
-0.6470779548
-0.9212567314
-0.7710417212
-0.7166071077
-0.7926258188
-0.6138456808
-0.6269273651
-0.8010973694
-0.6872734321
-0.6491635620
-0.7004705832
-0.6120274190
-0.5823055914
-0.8511038225
-0.8914229342
-0.6706118382
-0.8639558237
-0.6973207238
-0.6565831060
-0.6605097817
-0.7250480667
-0.7852210919
-0.7653097796
-0.7829369153
-0.7525543679
-0.6815534748
-0.7270411298
-0.4744885435
-0.6779052592
-0.5119982317
-0.5741626531
-0.6754542015
-0.7019579099
-0.7368609211
-0.6242390644
-0.8297150439
-0.5823637410
-0.7912188395
-0.6486189942
-0.9049143105
-0.6816591563
-0.6827759386
-0.6431638027
-0.5635592883
-0.5044394305
-0.6359095304
-0.4551150140
-0.7174031977
-0.6216261692
-0.7263298841
-0.5370123286
-0.8448004484
-0.6017443209
-0.6790915192
-0.7077326860
-0.5933926026
-0.6061525832
-0.6136452000
-0.8022862605
-0.6437313105
-0.6766982121
-0.7093905228
-0.5307141331
-0.6451584929
-0.6401691242
-0.7139955179
-0.5804035574
-0.6458147458
-0.5357457328
-0.4883020434
-0.4488321350
-0.7238348689
-0.5861280484
-0.5117515907
-0.6523441285
-0.5623230203
-0.4755306129
-0.6564687930
-0.6251362557
-0.6893304210
-0.4983186736
-0.6119139095
-0.5760323307
-0.6120018003
-0.4306211633
-0.5300144410
-0.4412438753
-0.5032114491
-0.4841010261
-0.5649131023
-0.5877842353
-0.4867643960
-0.4301388583
-0.5849151467
-0.6275778318
-0.6112855992
-0.5185063282
-0.5547760033
-0.6309148831
-0.5308116784
-0.5629393020
-0.6337701346
-0.5951335462
-0.4744200497
-0.5828297344
-0.5078793352
-0.6508755868
-0.5232367080
-0.5524662799
-0.3798159033
-0.4932725687
-0.6373609771
-0.6414392582
-0.5532516148
-0.4814123839
-0.5697529852
-0.4403070481
-0.5037672503
-0.6024648469
-0.3894466724
-0.3940516696
-0.6069995934
-0.3579426393
-0.4442670304
-0.4749200325
-0.4453219710
-0.3526840751
-0.4972880033
-0.4832353881
-0.3192348289
-0.3214060080
-0.3677065865
-0.4572528319
-0.4621205514
-0.4043905992
-0.5060850160
-0.3880717107
-0.4894611945
-0.4325122680
-0.4048858584
-0.3978447337
-0.4592829546
-0.4632733697
-0.3426096758
-0.4531919376
-0.4701381915
-0.4141008931
-0.3227153905
-0.4162802859
-0.5121611367
-0.5160511738
-0.3523421814
-0.4185308083
-0.4297931977
-0.3111681585
-0.4685681776
-0.4276737157
-0.3813479712
-0.4542747208
-0.4917721501
-0.4281668756
-0.4011328099
-0.3844035831
-0.5298933450
-0.3820870886
-0.2717180018
-0.5209650834
-0.3424338427
-0.3454084409
-0.3985899567
-0.4429038584
-0.4535961080
-0.3201204327
-0.4281496522
-0.3788060015
-0.4063228583
-0.4458431887
-0.3524697177
-0.5108743150
-0.4050131797
-0.1463921791
-0.3753428025
-0.2087638387
-0.4159450514
-0.3838636951
-0.2854481644
-0.5200436773
-0.3032339500
-0.4268278348
-0.3502608743
-0.2723598178
-0.4760149283
-0.3455451434
-0.2425182276
-0.2519126981
-0.3899500445
-0.4250468798
-0.3680684918
-0.3620167843
-0.3495746451
-0.1645562356
-0.4221137733
-0.3438385754
-0.1996971509
-0.3047559155
-0.3408189805
-0.6055411078
-0.3846532494
-0.3677208311
-0.3024257302
-0.1774337619
-0.2433622044
-0.1273490444
-0.3520514549
-0.3587810559
-0.3234099680
-0.4398773853
-0.3903318834
-0.1851698834
-0.2764533899
-0.3799913403
-0.1661147382
-0.2572808279
-0.3409099930
-0.3887520621
-0.1244482275
-0.2387847820
-0.2467668361
-0.3082629270
-0.2879686337
-0.1985465401
-0.2727671981
-0.3072102765
-0.1908161442
-0.2844923045
-0.1912335867
-0.2279917993
-0.2625210017
-0.2172357779
-0.3213523267
-0.2559373959
-0.2616481306
-0.2566979578
-0.3028187285
-0.3337726253
-0.3139085721
-0.2286015204
-0.2075560278
-0.2173499289
-0.1811101080
-0.1983685039
-0.1517803713
-0.2810532229
-0.2343012923
-0.1352539160
-0.1819102135
-0.1874478768
-0.3281335680
-0.2175450682
-0.2483752654
-0.3635575579
-0.2717150327
-0.3153884504
-0.2965112345
-0.2688800012
-0.2367743561
-0.2549083397
-0.2106336219
-0.2493323161
-0.3324061877
-0.2206894654
-0.1919499300
-0.0474821029
-0.2997084134
-0.0941242601
-0.2558323826
-0.0518173935
-0.1227997521
-0.0208088028
-0.1448889496
0.0517076231
-0.2299899347
-0.1123103402
-0.2115256454
-0.0558792300
-0.1991390934
-0.1958036270
-0.1448751667
-0.0393799903
-0.1225114422
-0.0681941262
-0.2184947255
-0.0829230728
-0.2545012527
-0.1149169161
-0.1291414989
-0.2249814210
-0.1217514432
-0.1179630779
-0.0386815810
-0.1382751719
-0.2545960306
-0.1280706243
-0.0302333103
-0.1723257930
-0.0717220020
-0.1065986183
-0.3260733256
-0.1251795760
-0.1270073419
-0.1241022367
-0.0415800842
-0.2095288595
-0.0557059967
0.0071895769
-0.2159192574
-0.0956553796
-0.1414305069
-0.0260075542
0.0591713258
-0.0679210027
-0.0981859970
-0.1364788428
-0.1053399548
-0.1385663635
-0.0239439605
-0.0348641447
-0.1271314587
-0.2289617972
-0.0146620267
-0.2461712480
0.0040900584
0.0011141002
-0.0984260377
-0.0453424849
0.0402385810
-0.2061987444
-0.1385636773
-0.0178302602
0.0237229610
0.0568154314
-0.1242463200
0.0941807514
-0.0791345035
-0.0274430850
-0.0549150314
0.0679691989
-0.0068294638
0.0085140120
-0.0644347177
0.0792324723
-0.0135802832
-0.1130139868
0.1126624071
0.1010349783
-0.0080095054
-0.1050878297
-0.0317745514
-0.0694682075
0.0197885298
0.0419954781
-0.0568484241
0.0165407122
0.1233961067
-0.0117907299
0.0849038224
-0.0283679052
0.0042182312
-0.1120476797
-0.0688412768
-0.0295534271
0.0179159124
-0.0877955813
0.0055304618
0.0361368864
0.1716920237
0.0703422861
0.1667219686
0.0326801311
-0.0081848173
-0.0551217209
0.0602650336
-0.0086681700
0.1333289532
0.2097151375
0.1231152685
-0.0451705501
-0.0168074415
-0.0289744450
-0.0508652433
-0.1172561274
-0.1206220513
0.1187798482
0.1395348420
-0.0462699114
0.1355040005
0.1009503766
0.1050176030
0.2078571980
0.1433208676
0.0756951827
0.0578903940
-0.0460949336
0.1594708985
-0.0344402436
-0.0235669027
0.0206235182
0.0808189535
0.1486798611
0.1827249193
0.1039809031
0.0849962785
-0.0022645713
0.0294052697
0.0585163469
0.0110104191
0.0548783557
0.1019438213
0.2462480772
0.1707222285
0.1547250154
0.3505468883
0.1773822459
0.1152425330
0.1927767999
0.0568775368
-0.0088999710
0.1666455085
0.2314458309
0.1061169341
0.2388763803
0.1592235888
0.0849668585
0.1569974137
0.0239005672
0.2003650207
0.1064770190
0.2458652524
0.1435270302
0.2154856733
0.0508038489
0.2577288580
0.2200803306
-0.0412856013
0.1394612871
-0.0080539236
0.1521439021
0.1481086646
0.2221272016
0.3815603738
0.1118360383
0.0890707134
0.1508549293
0.0307359291
0.0894718992
0.2032615589
0.2182460132
0.3145575332
0.1729591401
0.1517303898
0.3127221853
0.1935514975
0.1716668325
0.1525087073
0.2329318622
0.2678386873
0.3905517015
0.2176494693
0.2910985304
0.3342606028
0.0848279965
0.2197609880
0.1830479430
0.2881108390
0.2356801014
0.1463427340
0.1076898925
0.1291703481
0.1882194281
0.2395952061
0.2290914807
0.2893177409
0.1543692998
0.1882144439
0.2697663539
0.2958825420
0.1082179049
0.1991108794
0.1842769288
0.1933585126
0.1336200463
0.2203161132
0.1351798685
0.0756008535
0.3556875312
0.3394663291
0.2167062538
0.3505054589
0.2828523723
0.1605297100
0.2102736927
0.2864007735
0.3738709617
0.3222371626
0.5152456729
0.2700300366
0.3377784075
0.3349870094
0.2619044998
0.3812269196
0.3318581747
0.4002023333
0.4664003408
0.3202302041
0.2080782930
0.3558624092
0.3147578122
0.4314021023
0.3148238836
0.2620600306
0.4674803741
0.3296126515
0.4143307083
0.3824336583
0.3087134980
0.4865168465
0.3239380254
0.4219669966
0.3352860460
0.1734624531
0.3063788962
0.3134686450
0.3749433510
0.1416177079
0.4439223377
0.1457881778
0.3964633751
0.2735428956
0.2831736891
0.4808507460
0.3053315986
0.2473998409
0.3430180597
0.4092444455
0.4330749521
0.3687650222
0.4445062104
0.4372025508
0.3256621462
0.4189223207
0.3363667310
0.3723946171
0.3602604794
0.3126532828
0.4122000175
0.4037648995
0.2507988936
0.3675538731
0.3808785872
0.3793223530
0.4627094390
0.3132077231
0.3786321025
0.4160601562
0.4689289475
0.4642060105
0.4153125452
0.4730943384
0.4695316018
0.4818970320
0.3043934412
0.5180986893
0.5255576570
0.4573330065
0.4361074417
0.3581034141
0.4560753286
0.4990864756
0.3347419302
0.4096650272
0.4313184903
0.5543368564
0.5677335987
0.4165391152
0.3982570424
0.3608460332
0.4858314434
0.4676248215
0.5090956600
0.5314089582
0.5601077921
0.5598679609
0.4192748047
0.4622935073
0.4970587493
0.3767298482
0.4921868712
0.5217143696
0.5327323706
0.4710114704
0.3144066533
0.3420601765
0.6233214608
0.4542043988
0.5643108216
0.6125003860
0.3227611547
0.3868742226
0.5596818469
0.6859746142
0.5086551400
0.4829800998
0.4101407437
0.5759694250
0.4934997224
0.4675877610
0.4591630540
0.5512400161
0.2831695145
0.4412190183
0.5808219774
0.7489442131
0.5577729639
0.4643795507
0.5375909582
0.5079597507
0.6553273771
0.5673456849
0.4682662339
0.4454820113
0.5937137451
0.5427184315
0.5360000940
0.6055734018
0.5387593013
0.5887801784
0.7300601004
0.5983095111
0.5766140117
0.6372765592
0.5649142134
0.4115006886
0.5693445889
0.6966387896
0.6549444045
0.5223560409
0.5727774575
0.5128691787
0.5337744518
0.7554311671
0.5938154241
0.5832088565
0.7016628887
0.5608635232
0.4213992497
0.6545945075
0.6298191150
0.5973572147
0.5268073246
0.8318385117
0.7441280037
0.7314241853
0.6793239337
0.5519992482
0.7005070384
0.5530337326
0.6636892525
0.6348371952
0.6510195793
0.5597253659
0.6369530107
0.5793283716
0.6812185864
0.6362203389
0.6178132322
0.6671255394
0.6765478163
0.6820961054
0.6999040688
0.5445441812
0.5717279085
0.5976677782
0.6529532703
0.6220683129
0.6384478564
0.5960010942
0.7127874525
0.5828296713
0.6348538812
0.7466855963
0.5672542839
0.6052765948
0.6931504160
0.6042257034
0.5657274565
0.6560355912
0.5209068891
0.5193358545
0.6832192993
0.6414425243
0.8769017910
0.5892586896
0.5721377242
0.5880740178
0.6329045117
0.6558879442
0.6084691717
0.6946510869
0.6783031831
0.6887386887
0.6775279568
0.5801859723
0.7192824223
0.8875865289
0.7071310186
0.6260665772
0.7742389322
0.8640285163
0.7345979337
0.7062054451
0.8041719683
0.7217964021
0.7057781310
0.7793065816
0.7595294286
0.6495446714
0.8150129922
0.7869129192
0.7999877872
0.7497139903
0.6353285057
0.6416639090
0.5302652886
0.7859259826
0.6790075794
0.7605796291
0.8767005271
0.8344123418
0.8072283993
0.5962157995
0.7321529631
0.8556808207
0.8468980496
0.8127398454
0.7230357782
0.7622643235
0.7884013458
0.8463930719
0.6213381192
0.8056217550
0.7933192475
0.7479205380
0.7872245728
0.6880850308
0.7881971517
0.6952820762
0.7743999838
0.8618102775
0.7797900883
0.7430234529
0.8238689963
0.8142124711
0.8612357482
0.7536380401
0.9400946074
0.8712422286
0.8328920635
0.7548602809
0.7339366750
0.8444993285
0.8581498466
0.8486451819
0.6648558021
0.7114378252
0.7382716655
0.7987889096
0.6927139820
0.8196355893
0.8392977509
1.0058298329
0.8725786969
0.8051668824
0.8288411502
0.9853811423
0.8334928096
0.9031563485
0.8881205093
1.0243351764
0.6889122034
0.9184689499
0.8088809600
0.8121548390
0.9421559329
0.7764790270
0.8221155317
0.7864762614
0.9448263903
0.9790986902
0.8646322311
0.7906299181
0.8238786972
1.0081555089
0.9111133938
0.8865301478
1.0024353391
0.9267184402
0.8824518163
0.9382862759
0.7548850349
0.7997690736
0.8941038992
0.7937165655
0.7666412532
0.8207483165
0.6740584412
0.8956726572
0.9759317945
0.9859333770
0.9200808508
0.8690550426
0.9461327313
1.0407393394
0.9070717899
1.0422686070
0.9248857087
0.9469358847
0.9373553495
0.7175269311
0.9203109296
1.1048378778
0.7590038830
0.9498138486
1.0067627803
0.8000220346
0.9545496861
0.9262817902
1.0010852771
0.9818701132
0.9495696936
0.9047254981
0.9925346658
0.9738775052
1.0598090018
0.9371017110
1.0070872359
0.9972842202
0.9549492491
0.9317119845
0.8672225623
0.8810925741
0.8122587029
0.9528853566
1.0501731824
0.9217797532
0.9378639987
0.9775706895
0.9485377040
0.9296499110
1.0046212826
1.0870759255
1.0376668234
0.9680374638
