-0.9746228264
-0.9451031132
-0.9899504042
-0.9717058594
-1.0461903111
-0.9200249372
-1.0558063152
-1.0110432200
-0.9166814013
-0.9310326127
-0.9572297483
-0.9132921986
-0.9882413672
-0.9751205531
-1.1203296653
-0.9332235946
-1.0064456724
-0.9133946192
-0.9734239212
-1.0777330656
-1.0693321572
-0.8406251559
-0.8432683342
-0.8796818018
-0.8641742145
-0.9183571801
-1.0175914844
-0.8708046775
-0.9423620743
-1.0194724311
-0.8655562599
-0.8497307344
-0.9203101283
-0.6136937696
-0.9506111671
-0.8344651204
-0.7990007416
-0.9650519928
-0.8888707640
-0.9420895222
-0.9480136406
-0.9474738422
-0.7854902341
-0.9446136090
-0.9731362546
-0.8624298452
-0.7655093725
-0.7875384233
-0.9227596556
-0.9227572253
-0.9792693213
-0.8565846431
-0.7618395949
-0.8121476726
-0.9519552201
-1.0019733965
-0.7932129212
-0.9251937351
-0.8371116509
-0.9423265859
-0.7711509547
-0.8887165154
-0.8457186842
-0.7979449520
-0.7797279278
-0.8443043826
-0.9547214635
-0.8743701263
-0.9456022523
-0.8517333744
-0.8372826590
-0.7915896969
-0.8656181580
-0.8777405023
-1.0082882609
-1.0558762732
-0.9580064780
-0.8889657530
-0.9843492336
-0.9612190824
-0.9057032326
-0.7265297592
-0.7448187659
-0.8584562865
-0.7273138560
-0.7955772619
-0.9156640321
-0.8417623191
-0.8088888932
-0.8068539160
-0.8988363904
-0.7722987876
-0.8221129664
-0.9069859527
-0.7613793338
-0.7220824295
-0.7956132148
-0.8603530953
-0.8890109090
-0.9046449389
-0.9003686040
-0.8233593959
-0.7573954563
-0.7172744698
-0.7727645227
-0.7308140261
-0.6281260608
-0.7698161055
-0.7553499838
-0.7914097946
-0.6961036200
-0.7739909325
-0.7811403308
-0.7079838677
-0.8964958270
-0.6563948287
-0.7760188631
-0.7816106575
-0.6363909413
-0.8473304047
-0.6885626384
-0.7007194210
-0.6915448008
-0.6988995434
-0.5899668550
-0.8552731714
-0.7188089113
-0.7348123363
-0.9350909924
-0.7871342867
-0.7362104956
-0.6431828430
-0.8129456842
-0.8008956266
-0.7740569143
-0.6464868593
-0.6648802053
-0.7980005285
-0.7868450691
-0.8675303426
-0.6719917944
-0.7735385734
-0.6087767874
-0.7679031946
-0.6149484248
-0.7130056736
-0.6236946327
-0.7079887880
-0.8703734405
-0.6331780968
-0.5080890172
-0.6679513627
-0.8530840164
-0.7752407881
-0.6705028210
-0.7489593580
-0.5596984985
-0.7771247838
-0.7288210330
-0.6005475045
-0.7512817970
-0.7309702328
-0.7354412673
-0.6501171206
-0.5419034473
-0.6531824344
-0.6174914329
-0.5973265666
-0.6291039604
-0.7224517842
-0.7203787456
-0.5815246387
-0.6010668787
-0.6451230448
-0.6335213087
-0.5918585018
-0.5622080125
-0.6948930131
-0.6797377654
-0.5862935830
-0.6768231094
-0.6159664026
-0.6697243551
-0.6686262863
-0.5559066300
-0.5770493135
-0.8386115744
-0.4899173587
-0.6666500542
-0.6159388646
-0.6215402629
-0.5110288370
-0.5834276775
-0.6525357017
-0.7296290667
-0.7477827549
-0.6586131578
-0.7105463421
-0.6303650560
-0.5686213344
-0.5333637577
-0.6966803053
-0.5539278313
-0.6096458551
-0.5552761374
-0.6456092449
-0.6149259442
-0.5742078239
-0.6122796257
-0.5099225519
-0.5710900311
-0.4679341169
-0.4487874767
-0.6256213575
-0.5664100624
-0.6180782949
-0.4533037792
-0.5603404397
-0.6213265595
-0.6536674605
-0.5749919726
-0.4053423742
-0.5770497164
-0.5477934897
-0.5565659046
-0.5494395755
-0.5899280597
-0.5882941433
-0.5105976609
-0.7116971631
-0.5000661082
-0.5322138087
-0.3980595493
-0.6043563336
-0.4728328542
-0.6185176191
-0.4531444305
-0.5478439772
-0.4862102813
-0.7088729412
-0.6604297541
-0.6397450452
-0.5095418482
-0.6427799627
-0.5661383227
-0.5865425299
-0.3731562684
-0.4913754208
-0.4176424847
-0.4844279007
-0.4535821675
-0.4812748203
-0.4506586745
-0.4969797997
-0.3954994339
-0.4979203054
-0.6016984547
-0.4787772031
-0.4149841644
-0.4579855411
-0.4805369787
-0.5159145690
-0.3360759799
-0.5434927853
-0.4467773109
-0.4953014458
-0.4826340069
-0.4680786019
-0.5297814525
-0.5190866870
-0.3192111411
-0.4216156912
-0.4867963899
-0.5645198949
-0.4747140590
-0.4849167473
-0.3688621382
-0.3260527449
-0.5940555824
-0.4021904052
-0.4210893035
-0.4565857824
-0.3832179461
-0.4093711886
-0.3608125579
-0.3500599874
-0.4179400781
-0.4721326148
-0.4842185812
-0.3681487228
-0.4427281132
-0.4099029675
-0.2888269368
-0.3483698292
-0.4945762900
-0.5282308410
-0.3844767233
-0.3043755107
-0.4077668693
-0.4810337338
-0.3875690386
-0.3619782352
-0.4284609011
-0.5554887359
-0.3717508368
-0.5818550529
-0.4546808894
-0.3119776665
-0.3631335724
-0.4061615457
-0.4946343404
-0.4986292302
-0.3126320638
-0.4439441756
-0.2427681685
-0.4114070895
-0.3580939950
-0.4156431294
-0.3741628054
-0.3500791528
-0.2915401647
-0.4044114957
-0.4300472601
-0.1950882467
-0.4288327540
-0.4098348273
-0.3764103182
-0.4236970447
-0.2380396203
-0.3162589183
-0.2135545366
-0.3063384209
-0.2506835406
-0.3290474673
-0.3760941472
-0.3187256719
-0.2183460744
-0.2960138968
-0.3098290289
-0.2844355691
-0.2750950736
-0.2194108167
-0.2744245809
-0.4545705162
-0.2744136979
-0.3617750807
-0.2606081796
-0.3912283828
-0.2301658373
-0.3692405771
-0.2821085466
-0.3939264995
-0.3720689193
-0.3226495953
-0.3993471205
-0.2880123867
-0.2667679639
-0.2831712795
-0.2550384206
-0.3719947677
-0.2000162518
-0.4200560949
-0.2258525183
-0.2420417658
-0.2220498542
-0.1675195712
-0.3860274853
-0.2786658547
-0.0743220383
-0.3536796124
-0.1889887488
-0.2832775235
-0.1099824030
-0.2886775533
-0.2404843968
-0.2277158455
-0.3148432391
-0.2636256930
-0.1383320378
-0.2795125798
-0.1307399489
-0.1255850609
-0.1876956659
-0.0648199324
-0.2573632135
-0.2355617776
-0.2252068633
-0.0573667454
-0.2930395561
-0.2947312167
-0.1201127526
-0.2687863976
-0.3098332369
-0.2531515972
-0.2309946120
-0.1862359344
-0.2654576417
-0.2361125066
-0.3268805226
-0.1849410697
-0.2957949674
-0.2025816398
-0.1818725000
-0.3376626676
-0.0439030636
-0.2094320156
-0.0834999793
-0.2612106374
-0.3552717053
-0.1644357436
-0.0585390684
-0.2290763544
-0.1070281217
-0.2225029909
-0.1071226960
-0.1728585416
-0.2865906860
-0.0277800453
-0.1961068999
-0.2482226117
-0.2639023803
-0.1980668765
-0.1067026560
-0.3295181650
-0.0745926437
-0.2650343886
-0.1743315634
-0.1819332855
-0.2381887233
0.0082160341
-0.2256926564
-0.2747699085
-0.1939776373
0.0117389216
-0.0226680765
-0.0818573898
-0.1726063892
-0.0789767684
-0.1245218082
-0.0476631964
-0.0657935649
-0.1483209724
-0.1988256640
-0.2213642732
-0.1860886922
-0.1284557899
-0.1570916739
-0.0983943248
-0.0083353984
-0.1838929360
-0.1678751270
-0.1662041479
-0.0057513514
-0.1234003912
-0.0803492081
0.0578694698
0.1192685795
-0.0007519690
-0.0622171839
-0.0910296237
-0.0240213831
-0.1311106785
-0.2268751286
-0.0455131423
-0.0917910805
-0.0231207057
-0.0600618223
0.0765273933
0.0101839344
0.0011227569
0.0381026692
0.0045693159
-0.1150569231
-0.0464165971
-0.0186220763
0.0031798154
-0.0767828087
0.0580788055
-0.0485492135
-0.1292729617
-0.0669502894
-0.0708849510
-0.0834469280
0.0704509416
-0.1613522372
0.0636759464
0.0991276467
-0.1278554059
0.0825267134
0.0375314130
0.0701703199
0.1145669898
-0.0319728678
0.0542445303
0.0768142763
0.0023118932
-0.0247078218
-0.0020677626
0.0286251705
0.0539757483
0.0191051982
0.0691075621
-0.1910841615
0.0543668148
0.1128602360
0.0240426263
0.1384573432
0.1248141966
-0.1451992081
0.0402210414
0.1461167026
0.1392171737
0.0384256528
-0.0223777827
0.0803914016
0.2282997998
-0.1166867414
-0.0284138461
0.0189661371
0.0350366832
0.1837457423
0.0059195818
0.0603743928
-0.1576587043
0.1769087818
-0.0009210410
0.0323617335
0.0083633101
0.0037166896
0.0824377933
0.0647489081
0.1525305154
0.1682551191
0.1864514925
-0.0095315428
0.0462249029
0.0829672954
0.0151461486
0.1216371589
0.0544219576
0.0584617773
0.0847306230
0.0750920510
0.1534777698
-0.0051442424
0.0113409184
0.1709578607
0.0555036571
0.0894063467
0.1098733334
0.2514860870
0.1220503885
0.1940466209
0.0670078247
0.0849106846
0.1167867668
0.1526277788
0.1955933591
0.1761470318
0.1743708410
0.0893661454
0.2756892111
0.1126693407
0.0054663150
0.1248333479
0.1370651038
0.0861848890
0.1845454756
0.1392988473
0.1702164915
0.0655351873
0.0822056635
0.1350241221
0.2949035134
0.0765061746
0.1312714881
0.1832777844
0.1766302425
0.1990597397
0.0950454978
0.1668987079
0.1848280226
0.0512298017
0.1230360391
0.1314544663
0.1300750268
0.1810030401
-0.0725630943
0.2415466153
0.2765872560
0.0657063757
0.2272150055
0.1238590957
0.0824186824
0.1371189845
0.3376613094
0.2166517946
0.2376953300
0.3041072997
0.2056369072
0.1808630359
0.2478583549
0.0114571809
0.2972324607
0.1975447872
0.2435772554
0.2848257061
0.3368794412
0.2767190776
0.2359634841
0.1753670914
0.1882751614
0.0892153883
0.2517068773
0.2125177397
0.2980389797
0.3328760364
0.3642102081
0.1152376492
0.0970613645
0.3174949513
0.2965153694
0.3374673511
0.1781026554
0.1523391908
0.3217639293
0.1891242348
0.2653551706
0.2846721842
0.2518420300
0.2108773774
0.2790437182
0.3334899226
0.3467109012
0.3469422684
0.2177955872
0.3143153419
0.2001120526
0.1712356810
0.1606921231
0.3543903176
0.0969131942
0.3974831175
0.1917406863
0.2658571152
0.4216084507
0.2375497045
0.3959157664
0.4107836025
0.3871861866
0.2567273776
0.1112152553
0.2760293440
0.1808357649
0.2452201334
0.2369101690
0.2859815989
0.2921887940
0.2820970318
0.4131347948
0.4049642856
0.3935085777
0.2920214082
0.4988301860
0.3091309974
0.4817680408
0.3442660051
0.2676577906
0.4074880204
0.3453138069
0.3043936068
0.4361006670
0.1849379022
0.2523343005
0.3467378262
0.4520572871
0.3332631364
0.3984509022
0.3531573284
0.2642566294
0.3199322786
0.4121036245
0.2953294561
0.3329527739
0.3802250778
0.4878202209
0.2502655231
0.1730455186
0.3953316067
0.4079529361
0.4290672210
0.2602135874
0.2866306279
0.3757419043
0.4170510666
0.3894118484
0.2820646814
0.4570122538
0.3257034698
0.3281668406
0.4391254935
0.4621581732
0.3932532460
0.3543810658
0.4161332223
0.2531558362
0.4486885806
0.4873354527
0.4533487845
0.3973376520
0.4117606106
0.4242339474
0.4922689473
0.4029984660
0.3938816814
0.5078882120
0.4459251514
0.4043151631
0.4804298931
0.4371766171
0.4180499402
0.5225376035
0.3661677162
0.4902828792
0.4892234764
0.3477524662
0.4429080365
0.4532484852
0.5026001130
0.4445697896
0.4617512633
0.4160236861
0.4307547003
0.4338244926
0.4532711374
0.4438152503
0.4988860698
0.3884066369
0.5310345213
0.4947920901
0.3108568398
0.3975007557
0.4619287475
0.3880906381
0.4146314610
0.5095335988
0.3357535329
0.4455880367
0.3707389182
0.5143756300
0.4937860632
0.5544462348
0.5867262253
0.4317886899
0.5514462392
0.5969857671
0.3796386702
0.4410858931
0.5701839761
0.6465125817
0.4382572862
0.6391322736
0.6217184584
0.4987878701
0.5541973464
0.6074635414
0.4439995852
0.4330477456
0.5603483142
0.4840343417
0.5092565420
0.4903378803
0.5129356167
0.6450554216
0.5165501569
0.5329173268
0.4367389007
0.5690698944
0.5160737055
0.5683520891
0.5114550252
0.6112978208
0.5383819997
0.5856431083
0.4320092774
0.6594045784
0.5328170061
0.5125641490
0.4569195738
0.7035293140
0.4743800286
0.5979732120
0.6148002203
0.6858889220
0.7407827330
0.5747387876
0.4747277775
0.5994867202
0.5339849940
0.5881109354
0.6213268016
0.5683109304
0.7927716447
0.6767311043
0.5656352387
0.6121599873
0.5698190852
0.6697515817
0.6200936967
0.7135741269
0.7826003890
0.6035966848
0.5760989084
0.5939710949
0.7463140268
0.7963761248
0.6281287665
0.6091496902
0.6585914711
0.6020238826
0.7681619214
0.5970709766
0.6242787153
0.6252384989
0.7837011796
0.7098989068
0.6658412937
0.6200751980
0.6303757671
0.8265886055
0.7304529631
0.6395630574
0.6736543058
0.5385735215
0.7197394831
0.6171159661
0.6356694406
0.7621272909
0.6177502174
0.6832071062
0.6918582303
0.7181721274
0.6756321425
0.8515480039
0.6689095063
0.7078753769
0.7164727453
0.5523507422
0.8011525822
0.7667093255
0.6125115484
0.6492143611
0.6243876978
0.6563196946
0.6256643761
0.6462727941
0.8147469052
0.7196612558
0.7057030446
0.7797024437
0.7395085178
0.7526826285
0.7693931019
0.7829352198
0.6833295092
0.7475979347
0.6364732787
0.7997882826
0.7085682544
0.6042617418
0.7659391938
0.7215946551
0.8491699732
0.7658748242
0.8170248163
0.7244626376
0.7100089996
1.0293214216
0.7077227812
0.8327163460
0.7801151661
0.8422901448
0.7057641311
0.7047072554
0.7551072675
0.8642454465
0.6385481895
0.6760262804
0.8330115766
0.8670037775
0.8422704003
0.7122031809
0.8500990188
0.7717396742
0.8403001541
0.7200463571
0.8726392148
0.8059287060
0.8697979857
0.8915014672
0.7820464319
0.7993782960
0.8521067890
0.6911004086
0.8003958550
0.8622901777
0.7996047689
0.8144004889
0.7889855484
0.7880690646
0.6826905271
0.7614603984
0.8055696228
0.9243016649
0.8006906253
0.8174884270
0.8573051228
0.8329990821
0.8480560732
0.7822244993
0.7015062954
0.7722358484
0.7295907452
0.8507322742
0.8458657827
0.8200325908
0.9544714170
0.7499598424
0.8626740676
0.7553339849
0.8700821944
0.8575525677
0.8875487776
0.7753386470
0.9571111813
0.8516779239
0.9626395616
0.9428978096
0.7995021611
0.8611091291
0.9332022837
1.0657205764
0.9384664846
0.8751252675
0.8760280221
0.9931700622
0.8017509503
0.8242606795
0.9210307021
0.9574814627
0.9293013581
0.9666016408
0.8440585467
0.9788017994
0.8602723090
0.7979882339
0.7947635485
0.9288795490
0.9491294349
0.8327392159
1.0552998854
0.7423848414
0.8414113758
1.0779559110
0.9956450042
1.0594025980
1.0058410524
1.0210513186
0.8642763934
0.9706679769
0.9128364219
1.1850174331
0.9069937846
0.8428669213
1.0989256510
1.0196696994
0.9909307710
0.9833372622
1.0661403965
0.9329666961
1.0129485483
1.0471892794
0.9515064783
0.8252554242
0.9574419501
0.8686700567
0.9169063366
0.9824012467
1.0931370015
1.0227644326
0.9983140144
1.0223589634
0.9877992090
0.8985312487
0.9323396297
0.9649095292
1.0003990240
0.9997832024
1.0749697289
0.9742520246
