-0.8781316694
-1.0119446524
-0.9963247272
-0.9339786823
-0.9481052777
-0.9456248137
-1.0266161559
-0.9188765036
-0.9786883716
-0.9910105643
-1.0466053233
-0.9846548995
-1.0603476272
-0.9927173058
-0.9661095425
-0.9589123679
-1.0213553072
-1.0328115417
-0.9033492775
-0.7312411968
-1.0003160527
-0.8643421835
-0.9285060739
-0.9889821658
-0.9121278443
-0.8895275629
-0.9983189741
-0.8135293440
-0.9810383557
-0.9151968030
-0.9947286973
-0.8497383023
-0.7836399521
-1.0498584557
-0.8754963629
-1.0290496286
-0.9064939429
-0.8127704242
-0.7710581023
-0.7948731989
-0.8801507419
-0.7418722531
-1.0221318801
-0.9379406862
-0.9405288658
-0.7020233385
-0.8510019775
-0.8647657729
-0.9584288258
-0.8082420377
-0.7925912556
-0.9138742596
-0.9558936402
-0.8313754440
-0.8688209254
-0.9789492379
-1.0393270813
-0.8166670053
-0.9537783127
-0.7737415685
-0.8601233309
-0.9823925356
-0.8468270649
-0.8230505153
-0.9493275420
-0.9328963346
-0.8496127072
-0.9059025817
-0.9109903747
-0.8160786962
-0.9370288297
-0.7549744677
-0.7261323927
-0.7656668359
-0.9700030227
-0.9398377135
-0.8019561800
-0.8510089633
-0.8262506829
-0.7812521688
-0.8283682821
-0.7415085176
-0.8174674226
-0.9999679079
-0.7330804895
-0.7282094050
-0.8045222385
-0.9642078538
-0.9474469919
-0.7815452908
-0.8424764937
-0.5404607660
-0.6566799148
-0.8814284141
-0.9183896785
-0.7532815920
-0.7801167363
-0.8102620867
-0.8080449425
-0.8302330610
-0.8627866072
-0.8419846158
-0.7484904508
-0.8349084954
-0.8299514966
-0.7949745542
-0.8972797170
-0.9945053565
-0.8866123933
-0.7227348200
-0.8071898961
-0.8467579142
-0.7665608261
-0.7931139274
-0.8411456752
-0.6647990916
-0.6776024579
-0.6146877975
-0.8097505856
-0.6070261565
-0.5973383166
-0.7023818702
-0.7930715496
-0.6697543204
-0.7430000713
-0.5835461505
-0.6002650048
-0.6101690331
-0.9211499375
-0.6851321137
-0.6956193824
-0.6807608148
-0.6961803437
-0.7432186150
-0.7367612681
-0.7706559943
-0.6378118894
-0.6985153813
-0.7154771170
-0.6717955525
-0.7965384077
-0.6672840620
-0.7157632071
-0.8059988921
-0.5986467214
-0.7893717401
-0.7012440780
-0.7425611563
-0.7814894172
-0.5119373866
-0.7116810403
-0.8150195176
-0.5621310574
-0.6616125024
-0.6551759030
-0.6802349611
-0.7219148716
-0.5894189723
-0.7181779135
-0.7995790144
-0.8159468384
-0.6149167591
-0.5295988051
-0.6672880459
-0.5871163470
-0.7190625004
-0.7534967412
-0.6918891413
-0.6094505602
-0.7873966234
-0.7257097182
-0.6721319221
-0.7159828487
-0.6262620188
-0.5971802750
-0.6644788291
-0.6427806520
-0.6497322046
-0.6744291153
-0.5779511671
-0.6339338871
-0.5228289664
-0.6991210627
-0.5692288486
-0.7026657025
-0.7350927932
-0.5229634440
-0.6364643076
-0.5880142459
-0.6931429082
-0.6972150217
-0.6715726773
-0.7033038292
-0.6737483419
-0.6708209431
-0.5806808738
-0.6461469294
-0.4690485345
-0.6259985302
-0.5823789211
-0.5269293135
-0.5420250147
-0.4998542941
-0.5156245727
-0.5924700488
-0.5640497414
-0.6828033917
-0.4994876461
-0.5384521438
-0.5251202015
-0.8142504838
-0.6599641383
-0.6088430483
-0.6095688497
-0.3659777448
-0.4475939503
-0.5153103405
-0.5238887720
-0.5386173508
-0.5871482052
-0.6093699051
-0.6207085440
-0.4876225697
-0.5607271115
-0.6281239557
-0.4851798402
-0.6427026924
-0.4849147937
-0.5684432981
-0.5183998633
-0.3319561184
-0.6073583708
-0.5919483846
-0.6090005237
-0.6256491405
-0.5196856168
-0.4930800529
-0.5087074600
-0.5315793616
-0.5028333633
-0.5546468640
-0.6049735004
-0.4471009994
-0.5161347087
-0.5071089064
-0.5479869267
-0.5413962353
-0.5460715540
-0.4666336957
-0.5535578261
-0.4236680781
-0.5488731205
-0.4356247367
-0.4809643720
-0.5410509171
-0.4891898738
-0.3154330022
-0.4553103841
-0.5771596990
-0.3999497337
-0.3623615752
-0.4647764839
-0.4708481057
-0.3636130359
-0.5304084366
-0.5844005597
-0.4983392318
-0.5166247299
-0.3805092448
-0.3776429900
-0.3732045787
-0.3818181001
-0.4038915363
-0.4331689551
-0.5860389498
-0.5085282022
-0.3657277717
-0.4389408923
-0.4091431437
-0.3522494579
-0.3041710924
-0.5689638682
-0.3622549311
-0.3337060411
-0.4773006608
-0.4101447706
-0.4195239056
-0.4004267875
-0.4542082315
-0.4219546650
-0.5069000286
-0.5093124172
-0.5271624221
-0.3894866249
-0.5414093767
-0.3107470280
-0.3470406310
-0.4507900639
-0.3020078043
-0.3648802074
-0.3771590014
-0.4275696071
-0.4380371549
-0.3232111139
-0.2486705271
-0.4383648729
-0.3597746632
-0.4135086376
-0.3486420695
-0.3088690509
-0.4682107091
-0.3974936745
-0.4444596646
-0.3315621279
-0.3451450153
-0.2911909694
-0.5410755131
-0.2707188047
-0.4114059097
-0.2189992409
-0.2786275793
-0.3265333230
-0.2588497597
-0.3130640459
-0.2933865631
-0.3933453048
-0.3784192774
-0.5385152785
-0.3643972050
-0.2806174647
-0.2596897555
-0.4447120791
-0.3605781141
-0.4238081549
-0.3371644729
-0.2152161168
-0.4045553353
-0.3537067120
-0.2685552830
-0.3574724585
-0.3497178087
-0.1744851194
-0.2285078416
-0.1158929330
-0.4522620468
-0.3791298623
-0.2997963645
-0.3242246095
-0.2815554636
-0.3188748965
-0.2786073908
-0.3412174995
-0.2263549418
-0.1947151129
-0.3785082892
-0.1927294700
-0.4249870366
-0.3270993118
-0.3750134353
-0.2852822343
-0.3058046973
-0.3208449643
-0.2330890067
-0.3871410456
-0.4739223278
-0.4466826698
-0.2460471312
-0.3298981203
-0.1319936018
-0.2949289220
-0.2097292411
-0.2366406837
-0.1969228310
-0.2436478492
-0.2801004865
-0.1776479955
-0.2243336768
-0.3252615042
-0.2062510886
-0.2257234515
-0.3407285311
-0.0843824651
-0.3325338395
-0.3991599386
-0.3226272393
-0.2773933149
-0.1472223472
-0.1451570451
-0.1440951999
-0.0110337551
-0.2994536882
-0.3421734119
-0.1614028151
-0.3000749330
-0.1751286350
-0.2257641271
-0.1940557663
-0.2505528653
-0.2867233174
-0.3305681954
-0.2710386023
-0.2073614292
-0.1011894808
-0.1755594615
-0.1068341144
-0.1404200684
-0.3126064438
-0.0233157325
-0.1937686163
-0.1369110840
-0.1787379542
-0.1289314269
-0.0746816814
-0.0739576751
-0.2654559276
-0.2561121666
-0.1223172394
-0.3064789533
-0.1720941488
-0.2085993814
-0.2835945136
-0.2247907895
-0.0925580314
-0.0995332452
-0.0129049777
-0.1718813804
-0.2164244281
-0.0940833706
-0.0838816952
-0.0990067536
-0.1579096392
-0.1689504106
-0.1198673345
-0.0720452455
-0.0400724226
-0.1700082250
-0.0497066086
-0.0265553569
-0.2547166690
-0.0576202385
-0.0203064788
-0.1090244174
-0.0738095365
-0.0456625466
-0.0180287369
-0.1470280936
-0.0950955137
-0.0634644586
-0.1359971717
-0.0265351799
-0.0347247516
-0.1166843103
-0.1645291295
0.0096541050
-0.1230668253
-0.1034843494
-0.1106580003
0.0117482697
0.0122304335
-0.1349947841
-0.1027940579
-0.0833775897
-0.1340705251
-0.1524789856
-0.0992655176
-0.1335138368
-0.0246632153
-0.0313185194
-0.0675338968
-0.1309117366
-0.1983036242
-0.1395477048
-0.1250389170
-0.1609712480
-0.1372071780
-0.0524169579
-0.0054115386
0.1120522318
-0.0472547981
0.0150174315
0.2185776602
-0.0121406431
0.0115602415
0.0529543616
0.0433149897
-0.1473956111
-0.1486582926
-0.1117225533
-0.0248726848
0.0667672835
-0.0917783592
0.0629932648
0.0198436567
0.0022473093
0.0657457202
-0.0313246710
-0.0082597615
-0.0119666400
-0.1367408660
-0.0660168484
-0.0926711142
0.0626978128
0.1267915054
-0.0062314289
-0.0817711564
0.0679447366
-0.0964069416
0.1046377923
-0.1680668246
0.0325774030
0.0258153202
0.1925222302
0.0283695406
0.0361999164
0.0333337395
0.1108020395
-0.0235897894
-0.1598679438
0.1058759183
-0.1180585043
-0.0397660772
0.0004550970
0.1206235873
-0.2262525014
-0.1178141381
-0.0239066577
-0.1286554488
0.0832356258
-0.0644705607
0.0440359354
0.1040229585
-0.0661655562
-0.0350358303
-0.0884500566
0.0825200376
0.0987028559
0.0466058716
-0.0300245976
0.0038063517
0.0749798264
0.1053632266
0.1047548493
0.0827326222
0.3298135838
-0.0783974816
0.2517016948
0.1765960938
0.1568305043
0.0384214979
0.0620561320
0.1623403347
0.0083180083
0.0721624236
-0.0359052298
0.1211979360
-0.0689101909
0.1531810775
0.1253868207
0.1077254273
0.0896381784
0.0775120898
0.1060840438
0.1541219952
0.1457827604
0.0680193522
0.0941665667
0.1549245596
0.0430949717
0.1495127560
0.1436931459
0.2821845400
0.0464720567
0.2231426614
0.1678336332
0.0086964282
0.1516041187
0.0312668120
0.1580000521
0.1976360889
0.2656506058
0.1255112911
0.1760362668
0.1784676690
0.2194897271
0.0654894021
0.1086158489
0.2967451472
0.1772089955
0.0796414963
0.1808203051
0.2089624893
0.3128946701
0.2595494893
0.1583343130
0.2411338435
0.0463492066
0.2274655632
0.2643455878
0.2331990361
0.2005768596
0.0340228128
0.2625959043
0.1695689074
0.3274870459
0.2755595789
0.1158879812
0.1807173960
0.3169067856
0.1229678846
0.2457131209
0.1448270535
0.1359101458
0.3086687083
0.2925734781
0.2657179798
0.1938861482
0.2369288098
0.0736942470
0.2804162375
0.3681936004
0.3729950478
0.1266203464
0.3848784887
0.2039037172
0.2910513648
0.1887589846
0.2143681289
0.1543980578
0.2318444845
0.2773009597
0.3975734077
0.2546576991
0.1325594516
0.1931722401
0.3157797401
0.2666352073
0.3649460131
0.3139035526
0.3318901846
0.2561949693
0.2517428385
0.1580830136
0.2626716643
0.1530462756
0.2872828625
0.4005867508
0.3666098309
0.1846267299
0.3512531854
0.4700451569
0.1965099407
0.2877474541
0.1230079385
0.3013310732
0.1761010934
0.2420963235
0.3434782612
0.2040260820
0.3192977303
0.2569890754
0.2841139851
0.3741000948
0.2673835868
0.2176215343
0.2489110806
0.2887301610
0.3402732095
0.3063438859
0.2344932387
0.3483598569
0.4258040545
0.2843515637
0.3705196596
0.3244742744
0.2316518073
0.3120718473
0.4369657778
0.2909178383
0.3278977307
0.4037956775
0.3789568808
0.3198336762
0.2584671783
0.3081584911
0.4122089237
0.3783450954
0.4776611029
0.4217599477
0.5065193049
0.4135737433
0.3189799439
0.4171765706
0.3180042221
0.4261120536
0.2269487284
0.4544804739
0.4023468576
0.3630878369
0.4647213034
0.3122710270
0.4460411394
0.3585898179
0.5132662581
0.4181485634
0.3038306960
0.5211233624
0.3919776263
0.3672286823
0.4280718234
0.4141207874
0.4392815784
0.3784139889
0.3597782842
0.4313119294
0.3843570604
0.2504956736
0.4662371380
0.4096889833
0.4411794528
0.4444151682
0.5054129611
0.4050488341
0.4058434123
0.6018022830
0.5055967083
0.4613670296
0.4702668116
0.4996852825
0.5126320071
0.3786268328
0.4988386149
0.5434284617
0.3313132641
0.5603143441
0.5949431906
0.5493917171
0.3260767263
0.4110412069
0.5004059049
0.5792787810
0.6333516139
0.5148124679
0.5052683055
0.4088261528
0.4030423318
0.5093825237
0.5707672685
0.4813511243
0.6180145382
0.5591634939
0.3987613069
0.6701109497
0.5460651629
0.5247726607
0.5670174392
0.4820066838
0.5114158641
0.6445142325
0.5423906065
0.4074799672
0.5511695036
0.5464959963
0.5244604607
0.5835990572
0.5464707797
0.7542146651
0.5263783716
0.5538399199
0.3638879342
0.5099417718
0.4674992450
0.5416145958
0.5773605776
0.5887692650
0.4202288906
0.6562755848
0.5794739634
0.4593405829
0.7060362700
0.5975992195
0.5982343053
0.7284649233
0.5006529791
0.5993318197
0.5801498701
0.4861594356
0.6066188248
0.6011844954
0.6457487680
0.6591546492
0.5358721930
0.4526040696
0.5576413395
0.4810790524
0.4561980502
0.6935773507
0.4280273329
0.5271599771
0.4452500314
0.5798217090
0.6536428262
0.5805036288
0.6539871544
0.6641730059
0.5054199588
0.5512252426
0.6907394223
0.5914349283
0.5557103867
0.5407729072
0.7404991526
0.5642914554
0.5651452241
0.6566273241
0.6616982980
0.4660769113
0.6073762273
0.6351590114
0.6504487989
0.7604075965
0.4481984429
0.5939748082
0.7250023128
0.7628002468
0.5803738268
0.5258889855
0.5945411775
0.8824938557
0.6345827979
0.6462368439
0.7547450432
0.5269029539
0.7329414431
0.7313182050
0.6278460684
0.6787210916
0.6700567360
0.5824524954
0.7348026430
0.7632260245
0.7379049115
0.6376596104
0.5990653927
0.6813096966
0.5904463116
0.7679683191
0.7078636071
0.7234883136
0.7273275016
0.7930204006
0.7009076059
0.7698775660
0.6360833664
0.5424222307
0.7230225394
0.6233436672
0.6849962602
0.6043270173
0.7481776782
0.8142368698
0.7525020472
0.6802906429
0.6587561948
0.6529341852
0.8321156304
0.7499492758
0.8475490552
0.9241267193
0.8081468436
0.7583700979
0.6771593623
0.7198677277
0.6193962986
0.7080806455
0.8580303528
0.8528989675
0.8243837782
0.6674959114
0.6429904545
0.8378433872
0.7598782185
0.7555595131
0.7806978564
0.7799264511
0.8224476788
0.7077845798
0.9125819882
0.8005292238
0.8418203070
0.7199160086
0.8191499053
0.9455212969
0.6749399149
0.7517129842
0.8178210462
0.7834185033
0.6912293303
0.7982401792
0.7951278981
0.8355523975
0.6988039278
0.7018442098
0.8326628923
0.7736791046
0.8173352669
0.9683969516
0.7586722010
0.8282657974
0.9072709610
0.8142482090
0.9297824947
0.7957078397
0.9144759593
1.0106397162
0.7901673410
0.8101014667
0.7987299773
0.8894427243
0.8740698879
0.8159624823
0.8392114407
0.7672931849
0.8813769082
0.8172617298
0.8418795188
0.9467174297
0.8758845828
0.7709781744
0.9502697679
0.8453799050
0.8448687921
0.7588605600
0.9975754938
0.7592786400
0.9151711316
0.8686583433
0.8552531999
0.9192188261
0.9573476947
0.8946221620
1.0086540229
0.8196236657
0.8068847634
0.9176105344
0.8147037309
0.8958950950
0.7425767044
0.9629162894
0.9618999739
0.8134411542
0.8174707801
0.9704690542
0.8992547916
0.9718101067
0.9013016401
0.8185294297
0.8330229134
0.8499609048
0.8362042768
0.9697688384
0.9614955564
1.0185783467
0.8725401395
0.8871436949
1.0254613110
1.0844747517
0.9804749310
0.9001616269
0.8706174962
1.0134339663
0.9088710682
0.9790516187
0.9153677820
0.9045391687
0.9185931815
0.8869964878
1.0128849439
1.0027284858
0.9323699937
1.0622627095
0.9031806719
0.9270789482
0.8757597091
1.0583383377
0.9409034865
0.9046964067
1.0161987242
0.9528082419
1.0296783663
0.9776525833
1.0508684901
1.1197161866
1.0797100979
0.9955573341
1.0409719838
0.8964296154
1.0634913509
1.0642600105
1.0174220273
1.1335997769
