-0.9961812959
-0.9789776357
-0.9907926321
-1.0488306982
-1.0080430042
-1.1470514293
-1.1136021520
-1.0089223379
-1.0389883997
-1.0290625896
-0.9162126216
-1.1233341707
-1.0700276271
-0.9762607804
-0.9445825387
-0.8641257659
-1.0640842801
-1.0323074167
-0.9925826961
-0.9421712599
-0.9697058094
-0.7855114653
-1.0660189314
-0.9280078975
-0.9223275343
-0.9242502391
-1.0517760481
-1.0011223601
-0.9777343432
-0.9759374435
-0.8751548325
-0.8937507330
-0.9687541636
-0.9141821200
-0.9789716679
-0.9233246707
-0.9550523509
-1.0978773293
-1.0550290949
-0.9976179509
-0.9178162890
-0.9040438523
-0.9181195836
-1.0476639021
-0.8462120521
-0.9239107572
-1.0355688756
-0.9341968063
-0.7999151597
-0.8419041442
-0.9527975350
-0.9005318524
-1.0139944233
-0.8805874442
-0.9031234815
-0.9241564238
-1.1211264709
-0.9399436223
-0.9093699044
-0.8875449847
-0.8509550261
-0.9251383004
-0.8042911929
-0.9220625001
-0.8826130720
-0.8475861293
-0.8889547837
-0.8963461582
-0.8706689993
-0.9363836780
-0.7562739569
-1.0611445471
-0.8835562969
-0.8064751766
-0.6788724758
-0.8675337230
-0.7116685693
-0.8226472258
-0.9064197779
-0.9420918508
-0.9590442395
-0.9031623254
-0.7540897137
-0.8028656348
-0.7612143031
-0.8488528219
-0.7947118267
-0.7228449455
-0.8433546254
-0.7458926493
-0.8119885909
-0.6817716878
-0.8146121181
-0.9596206707
-0.8717284579
-0.8288520420
-1.0548802461
-0.6896482497
-0.8283416563
-0.6854446584
-0.7603929445
-0.9114377420
-0.8142645643
-0.8601379620
-0.8019157381
-0.8163667392
-0.7996242079
-0.8936459733
-0.8822393837
-0.9144951015
-0.7120667451
-0.8849791892
-0.7796938576
-0.6658330066
-0.7159121521
-0.8706881551
-0.7862000562
-0.8463857904
-0.7169186430
-0.8219494799
-0.7692817772
-0.6580983870
-0.6802941241
-0.7566208156
-0.6984392594
-0.8033343654
-0.7699692956
-0.6999120000
-0.8326977704
-0.7289598798
-0.7103927651
-0.6140547917
-0.7255435912
-0.8808994405
-0.8494502545
-0.6993456162
-0.6792450348
-0.7431999824
-0.6464324292
-0.9064259388
-0.7747833605
-0.7139148512
-0.7816759565
-0.6155527702
-0.6242817047
-0.7818177383
-0.6858373509
-0.6409276726
-0.6867421667
-0.6095098844
-0.5696682713
-0.8520568445
-0.8948842825
-0.6655810169
-0.8548619844
-0.6972062013
-0.6559895336
-0.6642751092
-0.7341889158
-0.7957596471
-0.7803487374
-0.7820793113
-0.7433055894
-0.6755722891
-0.7185422792
-0.4873559357
-0.6819805790
-0.5255001982
-0.6006924263
-0.6542259962
-0.6947649157
-0.7176465846
-0.6285986991
-0.8362600468
-0.5575591951
-0.7830230068
-0.6714055427
-0.9141266723
-0.7052784904
-0.6637068654
-0.6229809340
-0.5638669237
-0.4910956578
-0.6277551254
-0.4573947223
-0.7205349594
-0.6232305982
-0.7112796360
-0.5297142862
-0.8506034696
-0.6214044021
-0.6982955086
-0.6966360468
-0.6043838684
-0.5847569069
-0.6248180178
-0.7879799694
-0.6621909704
-0.6521772716
-0.6988179345
-0.5170374595
-0.6469313729
-0.6630073026
-0.7167573922
-0.5789909436
-0.6520822466
-0.5384496836
-0.5064788594
-0.4520015125
-0.7357037419
-0.5957667814
-0.5330419732
-0.6371327774
-0.5533798323
-0.4565566963
-0.6744490650
-0.6104850633
-0.7318114400
-0.4907033249
-0.6184768550
-0.5809894740
-0.6064826267
-0.4414445445
-0.5441909449
-0.4186760375
-0.5120156632
-0.4667208791
-0.5711641582
-0.5676795468
-0.4990399059
-0.4476214520
-0.5812934553
-0.6334595250
-0.6267913782
-0.5123125490
-0.5399798031
-0.6522590472
-0.5620489412
-0.5596140221
-0.6613174701
-0.5880327977
-0.4745255153
-0.5772976835
-0.5021150967
-0.6504072051
-0.5589476132
-0.5758902340
-0.3966929706
-0.4995595398
-0.6482573867
-0.6281328405
-0.5868710936
-0.4662134314
-0.5697694878
-0.4460163545
-0.5045130258
-0.5719638522
-0.3799663496
-0.4040880064
-0.5957393339
-0.3602293121
-0.4358303668
-0.4613163175
-0.4290182739
-0.3395878640
-0.4750567868
-0.4762787393
-0.3030147740
-0.3108795549
-0.3477915028
-0.4668978293
-0.4518401737
-0.3902487470
-0.4845391889
-0.3894183550
-0.4902472893
-0.4201988758
-0.3955146845
-0.4122833601
-0.4478411886
-0.4263794312
-0.3450454762
-0.4419718596
-0.4802050066
-0.3960470811
-0.3012704129
-0.4065539850
-0.5298257811
-0.5072757208
-0.3471127797
-0.4327814898
-0.4161472489
-0.3177420254
-0.4625615675
-0.4379159743
-0.3848602583
-0.4476800048
-0.4765521045
-0.4224007434
-0.3973877798
-0.3967344510
-0.5629809394
-0.3719804807
-0.2663320689
-0.4997937269
-0.3607906138
-0.3684668985
-0.3997742977
-0.4153669263
-0.4666863678
-0.3222585059
-0.4207691830
-0.3599799745
-0.4142075530
-0.4253337712
-0.3545331173
-0.5219375909
-0.4211099336
-0.1563351224
-0.3745499014
-0.1977667837
-0.4001455880
-0.3893338620
-0.2987398977
-0.5204367163
-0.3035335742
-0.4181488923
-0.3399703270
-0.2662114728
-0.4453779419
-0.3639176362
-0.2352329486
-0.1916568020
-0.3733917972
-0.4289611304
-0.3733709296
-0.3565182505
-0.3335936931
-0.1796203158
-0.4172830474
-0.3254347566
-0.2140354194
-0.3106255325
-0.3086549219
-0.6077106885
-0.3877366319
-0.3718002946
-0.3066990859
-0.1726262411
-0.2489335191
-0.1185375213
-0.3415927551
-0.3513376135
-0.3171865220
-0.4291070723
-0.4021434916
-0.1911271860
-0.2877324578
-0.3884536619
-0.1706833301
-0.2633138102
-0.3567957792
-0.3969665175
-0.0994608889
-0.2135598416
-0.2446376927
-0.3134541008
-0.2929833193
-0.2219614065
-0.2680627234
-0.2795598316
-0.2044411695
-0.3045836349
-0.1702838502
-0.2041864480
-0.2810496256
-0.2476787333
-0.3196349562
-0.2262444422
-0.2751789474
-0.2478563820
-0.3019981686
-0.3327418812
-0.3208284138
-0.2263506675
-0.2238852322
-0.1969469543
-0.1650766473
-0.1690085286
-0.1705413586
-0.2800457603
-0.2364955653
-0.1486532932
-0.2052470687
-0.2039407579
-0.3118722639
-0.2001903193
-0.2232269348
-0.3346850939
-0.2682223392
-0.3300605191
-0.2595885612
-0.2667775384
-0.2313159947
-0.2572730278
-0.2214685291
-0.2514201967
-0.3430953474
-0.2203557738
-0.1870901609
-0.0595101944
-0.3091292777
-0.0907422532
-0.2601075252
-0.0549144661
-0.1067026708
-0.0279904452
-0.1347002114
0.0750129236
-0.2404527832
-0.1069753119
-0.2139356925
-0.0629264346
-0.1847110179
-0.1796312415
-0.1346266531
-0.0536452012
-0.1208679087
-0.0889949433
-0.2054529225
-0.0746045300
-0.2561599576
-0.1117305185
-0.1293579807
-0.2271342934
-0.1378808156
-0.1134101840
-0.0521124581
-0.1162315796
-0.2331551425
-0.1481919852
-0.0218006788
-0.1965477569
-0.0875619435
-0.1113208434
-0.3336527458
-0.1329064572
-0.1480940273
-0.1248029822
-0.0528316273
-0.2118582290
-0.0662620190
0.0076529080
-0.2044810517
-0.0899489185
-0.1168261522
-0.0451177716
0.0832500674
-0.0616982479
-0.1131646501
-0.1274056079
-0.1052261045
-0.1538461530
-0.0125125149
-0.0415904712
-0.1236853392
-0.2394252288
0.0000692934
-0.2575703238
-0.0147304385
-0.0302382111
-0.1075662162
-0.0209263029
0.0476249458
-0.2156912469
-0.1369763745
-0.0240937680
0.0252397699
0.0692019683
-0.1334943220
0.0977820727
-0.0605439411
-0.0106693079
-0.0482068643
0.0636945771
0.0017241902
-0.0104780020
-0.0804780070
0.0847522989
-0.0035916689
-0.1022093851
0.1059229921
0.1009481164
0.0009334542
-0.1178113780
-0.0358788047
-0.0472871791
0.0227435214
0.0353403513
-0.0576221560
0.0382114077
0.1277954490
-0.0017921378
0.1089811376
-0.0202956047
0.0119373308
-0.1332277495
-0.0574879209
-0.0195932450
0.0205475901
-0.0836782591
-0.0226874913
0.0538771377
0.1813539254
0.0659388852
0.1806137674
0.0279462199
0.0198236284
-0.0416461795
0.0633612361
-0.0137018527
0.1428198791
0.2237980492
0.1155027473
-0.0729504612
-0.0429692179
-0.0064929074
-0.0598122377
-0.1319118959
-0.1538450049
0.1043513702
0.1338185226
-0.0397627813
0.1228371637
0.1119129191
0.1020779196
0.2117473733
0.1341584827
0.0569984519
0.0752120999
-0.0556414390
0.1430605873
-0.0224668896
-0.0003495849
0.0269784476
0.0981647393
0.1593912812
0.1754051144
0.1093700273
0.0652609812
-0.0127991594
0.0406927763
0.0718502814
0.0036703760
0.0519185586
0.0907485655
0.2454757015
0.1679991990
0.1525819558
0.3703722846
0.1560803728
0.1222315207
0.2002646823
0.0544345847
-0.0033435595
0.1875180281
0.2233421481
0.1053553518
0.2163443484
0.1860064409
0.1235318472
0.1586875897
0.0327243632
0.1729379606
0.0893055349
0.2531941628
0.1386188650
0.2371092103
0.0736672181
0.2629714490
0.1993973157
-0.0682929634
0.1217627308
-0.0078104221
0.1433878736
0.1332141378
0.2357311528
0.3552862843
0.1315136343
0.0780993231
0.1300014593
0.0322175223
0.0921771668
0.2201076541
0.2281304265
0.3150470467
0.1563670602
0.1598433163
0.3020396929
0.1804952544
0.1765922001
0.1218441587
0.2489126242
0.2793551086
0.4036768289
0.2229419767
0.2954288671
0.3299123344
0.0730478107
0.1985046451
0.1780285103
0.2775387002
0.2433750454
0.1524856643
0.0915657975
0.1310327891
0.1680669191
0.2423532385
0.2581165592
0.2813974940
0.1524860454
0.2146253480
0.2805957637
0.2987660398
0.0934180117
0.2182089793
0.2075052707
0.1911182799
0.1494074507
0.2018730910
0.1298336296
0.0945240131
0.3461464854
0.3343115745
0.2088165227
0.3668434672
0.2481181415
0.1616675489
0.2044884171
0.3107232758
0.3910695266
0.3156665842
0.5287249735
0.2881889107
0.3470729764
0.3767839670
0.2509084438
0.3615077221
0.3371798749
0.4024190644
0.4610649129
0.3197627240
0.1818603638
0.3544619974
0.3033664694
0.4466010773
0.3245594824
0.2658700703
0.4668894083
0.3284440079
0.4123676928
0.3959704909
0.3194869930
0.4583716433
0.3350391170
0.4182036587
0.3185368945
0.1647414390
0.2930801281
0.3235087770
0.3952294391
0.1507813879
0.4433351436
0.1561605357
0.3983167965
0.2786178903
0.2820972228
0.4825247284
0.2959968985
0.2383171765
0.3312432133
0.4202684690
0.4366316946
0.3663753541
0.4241749366
0.4528006986
0.3432022075
0.4214994722
0.3220934253
0.3938146932
0.3856445837
0.2962187666
0.4216028205
0.4036303634
0.2658943845
0.3574590040
0.4067444131
0.3913668922
0.4568491142
0.3287906889
0.3815915833
0.3954622826
0.4903450270
0.4528233433
0.4315615879
0.4839947691
0.5031445202
0.4929625621
0.3089511705
0.5143438782
0.5317593841
0.4623797661
0.4303495120
0.3516366537
0.4459130038
0.4897968804
0.3189948554
0.4252671333
0.4386169625
0.5661669997
0.5638680732
0.4238689823
0.3852144314
0.3734781648
0.4722623401
0.4798681025
0.5046385371
0.5133718424
0.5624091336
0.5603643663
0.4209173948
0.4750103275
0.4877263610
0.3849146367
0.5054997992
0.4889468116
0.5354670794
0.4721628078
0.3030119822
0.3534993885
0.6257196580
0.4532391394
0.5670645934
0.6234356596
0.3525215483
0.3971713952
0.5399015002
0.6902164265
0.4822904123
0.4864738970
0.3992407075
0.5573451150
0.5123990425
0.4743533729
0.4512974136
0.5421846531
0.2787482849
0.4518156675
0.5611854543
0.7643687456
0.5540143901
0.4627869161
0.5239749577
0.4947981147
0.6457879135
0.5882533814
0.4501166716
0.4562419977
0.5460761295
0.5258172360
0.5359465428
0.6113864900
0.5362314754
0.5668730200
0.7100609706
0.5991033925
0.5647065268
0.6231603724
0.5407927492
0.4308794023
0.5672838059
0.6819185590
0.6528060201
0.5132753847
0.5562410833
0.5340372042
0.5450261723
0.7625156045
0.5931982277
0.5936180438
0.7069393219
0.5446024524
0.4551343791
0.6545607644
0.6393746437
0.5941024498
0.5091919019
0.8383651000
0.7326685799
0.6952336877
0.6748839969
0.5505422439
0.7082515594
0.5692341338
0.6598437478
0.6122120685
0.6705503961
0.5515031887
0.6423174723
0.5710220833
0.6795708937
0.6227306459
0.6130747710
0.6629857756
0.6667611888
0.7048971453
0.7037807797
0.5501107633
0.5703097837
0.5984525719
0.6517547057
0.6257051920
0.6364330781
0.5835924236
0.7009900590
0.6005094840
0.6283714305
0.7460106453
0.5345426452
0.5759410990
0.6824870701
0.6071285472
0.5686801205
0.6367945912
0.5209481276
0.5295274359
0.6881270523
0.6617784057
0.8870121170
0.5800760423
0.5699697483
0.5904763830
0.6278580326
0.6537382363
0.6133533724
0.7028656633
0.6974716761
0.7052017362
0.6913843023
0.5996755730
0.7237050374
0.8660793999
0.7343696917
0.6404748421
0.8155355852
0.8309755885
0.7392684922
0.7124526847
0.8059832553
0.7267086854
0.7192795552
0.7768502224
0.7359653319
0.6300570217
0.8423449793
0.7905791749
0.8055137464
0.7388257488
0.6179262295
0.6547595369
0.5182118596
0.7754751454
0.6791201419
0.7682373928
0.8816363524
0.8358232603
0.8452312134
0.6226080377
0.7320607557
0.8375718733
0.8490493744
0.8093793296
0.7100630363
0.7512776892
0.8028915696
0.8564262270
0.6255651640
0.7865145548
0.7950238956
0.7693526102
0.7936202349
0.6860587667
0.7496564711
0.6875771717
0.7661910504
0.8748189860
0.8020324029
0.7244420555
0.8394732963
0.7949559297
0.8474406574
0.7430029227
0.9361991837
0.8699075906
0.8312965774
0.7322695272
0.7392913132
0.8228895507
0.8657863017
0.8690366750
0.7003603881
0.6840899570
0.7349688160
0.8254521133
0.6838913619
0.8071452718
0.8076970625
1.0176696417
0.8731855636
0.8175002080
0.8179242555
0.9955860395
0.8204168503
0.8784535552
0.8722171039
1.0192408913
0.6904841769
0.9292813932
0.8141547643
0.8102198218
0.9090412681
0.7761158348
0.8247283955
0.7895910604
0.9211046673
0.9743717678
0.8670771580
0.7974116526
0.8276059916
0.9939523627
0.9042971364
0.8601034062
1.0027502185
0.9115839413
0.8753309055
0.9497147912
0.7566580682
0.7807118048
0.9011447002
0.7904312077
0.7601542816
0.8112887205
0.6859002856
0.8983148007
0.9941730595
0.9990537167
0.9309553444
0.8657724899
0.9575071304
1.0548483434
0.9048512768
1.0354168731
0.9343224571
0.9341124611
0.9343502687
0.7211140987
0.9226594151
1.1166658948
0.7598958701
0.9406254995
1.0242289951
0.7715277936
0.9710769781
0.9280483535
1.0110607929
0.9571002724
0.9530915284
0.8608558280
0.9670155093
0.9788076577
1.0596226708
0.9476466676
0.9905677062
1.0167538199
0.9799799015
0.9026132272
0.8646534128
0.8855009152
0.8109162124
0.9557969265
1.0315489577
0.9253626018
0.9222181789
0.9815934496
0.9285022257
0.9537536769
1.0163591511
1.0923971857
1.0348918590
0.9778772569
