-1.0705501234
-0.8706101327
-0.8582279382
-0.9714737534
-0.9542731604
-0.9883003241
-1.0501670701
-1.1426968132
-0.9238637863
-1.1360662674
-0.9541358124
-0.7784528463
-1.0162327526
-1.1336088883
-0.9901107267
-0.7778654033
-1.1314769618
-1.0532062862
-0.9411050138
-1.0099296077
-0.8855416066
-0.9586206038
-0.9842994807
-1.0207836343
-1.0367143848
-0.7709476022
-1.0687885197
-0.8644316169
-0.9561086725
-1.0180012603
-0.9720520476
-1.0887384253
-0.7038993229
-1.0247022457
-0.9013312283
-1.0156544940
-1.0530749104
-0.8951782414
-0.9469601006
-0.9909356635
-0.8514282090
-0.8885519764
-1.0042660332
-0.8447545352
-0.9537159726
-0.8981666674
-0.9610058867
-0.8369299744
-0.9261072306
-0.8449519766
-0.7000351932
-0.8632519314
-0.9260339631
-0.9407179334
-0.9783199583
-0.9891556481
-0.9775256116
-0.8324665462
-1.0728032026
-1.0108310926
-0.8362405446
-0.9135918228
-0.7190721610
-0.9320373967
-0.8312315350
-0.8084358049
-0.7610571951
-0.9670751653
-0.9131999092
-0.7749572492
-0.8242285897
-0.9446429012
-0.9082883863
-0.9706911390
-0.9295838602
-0.8750698936
-0.8691090316
-0.7906423219
-0.8324071850
-0.7875258629
-0.9060481089
-0.8970734903
-1.0564589215
-0.8933418530
-0.9121901497
-0.7679103430
-0.6340134201
-0.8632188339
-0.7267637131
-0.6711240926
-0.9842852335
-0.6928896706
-0.9007661006
-0.7856445100
-0.9192000091
-0.8182749031
-0.8533637363
-0.7779612665
-0.7247979002
-0.7493732542
-0.7613116737
-0.6630079254
-0.8663236438
-0.7491470094
-0.7485903545
-0.7432215031
-0.5440553882
-0.8010258043
-0.7687422173
-0.8448245982
-0.8507196224
-0.7892411394
-0.7020546727
-0.7463305785
-0.7937814430
-0.7858171995
-0.7853486361
-0.5633376101
-0.6928073008
-0.7820486414
-0.7765648763
-0.6140110776
-0.7219441553
-0.6678779461
-0.7820932254
-0.7613691405
-0.6632728238
-0.7500062524
-0.5982636039
-0.5953327213
-0.8779979499
-0.6922426531
-0.7740732250
-0.7041366860
-0.7969253526
-0.6247394376
-0.5589474923
-0.7216732338
-0.8941055957
-0.8172788438
-0.6982787377
-0.6814245265
-0.7106617637
-0.7180333904
-0.7358831459
-0.7078600597
-0.7251729100
-0.6120256119
-0.7865450210
-0.7421121419
-0.7737755396
-0.6838708598
-0.7766780436
-0.6071685576
-0.7044931297
-0.8648207498
-0.7118390336
-0.7421362073
-0.6198183940
-0.6609599762
-0.5886316114
-0.6124108603
-0.7918233865
-0.7637130481
-0.8402574413
-0.7049356859
-0.6339883697
-0.6317912555
-0.7099326225
-0.5894130835
-0.6909816319
-0.6132020985
-0.5657298938
-0.6811925874
-0.6650759630
-0.7272088590
-0.5213164748
-0.7512019745
-0.7652535554
-0.5513551850
-0.7039685896
-0.6704043062
-0.6409747017
-0.6582921100
-0.5526650867
-0.6692386740
-0.5673085910
-0.5457694582
-0.6622634603
-0.7575977630
-0.6415407333
-0.4909132240
-0.6561894939
-0.5473585010
-0.6654830895
-0.5428381084
-0.5946554036
-0.6509411376
-0.6735725272
-0.5928082065
-0.6121018951
-0.6715617086
-0.7046561597
-0.6576192584
-0.5784773327
-0.5514282361
-0.7283831509
-0.6005390111
-0.6442650686
-0.6033689843
-0.6741717611
-0.7160358671
-0.6210783978
-0.5937706780
-0.6865702146
-0.7047025244
-0.4355091365
-0.5925708548
-0.4912735781
-0.5955873643
-0.4562406225
-0.6207402492
-0.6242460844
-0.5628227598
-0.5921623528
-0.6230748251
-0.5721120927
-0.3763774851
-0.6557525850
-0.4511886119
-0.5470436565
-0.6287181766
-0.6694894143
-0.5432661953
-0.4734540918
-0.5195673923
-0.5561384811
-0.5108894269
-0.4834272304
-0.6049934898
-0.4500851034
-0.7671230131
-0.3615351862
-0.5117240154
-0.4875310396
-0.5456312001
-0.4747511498
-0.6146402635
-0.5799283900
-0.3713072534
-0.5283001477
-0.6006468987
-0.4523878690
-0.6339888282
-0.3580566652
-0.4568206016
-0.5564821115
-0.5210591871
-0.3407170572
-0.3564512376
-0.3541553413
-0.5030078186
-0.5169282430
-0.4392718616
-0.5589602294
-0.3110944367
-0.2667250225
-0.4253648565
-0.4644067984
-0.5621160153
-0.3102937132
-0.5364649342
-0.4661742320
-0.3841169395
-0.5118093338
-0.3589102068
-0.5182715641
-0.4467370480
-0.4658410512
-0.6019090113
-0.4505757065
-0.3309036677
-0.4889082455
-0.4803712267
-0.2991000617
-0.3446591698
-0.1998219199
-0.4209868257
-0.5108728535
-0.4612219776
-0.4158521063
-0.4901594168
-0.4306107007
-0.3753296078
-0.2991124859
-0.4436029261
-0.4433357148
-0.4296417889
-0.3589432740
-0.5155836497
-0.2440403650
-0.3703908749
-0.3442596059
-0.2845391775
-0.4922827966
-0.3886790938
-0.4097739222
-0.4926685303
-0.3692438901
-0.1076913223
-0.3485629520
-0.3722708410
-0.3492594142
-0.3961984699
-0.4314779835
-0.4621891129
-0.2086326011
-0.3504211949
-0.3910327506
-0.3507358281
-0.3738530421
-0.3281507347
-0.3401485623
-0.2098755077
-0.3519379345
-0.5347275542
-0.2971766471
-0.5218636158
-0.3063764003
-0.4696901119
-0.4326838456
-0.3589530384
-0.4201473417
-0.4147166521
-0.2730948147
-0.2307414213
-0.3354327521
-0.4203718891
-0.2724342443
-0.3732504554
-0.2427680040
-0.2213032186
-0.4126838961
-0.4202576400
-0.4502138220
-0.3010368742
-0.4238794358
-0.2788925085
-0.3341918461
-0.1257892567
-0.3463427955
-0.2653109344
-0.1996555385
-0.3117020702
-0.4306035282
-0.2770495929
-0.2320903043
-0.3804925775
-0.2996884532
-0.4388089496
-0.3026447058
-0.2440231210
-0.1856765977
-0.4342879150
-0.2990026160
-0.2145181420
-0.3905162169
-0.3816287679
-0.2737652278
-0.2203692327
-0.3105297144
-0.3659245677
-0.1621264406
-0.1106920041
-0.4273676139
-0.1773957367
-0.3157850081
-0.2616021957
-0.1719289299
-0.2353967562
-0.1389754117
-0.2546534482
-0.1757905755
-0.3929306769
-0.1901145792
-0.4094789471
-0.2817666566
-0.4449842211
-0.2447491139
-0.2037113749
-0.0830872441
-0.2334256864
-0.3089274782
-0.2472425033
-0.2352170869
-0.1456584223
-0.0796075621
-0.2375019882
-0.2820374904
-0.1996725834
-0.1887856640
-0.1748105480
-0.1994368397
-0.2117347985
-0.2437144564
-0.1661817709
-0.2263701515
-0.2035435676
-0.1080351009
-0.1681493466
-0.2543114147
-0.1855934223
-0.2278661807
-0.1321666231
-0.2565346512
-0.0636458189
-0.1870260790
-0.1180974505
-0.0869298338
-0.2491679134
-0.1794686944
-0.0105126599
-0.0753672292
-0.2399865526
-0.0906728970
-0.1122780420
-0.1778133494
-0.2135778947
-0.1751301751
-0.1426142119
-0.2231368328
-0.0186183601
-0.0646998177
-0.0175506728
-0.0105850415
-0.1432695487
-0.0229802984
-0.1103371414
-0.0838224401
-0.0878520989
-0.0466139010
-0.1387815868
-0.1134856532
0.0170502085
-0.2548430373
-0.1196992197
-0.0716264861
-0.1300031925
-0.1170996175
-0.0847714160
-0.1460876670
-0.0485615203
-0.2332723853
-0.1375283611
-0.1137054945
-0.0235049161
-0.1229172324
-0.0926794866
-0.0605218769
-0.1594428940
-0.1556181144
-0.0747342447
-0.1033982708
-0.1881537986
-0.0358694228
-0.2131260222
-0.0864464828
-0.0844668063
-0.0628998480
0.1034527172
-0.1652533131
-0.0533149138
-0.0803491213
0.0354617376
-0.0285916619
-0.0399239144
-0.1554673620
-0.0249230247
-0.0342239619
-0.0747042148
0.0643581433
-0.0836994306
-0.0542144287
-0.0418325196
0.0962469492
-0.2994964547
-0.0659674676
-0.0896015096
-0.1090544637
-0.0365776587
-0.1354890499
0.0153569381
0.0305322127
0.0501957639
0.0704154511
-0.0303193499
-0.1302030414
0.1155447984
-0.0224062850
0.0578069837
0.0429912324
-0.0628285307
0.0067396066
-0.0415271439
-0.0210262562
0.0935973092
-0.0454620323
-0.1455167467
0.1718939710
0.0065862471
0.1966408397
0.0759651446
0.1007761321
-0.0779593484
0.0561042017
-0.0207022576
-0.0311110392
0.0824076285
-0.0585393510
0.1513097537
0.0441873085
0.2203663410
0.2387254926
0.0932837111
0.1521026340
-0.0579646950
0.0594855672
-0.0518956596
-0.0448987471
0.1581223375
0.0094812376
0.0843911624
-0.0067986935
-0.0346056446
0.0259145125
0.1093100568
-0.0267901796
0.0186427182
0.0540628302
0.1011823217
0.0465970245
0.0702611671
0.0942982616
0.1264422363
0.0219678077
0.0466772451
0.0957497685
-0.0286654243
-0.0239205129
0.1700878159
0.1707359623
0.1997306670
0.0988558053
-0.0083234763
0.0269076697
0.1684054787
0.1812779517
0.0075313360
0.3837899095
-0.0358554972
0.1145953143
0.2462128130
0.0484597853
0.2483201519
0.2188932830
0.1043928208
0.1649600734
0.2523205572
0.1355924039
0.2261532357
0.1362517951
0.1449030333
0.0952415296
0.1291420993
0.2691431590
0.1518690850
0.2259282691
0.0643961370
0.1746326574
0.1207919234
0.1831305205
0.1090239064
0.1942657846
0.2312856883
0.1085938921
0.0686899809
0.1856198272
0.2702556968
0.1818206216
0.1230181827
0.2054913547
0.2901852856
0.0484216460
0.1037839483
0.2217842048
0.0777469786
0.2048548569
0.2882324060
0.1795916150
0.1424448332
0.2573796747
0.2375830879
0.1595418625
0.1393651024
0.0768146259
0.3576163226
0.1481173535
0.1770730061
0.2452977484
0.3565688925
0.3947744677
0.4052943458
0.1707361996
0.2208657406
0.0516569203
0.4108072773
0.1828052475
0.2141678331
0.2326412377
0.2155418065
0.2775892481
0.2321607292
0.2253805893
0.2114191839
0.2373544319
0.4078488650
0.1750487732
0.2362171849
0.1577217503
0.1904654221
0.3091649767
0.3336598231
0.2276390055
0.1415731574
0.3398753683
0.3405840518
0.2021639136
0.3420873128
0.2836319272
0.2002922126
0.3177743510
0.1553229418
0.3610479457
0.1480748510
0.1879718024
0.3489092894
0.2966418914
0.2682633545
0.2756457710
0.2572061491
0.4710986534
0.3524306321
0.4463809449
0.3049606324
0.2761172105
0.2993389134
0.2730589177
0.3801354648
0.3041091478
0.2105903191
0.2613561079
0.1841235436
0.4570096853
0.3579135368
0.2851080977
0.3374644464
0.3930698086
0.3459818343
0.2184786489
0.1426172372
0.1710775027
0.3720515344
0.4572399243
0.2753823311
0.3516975832
0.3507616121
0.3886599683
0.4215963680
0.4932549678
0.3891807223
0.3461206700
0.2258729429
0.4093266574
0.4952924488
0.4787471407
0.3405491440
0.4505283726
0.2947718593
0.3728481794
0.2405329701
0.2777211256
0.3742862280
0.3417413520
0.3754589374
0.2132743230
0.3556156224
0.3056699078
0.3746780057
0.3908051352
0.4005313516
0.4534320126
0.5279365752
0.4367126450
0.2453681810
0.3768748982
0.3825659421
0.5532448048
0.3921011838
0.4212881160
0.4602033940
0.4526088636
0.4664821453
0.3847967402
0.5983788360
0.4567559624
0.3471780693
0.2725940921
0.3719511642
0.3752046267
0.4577873816
0.4838875414
0.4792186817
0.5135982396
0.3321685502
0.4652822200
0.2916964782
0.3838864122
0.5773774003
0.5389008045
0.5781921995
0.3223077234
0.4544779864
0.3603483545
0.5560866203
0.3586757188
0.5159801633
0.3178290212
0.4809604616
0.3019295575
0.4168945418
0.4702181007
0.4956336951
0.3069723744
0.3983635949
0.4521427822
0.6055160054
0.5591100272
0.5986793136
0.5126280779
0.4369893080
0.6398738897
0.5311453754
0.4372290441
0.4914811833
0.3874802912
0.4317203442
0.4801799515
0.5294818542
0.4919868621
0.6910570023
0.4903051782
0.6004197411
0.5565356473
0.5363304420
0.4931034523
0.3412956797
0.4008098099
0.5490455490
0.4630096025
0.5158048191
0.4060152573
0.5475008614
0.4993626415
0.5233836440
0.7040757031
0.5006989960
0.4887396904
0.5372957288
0.6024705821
0.5412623682
0.6425505332
0.5279520745
0.6547946841
0.5183185403
0.5528323238
0.6191764477
0.5419550544
0.5574046877
0.5920784276
0.5481167903
0.4630529748
0.5255540010
0.5416680693
0.6156774358
0.5512810624
0.5452505440
0.6215969310
0.7397373150
0.6555715481
0.6875018157
0.6357848891
0.5378636432
0.6288923770
0.7472129690
0.6575400500
0.5730794561
0.7273483474
0.6261251357
0.6944749762
0.6554581298
0.6142493825
0.4646569260
0.6638739849
0.6909009003
0.8187424918
0.5234515941
0.6312830202
0.6728362957
0.7138915460
0.6626223054
0.6011246710
0.6833185874
0.7909974054
0.6353417163
0.6786152327
0.6729373537
0.5438961799
0.7125490668
0.6743142643
0.6708029108
0.6296568933
0.6162541248
0.6305207799
0.7824430248
0.7014259118
0.7681997565
0.7364852528
0.6390478946
0.6142086739
0.5169783794
0.6993354037
0.7291295903
0.8249759145
0.7186251397
0.6524128736
0.6331225412
0.7054015134
0.5783996854
0.4812503394
0.4796257549
0.7181192088
0.7116778838
0.6277235655
0.6159618790
0.5153578899
0.7283709501
0.9131519348
0.7123594944
0.7628062653
0.7826495775
0.7255570492
0.6394525798
0.8095651878
0.8373043358
0.6992908577
0.6293405255
0.7130192225
0.7000428992
0.7787609144
0.7100753462
0.8042973432
0.6950656005
0.6813375825
0.6863144392
0.6695955191
0.6524404979
0.8031774009
0.7984259913
0.6890543719
0.7043018131
0.6977243672
0.8045246104
0.6849472881
0.7911988414
0.7710845846
0.6951707344
0.6954486879
0.8396874469
0.7288786980
0.7850318280
0.8694624780
0.5877003418
0.8931154872
0.8358066687
0.8546898342
0.8334262054
0.7151185717
0.7031519241
0.8473549701
0.7228773440
0.7702440666
0.6958651381
0.7205525891
0.7785467059
0.7064989639
0.8707406604
0.8378503872
0.8287754405
0.7603953132
0.8614261227
0.9202684760
0.8770450949
0.8482064260
0.8922405125
0.9182919216
0.7186094248
0.9214965568
0.8976087742
0.7675273471
0.8484262654
0.8580523363
0.7703785406
1.0139688743
0.8908029458
0.7851126272
0.8691338502
0.7406486263
0.7534154052
0.8334709397
0.8092490651
0.7432485084
0.8646634579
0.8702350957
0.8774419398
0.8119134739
0.8781908092
0.9167655601
0.8995366888
0.9177912113
0.9821930856
0.8532086642
0.8780131705
0.8642516752
0.8227045723
0.9260798246
0.8106666103
1.0604449409
0.8597784547
0.8649775663
0.8451601905
0.9541769493
0.9150919893
0.9134679350
0.9641128001
0.8542053887
0.7829791235
0.8468759118
0.8594437462
0.6767531950
0.9383911190
1.1060279787
0.9738040393
0.9749589920
0.9019608689
0.8807582963
0.9582330167
0.9733924265
1.1310103894
0.7990257046
0.9464474310
1.0113727372
0.8875702513
0.8845068793
0.9077361934
0.9034936138
0.8802759093
0.9301102073
0.9068484891
0.8106248137
0.9695917041
0.9889474240
1.0328883443
0.9844226391
1.0140205874
0.8273319608
1.0167946870
0.9906961068
1.0452470792
1.0311026786
0.9114565650
0.8462437854
1.0800464087
1.1869422806
0.9688870835
0.8394917225
0.9276508030
0.9658252099
0.9389568482
1.0124766226
0.9372864613
