-1.0253352914
-0.9725007287
-1.0047723565
-1.0390007325
-1.0223847915
-1.1449341636
-1.1278495371
-0.9942836783
-1.0304476316
-1.0508411753
-0.9135284493
-1.1200721590
-1.0664866360
-0.9521143211
-0.9390780657
-0.9103935327
-1.0741704268
-1.0388122025
-1.0133551392
-0.9482792364
-0.9690107971
-0.7778442359
-1.0736835121
-0.9086509242
-0.9171056826
-0.9326183513
-1.0313944140
-1.0074470724
-0.9657885558
-0.9865133068
-0.8884996837
-0.8985865640
-0.9937463943
-0.9297879533
-0.9941815930
-0.9216629404
-0.9516178719
-1.0949283324
-1.0673659784
-0.9861178537
-0.9185480315
-0.9083876089
-0.9156988750
-1.0415327945
-0.8458346715
-0.9280230560
-1.0094739932
-0.9331421357
-0.8368114604
-0.8335045307
-0.9608327067
-0.9120992518
-0.9943965921
-0.8805293492
-0.9126040346
-0.9330496918
-1.1257362101
-0.9378694363
-0.8965774189
-0.8867004108
-0.8336597323
-0.9333666659
-0.8398751263
-0.9228713127
-0.8749248982
-0.8398389341
-0.8707342718
-0.9227600274
-0.8564929008
-0.9440478326
-0.7539652386
-1.0607772571
-0.8816186953
-0.7957316914
-0.6927036668
-0.8675960271
-0.7206992775
-0.8143382278
-0.9353998450
-0.9404772276
-0.9564540770
-0.9018276381
-0.7664604121
-0.7847983717
-0.7649633341
-0.8431214981
-0.8185831500
-0.7474770251
-0.8589191945
-0.7277584929
-0.7947148955
-0.6639063154
-0.7914809617
-0.9604765100
-0.8627848624
-0.8412250014
-1.0345085432
-0.7051469995
-0.8253942432
-0.7112334234
-0.7746283301
-0.9324426951
-0.7948631535
-0.8743131235
-0.7994624186
-0.8048075423
-0.8115276630
-0.9111018943
-0.8517645863
-0.9315435548
-0.6975458214
-0.8388546330
-0.7715790350
-0.6605689623
-0.7275319738
-0.8557173057
-0.7858815683
-0.8452740541
-0.7149273423
-0.8338187266
-0.7436123470
-0.6715317440
-0.6918430935
-0.7635683743
-0.6913742580
-0.8051148321
-0.7582170813
-0.6991676523
-0.8355579440
-0.7161447042
-0.7134423011
-0.6027464937
-0.7468261329
-0.8719958388
-0.8679543095
-0.6977004878
-0.6880938807
-0.7350935514
-0.6439725599
-0.9335708628
-0.7757547169
-0.7071662586
-0.7980480117
-0.6148254979
-0.6117146401
-0.7924529034
-0.7007539921
-0.6405353682
-0.6860539145
-0.5938042268
-0.5766620618
-0.8639977803
-0.9091708088
-0.6629330185
-0.8654662795
-0.6946322646
-0.6455414127
-0.6606128558
-0.7291693531
-0.7902239684
-0.7730489766
-0.7812088453
-0.7702800089
-0.6531798754
-0.7269708875
-0.4805222377
-0.6958204315
-0.5276830009
-0.5880549072
-0.6899808292
-0.6824185622
-0.6948480306
-0.6174497997
-0.8361491390
-0.5824070174
-0.7703432950
-0.6629829201
-0.8916429564
-0.6842430731
-0.6675967704
-0.6328261105
-0.5589629510
-0.4855932267
-0.6326422150
-0.4604391914
-0.7288354751
-0.6129255320
-0.7299451452
-0.5420215460
-0.8610471640
-0.6061376473
-0.6659864327
-0.6870245882
-0.6037345366
-0.5925229810
-0.6194943455
-0.7812901130
-0.6480866956
-0.6476137493
-0.7196642357
-0.5098146721
-0.6551634094
-0.6466129488
-0.7272487338
-0.5772234765
-0.6495679996
-0.5276340617
-0.5074093723
-0.4535545489
-0.7303563185
-0.5845350959
-0.5217915350
-0.6459037975
-0.5675150064
-0.4870768417
-0.6598966670
-0.6099010463
-0.7155943587
-0.4830661713
-0.6235052680
-0.5766051774
-0.6095272354
-0.4483331761
-0.5297514171
-0.4223967047
-0.5050189240
-0.4928564535
-0.5651414933
-0.5983700624
-0.4924814372
-0.4301701255
-0.5720212599
-0.6322156026
-0.6102289119
-0.5074746473
-0.5692842652
-0.6369437919
-0.5380270311
-0.5622896414
-0.6322259478
-0.5953075764
-0.4779036149
-0.5688508874
-0.5119615164
-0.6552454500
-0.5249484733
-0.5537645297
-0.3928802628
-0.5045409533
-0.6444514528
-0.6178062102
-0.5734320189
-0.4424171982
-0.5639747352
-0.4343508809
-0.5139991708
-0.5647741583
-0.3932747952
-0.3912414200
-0.5815473361
-0.3752717650
-0.4600435396
-0.4674561141
-0.4233730298
-0.3647485101
-0.4777586949
-0.4790636041
-0.3180053702
-0.3119182414
-0.3652322030
-0.4879243151
-0.4507438410
-0.4001299349
-0.4899133173
-0.3728358607
-0.4951365530
-0.4081379168
-0.4017941452
-0.4095018770
-0.4497411094
-0.4415642340
-0.3496322029
-0.4530378501
-0.4703752367
-0.4050169002
-0.3008456131
-0.4142872690
-0.5469427547
-0.5294308987
-0.3639200859
-0.4220419784
-0.4192110807
-0.3194306010
-0.4791142953
-0.4487088747
-0.3650211529
-0.4578558579
-0.4891131990
-0.4191593902
-0.3858782450
-0.4064323333
-0.5411369817
-0.3779747339
-0.2654809122
-0.5151725535
-0.3165787801
-0.3616658546
-0.4057857080
-0.4289529081
-0.4519604334
-0.3205309906
-0.4244625264
-0.3824196731
-0.4055635553
-0.4391615674
-0.3499201157
-0.4989697192
-0.3921149164
-0.1497219020
-0.3746115546
-0.2187018504
-0.3943293893
-0.3891803450
-0.3000608472
-0.5217843691
-0.3122626525
-0.4309452216
-0.3463312993
-0.2809574938
-0.4762776021
-0.3352343544
-0.2293944139
-0.2211051238
-0.3698302033
-0.4403382597
-0.3696578432
-0.3357838074
-0.3479134566
-0.1748951608
-0.4047958457
-0.3514179092
-0.2258074645
-0.2900818483
-0.3198858289
-0.5949915600
-0.4030490004
-0.3604840359
-0.2789416754
-0.1719159419
-0.2576703132
-0.1214138618
-0.3305706248
-0.3584124446
-0.3201010770
-0.4297942728
-0.3896788404
-0.1963533866
-0.2744690972
-0.3625717966
-0.1555323876
-0.2676663519
-0.3496231794
-0.4078527419
-0.1055809552
-0.2222037547
-0.2576327322
-0.3153093928
-0.2809649175
-0.2065900578
-0.3027538802
-0.3137199267
-0.1875535053
-0.3067837251
-0.1894115893
-0.2201214583
-0.2729505599
-0.2296902930
-0.3301583818
-0.2408866834
-0.2716805717
-0.2638417695
-0.2971658985
-0.3478104447
-0.3021068402
-0.2238310963
-0.2022315946
-0.2164075939
-0.1723391132
-0.1619038579
-0.1299009358
-0.3090831918
-0.2088525026
-0.1397302982
-0.1949917031
-0.1920312999
-0.3204094610
-0.2021377231
-0.2334897495
-0.3442900310
-0.2771243520
-0.3076063849
-0.2566882252
-0.2440169428
-0.2523278437
-0.2899261737
-0.2163169792
-0.2316703782
-0.3359320702
-0.2231827114
-0.1719782414
-0.0464522197
-0.3033133878
-0.0712629228
-0.2526497593
-0.0526666288
-0.1098815753
-0.0511691756
-0.1590195709
0.0481117934
-0.2336357609
-0.1230012135
-0.2051102425
-0.0497338172
-0.1835623207
-0.1656575049
-0.1836761532
-0.0352838761
-0.0855283146
-0.0843026660
-0.2150962010
-0.0749725979
-0.2586378906
-0.1050951059
-0.1565258249
-0.2334035353
-0.1313772435
-0.1158235227
-0.0535474286
-0.1254953743
-0.2461492399
-0.1531485742
-0.0271571213
-0.1905601607
-0.0800150610
-0.1111674063
-0.3302605441
-0.1171168144
-0.1380809457
-0.1152497207
-0.0606078009
-0.2247965531
-0.0584339433
0.0047798111
-0.2081430067
-0.0756187943
-0.1244300124
-0.0167842931
0.0950467970
-0.0774708843
-0.0900994462
-0.1117458363
-0.1081520188
-0.1565517778
-0.0190965490
-0.0344249374
-0.1151012438
-0.2278398429
-0.0024509049
-0.2457894683
-0.0066279422
-0.0060300249
-0.1077497761
-0.0198245518
0.0286355143
-0.2024972966
-0.1468001006
-0.0133810566
0.0229174380
0.0464919795
-0.1075669770
0.0911526414
-0.0712192131
-0.0510174514
-0.0541132358
0.0777629272
-0.0218185352
-0.0060911322
-0.0831073145
0.0761758400
-0.0175825650
-0.1140808542
0.1074425665
0.0983947796
-0.0092913829
-0.1124960533
-0.0351321550
-0.0714835700
0.0181580992
0.0100147823
-0.0659455580
0.0420831863
0.1166885924
-0.0121787862
0.1122857437
-0.0146839455
0.0116205352
-0.1342417562
-0.0840202405
-0.0377115656
0.0372901888
-0.0870930011
-0.0005364981
0.0416758012
0.1767290688
0.0691340289
0.1823572258
0.0189983494
0.0089471515
-0.0533992026
0.0678899783
-0.0049226978
0.1194793050
0.2200027259
0.1274915252
-0.0457977162
-0.0359651834
-0.0165140111
-0.0559285515
-0.1067785158
-0.1366087787
0.1128792878
0.1387845365
-0.0180116291
0.1275031095
0.1146584213
0.1147716846
0.2228577737
0.1321230458
0.0671490592
0.0538954576
-0.0355319876
0.1548613954
-0.0333760731
-0.0063799806
0.0217783321
0.1003738343
0.1430267276
0.1819655647
0.1116508849
0.0555048777
0.0089776824
0.0522226513
0.0943352266
0.0238761079
0.0539387365
0.1094978309
0.2575527457
0.1723945971
0.1587118518
0.3531918180
0.1596340532
0.0970251206
0.2019241281
0.0289905929
0.0002031347
0.1981423402
0.2441213373
0.0982788054
0.2435025240
0.1806183045
0.1252781286
0.1599691027
0.0258981089
0.2344355497
0.0947091547
0.2405440815
0.1275250913
0.2487118593
0.0539416072
0.2541259145
0.2014581952
-0.0685868146
0.1321301436
-0.0105200504
0.1596635208
0.1404864322
0.2158747126
0.3634491117
0.1125003986
0.0969019362
0.1506248633
0.0299300568
0.1014310886
0.1891121227
0.2245300040
0.3316188761
0.1815492983
0.1439847687
0.2948435036
0.1985605035
0.1483060895
0.1294069018
0.2323354959
0.2964489405
0.3943969438
0.2212570855
0.2817598588
0.3308117201
0.0996136352
0.2186008002
0.1659833764
0.2766469871
0.2403049013
0.1283108932
0.1155507220
0.1036469425
0.1648592793
0.2528929129
0.2457596446
0.2887398000
0.1294307692
0.1966376058
0.2368189747
0.3000364276
0.1045297150
0.2260188116
0.2032922740
0.2029915984
0.1367258846
0.2163659118
0.1335258998
0.1053880740
0.3346859906
0.3602741922
0.2127780130
0.3383874899
0.2658407323
0.1474600416
0.2252011529
0.2816827099
0.3855919323
0.3136934174
0.5141205150
0.2614418429
0.3486589978
0.3603769526
0.2442063485
0.3737695436
0.3277353184
0.3855530426
0.4882555900
0.3180808329
0.1738130453
0.3646756517
0.3216149423
0.4309505017
0.3135052229
0.2476050343
0.4798109137
0.3265992568
0.4042893106
0.3950388072
0.3253741986
0.4690836689
0.3218778796
0.4180046572
0.3579737259
0.1551399522
0.2917966421
0.3013156822
0.3833663931
0.1529234640
0.4592491566
0.1275883487
0.4169704375
0.2781267472
0.2629640123
0.4777271505
0.3059309606
0.2315461686
0.3499314755
0.4119610366
0.4626217813
0.3685309747
0.4357414967
0.4535309246
0.3398260698
0.4249861160
0.3238475608
0.3985343126
0.3586414109
0.2968132914
0.4120844607
0.4044314078
0.2615038396
0.3631517833
0.3806457610
0.3776320450
0.4782962026
0.3253541640
0.3700587190
0.4203746598
0.4895671459
0.4608371152
0.4321847181
0.4566040738
0.4888579510
0.4915700017
0.3078407206
0.5246450174
0.5265457510
0.4741050489
0.4311450357
0.3313648405
0.4439818847
0.5012740439
0.3337117304
0.4047600671
0.4237150374
0.5637424755
0.5718577475
0.4266385504
0.4108604790
0.3694505793
0.4981212125
0.4548579745
0.5090521890
0.5386881893
0.5547870730
0.5530863575
0.4208370888
0.4522707905
0.5043819393
0.4054668102
0.4930030622
0.5151727997
0.5444516570
0.4862508687
0.3254984468
0.3659715382
0.6028095693
0.4305552066
0.5682831358
0.6176651560
0.3164469073
0.3765979816
0.5446020748
0.7084225764
0.5074619543
0.4679554277
0.4236358784
0.5634782172
0.5067908617
0.4679025553
0.4530668019
0.5416444147
0.2959368972
0.4447275597
0.5669282506
0.7512475010
0.5734979792
0.4695845763
0.5142506566
0.5102170853
0.6365318356
0.5906344870
0.4442301502
0.4473299432
0.5671102179
0.5252109206
0.5288866999
0.6228548870
0.5474856496
0.5815066943
0.7285586286
0.5974844053
0.5666788946
0.6235894390
0.5503073723
0.4232126577
0.5719681390
0.6999676445
0.6674438706
0.5263527235
0.5751255586
0.5311614894
0.5268411512
0.7702364621
0.5837044940
0.5780265947
0.6918703449
0.5547466008
0.4341892357
0.6497710086
0.6220555198
0.5789466939
0.5250536575
0.8330995934
0.7331875353
0.7242906143
0.6858201564
0.5786103451
0.6889382762
0.5503291595
0.6571851379
0.6095709634
0.6605382924
0.5466921303
0.6158612269
0.5947256002
0.6688614100
0.6050014322
0.6196755749
0.6722540430
0.6517331481
0.6986969244
0.7151144669
0.5319452525
0.5622519258
0.5978741432
0.6295948821
0.6248212845
0.6261164557
0.5820499959
0.7075535015
0.5991494334
0.6248927629
0.7523129828
0.5525899890
0.5869184183
0.6999861933
0.5921676697
0.5790900145
0.6469857985
0.5405034461
0.5248487360
0.6971888628
0.6646479375
0.8912438298
0.5822617314
0.5729929597
0.5790481634
0.6308931076
0.6654481845
0.5942478232
0.6827379662
0.6760412638
0.6734879874
0.6841434847
0.5968261355
0.7364510771
0.8712093678
0.7332864811
0.6028418327
0.7818963154
0.8253474085
0.7429576235
0.7106037417
0.7950877401
0.7214236162
0.7311764917
0.7853044413
0.7481511626
0.6445432006
0.8236835664
0.7822435092
0.7933574156
0.7445893533
0.6210142710
0.6245533738
0.5367547799
0.7736671863
0.6755427739
0.7750637977
0.8812090287
0.8343616197
0.8008429416
0.6142373384
0.7364947508
0.8529234389
0.8554763570
0.8104532160
0.7045703273
0.7534558549
0.8009564936
0.8366658880
0.6172137248
0.8030959864
0.7988251167
0.7556981533
0.7872621805
0.7123683569
0.7801889170
0.6962345870
0.7505225149
0.8675288042
0.7851914499
0.7167329420
0.8302865864
0.8022327583
0.8747774534
0.7576456175
0.9412217975
0.8620763951
0.8512347947
0.7622936608
0.7237957761
0.8218863708
0.8680812785
0.8547652379
0.7001852718
0.7224725808
0.7269682916
0.8196798470
0.7096740005
0.8291299829
0.8264607447
1.0167106910
0.8629202143
0.8064646360
0.8170888575
0.9842629157
0.8291929748
0.9223729245
0.8675786323
1.0281165766
0.6986483013
0.9202419695
0.8027418957
0.7874025295
0.9156745653
0.7846704532
0.8405145232
0.7783760268
0.9255253698
0.9836036625
0.8503448955
0.7996129548
0.8074796796
0.9939676127
0.9050493722
0.8862106906
0.9869706196
0.9093931068
0.8850247365
0.9335349586
0.7705698965
0.7665704398
0.8804774747
0.8058313276
0.7779049602
0.8148854877
0.6805483342
0.9031546539
1.0047280836
0.9722739156
0.9200112798
0.8740785036
0.9533662799
1.0619755993
0.8978738500
1.0513336910
0.9251556516
0.9420165803
0.9522181454
0.7182073106
0.9099896762
1.1141323781
0.7722481968
0.9517402592
1.0016730471
0.8039574368
0.9933256161
0.9420148308
1.0083039292
0.9677386332
0.9821377962
0.8776062091
0.9884064506
0.9675699798
1.0531972773
0.9496338309
1.0054644849
1.0170327331
0.9855874945
0.9122031086
0.8460249559
0.8801370792
0.8254757437
0.9660177850
1.0476189795
0.9119535446
0.9390167376
0.9987934289
0.9373986170
0.9322097387
1.0128712284
1.0983040284
1.0184737678
0.9823825468
