-1.0001302552
-0.9683650099
-1.0144190273
-1.0606867688
-1.0081107820
-1.1461604031
-1.1153457012
-0.9964096162
-1.0433535586
-1.0301501970
-0.9101016078
-1.1355571951
-1.0859470199
-0.9692702841
-0.9424592702
-0.8737704379
-1.0648581502
-1.0269620699
-1.0093607700
-0.9395887600
-0.9633571386
-0.7804446137
-1.0747977645
-0.9342806908
-0.9074023296
-0.9146843992
-1.0391181423
-0.9945906420
-0.9835909637
-0.9696975643
-0.9023270705
-0.8790223301
-0.9383374970
-0.9205375139
-0.9869253879
-0.9241451297
-0.9490659023
-1.1033357268
-1.0528519087
-0.9787436825
-0.9167423708
-0.9017124600
-0.9156026095
-1.0309680274
-0.8447850635
-0.9441865415
-1.0310824661
-0.9326113622
-0.8162235879
-0.8172850523
-0.9454507199
-0.9144169494
-1.0136901307
-0.8839479809
-0.9073566553
-0.9419922301
-1.1291147151
-0.9450364991
-0.8864131257
-0.8994294377
-0.8605386506
-0.9183588647
-0.8288928712
-0.9005870906
-0.8805505445
-0.8622986590
-0.8674274275
-0.9020039068
-0.8599556372
-0.9341864054
-0.7542968190
-1.0509043378
-0.8728473319
-0.7923583277
-0.6768245855
-0.8489922813
-0.7022407122
-0.8201706404
-0.9198055114
-0.9516069998
-0.9769533576
-0.9012990384
-0.7357275881
-0.7990363771
-0.7360999433
-0.8563718302
-0.7934335670
-0.7387373644
-0.8448608139
-0.7203352078
-0.7856191093
-0.6874800395
-0.7934455908
-0.9673319249
-0.8652180345
-0.8471374303
-1.0126737290
-0.6799420369
-0.8306134993
-0.7068561007
-0.7658360328
-0.9447163389
-0.8213739893
-0.8673631335
-0.8077152643
-0.8174973238
-0.8152632864
-0.8900889352
-0.8388540401
-0.9068990110
-0.6799845010
-0.8566218632
-0.7799873230
-0.6850742210
-0.7331593346
-0.8531042463
-0.7925251834
-0.8378480461
-0.7077700712
-0.8277430574
-0.7491962736
-0.6593128996
-0.7011689203
-0.7725896748
-0.7002338890
-0.8356627598
-0.7382838841
-0.6834768549
-0.8636908921
-0.7409722936
-0.7117044085
-0.6121218397
-0.7376927437
-0.8817497816
-0.8606105538
-0.7171099105
-0.6952736650
-0.7630658107
-0.6272997131
-0.9095342445
-0.7890332228
-0.7179628203
-0.7850159938
-0.6108533794
-0.6085341285
-0.7983004028
-0.7035675879
-0.6520970670
-0.6805078199
-0.6109207448
-0.5830049556
-0.8738325147
-0.9063714240
-0.6759319517
-0.8719894409
-0.7027720464
-0.6497072251
-0.6530462328
-0.7285875231
-0.7779832616
-0.7815820626
-0.7798223758
-0.7550174058
-0.6490572752
-0.7234606907
-0.4720902120
-0.6859446106
-0.5283004029
-0.5748241756
-0.6689983545
-0.6917631565
-0.7261672394
-0.6096638000
-0.8296828035
-0.5737542670
-0.7536128937
-0.6694496595
-0.8975430247
-0.7022335325
-0.6703362604
-0.6487170938
-0.5478672330
-0.4836122345
-0.6377372343
-0.4591639212
-0.7288677465
-0.6490108558
-0.7076585695
-0.5390829114
-0.8608112536
-0.5901841679
-0.6791590133
-0.7040777689
-0.5946364698
-0.6044763786
-0.6082482791
-0.7642855002
-0.6305220422
-0.6473367638
-0.7149617571
-0.5389217473
-0.6562016463
-0.6504295955
-0.7065358067
-0.5833982144
-0.6344234586
-0.5340934383
-0.4959453912
-0.4595939009
-0.7117677160
-0.5828131123
-0.5200795342
-0.6527206681
-0.5781590924
-0.4596332574
-0.6740975346
-0.6161855325
-0.7172992661
-0.5025407520
-0.6260235827
-0.5965024678
-0.6194173127
-0.4321648502
-0.5267050520
-0.4261727599
-0.4832680906
-0.4833615886
-0.5659148544
-0.5921472713
-0.4881993216
-0.4170229326
-0.5634090355
-0.6426266928
-0.6330311408
-0.5023235013
-0.5534273697
-0.6475566498
-0.5259559114
-0.5577609010
-0.6365819593
-0.6012959116
-0.4711205468
-0.5840760022
-0.5084560632
-0.6545930282
-0.5564795677
-0.5650268735
-0.4046355270
-0.4877174837
-0.6370209272
-0.6404512654
-0.5727335054
-0.4452738957
-0.5665223330
-0.4644069158
-0.5405969792
-0.5836020294
-0.3663489158
-0.3919277486
-0.5868896692
-0.3709419700
-0.4484398968
-0.4599875168
-0.4280909577
-0.3528102200
-0.4707950029
-0.4938223050
-0.3111370743
-0.3178996135
-0.3436183001
-0.4572237025
-0.4527145887
-0.4108656520
-0.4951993650
-0.3859671326
-0.4949695992
-0.4367832255
-0.3873788656
-0.4207376267
-0.4389391267
-0.4349375844
-0.3306146070
-0.4517575216
-0.4794067433
-0.3919355919
-0.3101341060
-0.3951103431
-0.5369577690
-0.5160483072
-0.3610308628
-0.4366429721
-0.4071335554
-0.3124163954
-0.4910311600
-0.4407874877
-0.3636350980
-0.4627589809
-0.5126574591
-0.4313151394
-0.3948748466
-0.4219681610
-0.5282603791
-0.3882116139
-0.2711553886
-0.5029713303
-0.3464090041
-0.3365268902
-0.3869069801
-0.4327853819
-0.4572293856
-0.3191914411
-0.4286324687
-0.3761911988
-0.4359488413
-0.4388283648
-0.3663508244
-0.5257257509
-0.4092349387
-0.1462097509
-0.3676743581
-0.2220291566
-0.4102809355
-0.3972876493
-0.2907840023
-0.5239034540
-0.3326833606
-0.4239039673
-0.3531327266
-0.2706337467
-0.4781926582
-0.3374312449
-0.2467673822
-0.2102618650
-0.3703475519
-0.4353351074
-0.3698974783
-0.3555330464
-0.3542166039
-0.1927524053
-0.4213658579
-0.3303831038
-0.2022522133
-0.3149071628
-0.3284527613
-0.6307585002
-0.4149072742
-0.3668270734
-0.2873752380
-0.1667322955
-0.2409973912
-0.1215989471
-0.3498532218
-0.3701713836
-0.3317046761
-0.4204023234
-0.3885288092
-0.1858105279
-0.2590879084
-0.3944730259
-0.1659898281
-0.2535274231
-0.3394708090
-0.3854751986
-0.1105249188
-0.2348355680
-0.2380652308
-0.2978345259
-0.2715689307
-0.2218737505
-0.2691643146
-0.2808045203
-0.1937881373
-0.3029961826
-0.1845210078
-0.2102251592
-0.2706998231
-0.2389292033
-0.3320633827
-0.2295367282
-0.2855171319
-0.2710268807
-0.3143596982
-0.3366447147
-0.3178200451
-0.2161083270
-0.1965285316
-0.1888075587
-0.1815017451
-0.1799573932
-0.1490220352
-0.2966714907
-0.2053813081
-0.1579136684
-0.1983723258
-0.1810164801
-0.3194372309
-0.2147192450
-0.2490345037
-0.3387038050
-0.2547462092
-0.3095498853
-0.2645186691
-0.2550005364
-0.2298791945
-0.2677141017
-0.2111641980
-0.2472894800
-0.3189955167
-0.2249382081
-0.1889412490
-0.0333243113
-0.2918524244
-0.0798740661
-0.2616597252
-0.0547896945
-0.1093805059
-0.0374514113
-0.1383523062
0.0446336650
-0.2221383472
-0.1167996146
-0.2244067488
-0.0484800025
-0.1954862734
-0.1776101688
-0.1408767018
-0.0079612375
-0.0844649799
-0.0738162595
-0.2156040510
-0.0720582221
-0.2393758253
-0.1089435816
-0.1432118737
-0.2172544843
-0.1250990902
-0.1121594407
-0.0557777935
-0.1166776042
-0.2382653595
-0.1513081033
-0.0285662840
-0.1960633004
-0.0911076938
-0.1354368544
-0.3152570132
-0.1308228506
-0.1221058991
-0.1094831440
-0.0616076178
-0.2324875202
-0.0771913926
0.0176279592
-0.2074358377
-0.1112435711
-0.1199157970
-0.0410275740
0.0769698295
-0.0654528443
-0.0778150770
-0.1356029544
-0.1163177748
-0.1384127535
-0.0091367134
-0.0436140025
-0.1231741284
-0.2290952909
0.0124780977
-0.2367598862
-0.0050654425
-0.0425121782
-0.0834957743
-0.0137924452
-0.0027548360
-0.2148406254
-0.1365597374
-0.0262461423
0.0237708295
0.0685598643
-0.1351870120
0.0676774253
-0.0869408950
-0.0358257474
-0.0456482382
0.0514297623
0.0081978805
0.0131985253
-0.1001912296
0.0888522135
0.0006989598
-0.0910325160
0.1253707329
0.1059195180
-0.0135945765
-0.0942778935
-0.0509284281
-0.0626548082
0.0086870634
0.0407257362
-0.0568526430
0.0427789509
0.1228709321
-0.0033282904
0.0823145128
-0.0371457079
0.0198451667
-0.1136066587
-0.0627415570
-0.0159907497
0.0148905245
-0.0823484589
-0.0005747032
0.0516384200
0.1743956223
0.0845694315
0.1777220058
0.0110508226
0.0033248240
-0.0587350800
0.0489446155
0.0078388435
0.1129099919
0.2187682171
0.1233382610
-0.0776189498
-0.0410822664
-0.0263319973
-0.0571691686
-0.1216900664
-0.1398896924
0.1331476998
0.1358209659
-0.0223638509
0.1356024631
0.0949997063
0.1099091329
0.2306500388
0.1482007386
0.0647831670
0.0620428642
-0.0487207640
0.1459149363
-0.0069656090
-0.0035540247
0.0097184751
0.0900227031
0.1404875351
0.1702212548
0.1067091515
0.0772402838
0.0141575935
0.0364121135
0.0679379757
0.0019814448
0.0633676346
0.0980093359
0.2360749086
0.1678061120
0.1522769961
0.3555023693
0.1544472087
0.1246355098
0.1743730666
0.0525918375
-0.0098980934
0.1846459966
0.2303460887
0.0739051456
0.2443169851
0.1756430528
0.1053594339
0.1476832564
0.0302250011
0.2278354459
0.1154651244
0.2445436816
0.1393405228
0.2375453587
0.0539148253
0.2607381286
0.2087946230
-0.0507378837
0.1144429786
-0.0065365465
0.1697034155
0.1409164653
0.2418309273
0.3809675064
0.1154868731
0.1024094014
0.1432131667
0.0370306206
0.1055576072
0.1937048109
0.2366987567
0.3249572309
0.1733651508
0.1582328124
0.3108077734
0.2003837073
0.1564832426
0.1210937456
0.2485494749
0.2664615281
0.4009427179
0.2355873224
0.2867092074
0.3523752171
0.0824266691
0.1872624508
0.1837380508
0.2800401065
0.2182660201
0.1199416567
0.1052388902
0.1064006760
0.1553076348
0.2489345447
0.2496991564
0.2974510430
0.1557086611
0.1918937482
0.2647060153
0.3073755846
0.0960782600
0.2053612874
0.1992415579
0.1984548446
0.1466960622
0.2247618970
0.1181192457
0.1032755153
0.3495311693
0.3426523073
0.2384296608
0.3396101785
0.2471333432
0.1711075027
0.2168221266
0.2971551917
0.3817896662
0.3367383322
0.5073684846
0.2785469956
0.3398261654
0.3605597960
0.2454143161
0.3822499853
0.3258503672
0.3921344741
0.4693590477
0.3189859717
0.1861342736
0.3639639058
0.3226118575
0.4370490791
0.3220699807
0.2500461951
0.4750776392
0.3316150705
0.4017898502
0.3865871761
0.3181371702
0.4864947089
0.3292046268
0.4041785092
0.3441409396
0.1622683745
0.3215684947
0.3033114227
0.3750589472
0.1428144478
0.4532567709
0.1360677818
0.4141250819
0.2728819308
0.2910501835
0.4686824808
0.3028885870
0.2010820935
0.3480999198
0.4177215368
0.4347706696
0.3710993116
0.4411558293
0.4620691600
0.3033218612
0.4417187757
0.3323846656
0.3953226315
0.3858197811
0.3044167569
0.4345503396
0.3733410178
0.2818674932
0.3427650748
0.3877125400
0.3943849393
0.4664524808
0.3262957743
0.3796789539
0.4054464349
0.4924961540
0.4672954275
0.4232637354
0.4472597145
0.4901006672
0.4935029957
0.3054994917
0.5429008039
0.5469284105
0.4815437780
0.4202262091
0.3578173935
0.4277191139
0.5124346270
0.3352780571
0.4123737023
0.4179581232
0.5557065791
0.5709385847
0.4268810671
0.3728954013
0.3541943211
0.4922234732
0.4652829927
0.5163294824
0.5113380605
0.5658923885
0.5655144469
0.4023888547
0.4612442596
0.5161452251
0.3945516552
0.4862777041
0.5054507307
0.5525290375
0.4711913091
0.3261801778
0.3572022455
0.6325808823
0.4386634837
0.5596365746
0.6025993067
0.3586257482
0.3681016229
0.5573412924
0.6898639471
0.5006439714
0.4734063391
0.3956861168
0.5446312336
0.5094480619
0.4863806931
0.4554271778
0.5320587812
0.2872895820
0.4180084526
0.5643023074
0.7547268999
0.5580081825
0.4573961144
0.5172204435
0.4901106705
0.6577758648
0.5779131090
0.4570307803
0.4438523320
0.5729436858
0.5392262309
0.5453500553
0.6176821206
0.5394289281
0.5767217089
0.7168251255
0.6043355103
0.5658175275
0.6338819861
0.5296085773
0.4124141724
0.5628647415
0.6956684447
0.6650652166
0.5207030210
0.5835648293
0.5254216621
0.5532202752
0.7515342871
0.6068472509
0.5910965962
0.7036110448
0.5580253668
0.4300785849
0.6549645826
0.6591706715
0.5864534143
0.5312090058
0.8406877573
0.7349203674
0.7305409994
0.6783164028
0.5521640444
0.7043255912
0.5528091362
0.6722200602
0.6250867475
0.6564067204
0.5507679508
0.6291160131
0.6046421937
0.6875107076
0.6204099645
0.6280246272
0.6620438925
0.6672428638
0.6998175074
0.7000002374
0.5244345913
0.5803507815
0.6176752400
0.6331274297
0.6124268460
0.6350962689
0.6040224720
0.7119193106
0.5943843048
0.6328082735
0.7329886849
0.5275701838
0.5900852623
0.6942637976
0.6158661812
0.5548531233
0.6454480528
0.5265479841
0.5276626457
0.6836635757
0.6603106946
0.8852616513
0.5746241642
0.5564889610
0.5892129662
0.6271890233
0.6614769424
0.6151845192
0.6872559132
0.6902676511
0.6746763510
0.7036170071
0.6149052954
0.7300440725
0.8708003433
0.7276924731
0.6276387171
0.7603936023
0.8393946515
0.7434415277
0.7064844162
0.8034237219
0.7124112131
0.7200395634
0.7984126949
0.7464861540
0.6538153962
0.8152444487
0.7864467216
0.8224448832
0.7515114317
0.6216749841
0.6366166236
0.5642143498
0.7837223299
0.6867454540
0.7498929828
0.8541569315
0.8419826066
0.8228440881
0.6072324703
0.7361816208
0.8576214379
0.8549935728
0.8335237067
0.7079691017
0.7416851832
0.7954680028
0.8559568216
0.6382250014
0.7973265569
0.8049187832
0.7679801536
0.7927036320
0.7107670786
0.7716952970
0.6950932839
0.7591144195
0.8775965602
0.7836364019
0.7150842325
0.8374969307
0.7945861107
0.8644879301
0.7640299687
0.9530564314
0.8683052693
0.8358922992
0.7335313271
0.7350896661
0.8101302313
0.8812897948
0.8822248520
0.6806070365
0.7108909353
0.7370806943
0.8132243026
0.6886190906
0.8093371922
0.8057328530
1.0017576228
0.8597099501
0.8110751513
0.8243553755
0.9989432002
0.8397451165
0.9022108186
0.8973787001
1.0321692281
0.6905276867
0.9273110104
0.8318038765
0.7807286610
0.9018150578
0.7648395685
0.8305192944
0.7916991647
0.9457483904
0.9588454265
0.8537338460
0.7891266385
0.8231826146
0.9940195969
0.9126295183
0.8655480140
0.9689933797
0.9289866178
0.8901070402
0.9377020549
0.7772705331
0.7608063504
0.8822416783
0.8117660006
0.7550875201
0.8283271863
0.6748940704
0.8853421718
0.9836616639
0.9833580910
0.9316493255
0.8575475463
0.9513145575
1.0402513800
0.9055867144
1.0301873987
0.9203405355
0.9398035455
0.9244434177
0.7326158105
0.9172353310
1.0970097815
0.7727684783
0.9591428179
1.0322555514
0.7981660928
0.9814635165
0.9337684783
1.0104190875
0.9636712711
0.9552414183
0.8801086262
0.9807961004
0.9650907097
1.0660961824
0.9439900449
1.0090303197
1.0019247475
0.9748310945
0.9157089086
0.8623778992
0.8862732747
0.8338411387
0.9300705400
1.0551318755
0.9129243142
0.9335418526
0.9652287806
0.9306387500
0.9229449149
1.0257207104
1.0852282011
1.0197953549
0.9780659154
