-1.0766117842
-0.8917265530
-0.8454208235
-0.9655848964
-0.9453438666
-0.9851910336
-1.0288586327
-1.1233297816
-0.9271972261
-1.1212719186
-0.9816979353
-0.8004477122
-1.0063242774
-1.1453926546
-0.9870557178
-0.7941297328
-1.1382059577
-1.0844925886
-0.9674985173
-1.0364060774
-0.8734509418
-0.9574256723
-0.9790400516
-0.9962198744
-1.0386940092
-0.7521795313
-1.0751232861
-0.8666786664
-0.9692865222
-1.0285187068
-0.9670218704
-1.0890265884
-0.7116012833
-1.0383774815
-0.9177855526
-1.0184470997
-1.0404495282
-0.8853570452
-0.9448484794
-1.0173489754
-0.8762838034
-0.8952629101
-1.0026773026
-0.8758026757
-0.9524153530
-0.8980289776
-0.9775194508
-0.8384767431
-0.8986146265
-0.8497077648
-0.6871128678
-0.8484266959
-0.9387532664
-0.9096468472
-0.9845012825
-0.9948650499
-0.9676971977
-0.8248497387
-1.0839770762
-1.0168749599
-0.8399465263
-0.9273865281
-0.7366963623
-0.9182730051
-0.8330507051
-0.7824540220
-0.7579876434
-0.9791196374
-0.9257683881
-0.7650506357
-0.8301711066
-0.9414175442
-0.9028157734
-0.9409451376
-0.9309133899
-0.8670040988
-0.8618305942
-0.7763424850
-0.8546931743
-0.7805443744
-0.9043147001
-0.9168888652
-1.0768027779
-0.8931186730
-0.9170170253
-0.7596220867
-0.6261037961
-0.8821272248
-0.7116270359
-0.6841105452
-0.9658032169
-0.6736431639
-0.8980284679
-0.7778729582
-0.9251763111
-0.8209948609
-0.8545442054
-0.8047815689
-0.7094183546
-0.7416368651
-0.7675062904
-0.6578307922
-0.8298439261
-0.7444364571
-0.7584172610
-0.7233312432
-0.5569829727
-0.8038705479
-0.7802338067
-0.8289004970
-0.8478475625
-0.7929985410
-0.7238977503
-0.7359706912
-0.8151828925
-0.7696748086
-0.7788519423
-0.5527731039
-0.6858404633
-0.7690905382
-0.7677472687
-0.5922469196
-0.7407060447
-0.6501295590
-0.7681409255
-0.7796013569
-0.6858668745
-0.7674054537
-0.6142391706
-0.5596231518
-0.8618471185
-0.7007321398
-0.7768012718
-0.7215377093
-0.8066346941
-0.6184245944
-0.5482093927
-0.7236130493
-0.9059901387
-0.8255006349
-0.7121634957
-0.6825531424
-0.7047595033
-0.6917352746
-0.7104457160
-0.7073092106
-0.7157275209
-0.6210754318
-0.7908752797
-0.7477001549
-0.7666160564
-0.6718755453
-0.7563887226
-0.6276563136
-0.7173970143
-0.8631831547
-0.7016424563
-0.7551826405
-0.5935924851
-0.6664164552
-0.5972257987
-0.6006671372
-0.8058060695
-0.7542359342
-0.8643917067
-0.7071924666
-0.6354866746
-0.6523126662
-0.7005079954
-0.5911194117
-0.6975800440
-0.6029487094
-0.5495330473
-0.7015563780
-0.6593904715
-0.7335376051
-0.5452986710
-0.7314014750
-0.7711414126
-0.5377395052
-0.7030920687
-0.6870387599
-0.6485734475
-0.6266534071
-0.5560108490
-0.6621533956
-0.5915422272
-0.5232357174
-0.6768020388
-0.7289263872
-0.6519203183
-0.5347443713
-0.6304851740
-0.5505272617
-0.6647553184
-0.5343468963
-0.5878545645
-0.6383842638
-0.6640423153
-0.6103082232
-0.6149946942
-0.6845588532
-0.6889207870
-0.6733126313
-0.5714984832
-0.5543064371
-0.7290156003
-0.5969149939
-0.6558724920
-0.6048126368
-0.6828642488
-0.7199215732
-0.6229126972
-0.6032187978
-0.6566829204
-0.7097939852
-0.4251546444
-0.5786880035
-0.4921394985
-0.5986323457
-0.4718998278
-0.6220437430
-0.6317428804
-0.5730093482
-0.5640782256
-0.6392138427
-0.5668970757
-0.3674264859
-0.6518696898
-0.4397348500
-0.5588710942
-0.6502866001
-0.6441809663
-0.5650670280
-0.4854526384
-0.5001298696
-0.5857930931
-0.4865484842
-0.4878215161
-0.5953718456
-0.4580478755
-0.7680992276
-0.3499344624
-0.4984722378
-0.4771188913
-0.5571366771
-0.4800608120
-0.5786424677
-0.5828828713
-0.3696610804
-0.5316380382
-0.6064501442
-0.4497040510
-0.6422618271
-0.3576161929
-0.4618187754
-0.5153634146
-0.5209259602
-0.3447690898
-0.3454839619
-0.3447913928
-0.4944153952
-0.5153465185
-0.4402028456
-0.5705779559
-0.3540306879
-0.2521219357
-0.4176769857
-0.4785196965
-0.5710011594
-0.3031203187
-0.5696134467
-0.4860471155
-0.3917067283
-0.5162563881
-0.3500144474
-0.5136534476
-0.4436759307
-0.4907325604
-0.6061893273
-0.4616004903
-0.3197426131
-0.5006165006
-0.4853193887
-0.2993396670
-0.3490748559
-0.2210223465
-0.4203333669
-0.4900069450
-0.4341929914
-0.4059172875
-0.4892763827
-0.4445557084
-0.3821107322
-0.2796964606
-0.4265858088
-0.4573876618
-0.4336335143
-0.3525721120
-0.5323806177
-0.2603421201
-0.3707729110
-0.3593698408
-0.2415350626
-0.4675379519
-0.3772054374
-0.3949585949
-0.4944734643
-0.3475726638
-0.1007774789
-0.3467579613
-0.3574362568
-0.3465811787
-0.3879374161
-0.4511117976
-0.4596311567
-0.2101518790
-0.3609518026
-0.3917575270
-0.3450943525
-0.3790920469
-0.3403826809
-0.3389220755
-0.2047245814
-0.3520027283
-0.5713565842
-0.2713548861
-0.5201162827
-0.2989833401
-0.4531058510
-0.4348839968
-0.3623212871
-0.4363577234
-0.4076706699
-0.2811847721
-0.2296903201
-0.3361676259
-0.4010063746
-0.2581282499
-0.3441879401
-0.2445458889
-0.2217268813
-0.4304525516
-0.4217916275
-0.4434483822
-0.3068063619
-0.4420168606
-0.2865500234
-0.3131645541
-0.1188549634
-0.3206769541
-0.2683162683
-0.2065699752
-0.2945614928
-0.4359908000
-0.2666151120
-0.2049144425
-0.3915507684
-0.2836596127
-0.4487405148
-0.2895631252
-0.2445913640
-0.1627164242
-0.4481334139
-0.2999809407
-0.2183579131
-0.3761903387
-0.3751460374
-0.2561257023
-0.2276141285
-0.3077320740
-0.3565871149
-0.1906064207
-0.1013546718
-0.4092626611
-0.1588160852
-0.2831053284
-0.2529320304
-0.1560014704
-0.2457064137
-0.1478071632
-0.2751395376
-0.1919168349
-0.3766029723
-0.1904060656
-0.4000712534
-0.2839488327
-0.4562131010
-0.2597526225
-0.2229980643
-0.0838350878
-0.2008870437
-0.2867825822
-0.2326082378
-0.2323731594
-0.1455719402
-0.0644827721
-0.2174125374
-0.2757797466
-0.2013479234
-0.1985703982
-0.1927671897
-0.2086372587
-0.2236914901
-0.2152405133
-0.1363104392
-0.2294081848
-0.2110595445
-0.1300024773
-0.1862338003
-0.2424483026
-0.1790221462
-0.2119911684
-0.1330453213
-0.2456481945
-0.0754186413
-0.1715514478
-0.1067299378
-0.1002516106
-0.2635277058
-0.1556248358
-0.0282193361
-0.0566844647
-0.2079917296
-0.1058689610
-0.1037219664
-0.1640634441
-0.1958997274
-0.1639264177
-0.1558398690
-0.2215459128
-0.0357761665
-0.0649953458
-0.0248674810
-0.0014846840
-0.1439356909
-0.0100789516
-0.1148325733
-0.0979629441
-0.0832812626
-0.0282752814
-0.1268956619
-0.0895733428
0.0070045296
-0.2646551690
-0.1403250048
-0.0554975035
-0.1296402908
-0.1431457126
-0.0766258240
-0.1598651262
-0.0154288084
-0.2390584030
-0.1501205420
-0.1330853466
-0.0326446377
-0.1388573195
-0.0966519836
-0.0618918506
-0.1617789024
-0.1311080094
-0.0925885491
-0.1178240373
-0.1996757800
-0.0479709827
-0.1862249505
-0.0947832560
-0.1059441600
-0.0647597133
0.0795439009
-0.1536618689
-0.0625909648
-0.0706739818
0.0173412999
-0.0272484980
-0.0211612011
-0.1657444480
-0.0353945222
-0.0324408469
-0.0831342188
0.0716488167
-0.0975167344
-0.0623602200
-0.0521714531
0.1260147056
-0.2771795808
-0.0762420894
-0.0647610687
-0.0984304561
-0.0424299452
-0.1337411161
0.0001548962
0.0138130946
0.0367358861
0.0787782416
-0.0153013355
-0.1145314976
0.1219803771
-0.0328349339
0.0749089228
0.0362108227
-0.0345780567
0.0296527683
-0.0272184125
-0.0249781029
0.0732114154
-0.0255663037
-0.1551315594
0.1571736263
0.0137655133
0.1718813798
0.0434507098
0.0755074133
-0.0725371732
0.0557355664
0.0174832926
0.0052341261
0.0916886367
-0.0488228565
0.1505354644
0.0239253655
0.2319025415
0.2503741628
0.0881941217
0.1408719548
-0.0101981930
0.0649926956
-0.0644656984
-0.0451943551
0.1382199941
0.0241603734
0.0629967625
0.0057552926
-0.0342863292
0.0308891890
0.0876327795
-0.0501400518
0.0248959881
0.0865735027
0.1248923312
0.0475053226
0.0856328343
0.0742737407
0.1334460768
0.0224847261
0.0045835232
0.1068596178
-0.0151999216
-0.0093924419
0.1693940224
0.1494977332
0.2063993145
0.0952038517
0.0084015599
0.0428247657
0.1439412174
0.1842219318
-0.0057538727
0.3776571874
-0.0271631334
0.1196521684
0.2397895276
0.0434905409
0.2512353040
0.2339080478
0.0727354680
0.1660822224
0.2583979136
0.1087044544
0.2231654982
0.1263949184
0.1389275335
0.0822874868
0.1471361736
0.2817178963
0.1411581600
0.2390551126
0.0501478897
0.1716313746
0.1330685402
0.1864334031
0.1033205184
0.1967368337
0.2139342048
0.1030534097
0.0711485529
0.2017691567
0.3095685041
0.1787763566
0.1373912753
0.2194195499
0.3085470984
0.0709052019
0.1109740865
0.2134377692
0.0883774432
0.1901010210
0.3052067960
0.1897547190
0.1393579016
0.2628304133
0.2346902788
0.1626680863
0.1156260392
0.0934283262
0.3744353078
0.1378801381
0.1703245546
0.2528616695
0.3699869419
0.3793109252
0.4115063498
0.1659234186
0.2241059806
0.0345538918
0.4230284048
0.1890716105
0.2083699891
0.2205819217
0.2159090303
0.2761462660
0.2083216419
0.2465237378
0.2128109480
0.2188486022
0.4006685639
0.1696573600
0.2402026600
0.1456080650
0.1750375844
0.3095861607
0.3362110144
0.2470552617
0.1398149336
0.3528994887
0.3471436021
0.1862943293
0.3298559684
0.2772778025
0.2030021941
0.3207330475
0.1488087048
0.3535495798
0.1490624649
0.1987948488
0.3604399378
0.3091777016
0.2733648427
0.2487898743
0.2573427773
0.4904773511
0.3490601659
0.4328172019
0.2915169953
0.2985510005
0.2714630119
0.2491681297
0.3984562879
0.3063380208
0.2341528864
0.2433974289
0.1859796537
0.4555774890
0.3633237021
0.2988587993
0.3277104294
0.4063659548
0.3233421010
0.2242217078
0.1293965219
0.1751757827
0.3635104205
0.4286113151
0.2791759484
0.3493121265
0.3660326475
0.3480712539
0.4315557104
0.4917163049
0.3803261680
0.3630154635
0.2416788669
0.4137577758
0.4809565816
0.4811805832
0.3266740923
0.4521059484
0.2994762669
0.3779769509
0.2458105098
0.2859355580
0.3592131497
0.3511697373
0.3777117588
0.2171405934
0.3845317892
0.3322910936
0.4126085996
0.3630958954
0.4127920521
0.4373992957
0.4973328730
0.4314959111
0.2821100518
0.3851359142
0.3573292598
0.5452953655
0.3891664768
0.4184770835
0.4426037658
0.4587495037
0.4715136060
0.4015199666
0.5871503608
0.4494447011
0.3459409502
0.2368858506
0.3887588807
0.3676889418
0.4579992131
0.4790274325
0.4800363899
0.4933381521
0.3205567799
0.4710832149
0.2755841014
0.3783122333
0.5566640920
0.5543066296
0.6042087124
0.3149999098
0.4382890089
0.3800300327
0.5524793183
0.3526699974
0.5300240431
0.3155267269
0.4654340027
0.3085418729
0.4089669980
0.4634219618
0.4757597273
0.3079018832
0.3654243439
0.4533313177
0.5949298457
0.5657047934
0.6038064587
0.5110477700
0.4515232596
0.6416729848
0.5411835693
0.4427020449
0.4943410687
0.3967695447
0.4514011540
0.4839158610
0.5422775778
0.5127597782
0.6870240413
0.4644279639
0.5945796679
0.5452036545
0.5186627676
0.5008467930
0.3385314734
0.3853872156
0.5736797321
0.4612828609
0.5253466286
0.3923977589
0.5401538233
0.5171564812
0.4997428537
0.6896949001
0.4972774110
0.5019245027
0.5486477488
0.6064196786
0.5304049977
0.6362434135
0.5478561948
0.6615751462
0.5390806322
0.5794732687
0.6491209396
0.5375820942
0.5600123708
0.5596071867
0.5488471995
0.4590277716
0.5353656571
0.5340152407
0.6231929084
0.5639043004
0.5430472334
0.6236408565
0.6998678972
0.6576730801
0.6821728656
0.6117093656
0.5518899752
0.6119300763
0.7234277603
0.6486103118
0.5815804356
0.7249553135
0.6393178525
0.6883905341
0.6380006139
0.6326251226
0.4837241308
0.6585903859
0.6846894804
0.8098758783
0.5103095154
0.6354290199
0.6879018307
0.7219717200
0.6640345532
0.5920810848
0.6945570559
0.7575406752
0.6089420708
0.6863109150
0.6800006900
0.5336892406
0.7281310360
0.6867865461
0.6705858211
0.6095720710
0.6046887924
0.6371734117
0.7457550310
0.7037649645
0.7546565653
0.7422090097
0.6475453083
0.6313656566
0.4845979020
0.7253511821
0.7342394200
0.8141553921
0.7138890416
0.6418191810
0.6621476653
0.7108467005
0.5805777543
0.5037559675
0.4592125581
0.7284415907
0.7023368601
0.6455794125
0.6188365785
0.4800620742
0.7273104870
0.8984239654
0.7102111511
0.7621617362
0.7897406204
0.7427416034
0.6582186961
0.8182108719
0.8449363172
0.6862590613
0.6318526839
0.6857814656
0.6845212420
0.7737601525
0.7134372747
0.8011346515
0.7147493705
0.6903104382
0.6874981842
0.6509091338
0.6510351202
0.8084216088
0.8275766991
0.6863694755
0.7095725743
0.6997874661
0.7950888016
0.6689875652
0.8188080463
0.7573161499
0.7002638706
0.7071404870
0.8677327064
0.7370047135
0.7882519051
0.8626215478
0.5943084534
0.8729590886
0.8425536860
0.8777107387
0.8397351940
0.7234831673
0.7031913505
0.8723106290
0.7583606456
0.7666852123
0.7016962206
0.7125845308
0.7678975412
0.7032401860
0.8734458068
0.8190234577
0.8485749471
0.7661820108
0.8587756089
0.9391248219
0.8700277255
0.8525153763
0.8879812820
0.8939119813
0.7351866775
0.9090508395
0.9287041480
0.7914600671
0.8509912841
0.8591428517
0.7727954244
1.0049779925
0.8830336020
0.7854943638
0.8600035783
0.7330596032
0.7417441665
0.8289613108
0.7924519120
0.7489938103
0.8417178433
0.8863784297
0.8915435489
0.8288632066
0.8521131302
0.9229838514
0.8795934777
0.9219227620
0.9751264262
0.8389754067
0.8757286484
0.8762529283
0.8121826437
0.9475308368
0.8090735671
1.0682193230
0.8503399874
0.8806737180
0.8439134716
0.9572444737
0.9224585650
0.8878094687
0.9422148347
0.8756090987
0.7918834973
0.8582545121
0.8571310806
0.6898680776
0.9210765885
1.1020288878
0.9833019460
0.9860146749
0.9124691174
0.8668594821
0.9633125948
0.9785377793
1.1466880599
0.8010672362
0.9443475456
1.0251481404
0.8911453981
0.8672656881
0.9252102887
0.9082584722
0.8808080520
0.9269833676
0.9155746175
0.8094818450
0.9913765597
0.9994120845
1.0493036358
0.9818676187
1.0194161761
0.8297130148
0.9870357090
0.9896293192
1.0710681160
1.0266303338
0.9110071110
0.8335364663
1.0730868300
1.1868156064
0.9398179904
0.8278758975
0.9178070796
0.9711200238
0.9259284673
0.9980071221
0.9400540418
