-0.9798787602
-0.9576462062
-0.9933765671
-0.9798326234
-1.0368641026
-0.9134870122
-1.0752534946
-1.0056328013
-0.9118724422
-0.9285331434
-0.9515063094
-0.9268733722
-0.9935292083
-0.9841668948
-1.0979471687
-0.9259550920
-1.0056986057
-0.9230549624
-0.9609499065
-1.0836626999
-1.0554184830
-0.8421750814
-0.8553162627
-0.8944774031
-0.8738153480
-0.9380872096
-1.0140540295
-0.8547232523
-0.9342084531
-1.0111990768
-0.8747057330
-0.8498830828
-0.9275868455
-0.6203188596
-0.9553682205
-0.8272220510
-0.7921710936
-0.9758851367
-0.8960435091
-0.9287806640
-0.9621813523
-0.9675249466
-0.7899265289
-0.9315562979
-0.9734019404
-0.8570856036
-0.7428659310
-0.7662413074
-0.9274002271
-0.8671599772
-0.9685406572
-0.8858135949
-0.7466623473
-0.8236375639
-0.9572913477
-0.9951348735
-0.8028776607
-0.9372695654
-0.8352479841
-0.9449430879
-0.7839731629
-0.8911359583
-0.8504818817
-0.8289460983
-0.7701164497
-0.8390039555
-0.9597031859
-0.8498800445
-0.9544964679
-0.8509590244
-0.8190262118
-0.7758856153
-0.8553572923
-0.8705994770
-0.9852207914
-1.0508755753
-0.9004870065
-0.8824140575
-0.9794392054
-0.9640564530
-0.8826179707
-0.7436786714
-0.7425477069
-0.8414658334
-0.7049867853
-0.8184072950
-0.9173630179
-0.8375441207
-0.8148924044
-0.8374570663
-0.9128822519
-0.7761894321
-0.8310746380
-0.9087234113
-0.7888809821
-0.7155687376
-0.7965266121
-0.8452132754
-0.8987550604
-0.9190996429
-0.8847086415
-0.8388099714
-0.7669755552
-0.7099680082
-0.7702818601
-0.7270590907
-0.6580181052
-0.7605950303
-0.7832285448
-0.7991080013
-0.6928616730
-0.7826798275
-0.7895149576
-0.7171758037
-0.8480534055
-0.6643031856
-0.7866394222
-0.7849172470
-0.6266137398
-0.8423501373
-0.6955132027
-0.7034087100
-0.6913493101
-0.6912708788
-0.5773022264
-0.8590835957
-0.6986565396
-0.7267605994
-0.9297419601
-0.7801712125
-0.7229269636
-0.6611537667
-0.7918530958
-0.8151075904
-0.7669091444
-0.6456030775
-0.6670443784
-0.7893683378
-0.7898984266
-0.8526763619
-0.6839755613
-0.7841117522
-0.6060973086
-0.7693091433
-0.6239272925
-0.7260564981
-0.6172144573
-0.7165715445
-0.8852930621
-0.6311213914
-0.5144571986
-0.6746619050
-0.8496700409
-0.7888103939
-0.6723660300
-0.7329594774
-0.5731561634
-0.7723503360
-0.7287036970
-0.5989905063
-0.7408596309
-0.7478477044
-0.7267793621
-0.6555666038
-0.5252732995
-0.6235133223
-0.6025851891
-0.5889270949
-0.6228860470
-0.7055880962
-0.7191667271
-0.5975200778
-0.6122788636
-0.6529998079
-0.6458387323
-0.5884796879
-0.5442256293
-0.7163367904
-0.6794636935
-0.5790205290
-0.6822206528
-0.6267372153
-0.6603624584
-0.6539959442
-0.5497732404
-0.5865463266
-0.8231013369
-0.4928941804
-0.6576799559
-0.6144895539
-0.6232494353
-0.5118093159
-0.5886081988
-0.6242857158
-0.7611942273
-0.7609623438
-0.6615682030
-0.7279247921
-0.6154337959
-0.5678931935
-0.5405019615
-0.6952532375
-0.5412864372
-0.6106016092
-0.5325856941
-0.6451462904
-0.6109939427
-0.5944653082
-0.5884966728
-0.5256176404
-0.5545054945
-0.4715612207
-0.4667667430
-0.6268524552
-0.5728739093
-0.6062148886
-0.4491335341
-0.5671872035
-0.6345418654
-0.6726723761
-0.5637419992
-0.4389167175
-0.5823750669
-0.5582605740
-0.5695193135
-0.5369976378
-0.5867537035
-0.6072373784
-0.4961717894
-0.7293251050
-0.4922173611
-0.5289866215
-0.4078968251
-0.6237536192
-0.4880260793
-0.6155299414
-0.4556445462
-0.5470202389
-0.4875236106
-0.7210989570
-0.6536993097
-0.6302069683
-0.4777793654
-0.6391230757
-0.5909620903
-0.5770845907
-0.3683480113
-0.4720917604
-0.4059970134
-0.4950528369
-0.4267966582
-0.4523565895
-0.4730992883
-0.4636040222
-0.3972629468
-0.5196032515
-0.5957985214
-0.4687848179
-0.4186482215
-0.4445959911
-0.4860256088
-0.5208556071
-0.3278865574
-0.5495823766
-0.4612492905
-0.5081025745
-0.4963365608
-0.4629293254
-0.5461626817
-0.5267729882
-0.3354998001
-0.3893522543
-0.4864294557
-0.5892525320
-0.5023243803
-0.4910987656
-0.3652929286
-0.3175260138
-0.6093971603
-0.3958169774
-0.4287737567
-0.4618844631
-0.3940619252
-0.4091549725
-0.3616813735
-0.3762793190
-0.4023575449
-0.4777567766
-0.4934147595
-0.3558327487
-0.4272563157
-0.4202073234
-0.3214081805
-0.3429205457
-0.4773285842
-0.5421437920
-0.3666371503
-0.3081356622
-0.4047224346
-0.4737204716
-0.3913482966
-0.3678070138
-0.4182867577
-0.5467045764
-0.3792241463
-0.5908386082
-0.4476458720
-0.3094701185
-0.3420753256
-0.3872051563
-0.4978892101
-0.5111826711
-0.3269451666
-0.4492520106
-0.2352920149
-0.4357836258
-0.3476635841
-0.4007627702
-0.3645336178
-0.3572121301
-0.3147151423
-0.4168453479
-0.4434785236
-0.2065251065
-0.4384718905
-0.4108030602
-0.3816046687
-0.4319160460
-0.2525522965
-0.3107931556
-0.2041871576
-0.3096871795
-0.2748860586
-0.3408254203
-0.3659422262
-0.3139000223
-0.2128346424
-0.2994335801
-0.3128938434
-0.2972226034
-0.2798808317
-0.2277539073
-0.2831087787
-0.4636854550
-0.2898887567
-0.3401699892
-0.2403950494
-0.3886745576
-0.2335883100
-0.3629927399
-0.2723039015
-0.4007760390
-0.3305313437
-0.3039779571
-0.3792392527
-0.2935587755
-0.2649150955
-0.3235061452
-0.2367171583
-0.3725261954
-0.2144249952
-0.4124876912
-0.2284743708
-0.2506249197
-0.2285710026
-0.1663482625
-0.3873441677
-0.2602373446
-0.0972230906
-0.3365453961
-0.2112127164
-0.2714354547
-0.1200814743
-0.2905540654
-0.2412412527
-0.2083118403
-0.2927709279
-0.2603818177
-0.1411800966
-0.2755718627
-0.1243665740
-0.1433302438
-0.1584000750
-0.0850542601
-0.2374913789
-0.2412734481
-0.2554766330
-0.0740647684
-0.2924820984
-0.3062756352
-0.1163518169
-0.2495006615
-0.3002026415
-0.2364496797
-0.2402193961
-0.1683778086
-0.2766824807
-0.2481273494
-0.3156901906
-0.1810561148
-0.2811036136
-0.2088081768
-0.1746683607
-0.3430628749
-0.0678736427
-0.1972267331
-0.0925661385
-0.2553724669
-0.3704287223
-0.1778467589
-0.0484711591
-0.2061005956
-0.0959815262
-0.2189399596
-0.1157764891
-0.1833972557
-0.2870010646
-0.0179935556
-0.1917490752
-0.2527793388
-0.2668731068
-0.2114101203
-0.0713500649
-0.3049099641
-0.0863954127
-0.2587544393
-0.1784602375
-0.1665169368
-0.2257903083
-0.0135423896
-0.2297041460
-0.2690561259
-0.1797179719
0.0167804530
-0.0213201928
-0.0656600082
-0.1811150760
-0.0807260440
-0.1188774513
-0.0757650432
-0.0719802393
-0.1612986939
-0.2052141259
-0.2279722125
-0.1861694923
-0.1161962187
-0.1355319265
-0.0772073164
-0.0197885690
-0.1765107041
-0.1628991565
-0.1469895313
-0.0132630071
-0.1235116379
-0.0998630781
0.0474543571
0.1221807859
0.0057186337
-0.0534349202
-0.1063802590
-0.0232540756
-0.1400833034
-0.2293822128
-0.0290413860
-0.0727709876
-0.0188405772
-0.0475763822
0.0650157368
0.0034898037
-0.0063156398
0.0564344869
0.0054247672
-0.1335288926
-0.0284851703
-0.0433169311
-0.0122560338
-0.0560434468
0.0599091939
-0.0571824848
-0.1326112492
-0.0690704862
-0.0648208189
-0.0680922571
0.0752903605
-0.1593248609
0.0547215341
0.0883478550
-0.1096139896
0.0889182225
0.0188305341
0.0738586062
0.1169355677
-0.0472013732
0.0551328733
0.0479539581
0.0211075696
-0.0424326183
0.0137309323
0.0196846861
0.0640725387
0.0102374016
0.0668765649
-0.2138560553
0.0435382734
0.1148439220
0.0078075493
0.1368164784
0.1101883453
-0.1218682519
0.0426616467
0.1164810892
0.1276356826
0.0577743160
0.0068170023
0.0751728555
0.2183247920
-0.1141838936
-0.0165721255
0.0464937115
0.0437642665
0.1827490970
-0.0194618831
0.0758766845
-0.1541438443
0.1953158940
0.0163647361
0.0286453997
0.0010024260
0.0082420899
0.0738981083
0.0744990985
0.1354486551
0.1419119251
0.1667953118
-0.0127599311
0.0642622648
0.0839047150
-0.0092616023
0.0844808244
0.0558602523
0.0443764499
0.0944601551
0.0747793124
0.1448768979
-0.0098500391
0.0054893452
0.1659201493
0.0523874853
0.0929711854
0.1176537580
0.2502039526
0.1003369341
0.1880105748
0.0680692029
0.0835657921
0.1046733884
0.1325612990
0.1855045879
0.1764015153
0.1627160084
0.1183592427
0.2906802573
0.1163062087
-0.0200609490
0.1449391595
0.1221499185
0.0950723200
0.1746095693
0.1461514805
0.1677734973
0.0776728000
0.0741899005
0.1494281379
0.2766870721
0.1139079518
0.1278130608
0.1869144944
0.1768158714
0.2090456404
0.1191128333
0.1504740811
0.1709582872
0.0605780039
0.1452755056
0.1292011735
0.1218968047
0.1671449760
-0.0572807242
0.2419128542
0.2717257390
0.0853122840
0.2509353533
0.1248791159
0.0901185128
0.1305622813
0.3451554450
0.2030571843
0.2441083660
0.3120625569
0.2053875837
0.1904668846
0.2610075555
0.0439125465
0.3088157956
0.2301894241
0.2217302942
0.2672736493
0.3465789335
0.2688028757
0.2350509918
0.1515230176
0.1872736032
0.0893034895
0.2570416848
0.2227509421
0.3020322905
0.3089063033
0.3811173026
0.1031573837
0.0985864064
0.3229348409
0.2949274091
0.3291557172
0.1816507478
0.1707833793
0.3082300857
0.1957401871
0.2473818403
0.2708912742
0.2830140689
0.2172305416
0.2998909083
0.3445615678
0.3315797437
0.3766458215
0.2159253393
0.3212479782
0.2171498135
0.1872478332
0.1283146364
0.3469144303
0.1024588872
0.3890100466
0.1892801269
0.2733409362
0.3975197181
0.2168662875
0.4044330974
0.3982586952
0.3898088223
0.2596361197
0.1286094246
0.2877547278
0.1725618574
0.2592500438
0.2525745894
0.2879895895
0.2962136476
0.2503108594
0.3937220679
0.4114897565
0.3964339802
0.2770858643
0.5021482912
0.3096104315
0.4825482258
0.3435407103
0.2296339724
0.3892825511
0.3194657884
0.3011324226
0.4265067339
0.1985963698
0.2562968230
0.3866846999
0.4506746537
0.3184799583
0.3873540124
0.3581583249
0.2678133529
0.3308454374
0.4204485776
0.3161605700
0.3635771958
0.3876676861
0.4794302765
0.2401887703
0.1710738616
0.3950162690
0.4198459204
0.4270821573
0.2581255874
0.2610551310
0.3967790834
0.4239979252
0.3739617382
0.2869744963
0.4543534321
0.3421942313
0.3349412397
0.4457715632
0.4490153147
0.3711030763
0.3594664464
0.4081040449
0.2847170654
0.4494406522
0.5003045382
0.4535005725
0.3764271408
0.4101923062
0.4221651948
0.5089055695
0.4065898902
0.4004120387
0.5175013694
0.4446114676
0.3932247516
0.4817501915
0.4287652402
0.4204729519
0.5226884422
0.3875692990
0.4638426297
0.4704116718
0.3532276537
0.4479779564
0.4259238077
0.4912455009
0.4465946215
0.4583613364
0.4449639289
0.4327374426
0.4471759707
0.4526495531
0.4569787350
0.4860802496
0.3749444625
0.5293046926
0.4836338391
0.3245167416
0.3899550958
0.4574849777
0.4141970892
0.3978227351
0.5069141640
0.3105615228
0.4383138207
0.3686496364
0.5315320659
0.4901360965
0.5515356721
0.6049163683
0.4413571508
0.5412603631
0.5952149684
0.3981727614
0.4579210923
0.5614046817
0.6467677644
0.4565122767
0.6307965741
0.6020985996
0.5123509864
0.5554460246
0.5957215499
0.4700734916
0.4396436415
0.5595072545
0.4811704681
0.5146989237
0.5067399213
0.4812923095
0.6606685448
0.5336834610
0.5496828912
0.4319254794
0.5685428175
0.5057772831
0.5573346608
0.5202253126
0.6220369278
0.5438457928
0.5944204409
0.4322118519
0.6464841639
0.5293119342
0.5082226091
0.4527371680
0.7052775411
0.4716577680
0.6029706041
0.5983817015
0.6836596169
0.7438000525
0.5456625709
0.4760917358
0.5885531114
0.5574292074
0.5916069010
0.6164736078
0.5641449437
0.7855067773
0.6827716467
0.5785260356
0.6130473279
0.5690551085
0.6775339745
0.5969363907
0.7171849951
0.7817362640
0.6187194700
0.5807340929
0.5938747104
0.7078026933
0.7899234131
0.6147059977
0.6141660783
0.6352161256
0.5930518782
0.7785290627
0.6020129262
0.6534299836
0.6201166047
0.7726313788
0.7042746176
0.6736428359
0.5969729484
0.6267230348
0.7891982589
0.7124042632
0.6536736863
0.6386884715
0.5464096705
0.7330920159
0.6104525709
0.6279070228
0.7768619879
0.6110859765
0.6694585561
0.7157270775
0.7470307681
0.6595141526
0.8298513978
0.6377643436
0.7143119031
0.7029824671
0.5642270408
0.8073298903
0.7565971898
0.6252942106
0.6603745273
0.6201456611
0.6509907239
0.6058642611
0.6591804722
0.8083473475
0.7420269001
0.7146363381
0.7932490923
0.7585003564
0.7667068774
0.7736716222
0.7899097879
0.6799294121
0.7493740374
0.6278899867
0.8000251308
0.6882940667
0.5904246996
0.7734126573
0.7056046520
0.8542463234
0.7755121858
0.8288989247
0.7214695683
0.6958466636
1.0131267326
0.7153746350
0.8372130769
0.7751214060
0.8623226211
0.7115924223
0.7063550489
0.7562039682
0.8637155078
0.6285125077
0.6841109526
0.8208690638
0.8577489402
0.8295946957
0.7117151603
0.8562915800
0.7697794444
0.8391904929
0.7048695336
0.8517475274
0.7776936982
0.8617388345
0.8858663543
0.7745483349
0.7748307722
0.8431294517
0.6961473746
0.7858504519
0.8942063669
0.8188871464
0.8104228211
0.7909393814
0.7745990058
0.6793119573
0.7671555588
0.7922112638
0.9151441144
0.8054643375
0.8249615011
0.8874399579
0.8146449839
0.8641688781
0.7874789212
0.7038150157
0.7716047577
0.7195573126
0.8498547311
0.8275388046
0.8114577798
0.9549857890
0.7464679536
0.8692058276
0.7388709926
0.8765729999
0.8359268601
0.8668369232
0.7742129801
0.9561335278
0.8401750252
0.9792149782
0.9499099497
0.8182514826
0.8494588884
0.9299050058
1.0740466125
0.9306825773
0.8706169657
0.8531672316
1.0184538754
0.8003372220
0.8149061495
0.9261527133
0.9826093342
0.9343096170
0.9706754383
0.8602746776
0.9880435824
0.8859342655
0.7901105500
0.8009942477
0.9405366632
0.9473761393
0.8127361605
1.0440399108
0.7397475221
0.8540560504
1.0820478750
0.9884177375
1.0781240902
1.0045993474
1.0180814267
0.8349890168
0.9629531758
0.9015213611
1.1782532561
0.8790015298
0.8462617237
1.1093485151
0.9975236344
1.0008505957
0.9987767721
1.0672048746
0.9265766967
1.0475314178
1.0464590658
0.9519415165
0.8239757679
0.9687799898
0.8763501924
0.9019575868
0.9881473184
1.0785320151
1.0064422468
1.0024491946
1.0386238744
0.9964623508
0.8842430884
0.9202847310
0.9611607932
1.0048661264
1.0037961124
1.1016390340
0.9765461018
