-1.0277359284
-0.9739498945
-1.0077346119
-1.0505121133
-1.0192609013
-1.1632843024
-1.1243121564
-0.9919770562
-1.0518322488
-1.0129849053
-0.8999689217
-1.1371347589
-1.0782920140
-0.9512445943
-0.9251112895
-0.8908912592
-1.0637511347
-1.0258820637
-0.9987329145
-0.9377087023
-0.9753793265
-0.7983437463
-1.0631626207
-0.8954245043
-0.9106084409
-0.9243881953
-1.0245071230
-0.9889264971
-0.9717870945
-0.9742097562
-0.8897466916
-0.8816570116
-0.9607842612
-0.9061029964
-0.9762053753
-0.9383704112
-0.9574071977
-1.1082851909
-1.0552970246
-0.9987506563
-0.9240232442
-0.8905745109
-0.9089344853
-1.0388600147
-0.8388509222
-0.9187012927
-1.0471289629
-0.9264203894
-0.8412722509
-0.8347791319
-0.9482699848
-0.9248473786
-1.0073801095
-0.8822832553
-0.8970405040
-0.9200509759
-1.1405948740
-0.9345088266
-0.9002081561
-0.8896877989
-0.8355944173
-0.9222342135
-0.8262742132
-0.8935635111
-0.8874905664
-0.8638677917
-0.8816860977
-0.9088482281
-0.8673021901
-0.9335844163
-0.7701963890
-1.0673037468
-0.8647460625
-0.7954179506
-0.6856666930
-0.8640269056
-0.7006398279
-0.8188050539
-0.9198255477
-0.9520657130
-0.9543555129
-0.9007817799
-0.7475384990
-0.7945919607
-0.7580954252
-0.8495679624
-0.8250080215
-0.7361024835
-0.8462092694
-0.7220552873
-0.8096355846
-0.6688097626
-0.8236488592
-0.9653989020
-0.8544432308
-0.8647404539
-1.0245224507
-0.6760211995
-0.8481216889
-0.7057080198
-0.7725989120
-0.9324297840
-0.8023884371
-0.8536673871
-0.8023826195
-0.7877995767
-0.8328894401
-0.8898018025
-0.8584656066
-0.9214411775
-0.6874494623
-0.8579948347
-0.7763874025
-0.6746752365
-0.7197218803
-0.8597822450
-0.7918277125
-0.8594930360
-0.7316306113
-0.8196346732
-0.7476825530
-0.6598561129
-0.6857744861
-0.7604416299
-0.6945188254
-0.7989342592
-0.7644443577
-0.6966113475
-0.8277714325
-0.7109103088
-0.7198093354
-0.6122433674
-0.7186678252
-0.8677463959
-0.8614141936
-0.7013664615
-0.6926074008
-0.7324638767
-0.6297309801
-0.9126926741
-0.7707247111
-0.7108708493
-0.7807475046
-0.6040034064
-0.6171381513
-0.7965169808
-0.6869323352
-0.6637507003
-0.6929304027
-0.6018625183
-0.5603576014
-0.8619580889
-0.8819928004
-0.6665298195
-0.8738527315
-0.6929532451
-0.6463077318
-0.6671743483
-0.7375504299
-0.8054306817
-0.7740683601
-0.7706318141
-0.7745600753
-0.6691421718
-0.7349618974
-0.4661356290
-0.7100963068
-0.5171881191
-0.5875473891
-0.6621699476
-0.6914708673
-0.7320571831
-0.6097864379
-0.8345155878
-0.5883269951
-0.7696264325
-0.6586022760
-0.8896880326
-0.6939554481
-0.6635505810
-0.6203365800
-0.5557523936
-0.4892243088
-0.6345672520
-0.4703298397
-0.7327113183
-0.6076633145
-0.7169435964
-0.5298236813
-0.8576053938
-0.6159584872
-0.6746080633
-0.6966081695
-0.5746836986
-0.5786355933
-0.6301461137
-0.7886424895
-0.6204638531
-0.6523291876
-0.6935492189
-0.5124265345
-0.6445991459
-0.6375347706
-0.6892404647
-0.5902974021
-0.6627750278
-0.5386785386
-0.4903797004
-0.4360361620
-0.7149930212
-0.6136959621
-0.5450409699
-0.6345558135
-0.5668659140
-0.4652166212
-0.6389459221
-0.6186330948
-0.7248481677
-0.4880359599
-0.6161398620
-0.5777567675
-0.6139503065
-0.4498484275
-0.5551589868
-0.4331340923
-0.4996216200
-0.4746560597
-0.5617830620
-0.5790424109
-0.4848649045
-0.4403402769
-0.5803045769
-0.6471096414
-0.6222695878
-0.5055589804
-0.5633219482
-0.6664596690
-0.5286869980
-0.5462754294
-0.6467789683
-0.6071181812
-0.4600603220
-0.5815963237
-0.5121017739
-0.6547089634
-0.5394115567
-0.5582456889
-0.3925886971
-0.5196884651
-0.6652815871
-0.6193067292
-0.5612740462
-0.4424404395
-0.5680282261
-0.4383643050
-0.5001255089
-0.6032140456
-0.3952303237
-0.4129103383
-0.5803536410
-0.3467002767
-0.4516421121
-0.4748130393
-0.4466823713
-0.3462005566
-0.4880412851
-0.4763223802
-0.3147548237
-0.3173365188
-0.3385492625
-0.4766084718
-0.4480652276
-0.3866251805
-0.4900162758
-0.3919042774
-0.4897783291
-0.4233287004
-0.4079302266
-0.4119716770
-0.4521386038
-0.4356219001
-0.3263206618
-0.4449368178
-0.4807551747
-0.3851527830
-0.3214743471
-0.3995597562
-0.5316188331
-0.5290888525
-0.3602774362
-0.4336781722
-0.4104223445
-0.3166722428
-0.4793640752
-0.4284919122
-0.3599905884
-0.4410848934
-0.4970400354
-0.4293303536
-0.4043103139
-0.4007993959
-0.5207570391
-0.3964638749
-0.2559034380
-0.4998143244
-0.3322020663
-0.3611891911
-0.4132457806
-0.4417573648
-0.4612440643
-0.3183849749
-0.4529107350
-0.3702234291
-0.4202451620
-0.4395267611
-0.3661114852
-0.5050718607
-0.4167838673
-0.1409747587
-0.3585916925
-0.2101322711
-0.3935245496
-0.3920722083
-0.2783556098
-0.5267063414
-0.3116287292
-0.4441697173
-0.3359258541
-0.2767908540
-0.4620079901
-0.3411407171
-0.2301627006
-0.2213744813
-0.3804144037
-0.4203358566
-0.3537641198
-0.3399678237
-0.3451088871
-0.1674640943
-0.4076182957
-0.3537155198
-0.2118494334
-0.3200116996
-0.3257862123
-0.6074468408
-0.4029581161
-0.3507774723
-0.3116369578
-0.1532680404
-0.2418613403
-0.1079540589
-0.3561682327
-0.3562303654
-0.3008846606
-0.4065084461
-0.3884378784
-0.1613400548
-0.2727272890
-0.3898049582
-0.1591081292
-0.2548478684
-0.3543887916
-0.4002943441
-0.1057649504
-0.2158347454
-0.2481263475
-0.3091543956
-0.2872832282
-0.2139339092
-0.2745573855
-0.2964837945
-0.1953677577
-0.3060479967
-0.2022262527
-0.2179322310
-0.2708375869
-0.2406871263
-0.3241361860
-0.2476345033
-0.2857119201
-0.2442195185
-0.2849376148
-0.3302883949
-0.3264936399
-0.2238936993
-0.2043253491
-0.2077144332
-0.1820122162
-0.1588526286
-0.1604738952
-0.3167107489
-0.2064102255
-0.1409623081
-0.2071306327
-0.1879167512
-0.3177268790
-0.2260745814
-0.2535260548
-0.3344630753
-0.2653661659
-0.3127476162
-0.2697477021
-0.2679641814
-0.2483919209
-0.2619170448
-0.2179500207
-0.2345722397
-0.3468201190
-0.2419605827
-0.1905220695
-0.0451537346
-0.3268420194
-0.1035690867
-0.2544590789
-0.0689049649
-0.1164214215
-0.0267366521
-0.1479109405
0.0464945052
-0.2330169132
-0.1081978517
-0.2109023603
-0.0660043754
-0.1781868957
-0.1954322901
-0.1429166645
-0.0348116655
-0.1055754594
-0.0948906373
-0.2046899437
-0.0749438922
-0.2537505064
-0.1243594225
-0.1541115161
-0.2191278173
-0.1373743279
-0.1166310698
-0.0446909849
-0.1230254434
-0.2303874448
-0.1494633333
-0.0214588021
-0.1843186161
-0.0768266622
-0.1231330968
-0.3275310223
-0.1156186010
-0.1270184108
-0.1270154733
-0.0410884034
-0.2222954617
-0.0488848786
0.0077472558
-0.2152851547
-0.0801166736
-0.1140905827
-0.0380423524
0.0835804317
-0.0738719150
-0.0707640491
-0.1283519100
-0.1131982920
-0.1632292269
-0.0299752718
-0.0436994471
-0.1273882094
-0.2319727461
0.0048508940
-0.2526647346
-0.0160717101
-0.0333579993
-0.0900789799
-0.0043839343
0.0133009243
-0.1994423306
-0.1434272621
-0.0149382548
0.0339719839
0.0565436635
-0.1232179279
0.0884072842
-0.0522093057
-0.0231656675
-0.0369942661
0.0538372600
-0.0167738076
0.0014502102
-0.0641384616
0.0749547525
-0.0032725875
-0.1194477043
0.1085976315
0.1155946032
0.0024920241
-0.1086748008
-0.0547828387
-0.0507795154
0.0065051340
0.0138764241
-0.0603078985
0.0299785105
0.1215053841
0.0002640565
0.1054559317
-0.0223456391
0.0027955408
-0.1397706982
-0.0798540495
-0.0266770614
0.0265135555
-0.0722968026
0.0085963787
0.0472141439
0.1920040313
0.0860109784
0.1622022154
0.0296089834
0.0140846469
-0.0655523320
0.0596714140
0.0054739613
0.1195662565
0.2321347058
0.1351066925
-0.0309995791
-0.0361508666
-0.0192294238
-0.0886071103
-0.0926988466
-0.1254932858
0.1218523472
0.1299316754
-0.0237450679
0.1429773968
0.1080055827
0.0846384283
0.2142026717
0.1293369886
0.0730096755
0.0703653914
-0.0469611039
0.1565338027
-0.0389716437
-0.0257482477
0.0243169124
0.0927235512
0.1555356483
0.1812678702
0.0909899632
0.1062453405
0.0011501680
0.0364245606
0.0630849187
0.0187411627
0.0459655136
0.1034979755
0.2161776221
0.1679398569
0.1341029417
0.3644554729
0.1679697100
0.0957070822
0.2198386014
0.0641178118
0.0047917233
0.1680330246
0.2140417167
0.1044746849
0.2283537556
0.1776099306
0.0998844920
0.1276556500
0.0385101195
0.2141752442
0.0887700352
0.2299718535
0.1334850230
0.2449570539
0.0564679632
0.2507377939
0.1959061970
-0.0492378927
0.1164717164
0.0005471976
0.1681816790
0.1432411814
0.2259975870
0.3679022094
0.1132373816
0.0991120738
0.1450691196
0.0136488459
0.0978034641
0.2000528805
0.1985170617
0.3129185528
0.1676632080
0.1601589213
0.2979688153
0.1841468517
0.1675994686
0.1292019772
0.2426288472
0.3020003661
0.3893733628
0.2128899997
0.3058755831
0.3280364653
0.0771263819
0.2198523897
0.1658127765
0.2615628936
0.2288572631
0.1262366372
0.0980528605
0.1112752107
0.1789583130
0.2399488730
0.2592892752
0.3066840948
0.1370191483
0.2143596598
0.2478556061
0.3068958775
0.1069939805
0.2171935669
0.1987657396
0.2060605025
0.1461620995
0.2035649356
0.1320746867
0.1178160730
0.3400213510
0.3486366381
0.2330591500
0.3284886352
0.2636441509
0.1765955045
0.2225504451
0.2896530177
0.3832791653
0.3218803921
0.5266238532
0.2922323836
0.3553443590
0.3565174232
0.2559431313
0.3779578653
0.3169144168
0.4302685152
0.4675794890
0.3160197240
0.1860050090
0.3502483466
0.3149825249
0.4346294897
0.3082798496
0.2590348605
0.4705322101
0.3262588358
0.4024385005
0.3818803098
0.3208133689
0.4534733363
0.3335655475
0.4042716463
0.3264430590
0.1787067709
0.3086261123
0.3077318802
0.3998688970
0.1580334371
0.4540285909
0.1333671128
0.4150531311
0.3078839846
0.2942566479
0.4771470733
0.3122364289
0.2159013436
0.3315851226
0.4344711673
0.4442272762
0.3606127247
0.4485242927
0.4422547390
0.3260405785
0.4244161338
0.3259789308
0.3757682584
0.3817424961
0.3073290839
0.3995285639
0.3960237512
0.2724192247
0.3796916897
0.4004818496
0.3810786860
0.4534469417
0.3230460008
0.3863542702
0.4117725801
0.4690680158
0.4554856920
0.4259706525
0.4424304160
0.4907093351
0.4788886217
0.3127114034
0.5281005409
0.5233759184
0.4835374514
0.4327865463
0.3589259453
0.4373886322
0.4962237313
0.3276752310
0.4239715793
0.4172787785
0.5571552947
0.5753347242
0.4333371453
0.3853957567
0.3646435696
0.4682176792
0.4618275745
0.5288740860
0.5207760959
0.5634296888
0.5532829820
0.4226822947
0.4531499345
0.5041441763
0.3976966354
0.4751947231
0.5073452924
0.5420479731
0.4641431808
0.3060506162
0.3625633102
0.6280208404
0.4550388884
0.5613310724
0.6327205140
0.3403241279
0.3699726597
0.5459250771
0.7104508605
0.4968502582
0.4838481444
0.4103881337
0.5677660634
0.4962540361
0.4574356175
0.4375138974
0.5417812990
0.2661112574
0.4332759993
0.5573174753
0.7309670073
0.5502515138
0.4762610384
0.5289926279
0.4995783971
0.6388613903
0.5737108886
0.4433017684
0.4548163895
0.5706279807
0.5292181328
0.5509433998
0.6079722221
0.5600880568
0.5782277585
0.7441064334
0.5716773890
0.5586494542
0.6321043047
0.5532224295
0.4355197205
0.5690900633
0.6955997997
0.6368266456
0.5124742670
0.5622388233
0.5221392609
0.5375636515
0.7527025572
0.6226188086
0.5831515643
0.6961084333
0.5642574457
0.4341748786
0.6523101334
0.6315838659
0.5982743444
0.5225163831
0.8405849839
0.7237021278
0.7167533191
0.6675332441
0.5434360448
0.7042252545
0.5669593512
0.6640059803
0.6265510174
0.6528584639
0.5697361324
0.6406974786
0.5775569728
0.6693873962
0.6025634417
0.6276488497
0.6489995725
0.6565787362
0.6950343024
0.7229604719
0.5433696063
0.5580073707
0.6149633416
0.6422782533
0.6143397849
0.6246250660
0.6058062922
0.7239347787
0.6228984811
0.6446665965
0.7487898168
0.5547289387
0.5855812107
0.7028083514
0.5912164979
0.5674878971
0.6572907709
0.5308912066
0.5287988634
0.6837089463
0.6654334741
0.8856684517
0.5682871106
0.5564093419
0.5764241492
0.6254750825
0.6481986994
0.6077302171
0.6799206175
0.6901960294
0.6857719731
0.6826273128
0.5960947854
0.7259910941
0.8914396351
0.7286309995
0.6161222396
0.7936603550
0.8331855006
0.7338203829
0.7221026986
0.8135141788
0.7093734525
0.7192171702
0.7886960494
0.7381207444
0.6315917200
0.8210470750
0.7806876719
0.8041122965
0.7480988148
0.6223940876
0.6387015686
0.5304344461
0.7849411549
0.6713790313
0.7570670022
0.8765551555
0.8507193123
0.8394661117
0.6100272056
0.7318871292
0.8348236214
0.8448711227
0.8082828358
0.7196173095
0.7509824816
0.7956529035
0.8567373948
0.6326862014
0.7936606873
0.7972557358
0.7578969862
0.7798004917
0.6983414248
0.7873086677
0.6830068446
0.7442864483
0.8722884815
0.7827771204
0.7384943238
0.8327788374
0.7894396985
0.8676577214
0.7467517758
0.9450805504
0.8924048825
0.8265602801
0.7551100368
0.7463893268
0.8298032468
0.8640558655
0.8746138068
0.6848174080
0.6948740652
0.7340529416
0.8276907590
0.6729305705
0.8051793870
0.8142171578
1.0261100548
0.8712849461
0.8116362901
0.7972959084
0.9706399145
0.8407227916
0.9044653804
0.8919836091
1.0257031346
0.6954450295
0.9255724450
0.8050241120
0.7942055554
0.9084736207
0.7638999413
0.8349554595
0.7817552927
0.9189604639
0.9744217076
0.8498000286
0.7953790568
0.8306724108
1.0037606534
0.9104474469
0.8842863018
0.9752628950
0.9003147042
0.8880586699
0.9508448190
0.7820400272
0.7887901570
0.8887655161
0.8116707983
0.7547983151
0.8151943929
0.6816091198
0.9016398473
0.9873476073
0.9718352273
0.9105346318
0.8715139898
0.9705888651
1.0588914168
0.9053895252
1.0509847501
0.9045556403
0.9291384823
0.9271256112
0.7158686875
0.9028058354
1.1040373457
0.7681853632
0.9529195614
1.0177941849
0.8005479334
0.9730661710
0.9437390746
1.0350018812
0.9668430042
0.9608164073
0.8822638300
0.9762583949
0.9549367735
1.0505289123
0.9368247915
1.0094697608
1.0349169296
0.9643811369
0.9233316835
0.8703835315
0.8849871813
0.8069946702
0.9611459967
1.0579438341
0.8975862537
0.9447164189
1.0009242739
0.9239301109
0.9295920954
1.0099725264
1.1131903069
1.0453411631
0.9601049289
