-1.1418451060
-1.0823408643
-0.9961917891
-1.0155077479
-0.9991775870
-1.0857956115
-1.0829320337
-0.8943098861
-1.0550977651
-0.9882185962
-0.9386882545
-0.7894017765
-0.9007541697
-1.0099799965
-1.0240914130
-0.9211948410
-0.9120354552
-0.8923739094
-1.0444750914
-0.9789925958
-0.9084663921
-0.9204644262
-1.0391155000
-0.8030832769
-0.9573057290
-0.8484061737
-1.0127502277
-0.9892227544
-0.9511772749
-0.9631967295
-0.9402352069
-0.8283254977
-0.9270303308
-1.0898747110
-0.7854574152
-0.8534254700
-0.9466722662
-1.1199496734
-0.8596715818
-0.8870706412
-0.6865302286
-0.8273389503
-0.9175094968
-0.9606984128
-0.7792429629
-0.8585152188
-0.8901094381
-0.8741780794
-1.0129100148
-0.9250564543
-0.8953160735
-1.0965447855
-0.8744038443
-0.8090617181
-0.8658295101
-0.7865929630
-0.9107929451
-0.9838674600
-0.8551578207
-0.8828445497
-0.9075986617
-0.8754271613
-1.0718655532
-0.9700218262
-0.8364365808
-0.8037787806
-0.7597530722
-0.7555965554
-0.8885849911
-0.9285242792
-0.7988069155
-0.9402798864
-0.8112854669
-0.9592868479
-0.9027219110
-0.9099465271
-0.7239925035
-0.7680730723
-0.8969315087
-0.9786722130
-0.7651035944
-0.9389259428
-1.0315893046
-0.8970508327
-0.8721171770
-0.8004451763
-0.7017555167
-0.8908560294
-0.8461523753
-0.7426402127
-0.8180411370
-0.8836955724
-0.7497583050
-0.8203297775
-0.7715042261
-0.7403595374
-0.8113259864
-0.8458510458
-0.6664629537
-0.8437637513
-0.7081880967
-0.7498852120
-0.7299822908
-0.7163915242
-0.7600588365
-0.9171166812
-0.7871184867
-0.7606728337
-0.7621257419
-0.7423942753
-0.8980889846
-0.6612308685
-0.7844229597
-0.7480062619
-0.6557397751
-0.7894673350
-0.7255906403
-0.5909293906
-0.8846721391
-0.7968212486
-0.7630026699
-0.7984507428
-0.9166985615
-0.7207263617
-0.8500250261
-0.8009403807
-0.6555930862
-0.7043637007
-0.8449034238
-0.7756075019
-0.8296507344
-0.8362221931
-0.7445890990
-0.7224167123
-0.6377305722
-0.7179494058
-0.6995110298
-0.8187810030
-0.5785589027
-0.7212245269
-0.7368440690
-0.7366138038
-0.7162965524
-0.7412324182
-0.6857774520
-0.8485350560
-0.5180565407
-0.6339532707
-0.7101699329
-0.8157285794
-0.7231279804
-0.6168865841
-0.6311204714
-0.5974350300
-0.5942645325
-0.5539222345
-0.6615967590
-0.8024293725
-0.5857981277
-0.7880139146
-0.6168898798
-0.8474948681
-0.7492171182
-0.8905935783
-0.7844517084
-0.5791022755
-0.6973585071
-0.7253055664
-0.6747632821
-0.6842482702
-0.7020421403
-0.5772965345
-0.5146751553
-0.5773623745
-0.6450273477
-0.6256500136
-0.6255461322
-0.8002136912
-0.5783390554
-0.5615934462
-0.7383298842
-0.7004943672
-0.7309529288
-0.5118633668
-0.6023006308
-0.6465696132
-0.6190769113
-0.5716843595
-0.7022157411
-0.6236010468
-0.5756307461
-0.6306444164
-0.6722738454
-0.6691702165
-0.6155134768
-0.6667477553
-0.6260544516
-0.7201277267
-0.6865805537
-0.6691676968
-0.6691393568
-0.6642907225
-0.6871252900
-0.5137165120
-0.3541232454
-0.5388061426
-0.6106677337
-0.5937114629
-0.5474017215
-0.6709311168
-0.5596038615
-0.4871192725
-0.5736769530
-0.6096222131
-0.6659689741
-0.4151423740
-0.5466847696
-0.4018151993
-0.6443737959
-0.5584549997
-0.4987428537
-0.6404950768
-0.4864451623
-0.5912251604
-0.5427659470
-0.5666791524
-0.6026630024
-0.4602765925
-0.5721849013
-0.5423551814
-0.5826250805
-0.3669572944
-0.6500631560
-0.5974227130
-0.5953151455
-0.5979928829
-0.3721766588
-0.4453321639
-0.6017526039
-0.6196926597
-0.5241929742
-0.5224641351
-0.6083310866
-0.5640808571
-0.5070081676
-0.5274707238
-0.5028157083
-0.4734478478
-0.5332293246
-0.5109257192
-0.6402251221
-0.5218381914
-0.5158950062
-0.5804731059
-0.5279326211
-0.5435751900
-0.6100780424
-0.4288352146
-0.6098651391
-0.4647080893
-0.3634675983
-0.4795199780
-0.5854299716
-0.5201280329
-0.4150805966
-0.6335333198
-0.5117909140
-0.5799315263
-0.4821736710
-0.4878871158
-0.4941320293
-0.4467130234
-0.4345703182
-0.3954742778
-0.5604297409
-0.4077921243
-0.4151883353
-0.4365828878
-0.4905961570
-0.3078066510
-0.5614202948
-0.5034096040
-0.4047922701
-0.3557300312
-0.3384857927
-0.6176305186
-0.4382585808
-0.5629675732
-0.5133091032
-0.3857414427
-0.4126103594
-0.4161927022
-0.3368366025
-0.4666083468
-0.3907157018
-0.5465927104
-0.3829952341
-0.3136144485
-0.3913928632
-0.3518199872
-0.4223067129
-0.4346603747
-0.3799743033
-0.3157007599
-0.4525132410
-0.4614692830
-0.4119218587
-0.3766493824
-0.5002995624
-0.2982157955
-0.4823375721
-0.3932130865
-0.5092063389
-0.4562805716
-0.3843279669
-0.3113155428
-0.3901123041
-0.2015023563
-0.4307650837
-0.4086982368
-0.2495840200
-0.2900301507
-0.3329958269
-0.2863057932
-0.3923131186
-0.2681692528
-0.5358018674
-0.4322427869
-0.3571415846
-0.2080939512
-0.2346437758
-0.2976624729
-0.2795838043
-0.4305291202
-0.4568599609
-0.1483233252
-0.2275644051
-0.4031166194
-0.2462218099
-0.3283026203
-0.3709404977
-0.4186695734
-0.4328431240
-0.2942728257
-0.2981105620
-0.3222598867
-0.4612768584
-0.3644649003
-0.3871212536
-0.1257414571
-0.2106047566
-0.3246006359
-0.1909224309
-0.4022973306
-0.2314086793
-0.3305407158
-0.3803694186
-0.1205809539
-0.2852275933
-0.3002539007
-0.3567510871
-0.2734757611
-0.2996335913
-0.3723515624
-0.3069980367
-0.3861476550
-0.2123241860
-0.3588042833
-0.3630605484
-0.3863590510
-0.2330276118
-0.3150962235
-0.2581352578
-0.2381899265
-0.3047675345
-0.1959996566
-0.2611538676
-0.2429425058
-0.2376141355
-0.2719593234
-0.2756902547
-0.1600773091
-0.2186660701
-0.2508319543
-0.2102232129
-0.0882329539
-0.2424453863
-0.3405932024
-0.2522573481
-0.2480259648
-0.2821246310
-0.2288750604
-0.1656082935
-0.0911424352
-0.3922445834
-0.2379629618
-0.2426239181
-0.0542216233
-0.0391559613
-0.1758033838
-0.3304426106
-0.3359080600
-0.2137126217
-0.3412170532
-0.2055821292
-0.2469675729
-0.1570702611
-0.2520897686
-0.0858085535
-0.1489386142
-0.2246488672
-0.0508096505
-0.1396389420
-0.1671303298
-0.1781893171
-0.2470191977
-0.2028222905
-0.0911214543
-0.1376377832
-0.2662546717
-0.2318571169
-0.1857311401
-0.2194830545
-0.2481907223
-0.1448472723
-0.1872601935
0.0077798875
-0.2896139783
-0.0602564455
-0.1711918662
-0.2252496152
0.0345746052
-0.0518232603
-0.0902895650
-0.0460790383
-0.0779950902
-0.1579484926
-0.1687159647
-0.2395896796
-0.0681312002
-0.1508530520
-0.1742550083
-0.0677494362
-0.0960613011
-0.0988518562
-0.1703560912
-0.0469787647
0.0208162883
-0.1582841554
-0.0795235713
-0.1524974334
-0.0070820218
-0.0589052299
-0.0458917423
-0.0162937259
-0.0556115325
-0.0682742391
-0.0576820653
-0.0598723753
-0.0174926880
-0.0491879058
0.0007122223
-0.0020424303
-0.0373717318
-0.0099484202
0.0292118161
-0.1259704571
-0.1352317734
-0.1363896836
-0.1526395657
-0.0430801123
-0.0148586102
-0.0229101651
-0.1446801741
0.1438210970
0.0226505604
0.0203069854
-0.0650648167
-0.0672379465
-0.2339152650
-0.0504916425
0.1000708359
-0.0126151851
0.0445059190
-0.1638152425
-0.1070009239
-0.0341001266
0.0078484050
-0.1172768992
-0.0656230427
-0.0465547052
-0.0025570629
-0.0301174302
0.0217423429
0.0163171520
-0.0158810408
0.1026751475
-0.0455647535
-0.1094566012
-0.1063815250
0.0833451783
0.0141608652
-0.0532336919
-0.0225437544
-0.0827269468
0.0521688497
-0.0127163516
-0.0257878499
0.0758545433
-0.0687213967
-0.0033834730
-0.0009856663
0.0621164921
0.1385632858
-0.1217454218
0.1332148078
0.0428595592
0.0070382888
0.0387273451
0.2106121322
0.0780309566
0.0274774171
0.1326776674
0.0881165800
0.0690005619
0.1747746815
0.0943068505
-0.0531734987
0.1494169252
0.2145085565
-0.0466999735
0.0543091173
0.1677613402
0.0667917497
0.2684032372
0.1178765316
-0.0068428307
0.0008915943
-0.0287938509
0.0078841992
-0.1403296666
0.0936144596
0.0359346732
0.0391590288
-0.0292901430
0.0043261534
0.2695747276
-0.0428819802
0.1572635916
-0.1297444270
-0.0831920842
0.0206688657
0.0720431355
0.1375862535
-0.0252294506
0.1160720451
0.1685105485
0.1869924051
0.1565742592
0.1269926163
0.0898289777
0.1550625931
0.1526703803
0.0712803129
0.2213955353
0.1620916919
0.1323827424
0.2976194807
0.1497774360
0.1945556031
0.1347384839
0.0481931416
0.3503059945
0.0829538349
0.1442634121
0.1843274473
0.0730198450
0.1941006277
0.2432354045
0.1650427836
0.2030156526
0.0981688419
0.2190725906
0.2193243679
0.0412150074
0.0446320967
0.1817975095
0.1613530533
0.0913403770
0.2101384079
0.1402235939
0.1663620308
0.2168052646
0.2230259793
0.2568605853
0.1110206821
0.2821590935
0.1116554554
0.4241847185
0.1324895042
0.2800417475
0.2674361750
0.1685233484
0.2566560422
0.2447663927
0.1291242389
0.4251429812
0.3235998257
0.1733436350
0.3017385192
0.1889942289
0.2384089547
0.1534491819
0.2340857393
0.2815713530
0.3261156387
0.0031665406
0.2265719775
0.2318715499
0.1937186882
0.2186241897
0.2476451632
0.2437370913
0.2483444291
0.2974433636
0.4321988442
0.2351277876
0.2162188579
0.1174086329
0.2899454481
0.3358157230
0.2229282865
0.2038288430
0.2398728603
0.3508693080
0.3342667200
0.3885374133
0.4494991121
0.2300864520
0.3493287608
0.2919448618
0.3892309213
0.4143136845
0.2932736292
0.2550884172
0.3743083398
0.1397088749
0.2975744636
0.3263229993
0.3837015430
0.3103337801
0.1493384570
0.3245250454
0.2969705764
0.2750892098
0.1441808150
0.2833057750
0.1899079564
0.2745700466
0.1313711131
0.2429456471
0.2664147364
0.2472022704
0.4444315124
0.2575152019
0.3823127160
0.4376249062
0.3125145809
0.4233632240
0.3176443360
0.4505370507
0.3040758606
0.3899057908
0.3508747508
0.3251018870
0.4035368016
0.3319232915
0.4017169108
0.2848355916
0.4645006540
0.3231120074
0.2747686329
0.4329067109
0.3643691157
0.5465759129
0.4610838233
0.3276338724
0.2860368045
0.3367451486
0.4179637511
0.3444291635
0.3794722055
0.3642383086
0.4532212790
0.4148433587
0.2371379711
0.2102581447
0.3819228294
0.5380784111
0.4485083113
0.4942402779
0.3496614706
0.3689037997
0.4864356858
0.3550875290
0.3685076881
0.2153684359
0.3904610533
0.3868947791
0.4324981415
0.4420303594
0.3750213563
0.5673336921
0.4627305371
0.4712729336
0.3940845592
0.5082994773
0.2687564148
0.4669769881
0.4217505826
0.4553424011
0.5294455580
0.4418473992
0.4757273876
0.4207537472
0.3285785359
0.4167554673
0.4238047699
0.3728776651
0.5410944209
0.4245050502
0.6340675583
0.4059806117
0.5398604204
0.4055181161
0.4334965541
0.4318081834
0.4775954716
0.4937103021
0.4158250388
0.5495011410
0.3148890778
0.4758173287
0.4327539831
0.5019449262
0.4613438471
0.4315269710
0.4911500994
0.4862929512
0.4645756194
0.4569030596
0.5130299514
0.4376788999
0.4450570898
0.5192875033
0.3855264814
0.3932499864
0.4778260746
0.3417710778
0.6157859943
0.4493904430
0.5885706128
0.5330364739
0.5219180871
0.5710495974
0.4812852863
0.3879610821
0.6535013613
0.3917716343
0.4709313985
0.5004949426
0.5188406400
0.5438243265
0.5337549683
0.6511159222
0.4869046225
0.5261692289
0.5989643122
0.4573415503
0.5894525969
0.5809104570
0.6192065044
0.5135024427
0.4088637181
0.6788264352
0.5577700952
0.6180791777
0.6209164362
0.5334333016
0.6365023783
0.5011763644
0.6518822127
0.6026223203
0.5718986785
0.6777322141
0.4960922437
0.5668015160
0.5111650898
0.5036965730
0.7001847773
0.5945809383
0.6244574291
0.5821295633
0.7039583369
0.6234015946
0.5915756642
0.6153369821
0.6541584070
0.6359649119
0.5975175719
0.6577656129
0.7648484176
0.4700620734
0.5952910506
0.6815786941
0.7527523328
0.5541695606
0.7025703388
0.5960165206
0.5998282424
0.5574233552
0.6361560756
0.5962670075
0.7561413422
0.8839385514
0.5328837822
0.6127496258
0.5313842483
0.6821181561
0.7503341748
0.7285473676
0.6171931629
0.6720912587
0.6831046130
0.5870764027
0.7551103388
0.7216609325
0.6831786438
0.7911032216
0.7503716223
0.6363774180
0.6936043576
0.7774233264
0.6995065877
0.7530349706
0.5926783493
0.6126946593
0.6760351272
0.6604731935
0.8349777470
0.7496082287
0.8493216673
0.6882772403
0.7204797992
0.5993808299
0.5129500319
0.6676323719
0.7218772666
0.8169438375
0.7359400294
0.4889829055
0.6705068497
0.8302598143
0.7205519764
0.8401026683
0.7438508650
0.7283013848
0.9044264216
0.6387104422
0.6928665980
0.8412235170
0.6793959294
0.7433139975
0.7053944824
0.7647232457
0.6257078413
0.8228172621
0.7008524569
0.6049257767
0.6553076359
0.7039909391
0.7961179407
0.7017601070
0.7300034177
0.7284856132
0.7848937449
0.8930188656
0.7507036702
0.7778407708
0.8245601409
0.7204584834
0.7883856880
0.7647061470
0.7968653252
0.8770734972
0.8042867456
0.6882867466
0.7478028721
0.7380535046
0.6973924877
0.7949340657
0.7194667710
0.8424634515
0.8146755753
0.8097397196
0.8033070319
0.9556345580
0.8252557475
0.9762880240
0.8484765601
0.6254349831
0.7951733845
0.7765131641
0.8372728134
0.8065082696
0.8112842599
0.8355688427
0.8732004925
0.7278977775
0.8017300589
0.9646096679
0.8474560337
0.9648964387
0.8265118533
0.9075838804
0.9181086363
0.7263880093
0.7622345707
0.8401318985
0.9358780573
0.8732176561
0.9297699275
0.9706303213
0.8355193716
0.8066365785
0.7744124494
0.8457123142
1.0448808411
0.9941305128
1.0107677314
0.8222340245
0.8655364841
0.9817870007
0.9665430705
0.8222501656
0.9103928958
0.8525876896
0.8814105778
0.8481117125
0.8271846458
1.0056040269
0.8769416659
1.1657105549
1.0029206534
0.8215115407
0.9639422157
1.0629290496
1.0379820216
0.9301004317
0.9137675524
0.8600959079
0.9817020475
0.8792882943
0.8844889778
0.9804727696
0.8247252776
0.9097494705
0.8011419940
0.9660903037
0.9675958429
1.0698946009
1.0166837367
0.8845719507
0.8816469041
0.8091109312
0.9174986462
1.1076869560
0.9345508248
1.0874581558
1.0672712946
1.0579597991
1.0885161014
0.9830177563
0.9445826420
1.0334901765
1.0109463644
1.0379873059
0.9087215282
1.1097322917
0.9633471912
1.0260566121
1.0724080996
1.1370247523
1.0390886538
0.9734307165
1.0623298207
0.9043690628
1.0367232231
1.1009064137
1.1183753043
