-1.1429861161
-1.0785540801
-1.0014909011
-0.9963397343
-1.0064711124
-1.0985091055
-1.0927428354
-0.9016175899
-1.0353241278
-1.0029328525
-0.9238911629
-0.7850723063
-0.8939085821
-1.0384263090
-1.0351699633
-0.9201530016
-0.9152124559
-0.8548461451
-1.0470010737
-0.9782819785
-0.9037878743
-0.9305471223
-1.0232230335
-0.7955199882
-0.9497800837
-0.8458328120
-1.0178052092
-0.9818580963
-0.9547198246
-0.9721335271
-0.9556058251
-0.8280074906
-0.9279978893
-1.1180880876
-0.7947183611
-0.8287991158
-0.9474017587
-1.1281767007
-0.8720500568
-0.9147706287
-0.6840231814
-0.8280781172
-0.9059262453
-0.9487723353
-0.7527392948
-0.8399419337
-0.9014458107
-0.8853495742
-0.9837844168
-0.9312486299
-0.9043622953
-1.0783961915
-0.8712737949
-0.8138439457
-0.8744371957
-0.8048006023
-0.8856631799
-0.9723241978
-0.8746890749
-0.8959199718
-0.9333151070
-0.8498791626
-1.0779096943
-0.9638761739
-0.8333360789
-0.8090826810
-0.7564290385
-0.7472761873
-0.8691308531
-0.9466093942
-0.8311913743
-0.9408387283
-0.7960364181
-0.9518043960
-0.9103494723
-0.9018112616
-0.7301356368
-0.7850542401
-0.8750147922
-0.9831039552
-0.7777848805
-0.9542903288
-1.0327800013
-0.8947914019
-0.8812828097
-0.8000164379
-0.7023678921
-0.8937932152
-0.8698563982
-0.7555896459
-0.8336051039
-0.8425282957
-0.7573686893
-0.8165044028
-0.7571760089
-0.7382671306
-0.8305066678
-0.8324967664
-0.6626821056
-0.8444731462
-0.7056523799
-0.7613304573
-0.7135921909
-0.7413642249
-0.7489737502
-0.9004173923
-0.7767915589
-0.7347290263
-0.7519206859
-0.7338071157
-0.9232882165
-0.6603119711
-0.7657977868
-0.7449846869
-0.6619562950
-0.8189399347
-0.7449748246
-0.6194476599
-0.8663002578
-0.7836814834
-0.7404227894
-0.7923597686
-0.9441424675
-0.7300569199
-0.8364541302
-0.8091103184
-0.6658869355
-0.6918991671
-0.8064508001
-0.7642126136
-0.8465630380
-0.8589377069
-0.7181164951
-0.7324533455
-0.6231541484
-0.7013023838
-0.6986852389
-0.8145577427
-0.5728192305
-0.7311790991
-0.7334294655
-0.7283613722
-0.7008852728
-0.7234888932
-0.6945567626
-0.8526157812
-0.5175841322
-0.6230500566
-0.7047881709
-0.8102437276
-0.7047513665
-0.6420422016
-0.6222839486
-0.5915251302
-0.6021361655
-0.5397990316
-0.6290270473
-0.8155252197
-0.5727096338
-0.7603854743
-0.6158467619
-0.8444041844
-0.7433808458
-0.8773275298
-0.7685954973
-0.5850100493
-0.7101677863
-0.7427959133
-0.6721030547
-0.6595425956
-0.7044135606
-0.6013048216
-0.4963603908
-0.5843407461
-0.6410903953
-0.6208924861
-0.6287571069
-0.7994830943
-0.5386759975
-0.5409992418
-0.7285949377
-0.6909407380
-0.7008686547
-0.5129147878
-0.6037440581
-0.6414655592
-0.5915975968
-0.5647992744
-0.7231008476
-0.6526263552
-0.5937906675
-0.6228120687
-0.6618013021
-0.6550786514
-0.6053537336
-0.6583705574
-0.6293636081
-0.7208796611
-0.6825562643
-0.6426864060
-0.6642762902
-0.6690825643
-0.7040364893
-0.4919701048
-0.3658475456
-0.5378562648
-0.5962389727
-0.5986611176
-0.5411635866
-0.6603136299
-0.5617192244
-0.4970885362
-0.5761097017
-0.6258185564
-0.6549987937
-0.4042657252
-0.5428489105
-0.4328415948
-0.6435809042
-0.5288831427
-0.4770295219
-0.6417119541
-0.4784270340
-0.5670976304
-0.5216145294
-0.5645217106
-0.5831785382
-0.4844556540
-0.5763518623
-0.5478598920
-0.5670567659
-0.3720091509
-0.6839640455
-0.6041181083
-0.6071142044
-0.5957875485
-0.3926975221
-0.4588151467
-0.6128723106
-0.6190729817
-0.4875455612
-0.5333255315
-0.6181456543
-0.5432064156
-0.5331217695
-0.5279187590
-0.5180027291
-0.4594735625
-0.5198720521
-0.5378311812
-0.6422209869
-0.5252669144
-0.5229303845
-0.5755943362
-0.5085342888
-0.5554383555
-0.6028509908
-0.4183565662
-0.6120438808
-0.4462113160
-0.3904166716
-0.4927135287
-0.5933106265
-0.5281651378
-0.4298995896
-0.6148034225
-0.5083161422
-0.5744117155
-0.4916210925
-0.4751032818
-0.4940277678
-0.4498589533
-0.4154890124
-0.4042764907
-0.5697734485
-0.3764444057
-0.4254351841
-0.4304756187
-0.4688759346
-0.2929085908
-0.5654088791
-0.5095393454
-0.3956738831
-0.3549192925
-0.3181535861
-0.6280707011
-0.4459090884
-0.5612837563
-0.5216735723
-0.4050437795
-0.4270763336
-0.4014085201
-0.3649081752
-0.4590815347
-0.4060306940
-0.5483262757
-0.3969695749
-0.3048159391
-0.3889391490
-0.3706509656
-0.4365591995
-0.4535117357
-0.3640912919
-0.3207239647
-0.4267445642
-0.4443903900
-0.4135366330
-0.3758058099
-0.4873415037
-0.2974980200
-0.4677389727
-0.3908547524
-0.5070988188
-0.4634030318
-0.3836097523
-0.3173446271
-0.3752875130
-0.1981890781
-0.4346631599
-0.4207883128
-0.2656530399
-0.3249923507
-0.3350519175
-0.3021047767
-0.4145626138
-0.2739519182
-0.5327356677
-0.4425768186
-0.3462753656
-0.1988348088
-0.2634764903
-0.3204372277
-0.3178521058
-0.4209912221
-0.4568179987
-0.1425957357
-0.2385119410
-0.3959267313
-0.2642066012
-0.3164777767
-0.3817702742
-0.4363215906
-0.4457038150
-0.2998635685
-0.2971694738
-0.3426408074
-0.4631769036
-0.3869559322
-0.3494234178
-0.1382647064
-0.2039221725
-0.3407418601
-0.1993222707
-0.4005800941
-0.2096822459
-0.3153319453
-0.3770960970
-0.1374895764
-0.2770190395
-0.2703191308
-0.3418622102
-0.2827106420
-0.3225145705
-0.3740080874
-0.3083408416
-0.3965211297
-0.2280657923
-0.3652813302
-0.3585500444
-0.3996456817
-0.2378269702
-0.3285032322
-0.2814492308
-0.2579928235
-0.3002397252
-0.1758514543
-0.2366538244
-0.2402520840
-0.2382058952
-0.2625747133
-0.2674232265
-0.1589290874
-0.2263508967
-0.2449818575
-0.2097551540
-0.0857683049
-0.2514188979
-0.3169220492
-0.2601569331
-0.2342858001
-0.2761168249
-0.2221254330
-0.1729436087
-0.1138330305
-0.4201589490
-0.2170970112
-0.2227316829
-0.0699250315
-0.0528725886
-0.1547888911
-0.3234037205
-0.3369693964
-0.2081364261
-0.3368380120
-0.2006224756
-0.2285160776
-0.1588568002
-0.2451721573
-0.0983140529
-0.1646166913
-0.2424226872
-0.0434237563
-0.1468673122
-0.1668664349
-0.1625049813
-0.2471642100
-0.1830147226
-0.0872924087
-0.1110990133
-0.2479198219
-0.2478019473
-0.1590172245
-0.2273699449
-0.2380431984
-0.1246430406
-0.1975911893
-0.0064318926
-0.2856974236
-0.0598846823
-0.1854251988
-0.2073691246
0.0255054728
-0.0432208955
-0.0802789749
-0.0490545854
-0.1139122908
-0.1540892023
-0.1722021078
-0.2349969076
-0.0445112848
-0.1545066741
-0.1885905828
-0.0558305779
-0.0995020886
-0.0756198541
-0.1416842583
-0.0688537352
0.0263474957
-0.1607314867
-0.0945613584
-0.1458322423
0.0091013170
-0.0592555321
-0.0472441707
-0.0120806764
-0.0418656557
-0.0470502772
-0.0762624011
-0.0390939528
-0.0396410874
-0.0349340225
0.0171669253
0.0166570297
-0.0388219558
-0.0046415239
0.0559435441
-0.0896242243
-0.1356826123
-0.1262663018
-0.1441851969
-0.0338308935
-0.0266852834
-0.0039662328
-0.1309391257
0.1484241848
0.0142109775
-0.0106630985
-0.0719746548
-0.0717635892
-0.2238599336
-0.0547613788
0.1145122291
-0.0113752969
0.0642911957
-0.1478260131
-0.0966783434
-0.0316963609
0.0244509909
-0.1069132449
-0.0591805348
-0.0712754091
-0.0136414275
-0.0373902833
0.0575017722
0.0296752756
-0.0086058686
0.0776707360
-0.0546791211
-0.1001338830
-0.1039096094
0.1038785044
0.0126176080
-0.0565043323
-0.0175501348
-0.0794627553
0.0634086370
0.0141574729
-0.0051653621
0.0767367547
-0.0885681465
0.0235814367
-0.0214474945
0.0357566143
0.1607937447
-0.1045960684
0.1240694627
0.0469187900
-0.0204436183
0.0196887696
0.2058946221
0.0718566480
0.0201314806
0.1151036341
0.0942680324
0.0543989535
0.1676874017
0.1056033025
-0.0608196177
0.1389753537
0.2071585587
-0.0493810493
0.0308262293
0.1759334777
0.0861181824
0.2461728209
0.1017579434
0.0062917947
0.0103387510
-0.0356614618
0.0170287450
-0.1360339860
0.0824150466
0.0424817545
0.0403434095
-0.0091781389
0.0104501376
0.2829036070
-0.0563844778
0.1529057330
-0.1376693261
-0.0864001223
0.0216169346
0.0996526887
0.1369434359
-0.0138845473
0.0953144281
0.2006961765
0.1863805241
0.1524969817
0.1287575430
0.1240340980
0.1455963925
0.1344297048
0.0871366888
0.2092300463
0.1565025891
0.1302689562
0.3082250597
0.1664323151
0.1978854044
0.1251587223
0.0549126276
0.3343063575
0.0885290787
0.1185512543
0.1940213437
0.0916394088
0.1785659558
0.2270306875
0.1546531880
0.2050976755
0.0865315339
0.2237895623
0.2202932394
0.0382802344
0.0392136394
0.1531211740
0.1639331188
0.1175218936
0.2349820534
0.1373224749
0.1663845538
0.2026336845
0.2296261295
0.2474485687
0.1005105014
0.3015056502
0.1168388181
0.4285278232
0.1703709758
0.2973817465
0.2785858903
0.1772216810
0.2701346048
0.2552633702
0.1322617973
0.4298434600
0.3209474085
0.1881899981
0.3051772027
0.1911388118
0.2534542568
0.1627038782
0.2541515038
0.2853932538
0.3053650012
0.0313909825
0.2129087130
0.2160484714
0.2060755708
0.2123909354
0.2566053000
0.2467599345
0.2228299824
0.2939630871
0.4214124366
0.2406958412
0.2173150237
0.1426669416
0.2701995630
0.3705068915
0.2275622593
0.1953902632
0.2266458262
0.3252583755
0.3148011587
0.3801546540
0.4631895582
0.2461539672
0.3582713385
0.2727238916
0.4001764585
0.4100755864
0.2873369033
0.2479506857
0.3490585297
0.1404697693
0.3109907640
0.3455488404
0.3840205488
0.3166125902
0.1415013391
0.3242219096
0.2705533257
0.3105263970
0.1515158272
0.2739820931
0.2154829394
0.2726377356
0.1533253822
0.2460566540
0.2560188158
0.2338268215
0.4472678148
0.2567353839
0.3661614480
0.4344369870
0.3060727741
0.4062787553
0.3209209595
0.4248974250
0.3091300786
0.3744536074
0.3691241888
0.3228884707
0.4034059280
0.3436628685
0.4078455649
0.2813889062
0.4450536566
0.3378367782
0.2791258586
0.4365251529
0.3653531648
0.5347043217
0.4670281237
0.3428318977
0.2959961620
0.3570883772
0.4115422852
0.3219588285
0.3880372466
0.3509587077
0.4413380746
0.4188578784
0.2339316593
0.2000331003
0.3797858729
0.5455674993
0.4336770841
0.4931915565
0.3406861720
0.3571655312
0.4838824005
0.3546789561
0.3622182295
0.2265132619
0.3893071592
0.3909269134
0.4274319241
0.4657262134
0.3683793164
0.5545560336
0.4566595444
0.4538364606
0.3829754239
0.4927234001
0.2765621749
0.4684166588
0.4105062889
0.4656490336
0.5278626911
0.4485478462
0.4822485208
0.4191914183
0.3133547133
0.4281525766
0.4315345086
0.3645249411
0.5199789780
0.4298358258
0.6441926358
0.3932726061
0.5286653333
0.4135791870
0.4281280177
0.4240305512
0.5010827852
0.4952641755
0.4234948086
0.5799601848
0.2907852067
0.4610181098
0.4548246382
0.4876639827
0.4675182215
0.4481578212
0.4952229178
0.4700818037
0.4702298407
0.4419998532
0.5209516488
0.4420565333
0.4498783790
0.5187108502
0.3861432611
0.4087697897
0.4866843687
0.3435829627
0.6257953272
0.4496883223
0.5897436997
0.5346253638
0.5145597835
0.5542728762
0.4862512433
0.3803320308
0.6536348138
0.3776097457
0.4566374708
0.5051091279
0.5155563443
0.5607720925
0.5370112128
0.6725450032
0.4819982882
0.5005274023
0.6135677646
0.4688756848
0.5965893528
0.5729720166
0.6489058888
0.5198190564
0.4122815200
0.6796372693
0.5649135941
0.6170418155
0.6249783653
0.5392130248
0.6391133492
0.5087421139
0.6586276845
0.6059193002
0.5793039221
0.7025239452
0.4801694987
0.5688552384
0.4957553449
0.4954634906
0.7100790737
0.6032862089
0.6312785081
0.6051809128
0.7062480853
0.6262147887
0.5778269932
0.5903407673
0.6548922005
0.6190871902
0.6065552743
0.6669229402
0.7733968695
0.4587765492
0.6093543930
0.6923590078
0.7509234481
0.5125681937
0.7097549194
0.5959429627
0.6082939104
0.5684740791
0.6242580909
0.6157754362
0.7598647714
0.8925840193
0.5280529307
0.6293100915
0.5137540171
0.6893913840
0.7209879100
0.7269319183
0.6136225125
0.6911268126
0.6836392053
0.5932062190
0.7442392163
0.7293175989
0.6801819698
0.8025201618
0.7420587270
0.6556605200
0.6878026254
0.7835525299
0.6936240088
0.7495895962
0.5905408364
0.5958901759
0.6848039261
0.6603845972
0.8566799035
0.7455796289
0.8180184378
0.6748389492
0.7016915120
0.6139197830
0.5204350316
0.6547960991
0.7411180665
0.8088111526
0.7395712156
0.4841625368
0.6546620318
0.8088556686
0.7176073163
0.8404236404
0.7521472617
0.7336847955
0.9038907169
0.6134609872
0.6979616721
0.8340554505
0.6829628014
0.7463597159
0.7139136444
0.7505546657
0.6107392819
0.8300683236
0.6951628135
0.5786131013
0.6570718203
0.7069813506
0.8000477307
0.7110030508
0.7262047285
0.7573708395
0.7721443862
0.8715896959
0.7377830288
0.7787292878
0.8301592926
0.7071954759
0.7753698933
0.7827735562
0.8084982526
0.8854359621
0.8187684615
0.7040083990
0.7304009450
0.7551724860
0.6863529920
0.8039211916
0.7164965200
0.8433349764
0.8326015855
0.8118964516
0.8134043039
0.9651281729
0.8727396437
0.9844423511
0.8567801091
0.6209906528
0.7844870685
0.7769984966
0.8455338677
0.7897441351
0.7936055825
0.8408701194
0.8947594162
0.7078165459
0.8091264093
0.9603945920
0.8392324705
0.9728716205
0.8312630388
0.9187667839
0.9356100047
0.7067932520
0.7608925037
0.8382436314
0.9520307462
0.8589889503
0.9513776221
0.9691022820
0.8454264395
0.8049085415
0.7639690819
0.8406770730
1.0503729040
0.9815812052
0.9958857746
0.8233994461
0.8746871630
0.9945151366
0.9728102785
0.8225092084
0.8779594567
0.8503089468
0.9028271082
0.8426109952
0.8018826465
0.9964450620
0.8756839390
1.1884983780
0.9984680280
0.8101120931
0.9882074042
1.0899449367
1.0408593035
0.9374757853
0.9013108650
0.8540491154
0.9895829745
0.8613437320
0.8645698994
0.9978328717
0.8453811819
0.9217595356
0.7983620242
0.9638380224
0.9575212422
1.0525828562
1.0020647052
0.8759842496
0.9131345110
0.8192048801
0.9237493781
1.0995050690
0.9362391368
1.1219941162
1.0673030654
1.0304577401
1.1004636951
0.9931009780
0.9385076453
0.9827810006
0.9959604640
1.0485360752
0.9155103286
1.0910664093
0.9494740453
1.0374152917
1.0735566177
1.1368971518
1.0403365824
0.9724987467
1.0447246938
0.9220012413
1.0273716571
1.1101292779
1.1155520874
