-1.0142858329
-0.9908582761
-0.9739674518
-1.0484340496
-1.0331177606
-1.1279371013
-1.1073028841
-1.0182320516
-1.0755496171
-1.0131583906
-0.9110195145
-1.1328768990
-1.0726955330
-0.9555626070
-0.9314024035
-0.8735534891
-1.0831122992
-1.0325664622
-0.9871214399
-0.9379677060
-0.9765609974
-0.7866065742
-1.0568430471
-0.9104907282
-0.9127767211
-0.9278699234
-1.0248742806
-1.0153931946
-0.9779262095
-0.9953258468
-0.8838723509
-0.8839294514
-0.9597599341
-0.9142374613
-0.9941600617
-0.9186433980
-0.9631283379
-1.1118505189
-1.0551531038
-0.9925130016
-0.9074585770
-0.9104404062
-0.9291284994
-1.0202058233
-0.8494262138
-0.9154177821
-1.0395742192
-0.9205851706
-0.8285922519
-0.8199294558
-0.9712083910
-0.9095673942
-1.0169696334
-0.8841105158
-0.9170013706
-0.9371992866
-1.1529657777
-0.9534287726
-0.9023361424
-0.8943936394
-0.8426553806
-0.9267497499
-0.8237077455
-0.8962692274
-0.8831516037
-0.8779706851
-0.8846870079
-0.9100208410
-0.8771023737
-0.9224108562
-0.7693911174
-1.0557886674
-0.8679284532
-0.7727970096
-0.6847586161
-0.8517693175
-0.7224764673
-0.8182208005
-0.9121454501
-0.9440365145
-0.9691151511
-0.9039820571
-0.7642967817
-0.7962432609
-0.7585205549
-0.8489649197
-0.8165532154
-0.7261226961
-0.8520961744
-0.7144073965
-0.7932502670
-0.6752535991
-0.7978780155
-0.9615222375
-0.8412838301
-0.8445014125
-1.0266672838
-0.6845676512
-0.8203871394
-0.6827468092
-0.7844204989
-0.9246421146
-0.8156911277
-0.8703555498
-0.7972675650
-0.8013172146
-0.8032041740
-0.8804242539
-0.8372240463
-0.9091738546
-0.7115934062
-0.8422094279
-0.7745170857
-0.6612124889
-0.7245953690
-0.8328626573
-0.7978165902
-0.8598500035
-0.7161123667
-0.8172034538
-0.7672932900
-0.6441567851
-0.6853587322
-0.7727170240
-0.6995671098
-0.8011280998
-0.7650956897
-0.7030769161
-0.8511622052
-0.7357379660
-0.7076004360
-0.6132202535
-0.7277237028
-0.8948862095
-0.8564491507
-0.7015498198
-0.6952980944
-0.7633878237
-0.6555344975
-0.9081543312
-0.7784708150
-0.7392057237
-0.7837079020
-0.6333365275
-0.6151140939
-0.7817096979
-0.6816787394
-0.6454360435
-0.6958618229
-0.6170944826
-0.5789979917
-0.8717474222
-0.8955835898
-0.6644264894
-0.8593762917
-0.6875551001
-0.6400334668
-0.6551944090
-0.7367016234
-0.8021528329
-0.7693886893
-0.7733818685
-0.7701621988
-0.6909982496
-0.7301760450
-0.4811483104
-0.7036717054
-0.5222908523
-0.5592829992
-0.6993158916
-0.7099005164
-0.7407427743
-0.6317457399
-0.8443421459
-0.5799904962
-0.7695012920
-0.6852719115
-0.8744970464
-0.7071987075
-0.6723922996
-0.6517692572
-0.5864301992
-0.5020920439
-0.6204362931
-0.4434506733
-0.7230729001
-0.6246544852
-0.7353606329
-0.5571586946
-0.8436284209
-0.6124078913
-0.6719665163
-0.6953849738
-0.6098700523
-0.5772633380
-0.6193098093
-0.7795373830
-0.6427647470
-0.6503174201
-0.7012521088
-0.5002686954
-0.6427392422
-0.6468899138
-0.7226834395
-0.5949359759
-0.6685217318
-0.5516664475
-0.4809898303
-0.4560027170
-0.7031808968
-0.5815996461
-0.5051787510
-0.6429430387
-0.5690113824
-0.4838011582
-0.6671271556
-0.6228324349
-0.6996049259
-0.4706382151
-0.6083606407
-0.5711178280
-0.6172187912
-0.4388446686
-0.5217900829
-0.4334401448
-0.4845565161
-0.4842596032
-0.5436768505
-0.5748533864
-0.4975660129
-0.4311741723
-0.5535441433
-0.6142891550
-0.6128865209
-0.4776502285
-0.5525586826
-0.6503953118
-0.5410432903
-0.5550343382
-0.6227483019
-0.5711044342
-0.4796349620
-0.5869416176
-0.5317220383
-0.6349119529
-0.5369666693
-0.5601570031
-0.3879991146
-0.4939156236
-0.6588260753
-0.6321450541
-0.5790580699
-0.4722478435
-0.5626012826
-0.4347332696
-0.5201053992
-0.5780904869
-0.4038552909
-0.3785564255
-0.6061603732
-0.3702292459
-0.4502608144
-0.4738706982
-0.4513483960
-0.3515775078
-0.4791076562
-0.4923032232
-0.3077408311
-0.3110911812
-0.3574277421
-0.4590657806
-0.4460935067
-0.3970627810
-0.4940462047
-0.3754611624
-0.4897421387
-0.4322103725
-0.4050900356
-0.4293198343
-0.4544249312
-0.4333075553
-0.3446175170
-0.4454998962
-0.4617954786
-0.4078137639
-0.3082336662
-0.4058456591
-0.5526531841
-0.5179417400
-0.3636842985
-0.4610381021
-0.4201101616
-0.3227062679
-0.4609379837
-0.4270116095
-0.3818257645
-0.4457182244
-0.4890728222
-0.4257455173
-0.4021549761
-0.3822740345
-0.5467034203
-0.3825765512
-0.2764421733
-0.5175993006
-0.3379752980
-0.3336464044
-0.3924598999
-0.4482249824
-0.4616500376
-0.3326983137
-0.4281952841
-0.3787899291
-0.4085343565
-0.4486313256
-0.3688252873
-0.5030994845
-0.4042587330
-0.1606425751
-0.3731760478
-0.2076501200
-0.4083285156
-0.3854216898
-0.2853577375
-0.5181259409
-0.3243385245
-0.4375075260
-0.3432405471
-0.2671791736
-0.4710575739
-0.3567883959
-0.2398498656
-0.2112803562
-0.3820621855
-0.4176240605
-0.3615784845
-0.3410828401
-0.3523726029
-0.1725511674
-0.4203014539
-0.3385536453
-0.2066393541
-0.3150535941
-0.3316633507
-0.6071380123
-0.3921336960
-0.3588077660
-0.3035981440
-0.1631225547
-0.2517865467
-0.1130529993
-0.3525797091
-0.3418639990
-0.3280724706
-0.4175923520
-0.3947912356
-0.1811676477
-0.2880296040
-0.4098441434
-0.1759000143
-0.2576360765
-0.3592628932
-0.3797270998
-0.0935614356
-0.2456949062
-0.2275677737
-0.2899490221
-0.2817857205
-0.2012745823
-0.2825731841
-0.2944009337
-0.1804841833
-0.2912113188
-0.1839040055
-0.2140520588
-0.2917771829
-0.2358891272
-0.3186929300
-0.2547680152
-0.2800660445
-0.2438316494
-0.3054318184
-0.3543977226
-0.3235345785
-0.2341850454
-0.2197722745
-0.2115182470
-0.1915885574
-0.1940115660
-0.1310866023
-0.3034856752
-0.2223194927
-0.1519271218
-0.1893951696
-0.1914271451
-0.2988819032
-0.2004547820
-0.2468344246
-0.3442542353
-0.2917919801
-0.2996767797
-0.2805645295
-0.2692844550
-0.2418011594
-0.2586941996
-0.2150014786
-0.2460752992
-0.3279926527
-0.2455419694
-0.1892607303
-0.0550367357
-0.3065645745
-0.0993761159
-0.2525608755
-0.0524277949
-0.0871562150
-0.0356417574
-0.1616238231
0.0680812074
-0.2255932248
-0.0976761377
-0.2218344207
-0.0790147990
-0.1676934187
-0.1581707570
-0.1647424506
-0.0339966931
-0.1026840538
-0.0842735861
-0.2075543767
-0.0645777124
-0.2552988719
-0.1064947841
-0.1338318143
-0.2204376236
-0.1282631767
-0.1281067359
-0.0562981802
-0.1209479757
-0.2539625800
-0.1337449639
-0.0239944257
-0.1726873251
-0.0997112524
-0.1394070728
-0.3160823524
-0.1291319969
-0.1306594111
-0.1171795259
-0.0651385054
-0.2194695540
-0.0733560994
0.0278061457
-0.1944247199
-0.0972055047
-0.1208773117
-0.0288360754
0.0713625456
-0.0830190716
-0.0815624298
-0.1358879106
-0.0962560186
-0.1424515702
-0.0053104759
-0.0402634141
-0.1314373237
-0.2266824704
-0.0106535086
-0.2346881489
0.0040898084
-0.0386328999
-0.0938550171
-0.0093438417
0.0218928845
-0.2125941863
-0.1268760251
-0.0096204018
0.0283196594
0.0654241147
-0.1178548662
0.0980664592
-0.0852743602
-0.0277610671
-0.0440695257
0.0837747225
-0.0013536285
0.0056264570
-0.0800257074
0.0818905657
0.0137934714
-0.1056499604
0.1081837948
0.0922640517
-0.0007298478
-0.1081772225
-0.0363859893
-0.0489244152
0.0227381102
0.0296019337
-0.0675362025
0.0226713724
0.1114596056
-0.0286083882
0.1109054555
-0.0374422082
0.0068331352
-0.1177947713
-0.0695443491
-0.0212848328
0.0276524921
-0.0903174261
0.0055342706
0.0466117407
0.1516757523
0.0690175790
0.1707105816
0.0250415774
0.0064843558
-0.0456795393
0.0627142116
-0.0068717937
0.1288815382
0.2367054966
0.1315896000
-0.0496055398
-0.0282649440
-0.0070210554
-0.0522037638
-0.1089834569
-0.1380505866
0.0999374564
0.1499342286
-0.0212397593
0.1234826797
0.0837910083
0.0986178640
0.2227573507
0.1343844587
0.0485844158
0.0774475520
-0.0194570470
0.1434584353
-0.0171451811
-0.0016528186
0.0092688679
0.0930569527
0.1373600706
0.1859840749
0.1165474929
0.0792803905
-0.0066879198
0.0311535456
0.0870632410
-0.0021448024
0.0407718098
0.0938957433
0.2643081943
0.1744524783
0.1783509568
0.3453012667
0.1753419747
0.1218623499
0.2068220977
0.0491022570
-0.0055030047
0.1871133728
0.2208611833
0.1121294819
0.2285317209
0.1578821363
0.1109970657
0.1563310230
0.0337692660
0.2109436197
0.0924441793
0.2408446583
0.1658338490
0.2270403464
0.0466189575
0.2522808953
0.2056119077
-0.0511958319
0.1536798109
0.0052242997
0.1414500102
0.1375447899
0.2121996634
0.3774731821
0.1317209635
0.0943935029
0.1675507586
0.0224390259
0.1111530028
0.2149249212
0.2136815446
0.3181097145
0.1536599119
0.1564760697
0.3096921873
0.1946383792
0.1517632388
0.1213324107
0.2207136047
0.2910169639
0.3817273429
0.1998799809
0.3043970089
0.3538258614
0.0883493155
0.2137438735
0.1654453103
0.2695501942
0.2457754613
0.1459618268
0.0933375971
0.0990714682
0.1581007190
0.2269567610
0.2362690314
0.2740628564
0.1441911368
0.1963573909
0.2652696454
0.3174291224
0.1028061889
0.2161756873
0.1868931466
0.2079495560
0.1551820631
0.2256549555
0.1185129269
0.1018753910
0.3415030201
0.3234947972
0.2125807212
0.3385926869
0.2648687419
0.1600188400
0.2044173805
0.3017996343
0.3898233895
0.2977019517
0.4957143946
0.2733161227
0.3569221529
0.3529449906
0.2583227265
0.3843505779
0.3207162505
0.4026392564
0.4587586886
0.3048300432
0.1878329136
0.3334133969
0.3394845023
0.4243593871
0.3017229443
0.2616422521
0.4889591630
0.3407737761
0.3970807662
0.3832408307
0.3173484674
0.4806484673
0.3167847012
0.4098831045
0.3219342288
0.1701780902
0.3038279813
0.3001402422
0.4038190216
0.1679973737
0.4366815558
0.1390378845
0.4055857197
0.2927309195
0.3047050708
0.4902447000
0.3051508329
0.2374410490
0.3494602552
0.4166564563
0.4334210116
0.3468103619
0.4314948417
0.4470386329
0.3039433755
0.4166350717
0.3134249849
0.3807783002
0.3962437848
0.2941508021
0.4128635129
0.3865390024
0.2518820474
0.3516900379
0.3769935233
0.3774176887
0.4618126554
0.3195842094
0.3905292143
0.4174991764
0.5026439222
0.4664971377
0.4270525942
0.4764472467
0.4894950481
0.4837421341
0.3128579270
0.5345894727
0.5236695052
0.4907272396
0.4337790668
0.3463903899
0.4491424529
0.4805673363
0.3268598783
0.4219838269
0.4148328484
0.5901951972
0.5666334143
0.4250654412
0.3993836370
0.3496499615
0.4718355824
0.4632011118
0.5025925998
0.5152587861
0.5536005258
0.5442247897
0.4059026757
0.4530671537
0.4990593046
0.4002372289
0.4738970433
0.4996443337
0.5378386017
0.4956704729
0.3142066209
0.3779492886
0.6140564531
0.4577630991
0.5731626573
0.6167150051
0.3311275931
0.3621489756
0.5591761917
0.6817618458
0.4976403843
0.4775380059
0.3971200458
0.5645981418
0.4892129313
0.4661359676
0.4592069479
0.5192410478
0.3005480703
0.4409145370
0.5693839305
0.7662807522
0.5696302370
0.4518605596
0.5296471066
0.4918825302
0.6571822698
0.5944378201
0.4665883702
0.4556069410
0.5601756307
0.5288776818
0.5338589089
0.6228809380
0.5522010563
0.5689100251
0.7239752159
0.5793140026
0.5625983216
0.6406064755
0.5340461500
0.4323133700
0.5576018040
0.6971263694
0.6410230135
0.5070725643
0.5770451598
0.5207474836
0.5319869675
0.7552008505
0.5872981263
0.5788556975
0.6987830429
0.5542631478
0.4403289224
0.6487093659
0.6225727840
0.5865123813
0.5479935991
0.8448085116
0.7314899391
0.7254926563
0.6796129742
0.5504138695
0.6738268833
0.5569029892
0.6401669017
0.6276196194
0.6564862740
0.5419325365
0.6236202528
0.5953966586
0.6953018890
0.6181639152
0.6096562292
0.6605139165
0.6788553196
0.6895947031
0.7144445831
0.5424055524
0.5651763473
0.6155675119
0.6207227370
0.6291251725
0.6357760226
0.6066468525
0.7113352703
0.6222849407
0.6425537316
0.7370852334
0.5504093074
0.5915535642
0.6908540606
0.6037155794
0.5646798140
0.6563803643
0.5163062366
0.5231404138
0.6805981465
0.6530611024
0.8797730487
0.5955598839
0.5739321880
0.5902853321
0.6444701869
0.6611884094
0.6058088453
0.6965030727
0.6734964949
0.6649501749
0.6917565259
0.6089143432
0.7372530639
0.8576788753
0.7300060394
0.6307158831
0.8086953173
0.8440049941
0.7509493289
0.7173112720
0.7875999314
0.7266600924
0.7380101730
0.7851410476
0.7370652038
0.6436177340
0.8188269960
0.7957992258
0.8148041894
0.7506306895
0.6376060288
0.6509139730
0.5431320314
0.7778187873
0.6864715736
0.7567014010
0.8705087339
0.8315036182
0.8285890697
0.6192562978
0.7143709650
0.8445537419
0.8596096519
0.8176922986
0.6995843364
0.7631500459
0.8002297057
0.8429118441
0.6127671458
0.7778081598
0.8101662745
0.7608532742
0.7733229109
0.7002684201
0.7730763163
0.7011579411
0.7807749354
0.8755092170
0.7878361622
0.7153960096
0.8365794686
0.8007168515
0.8589683302
0.7309688665
0.9469344984
0.8667464115
0.8381564783
0.7426380792
0.7431815525
0.8196330771
0.8647897747
0.8659430499
0.6916172189
0.7035290583
0.7199345309
0.8101386123
0.6860390327
0.7941722561
0.8124404054
1.0211159811
0.8681816134
0.7948766825
0.7916809144
0.9871074118
0.8416060343
0.8877692550
0.8783800161
0.9959114954
0.6876457926
0.9192610810
0.8099202016
0.7886043902
0.9090670727
0.7616317168
0.8177837794
0.7905113926
0.9371098047
0.9616612430
0.8579898080
0.7922360936
0.8352916230
1.0098715393
0.9013212855
0.8597086752
0.9920489290
0.8921385862
0.8852436054
0.9362307066
0.7688790954
0.7886284610
0.8781784033
0.8164238110
0.7649231710
0.8129598413
0.6745937869
0.8647559247
0.9915044467
0.9897867872
0.9367750327
0.8461703213
0.9558111835
1.0384867229
0.9057230795
1.0364817460
0.9132912801
0.9385626735
0.9368720074
0.7117678388
0.9319925778
1.1083252048
0.7599347567
0.9701369034
0.9922308220
0.8117468792
0.9706992697
0.9283187721
1.0162879674
0.9564217417
0.9745664981
0.8846244620
0.9790988672
0.9743824598
1.0679753125
0.9321569441
1.0073047964
1.0368650354
0.9694763862
0.9101625200
0.8687630776
0.8867904186
0.8187974440
0.9483301507
1.0430533562
0.9077999872
0.9170975936
0.9778271262
0.9544346745
0.9310483026
1.0159429212
1.0936798604
1.0385892142
0.9687611557
