-1.0677907545
-0.8847037006
-0.8457610046
-0.9545782437
-0.9626793920
-1.0045565959
-1.0475557918
-1.1584902732
-0.9332687151
-1.1133477199
-0.9824399974
-0.8063501909
-1.0210647171
-1.1090512593
-0.9854696323
-0.7849664553
-1.1135909882
-1.0715309867
-0.9591595475
-1.0321491071
-0.8765341791
-0.9581836939
-0.9622454813
-0.9886715175
-1.0384899766
-0.7500478494
-1.0715630567
-0.8491631347
-0.9722777137
-1.0172117680
-0.9521933728
-1.1027448502
-0.7035804892
-1.0235086892
-0.9366463238
-1.0035219341
-1.0569105458
-0.9171205421
-0.9405369442
-1.0013401611
-0.8436498535
-0.8870575641
-1.0134597472
-0.8669452044
-0.9412460445
-0.9108871594
-0.9681380052
-0.8309829078
-0.9147440049
-0.8525173875
-0.6831499263
-0.8504200530
-0.9353275130
-0.9199463650
-0.9860387187
-0.9999559519
-0.9677511224
-0.8226500571
-1.0865221530
-1.0162437558
-0.8378476290
-0.9139476559
-0.7313823386
-0.9367150947
-0.8307599715
-0.8119853235
-0.7539441544
-0.9994444556
-0.9260832062
-0.7519360027
-0.8204402386
-0.9229749646
-0.9262866894
-0.9589382122
-0.9261774693
-0.8719979841
-0.8635977508
-0.7968538546
-0.8361592089
-0.7953683335
-0.8883158740
-0.9148774917
-1.0701844153
-0.8826926386
-0.9205664286
-0.7454968041
-0.6335601652
-0.8994775723
-0.6933676299
-0.6775200241
-1.0009897757
-0.6735794751
-0.9067805122
-0.7681632036
-0.9219270527
-0.8137449094
-0.8614846826
-0.8022149101
-0.7365631843
-0.7481212609
-0.7545625722
-0.6655232933
-0.8368572324
-0.7441622544
-0.7707587843
-0.7366819383
-0.5576423332
-0.7837674755
-0.7467952552
-0.8245379642
-0.8426466545
-0.7891295320
-0.7275585080
-0.7451873492
-0.8144220876
-0.7729210283
-0.7926178961
-0.5349748480
-0.7004903947
-0.7561738774
-0.7658404801
-0.6051856367
-0.7257251401
-0.6528887168
-0.8242347053
-0.7706083096
-0.6834422054
-0.7284451144
-0.6119983638
-0.5661448763
-0.8732632446
-0.7055305948
-0.7724462133
-0.7263665175
-0.8005711050
-0.6141978394
-0.5528940314
-0.7140721316
-0.8892268465
-0.8424295937
-0.7163078079
-0.6768915957
-0.6974018739
-0.6766022928
-0.7186308094
-0.7123996085
-0.7211752816
-0.6209448474
-0.7815421444
-0.7502131503
-0.7902262042
-0.6756564053
-0.7765816619
-0.6317999488
-0.6865136463
-0.8492234802
-0.7095711426
-0.7307415378
-0.6242010563
-0.6740319139
-0.6105571400
-0.6099900180
-0.8019686116
-0.7619026275
-0.8474706056
-0.7198464302
-0.6457237250
-0.6403150250
-0.7128951692
-0.5835336188
-0.6905875236
-0.6216237948
-0.5643209227
-0.7079393892
-0.6455900078
-0.7175716952
-0.5269920092
-0.7484183657
-0.7724546322
-0.5514194050
-0.7219804709
-0.6669719542
-0.6446537609
-0.6511194344
-0.5387198329
-0.6427478533
-0.5655462264
-0.5451414613
-0.6503424427
-0.7378248514
-0.6358777761
-0.5060492284
-0.6320940454
-0.5336131191
-0.6670724323
-0.5410868015
-0.6065789416
-0.6602991006
-0.6795073080
-0.6003915086
-0.6124409786
-0.6892254565
-0.6957394539
-0.6454869212
-0.5806710936
-0.5598075431
-0.7496700135
-0.6086407781
-0.6544889242
-0.6060862917
-0.6785072237
-0.7344093671
-0.6324391800
-0.6053395944
-0.6920418694
-0.6947164603
-0.4462410227
-0.5954332730
-0.4875257591
-0.5848528110
-0.4472894344
-0.6235543114
-0.6428932977
-0.5495352844
-0.5851924097
-0.6461071223
-0.5658028503
-0.3834273367
-0.6483765032
-0.4389077537
-0.5658643024
-0.6267711544
-0.6576633513
-0.5486035387
-0.4836326438
-0.5076374588
-0.5455841389
-0.4988235338
-0.4848877032
-0.5695810853
-0.4591995136
-0.7724424659
-0.3625971915
-0.4970609960
-0.4901581798
-0.5374066187
-0.4644188329
-0.5855514367
-0.6065531215
-0.3683776845
-0.5363197156
-0.5818356127
-0.4570862639
-0.6247032830
-0.3560923722
-0.4603413455
-0.5335581558
-0.5080106776
-0.3354985128
-0.3753372062
-0.3520442553
-0.5311584330
-0.5139749838
-0.4232575932
-0.5603200159
-0.3040811588
-0.2777997930
-0.4293472895
-0.4663749654
-0.5776158506
-0.3127252663
-0.5528911171
-0.4911137154
-0.3967359039
-0.5033851413
-0.3657137920
-0.5061753542
-0.4239038859
-0.4956396935
-0.5859747096
-0.4521032244
-0.3274943342
-0.4975231429
-0.4930069563
-0.3203181702
-0.3675765700
-0.2301706698
-0.4222557353
-0.4910362182
-0.4224982931
-0.4076669353
-0.4837478604
-0.4237772784
-0.4073971518
-0.2783090572
-0.4328291163
-0.4595285277
-0.4267488244
-0.3647444929
-0.5301044222
-0.2486391431
-0.3815768214
-0.3609031377
-0.2587393988
-0.4553395541
-0.3637104804
-0.3931112834
-0.5081667822
-0.3637827421
-0.1000015362
-0.3596705005
-0.3571597504
-0.3513034784
-0.3916660460
-0.4510821403
-0.4639064808
-0.2056629124
-0.3621668200
-0.3845707998
-0.3596478202
-0.3915106120
-0.3515835127
-0.3427871533
-0.2114589123
-0.3488313880
-0.5569425182
-0.2895231353
-0.5381220598
-0.2928457503
-0.4704525136
-0.4252451135
-0.3578828499
-0.4019926516
-0.3999520990
-0.2889557312
-0.2509240810
-0.3139531759
-0.4220345900
-0.2735523111
-0.3587084460
-0.2358728193
-0.2207086544
-0.4293327594
-0.4107836057
-0.4428861353
-0.2953387957
-0.4364797261
-0.2727318485
-0.3178641697
-0.1210902350
-0.3198615057
-0.2772997448
-0.1875042307
-0.3020780311
-0.4367972428
-0.2836333352
-0.2154717136
-0.3860756400
-0.2973823774
-0.4489293167
-0.2865814261
-0.2522922789
-0.1842862771
-0.4469729155
-0.2865457634
-0.2200065993
-0.3807682215
-0.3680075954
-0.2848218074
-0.2267756467
-0.3121279477
-0.3320203126
-0.1773739607
-0.1050758297
-0.4459636621
-0.1785995813
-0.3014546103
-0.2662336044
-0.1653055814
-0.2598985871
-0.1447615818
-0.2618237790
-0.2009547896
-0.3727962773
-0.1856061552
-0.4118065060
-0.2973660291
-0.4370624913
-0.2406726477
-0.2205488521
-0.0813227357
-0.1938933280
-0.3015178957
-0.2373880075
-0.2310561875
-0.1432707648
-0.0667634544
-0.2390870516
-0.2801927527
-0.1935613766
-0.1680770901
-0.1841332519
-0.1970039415
-0.2191441297
-0.2289347188
-0.1505789453
-0.2421073828
-0.2265794734
-0.1286521390
-0.1712724820
-0.2422361284
-0.1659931929
-0.2233267505
-0.1321136671
-0.2693854616
-0.0843524802
-0.1508834320
-0.1004539385
-0.0914590541
-0.2606939033
-0.1604283643
-0.0182006005
-0.0755374658
-0.2045185407
-0.0949653807
-0.1156430273
-0.1728880936
-0.2096302026
-0.1662171186
-0.1248962068
-0.2278207161
-0.0485080078
-0.0608107659
-0.0253143732
-0.0092283774
-0.1417194873
-0.0157225994
-0.1028540433
-0.0687070257
-0.0894661559
-0.0236843592
-0.1209581820
-0.1032461241
0.0181820342
-0.2604000234
-0.1135312736
-0.0626264290
-0.1346980152
-0.1515995936
-0.0849437705
-0.1507503482
-0.0318508380
-0.2314488081
-0.1323405993
-0.1308412133
-0.0343059621
-0.1283794335
-0.0971937282
-0.0361994312
-0.1608797704
-0.1239373349
-0.1033621365
-0.1028983113
-0.2076733006
-0.0560789666
-0.1934550921
-0.1059286330
-0.1177426481
-0.0539894952
0.0824678950
-0.1788057334
-0.0688017160
-0.0636418278
0.0248184753
-0.0088807428
-0.0166470466
-0.1660832661
-0.0336722395
-0.0353229297
-0.0684342677
0.0593945937
-0.0832405971
-0.0536308042
-0.0733395266
0.1090067149
-0.2822192985
-0.0826650520
-0.0780181332
-0.0984604410
-0.0400325684
-0.1322018867
0.0065079892
0.0206560030
0.0458561989
0.0775658546
-0.0116311587
-0.1357605203
0.1146174281
-0.0386948011
0.0501301870
0.0388903728
-0.0588854405
0.0064669545
-0.0503532566
-0.0185852901
0.0934766641
-0.0377375282
-0.1786365000
0.1692304836
0.0090811673
0.1550740089
0.0735197607
0.0749841293
-0.0741716524
0.0375849662
0.0052418708
-0.0112550345
0.0844090202
-0.0492540325
0.1479412975
0.0522504319
0.2130510683
0.2540921251
0.0890448982
0.1512400742
-0.0366574530
0.0588567279
-0.0387810269
-0.0400153928
0.1378177961
0.0096447400
0.0603341320
-0.0200827830
-0.0239398073
0.0360337842
0.1242924683
-0.0311713933
0.0286746301
0.0614871654
0.1225517647
0.0359863293
0.0917451556
0.0813985488
0.1435620346
0.0291904336
0.0354782860
0.0928171322
-0.0105795871
-0.0102489339
0.1724988603
0.1571275726
0.1804724192
0.0878819586
0.0135457390
0.0471318313
0.1749391699
0.1917608995
0.0030526334
0.3666914728
-0.0127993247
0.1081390364
0.2525935071
0.0428642546
0.2449691679
0.2359986511
0.0700670855
0.1528954237
0.2455144298
0.1385228537
0.2170901216
0.1295677158
0.1481703064
0.1004148820
0.1478061429
0.2934483436
0.1528129751
0.2464142955
0.0619593693
0.1643549884
0.1213320118
0.1862729495
0.0946870955
0.2042128428
0.2248961723
0.1169167225
0.0693168246
0.1952228503
0.2824066303
0.1917014239
0.1408093003
0.2136329642
0.2750446130
0.0739491791
0.0962726950
0.2335305651
0.0661013491
0.1954206048
0.2939697599
0.1852190167
0.1620656138
0.2648695691
0.2386299709
0.1720332456
0.1281310031
0.0811937743
0.3543814735
0.1464272205
0.1842864197
0.2362044004
0.3603384199
0.3734168903
0.4229309551
0.1778440756
0.2148826978
0.0780976196
0.4068313716
0.1850390527
0.2211803718
0.2238625889
0.2146694777
0.2899277214
0.2040405508
0.2487106907
0.2040209669
0.2362247970
0.4171822379
0.1434760118
0.2295523644
0.1724382262
0.1951119858
0.2993278750
0.3198976769
0.2309815846
0.1426040926
0.3439341115
0.3613038558
0.1913690294
0.3383513971
0.2857755395
0.2132506598
0.3200217722
0.1404272744
0.3472385505
0.1401186175
0.1937792274
0.3743951813
0.2977476863
0.2783985239
0.2502357737
0.2673389018
0.4945077864
0.3704158282
0.4405046467
0.3052850720
0.2864215061
0.3134537068
0.2594710548
0.4001428303
0.3321200960
0.2146235958
0.2744500968
0.2123268412
0.4410592014
0.3663505039
0.2996132233
0.3300800954
0.3851983420
0.3389211253
0.2457488883
0.1521664818
0.1941401698
0.3467608524
0.4830858896
0.2615380349
0.3433589791
0.3471860724
0.3695940590
0.4178300508
0.4897471784
0.3769550724
0.3500273304
0.2350755634
0.4192077143
0.4645999309
0.4679231609
0.3291169812
0.4430149546
0.2893173919
0.3718826431
0.2479165775
0.2767189860
0.3528542200
0.3279506452
0.3796252152
0.2180146636
0.3632913229
0.3237204767
0.4050737937
0.3537629715
0.4176541058
0.4698037298
0.5239031917
0.4386002445
0.2717211185
0.3543330940
0.3734470061
0.5489319806
0.4048703154
0.3992509924
0.4356219379
0.4435093452
0.4695398968
0.3938685621
0.6036354004
0.4733385910
0.3604111170
0.2799042059
0.3936038151
0.3780328620
0.4407516804
0.4990189610
0.4957129309
0.4915618097
0.3279576605
0.4760644482
0.2530521634
0.3892317793
0.5841251227
0.5587915570
0.6081478143
0.3356798639
0.4597903566
0.3710187948
0.5377779123
0.3589461433
0.5287780353
0.3195587358
0.4548210671
0.3025798535
0.4018389585
0.4650054337
0.4841233916
0.2965939143
0.3658145746
0.4729426914
0.6156400909
0.5512206626
0.6093045667
0.5233920909
0.4335854835
0.6348958826
0.5692862648
0.4448425759
0.4735734154
0.3947073167
0.4633976800
0.4838881338
0.5319451591
0.5004910212
0.6686246570
0.4728942680
0.5987897628
0.5668582514
0.5357104540
0.5057702383
0.3431916934
0.4002848101
0.5752023024
0.4463544470
0.5088608811
0.3836236162
0.5651600014
0.4896260926
0.5096924026
0.6876570894
0.5005873639
0.5051430815
0.5504014459
0.6069574876
0.5358329032
0.6248355190
0.5233342230
0.6572188242
0.5479399478
0.5650754075
0.6309788942
0.5363704190
0.5526313202
0.5655170839
0.5316402164
0.4414982647
0.5490444460
0.5493684575
0.6277312195
0.5546708863
0.5562501043
0.6076700972
0.6985034089
0.6602724146
0.6686940376
0.6061331954
0.5386883049
0.6028738712
0.7443155173
0.6446957837
0.5790471932
0.7215724093
0.6497200121
0.6991958450
0.6503085306
0.6503182096
0.4991880694
0.6582146946
0.6908380271
0.8203710488
0.5293114374
0.6233137872
0.6727778642
0.7066494541
0.6659596809
0.5933411745
0.6747437440
0.7773760109
0.6253644371
0.6972162840
0.6685151251
0.5463509402
0.7211271725
0.6849265995
0.6812358754
0.6271878291
0.6241159183
0.6317720952
0.7661472591
0.6908541917
0.7464511191
0.7645047267
0.6407732273
0.6503741254
0.5059993223
0.6945109603
0.7218219264
0.8371329955
0.7363136324
0.6566358632
0.6383395819
0.7095233713
0.5824859340
0.4949573062
0.4717384297
0.7298291584
0.7044866720
0.6429798945
0.6323306350
0.4742424519
0.7402251161
0.9020282240
0.6918898383
0.7725260019
0.8175548592
0.7460658100
0.6676537999
0.8213390591
0.8402112857
0.6853381815
0.6177361902
0.7082270670
0.6964356122
0.7622596328
0.7307297343
0.7789125891
0.6951882920
0.6733902127
0.6931044080
0.6558644536
0.6515269292
0.7906776867
0.8184516848
0.6756960603
0.7095787123
0.7006703561
0.8117056745
0.7031225089
0.8067395504
0.7656134222
0.6849500833
0.7142226045
0.8305014894
0.7405738897
0.7694621616
0.8779084655
0.6007901373
0.8879094925
0.7981066126
0.8671676589
0.8305630842
0.7237392669
0.6907466232
0.8538979464
0.7499933421
0.7672016593
0.6966478330
0.7176954217
0.7717201776
0.6926799839
0.8648260230
0.8318720772
0.8205653624
0.7436244204
0.8423421468
0.9325527652
0.8891951943
0.8479974525
0.8865094661
0.9029042342
0.7367669655
0.9374212890
0.9251425915
0.7763585020
0.8524390207
0.8465218873
0.7844279659
0.9968432514
0.8738519195
0.7699503378
0.8643036701
0.7419775132
0.7467111119
0.8222967666
0.8088710584
0.7454712592
0.8492457413
0.8884397766
0.8944310229
0.8209817546
0.8698698195
0.9046538028
0.8883385472
0.9304996236
1.0039466324
0.8442797071
0.8730963990
0.8812985015
0.8146470477
0.9245468155
0.8200420761
1.0810099302
0.8423013859
0.8756375073
0.8500189595
0.9594988955
0.9393808884
0.8939670824
0.9722181217
0.8538327825
0.8077033236
0.8520798494
0.8643115099
0.6697494991
0.9296644569
1.1258792717
0.9832146131
0.9677518897
0.9053637073
0.8890548232
0.9591972131
0.9754849824
1.1459641513
0.7993086494
0.9403515529
1.0242361473
0.8796585333
0.8831101875
0.9115459320
0.8994064352
0.8878384051
0.9253347255
0.9317997198
0.8023493466
1.0095384270
1.0013424294
1.0445658776
0.9856259124
1.0332633289
0.8464336950
1.0020196350
0.9909741476
1.0537361199
1.0086662380
0.9179780009
0.8701603966
1.0605627844
1.1810479805
0.9308805197
0.8260110634
0.9256680868
0.9469283087
0.9087156513
0.9993277639
0.9290087206
