-1.1370753545
-1.0787582546
-1.0114856630
-0.9951309330
-0.9980940872
-1.0900936471
-1.1027270165
-0.8990962861
-1.0576887265
-0.9899558705
-0.9268972031
-0.8192438782
-0.8998777036
-1.0188790818
-1.0381924688
-0.9229395588
-0.9352298589
-0.8716349615
-1.0486061018
-0.9942380413
-0.8936261722
-0.9240619140
-1.0368594182
-0.7998126346
-0.9470480531
-0.8495521151
-1.0280704492
-0.9860405415
-0.9593939453
-0.9609085012
-0.9499866493
-0.8439830283
-0.9312650992
-1.1051654172
-0.7924882432
-0.8427390470
-0.9417507308
-1.1271322535
-0.8688750028
-0.9019589986
-0.6847856020
-0.8295881408
-0.8967669587
-0.9467198478
-0.7820612546
-0.8674862851
-0.9010502991
-0.8752981243
-0.9810148369
-0.9275987720
-0.9185274017
-1.0920681336
-0.9134876967
-0.8228270284
-0.8599535681
-0.8140161803
-0.8954969315
-0.9810338020
-0.8648579804
-0.9036851292
-0.9039140972
-0.8660454797
-1.0829113001
-0.9619786068
-0.8567123122
-0.8153971171
-0.7673997374
-0.7429920291
-0.8586799829
-0.9276207588
-0.8335978416
-0.9273916526
-0.7801799592
-0.9380387223
-0.8930186780
-0.8801838354
-0.7329336477
-0.7653110051
-0.8607307737
-0.9687979539
-0.7688591771
-0.9311760944
-1.0570525124
-0.9011324444
-0.8862022040
-0.8089390788
-0.7014041850
-0.9239531094
-0.8637265556
-0.7547093591
-0.7998514342
-0.8673535508
-0.7768016965
-0.8157371990
-0.7646665930
-0.7461693914
-0.8180627417
-0.8537230576
-0.6792655208
-0.8363187122
-0.7118320115
-0.7516204662
-0.7068921984
-0.7251693409
-0.7381714841
-0.9058469827
-0.7857061094
-0.7451983020
-0.7812301895
-0.7464268936
-0.9044495139
-0.6797774533
-0.7943438808
-0.7604950100
-0.6720484224
-0.8104577926
-0.7501261984
-0.5938743475
-0.8689824799
-0.7811723100
-0.7442264461
-0.8084230615
-0.9440170871
-0.7299373733
-0.8528556561
-0.8046042304
-0.6407742577
-0.7060771231
-0.8367960085
-0.7674765295
-0.8276251684
-0.8315230306
-0.7265206498
-0.7213476823
-0.6485114243
-0.6968461049
-0.6956816057
-0.8189394671
-0.5891138146
-0.7544936995
-0.7332959128
-0.7490172615
-0.6962810523
-0.7441209738
-0.6922494716
-0.8541456841
-0.5044146037
-0.6092309777
-0.6993227878
-0.8252283782
-0.7182900259
-0.6441571368
-0.6139989595
-0.6055289638
-0.6183379883
-0.5505750274
-0.6295342114
-0.8119845316
-0.5730108146
-0.7590475048
-0.6421468881
-0.8466756146
-0.7401506402
-0.8730101494
-0.7796812688
-0.5946805091
-0.7131054305
-0.7455939606
-0.6767746356
-0.6736357295
-0.6845696680
-0.5948018596
-0.5055059045
-0.5732609591
-0.6744979268
-0.6599198948
-0.6492371384
-0.8154835911
-0.5720336503
-0.5433468695
-0.7251393966
-0.7041177892
-0.7161788197
-0.5103484238
-0.5975846258
-0.6324910700
-0.6207197165
-0.5586081482
-0.7212106521
-0.6549421536
-0.5811109708
-0.6286119732
-0.6760421442
-0.6297040359
-0.5861091120
-0.6445890219
-0.6300414821
-0.7324415157
-0.7120107814
-0.6608016406
-0.6667251238
-0.6525355431
-0.6986626589
-0.4910503459
-0.3492008673
-0.5277122478
-0.5870723417
-0.6012759705
-0.5392336021
-0.6729943405
-0.5518418008
-0.4707617623
-0.5809242515
-0.6271980531
-0.6712289992
-0.3698805712
-0.5706965799
-0.4072654810
-0.6500701678
-0.5586516711
-0.4815010000
-0.6507877220
-0.4925214129
-0.5781428390
-0.5161104130
-0.5857426573
-0.5779374615
-0.4565830737
-0.5700137241
-0.5591746393
-0.5806526874
-0.3761813773
-0.6723766267
-0.6052207418
-0.6108352499
-0.6064925933
-0.4016300412
-0.4594669293
-0.6081284626
-0.6164968433
-0.5006422813
-0.5330890297
-0.6051888090
-0.5261188850
-0.5120686658
-0.4941530354
-0.5133790908
-0.4668477313
-0.5063851394
-0.5160967863
-0.6443828684
-0.5172599923
-0.5199800051
-0.5638565766
-0.5104640304
-0.5497656622
-0.6247078506
-0.4361923818
-0.6135624173
-0.4644009542
-0.3795448241
-0.4852599950
-0.5962840875
-0.5329326643
-0.4160246949
-0.6139739878
-0.5053916543
-0.5607821091
-0.4791752586
-0.4839048045
-0.5072073268
-0.4264009559
-0.4240336271
-0.3941371411
-0.5611225908
-0.3760609772
-0.4218738101
-0.4263946338
-0.4759309365
-0.2890705231
-0.5733341471
-0.5124015840
-0.4042106708
-0.3473360513
-0.3386581348
-0.6147169794
-0.4684512037
-0.5397420619
-0.5289969307
-0.4125163400
-0.4097666805
-0.4036655672
-0.3512521845
-0.4793686809
-0.4085037310
-0.5472354996
-0.4212326656
-0.3134310469
-0.3959309173
-0.3623197817
-0.4230558072
-0.4316585836
-0.3762593096
-0.3249032491
-0.4271140625
-0.4703611693
-0.3993605387
-0.3932806878
-0.4959414464
-0.3022265293
-0.4675325220
-0.3960440598
-0.4966730312
-0.4631416099
-0.3692530858
-0.3012115122
-0.4024150971
-0.1900442658
-0.4097867452
-0.4190719920
-0.2684066933
-0.2849630128
-0.3215679128
-0.3058757095
-0.4050296076
-0.2766385764
-0.5430328141
-0.4297473810
-0.3556469919
-0.1921991339
-0.2346164858
-0.3233005167
-0.3083011222
-0.4247925785
-0.4675590830
-0.1532360641
-0.2521942417
-0.3880599019
-0.2588649504
-0.3269060614
-0.3775020919
-0.4391931677
-0.4258183808
-0.3148476497
-0.2966624600
-0.3164056376
-0.4562703892
-0.3821883800
-0.3790482014
-0.1403861212
-0.2194766769
-0.3153486049
-0.2016714118
-0.4005115676
-0.2187370679
-0.3407176179
-0.3922722602
-0.1230772401
-0.2860417089
-0.3196245242
-0.3361684647
-0.2760589522
-0.3114829315
-0.3644143093
-0.2934634803
-0.3899743693
-0.2128608098
-0.3601566996
-0.3504229343
-0.4266320714
-0.2311663326
-0.3154773392
-0.2523358870
-0.2333211835
-0.2763532432
-0.1901610469
-0.2458104532
-0.2433528124
-0.2547517577
-0.2718509388
-0.2795467739
-0.1743037681
-0.2157627929
-0.2547705752
-0.2226818919
-0.0953123285
-0.2619716922
-0.3206429092
-0.2641596113
-0.2331621842
-0.2805027693
-0.2303668122
-0.1496960588
-0.1075060270
-0.3856259007
-0.2042873571
-0.2293266504
-0.0737837734
-0.0740913740
-0.1770500137
-0.3202523141
-0.3420806039
-0.2216103848
-0.3382580366
-0.1882825613
-0.2318055170
-0.1474142331
-0.2613984960
-0.0916793490
-0.1637494284
-0.2125952080
-0.0511781519
-0.1312757778
-0.1583903046
-0.1636376289
-0.2518185078
-0.2053114766
-0.0989538677
-0.1344391277
-0.2487373874
-0.2220622715
-0.1778874012
-0.2055157667
-0.2257447614
-0.1461650916
-0.1826034106
0.0161861974
-0.2799375021
-0.0490748405
-0.1768974077
-0.2006273727
0.0237815587
-0.0182352948
-0.0591805471
-0.0640852582
-0.0900829730
-0.1523789852
-0.2039667896
-0.2195106126
-0.0387331491
-0.1508946368
-0.1955863615
-0.0502930916
-0.0845733857
-0.0781989327
-0.1435995473
-0.0354004622
0.0412768727
-0.1363948163
-0.0764904045
-0.1435348491
0.0015342681
-0.0548999921
-0.0572323292
-0.0192747212
-0.0288399490
-0.0646159225
-0.0834175958
-0.0495677678
-0.0255153883
-0.0424286820
-0.0216604384
0.0034350892
-0.0405639795
-0.0222807733
0.0509451192
-0.1057697065
-0.1295378537
-0.1274491780
-0.1441618319
-0.0416150905
0.0043422745
-0.0050067668
-0.1616859674
0.1537949349
0.0028919276
0.0035396375
-0.0832781657
-0.0914594134
-0.2237371953
-0.0618751739
0.1113881705
-0.0242059267
0.0658279429
-0.1406163310
-0.0796721774
-0.0281193173
0.0143283654
-0.1104763765
-0.0497672704
-0.0386508082
-0.0253573926
-0.0362749749
0.0372608103
0.0141429055
-0.0086069640
0.0722238671
-0.0541821465
-0.1193199992
-0.1004352561
0.0701935345
0.0171040909
-0.0503677569
-0.0206459552
-0.0693881659
0.0557128385
-0.0135768066
-0.0229454546
0.0796046582
-0.0802031700
0.0350398443
-0.0270258569
0.0476157674
0.1535555712
-0.1176748463
0.1282312106
0.0437154813
-0.0152302099
0.0335898758
0.1886436002
0.0732989915
0.0137518935
0.1293700245
0.1044168181
0.0801783754
0.2031153493
0.1060843643
-0.0627460167
0.1256353038
0.2119013083
-0.0519629474
0.0626951081
0.1840026249
0.0620710235
0.2332352552
0.1104134841
-0.0032053742
-0.0166548360
0.0014169753
0.0266938256
-0.1488143688
0.0871400803
0.0298176145
0.0494604875
-0.0169099418
0.0019490679
0.2796871784
-0.0359086584
0.1284144614
-0.1272501761
-0.0875960383
0.0127167261
0.0945951702
0.1357976657
-0.0149053520
0.0968420260
0.1766656463
0.2033447685
0.1472769489
0.1569070240
0.1079585596
0.1411218674
0.1386924746
0.0790830453
0.2086314318
0.1385438936
0.1202420216
0.2879439313
0.1465774543
0.1966939903
0.1422215136
0.0504414429
0.3446578033
0.0995763226
0.1101691402
0.2051786556
0.1018325167
0.1706824080
0.2219039790
0.1608276783
0.1715537658
0.0908180127
0.2410670584
0.2100411666
0.0110334440
0.0432130353
0.1904434636
0.1768062679
0.1246867250
0.2138708983
0.1559846582
0.1486715610
0.2091929439
0.2268838032
0.2470787294
0.1276819449
0.3011344778
0.1235595265
0.4263771335
0.1365874832
0.2797678838
0.2657344428
0.1776867116
0.2728627316
0.2323807362
0.1254210094
0.4406960628
0.3205758046
0.1963201345
0.3063442535
0.1905971845
0.2249377994
0.1655421786
0.2405027447
0.2784893339
0.3053344231
0.0080306372
0.2072616948
0.2247723738
0.1900632102
0.2025145537
0.2585676919
0.2460506464
0.2410390364
0.2930666466
0.4316711601
0.2565606823
0.2031419316
0.1318798518
0.2751631224
0.3362045976
0.2239088789
0.2050600632
0.2217569035
0.3285007368
0.3133610692
0.3778304163
0.4516721349
0.2453626342
0.3551459784
0.2923084419
0.4055876180
0.3974309553
0.2697195241
0.2488325874
0.3616693369
0.1300006135
0.2897507270
0.3390345933
0.3855179834
0.3159435314
0.1338273167
0.3197068774
0.2837782688
0.2976731041
0.1533928086
0.2785608433
0.2122480401
0.2731587289
0.1390644019
0.2655505273
0.2685533690
0.2532278724
0.4329619804
0.2531574349
0.3857032042
0.4211674875
0.2981638593
0.3972102990
0.3254562468
0.4592687712
0.3250643301
0.3709922474
0.3391265024
0.3055248623
0.4149904287
0.3346819708
0.4220942904
0.2713489151
0.4576673084
0.3523126199
0.2936351410
0.4236638546
0.3744420229
0.5499554160
0.4461683752
0.3310182225
0.2920436555
0.3366008674
0.4114456142
0.3464741544
0.3797602746
0.3502485437
0.4283586529
0.4368007774
0.2315094247
0.1991613487
0.3943770240
0.5426726701
0.4070758419
0.4707143282
0.3335337196
0.3433903595
0.4996550296
0.3564046894
0.3743207613
0.2234659368
0.3845311325
0.3631715817
0.4225654407
0.4627326505
0.3709031243
0.5549393967
0.4676680128
0.4676167729
0.3972526696
0.4890863189
0.2782579919
0.4725309922
0.4271113190
0.4549296958
0.5172014915
0.4209369314
0.4668677932
0.4268729704
0.3329520225
0.4404891935
0.4200040305
0.3741855247
0.5346493936
0.4566431558
0.6231702871
0.4285622761
0.5366633673
0.4227120924
0.4351082661
0.4323365763
0.4765313917
0.4951647109
0.4332510287
0.5770112653
0.2861735104
0.4862566973
0.4435657566
0.4914973902
0.4502321283
0.4536257951
0.4892669916
0.4863268635
0.4509985533
0.4465649856
0.5102552762
0.4285410015
0.4380382869
0.4963826420
0.3926416121
0.4207082546
0.4796075657
0.3733627451
0.6192643120
0.4507655819
0.5842953629
0.5386077000
0.5197509338
0.5645992032
0.4864753846
0.3793151179
0.6436052265
0.4112600594
0.4737707834
0.5071974975
0.5050466906
0.5527805359
0.5305930762
0.6527166975
0.4877680865
0.4994479002
0.6097729540
0.4627351996
0.5817432140
0.6066579447
0.6376363390
0.5114219434
0.3933591934
0.6736907285
0.5525246350
0.5997647403
0.6339592415
0.5452890620
0.6447090845
0.5061003135
0.6524648666
0.6096489522
0.5754333337
0.6713867604
0.5033948720
0.5522494001
0.4806229450
0.4897554984
0.7036436183
0.5992516825
0.6276498270
0.5862173796
0.7014453842
0.6193195389
0.5550985758
0.6061826377
0.6785675690
0.6441122979
0.5976284580
0.6567427188
0.7862395996
0.4736066640
0.5956994429
0.7039773573
0.7411986079
0.5423764276
0.6959203817
0.5954984719
0.6053528067
0.5863036527
0.6357406044
0.6081966778
0.7628114973
0.8817057443
0.5379229326
0.6348094869
0.5258214298
0.6836299930
0.7402387462
0.6941841895
0.6267773976
0.6672083294
0.6920242796
0.5922563072
0.7510821014
0.7145551974
0.6888589643
0.7856533313
0.7507162797
0.6250482393
0.7141290498
0.7737679581
0.7035391222
0.7368673362
0.5901224058
0.5907260478
0.6649766789
0.6605857124
0.8277792431
0.7532017386
0.8438215336
0.6836940353
0.7213795698
0.5989805731
0.5351789911
0.6592674088
0.7485514681
0.8168907025
0.7443224487
0.4836593908
0.6742727256
0.8491081404
0.7261686920
0.8063354787
0.7271007992
0.7593168754
0.9151883865
0.6019140684
0.6786838473
0.8316384055
0.6894369087
0.7512432933
0.6963281836
0.7437824293
0.6130269115
0.8146328855
0.6959377660
0.5926334187
0.6582946931
0.7137389125
0.7748690455
0.7195877090
0.7317685920
0.7291337868
0.7728512916
0.8909428311
0.7183485378
0.7991959465
0.8479405979
0.7282168765
0.8040430063
0.7967842647
0.8071869125
0.8816643191
0.8022845875
0.6964188905
0.7455033454
0.7376693590
0.7021999426
0.8024154776
0.7157228477
0.8333152990
0.8393642473
0.8092528923
0.8175627414
0.9648838836
0.8293534090
0.9861642691
0.8665799006
0.6196543960
0.7766105448
0.7734446254
0.8314939641
0.7919186978
0.7942350261
0.8275550270
0.8965564659
0.7249182092
0.8123374372
0.9731126428
0.8567089413
0.9327265550
0.8443033623
0.9383729858
0.9429151737
0.7177931461
0.7653240734
0.8433424244
0.9331862010
0.8585213266
0.9488309878
0.9775834797
0.8226446650
0.8090502919
0.7662938459
0.8289129893
1.0456242547
0.9844178407
0.9848576443
0.8220535999
0.8881529230
0.9683877637
0.9632755026
0.8308062150
0.9046907095
0.8592336692
0.8908847078
0.8559882478
0.8275305592
1.0134084944
0.8679240881
1.1844627497
0.9936618473
0.8272026303
0.9732677780
1.0633127479
1.0324040478
0.9189523265
0.9227474080
0.8726359656
0.9683437050
0.8489090632
0.8743692548
0.9995475092
0.8301510710
0.9152300540
0.7836268002
0.9746330111
0.9584793715
1.0758079708
0.9922854646
0.8929020549
0.9283667230
0.8353558251
0.9146411939
1.0967782837
0.9312879451
1.1082387566
1.0666622136
1.0509813728
1.0692286450
0.9878272790
0.9375267261
1.0106493839
1.0011120034
1.0675912449
0.9041279833
1.0749210424
0.9661437520
1.0389349003
1.0666204007
1.1324824515
1.0355746625
0.9751808886
1.0702642456
0.9329920220
1.0592154857
1.1174215995
1.1072555359
