-1.0506890894
-0.8831931288
-0.8613207224
-0.9592510474
-0.9496696344
-0.9735381395
-1.0388903221
-1.1536923601
-0.9337587121
-1.1289565629
-0.9818374732
-0.7859359515
-0.9967799135
-1.1270551257
-0.9714512790
-0.7734309399
-1.1161024350
-1.0740039501
-0.9345470177
-1.0286485724
-0.8769817916
-0.9497176312
-0.9873340023
-1.0108426377
-1.0515253999
-0.7483415712
-1.0526397857
-0.8584930313
-0.9641700814
-1.0135828671
-0.9656445163
-1.1037768266
-0.7173148908
-1.0190689650
-0.9203254365
-1.0187923341
-1.0607552579
-0.8893682096
-0.9252559106
-0.9832963591
-0.8465518536
-0.8825767846
-0.9904115458
-0.8724295373
-0.9394457104
-0.9088920807
-0.9833089191
-0.8344095814
-0.9286989239
-0.8524252798
-0.7153797851
-0.8519405287
-0.9432899172
-0.9282302164
-0.9736701419
-1.0198520701
-0.9622248840
-0.8457392451
-1.0774282407
-0.9974312117
-0.8314054940
-0.9253207043
-0.7386740603
-0.9278696149
-0.8080190051
-0.8190232779
-0.7675617514
-1.0023150802
-0.9337400302
-0.7806123587
-0.8269397728
-0.9495763882
-0.9087541076
-0.9728552042
-0.9363703350
-0.8743056703
-0.8660961254
-0.7960748697
-0.8691121652
-0.7747199750
-0.8966680328
-0.9133976765
-1.0839814344
-0.8926081504
-0.9081677949
-0.7312715474
-0.6441519313
-0.8938137585
-0.7034260886
-0.6692569873
-0.9925097176
-0.6764577004
-0.8933948099
-0.7746910415
-0.9243977279
-0.8143677526
-0.8721158540
-0.7988679156
-0.7273022060
-0.7751164006
-0.7687167751
-0.6706426719
-0.8510449999
-0.7390580307
-0.7763801646
-0.7235548569
-0.5344628287
-0.7867464225
-0.7454576275
-0.8141138728
-0.8449523124
-0.7900208327
-0.7181165223
-0.7441522524
-0.8135410759
-0.7981569800
-0.7709324101
-0.5566872368
-0.7046867295
-0.7791848852
-0.7601022944
-0.6070467948
-0.7197615684
-0.6569766406
-0.7982783156
-0.7615351033
-0.6488513577
-0.7366337905
-0.5948347574
-0.5935163841
-0.8792459756
-0.6961775346
-0.7631030153
-0.7097496420
-0.7953115164
-0.5972693438
-0.5414767502
-0.7173936697
-0.8921018166
-0.8318937711
-0.7103346127
-0.6769152329
-0.7049917022
-0.7062935789
-0.7299996958
-0.7057833671
-0.7217382361
-0.6293055369
-0.7962612047
-0.7839089364
-0.7655314745
-0.6795049675
-0.7615849410
-0.6388830010
-0.6975561054
-0.8510561096
-0.7009627951
-0.7344347916
-0.5992028459
-0.6578020038
-0.5966271929
-0.5925395575
-0.7941491378
-0.7723648838
-0.8582203039
-0.7037487031
-0.6416786481
-0.6509590203
-0.7032250488
-0.5708574738
-0.6941460986
-0.6141187074
-0.5541326475
-0.6996515405
-0.6699679359
-0.7578652236
-0.5231786452
-0.7541554415
-0.7660136895
-0.5393688150
-0.7107991552
-0.6965640807
-0.6295150912
-0.6732692596
-0.5589990533
-0.6425993914
-0.5723853944
-0.5409569259
-0.6476357356
-0.7179186282
-0.6344774063
-0.5230644618
-0.6499526861
-0.5413938217
-0.6571533454
-0.5302050722
-0.5834506234
-0.6485166096
-0.6740211886
-0.5971816328
-0.5974141333
-0.7069935632
-0.6917898694
-0.6597611968
-0.5820430468
-0.5500250755
-0.7364938605
-0.6045623040
-0.6566621947
-0.6081558514
-0.6805127128
-0.7201856189
-0.6428683808
-0.5978041883
-0.6725235268
-0.6854844760
-0.4300333883
-0.5985311092
-0.4841299556
-0.5849087437
-0.4460239688
-0.6331275255
-0.6263216118
-0.5620581754
-0.5846849879
-0.6121659141
-0.5734595912
-0.3868490188
-0.6805917882
-0.4386927238
-0.5432018597
-0.6364577762
-0.6488356592
-0.5537068358
-0.4835507176
-0.5145567307
-0.5302804532
-0.4724914384
-0.5040588318
-0.6003977716
-0.4526364931
-0.7661021517
-0.3644661075
-0.5145723059
-0.4931695519
-0.5585992977
-0.4662652352
-0.5697493950
-0.5840143304
-0.3623365455
-0.5142257503
-0.6132761931
-0.4411379722
-0.6117186709
-0.3450102212
-0.4759657627
-0.5386558625
-0.5187919488
-0.3411363799
-0.3854108127
-0.3482714417
-0.5083405406
-0.5354723044
-0.4285232571
-0.5731847769
-0.3418090501
-0.2516102896
-0.4183729286
-0.4611796880
-0.5757405080
-0.3174320520
-0.5454991659
-0.4609990647
-0.3968653405
-0.5106904114
-0.3634053133
-0.5193228360
-0.4355544122
-0.5049708840
-0.6062836114
-0.4568279428
-0.3567967463
-0.4862561123
-0.4674897572
-0.2712166024
-0.3507745937
-0.2308703844
-0.4172202466
-0.4917427470
-0.4327137838
-0.4073750697
-0.4724831663
-0.4219160936
-0.3848020643
-0.2905878003
-0.4148629485
-0.4644725980
-0.4341229644
-0.3794788086
-0.5315126186
-0.2631098327
-0.3884180352
-0.3623123715
-0.2402844789
-0.4745141097
-0.3832947638
-0.3898316468
-0.4863831028
-0.3464179492
-0.1030105049
-0.3482252916
-0.3642798066
-0.3615823651
-0.4003909128
-0.4411614417
-0.4571724705
-0.2284730904
-0.3712534248
-0.3913232646
-0.3452903007
-0.3801233765
-0.3334255150
-0.3255414743
-0.2020410018
-0.3315948958
-0.5352660383
-0.2762268427
-0.5286273008
-0.2851391114
-0.4972701044
-0.4295781622
-0.3705849167
-0.4285353536
-0.4050896630
-0.2814525423
-0.2226697025
-0.3372661497
-0.4039743182
-0.2630631136
-0.3707308154
-0.2390897904
-0.2373082752
-0.4303296178
-0.4110442943
-0.4519928830
-0.2956189807
-0.4392761226
-0.2638942506
-0.3159342957
-0.0969245771
-0.3210151909
-0.2732658191
-0.1852978334
-0.3119809069
-0.4316886241
-0.2823189953
-0.2128871679
-0.3969121837
-0.2953340719
-0.4444850511
-0.2887771878
-0.2598334031
-0.1518508103
-0.4498780824
-0.2743535518
-0.2221097712
-0.3807133832
-0.3513570242
-0.2597102103
-0.2430427565
-0.3206809312
-0.3136857850
-0.1837351977
-0.1181713488
-0.4276298675
-0.1828729818
-0.2807218853
-0.2556044254
-0.1649106983
-0.2587386106
-0.1546419660
-0.2526132014
-0.2146965906
-0.3930875406
-0.1748553634
-0.4084820568
-0.2998994177
-0.4516943131
-0.2444451163
-0.2107759152
-0.0781964332
-0.2166153965
-0.2988788525
-0.2251598701
-0.2221243930
-0.1324434914
-0.0589440628
-0.2220149111
-0.2624335935
-0.1983284214
-0.1755549827
-0.1650439983
-0.1882069431
-0.1996807472
-0.1998546210
-0.1366024766
-0.2273798412
-0.2176156202
-0.1204064992
-0.1795948592
-0.2399798538
-0.1655860221
-0.2308422679
-0.1146507902
-0.2415756112
-0.0613140603
-0.1570361744
-0.1211460322
-0.0826304283
-0.2587810530
-0.1741971523
-0.0068730409
-0.0797345855
-0.2112123913
-0.0979727159
-0.1083191541
-0.1756554664
-0.2096852714
-0.1794636439
-0.1183541009
-0.2328971535
-0.0558569388
-0.0734785883
-0.0209882612
-0.0144114642
-0.1538566267
-0.0209659658
-0.1002563558
-0.0804635670
-0.0867942786
-0.0348805197
-0.1464404442
-0.1086658264
-0.0090690116
-0.2430129766
-0.1181588187
-0.0525599569
-0.1221799594
-0.1474045533
-0.0706347604
-0.1398557824
-0.0241145240
-0.2345867404
-0.1537606981
-0.1202902927
-0.0320833849
-0.1346079422
-0.0970628270
-0.0464703105
-0.1366497371
-0.1441673479
-0.0881853655
-0.1061443703
-0.2120573978
-0.0550437913
-0.2034428252
-0.0974503622
-0.1136854499
-0.0505733688
0.0706105368
-0.1505039962
-0.0828424895
-0.0588567916
0.0340232425
-0.0188369379
-0.0237088349
-0.1608812595
-0.0138511983
-0.0411973580
-0.0746376224
0.0544973857
-0.1079066788
-0.0664276114
-0.0648989523
0.1233007932
-0.2993088292
-0.0754876138
-0.0823672536
-0.1054606612
-0.0429868866
-0.1294996329
-0.0014701134
0.0143992020
0.0669530469
0.0677509181
-0.0252367071
-0.1075350757
0.1165375302
-0.0452933471
0.0548423465
0.0350045719
-0.0506831046
0.0288376384
-0.0539650506
-0.0388673467
0.1001425989
-0.0130616895
-0.1450524164
0.1662400083
0.0263238838
0.1796524509
0.0426415628
0.0794505204
-0.0628833510
0.0614454357
-0.0040659907
-0.0146249895
0.0787601598
-0.0518157336
0.1642891389
0.0425406245
0.2258941091
0.2558541146
0.1051054857
0.1342220412
-0.0304507251
0.0649924484
-0.0273707827
-0.0372740644
0.1332036190
0.0112816230
0.0537028017
-0.0084088838
-0.0492715482
0.0230508738
0.1107739345
-0.0348324641
0.0360282135
0.0748504369
0.1033758942
0.0176110667
0.0952968852
0.0790485983
0.1464167158
0.0171986573
0.0228062213
0.0977320438
-0.0295512434
-0.0169265619
0.1915736844
0.1654326570
0.1821066866
0.1006328612
0.0213655577
0.0456879594
0.1334185150
0.1884988964
-0.0167024493
0.3638071400
-0.0206122045
0.1268013487
0.2423308496
0.0642551883
0.2382393823
0.2386972994
0.0759177402
0.1648095301
0.2442684058
0.1232909830
0.2149785882
0.1461999774
0.1422195781
0.0968417348
0.1484964026
0.2550537171
0.1568523021
0.2473772060
0.0574354761
0.1874586469
0.1028303272
0.1812966356
0.1020919214
0.1966177945
0.2239946084
0.1032481907
0.0535208366
0.1881323107
0.2915928339
0.1959813293
0.1324764012
0.2204891887
0.2905141092
0.0664919762
0.1145044952
0.2099834720
0.0888500724
0.1787730158
0.2776815195
0.1842124053
0.1482613636
0.2615945062
0.2238398209
0.1434207619
0.1242393492
0.0821606429
0.3528038795
0.1343533075
0.1712084762
0.2414329381
0.3405638671
0.3765394753
0.3954018769
0.1677882488
0.2422205259
0.0766566098
0.4111738859
0.1817873194
0.2027029589
0.2026962685
0.2314337369
0.2695736777
0.2002440852
0.2278767556
0.1944504875
0.2497306499
0.4303929088
0.1610399294
0.2222402571
0.1444247971
0.1870128468
0.3190727032
0.3410368732
0.2298118532
0.1245619477
0.3559050434
0.3422218742
0.1855302034
0.3167174013
0.2796560322
0.2277576401
0.3288390183
0.1573485862
0.3580942501
0.1717101999
0.2054114737
0.3478011706
0.2981980426
0.2810977769
0.2337948325
0.2725265220
0.4684801284
0.3627188917
0.4340545654
0.3114080895
0.2855113929
0.3119079632
0.2581102707
0.3921021896
0.3050817536
0.2138731659
0.2442365211
0.2075214848
0.4526919633
0.3558260475
0.2845479465
0.3139186801
0.3799126578
0.3417570089
0.2037261969
0.1550666474
0.1582890656
0.3603482869
0.4718061139
0.2919799183
0.3625160057
0.3379496717
0.3683316497
0.4270896286
0.4792110135
0.3715838529
0.3554731073
0.2371421954
0.4216724636
0.4691213547
0.4876433868
0.3477861102
0.4558081934
0.2972075409
0.3523334010
0.2448322832
0.2856244519
0.3530605800
0.3457519631
0.3841192780
0.1983791555
0.3735846695
0.3291117071
0.3798305297
0.3487609621
0.4214326939
0.4389536790
0.5074566384
0.4502774806
0.2719938805
0.3968553131
0.3567966593
0.5321786125
0.3967348402
0.4199407788
0.4387753919
0.4443188007
0.4734336151
0.4046573873
0.5919993988
0.4596127839
0.3375904089
0.2726587369
0.3545766484
0.3648608171
0.4569309486
0.5069884335
0.4814586752
0.4951414240
0.3286688403
0.4970080989
0.2654046479
0.3878485771
0.5756108097
0.5607287971
0.5490078428
0.3312701319
0.4664604268
0.3710450071
0.5572044919
0.3633826648
0.5467487291
0.3431089979
0.4544715496
0.3250739386
0.4206045569
0.4641543311
0.4768407067
0.2979136297
0.3835581055
0.4479921549
0.5976979628
0.5461398561
0.6073729491
0.5312433667
0.4451741105
0.6432283664
0.5584424454
0.4319491875
0.4900223004
0.4200712190
0.4585693769
0.5067829209
0.5210556915
0.5093271247
0.7060253316
0.4663454786
0.6063651330
0.5573759250
0.5477883555
0.4958261811
0.3340034565
0.3865965952
0.5475212527
0.4528214602
0.5242365738
0.3975729374
0.5635654831
0.4680972507
0.4935836209
0.6886710253
0.4930302379
0.4972601951
0.5415861695
0.6088100192
0.5390501503
0.6342709735
0.5273173481
0.6535969304
0.5362366314
0.5671630636
0.6364366455
0.5424866903
0.5703650135
0.5627235553
0.5430537665
0.4386275594
0.5227756862
0.5446001513
0.5981169279
0.5500898767
0.5498877762
0.6267953255
0.7355254923
0.6355702265
0.6786603394
0.6075811804
0.5472263495
0.6285246548
0.7368836917
0.6450124563
0.5779529616
0.7407781532
0.6534807237
0.6860610854
0.6252528969
0.6233678246
0.4792501604
0.6673071764
0.6898158394
0.8141484750
0.5217767860
0.6214837439
0.6684471514
0.7160913492
0.6599997332
0.6010253657
0.6564152697
0.7637574780
0.6289054938
0.6875769821
0.6586199990
0.5235727658
0.6901575288
0.6727055615
0.6759310600
0.6264043481
0.6302998003
0.6175973202
0.7427109866
0.7176279876
0.7555590344
0.7598856230
0.6173958681
0.6146376463
0.4922027449
0.7137120926
0.7159389132
0.7879268817
0.7368899662
0.6553230109
0.6531407662
0.6951385291
0.5687888689
0.4859568073
0.4641435685
0.7167530600
0.7257233193
0.6335963083
0.6213304217
0.4718553760
0.7283693752
0.9314280232
0.7091141459
0.7636545385
0.7934609881
0.7338218768
0.6559186566
0.8264165208
0.8492303643
0.6950865899
0.6412223993
0.7128352091
0.7031320016
0.7804607034
0.7372606037
0.7943226040
0.7067491472
0.6809903969
0.6732996486
0.6301344059
0.6564267180
0.8071282828
0.8071366172
0.6883824155
0.7135781732
0.6685035964
0.8099252175
0.6856565519
0.8132040602
0.7491694961
0.7192453224
0.6845632601
0.8339335350
0.7086668973
0.7704248359
0.8860964667
0.6030951674
0.8706622237
0.8372437761
0.8580165273
0.8430544639
0.7180050484
0.7047590894
0.8489373750
0.7401249347
0.7644408809
0.6949805001
0.7462418740
0.7786224281
0.7003535084
0.8626796203
0.8338546776
0.8276388030
0.7710743502
0.8538131001
0.9473749579
0.8502719285
0.8528257131
0.8724292434
0.8837026927
0.7300932427
0.9103427315
0.9443974421
0.7935068281
0.8566718130
0.8530903089
0.7709122687
0.9950759087
0.8599446707
0.7825931496
0.8673694761
0.7461639997
0.7443243690
0.8092554515
0.7902617466
0.7351123306
0.8434508690
0.8837804915
0.8832533428
0.8368722849
0.8859624521
0.8952108561
0.9020441812
0.9294382967
1.0045791364
0.8546182114
0.8616502436
0.8805976848
0.7930665110
0.9287162635
0.8147283565
1.0650099062
0.8459623288
0.8761955824
0.8288157200
0.9671443531
0.9354600598
0.9067319214
0.9627601371
0.8694496261
0.7843432858
0.8676782115
0.8496434698
0.6599424803
0.9337847157
1.1215121280
0.9789317662
0.9881888755
0.9012804377
0.8907135755
0.9425879567
0.9933933227
1.1529861496
0.7728098372
0.9376508356
0.9967642584
0.8825316297
0.8843096270
0.9185249811
0.9047454385
0.8899319846
0.9410886235
0.9312517250
0.8127461288
0.9713054873
1.0304604359
1.0495484858
0.9926548223
0.9985645189
0.8250432101
1.0151961617
1.0029940898
1.0527302621
1.0230009640
0.9073450698
0.8699387635
1.0719630834
1.2087819161
0.9527781823
0.8287734125
0.9135171357
0.9472067320
0.9290206405
0.9955773218
0.9500055073
