-1.0038310589
-0.9879359933
-1.0073243816
-1.0551087068
-1.0275677912
-1.1516778355
-1.1333930948
-1.0093425674
-1.0417870730
-1.0337177336
-0.9068708099
-1.1308668258
-1.0715729484
-0.9473310813
-0.9425944766
-0.8832944370
-1.0548582786
-1.0257112261
-1.0000615328
-0.9371263756
-0.9791847480
-0.7802191037
-1.0633862885
-0.9179338575
-0.9044958284
-0.9058203514
-1.0261983951
-0.9915855712
-0.9777347186
-0.9894820947
-0.8922824461
-0.8740978927
-0.9696160692
-0.9193901216
-0.9942472608
-0.9247454542
-0.9669167895
-1.0751485153
-1.0459567542
-1.0016441704
-0.9116344550
-0.9083465834
-0.9066108125
-1.0361546289
-0.8437833298
-0.9277004011
-1.0089078982
-0.9307237057
-0.8148134820
-0.8285556613
-0.9553026272
-0.8972747431
-1.0049768806
-0.8844146665
-0.9060194527
-0.9323683322
-1.1265371757
-0.9462418746
-0.9125435973
-0.8946896640
-0.8689798045
-0.9440946320
-0.8496935247
-0.8987826339
-0.8797800597
-0.8392065933
-0.8663545586
-0.8972870326
-0.8741951955
-0.9171101890
-0.7420799113
-1.0681307898
-0.8693719897
-0.7895397787
-0.6930298399
-0.8684187592
-0.7260490119
-0.8055017703
-0.9195254179
-0.9398453421
-0.9779570841
-0.9053798357
-0.7483463391
-0.8034254291
-0.7625919262
-0.8706106207
-0.8038948215
-0.7392848879
-0.8547410778
-0.7211773179
-0.8046046385
-0.6870966034
-0.7945039142
-0.9817983470
-0.8584835521
-0.8587743940
-1.0350656045
-0.6901354730
-0.8497477237
-0.7386930135
-0.7755476863
-0.9402259548
-0.7868404523
-0.8592531386
-0.7927135434
-0.8129261649
-0.8016812273
-0.9041156333
-0.8595146834
-0.9042174393
-0.6979825770
-0.8669397417
-0.7838103020
-0.6597644836
-0.7329360822
-0.8607139518
-0.7893057980
-0.8662274221
-0.7233385308
-0.8196094469
-0.7504097969
-0.6651122785
-0.6877802525
-0.7725984194
-0.6818266418
-0.8101941111
-0.7535732924
-0.6824011084
-0.8416511202
-0.7226974475
-0.7089929331
-0.6351081021
-0.7073997251
-0.8924329382
-0.8552904091
-0.7132762270
-0.6882579331
-0.7416252513
-0.6440074326
-0.9352638095
-0.7864071675
-0.7402508029
-0.7826539172
-0.6150716403
-0.6140472382
-0.8168013156
-0.6982791388
-0.6487972678
-0.6776375142
-0.6138686047
-0.5836151389
-0.8542978041
-0.8901159778
-0.6677298765
-0.8583392951
-0.7006901215
-0.6462786506
-0.6608084232
-0.7312126666
-0.7820382286
-0.7908042423
-0.7747133476
-0.7457607182
-0.6705453282
-0.7324048293
-0.4844792967
-0.6896310787
-0.5278233051
-0.5715650467
-0.6734649466
-0.6879535165
-0.7294491152
-0.6250508555
-0.8247650743
-0.5624749192
-0.7612564878
-0.6589760680
-0.8918171578
-0.7081077447
-0.6569547834
-0.6297788838
-0.5513061350
-0.4740019293
-0.6327739957
-0.4550778998
-0.7372314492
-0.6126270235
-0.7296522271
-0.5486981582
-0.8628341827
-0.6039942422
-0.6615846548
-0.7110272766
-0.6219765625
-0.5847945476
-0.6285147000
-0.7849247600
-0.6306250785
-0.6583139531
-0.7102922111
-0.5067972872
-0.6454120008
-0.6455315670
-0.7161119458
-0.6099357786
-0.6493367934
-0.5122302389
-0.5000503505
-0.4392699615
-0.7254911025
-0.6010506814
-0.5189973261
-0.6502740364
-0.5612057922
-0.4607551581
-0.6599535454
-0.6107615510
-0.6952222750
-0.4795507100
-0.6124558033
-0.5809228249
-0.6271726948
-0.4386892508
-0.5554602254
-0.4410945616
-0.4804686455
-0.4838650963
-0.5623916759
-0.5766037648
-0.5085979529
-0.4283449965
-0.5547346693
-0.6257663642
-0.6258492051
-0.5005466286
-0.5622828728
-0.6315612335
-0.5086405501
-0.5680615870
-0.6333728420
-0.5993304339
-0.4514163932
-0.5747126485
-0.5173076378
-0.6461060367
-0.5293491036
-0.5674637071
-0.3915831054
-0.4901312550
-0.6492924407
-0.6095900970
-0.5678177160
-0.4602760940
-0.5342942148
-0.4222332613
-0.5301623706
-0.5771286195
-0.3739024275
-0.4012704351
-0.6079516833
-0.3535332884
-0.4392619949
-0.4722782040
-0.4514492200
-0.3465666798
-0.4732271995
-0.4799868219
-0.3184679716
-0.3094649389
-0.3474567868
-0.4793974036
-0.4310130744
-0.3940803534
-0.4893757692
-0.3728369277
-0.4856365671
-0.4397226292
-0.4046706299
-0.4357826879
-0.4249383355
-0.4256711736
-0.3387543791
-0.4483415981
-0.4729307747
-0.3955278674
-0.3203149665
-0.4092034017
-0.5356423996
-0.5215398470
-0.3618963501
-0.4386827501
-0.4168468875
-0.3202796899
-0.4824875418
-0.4367459312
-0.3865784767
-0.4685608385
-0.4958326846
-0.4204655376
-0.3868746279
-0.3820720153
-0.5312942336
-0.3904905622
-0.2689952224
-0.5117115708
-0.3286665341
-0.3517054755
-0.4008065114
-0.4167543968
-0.4545318583
-0.3331816459
-0.4115995059
-0.3870281671
-0.4142293383
-0.4350454279
-0.3602775486
-0.5102473703
-0.4039406988
-0.1467046243
-0.3496435015
-0.2247756376
-0.4180937518
-0.3880489642
-0.2945846144
-0.5286260833
-0.3076015628
-0.4399847161
-0.3380508847
-0.2509359676
-0.4722292088
-0.3429279525
-0.2387130554
-0.2185135127
-0.3690675544
-0.4418479870
-0.3662307943
-0.3420117496
-0.3316754011
-0.1558618076
-0.3875112217
-0.3416804531
-0.1945929991
-0.3099015972
-0.3088393812
-0.6082320611
-0.3842437374
-0.3528351250
-0.3035069084
-0.1749864007
-0.2521347047
-0.1111191850
-0.3525661494
-0.3630464482
-0.3308600730
-0.4198255943
-0.3898166350
-0.1884596482
-0.2848516831
-0.3749397739
-0.1743018331
-0.2553937971
-0.3396671233
-0.3796756417
-0.1156927078
-0.2474933921
-0.2411574551
-0.3097900221
-0.2923905706
-0.2027304710
-0.2739831476
-0.2853750758
-0.1877484458
-0.2859437981
-0.1831291999
-0.2068669152
-0.2844092265
-0.2283975160
-0.3182218074
-0.2482750700
-0.2685581723
-0.2553985472
-0.2943325291
-0.3407898861
-0.2847594552
-0.2372087252
-0.2014828305
-0.2264485050
-0.1632023258
-0.1750803108
-0.1408210399
-0.3072069036
-0.2360256265
-0.1403906318
-0.1815120835
-0.1838772137
-0.3243703139
-0.1903223184
-0.2300699450
-0.3241526049
-0.2756140965
-0.3040121261
-0.2714432009
-0.2694001379
-0.2240312002
-0.2714979418
-0.2025820931
-0.2466681138
-0.3170044617
-0.2271642061
-0.1696563993
-0.0631677779
-0.3016707599
-0.1042258792
-0.2416606563
-0.0493698900
-0.0999542358
-0.0184880532
-0.1495430912
0.0632219760
-0.2203862216
-0.1123616835
-0.2030789796
-0.0620255047
-0.1780528052
-0.1735538821
-0.1332322248
-0.0369971051
-0.1148892204
-0.0957025489
-0.2331795140
-0.0662148215
-0.2561368145
-0.1055929020
-0.1505549762
-0.2335763316
-0.1305330946
-0.1219505947
-0.0456718936
-0.1251296608
-0.2473758511
-0.1421833461
-0.0294923441
-0.1928363887
-0.0980315904
-0.1281802301
-0.3258375350
-0.1331019099
-0.1216931555
-0.1294064769
-0.0424848685
-0.2093606089
-0.0589422284
0.0282400800
-0.2197051345
-0.1135668604
-0.1254910005
-0.0243647226
0.0756553138
-0.0551285887
-0.0889580391
-0.1275777187
-0.1055564895
-0.1391573213
-0.0200677811
-0.0533606342
-0.1372838010
-0.2208344995
-0.0091177418
-0.2365032955
-0.0092722820
-0.0324532096
-0.1115903781
-0.0278082936
0.0205344654
-0.2279442780
-0.1351514988
-0.0133198848
0.0162965658
0.0514118458
-0.1238104326
0.0940769909
-0.0833499210
-0.0303071765
-0.0474516131
0.0664076354
-0.0233260590
-0.0156167462
-0.0759441244
0.0817204497
-0.0072234151
-0.1144232672
0.1149141220
0.0986230591
-0.0212832810
-0.1230148262
-0.0285762442
-0.0557915469
0.0289241252
-0.0003098436
-0.0593447372
0.0388161627
0.1218808764
-0.0036773194
0.0780249120
-0.0531555881
-0.0097071404
-0.1224742743
-0.0677029639
-0.0064068971
0.0354616551
-0.0795152586
-0.0055270892
0.0369454499
0.1762321753
0.0707758894
0.1661159052
0.0209418879
0.0101906461
-0.0536514983
0.0622130928
-0.0064541734
0.1189503137
0.2151302243
0.1299957237
-0.0781570227
-0.0422732840
-0.0331878015
-0.0678927087
-0.1121772954
-0.1384329391
0.1044943403
0.1447416955
-0.0238912061
0.1437477331
0.0925157822
0.0863163061
0.2271891570
0.1274936833
0.0594073620
0.0386757016
-0.0464789405
0.1598509149
-0.0317370320
-0.0221279530
0.0289434215
0.0835347414
0.1459357737
0.1624758202
0.1170790845
0.0720253369
0.0128429460
0.0337012387
0.0634699873
-0.0006039745
0.0599657715
0.0980797363
0.2391055413
0.1678108951
0.1683603955
0.3564475604
0.1825133306
0.1209587649
0.1912816259
0.0701799492
0.0067188456
0.1884009777
0.2244767264
0.0946082998
0.2242595060
0.1916434022
0.1002938574
0.1515629313
0.0287447841
0.2057776284
0.1037269429
0.2383272073
0.1448242081
0.2308580807
0.0627005993
0.2543771194
0.2082487431
-0.0777075910
0.1245344309
0.0086819416
0.1723924058
0.1332069185
0.2110082702
0.3783874706
0.1104329642
0.0897756366
0.1385919948
0.0407387741
0.1039014851
0.2088356507
0.2135915909
0.3133117531
0.1759537052
0.1559836627
0.3182970260
0.1878749504
0.1659539474
0.1286687903
0.2530392645
0.2634466398
0.3911042271
0.2063812570
0.2997533771
0.3199473433
0.0714277481
0.2063045318
0.1781114200
0.2757982538
0.2440707155
0.1248050693
0.1090668722
0.1186288952
0.1614748642
0.2330460756
0.2630681123
0.2987019442
0.1545154858
0.2079361600
0.2686950924
0.2968706100
0.1168042608
0.2226672235
0.2021286998
0.2083150765
0.1253521868
0.2118299419
0.1268333644
0.0891946416
0.3441618314
0.3452700496
0.2175394844
0.3450225428
0.2662408964
0.1768330973
0.2263622841
0.2847628073
0.3695522302
0.3283193005
0.4881553965
0.2909741276
0.3572032638
0.3510955568
0.2529368575
0.3845648198
0.3208390363
0.4048729027
0.4547667294
0.3188882538
0.1588982102
0.3602667754
0.3191236323
0.4298469097
0.3264031251
0.2461587478
0.4660304259
0.3267695959
0.3998987091
0.3888454231
0.3307191302
0.4934339957
0.3181505973
0.3993705941
0.3255041685
0.1558157869
0.3001465445
0.3015890695
0.3882652375
0.1649389757
0.4447624611
0.1350038687
0.4015043785
0.2725340290
0.2731356724
0.4843410918
0.3034665094
0.2240816555
0.3404101453
0.4245727595
0.4275630106
0.3693704219
0.4553728155
0.4545325083
0.3200021244
0.4120809610
0.3094122779
0.3565079180
0.3752639160
0.2809240941
0.4191914988
0.4019721909
0.2623480822
0.3791063383
0.3863046591
0.3774392321
0.4703232143
0.3192254815
0.3727046493
0.4206721367
0.4808288575
0.4373195793
0.4251976225
0.4747790443
0.4879949332
0.4867745862
0.3119801857
0.5413110024
0.5170931317
0.4638119081
0.4311247794
0.3382029505
0.4470578063
0.5090944689
0.3407736904
0.3923448838
0.4530934596
0.5584920191
0.5755317970
0.4212781572
0.4063037593
0.3714042320
0.4798936710
0.4749376487
0.5098796466
0.5120967363
0.5428659526
0.5525361428
0.4166109505
0.4503003300
0.5078595381
0.3811502365
0.4867061143
0.4835623880
0.5418892642
0.4742329776
0.3145184118
0.3690014056
0.6318097125
0.4354781999
0.5591455619
0.6173508662
0.3357249537
0.3668529668
0.5455557293
0.6865234822
0.4777651612
0.4815742157
0.4023187892
0.5569281891
0.4927355740
0.4651466356
0.4499457713
0.5495832447
0.2929884481
0.4206719921
0.5718667512
0.7391908732
0.5479767771
0.4710232273
0.5328904421
0.5028966111
0.6596003735
0.5826807551
0.4413960063
0.4507089781
0.5766453400
0.5328442252
0.5231475320
0.6291089853
0.5385132121
0.5600831223
0.7315839746
0.6020681930
0.5759400025
0.6070059649
0.5602112814
0.4170091027
0.5771869818
0.7200566979
0.6626794317
0.4933797925
0.5621666391
0.5287530236
0.5455021768
0.7740701287
0.6182348459
0.5751243368
0.6977107032
0.5421852574
0.4458969523
0.6778124628
0.6585370599
0.5801198359
0.5306177673
0.8375749602
0.7185763094
0.6970308734
0.6798438952
0.5434552791
0.6949546512
0.5569738216
0.6760674668
0.6082561440
0.6582653957
0.5381918362
0.6475085153
0.5798588140
0.6628218157
0.6021229448
0.6015257993
0.6504646178
0.6746579231
0.6960701322
0.7031723419
0.5468453842
0.5648367613
0.6076746128
0.6439302290
0.6226440926
0.6466323477
0.5655287967
0.7138186210
0.6076762301
0.6194348464
0.7432381353
0.5569983227
0.5898799870
0.6847019260
0.5879296575
0.5800958032
0.6438651832
0.5288010521
0.5187475865
0.6944105922
0.6647397264
0.8691441348
0.5698399507
0.5746251404
0.5796961624
0.6570724683
0.6646794067
0.5996519232
0.6790932608
0.6821117465
0.6844092451
0.6792196002
0.6095895296
0.7245529706
0.8897836290
0.7276588483
0.6282280765
0.7974301072
0.8256650446
0.7584281780
0.7213639844
0.8074377270
0.7062838104
0.7156915488
0.7893674025
0.7557922909
0.6626624227
0.8179241929
0.7808766969
0.8162823684
0.7134669488
0.6495497186
0.6425881636
0.5415831156
0.7839819916
0.6780210123
0.7509314146
0.8771219868
0.8345000480
0.8180467707
0.6008356194
0.7283843683
0.8425305404
0.8632813466
0.8110588809
0.7023348356
0.7481333903
0.8092569943
0.8600432472
0.6075438220
0.7898728439
0.8088428625
0.7407436406
0.7830783901
0.6836516542
0.7644472865
0.7072875028
0.7608955611
0.8578043105
0.7887042418
0.7326060312
0.8312462398
0.8040131720
0.8760412814
0.7603195950
0.9511399754
0.8658692503
0.8438913872
0.7636681064
0.7305088347
0.8085463394
0.8525275418
0.8506651583
0.7149661444
0.6991474554
0.7337560418
0.7996554731
0.6889962434
0.8002375111
0.8226709511
1.0007128189
0.8681373120
0.8105137600
0.8215478313
0.9728758671
0.8327180419
0.9120042918
0.8772849433
1.0292969490
0.6739935969
0.9061458498
0.7804261168
0.7911886172
0.9325897088
0.7893558904
0.8363854479
0.7776465419
0.9186060159
0.9730416738
0.8470820232
0.7860265192
0.8088072447
0.9857331131
0.9033306977
0.8863448732
1.0051556036
0.9073713271
0.9026828084
0.9572090036
0.7891453227
0.7844118157
0.8910729506
0.7738626724
0.7669688643
0.8204117607
0.6932985174
0.9082529835
0.9777980731
0.9748572352
0.9351986154
0.8718377503
0.9554190085
1.0421062335
0.8966590497
1.0175910485
0.9055517000
0.9484802654
0.9044911941
0.7148983692
0.9035683385
1.1129790093
0.7681538633
0.9357568505
1.0148490160
0.8083139975
0.9609735071
0.9436432754
1.0089293583
0.9653008331
0.9717824039
0.8890490565
0.9858864376
0.9799431483
1.0565672217
0.9513738625
0.9999662467
1.0277017917
0.9697983218
0.9153142274
0.8696081169
0.8772556546
0.8233400589
0.9810028389
1.0347122398
0.9189585747
0.9303511211
0.9882007256
0.9320350979
0.9135328244
0.9891873094
1.1122772783
1.0247880646
0.9606497869
