-1.0687348896
-0.9061275048
-0.8327629497
-0.9782437200
-0.9572231347
-0.9905923359
-1.0327010227
-1.1369912917
-0.9163850513
-1.1118520511
-0.9667571649
-0.7943287964
-1.0199626284
-1.1386358878
-0.9728125192
-0.7850791160
-1.1345954336
-1.0702580869
-0.9569936909
-1.0147813333
-0.8806989462
-0.9525320974
-0.9874498181
-0.9967230762
-1.0554040770
-0.7581667176
-1.0861376198
-0.8643969982
-0.9667652865
-1.0234501518
-0.9772471809
-1.0988018305
-0.7052249835
-1.0437547995
-0.9234792022
-1.0196322546
-1.0395785116
-0.8868570931
-0.9443537415
-0.9855727463
-0.8432510064
-0.8955735920
-1.0042843502
-0.8781085444
-0.9515023874
-0.9112322303
-0.9381602824
-0.8542257076
-0.9142412278
-0.8550899815
-0.6967096953
-0.8590847292
-0.9333453330
-0.9193844118
-0.9986147397
-1.0134886974
-0.9907724708
-0.8192727685
-1.0900958188
-1.0023795319
-0.8440747988
-0.9289133849
-0.7307191803
-0.9363497916
-0.8282320655
-0.8005825419
-0.7628220262
-0.9831425005
-0.9258370125
-0.7637078504
-0.8206498531
-0.9251167977
-0.9013437246
-0.9546102091
-0.9308724045
-0.8699171897
-0.8646185697
-0.7778616181
-0.8671671166
-0.7670072497
-0.8981589359
-0.9065636617
-1.0740633320
-0.9082807026
-0.9408687047
-0.7600075382
-0.6318445454
-0.8929471784
-0.6977056271
-0.6809365301
-0.9870723811
-0.6797063213
-0.8991673834
-0.7895548122
-0.9393637143
-0.8125974925
-0.8766178177
-0.8175142834
-0.7334586191
-0.7634685689
-0.7858624430
-0.6689960615
-0.8380790547
-0.7470679759
-0.7663768191
-0.7214915269
-0.5331704874
-0.8034224403
-0.7557233891
-0.8264980860
-0.8472538163
-0.7926069894
-0.7247648152
-0.7383861785
-0.8210464493
-0.7822869759
-0.7771611119
-0.5561251448
-0.7064851694
-0.7709993654
-0.7679661901
-0.6094333099
-0.7194125616
-0.6637073953
-0.7921650986
-0.7839177102
-0.6759970090
-0.7388872722
-0.6029509592
-0.5986075977
-0.8753257437
-0.6829540508
-0.7464207979
-0.7029283772
-0.8143391082
-0.6048517063
-0.5528204417
-0.7094015576
-0.9020521636
-0.8180272625
-0.7093041695
-0.6830907949
-0.6930816867
-0.6907411898
-0.7159331968
-0.7166727409
-0.7113437593
-0.6213937309
-0.8123345449
-0.7522944360
-0.7651576539
-0.6862182198
-0.7754777557
-0.6157010105
-0.6892537490
-0.8660616590
-0.7100036537
-0.7355685263
-0.6106711715
-0.6824422510
-0.6119146105
-0.5976967566
-0.7884429482
-0.7510239169
-0.8362594499
-0.6998862734
-0.6384157568
-0.6534960078
-0.7133469782
-0.5879216904
-0.6972723809
-0.5998181283
-0.5543331514
-0.6868777156
-0.6378995257
-0.7205640538
-0.5178829810
-0.7431310936
-0.7551541641
-0.5547505075
-0.7354259335
-0.6726147241
-0.6324229430
-0.6777154091
-0.5548783602
-0.6521417698
-0.5725826993
-0.5429774021
-0.6581774891
-0.7370582247
-0.6302979246
-0.5246216497
-0.6529572708
-0.5525455225
-0.6658100500
-0.5189925495
-0.5983049597
-0.6422908694
-0.6747161917
-0.6147709024
-0.6082633561
-0.6580972089
-0.6938188387
-0.6480536112
-0.5920150851
-0.5458565409
-0.7266823239
-0.6002346851
-0.6500698841
-0.5897797566
-0.6562243885
-0.7105201970
-0.6531982688
-0.5986634550
-0.6719496238
-0.6922690515
-0.4186472575
-0.5867271132
-0.4995056662
-0.5988709450
-0.4835608305
-0.6560180017
-0.6231294234
-0.5683047557
-0.5811574195
-0.6177587893
-0.5794228822
-0.3620185242
-0.6840466988
-0.4534232280
-0.5521850899
-0.6375293162
-0.6625514347
-0.5568437300
-0.4884731771
-0.5183426463
-0.5443659191
-0.5046265714
-0.4830443047
-0.5940365929
-0.4496661810
-0.7614615377
-0.3552794448
-0.5015783969
-0.4842098533
-0.5329642012
-0.4668061696
-0.5897718034
-0.6056795295
-0.3617693284
-0.5224666829
-0.6128338306
-0.4369758446
-0.6456524607
-0.3642855056
-0.4531558143
-0.5291996192
-0.5106020904
-0.3523635132
-0.3732070903
-0.3698933095
-0.5036649228
-0.5098348866
-0.4390896042
-0.5818933857
-0.3196781252
-0.2492960672
-0.4255956652
-0.4652801888
-0.5676736778
-0.3200982459
-0.5479133292
-0.4800340716
-0.4010830903
-0.5237696270
-0.3547979781
-0.5302834252
-0.4359690238
-0.4935758230
-0.6220823810
-0.4581952697
-0.3415451175
-0.4965286217
-0.4879505401
-0.2921809521
-0.3528056650
-0.2372128370
-0.4266896046
-0.4985159098
-0.4335112058
-0.4212498340
-0.4760035402
-0.4268670429
-0.3867810079
-0.3103749526
-0.4166929425
-0.4540846976
-0.4526625051
-0.3740921020
-0.5352913497
-0.2433541602
-0.3775773853
-0.3536367600
-0.2583809630
-0.4837428308
-0.3789049252
-0.3880480894
-0.4832554150
-0.3625879785
-0.1025326946
-0.3573253550
-0.3676332677
-0.3471273867
-0.4119956560
-0.4540920926
-0.4627645150
-0.2144472999
-0.3626065900
-0.4037932048
-0.3538265500
-0.3683989891
-0.3438276114
-0.3378523274
-0.1947287721
-0.3509438415
-0.5456898660
-0.2921742748
-0.5189580444
-0.2896849172
-0.4834238864
-0.4252464986
-0.3659124424
-0.4291754436
-0.4082074262
-0.2925827508
-0.2219344644
-0.3251389642
-0.4308812439
-0.2654579111
-0.3499135012
-0.2368711654
-0.2148521018
-0.4113755283
-0.3952694277
-0.4379426342
-0.2801481711
-0.4391617032
-0.2843552823
-0.3165788511
-0.1062757703
-0.3172604805
-0.2770037802
-0.1950082999
-0.3036932627
-0.4492004897
-0.2838123422
-0.2099832840
-0.3809054962
-0.2858664412
-0.4678783173
-0.2880396179
-0.2498501668
-0.1912043088
-0.4410018497
-0.2793051324
-0.2067874950
-0.3926859493
-0.3794983109
-0.2823899721
-0.2202722802
-0.3101917110
-0.3486913976
-0.1721336043
-0.1033479262
-0.4233713736
-0.1829040053
-0.2895715377
-0.2486529134
-0.1754311866
-0.2615205308
-0.1479767920
-0.2499386371
-0.1894443642
-0.4026210854
-0.1982626949
-0.3962180975
-0.2815191618
-0.4527316248
-0.2486072694
-0.2266176037
-0.0954000643
-0.2012810352
-0.2986864109
-0.2461800932
-0.2303171719
-0.1301172888
-0.0687219754
-0.2412973961
-0.2940235992
-0.2228833063
-0.1779173736
-0.1747571027
-0.2046650524
-0.2099375642
-0.2315842836
-0.1720727228
-0.2415162007
-0.2279414943
-0.1355396601
-0.1877079843
-0.2369453116
-0.1631441913
-0.2391297821
-0.1255108955
-0.2384426009
-0.0808304908
-0.1425296565
-0.0996910705
-0.0912077038
-0.2598954104
-0.1700351015
-0.0096728856
-0.0654096054
-0.2086176324
-0.1093696979
-0.1035386052
-0.1617678107
-0.1986517606
-0.1782832862
-0.1534663829
-0.2083995123
-0.0523125133
-0.0721494891
-0.0088322976
-0.0384665754
-0.1286472589
-0.0249195457
-0.0863864624
-0.0850259704
-0.0893883303
-0.0408104278
-0.1315759687
-0.1010060155
0.0224145062
-0.2412303612
-0.1250700240
-0.0704689928
-0.1335457803
-0.1383515166
-0.0624978401
-0.1457940974
-0.0212390926
-0.2419309303
-0.1445591539
-0.1305085353
-0.0195627441
-0.1366850204
-0.0856017960
-0.0343279119
-0.1611829061
-0.1263747633
-0.0963014627
-0.0934380055
-0.2015930062
-0.0504944081
-0.1957913244
-0.0915794105
-0.1048536406
-0.0646963410
0.0739158500
-0.1796079202
-0.0756124272
-0.0529989416
0.0233972040
-0.0291666905
-0.0340801622
-0.1610493049
-0.0136949542
-0.0346630149
-0.0601508287
0.0583713975
-0.1056923464
-0.0502764012
-0.0590192992
0.1065873632
-0.2848835065
-0.0631451868
-0.0958664192
-0.1034306771
-0.0466874538
-0.1366982058
0.0044275620
0.0259595118
0.0369745717
0.0571071876
-0.0316870744
-0.1247206124
0.1137943320
-0.0355490328
0.0507862250
0.0537138951
-0.0379891048
0.0268878556
-0.0324635315
-0.0332313457
0.0871578084
-0.0257087298
-0.1802600574
0.1674699687
0.0128721341
0.1690204333
0.0402718219
0.0692200746
-0.0492683004
0.0727768784
-0.0044787017
-0.0258746007
0.0933956278
-0.0371530799
0.1375642338
0.0414499778
0.2180853699
0.2639066494
0.0938187508
0.1317529661
-0.0210418364
0.0616865493
-0.0485493866
-0.0421061464
0.1451868023
0.0007741292
0.0503763583
-0.0179277298
-0.0337165736
0.0208189421
0.1233584710
-0.0419643578
0.0322664080
0.0676343242
0.1100120782
0.0242452695
0.0792283612
0.0775482170
0.1468304360
0.0244269194
0.0038829177
0.1087033859
-0.0113154279
-0.0093873881
0.1737192970
0.1677904866
0.1889738310
0.0783756308
0.0288265629
0.0532904461
0.1561631771
0.1760533252
0.0043162195
0.3427783011
-0.0218324405
0.1133506285
0.2399086390
0.0414490865
0.2449896263
0.2268282570
0.0733597590
0.1636295775
0.2406029163
0.1386987930
0.2265605144
0.1440140658
0.1528337416
0.0871089406
0.1330830464
0.2810342022
0.1471013628
0.2358312294
0.0643172873
0.1664813792
0.1193041456
0.1778205608
0.0958464301
0.2002863939
0.2216109766
0.1046243106
0.0670038736
0.1954483776
0.2974936308
0.1853430514
0.1084913500
0.2061075734
0.2766813422
0.0744739374
0.1069524877
0.2210599084
0.0815856014
0.1934185444
0.2850381060
0.1798296549
0.1473229688
0.2616145303
0.2401343932
0.1584254741
0.1462746135
0.0739821728
0.3670765815
0.1506727231
0.1668729447
0.2756215459
0.3624419414
0.3901854278
0.3903512950
0.1486860125
0.2121459029
0.0714528185
0.4125345456
0.1605404944
0.1912016176
0.2143510687
0.2103857609
0.2737208568
0.2174291358
0.2279670344
0.2135434754
0.2381761586
0.4214893858
0.1596702820
0.2242699971
0.1563492047
0.1698462224
0.3207365081
0.3256559191
0.2172936026
0.1408267071
0.3518561944
0.3471133823
0.1858197577
0.3335659169
0.2783846658
0.2008842530
0.3312775164
0.1616620483
0.3631076238
0.1651554507
0.1897518259
0.3564582635
0.2969536193
0.2631867249
0.2466300605
0.2657819163
0.4753974826
0.3698445378
0.4494565720
0.3079459129
0.2775237215
0.2898158898
0.2616122783
0.3997114105
0.3217584251
0.2251377179
0.2454851766
0.1866172084
0.4450522720
0.3531903982
0.3003066987
0.3247557449
0.4000429507
0.3267425764
0.2131631303
0.1304784721
0.1562926850
0.3692745237
0.4547288676
0.2715246320
0.3682304749
0.3499093114
0.3763465830
0.4117634382
0.4850887517
0.3870326219
0.3275428714
0.2447363459
0.4089585038
0.4751472254
0.4730692949
0.3478865194
0.4335619623
0.2993815641
0.3513571615
0.2587876745
0.2919639705
0.3387872153
0.3329599054
0.3810588759
0.2241132326
0.3702461461
0.3283841121
0.3971311558
0.3604279249
0.4121414904
0.4518134518
0.5047893600
0.4451241022
0.2585383537
0.3824815764
0.3655902732
0.5505411380
0.4001524250
0.4168445491
0.4443113858
0.4650918231
0.4727269328
0.3766993899
0.5864173342
0.4580340018
0.3602514144
0.2693525967
0.3760653340
0.3687424963
0.4505428635
0.4970694815
0.5077668386
0.5066594266
0.3280767478
0.4702718873
0.2704229146
0.3855127482
0.5853633602
0.5687293285
0.6027772037
0.3165891809
0.4512547960
0.3726255757
0.5591082730
0.3566919976
0.5351443867
0.3119117263
0.4521663493
0.3053429358
0.4237780154
0.4755757382
0.4905519924
0.3031861411
0.3876865019
0.4350630879
0.6170802016
0.5366824643
0.5919896782
0.5291239119
0.4291716041
0.6514046840
0.5424758084
0.4452003895
0.4832587456
0.3752677295
0.4595148880
0.4692890786
0.5203356065
0.4885409298
0.6729549234
0.4626538163
0.6081721131
0.5651452858
0.5436786291
0.5148492347
0.3307982735
0.3815317474
0.5789609716
0.4627598802
0.5258374451
0.3877015164
0.5795826637
0.4988911404
0.5110776152
0.6987430105
0.5173726864
0.4732255668
0.5554175998
0.6035174990
0.5258133742
0.6289730431
0.5330809347
0.6604854666
0.5433622533
0.5487658135
0.6511009199
0.5332549379
0.5532205467
0.5684860779
0.5327857907
0.4369810507
0.5291623324
0.5458925910
0.5988970607
0.5477525433
0.5742665820
0.6130549507
0.7265724255
0.6601593257
0.6552617422
0.6120330503
0.5401544922
0.6012411527
0.7267640429
0.6440637405
0.5590925117
0.7169310709
0.6277883842
0.7035543281
0.6542077282
0.6506475655
0.4953170692
0.6596059160
0.6718287717
0.8043133358
0.5269070583
0.6223255292
0.6596574133
0.6996892619
0.6707758166
0.5880483256
0.6752311829
0.7546637426
0.6229537591
0.6981317937
0.6693232529
0.5293924608
0.6892651797
0.6918553326
0.6657571968
0.6301168125
0.6102120633
0.6382298229
0.7546145274
0.7133926915
0.7578331019
0.7451417142
0.6124642537
0.6329196211
0.5003774875
0.6934098768
0.7237636887
0.8107245522
0.7318725950
0.6440712544
0.6477758580
0.7228880125
0.5564588778
0.5110028575
0.4921488949
0.7273208843
0.7139408601
0.6620983200
0.6089144751
0.4968798957
0.7272865298
0.9068801758
0.7141527967
0.7696931223
0.7894328695
0.7495907166
0.6681796475
0.8119053000
0.8335297291
0.7046032869
0.6251720467
0.6825055184
0.6990023790
0.7921360449
0.7223467925
0.7998943163
0.7156522943
0.6857192215
0.6977326777
0.6598066272
0.6331779723
0.8241942850
0.8228661457
0.6678945412
0.7236714495
0.6864920500
0.8304014063
0.6642448437
0.8023909111
0.7563500480
0.7076891098
0.6999930965
0.8475346982
0.7271099344
0.7698558631
0.8811761646
0.5887376869
0.8837103173
0.8294514486
0.8641868556
0.8222117016
0.7332655628
0.7209556982
0.8517827386
0.7503343569
0.7738077339
0.6948278394
0.7237818588
0.7612459785
0.7045526066
0.8597385033
0.8186985807
0.8214039132
0.7498936091
0.8741203672
0.9491215331
0.8548756348
0.8501756260
0.8759544734
0.8947181975
0.7356108154
0.9281332510
0.9306191571
0.7808562758
0.8625922943
0.8512905570
0.7797031073
1.0040843925
0.8781551169
0.7894897829
0.8576835227
0.7374682193
0.7491901374
0.8263423218
0.8029030087
0.7518798847
0.8493189107
0.8764261265
0.9005808725
0.8130812820
0.8757028433
0.9156104922
0.8912423604
0.9160565207
0.9895625893
0.8418031014
0.8759769485
0.8861951999
0.8196499241
0.9374053921
0.8275069272
1.0595497173
0.8585279419
0.8668137203
0.8334515594
0.9514397173
0.9330309976
0.8889539627
0.9531026897
0.8473198750
0.8008331483
0.8370955553
0.8771926137
0.6653192699
0.9251201487
1.1113549142
0.9844508093
0.9772121507
0.8932260711
0.8897764636
0.9533961333
0.9758360364
1.1478906646
0.7933255533
0.9430698065
1.0184372300
0.8736126560
0.8772565554
0.9401994722
0.9058362195
0.8723157122
0.9267456394
0.9352962410
0.8221281029
0.9832188923
0.9968877329
1.0556684121
0.9940736426
1.0178212819
0.8342050233
0.9940014213
0.9940018940
1.0668176364
1.0277291735
0.8997328992
0.8746132948
1.0497964582
1.1927905109
0.9702203832
0.8424944240
0.9260933625
0.9473520529
0.9235068336
1.0133252626
0.9292137655
