-1.1453093462
-1.0720420819
-1.0112831218
-0.9921080408
-1.0051675129
-1.0890425704
-1.0943534055
-0.8819750791
-1.0645799994
-1.0050871848
-0.9320374462
-0.8081433079
-0.9064858305
-1.0232413601
-1.0271000660
-0.9313077591
-0.9244520299
-0.8707969404
-1.0382877469
-0.9539653296
-0.9080122121
-0.9304029288
-1.0332249068
-0.7918917664
-0.9560215211
-0.8625652935
-1.0143337151
-0.9874516018
-0.9436485118
-0.9378699153
-0.9291637952
-0.8405653633
-0.9347984415
-1.1042560365
-0.8005291121
-0.8450008945
-0.9391465168
-1.1058856292
-0.8758563636
-0.8822285473
-0.6754322317
-0.8413348061
-0.9032700332
-0.9741492291
-0.7803919428
-0.8405372009
-0.9151300610
-0.8795447819
-0.9994241496
-0.9374885273
-0.9111874695
-1.0806489074
-0.8682909775
-0.8268038490
-0.8675202580
-0.8109733912
-0.9076397585
-0.9998954632
-0.8644838487
-0.8935644806
-0.9103949887
-0.8638703500
-1.0662931173
-0.9499337952
-0.8544476442
-0.8322274006
-0.7762719898
-0.7390293567
-0.8785431504
-0.9311722955
-0.8237956723
-0.9649793004
-0.7817871599
-0.9622591767
-0.8926463609
-0.9003589395
-0.7085567412
-0.7830725842
-0.8894110144
-0.9657740952
-0.7765110639
-0.9541580934
-1.0424456612
-0.8803317772
-0.8563883196
-0.8025839177
-0.7010625798
-0.8951308705
-0.8676466478
-0.7507676795
-0.8264035030
-0.8645260604
-0.7712108464
-0.8134378309
-0.7510560857
-0.7379078985
-0.8189210424
-0.8454739430
-0.6692003678
-0.8333992893
-0.6982327984
-0.7793301291
-0.7435111935
-0.7296293036
-0.7375200186
-0.9004886185
-0.7818562409
-0.7188064561
-0.7774944020
-0.7414068625
-0.9019472154
-0.6609562325
-0.7812721118
-0.7568315439
-0.6698179237
-0.8062005301
-0.7325511906
-0.6050509526
-0.8607364356
-0.7871090210
-0.7583295907
-0.7964805687
-0.9260215165
-0.7200298890
-0.8456052979
-0.7859709067
-0.6426660065
-0.6933503055
-0.8233860661
-0.7791204830
-0.8254135637
-0.8506456407
-0.7250202649
-0.7236346823
-0.6353062996
-0.7020251699
-0.6969954004
-0.8189836740
-0.5741871418
-0.7185322179
-0.7393959792
-0.7360211335
-0.7214872861
-0.7114708972
-0.6630668433
-0.8480342709
-0.5150598444
-0.6112195332
-0.7058092946
-0.8133883622
-0.7284000985
-0.6385515039
-0.6053366665
-0.6128492550
-0.5996931018
-0.5664338905
-0.6442494392
-0.7942988233
-0.5694587393
-0.7588019994
-0.6254211899
-0.8666435769
-0.7367011191
-0.8765668527
-0.7864851660
-0.6020729024
-0.7071064702
-0.7303983722
-0.6618391770
-0.6698188640
-0.6965788327
-0.5814007026
-0.4896473109
-0.5640164799
-0.6698942704
-0.6284816614
-0.6385162242
-0.8092150375
-0.5591225203
-0.5320425942
-0.7189260222
-0.6998211686
-0.6825538123
-0.5011118121
-0.6225618420
-0.6526715299
-0.6121711316
-0.5767766663
-0.7229867103
-0.6364492152
-0.5682312583
-0.6155713721
-0.6663965869
-0.6542595228
-0.5981678931
-0.6586141787
-0.6115299412
-0.7007545791
-0.7043762977
-0.6701578210
-0.6676786056
-0.6756331143
-0.7178819408
-0.5099535951
-0.3708315628
-0.5457598391
-0.5980107345
-0.6122514406
-0.5382558280
-0.6788158753
-0.5517016645
-0.4691066915
-0.5482021943
-0.6061665378
-0.6539876307
-0.3889608924
-0.5394805728
-0.4306133885
-0.6557441250
-0.5468723780
-0.4492896113
-0.6537408607
-0.4813876736
-0.5728912132
-0.5250880808
-0.5600505562
-0.5859642059
-0.4748404662
-0.5798476507
-0.5356688982
-0.5715967553
-0.3571200714
-0.6813628512
-0.6123902294
-0.6020160006
-0.6028036188
-0.3842158012
-0.4406947607
-0.6094212849
-0.6033267293
-0.4911574742
-0.5488753541
-0.5884448754
-0.5085772603
-0.5026736883
-0.5096472940
-0.5017218974
-0.4693943999
-0.5242372840
-0.5061362992
-0.6490762565
-0.5069163693
-0.5129227389
-0.5676154151
-0.5031313915
-0.5366843878
-0.6201770060
-0.4293019308
-0.5991120533
-0.4541786396
-0.3660984537
-0.5079883469
-0.5796454768
-0.5147428855
-0.4315941038
-0.6198642143
-0.5362005375
-0.5772047189
-0.4933256892
-0.4874478793
-0.5026836473
-0.4254361432
-0.4389472034
-0.3912498601
-0.5769977047
-0.3856414516
-0.4126739284
-0.4294186792
-0.5025986643
-0.2926021948
-0.5501449730
-0.4874731710
-0.3754710509
-0.3675508797
-0.3632615587
-0.6203340267
-0.4524067909
-0.5522500642
-0.5154860880
-0.4145978520
-0.4111665742
-0.4142842471
-0.3618734148
-0.4743779804
-0.3962313757
-0.5538396303
-0.4072452013
-0.3050885110
-0.3999741044
-0.3567591208
-0.4203565473
-0.4328732880
-0.3789208648
-0.3170810006
-0.4371996409
-0.4491262512
-0.3933548244
-0.3789231751
-0.4939046432
-0.2953896593
-0.4578588838
-0.3790122513
-0.5121176598
-0.4563308838
-0.3944512721
-0.3195589301
-0.3797029390
-0.2012477891
-0.4316780074
-0.4284435122
-0.2771307545
-0.2957901533
-0.3221177427
-0.2747200386
-0.4137566759
-0.2414887614
-0.5423814276
-0.4218093381
-0.3532775177
-0.2037329856
-0.2310286518
-0.2812665367
-0.3186053280
-0.4142873282
-0.4648525349
-0.1554550506
-0.2394541785
-0.3823559269
-0.2508258245
-0.3170126120
-0.3819051868
-0.4224893485
-0.4186046791
-0.2864064012
-0.2957428869
-0.3237003147
-0.4493221461
-0.3817681988
-0.3746542998
-0.1133376489
-0.2249889899
-0.3286850140
-0.1992592090
-0.4143142755
-0.2317632420
-0.3221830278
-0.3916924617
-0.1331610331
-0.2762693154
-0.3165573832
-0.3662966815
-0.3072446773
-0.3361409337
-0.3827298318
-0.3043368417
-0.4329819399
-0.2327866161
-0.3654866532
-0.3656132348
-0.4223018463
-0.2271923960
-0.3412239792
-0.2694920640
-0.2186918494
-0.2994688273
-0.1904317507
-0.2518511104
-0.2372111211
-0.2285936451
-0.2614273283
-0.2761191572
-0.1538829898
-0.2338275088
-0.2337073944
-0.2253961044
-0.0780530932
-0.2391429141
-0.3231706611
-0.2696789082
-0.2435798357
-0.2956872872
-0.2330616596
-0.1556623443
-0.1167844054
-0.3902119175
-0.2175920880
-0.2268000012
-0.0681357086
-0.0621013196
-0.1559554587
-0.3356848865
-0.3498076170
-0.2115942382
-0.3222746299
-0.1934790199
-0.2082271022
-0.1402894942
-0.2492569548
-0.0623289837
-0.1629909648
-0.2205067011
-0.0423420263
-0.1279598232
-0.1818595144
-0.1766801844
-0.2283757572
-0.1768822253
-0.0922678655
-0.1434127594
-0.2541380919
-0.2617202868
-0.1560507325
-0.2001716724
-0.2256267506
-0.1268834833
-0.1954353937
0.0146217367
-0.2733724322
-0.0660109052
-0.1767533938
-0.2171746294
0.0207908230
-0.0431581499
-0.0875183920
-0.0382257193
-0.0907677395
-0.1403934836
-0.1775759829
-0.2253478101
-0.0583038872
-0.1511813588
-0.1868818751
-0.0544208900
-0.1202592821
-0.0956405480
-0.1502771778
-0.0463461792
0.0095987765
-0.1612584000
-0.0932204917
-0.1441974073
-0.0038118841
-0.0765070105
-0.0556165535
0.0118894665
-0.0355239038
-0.0665296928
-0.0625711371
-0.0672939972
-0.0403532582
-0.0462596975
-0.0083947859
0.0245358274
-0.0534928981
-0.0284983079
0.0484928796
-0.1049670688
-0.1361075432
-0.1226745454
-0.1427935378
-0.0551510576
-0.0270058592
-0.0354696250
-0.1386815314
0.1530129624
-0.0071899564
0.0070894319
-0.0722918289
-0.0628895132
-0.2053337956
-0.0638046612
0.1360234340
-0.0139400507
0.0411748299
-0.1477149207
-0.0872744849
-0.0340890094
0.0057627833
-0.1305166194
-0.0591293868
-0.0522547876
-0.0011088342
-0.0296755172
0.0122426624
0.0241014134
-0.0218328166
0.0869590039
-0.0515547577
-0.0891601586
-0.1137367734
0.0902231880
0.0001711229
-0.0408195081
-0.0118163794
-0.1004948779
0.0665723374
0.0075478195
-0.0200650715
0.0988838332
-0.0831714830
0.0188980028
-0.0351605144
0.0613682425
0.1555448312
-0.1138125779
0.1106352363
0.0622866016
0.0140435446
0.0420743131
0.2080843337
0.0739499062
0.0265670832
0.1285672402
0.0945733413
0.0552146396
0.2021148367
0.1135652912
-0.0533609239
0.1235086454
0.2072966377
-0.0446923025
0.0414531900
0.1549914236
0.0876141685
0.2530599307
0.1163444847
-0.0193173174
0.0006452695
-0.0194008576
0.0135559987
-0.1507938517
0.0821520401
0.0207330131
0.0298244615
-0.0161747088
0.0022656989
0.2656986675
-0.0429130075
0.1495492130
-0.1386646829
-0.0929884552
0.0187386995
0.1218620223
0.1150112362
-0.0232239272
0.0991874773
0.1714489436
0.2156810948
0.1499513234
0.1586111734
0.1042551849
0.1384862928
0.1504706272
0.0701074876
0.2201267770
0.1397778784
0.1261001823
0.3033980167
0.1653884125
0.2018284657
0.1483293031
0.0579055482
0.3317202633
0.0974150262
0.1306453332
0.2047859607
0.1081022703
0.1895392880
0.2349714645
0.1700089757
0.1882768554
0.0837333744
0.2273178655
0.2300948267
0.0419547925
0.0515258882
0.1667792224
0.1678762966
0.1016740169
0.2326629365
0.1695817690
0.1622283641
0.2124785151
0.2228113195
0.2417484689
0.1010248287
0.2935601288
0.1162933827
0.4155649431
0.1627017319
0.2548947540
0.2818237665
0.1808225799
0.2817939349
0.2438771957
0.1217810642
0.4305132617
0.3040962677
0.1940425565
0.3165244228
0.1839216680
0.2506317768
0.1394224249
0.2505893068
0.2908801449
0.3197245366
0.0252349091
0.1988588134
0.1956861752
0.2156390800
0.2222562254
0.2402909478
0.2434847288
0.2471623270
0.3117524037
0.4316342097
0.2440220939
0.2005255439
0.1434311821
0.2688027418
0.3671507571
0.2196217435
0.2112021123
0.2023279754
0.3226163029
0.3164549994
0.3693103064
0.4646068201
0.2603589451
0.3699475961
0.2941222076
0.4204032724
0.4069382045
0.2999726906
0.2485423315
0.3800001835
0.1248523644
0.2912339964
0.3256051162
0.3706096888
0.3232364535
0.1490367616
0.3085289024
0.2516790661
0.2876123205
0.1462303650
0.2824877382
0.1982653898
0.2597121912
0.1381738826
0.2529142224
0.2701366531
0.2466209067
0.4546711971
0.2488312575
0.3841526391
0.4290883110
0.2922215030
0.4153461653
0.3379129635
0.4352780799
0.3170994278
0.3572354734
0.3543099374
0.3489268532
0.3946236645
0.3132982222
0.4087166404
0.2860878155
0.4548926628
0.3293413447
0.2929826236
0.4531916112
0.3522073962
0.5486103575
0.4750147581
0.3312892497
0.2852678521
0.3530221238
0.4365330558
0.3219227024
0.3968059478
0.3446667241
0.4464784017
0.4313346114
0.2383648013
0.1834422319
0.3553862960
0.5379370242
0.4444227161
0.4733557574
0.3487830662
0.3652520163
0.4726646627
0.3481550649
0.3608282633
0.2107800105
0.3809328394
0.3913593899
0.4247722323
0.4770008295
0.3943299941
0.5705150343
0.4659644744
0.4487644258
0.3916558805
0.5216208909
0.2775059361
0.4773899348
0.4354665492
0.4480747604
0.5205649444
0.4406401895
0.4770958433
0.4195832453
0.3359852970
0.4331550568
0.4250894403
0.3482924069
0.5176116147
0.4243058588
0.6375745346
0.3835787912
0.5218011950
0.4125658732
0.4526146324
0.4112825860
0.5003750669
0.4849429393
0.4397730736
0.5668986999
0.3022779630
0.4836036390
0.4548520822
0.4976052363
0.4580243613
0.4474607702
0.4744731346
0.4706519962
0.4675430314
0.4572396724
0.5195291708
0.4389169730
0.4485248412
0.5076746403
0.4129268906
0.3929289491
0.4833277298
0.3551779470
0.6163028409
0.4488460635
0.5864056045
0.5233969776
0.5177137786
0.5773907934
0.5093549228
0.4074896695
0.6397959863
0.3982730711
0.4841780527
0.4825821940
0.5084740788
0.5471641546
0.5312944375
0.6408748728
0.4736126126
0.5019063100
0.6164573584
0.4587692597
0.6007259023
0.5913290976
0.6213390352
0.5000959928
0.4088310138
0.6811137817
0.5397878361
0.6031925921
0.6424001366
0.5367326737
0.6484686434
0.4912695326
0.6470723380
0.6003185937
0.5771195266
0.6911750463
0.4954807219
0.5556825689
0.4838556092
0.4905298427
0.7284300065
0.6161248926
0.6322286585
0.5906677045
0.7078628414
0.6140694328
0.5663562129
0.5888278022
0.6698529929
0.6520377312
0.6019290933
0.6546781576
0.7843274484
0.4591365930
0.6124129076
0.6730526338
0.7427128137
0.5512937888
0.6972877756
0.5922358152
0.5887724029
0.5627255788
0.6396150941
0.6045864640
0.7592028710
0.8840211696
0.5240649252
0.6021528158
0.5036640597
0.6538874190
0.7515098425
0.7424332038
0.6356980508
0.6591438461
0.6925432606
0.6097451775
0.7380704543
0.7165996609
0.6810027219
0.7811293975
0.7479869881
0.6480417545
0.6904628396
0.7768820545
0.6830913931
0.7397705435
0.5988155463
0.6050341104
0.6892462799
0.6618101208
0.8454527200
0.7764971087
0.8608483239
0.6748103036
0.7266247396
0.6125226164
0.5077516812
0.6675013696
0.7274864347
0.8083590854
0.7463392660
0.4818714287
0.6510181468
0.8309669105
0.7062758922
0.8142293436
0.7371131228
0.7692717088
0.8908548504
0.6282235983
0.6818871622
0.8266442684
0.6792431252
0.7613564215
0.7244939263
0.7614490583
0.6227470574
0.8189067970
0.6951421035
0.5861429098
0.6520442117
0.7058838086
0.7892107795
0.7035452005
0.7309632004
0.7335717956
0.7629163184
0.8724881118
0.7383768667
0.7813178441
0.8195717619
0.7043620874
0.7958846780
0.7863082366
0.8187324435
0.8871771890
0.8089932963
0.6861547713
0.7438636275
0.7292961357
0.6920951927
0.7971105202
0.7221185883
0.8364268120
0.8577248995
0.8115030214
0.8164352156
0.9521914259
0.8363260090
0.9869278586
0.8548439822
0.6218917614
0.8058807708
0.7829593545
0.8433508467
0.7820145286
0.8066815823
0.8339922087
0.8867098297
0.7267981930
0.8086448206
0.9616280639
0.8480016064
0.9674565214
0.8159918408
0.9172381047
0.9556674653
0.7037820464
0.7578906087
0.8198366538
0.9365705067
0.8591861774
0.9577790447
0.9676484441
0.8273573053
0.8193050319
0.7571552246
0.8470323460
1.0582159074
0.9843300347
0.9923852544
0.8149865296
0.8751253739
0.9654314417
0.9631005467
0.8371189415
0.9083379818
0.8381947141
0.8943408748
0.8502045380
0.8134480175
1.0242132044
0.8387771420
1.1880041212
0.9924228507
0.8277698588
0.9578679713
1.0690021734
1.0218176306
0.9160722392
0.9102973104
0.8448158275
0.9617226846
0.8336413864
0.8688443402
0.9843779936
0.8215365726
0.9019875226
0.7882592426
0.9619957505
0.9698467395
1.0786365131
0.9747028393
0.8814821185
0.9274474620
0.8148842573
0.9301156454
1.0863655534
0.9152490397
1.1045995830
1.0623824441
1.0459611381
1.0777176175
1.0014916361
0.9235017469
1.0363053970
0.9901291151
1.0471338200
0.9186057890
1.1093638984
0.9471035729
1.0243587325
1.0546381833
1.1543320789
1.0255409176
0.9695881474
1.0561557543
0.9166828333
1.0493415183
1.1236309067
1.1099881175
