-0.8854230436
-1.0256553830
-0.9755814220
-0.9420091587
-0.9644472518
-0.9430933074
-1.0251266632
-0.9133193567
-0.9634482091
-1.0046405068
-1.0345079801
-1.0002609478
-1.0748008917
-0.9702677082
-0.9501775275
-0.9621187166
-1.0003271153
-1.0328989610
-0.9072301586
-0.7320277005
-0.9919102389
-0.8725391459
-0.9184618417
-1.0128678713
-0.9418524491
-0.8968059273
-0.9934177160
-0.8085153954
-0.9880978704
-0.9025790195
-0.9795256975
-0.8503157514
-0.7662348225
-1.0424479636
-0.8589396303
-1.0160708125
-0.9177525153
-0.8130667658
-0.7716628185
-0.8059474452
-0.8938588574
-0.7546714408
-1.0391917705
-0.9406503937
-0.9368990222
-0.7222411517
-0.8556824246
-0.8649031846
-0.9307501700
-0.7977158610
-0.7775475336
-0.9135831483
-0.9470437819
-0.8449790586
-0.8802560150
-0.9863034717
-1.0644922796
-0.8175112457
-0.9698889738
-0.7627985847
-0.8649366294
-0.9668791475
-0.8491374772
-0.8073328966
-0.9187696166
-0.9176323082
-0.8706349861
-0.9163687738
-0.9169076757
-0.8225449600
-0.9279621038
-0.7603962918
-0.7236243339
-0.7659709029
-0.9694914457
-0.9625963276
-0.8055236267
-0.8487918089
-0.8375924699
-0.7880247148
-0.7868135010
-0.7492051711
-0.8005325256
-1.0055690821
-0.7150677766
-0.7183261146
-0.7874030685
-0.9779839967
-0.9524814723
-0.7867954662
-0.8308807651
-0.5445392658
-0.6846228859
-0.8827827974
-0.9293974954
-0.7757682685
-0.7824188492
-0.7981054820
-0.8248771352
-0.8321005508
-0.8550149610
-0.8534810529
-0.7611371475
-0.8662034357
-0.8439106125
-0.8143442495
-0.9049655864
-0.9766883193
-0.8812364304
-0.7207533077
-0.8297132660
-0.8476285190
-0.7589158238
-0.8223184099
-0.8398531148
-0.6855509673
-0.6778703398
-0.6214394142
-0.8331862451
-0.6042498383
-0.6005844328
-0.6897045185
-0.8074084674
-0.6906436465
-0.7400774050
-0.5769340250
-0.6014976386
-0.6025501859
-0.9288033747
-0.7070344161
-0.6910074429
-0.6705447183
-0.7216753236
-0.7557444388
-0.7143940588
-0.7907417229
-0.6070714943
-0.6906129793
-0.7152284068
-0.6637513214
-0.7829016564
-0.6637586590
-0.7140293423
-0.7937580866
-0.6472601225
-0.8129286753
-0.7030690305
-0.7367797220
-0.7839738400
-0.5268020010
-0.7029256221
-0.7976829396
-0.5782346119
-0.6462300971
-0.6704722147
-0.6706361480
-0.7386540076
-0.5817413352
-0.6926374190
-0.8088898352
-0.8113441778
-0.5933120106
-0.5296353593
-0.6933132882
-0.5692243516
-0.7279496519
-0.7281062616
-0.6772991139
-0.6093247676
-0.7888262358
-0.7284274772
-0.6535022001
-0.7181636037
-0.6369296656
-0.6085073289
-0.6956427099
-0.6360021689
-0.6410650839
-0.6747435282
-0.5783551609
-0.6243920016
-0.5168631441
-0.7264750536
-0.5862026821
-0.7144976329
-0.7462736869
-0.5160184806
-0.6394261546
-0.5873803955
-0.6851676058
-0.6650596069
-0.6907408469
-0.7122893039
-0.6871152319
-0.6702524081
-0.5745463820
-0.6238801990
-0.4589359998
-0.6116198639
-0.5994879941
-0.5091260191
-0.5243202258
-0.4867873164
-0.5390381150
-0.5996021810
-0.5664325887
-0.6894264846
-0.5165655625
-0.5229799159
-0.5567523487
-0.8274298817
-0.6442876143
-0.6183964528
-0.5946372298
-0.3841592479
-0.4371280495
-0.5331146636
-0.5255759260
-0.5569846834
-0.5923839936
-0.6108512403
-0.6197819829
-0.4999107319
-0.5529689266
-0.6074265028
-0.5037417662
-0.6457698625
-0.4989239231
-0.5575500387
-0.5277810677
-0.3324623836
-0.6033115602
-0.5935597260
-0.5832941680
-0.6254020372
-0.5129656212
-0.5094644335
-0.4974161795
-0.5356941215
-0.4954607929
-0.5586505164
-0.5963854863
-0.4661380798
-0.5054709979
-0.5048881418
-0.5324750567
-0.5378406095
-0.5410744115
-0.4460556015
-0.5389401621
-0.4368755505
-0.5367038219
-0.4472710859
-0.5023164759
-0.5513008677
-0.4950815956
-0.3083306983
-0.4604250063
-0.5803472089
-0.4055949720
-0.3592538501
-0.4623294499
-0.4672192016
-0.3619906164
-0.5444943725
-0.6113590940
-0.4856830335
-0.5180033528
-0.3939245435
-0.3800699666
-0.3782264595
-0.3803648809
-0.4072669461
-0.4358780081
-0.5572597959
-0.5058478573
-0.3884323335
-0.4426438791
-0.4104003353
-0.3564454203
-0.3179922141
-0.5586079946
-0.3663282608
-0.3568766521
-0.4796290976
-0.4177069564
-0.4067011205
-0.4059173249
-0.4724563544
-0.4011602943
-0.4846484008
-0.4644415175
-0.5294450119
-0.3776422312
-0.5575769590
-0.3253675410
-0.3363460218
-0.4642026877
-0.2937976548
-0.3843784133
-0.3800422549
-0.4425596381
-0.4321603198
-0.3140718025
-0.2395997523
-0.4609473746
-0.3633299750
-0.4267714175
-0.3503127746
-0.3083254585
-0.4707495525
-0.3861310194
-0.4670208160
-0.3451167946
-0.3771311457
-0.2758033312
-0.5493646610
-0.2721259111
-0.4200346257
-0.2489251565
-0.2697234448
-0.3411947530
-0.2611962639
-0.3089800875
-0.2886148603
-0.3889620841
-0.3811624664
-0.5213228197
-0.3542058905
-0.2891352663
-0.2756539330
-0.4525383849
-0.3436858897
-0.4317664860
-0.3497290270
-0.2349701195
-0.4133570916
-0.3284746308
-0.2561774528
-0.3389967988
-0.3253395527
-0.1854373147
-0.2205658240
-0.1104645609
-0.4421325493
-0.3579119128
-0.2854223698
-0.3170122390
-0.2713295965
-0.3198733890
-0.3029512841
-0.3396635775
-0.2034445486
-0.2087191846
-0.3733162569
-0.1906940117
-0.4196745578
-0.3421214723
-0.3644986205
-0.2772796714
-0.2920645225
-0.2976569281
-0.2335688390
-0.3841170497
-0.4842933544
-0.4154650865
-0.2465807388
-0.3167191871
-0.1157262217
-0.2800211771
-0.1961166083
-0.2322317284
-0.1874045603
-0.2328208788
-0.3006633323
-0.2000934405
-0.2271785367
-0.3176446638
-0.2012138729
-0.2075181685
-0.3590239146
-0.1102983550
-0.3063356720
-0.4055212429
-0.3134438251
-0.2709961003
-0.1546706149
-0.1453698784
-0.1216610970
-0.0101943533
-0.2941591737
-0.3443872401
-0.1767137129
-0.3093848588
-0.1810187546
-0.2232838894
-0.1783207621
-0.2800486993
-0.2695960650
-0.3048984277
-0.2727456408
-0.2034896177
-0.1101192517
-0.1793517799
-0.1055429207
-0.1313067496
-0.2913207114
-0.0215929458
-0.1894378946
-0.1290971234
-0.1823766900
-0.1177993050
-0.0784183174
-0.0723151880
-0.2849101689
-0.2458349327
-0.0856478272
-0.3047168083
-0.1862471294
-0.2325286998
-0.2951284081
-0.2214588859
-0.0867334598
-0.0911599512
-0.0180106155
-0.2142951170
-0.2066896738
-0.1118496721
-0.0909543942
-0.0825421713
-0.1618521336
-0.1608597045
-0.1138640588
-0.0650976864
-0.0252269862
-0.1491094641
-0.0595752738
-0.0216588679
-0.2535814036
-0.0698290454
-0.0369492900
-0.1084000388
-0.0989361676
-0.0449916061
-0.0349371640
-0.1383932467
-0.0772287501
-0.0624159672
-0.1146992149
-0.0292985128
-0.0360512319
-0.1146458028
-0.1670054638
-0.0044298510
-0.1107893819
-0.1093620069
-0.1228737519
-0.0241391925
0.0168574591
-0.1178822096
-0.1198462278
-0.0742266484
-0.1307089893
-0.1352537643
-0.0967695201
-0.1390403524
-0.0048409290
-0.0302765292
-0.0713609610
-0.1277548759
-0.1905346121
-0.1514863136
-0.1229781269
-0.1340316336
-0.1261988988
-0.0476728111
0.0026070135
0.1020351256
-0.0542923967
0.0285787842
0.2068753344
-0.0061746276
0.0188497481
0.0863612129
0.0467291938
-0.1640764605
-0.1671751202
-0.1259509245
-0.0252509660
0.0753250847
-0.0566522697
0.0728288931
0.0265659561
0.0172871264
0.0502036432
-0.0327636748
-0.0167415051
-0.0022665916
-0.1394184973
-0.0793419069
-0.0676743777
0.0512247953
0.1495248839
-0.0208406329
-0.0803322622
0.0523435623
-0.1014410339
0.1197351380
-0.1288587258
0.0337459949
0.0118086169
0.1830908623
0.0126660658
0.0293680942
0.0235274451
0.1051072836
-0.0192223033
-0.1338802488
0.1129647301
-0.1507765039
-0.0343244747
0.0110566221
0.1195872424
-0.2109440505
-0.1018892325
-0.0222235914
-0.1055841256
0.0896040893
-0.0551860494
0.0364359631
0.0982420729
-0.0505162278
-0.0220845253
-0.0834600524
0.0614625242
0.1063685489
0.0456952310
-0.0259103380
-0.0050977145
0.0730165666
0.0960435249
0.1003775239
0.1010826943
0.3328866548
-0.0854801179
0.2450362652
0.1514006452
0.1663913504
0.0278935721
0.0738752841
0.1731964671
0.0072979055
0.0694721351
-0.0310535748
0.1119221374
-0.0736374198
0.1479665538
0.1375789607
0.1024339294
0.1006703917
0.0720454147
0.1319253150
0.1353715094
0.1531442682
0.0731513199
0.1024754610
0.1618916737
0.0574501059
0.1583042485
0.1343060413
0.2785037800
0.0400834856
0.2054224244
0.1653736813
0.0078026720
0.1356514024
0.0263123378
0.1417281165
0.2128802236
0.2523216421
0.1126585406
0.1657020638
0.1817018000
0.2035385732
0.0873677315
0.1034744943
0.2758851899
0.1690866837
0.0784446030
0.1685654476
0.2203485942
0.3155660175
0.2570331881
0.1665951758
0.2693414638
0.0719468209
0.2329592356
0.2743754753
0.2652482958
0.1848987346
0.0534671056
0.2598617551
0.1710635125
0.3133573469
0.2671128683
0.1172311143
0.1777932555
0.3308829194
0.0775792445
0.2562838013
0.1446071481
0.1358023214
0.3217507863
0.2994909435
0.2602057250
0.1865206753
0.2457003037
0.0717520844
0.2752552937
0.3736495660
0.3967859734
0.1218080579
0.3937281993
0.1868874483
0.3026178728
0.1980005722
0.1855024146
0.1758569111
0.2261160940
0.2735063767
0.4206082772
0.2696702047
0.1225514900
0.2267087480
0.3075366398
0.2744214896
0.3497965787
0.3073940934
0.3289141132
0.2801041675
0.2501619338
0.1454744868
0.2635527589
0.1404207758
0.2737341726
0.4292553894
0.3829124716
0.1994868492
0.3481777221
0.4661256275
0.1969503722
0.2872360775
0.1499778674
0.3210738939
0.1765492608
0.2566079095
0.3298882251
0.1895049915
0.2921389073
0.2627768409
0.3096140741
0.3718494258
0.2799044875
0.2143461217
0.2604034154
0.2771409230
0.3310512768
0.3261029549
0.2361832815
0.3508474273
0.4495121500
0.2835034434
0.3689966873
0.3242693486
0.2342777909
0.3253489444
0.4568383882
0.3105193383
0.3263728523
0.4061247379
0.3884747604
0.3109538724
0.2611147454
0.3098126683
0.4304273121
0.3730252858
0.4572930643
0.3835134436
0.5081741984
0.4015039436
0.3365336062
0.4451636312
0.3045454357
0.4097496649
0.2267159343
0.4512628660
0.3959965685
0.3610594709
0.4755329201
0.3058445048
0.4253744250
0.3354962608
0.4914647141
0.4458466058
0.3283098622
0.5300312225
0.3898873660
0.3828070221
0.4124626617
0.4211427485
0.4395578267
0.3758174304
0.3595904893
0.4403528257
0.3618698382
0.2509232313
0.4436512650
0.4179794840
0.4192276771
0.4465478041
0.5200827620
0.4314751885
0.4025468047
0.6022580261
0.5090661656
0.4765024779
0.4658823321
0.5065539293
0.5255542234
0.3626782169
0.4687797115
0.5273827632
0.3543400721
0.5661590505
0.6102298413
0.5391625292
0.3195509525
0.3935147727
0.5029765176
0.5462559275
0.6362803622
0.5248369106
0.5390394896
0.4213051580
0.3723013289
0.5205546269
0.5637572867
0.4719868227
0.6107807180
0.5842016527
0.4171970429
0.6714662311
0.5036658152
0.5229009053
0.5647015267
0.4805741187
0.5158759521
0.6568530299
0.5543072361
0.4174337605
0.5194715451
0.5360137728
0.5289464697
0.5971178066
0.5174315135
0.7572515278
0.5136117513
0.5451123188
0.3669485427
0.5099825226
0.4626259242
0.5442349634
0.5679711761
0.5806671036
0.4314912737
0.6597336646
0.5822764041
0.4701403927
0.7237582608
0.6289092288
0.6089876357
0.7128554547
0.5026743887
0.5826659556
0.5928940539
0.4748726371
0.5993617235
0.5991632439
0.6337916984
0.6544765875
0.5352996543
0.4414694500
0.5539336974
0.4855103490
0.4658180463
0.6792323498
0.4005110927
0.5354462037
0.4307127628
0.5616058773
0.6506761629
0.5847296095
0.6307248138
0.6587185680
0.5040646793
0.5730196615
0.6851837857
0.5937698434
0.5460389156
0.5439421869
0.7587865222
0.5828745011
0.5705135008
0.6406111530
0.6730897176
0.4522639141
0.6204695930
0.6154247703
0.6463328877
0.7678985150
0.4519772224
0.6020842039
0.7398552114
0.7665376257
0.5812078897
0.5532432736
0.6049961813
0.8690358018
0.6369033268
0.6250842281
0.7522078731
0.5309645086
0.7251916914
0.7429109091
0.6125276048
0.6636026865
0.6733292252
0.5874172090
0.7169346930
0.7702312097
0.7362969359
0.6528257204
0.5975361095
0.6901219236
0.5962254835
0.7701815420
0.7075480607
0.6918096793
0.7322254520
0.7858328702
0.6961556123
0.7528141865
0.6449013996
0.5546546561
0.7297461347
0.6332639234
0.6977722144
0.6176475783
0.7387534214
0.7960503238
0.7433063323
0.6742496130
0.6332808941
0.6653022274
0.8256086962
0.7354398854
0.8550021375
0.9133247643
0.8105470803
0.7798093773
0.6777305522
0.7079106709
0.6326209137
0.7169202652
0.8661018438
0.8501066849
0.8317367871
0.6761896419
0.6361718120
0.8101963950
0.7696091966
0.7467968487
0.7680538078
0.7797066613
0.8262755474
0.7040484916
0.9118932626
0.8042495485
0.8502976066
0.7300546612
0.8001053465
0.9302575417
0.7062149432
0.7412433311
0.8057033530
0.8110475465
0.6788205296
0.7891058858
0.7903043416
0.8424687417
0.7023765207
0.6855610519
0.8162543906
0.7546664043
0.8152002969
0.9550778321
0.7731857039
0.8437964653
0.9138634008
0.8203733058
0.9272947686
0.7752339450
0.9216050238
1.0147375221
0.7877504729
0.8025297719
0.8045744213
0.8997425091
0.8508335694
0.8359723694
0.8443652618
0.7702249054
0.8949429755
0.8165916787
0.8470341023
0.9419332352
0.8816943771
0.7803781703
0.9392643407
0.8428033874
0.8473019519
0.7662037153
0.9842301778
0.7645098781
0.8962013857
0.8722797560
0.8604886673
0.9233577246
0.9743472997
0.8821013289
1.0048844522
0.8195489655
0.8408991232
0.9151001094
0.8057047566
0.8880218079
0.7363793543
0.9445171335
0.9761515452
0.8080822424
0.8145379296
0.9613715039
0.8819885096
0.9700586042
0.9146010094
0.8184959267
0.8403190792
0.8377210759
0.8437143868
0.9395753611
0.9258112019
1.0339894023
0.8598282604
0.9090458759
1.0118968023
1.0858164012
0.9455859639
0.8953744087
0.8787154715
1.0164254859
0.9061161011
0.9613444276
0.8999638746
0.9061993024
0.9084425733
0.8754408964
1.0045823477
0.9938583137
0.9371604812
1.0614690274
0.8728690470
0.9468347165
0.8662192466
1.0484023222
0.9482605185
0.9098509213
1.0033580242
0.9684857343
1.0356486689
0.9806576920
1.0552803182
1.0973775966
1.0591818036
0.9993033240
1.0314095340
0.9078682027
1.0582415970
1.0525858639
1.0339762505
1.1220909877
