-0.8840645525
-1.0125103366
-0.9882828620
-0.9459515460
-0.9693874428
-0.9379367428
-1.0156359706
-0.9177806575
-0.9521282104
-0.9783799630
-1.0256484916
-1.0049912061
-1.0896031700
-0.9880669945
-0.9606620938
-0.9562444035
-1.0283605165
-1.0258438408
-0.8872372031
-0.7207009629
-0.9913494391
-0.8806571497
-0.9360276351
-1.0033761460
-0.9089608132
-0.8940760600
-0.9956663801
-0.7888161189
-0.9822831735
-0.8971230697
-0.9840348365
-0.8580825604
-0.7744054752
-1.0758165841
-0.8656717457
-1.0048511883
-0.9244865021
-0.8191071666
-0.7613489986
-0.7969129309
-0.9144524909
-0.7550320715
-1.0141095309
-0.9209832869
-0.9501735067
-0.7006745844
-0.8358065971
-0.8446642452
-0.9635450142
-0.7917085788
-0.7823722674
-0.9102392602
-0.9467130177
-0.8385428378
-0.9034888448
-0.9823818132
-1.0570388332
-0.8202562285
-0.9573139570
-0.7954291712
-0.8539592985
-0.9773727664
-0.8618391818
-0.8139702208
-0.9355584846
-0.9221731322
-0.8656635579
-0.9126516542
-0.9157858674
-0.8282204749
-0.9452649404
-0.7588935923
-0.7145899224
-0.7751882078
-0.9704821446
-0.9356983705
-0.8204569722
-0.8564239934
-0.8200805472
-0.7892398852
-0.8196570525
-0.7325615663
-0.8065641665
-0.9961068936
-0.7297715237
-0.7216202807
-0.8026088362
-0.9575878719
-0.9608377863
-0.7814493177
-0.8337303951
-0.5523059728
-0.6757489205
-0.8711145623
-0.9273763304
-0.7599841040
-0.7827293823
-0.8096734470
-0.8229541829
-0.8442019158
-0.8635557768
-0.8426190342
-0.7210672836
-0.8533110686
-0.8356691360
-0.8168297386
-0.8932558823
-0.9649760316
-0.8959704857
-0.7343870368
-0.8121070032
-0.8701561417
-0.7546486105
-0.8032117199
-0.8140700000
-0.6662465133
-0.6628402768
-0.6137979676
-0.8111752345
-0.5955190595
-0.6001069924
-0.6813332261
-0.7926084331
-0.6657372228
-0.7307155441
-0.5797374848
-0.6086382812
-0.5974430186
-0.9088729467
-0.7009839778
-0.6877740743
-0.6469580680
-0.7157117110
-0.7484103792
-0.7349935910
-0.7622753825
-0.6139369264
-0.7042442553
-0.7178186768
-0.6755442400
-0.7851504006
-0.6838443175
-0.7224093453
-0.7984108310
-0.6488613912
-0.8075722884
-0.7013080297
-0.7166163722
-0.7731066751
-0.5252212857
-0.7189920173
-0.8049680697
-0.5756145816
-0.6773334205
-0.6656234859
-0.6689774112
-0.7216196590
-0.5954875256
-0.6921845712
-0.8000514903
-0.8061339334
-0.6114397638
-0.5114761583
-0.6712364097
-0.5929817847
-0.7359499391
-0.7501029784
-0.6758354569
-0.6312203313
-0.7987666554
-0.6960135728
-0.6629023705
-0.7069728886
-0.6334660901
-0.5797494317
-0.6884764964
-0.6396338065
-0.6327929215
-0.6743834630
-0.5853680009
-0.6268313269
-0.5059642598
-0.7045418562
-0.5555221208
-0.7141877545
-0.7370849482
-0.5199448370
-0.6458001123
-0.6090738819
-0.7000832367
-0.6829217298
-0.6947991417
-0.7120055470
-0.6986590999
-0.6819409276
-0.5674380868
-0.6251355986
-0.4547947484
-0.6125216649
-0.5697747742
-0.5179989826
-0.5414566083
-0.4930333688
-0.5241701001
-0.6102417075
-0.5512211700
-0.6780792048
-0.5298946459
-0.5406958487
-0.5438138797
-0.8117186763
-0.6536627281
-0.5962359865
-0.6042979654
-0.3788776615
-0.4565549191
-0.5208384221
-0.5130999932
-0.5395399381
-0.5931943548
-0.6226299019
-0.6352000551
-0.4992706232
-0.5478987255
-0.5971235975
-0.5317688412
-0.6308015680
-0.4754785303
-0.5696193678
-0.5188926629
-0.3296301112
-0.6145116584
-0.5918410758
-0.5924122764
-0.6266936279
-0.4930629247
-0.4884164264
-0.5111650845
-0.5571211315
-0.5093942558
-0.5368436746
-0.6001999765
-0.4312158351
-0.5169416634
-0.4951409660
-0.5505101218
-0.5568109229
-0.5282295739
-0.4729229680
-0.5472177280
-0.4278243225
-0.5211203534
-0.4381932601
-0.4941017026
-0.5421263355
-0.4873337057
-0.3086711605
-0.4551352667
-0.5933164748
-0.4115948621
-0.3504476219
-0.4701225638
-0.4554457248
-0.3821942824
-0.5291340994
-0.5955361195
-0.5046635891
-0.5428172422
-0.3864114394
-0.3740142419
-0.3795642213
-0.3718423539
-0.4179240519
-0.4552542284
-0.5665100007
-0.5233253332
-0.3866748875
-0.4394491492
-0.4388550935
-0.3528027738
-0.2965212154
-0.5343110701
-0.3752041518
-0.3566779679
-0.4826447122
-0.4064596467
-0.4069664007
-0.4010174737
-0.4533996765
-0.4156555245
-0.4925941264
-0.4961719752
-0.5329830497
-0.3768223111
-0.5526064883
-0.3092690118
-0.3391195686
-0.4558392253
-0.2950371767
-0.3944986345
-0.3811886181
-0.4145379573
-0.4193162726
-0.3152527317
-0.2471588217
-0.4423722270
-0.3666730297
-0.4343635659
-0.3701242548
-0.2988338976
-0.4906002944
-0.3790021321
-0.4646227357
-0.3364043550
-0.3507138022
-0.2888793511
-0.5352081200
-0.2612249171
-0.4047839235
-0.2480972051
-0.2859601060
-0.3404934985
-0.2269303795
-0.2874921600
-0.2876616551
-0.3811231503
-0.4034595848
-0.5281487789
-0.3534180375
-0.2891385218
-0.2586838225
-0.4523967628
-0.3560257784
-0.4328375224
-0.3567999029
-0.2298971141
-0.4322982141
-0.3529998308
-0.2590580011
-0.3299136341
-0.3349425608
-0.1815090051
-0.2109650263
-0.1188007660
-0.4262311089
-0.3771120348
-0.2895556571
-0.3417075806
-0.2936415184
-0.3192689102
-0.2813358808
-0.3404799335
-0.2471629821
-0.2125412679
-0.3729420643
-0.2218748583
-0.4228862963
-0.3497674937
-0.3855946983
-0.2874334805
-0.2908841769
-0.3239000901
-0.2161957570
-0.3532203358
-0.4857233491
-0.4191165065
-0.2537978374
-0.3278685732
-0.1113741547
-0.2861898427
-0.1917687416
-0.2189781719
-0.2161622872
-0.2430949260
-0.2958975502
-0.2245081106
-0.2638388581
-0.3387270246
-0.1855599738
-0.2456964297
-0.3502532380
-0.0886153748
-0.3194208181
-0.4167488248
-0.3183412828
-0.2488424737
-0.1463947342
-0.1131911742
-0.1200716627
-0.0007409250
-0.2868119756
-0.3359994562
-0.1327143650
-0.3029835402
-0.1598704117
-0.2303996518
-0.2088439905
-0.2637247901
-0.2798342736
-0.3511055194
-0.2593981935
-0.1848566866
-0.1227453674
-0.1830992249
-0.1175403516
-0.1347967243
-0.2961070862
-0.0068554584
-0.1812533517
-0.1415940599
-0.1824512420
-0.1267559686
-0.0658429966
-0.0607013828
-0.2697702117
-0.2375353405
-0.1022185930
-0.3164113436
-0.1707159887
-0.2251604550
-0.3049973475
-0.2187072596
-0.0820567405
-0.1051382661
-0.0006637866
-0.2017604740
-0.2217127743
-0.0833153174
-0.1115292017
-0.0778006230
-0.1749065936
-0.1758365019
-0.1210764997
-0.0734339451
-0.0432093817
-0.1553092471
-0.0590398712
-0.0112123705
-0.2771684930
-0.0777770079
-0.0082511770
-0.1014555368
-0.0886461050
-0.0520128556
-0.0443078648
-0.1457847400
-0.0610652368
-0.0777969982
-0.1243211221
-0.0156769504
-0.0442048811
-0.1150960338
-0.1745709633
-0.0015507691
-0.1185458178
-0.0934951572
-0.1287958725
0.0140526930
0.0287868858
-0.1292548865
-0.1334008310
-0.0792429211
-0.1433807044
-0.1592701463
-0.0709606341
-0.1234278287
0.0109761355
-0.0381398046
-0.0745234308
-0.1330265165
-0.1754438691
-0.1476098704
-0.1295198175
-0.1275597449
-0.1208833868
-0.0457739632
-0.0119929061
0.0970151293
-0.0527855139
0.0248975645
0.2256043279
0.0012305115
0.0135591278
0.0661717613
0.0482795694
-0.1674064308
-0.1368252400
-0.1061892070
-0.0075972477
0.0636401632
-0.0850502000
0.0570629244
0.0130767303
0.0231383857
0.0721569554
-0.0269480686
-0.0143586578
-0.0238295715
-0.1398811628
-0.0779937616
-0.0758744348
0.0649840004
0.1454480373
-0.0401233832
-0.0734578253
0.0452935788
-0.0902135481
0.1102734607
-0.1558359257
0.0509507093
0.0034823572
0.1916578419
-0.0032505823
0.0313489876
0.0241549404
0.0951718856
-0.0312274697
-0.1533098783
0.1264260208
-0.1184887547
-0.0502007223
0.0034118157
0.1308241971
-0.2257343248
-0.1034078565
-0.0183308485
-0.0853593122
0.0925909012
-0.0652034807
0.0440868874
0.1134222362
-0.0478191034
-0.0194955939
-0.0920456382
0.0633518423
0.1060535460
0.0290753825
-0.0155582063
-0.0085781446
0.0728896209
0.1064952755
0.0874176447
0.0727431074
0.3160757751
-0.0701275517
0.2530404200
0.1597690064
0.1563323648
0.0207698106
0.0716904927
0.1850962050
0.0165477161
0.0790142962
-0.0430992475
0.1196833811
-0.0720141597
0.1418279224
0.1187513699
0.1065017995
0.1009396487
0.0714388799
0.1176052127
0.1403439159
0.1368212885
0.0731292302
0.0998029467
0.1637430773
0.0563630116
0.1562807551
0.1385307446
0.3026098909
0.0495175697
0.1925866272
0.1728002209
0.0267247038
0.1318408701
0.0360452474
0.1488827968
0.1899089843
0.2614956648
0.1227498905
0.1835776990
0.1727830778
0.2146860708
0.0823885146
0.1134880741
0.2502341098
0.1725278855
0.0889536132
0.1781970664
0.2141827210
0.3165728333
0.2752459601
0.1770908568
0.2384387699
0.0686399202
0.2226505662
0.2617175872
0.2479721823
0.1973399682
0.0485064861
0.2573758047
0.1775331235
0.3229573285
0.2622217379
0.1231275130
0.1897222900
0.3022158793
0.0964678336
0.2617360592
0.1162581599
0.1510272378
0.3170978191
0.2926777156
0.2409073520
0.1696820081
0.2641569688
0.0651234315
0.2725597323
0.3704632550
0.3899655482
0.1081101558
0.4096983888
0.1962452071
0.3114842203
0.2002484562
0.1778965011
0.1442593098
0.2338502991
0.2709194121
0.4029504114
0.2594784432
0.1405043636
0.2102828491
0.3253475363
0.2556037149
0.3451824768
0.2908212037
0.3152265490
0.2645756487
0.2552230146
0.1299176595
0.2479246954
0.1352993887
0.2832519961
0.4046287166
0.3582834508
0.1849821044
0.3656678296
0.4799605387
0.1727215633
0.2841568837
0.1332401379
0.3013196833
0.1713863545
0.2554922856
0.3278120319
0.2145008434
0.2866553219
0.2576719237
0.3009720903
0.3853634354
0.2559286065
0.2135357176
0.2362809453
0.2938634183
0.3235497445
0.3385852190
0.2357061241
0.3227131143
0.4459746723
0.2916660821
0.3554592764
0.3242595335
0.2267356595
0.3013761315
0.4620156002
0.3084431659
0.3402682470
0.4144104586
0.3763669445
0.3117599482
0.2711373826
0.3133743429
0.4298063677
0.3921979262
0.4590866286
0.3889143802
0.4993156333
0.4039529356
0.3278309234
0.4294342726
0.3065439335
0.3988401151
0.2315277008
0.4394117985
0.3806705510
0.3633496499
0.4690188163
0.3131499432
0.4196018728
0.3608646274
0.5107756019
0.4340332682
0.3005834846
0.5196119698
0.3789711064
0.3609610219
0.4275185015
0.4112276614
0.4360670392
0.3612733396
0.3819793150
0.4381350714
0.3681758007
0.2406844203
0.4556402627
0.4181835263
0.4376369151
0.4449952946
0.5091954370
0.3925120041
0.4086148782
0.5879451401
0.5136576910
0.4849604474
0.4691297849
0.5062996814
0.5138660898
0.3584859444
0.4604634723
0.5324470676
0.3326223740
0.5584693611
0.6101893044
0.5318329730
0.3271021570
0.3844835926
0.4979926933
0.5513326294
0.6379073160
0.5210240268
0.5251513543
0.4207349562
0.3922642410
0.5261590264
0.5576916859
0.4996350844
0.6068450979
0.5664734593
0.4042649513
0.6667898544
0.4910397550
0.5025868896
0.5448745183
0.4793887672
0.5116324682
0.6567216380
0.5464524970
0.4257384812
0.5387916363
0.5394030932
0.5298417431
0.5796748985
0.5258089170
0.7579640706
0.5312253051
0.5481426251
0.3737790682
0.5098917494
0.4645913629
0.5404830359
0.5753672488
0.5842902418
0.4211493733
0.6526661312
0.5737206936
0.4525828383
0.7328392498
0.6240020376
0.5963644357
0.7284213611
0.5123177132
0.6045376158
0.5746229403
0.4771392319
0.6022977626
0.6001573201
0.6623783285
0.6555847468
0.5241992347
0.4743880533
0.5590046965
0.4733796440
0.4525787530
0.6888673403
0.4188110157
0.5107466862
0.4491943405
0.5964466033
0.6695979039
0.5574211439
0.6638547048
0.6719825071
0.4858128740
0.5652587117
0.6875181488
0.5947631026
0.5405041624
0.5468607493
0.7491163432
0.5785159670
0.5933354480
0.6466040761
0.6252444193
0.4899412976
0.6268380047
0.6293125728
0.6289503689
0.7637373954
0.4588641085
0.5982562971
0.7320458236
0.7617906708
0.5823350924
0.5387686648
0.5997570649
0.8720171844
0.6458050695
0.6471075241
0.7547360293
0.5414173144
0.7372019176
0.7448365960
0.6323777543
0.6636698797
0.6551537527
0.5887932962
0.7279866192
0.7675836098
0.7411140271
0.6396318754
0.5960859405
0.6800124795
0.5828531681
0.7725975095
0.6815233972
0.6937085696
0.7537477922
0.7873139179
0.6711625334
0.7331889255
0.6395692391
0.5523854788
0.7152797326
0.6160996495
0.6837787526
0.6196015750
0.7292918366
0.7955896278
0.7451278927
0.6727280150
0.6369897507
0.6396600437
0.8395696685
0.7573117405
0.8666421315
0.9392957190
0.8307283278
0.7514520435
0.6743938367
0.7064280027
0.6296092138
0.7083544031
0.8469773157
0.8572297349
0.8422385077
0.6679464803
0.6432587896
0.8251820689
0.7711322538
0.7397050102
0.7606342703
0.7935514798
0.8354048335
0.7147745516
0.9306859182
0.8125180730
0.8376247716
0.7212750335
0.8056561259
0.9202680398
0.7072161873
0.7374911861
0.8122409777
0.7958129972
0.6987627448
0.7922636488
0.7908352171
0.8380934408
0.7181942975
0.6866134583
0.8177285050
0.7651330785
0.8039458408
0.9869808945
0.7929724270
0.8345079786
0.8959679712
0.8045011789
0.9062943197
0.7678504535
0.9243314702
1.0118788660
0.7754223433
0.8017151544
0.8083042573
0.9096779211
0.8819268270
0.8160665730
0.8349551746
0.7925131040
0.8925736948
0.8441135886
0.8448829093
0.9529786951
0.8569975342
0.7952309532
0.9385647687
0.8259497986
0.8320907181
0.7607293483
0.9709767280
0.7745707196
0.9032971071
0.8763047168
0.8650664098
0.9221101253
0.9705806836
0.8997442161
1.0201339095
0.8008497085
0.8064218317
0.9290384084
0.8035530029
0.9083028036
0.7672873447
0.9444437984
0.9870896470
0.8301586899
0.8061684099
0.9546246251
0.8782789297
0.9716529552
0.8996508151
0.7914512020
0.8244133668
0.8502409834
0.8359854246
0.9651312135
0.9548199562
1.0179374211
0.8852459246
0.8861254008
1.0368798638
1.1001920303
0.9521558907
0.8939907659
0.8712203965
1.0194020587
0.9038623055
0.9632530227
0.9085649857
0.9046452833
0.9106867789
0.8807338356
1.0175771815
0.9891459035
0.9379156093
1.0729887446
0.8867296775
0.9268537276
0.9022952045
1.0427137870
0.9532264588
0.8959491061
0.9994190769
0.9480339806
1.0189055306
0.9810624307
1.0534055015
1.0943828730
1.0655894902
0.9985816932
1.0467562440
0.9040856842
1.0823033051
1.0472686062
1.0245957213
1.1483176124
