-1.0606131038
-0.8823906187
-0.8367996797
-0.9771014254
-0.9651978110
-0.9805724029
-1.0685019232
-1.1449206819
-0.9142880905
-1.1372909250
-0.9647298533
-0.8075900528
-1.0334508140
-1.1327567955
-0.9800441861
-0.7755242045
-1.1216158715
-1.0954831431
-0.9613037664
-1.0141685874
-0.8680858252
-0.9172450818
-0.9862158602
-0.9830493372
-1.0615324801
-0.7596134730
-1.0732029613
-0.8663982950
-0.9652256698
-1.0151457164
-0.9677459784
-1.0830812878
-0.7134155833
-1.0315580950
-0.9147743775
-1.0348309360
-1.0364951691
-0.8851391744
-0.9481493804
-1.0137568111
-0.8586832645
-0.8767391890
-0.9961064975
-0.8344708166
-0.9593224712
-0.9117708292
-0.9678497110
-0.8242873528
-0.9320512556
-0.8415038670
-0.6966097575
-0.8420289171
-0.9418710761
-0.9200276749
-0.9864166565
-1.0182285638
-0.9655768928
-0.8379622902
-1.0647503946
-1.0115508665
-0.8379325850
-0.9278938443
-0.7293928252
-0.9404600241
-0.8242050310
-0.8180428409
-0.7756622329
-0.9846088088
-0.9356177366
-0.7798731920
-0.8190036379
-0.9291658730
-0.9037627811
-0.9576548951
-0.9372876834
-0.8620478960
-0.8835759849
-0.7857997510
-0.8497625019
-0.7939994081
-0.8850239062
-0.9130594865
-1.0592138565
-0.9104000466
-0.9076185147
-0.7503957523
-0.6569115662
-0.8959813703
-0.7088278139
-0.6930327263
-0.9846570430
-0.6987041360
-0.8972036427
-0.7793587407
-0.9169454910
-0.8143416411
-0.8488267471
-0.7863904895
-0.7150877992
-0.7527726951
-0.7553305332
-0.6705913406
-0.8426330179
-0.7435050570
-0.7660486333
-0.7569256767
-0.5565878297
-0.7743879335
-0.7542439697
-0.8340389244
-0.8270687026
-0.8088035610
-0.7277433854
-0.7165143129
-0.8054259980
-0.8016442787
-0.7884017044
-0.5482137217
-0.6914405512
-0.7614497745
-0.7629444125
-0.6224095309
-0.7237749459
-0.6566284401
-0.8188724750
-0.7908638139
-0.6663487585
-0.7314814489
-0.6191006015
-0.5904712897
-0.8685439289
-0.7019010064
-0.7552720166
-0.7098391134
-0.8115023502
-0.6160104446
-0.5473152179
-0.7046369393
-0.8978858495
-0.8172448967
-0.7189662446
-0.6844194247
-0.7104136792
-0.6976608477
-0.7069207071
-0.7267376084
-0.7174337064
-0.6139004382
-0.7912581209
-0.7562929917
-0.7914837230
-0.6844721227
-0.7989657179
-0.6154086934
-0.7032539747
-0.8579365169
-0.7169281754
-0.7310313446
-0.6008888640
-0.6699046997
-0.5959286662
-0.5926664999
-0.7819962282
-0.7519556864
-0.8317142040
-0.7004794436
-0.6407662440
-0.6338999890
-0.6940641007
-0.5825626709
-0.6900649068
-0.6038256653
-0.5498274573
-0.7049025311
-0.6734882659
-0.7437571419
-0.5231516913
-0.7377208391
-0.7716240900
-0.5497655878
-0.7038620456
-0.6692420994
-0.6279968367
-0.6396098887
-0.5596433014
-0.6436698518
-0.5723845587
-0.5431797161
-0.6655596673
-0.7345485399
-0.6519864713
-0.5254010726
-0.6414522651
-0.5384386726
-0.6697267821
-0.5465947085
-0.5906533016
-0.6561964756
-0.6615719874
-0.5956045469
-0.5944176257
-0.6851828008
-0.7056975276
-0.6557716837
-0.5573792903
-0.5512445189
-0.7467356636
-0.6070739677
-0.6519617977
-0.6255414633
-0.6922442420
-0.6922864442
-0.6453829309
-0.6134379099
-0.6786020349
-0.6990629445
-0.4326413217
-0.5916022386
-0.4693572423
-0.6001356439
-0.4522804619
-0.6127287125
-0.6408899860
-0.5727806282
-0.5761030266
-0.6248415206
-0.5771576933
-0.3997862528
-0.6587652565
-0.4300062361
-0.5608120832
-0.6342117465
-0.6528771234
-0.5316202867
-0.4808700300
-0.5253454183
-0.5533886622
-0.4873700050
-0.4934293267
-0.5919318512
-0.4245323870
-0.7818466766
-0.3536835307
-0.4907719939
-0.4708217082
-0.5585516707
-0.4912480293
-0.5932209237
-0.6071361090
-0.3662347985
-0.5419193326
-0.5963380129
-0.4462531033
-0.6346415767
-0.3674941317
-0.4725157138
-0.5251681006
-0.4997308203
-0.3756474752
-0.3729493161
-0.3377804295
-0.4985514640
-0.5034823820
-0.4286682554
-0.5663558578
-0.3419788986
-0.2760112116
-0.4347327108
-0.4603471505
-0.5764798958
-0.3229777376
-0.5496547638
-0.4701811125
-0.4104266488
-0.5197405370
-0.3504011872
-0.5317723842
-0.4380770043
-0.4888292616
-0.5897337399
-0.4776560721
-0.3324668270
-0.4897629265
-0.4872227962
-0.2956406621
-0.3500810958
-0.2156991937
-0.3887768369
-0.5045130519
-0.4358407620
-0.4152390186
-0.4734809526
-0.4449122473
-0.3816334202
-0.2918403841
-0.4255131023
-0.4583355776
-0.4526289226
-0.3737921892
-0.5455819747
-0.2422453548
-0.3935864506
-0.3594096584
-0.2649255075
-0.4816452758
-0.3708016123
-0.3884273400
-0.4812855506
-0.3631962973
-0.0999540326
-0.3692731386
-0.3482607077
-0.3665205079
-0.4047612165
-0.4460365482
-0.4766764172
-0.2044540620
-0.3558647587
-0.3805035597
-0.3406936900
-0.3768550948
-0.3441125134
-0.3334349252
-0.1879835221
-0.3307718428
-0.5727184233
-0.2891258278
-0.5219692965
-0.2890704836
-0.4757982059
-0.4253006032
-0.3746526458
-0.3957095966
-0.3885674521
-0.3110043044
-0.2193325121
-0.3156355865
-0.4090000447
-0.2745657612
-0.3427222787
-0.2435937025
-0.2238665383
-0.4394360817
-0.3827377089
-0.4607656082
-0.2938781994
-0.4394284935
-0.2737842568
-0.3328427783
-0.1204909007
-0.3348913581
-0.2823427602
-0.1936781674
-0.3161165200
-0.4423289070
-0.2806883882
-0.1982223487
-0.3840811813
-0.2979423643
-0.4498777622
-0.2658714181
-0.2354218993
-0.1706996947
-0.4530279295
-0.3090549951
-0.1995314651
-0.3831149721
-0.3576468902
-0.2735784704
-0.2421654754
-0.3023855650
-0.3376848074
-0.1828433510
-0.1056816933
-0.4283771582
-0.1675254344
-0.3070726352
-0.2488830808
-0.1619428163
-0.2518624210
-0.1527718880
-0.2661329272
-0.2096407917
-0.3852439351
-0.1575191934
-0.3917969733
-0.2912239030
-0.4582114682
-0.2547602721
-0.2055550514
-0.0840221225
-0.2169565529
-0.3233476749
-0.2583952386
-0.2313043897
-0.1358202981
-0.0787216298
-0.2088790108
-0.3004455736
-0.2053914816
-0.1951845340
-0.1633459528
-0.2089405837
-0.2095565182
-0.2190104427
-0.1299866375
-0.2266290932
-0.2318793359
-0.1213994340
-0.1739223822
-0.2356186385
-0.1835689712
-0.2258355266
-0.1282647410
-0.2411204773
-0.0743333686
-0.1583246655
-0.1170154609
-0.0952932740
-0.2500540521
-0.1719553652
0.0009565823
-0.0649835761
-0.2101308776
-0.0952949592
-0.1159342848
-0.1514271770
-0.1980584763
-0.1874399057
-0.1327991536
-0.2270062731
-0.0314947837
-0.0628164674
-0.0180259665
-0.0230805927
-0.1260475593
-0.0314595284
-0.0993096967
-0.0898862006
-0.0988640367
-0.0584216072
-0.1246506054
-0.1284393059
-0.0014261222
-0.2543623433
-0.1273253039
-0.0505981824
-0.1204120505
-0.1392153230
-0.0672818717
-0.1359089775
-0.0460993511
-0.2476828315
-0.1402853313
-0.1113468448
-0.0276691907
-0.1418656117
-0.0839824226
-0.0507543091
-0.1408788960
-0.1311364870
-0.0820607838
-0.0946735721
-0.1900533433
-0.0361817364
-0.1869869111
-0.0989670742
-0.0861473236
-0.0554085888
0.0626577849
-0.1670373749
-0.0476894488
-0.0562296885
0.0271869899
-0.0318454120
-0.0202050709
-0.1442814661
-0.0342508794
-0.0482988845
-0.0763689221
0.0629471724
-0.0898728720
-0.0422286301
-0.0942459480
0.0927473955
-0.2717839554
-0.0489814414
-0.0939824668
-0.1106107817
-0.0279856487
-0.1312514911
-0.0308024515
0.0103637416
0.0584504406
0.0761089850
-0.0266629737
-0.1231107457
0.1294840879
-0.0111020618
0.0495048964
0.0387930528
-0.0450967990
0.0273958143
-0.0466704159
-0.0396032323
0.0634765085
-0.0213442328
-0.1797559898
0.1726502561
0.0088202300
0.1692730291
0.0704870598
0.0773431918
-0.0771510381
0.0375280366
0.0047269062
-0.0354726088
0.0841545786
-0.0494866668
0.1340334307
0.0643933223
0.2336351945
0.2535939154
0.1072760899
0.1231946524
-0.0279665454
0.0731799959
-0.0559216693
-0.0545887490
0.1356239349
-0.0006244233
0.0694567871
0.0024218356
-0.0309180138
0.0309865786
0.1078889228
-0.0465841950
0.0211619295
0.0610865988
0.1059091869
0.0408450686
0.0703964326
0.0888337272
0.1397298090
0.0168608937
0.0152655132
0.1274978709
-0.0028877390
-0.0220576861
0.1725434928
0.1561070566
0.1954907476
0.0741274806
0.0092978201
0.0351804964
0.1577413823
0.1753714554
0.0060943502
0.3768017035
-0.0174897969
0.1296725722
0.2491630146
0.0313975239
0.2661871950
0.2419870633
0.0706466731
0.1499768077
0.2474155780
0.1400351599
0.2440847274
0.1515357756
0.1561700274
0.0956406663
0.1409951646
0.2729493074
0.1459834289
0.2478074869
0.0783702173
0.1550062921
0.1159551548
0.1975091491
0.0866161353
0.1829904457
0.2276811854
0.1270836317
0.0667278159
0.1930494440
0.3015840693
0.1776009293
0.1360721542
0.2239285469
0.2897897471
0.0584390026
0.1070909168
0.2345665771
0.0805198957
0.1894189358
0.2937981935
0.1840440547
0.1572447288
0.2422374567
0.2557905345
0.1647498317
0.1231935259
0.0736739699
0.3675871354
0.1470301758
0.1826985012
0.2526201968
0.3630547189
0.4014904595
0.4028038417
0.1672559817
0.2384476406
0.0580160044
0.4038613890
0.1818389046
0.2217692628
0.2135445304
0.2444785273
0.2527297408
0.1989544444
0.2471916052
0.1961709466
0.2659154300
0.4246920387
0.1688684632
0.2247431360
0.1534092978
0.2019817621
0.3124242009
0.3285486176
0.2315780658
0.1341067653
0.3339360282
0.3380989903
0.2066933830
0.3257332683
0.2795547305
0.2116287065
0.3300415225
0.1511387961
0.3730022172
0.1443298564
0.1819311175
0.3520305998
0.3295930547
0.2677106080
0.2553936307
0.2837069330
0.4767846520
0.3550036154
0.4611519903
0.3048800304
0.3139691553
0.3045545912
0.2774561451
0.4211596763
0.3088988593
0.1934701526
0.2629632673
0.1901466795
0.4568410977
0.3645709457
0.2937364504
0.3138395467
0.3779555692
0.3389506345
0.2159331857
0.1465937644
0.1920713794
0.3567781507
0.4586952939
0.2834819527
0.3552703636
0.3562871687
0.3618535403
0.4295817653
0.4847614803
0.3891567906
0.3351970547
0.2294279694
0.4255951604
0.4936106889
0.4706146025
0.3364413046
0.4611308355
0.2957784865
0.3807464247
0.2260559323
0.2622446730
0.3427519494
0.3538540511
0.3692326773
0.2238300755
0.3705846523
0.3350713445
0.3974134686
0.3560966970
0.4176392904
0.4481305333
0.5001174047
0.4462443157
0.2788194964
0.3964945435
0.3606582967
0.5369265959
0.3988876736
0.4052198285
0.4558903457
0.4652408425
0.4818913575
0.4094336214
0.5897321053
0.4604725238
0.3635593905
0.2791891903
0.3679036702
0.3604799299
0.4576608574
0.4900279998
0.4978659362
0.5042664453
0.3253012027
0.4859167194
0.2587003983
0.3888089876
0.5831595751
0.5690894729
0.5964483631
0.3203453266
0.4467016203
0.3779003652
0.5412053979
0.3489129984
0.5486278471
0.3330475367
0.4581188206
0.2976194064
0.4114110098
0.4711624709
0.4862500379
0.3016782434
0.3842860619
0.4511130349
0.6119238085
0.5456361284
0.6007912598
0.5106498635
0.4258485556
0.6328574640
0.5376125447
0.4492365853
0.4992832378
0.3910435963
0.4589698292
0.4937413417
0.5286183242
0.4913403319
0.6916691978
0.4724511489
0.5893007782
0.5634423363
0.5266533437
0.4903238391
0.3427967786
0.4089282010
0.5552866247
0.4512557109
0.5113471984
0.4028640097
0.5592613903
0.4882698671
0.5063084755
0.6821437487
0.4890249286
0.5054067900
0.5618248928
0.6224681072
0.5272722318
0.6460863722
0.5345292558
0.6485610462
0.5389678507
0.5726772082
0.6309682189
0.5439606962
0.5622254231
0.5679831957
0.5423066080
0.4560177033
0.5325749303
0.5553477917
0.6095489981
0.5565700859
0.5726094509
0.6089608150
0.7267820255
0.6574577776
0.6708638264
0.6012156872
0.5478003311
0.6380933396
0.7396371883
0.6531568095
0.5762924483
0.7157906720
0.6303923270
0.6950427972
0.6415787758
0.6478816329
0.4821969464
0.6638055927
0.6848230084
0.8108223059
0.5267182003
0.6358643691
0.6914200716
0.7050904472
0.6399101779
0.5893486791
0.6853545015
0.7685860424
0.6083296552
0.6714948627
0.6777549989
0.5314650343
0.7139669819
0.6705376276
0.6820275478
0.6182799169
0.6307307905
0.6135234324
0.7501970111
0.6908308034
0.7685336398
0.7596677949
0.6214590100
0.6184147974
0.4997886582
0.7090284550
0.7180376552
0.8196511102
0.7331465705
0.6655338015
0.6557189007
0.7026631641
0.5730033420
0.4956191235
0.4667846944
0.7216216580
0.7187066464
0.6554934244
0.6333801737
0.5071230450
0.7362441580
0.9225873417
0.7156759665
0.7770724809
0.8057946045
0.7517946162
0.6682099347
0.8055409322
0.8383143800
0.6941540796
0.6157456791
0.7014103841
0.6782799863
0.7639965228
0.7359060247
0.7768305647
0.6990205394
0.6910182585
0.7049828841
0.6501120820
0.6323389267
0.7912793522
0.7920234010
0.6843446219
0.6986714827
0.7013853907
0.8161172028
0.6870125149
0.7929755155
0.7618806517
0.6893441159
0.7008607164
0.8512605676
0.7409814628
0.7879224349
0.8756724961
0.6116229793
0.8899220390
0.8375443248
0.8596069239
0.8485626184
0.7178711285
0.6972697653
0.8427669641
0.7405272820
0.7619993808
0.7003549504
0.7243690465
0.7671078602
0.7091053033
0.8531151514
0.8340517201
0.8174703928
0.7589547513
0.8664351691
0.9420504120
0.8632908059
0.8790106951
0.8865260789
0.9045415266
0.7385344266
0.9288563484
0.9376969202
0.7843052935
0.8600964663
0.8502956485
0.7764281933
0.9861260869
0.8740689425
0.7856454545
0.8490170647
0.7431408931
0.7351876064
0.8175170897
0.7826611677
0.7532583692
0.8557144930
0.8871870030
0.9036421187
0.8317042477
0.8615242261
0.9009574608
0.9111469872
0.9177974659
0.9881501534
0.8442781774
0.8658411845
0.8729433350
0.8077387154
0.9467778223
0.8225595663
1.0584837859
0.8506362730
0.8785993660
0.8350390533
0.9402640597
0.9459496991
0.9006609003
0.9668662385
0.8732769012
0.7869613263
0.8287768591
0.8543608846
0.6873460317
0.9405296612
1.1219594159
0.9555425610
0.9800421143
0.9205943365
0.8852030169
0.9502706769
0.9725441033
1.1486972758
0.7947595581
0.9644836854
1.0186310143
0.8918017834
0.8786852499
0.9292664955
0.9163410749
0.8874567138
0.9520836246
0.9251180576
0.8284456313
0.9933858949
1.0241831805
1.0714731057
0.9681625532
1.0378811508
0.8276913610
0.9964087296
1.0155393414
1.0472382307
1.0085278628
0.9033484735
0.8683962631
1.0550844879
1.1705966516
0.9436152334
0.8132597749
0.9224532897
0.9534410468
0.9250706183
0.9884164457
0.9097307689
