-1.0176961454
-0.9710962648
-1.0220301023
-1.0487414863
-1.0250272867
-1.1500419369
-1.1154633726
-0.9820809875
-1.0785766224
-1.0292120592
-0.9050592369
-1.1227931068
-1.0820210890
-0.9656784415
-0.9372603360
-0.8841321286
-1.0777319785
-1.0393405517
-1.0002089991
-0.9369422013
-0.9788768115
-0.7876712755
-1.0506112854
-0.9109843773
-0.9304239415
-0.9072235698
-1.0394470285
-0.9684365362
-0.9714919131
-0.9915835368
-0.8763554574
-0.8846626954
-0.9611048901
-0.9253012727
-0.9791032938
-0.9416143695
-0.9753317211
-1.0862606731
-1.0597456854
-0.9795507355
-0.9250590941
-0.9007649613
-0.9256553424
-1.0365322876
-0.8494844263
-0.9320037491
-1.0163498095
-0.9359999264
-0.8068460940
-0.8323787347
-0.9395011973
-0.8976833481
-0.9825409244
-0.8836209275
-0.8987694659
-0.9410773822
-1.1437303785
-0.9646882209
-0.9001526268
-0.9081220633
-0.8383144670
-0.9208699733
-0.8455338900
-0.8948282045
-0.8778508714
-0.8537607440
-0.8519359319
-0.9149809625
-0.8785854704
-0.9368266362
-0.7355639576
-1.0695955243
-0.8689377943
-0.7937206260
-0.7014225175
-0.8739312138
-0.7402002619
-0.8168063376
-0.9137824245
-0.9436923247
-0.9723639521
-0.8957980236
-0.7713426163
-0.8019095012
-0.7493440684
-0.8597247487
-0.8111589356
-0.7236606328
-0.8645833767
-0.7285603989
-0.7937501932
-0.6696897970
-0.8035838305
-0.9599865825
-0.8486140036
-0.8556270883
-1.0410519741
-0.6897193092
-0.8300139884
-0.7065045599
-0.7778000934
-0.9294002647
-0.7955272411
-0.8830986864
-0.7974638360
-0.8022844278
-0.8149016999
-0.8777891832
-0.8585633998
-0.9268939780
-0.6921068624
-0.8319822332
-0.7784740205
-0.6642514711
-0.7241767307
-0.8652761383
-0.8066256755
-0.8683990497
-0.7290801665
-0.8213981038
-0.7503599339
-0.6648317093
-0.6974019915
-0.7701413057
-0.6972545649
-0.8165609984
-0.7458499774
-0.6995823617
-0.8066331808
-0.7224468260
-0.7113626477
-0.6276395382
-0.6894822756
-0.8708310483
-0.8572806060
-0.6940485631
-0.6853946728
-0.7612295886
-0.6376244361
-0.9094474461
-0.7580501612
-0.7148335421
-0.7863405877
-0.6105728675
-0.6018560679
-0.8111769162
-0.7200033214
-0.6655254027
-0.6974895489
-0.6165002458
-0.5773338862
-0.8579433708
-0.8926622916
-0.6664314538
-0.8739325312
-0.7012040678
-0.6359457215
-0.6579191407
-0.7542179452
-0.7895776663
-0.7751630543
-0.7981804089
-0.7656797818
-0.6550194559
-0.7322096838
-0.4850533490
-0.6851322233
-0.5134633397
-0.5880819801
-0.6762445034
-0.6890189454
-0.7438224864
-0.6320590755
-0.8395480703
-0.5772624629
-0.7572502095
-0.6620762270
-0.8994032736
-0.7077904781
-0.6643250619
-0.6362478624
-0.5807784279
-0.4818516334
-0.6247502573
-0.4632832665
-0.7078174443
-0.6510646367
-0.7104603299
-0.5462643546
-0.8765304388
-0.6123768019
-0.6938324117
-0.7237520897
-0.5985683085
-0.5922806084
-0.6185696830
-0.7847703532
-0.6249631162
-0.6513147270
-0.6969043762
-0.5518479682
-0.6578429058
-0.6400435662
-0.7120112314
-0.6016180578
-0.6520726632
-0.5458626051
-0.4959357426
-0.4412581817
-0.7273866855
-0.5833226999
-0.5270857117
-0.6547944348
-0.5472245399
-0.4594973526
-0.6634337913
-0.6068218975
-0.7054459753
-0.4995611319
-0.5963595560
-0.5850929672
-0.6126000063
-0.4409160393
-0.5167681182
-0.4503169664
-0.5099286879
-0.4806860314
-0.5743263689
-0.5901093753
-0.4912097190
-0.4231958526
-0.5952154743
-0.6300500832
-0.6257559563
-0.4858263937
-0.5597934122
-0.6499011496
-0.5306888640
-0.5454444519
-0.6231372507
-0.5850662650
-0.4559708163
-0.5813947784
-0.4988904998
-0.6543890360
-0.5289549620
-0.5742307628
-0.3675519822
-0.5029955650
-0.6382348505
-0.6443546685
-0.5737722164
-0.4745031562
-0.5611818407
-0.4403030208
-0.5233200636
-0.5888422414
-0.3777072414
-0.4074852833
-0.6136276630
-0.3603043994
-0.4457183325
-0.4638706645
-0.4499766872
-0.3460128998
-0.5021659057
-0.4913096643
-0.3153101297
-0.3190385646
-0.3288737396
-0.4881329128
-0.4500270334
-0.3965217265
-0.4797891422
-0.3763594655
-0.5132601990
-0.4237813748
-0.4232528094
-0.4189869706
-0.4485758862
-0.4369188210
-0.3408621933
-0.4445024340
-0.4367919922
-0.4057761829
-0.3146817886
-0.4170412425
-0.5159578950
-0.5207783327
-0.3480715201
-0.4192335720
-0.4248845415
-0.3071018115
-0.4534737924
-0.4349467146
-0.3503862881
-0.4618477177
-0.4791749953
-0.4177317278
-0.3975241106
-0.3924329973
-0.5516101997
-0.3808077427
-0.2541096606
-0.5220788379
-0.3460334688
-0.3334498880
-0.4083737271
-0.4413389275
-0.4590550230
-0.3255860063
-0.4277397327
-0.3643715810
-0.4160556820
-0.4392028265
-0.3459993835
-0.4983413092
-0.4194282309
-0.1653347489
-0.3606347502
-0.2188567920
-0.3946550438
-0.3861670814
-0.2933703309
-0.5275166649
-0.3213913033
-0.4298389256
-0.3345507362
-0.2657247283
-0.4787861868
-0.3592938842
-0.2129407119
-0.2187451547
-0.3600671899
-0.4263828632
-0.3307457426
-0.3510935269
-0.3368501981
-0.1730225865
-0.4236318466
-0.3264313016
-0.1988509204
-0.3126863912
-0.3125585748
-0.6068995490
-0.4042810191
-0.3715213580
-0.2850283913
-0.1780789139
-0.2478845703
-0.0922851669
-0.3522132668
-0.3716538180
-0.3033172719
-0.4127154528
-0.3788468741
-0.1830428635
-0.2985351500
-0.3692641368
-0.1732110990
-0.2498442728
-0.3631735696
-0.4044467750
-0.1190883592
-0.2355959791
-0.2412568622
-0.3188879738
-0.3041062288
-0.2022334822
-0.2523799742
-0.2994815215
-0.2010763631
-0.3011909199
-0.1701379146
-0.2302374986
-0.2803950201
-0.2388477564
-0.3179490321
-0.2286590403
-0.2728513268
-0.2623665110
-0.2956193488
-0.3517005207
-0.2992487906
-0.2115644176
-0.2082471146
-0.2066274831
-0.1835486515
-0.1869591157
-0.1456143116
-0.2994790131
-0.2261835839
-0.1544234577
-0.1744129521
-0.1973819573
-0.3191514576
-0.2115217788
-0.2230146892
-0.3281391501
-0.2799027852
-0.2952062159
-0.2545852029
-0.2731612736
-0.2371085009
-0.2733287471
-0.2127939032
-0.2411118460
-0.3361591370
-0.2364485837
-0.1960587499
-0.0614475396
-0.3239890421
-0.0927807487
-0.2563895674
-0.0558899564
-0.1028207404
-0.0155022098
-0.1537071597
0.0595430576
-0.2195093719
-0.1226233459
-0.2072108710
-0.0568676066
-0.1583486276
-0.1727432274
-0.1591712526
-0.0275881742
-0.1204402623
-0.0940711138
-0.2246116897
-0.0563493358
-0.2595254134
-0.1211520876
-0.1566293569
-0.2289055697
-0.1187659296
-0.0870152356
-0.0660362733
-0.1165597406
-0.2498556584
-0.1489684041
-0.0522654477
-0.1941412128
-0.0837073267
-0.1225950987
-0.3332077105
-0.1091259233
-0.1404805311
-0.1139767010
-0.0381810771
-0.2180693694
-0.0613625312
0.0004952613
-0.1898901945
-0.1021009745
-0.1145924334
-0.0329382241
0.0620894005
-0.0697364108
-0.0933690927
-0.1118339670
-0.1198242422
-0.1688566052
0.0063527971
-0.0356744427
-0.1212445947
-0.2203912442
-0.0166245243
-0.2432238745
0.0058331771
-0.0222394739
-0.0818066312
-0.0251927851
0.0244000001
-0.2125488993
-0.1612716448
-0.0168799400
0.0158150187
0.0580598577
-0.1312418996
0.0858290783
-0.0718454851
-0.0262432133
-0.0582185908
0.0658524149
-0.0059908122
0.0211860718
-0.0780913597
0.0790360129
-0.0174508575
-0.0938030816
0.1038809693
0.1028514129
-0.0266676957
-0.1098747571
-0.0390485519
-0.0450297910
0.0274135776
0.0268300345
-0.0515357757
0.0295984758
0.1226239113
-0.0086361422
0.1124660911
-0.0404012274
0.0084618069
-0.1214998596
-0.0824829694
-0.0183927303
0.0077943641
-0.0783475629
-0.0104735010
0.0394105705
0.1704926779
0.0685496451
0.1684340276
0.0345748772
-0.0048528186
-0.0558390667
0.0838380828
0.0009663275
0.1336457178
0.2094272131
0.1347287982
-0.0552367694
-0.0297648500
-0.0210841508
-0.0572747491
-0.0889733296
-0.1393386610
0.1171398510
0.1281826175
-0.0343570061
0.1230481349
0.0982560726
0.0909107316
0.2277466966
0.1333795591
0.0598819172
0.0585043483
-0.0428740646
0.1592253030
-0.0215916291
0.0047816338
0.0200700896
0.0900631119
0.1506776175
0.1824474416
0.1054864289
0.0716200492
-0.0087889506
0.0437473337
0.0765043256
0.0322157694
0.0471847508
0.0947366146
0.2647487646
0.1625190038
0.1572197282
0.3636271795
0.1694024520
0.1194291434
0.2004197294
0.0479748334
0.0143517710
0.1753889393
0.2188622209
0.0906859278
0.2398041640
0.1694670218
0.1182984184
0.1488743253
0.0288126204
0.2112972462
0.0860065818
0.2487024429
0.1386455611
0.2304737398
0.0427048391
0.2543178268
0.2188343004
-0.0689122890
0.1194892241
-0.0012771787
0.1477659523
0.1374268784
0.2000877271
0.3590299084
0.1285668133
0.0708287457
0.1573411749
0.0407723315
0.0984965891
0.2239679729
0.2273982493
0.3071011877
0.1678068854
0.1369378852
0.3031990493
0.1985743135
0.1579257863
0.1323807049
0.2461460671
0.2891144847
0.3888148936
0.2086256707
0.2901459303
0.3116753984
0.0784878980
0.2204202144
0.1696561087
0.2604457002
0.2401130436
0.1307618349
0.0859981622
0.1200930097
0.1539058808
0.2487116587
0.2320653529
0.3133596551
0.1469334745
0.2151175103
0.2782118250
0.2970490524
0.1052673779
0.2303800614
0.1984049919
0.1908240376
0.1391222779
0.2099333560
0.1225012781
0.0878574598
0.3396630472
0.3321427315
0.2055377899
0.3414469688
0.2703492066
0.1728428886
0.1901644662
0.2846784485
0.3818156509
0.3329157310
0.4936366687
0.2808152975
0.3307632480
0.3581049656
0.2582058327
0.3950402441
0.3077914679
0.3971696822
0.4680801191
0.3173850407
0.1703163424
0.3249833741
0.3073079877
0.4268672735
0.3153511928
0.2633639498
0.4700970045
0.3393648306
0.4068574154
0.4017566980
0.3118771740
0.4677359261
0.3053249512
0.4064446835
0.3336919540
0.1543325567
0.3057886532
0.2896787003
0.3961761268
0.1625257290
0.4548234062
0.1285074747
0.4260830078
0.2836490322
0.3034165718
0.4810268522
0.2969905342
0.1988100999
0.3436299064
0.4110713285
0.4609241130
0.3600078279
0.4437876831
0.4557781688
0.3230817122
0.4285829799
0.3417239059
0.4079765986
0.3658740089
0.2991440676
0.3868722090
0.4053792016
0.2713895984
0.3481373616
0.3826675158
0.3855593352
0.4610613689
0.3318579499
0.3723002604
0.3969710009
0.4602601318
0.4465277234
0.4235510393
0.4493042924
0.4997913829
0.4860795083
0.2994680189
0.5168051889
0.5321198294
0.4767070956
0.4490899511
0.3639013494
0.4375986411
0.4889792852
0.3360117982
0.4121235182
0.4316501239
0.5878504106
0.5860657218
0.4211494767
0.3885302034
0.3743891519
0.4750697435
0.4896768447
0.5079456257
0.5202278488
0.5566065213
0.5729741632
0.4303929971
0.4575743703
0.5138617761
0.3755307349
0.4826023672
0.5075854193
0.5555273058
0.4848741389
0.3117270306
0.3495923824
0.6226667392
0.4286661665
0.5728497046
0.6182378722
0.3304999967
0.3819924564
0.5434923200
0.6828554626
0.5019463276
0.4771105543
0.3887749044
0.5630708960
0.4982543607
0.4477800593
0.4537376183
0.5543788848
0.2736732282
0.4357587982
0.5708537942
0.7438352081
0.5717564496
0.4711085058
0.5254664693
0.4999390235
0.6429943197
0.5734331490
0.4624102529
0.4402006648
0.5760048257
0.5168096356
0.5410573778
0.6403591535
0.5407468470
0.5808847195
0.7378978687
0.5893938429
0.5598294913
0.6202558844
0.5620944741
0.4356459768
0.5703532120
0.7058308970
0.6670705494
0.5277034952
0.5700657936
0.5196780625
0.5554864788
0.7579019364
0.5851087425
0.6012484782
0.7092891464
0.5634901602
0.4318773747
0.6336506540
0.6285488444
0.5936547998
0.5310513341
0.8635146612
0.7210437945
0.7242947771
0.6848503081
0.5573302609
0.7031599088
0.5505318608
0.6713400806
0.6237507082
0.6623658048
0.5463620068
0.6518089521
0.5797383421
0.6600163225
0.5954126381
0.6149335036
0.6596620087
0.6628811586
0.6784972205
0.6994865390
0.5542588405
0.5898090002
0.5881496070
0.6346770550
0.5992546183
0.6360051496
0.5868060954
0.7002429425
0.6072390333
0.6258496241
0.7410795068
0.5423284393
0.5881459857
0.6884153886
0.6169483626
0.5804720016
0.6433038535
0.5190482721
0.5147388955
0.6737055641
0.6552499820
0.8948444496
0.5802455470
0.5584290511
0.5745456035
0.6409372299
0.6376341815
0.6010694330
0.6680828633
0.6931690360
0.7007133138
0.6814920221
0.5907313945
0.7368852618
0.8700718337
0.7118563092
0.6340326297
0.7811017061
0.8315649201
0.7298068270
0.6965781735
0.7902473849
0.7322184641
0.7464042010
0.7656271548
0.7346206795
0.6094109940
0.8278017031
0.7944496629
0.8132045857
0.7550501621
0.6234146558
0.6239563682
0.5581807511
0.7984864967
0.6754449735
0.7630355486
0.8794125462
0.8346984328
0.8297370466
0.5955535668
0.7312055263
0.8521498871
0.8633296347
0.8166241707
0.7259882945
0.7380215438
0.8013292814
0.8522948620
0.6205438868
0.7807471832
0.8012701625
0.7415396421
0.7983964046
0.6966120800
0.7803574132
0.6953249865
0.7607743507
0.8821805014
0.7841286328
0.7324030543
0.8395132062
0.7982634326
0.8708197631
0.7428701761
0.9548319401
0.8611434335
0.8432116302
0.7586827768
0.7115629876
0.8314483307
0.8583676257
0.8719560462
0.6849460685
0.7161395565
0.7339929860
0.8175377949
0.7063724316
0.8224248069
0.8235203772
1.0321500408
0.8800866125
0.8108903185
0.8062873920
0.9913608956
0.8370738749
0.9253991338
0.8900709391
1.0356184711
0.6929068983
0.9216430586
0.7903996599
0.7992520549
0.9220087855
0.7691150251
0.8539339940
0.7943322916
0.9357288938
0.9715939731
0.8521662323
0.7863413131
0.8026342246
0.9922026869
0.9064811473
0.8730834414
0.9962245125
0.9133939876
0.8988418904
0.9204445933
0.7681285943
0.7653889967
0.8754913927
0.7883385552
0.7497424645
0.8019341181
0.6790117653
0.9130718545
1.0016788500
0.9987553244
0.9220693271
0.8680019390
0.9681720612
1.0759378936
0.8959567311
1.0514634779
0.9188185417
0.9423766272
0.9386118855
0.7134173163
0.8996887251
1.1188054778
0.7833275498
0.9647323279
1.0081609593
0.7938571364
0.9674091204
0.9258084985
0.9997746372
0.9653734310
0.9598827394
0.8966627573
0.9950607063
0.9584714408
1.0521516784
0.9249251141
1.0066766634
1.0206150070
0.9610977917
0.9176687010
0.8596753872
0.8800449397
0.8173171695
0.9480056743
1.0415447249
0.9074854123
0.9339902438
0.9829288293
0.9422687665
0.9519506814
1.0125242910
1.0856745968
1.0255299440
0.9713168378
