-1.1265884504
-1.0902834726
-1.0167843681
-1.0025889282
-0.9978204566
-1.1005632384
-1.0836640895
-0.9035970513
-1.0623595623
-1.0073325594
-0.9361209729
-0.8154201686
-0.9034362699
-1.0345272157
-1.0429904715
-0.9104507646
-0.9180653723
-0.8648938114
-1.0338396988
-0.9710618932
-0.9187006483
-0.9277667483
-1.0298740760
-0.8068187903
-0.9497566887
-0.8542267267
-1.0197660529
-0.9939079987
-0.9554418403
-0.9472412936
-0.9526954455
-0.8384374389
-0.9241117591
-1.1256546869
-0.7831509346
-0.8640341860
-0.9274378665
-1.1195517840
-0.8766205707
-0.9045781044
-0.6849235027
-0.8204674464
-0.9121198631
-0.9553099608
-0.7576459332
-0.8678429273
-0.9051736237
-0.8838506715
-1.0092516219
-0.9050832274
-0.8920361193
-1.0651842218
-0.8835025960
-0.8176081409
-0.8887965911
-0.7961741548
-0.9035236643
-0.9628402419
-0.8473660544
-0.9007812062
-0.9063073658
-0.8725059484
-1.0645327265
-0.9469579682
-0.8487485908
-0.8337316566
-0.7818208501
-0.7533034452
-0.8646244618
-0.9506572134
-0.8151005371
-0.9222718735
-0.8074864624
-0.9536423912
-0.8984492726
-0.8862809952
-0.7217697588
-0.7995594690
-0.8757345498
-0.9654867258
-0.7710678497
-0.9496725871
-1.0464145389
-0.8694876920
-0.8749768792
-0.7874463034
-0.6767630247
-0.9202301290
-0.8662049852
-0.7352972164
-0.7877616278
-0.8589500949
-0.7564719938
-0.8210411739
-0.7616357770
-0.7333770773
-0.8260395638
-0.8157266856
-0.6692907554
-0.8362284294
-0.7171504110
-0.7722725177
-0.7262493685
-0.7341822989
-0.7566252969
-0.9067973449
-0.7744151073
-0.7425051118
-0.7686046825
-0.7464321973
-0.9296221908
-0.6612113861
-0.7816501105
-0.7465171483
-0.6761545053
-0.8128748863
-0.7188378371
-0.6081436814
-0.8649068265
-0.7919037244
-0.7380063900
-0.8055082648
-0.9445391725
-0.7165038719
-0.8307176573
-0.8160324487
-0.6429724875
-0.7212775361
-0.8231325530
-0.7936671504
-0.8472330324
-0.8368251203
-0.7257641565
-0.7193871033
-0.6588840717
-0.7074677633
-0.6883276895
-0.8323548357
-0.5671198576
-0.7200395738
-0.7188491431
-0.7356436104
-0.7167581441
-0.7373560945
-0.6696605995
-0.8567190297
-0.5123189407
-0.6222172402
-0.6997930036
-0.8179423309
-0.6840635571
-0.6167565988
-0.6397943285
-0.5960111962
-0.6084724944
-0.5633799808
-0.6369314923
-0.8065585946
-0.5731240224
-0.7840559016
-0.6198059374
-0.8444798385
-0.7494745197
-0.8628742002
-0.7793069103
-0.5861614188
-0.7065760775
-0.7378026453
-0.6565503662
-0.6691840341
-0.6969143035
-0.5828341092
-0.5069747205
-0.5576307341
-0.6473682797
-0.6255330430
-0.6336005402
-0.8366528359
-0.5612901300
-0.5537976393
-0.7164547638
-0.6810393510
-0.7020899364
-0.5126040881
-0.6196542691
-0.6258388603
-0.6026001856
-0.5755730082
-0.7014003166
-0.6415312879
-0.5776228754
-0.6117462259
-0.6666035767
-0.6335361465
-0.6073816255
-0.6459457187
-0.6316628416
-0.7028870485
-0.7092326908
-0.6535860328
-0.6839561964
-0.6682285366
-0.6935432045
-0.5042876733
-0.3579140345
-0.5430665690
-0.5789851225
-0.5909906002
-0.5419427626
-0.6656235206
-0.5445706242
-0.4842057493
-0.5709837193
-0.5996707525
-0.6462598195
-0.4079967837
-0.5363712467
-0.4055298217
-0.6276887274
-0.5550573218
-0.4888802463
-0.6549692170
-0.4745224900
-0.5825082036
-0.5104278842
-0.5612000361
-0.5691729293
-0.4721697486
-0.5888136504
-0.5314199691
-0.5803124939
-0.3549259813
-0.6716656708
-0.5900061543
-0.5960246001
-0.5875054660
-0.4024438888
-0.4455968708
-0.5920070163
-0.6294590030
-0.5202869787
-0.5009438653
-0.6094861884
-0.5374413695
-0.4969822709
-0.5099698410
-0.5067390501
-0.4708642580
-0.5206151851
-0.5075403410
-0.6460701564
-0.5129879916
-0.5181195584
-0.5714242986
-0.5322256863
-0.5281787279
-0.6294915389
-0.4284245043
-0.5978929546
-0.4511176292
-0.3750586692
-0.4800540628
-0.5810507665
-0.5254357418
-0.4507652185
-0.6351197663
-0.5114968671
-0.5627532222
-0.4866861775
-0.4921791216
-0.4861476355
-0.4332779536
-0.4357635996
-0.4010236279
-0.5568594706
-0.3770237554
-0.4117386562
-0.4311459560
-0.4810010500
-0.3003209091
-0.5491127292
-0.5046071216
-0.3858730549
-0.3625754604
-0.3615370439
-0.6318485819
-0.4425293307
-0.5491676434
-0.5069675771
-0.3998405284
-0.4142236821
-0.4067637674
-0.3528756298
-0.4590926112
-0.3877732409
-0.5599130436
-0.3989835523
-0.3083336204
-0.3875998757
-0.3525356427
-0.4266500071
-0.4326872113
-0.3762139939
-0.3241134479
-0.4495194249
-0.4532372088
-0.3902383051
-0.3809528340
-0.4958510761
-0.2932160647
-0.4522724126
-0.3919834869
-0.5183657425
-0.4470013510
-0.3945490074
-0.2991166103
-0.3817310443
-0.2104781813
-0.4139970611
-0.4079719760
-0.2560300171
-0.3116328825
-0.3342568389
-0.3028757614
-0.3978147477
-0.2736113211
-0.5376697580
-0.4260627368
-0.3604619812
-0.2157708476
-0.2529936087
-0.3013438733
-0.2934006435
-0.4183456997
-0.4638787462
-0.1391178060
-0.2390600295
-0.3674689292
-0.2526508198
-0.3419992609
-0.3772798364
-0.4247388443
-0.4214488897
-0.2813229008
-0.3104184498
-0.3133725400
-0.4574886310
-0.3761783045
-0.3722134848
-0.1335413139
-0.2131062596
-0.3297384149
-0.1937715354
-0.3905256181
-0.2365145294
-0.3144740193
-0.3771372435
-0.1321554666
-0.2908069369
-0.2799837841
-0.3461967929
-0.2910475064
-0.3206786109
-0.3581740333
-0.3080961334
-0.4187112560
-0.2473521498
-0.3478229776
-0.3830010719
-0.4096926428
-0.2328546146
-0.3383531476
-0.2566402562
-0.2240959182
-0.2847350011
-0.1954392720
-0.2308115250
-0.2252910274
-0.2321368594
-0.2569915953
-0.2814931917
-0.1774380829
-0.2067096878
-0.2441453540
-0.1995233958
-0.0749662959
-0.2570736028
-0.3172224521
-0.2501438016
-0.2398948366
-0.2893128593
-0.2273907486
-0.1719489308
-0.1079406047
-0.3901940259
-0.2207550178
-0.2281626073
-0.0741469908
-0.0532717266
-0.1653219220
-0.3413055324
-0.3355314313
-0.1992373741
-0.3232947741
-0.2045256289
-0.2126411408
-0.1520206202
-0.2657785549
-0.0821741013
-0.1528149832
-0.2183311684
-0.0379583063
-0.1725272004
-0.1579180869
-0.1516520781
-0.2347263902
-0.1917712402
-0.0984941374
-0.1184955348
-0.2531914998
-0.2242999387
-0.1727556871
-0.2180362720
-0.2271992755
-0.1321975352
-0.1856862198
0.0138383574
-0.2821117876
-0.0452175322
-0.1855745358
-0.2107317198
0.0127438816
-0.0362292272
-0.0897385663
-0.0549283030
-0.0990199626
-0.1540998866
-0.1885694263
-0.2233887065
-0.0486238374
-0.1605943500
-0.1849726848
-0.0612068186
-0.1257754152
-0.0855873114
-0.1436090816
-0.0538498038
0.0217200181
-0.1467348521
-0.0932772053
-0.1468694142
0.0048883694
-0.0438643321
-0.0459310557
-0.0058195442
-0.0369191561
-0.0598686305
-0.0614132692
-0.0499698710
-0.0203992123
-0.0354232777
-0.0099064701
0.0081324423
-0.0563532658
-0.0257968284
0.0572591885
-0.0861113175
-0.1405375670
-0.1256446136
-0.1546904946
-0.0578795380
-0.0304008942
-0.0294860705
-0.1313985553
0.1125020683
0.0045624037
0.0131850102
-0.0726527682
-0.0813948674
-0.2165859558
-0.0455769904
0.1142535527
-0.0228733025
0.0421517156
-0.1602220939
-0.0937807966
-0.0178737692
0.0092576395
-0.1122278201
-0.0400228390
-0.0268546173
-0.0064579134
-0.0439353691
0.0189140683
0.0528481828
-0.0222786094
0.1162981335
-0.0545490673
-0.0911728923
-0.0902975638
0.0990479009
0.0137425896
-0.0520803052
-0.0355311343
-0.0676323667
0.0599353474
0.0065661850
-0.0264925300
0.0765500166
-0.0872619501
0.0177025784
-0.0362239107
0.0538862386
0.1382989884
-0.1077906001
0.1280052431
0.0643021757
0.0120324533
0.0283101651
0.2027731821
0.0745682462
0.0210546664
0.1450090138
0.0895200945
0.0719478638
0.2000220753
0.1077081033
-0.0472373409
0.1228147559
0.2157737260
-0.0494831150
0.0649798478
0.1777799051
0.0858809979
0.2390660629
0.1228530073
-0.0003174683
0.0042145309
0.0016259942
0.0118778104
-0.1475896772
0.0972707003
0.0599413469
0.0267027704
-0.0248413278
-0.0209189199
0.2721175105
-0.0381915392
0.1456855938
-0.1425073672
-0.0818154154
0.0151603867
0.1196220540
0.1208359190
-0.0118487907
0.0894881857
0.2068768679
0.2003453047
0.1461883989
0.1694435371
0.1088817708
0.1338003615
0.1585888497
0.1010454524
0.2156446518
0.1547168013
0.1400350292
0.2997316054
0.1687623703
0.2166415132
0.1189780085
0.0570133440
0.3282720719
0.0945999015
0.1203515154
0.1946784491
0.0809281749
0.1813148611
0.2267408184
0.1533992915
0.1910911131
0.0687601715
0.2079980391
0.2197587759
0.0356114348
0.0437642601
0.1865134867
0.1746714207
0.1236703281
0.2300902584
0.1482388092
0.1761810941
0.1859735206
0.2229484701
0.2536130266
0.1029705789
0.2988038470
0.1181039460
0.4132323217
0.1438104480
0.2865985060
0.2812601181
0.1783589601
0.2737664860
0.2382110840
0.1150014602
0.4237073972
0.3157208510
0.1901783200
0.3025237752
0.1783793675
0.2345739403
0.1682630291
0.2534753257
0.2942510636
0.3258923129
0.0045022969
0.2113499597
0.2022226487
0.2009425504
0.2109054709
0.2572575976
0.2455282078
0.2259571991
0.3005426188
0.4406941748
0.2647150538
0.2285632773
0.1310409061
0.2577299262
0.3538966425
0.2310230844
0.2070724701
0.2390621765
0.3489855647
0.3280110813
0.3780068736
0.4854848337
0.2481561112
0.3699390154
0.2768446032
0.4005986208
0.4144865685
0.3004268108
0.2616941217
0.3627184499
0.1526286648
0.2922550530
0.3407453291
0.3892148200
0.3179973166
0.1489885384
0.2971837838
0.2759339358
0.2956569223
0.1260336800
0.2851636353
0.2053574164
0.2580871769
0.1340375610
0.2414464733
0.2597005439
0.2559794631
0.4535715422
0.2531809121
0.3622399848
0.4467102592
0.2966553337
0.3993710859
0.3235282142
0.4638934962
0.3170938064
0.3689992635
0.3544903498
0.3170131883
0.4078063976
0.3149739579
0.4005070571
0.2889040707
0.4426047544
0.3243050626
0.2955316518
0.4104578432
0.3671571279
0.5360076407
0.4827065896
0.3157599682
0.2989097697
0.3434512459
0.4099613418
0.3255849822
0.3790950511
0.3788215143
0.4462605325
0.4246309205
0.2395799410
0.1801300639
0.3634998948
0.5326599200
0.4448606922
0.4788897606
0.3356325242
0.3625625604
0.4785140618
0.3640596985
0.3667981243
0.2324317655
0.3885930915
0.3785059163
0.4133898330
0.4485255061
0.3693174914
0.5542149735
0.4695253622
0.4523820779
0.3829072459
0.4795070267
0.2970307335
0.4739270295
0.4287185432
0.4555755518
0.5244383203
0.4506682035
0.4922785842
0.4248922627
0.3234650410
0.4296983044
0.4274730195
0.3619030128
0.5214574786
0.4246199832
0.6349852702
0.3856687777
0.5350537953
0.4145732858
0.4480605379
0.4324123344
0.4855342381
0.4934759513
0.4247129207
0.5390084364
0.2967647984
0.4892406153
0.4483828959
0.4988855505
0.4621167906
0.4345984719
0.4818780551
0.4654926818
0.4704203353
0.4642850918
0.5262704305
0.4343320693
0.4289649541
0.5161936319
0.3963579033
0.4299523254
0.4824164506
0.3529913783
0.6257593318
0.4547993765
0.5896422069
0.5194481292
0.5249444939
0.5485160630
0.4939455617
0.3843576186
0.6536236330
0.4124347579
0.4680127239
0.5024095585
0.4932948542
0.5341829661
0.5391776927
0.6388202579
0.4871552060
0.5080498558
0.6113691101
0.4679220677
0.5695529629
0.5752401158
0.6276174345
0.5009540787
0.4018843263
0.6804913470
0.5689663204
0.6235480694
0.6285824595
0.5566881417
0.6376880295
0.5382532760
0.6495412534
0.6196708506
0.5709685818
0.6973516437
0.4757402344
0.5705187511
0.4927207617
0.4847037655
0.7068338978
0.6043105084
0.6028799938
0.5909789880
0.7105091722
0.6398612254
0.5537250290
0.6000945999
0.6728083767
0.6374572900
0.5912318444
0.6536881169
0.7924942233
0.4523197416
0.6231657937
0.6806760837
0.7547041034
0.5416133016
0.6964744449
0.6086137639
0.5884234449
0.5588859581
0.6191329000
0.6120399629
0.7561324463
0.8893373471
0.5296023152
0.6358801097
0.5109672686
0.6892961437
0.7605130057
0.7374940420
0.6442893734
0.6821597104
0.6875918036
0.5911329411
0.7561893348
0.7297967553
0.6989875195
0.7896585834
0.7512998836
0.6466099849
0.7007506993
0.7670036198
0.6898145121
0.7484157904
0.5821412968
0.5918164822
0.6801668301
0.6769684671
0.8321034809
0.7628585112
0.8281314888
0.6929651975
0.7168794971
0.6298723483
0.5335813763
0.6653012115
0.7319277365
0.8051317449
0.7358310387
0.5073658902
0.6669690422
0.8457871597
0.7056370584
0.8537440042
0.7544588598
0.7524355626
0.8972910804
0.6418856402
0.6887418411
0.8202573950
0.6938362594
0.7503611395
0.7217805871
0.7471712521
0.6111647747
0.8286765714
0.6971070250
0.5719391650
0.6525184619
0.7052999314
0.7892775563
0.6990989993
0.7410848200
0.7273813605
0.7999144650
0.8819804359
0.7408440956
0.8096185370
0.8147985398
0.7138705833
0.7897096198
0.7902735424
0.8042190766
0.8624996631
0.7968346502
0.6946889649
0.7375328961
0.7483441813
0.6748641852
0.8107048118
0.7165108782
0.8348305772
0.8350406213
0.8227546916
0.8204182410
0.9515384807
0.8384407754
0.9805295715
0.8494833506
0.6262069520
0.7866372165
0.7782891935
0.8606384156
0.7928812523
0.8106033252
0.8362518868
0.8979802080
0.7019987016
0.7941226186
0.9480659015
0.8669271019
0.9518802897
0.8421954972
0.9288450677
0.9271908218
0.7198949947
0.7620408628
0.8295997863
0.9470690185
0.8679157859
0.9534331858
0.9750341265
0.8436179544
0.8037874075
0.7469142888
0.8326746938
1.0576399473
0.9878047512
1.0066620172
0.8170973914
0.8654607809
0.9678930119
0.9663815388
0.8279198366
0.9184757848
0.8601084678
0.8989502060
0.8713244496
0.8344824857
1.0163365749
0.8615623479
1.1766990816
1.0056715579
0.8182013109
0.9731978136
1.0738897829
1.0360787119
0.9127136107
0.9063504267
0.8627342951
0.9875765641
0.8458480474
0.8949534886
0.9774420089
0.8381920548
0.9217138986
0.7828702924
0.9700682957
0.9548363317
1.0920372639
1.0149699443
0.8874198222
0.9336937744
0.8237687750
0.9231194929
1.0994579685
0.9148146946
1.0909980462
1.0596552025
1.0709466172
1.0928975794
0.9864194075
0.9490497628
0.9817086258
1.0073064093
1.0679802920
0.9105981106
1.0875509228
0.9607555330
1.0197959333
1.0701726757
1.1444276490
1.0520372184
0.9723626061
1.0400400422
0.9053950579
1.0358188408
1.1020592866
1.1012601970
