-1.1442159244
-1.0789704291
-1.0048375238
-1.0006586156
-0.9950452911
-1.0962711887
-1.0934148169
-0.9136807212
-1.0444401685
-0.9900606942
-0.9218866074
-0.7996503771
-0.9047058725
-1.0130313302
-1.0456265189
-0.8964598894
-0.9335025180
-0.8578776994
-1.0023063949
-0.9680364716
-0.9056971324
-0.9231651299
-1.0255910650
-0.7890460633
-0.9313127206
-0.8592104004
-1.0258494022
-0.9764694326
-0.9703631202
-0.9711381493
-0.9419777451
-0.8321210704
-0.9341419152
-1.1027282028
-0.8222208176
-0.8434385601
-0.9521624967
-1.1164940723
-0.8669926631
-0.9113692912
-0.6798267433
-0.8084170893
-0.8867512631
-0.9358788513
-0.7592752978
-0.8590860145
-0.9033247293
-0.8751000995
-0.9908875256
-0.9586339597
-0.9287445361
-1.0797557077
-0.8863758383
-0.8174958103
-0.8635622833
-0.7989702823
-0.9039248405
-0.9729421234
-0.8561191500
-0.8889777025
-0.9186350677
-0.8672620144
-1.0797206011
-0.9420804791
-0.8478171552
-0.8065670310
-0.7771963311
-0.7644929623
-0.8759344728
-0.9291373478
-0.8240866494
-0.9501665005
-0.8162175749
-0.9553065422
-0.9144836342
-0.9213366508
-0.7188028452
-0.7959694405
-0.8976375134
-0.9667272376
-0.7471304970
-0.9628522701
-1.0256353911
-0.8780648570
-0.8747534245
-0.8057037366
-0.6809514798
-0.9101616484
-0.8587163395
-0.7383452793
-0.8104842582
-0.8680889748
-0.7758070776
-0.8237363675
-0.7789064665
-0.7513887846
-0.8107289315
-0.8518061171
-0.6683123427
-0.8255062553
-0.7035306268
-0.7592702561
-0.7291998602
-0.7297324051
-0.7530969650
-0.9125975621
-0.7780673353
-0.7169707972
-0.7776114381
-0.7343387565
-0.9021771227
-0.6422849594
-0.7604940228
-0.7552339558
-0.6701365878
-0.7952831007
-0.7482021972
-0.6149063689
-0.8660330637
-0.7938112223
-0.7423107420
-0.8055288433
-0.9215492557
-0.7270762018
-0.8261505556
-0.7940357116
-0.6394637925
-0.7059870002
-0.8420262768
-0.7588075239
-0.8423592874
-0.8416243859
-0.7078027372
-0.7422086222
-0.6335515746
-0.6916276875
-0.6897045187
-0.8159715854
-0.5773422802
-0.7499638681
-0.7574214543
-0.7445389531
-0.7115032716
-0.7259026062
-0.6720418147
-0.8529749891
-0.5232311554
-0.6124142301
-0.7335486996
-0.7879626475
-0.7226477355
-0.6246383321
-0.6240798047
-0.6016272975
-0.6004078519
-0.5508904446
-0.6315977118
-0.8011214597
-0.5817178681
-0.7908703211
-0.6305150157
-0.8366972750
-0.7558161699
-0.8765996136
-0.7862175486
-0.5911454508
-0.7072536957
-0.7469651725
-0.6720437630
-0.6645850914
-0.6875522283
-0.5902669454
-0.4962790167
-0.5684116781
-0.6327660533
-0.6162642700
-0.6182972914
-0.8259231375
-0.5573807067
-0.5549941429
-0.7104098989
-0.7034397157
-0.7166487812
-0.5003631789
-0.6180721243
-0.6250780129
-0.6224971362
-0.5726777171
-0.7078098892
-0.6467133763
-0.5645340365
-0.6154457014
-0.6694144846
-0.6591960787
-0.6131290959
-0.6434282802
-0.6155718879
-0.6982570992
-0.6913539387
-0.6516275295
-0.6725380296
-0.6812813783
-0.7146607951
-0.4856029931
-0.3643759400
-0.5369473350
-0.5855083422
-0.5896410416
-0.5387043185
-0.6612782584
-0.5617015820
-0.4896848560
-0.5733938600
-0.6185507727
-0.6646262750
-0.3979871369
-0.5425824452
-0.4052992362
-0.6527041614
-0.5512919845
-0.4904922022
-0.6485128191
-0.4886268292
-0.5919878802
-0.5224924922
-0.5828255358
-0.5734520588
-0.4618815981
-0.5874555684
-0.5358112425
-0.5702050618
-0.3799892077
-0.6530302125
-0.6096727531
-0.5957023716
-0.5900776276
-0.4084667326
-0.4610116237
-0.6235766286
-0.6168789150
-0.4781380701
-0.5094315094
-0.6098840857
-0.5419134555
-0.5228883661
-0.5145783546
-0.5040809680
-0.4678679999
-0.5102661141
-0.5168495863
-0.6548319882
-0.5295506124
-0.5106120997
-0.5827047368
-0.5252324238
-0.5421255038
-0.6165681849
-0.4190184726
-0.6021141723
-0.4509207560
-0.3600646010
-0.4920099183
-0.5829973277
-0.5246789432
-0.4341760217
-0.6130871756
-0.5273367800
-0.5520819981
-0.4851666432
-0.4949547133
-0.5169633700
-0.4361970043
-0.4192262541
-0.4004073993
-0.5615573657
-0.3851517676
-0.4248077432
-0.4207072305
-0.4735753061
-0.3188561674
-0.5564793282
-0.5075302927
-0.3917085441
-0.3591808308
-0.3521448139
-0.6253138424
-0.4346774486
-0.5572083496
-0.5237992493
-0.4020742071
-0.4129384235
-0.3962844537
-0.3534823671
-0.4692046481
-0.3954569072
-0.5413718951
-0.4096708290
-0.3071649730
-0.3902329953
-0.3697260513
-0.4060654713
-0.4260216608
-0.3860459964
-0.3229960932
-0.4657870205
-0.4575051558
-0.4111140304
-0.3828879799
-0.4995368301
-0.2933612038
-0.4741548725
-0.3720966963
-0.5210075893
-0.4459195220
-0.3860892154
-0.3064963819
-0.4061054506
-0.2117322797
-0.4465161656
-0.4222644708
-0.2693275109
-0.3077538615
-0.3055902076
-0.2992821751
-0.3966368437
-0.2828418839
-0.5382863524
-0.4109106971
-0.3374299221
-0.1896299163
-0.2473630866
-0.2890329178
-0.2946043442
-0.4245740921
-0.4344404924
-0.1446845103
-0.2447067246
-0.3865079941
-0.2663302858
-0.3212091256
-0.3677488642
-0.4357245345
-0.4243883151
-0.2853664947
-0.3145837202
-0.3273989518
-0.4327713098
-0.3830769817
-0.3713377769
-0.1289235197
-0.2346414862
-0.3278931303
-0.1980857312
-0.4093223316
-0.2313675446
-0.3248339894
-0.3693480569
-0.1469014491
-0.2558722438
-0.3114402591
-0.3706728388
-0.2706320012
-0.3335078946
-0.3452572795
-0.3005384072
-0.4010360013
-0.2301985538
-0.3643885856
-0.3639038174
-0.3858402767
-0.2341297866
-0.3273985596
-0.2615754634
-0.2358230590
-0.3090057973
-0.1943185361
-0.2474528484
-0.2400320945
-0.2501112215
-0.2552716027
-0.2732917610
-0.1593643293
-0.2180291497
-0.2305712657
-0.1974907711
-0.0745800854
-0.2483421704
-0.3312517926
-0.2587647892
-0.2318360676
-0.2884476467
-0.2561815488
-0.1576607707
-0.1160428863
-0.4067735453
-0.2203358361
-0.2303793969
-0.0602427109
-0.0510912042
-0.1540481530
-0.3400001704
-0.3307018804
-0.1848125756
-0.3231110828
-0.1978585384
-0.2131305639
-0.1145965808
-0.2458421969
-0.0765248434
-0.1660571075
-0.2228756904
-0.0421434588
-0.1282185818
-0.1675297450
-0.1479877923
-0.2395387698
-0.1917204126
-0.0816133937
-0.1322621238
-0.2504295556
-0.2262544867
-0.1563767915
-0.2161171156
-0.2207569638
-0.1379085770
-0.2018369382
0.0162047386
-0.2752466106
-0.0786445014
-0.1568055252
-0.2163830839
0.0165051705
-0.0256260029
-0.0797730977
-0.0379151996
-0.1004405950
-0.1536258379
-0.1908013266
-0.2389237511
-0.0516727974
-0.1445680031
-0.1916109744
-0.0478798229
-0.1272166554
-0.0788765735
-0.1654945982
-0.0557888122
0.0250978226
-0.1538377228
-0.0931730213
-0.1426173378
0.0008936820
-0.0315822236
-0.0526881628
-0.0230998182
-0.0385454676
-0.0554517237
-0.0708985986
-0.0324633148
-0.0391360250
-0.0307674544
-0.0001058901
0.0065903109
-0.0430420461
-0.0139702204
0.0324391455
-0.1035451645
-0.1385874862
-0.1374657275
-0.1474421830
-0.0449055174
-0.0267817138
-0.0112142263
-0.1352662485
0.1327783057
0.0017338665
0.0148028694
-0.0780159470
-0.0701415685
-0.2340473631
-0.0600991563
0.1135306717
-0.0154042926
0.0409853375
-0.1449195346
-0.0997278305
-0.0232447127
0.0170590524
-0.1396542014
-0.0690864226
-0.0653437033
-0.0034082460
-0.0216899622
0.0301686662
0.0201923607
-0.0117514632
0.1167074375
-0.0540179407
-0.1115819420
-0.1009986950
0.1035690982
0.0126759539
-0.0374805877
-0.0130024503
-0.0701401575
0.0601811450
-0.0006385442
-0.0124608631
0.0626596633
-0.0712138565
0.0305508599
-0.0246086890
0.0601956339
0.1565622909
-0.1146385033
0.1385520356
0.0504197489
-0.0076016108
0.0195695581
0.1976595204
0.0690736303
0.0084406996
0.1346420152
0.0881144915
0.0420589828
0.1927907568
0.1242747542
-0.0512841077
0.1229220502
0.2272213287
-0.0420584826
0.0692360658
0.1697722215
0.0822566524
0.2478786433
0.1270317022
-0.0235812483
-0.0074340375
-0.0075025530
0.0268385116
-0.1358823580
0.1100247496
0.0261353788
0.0409263691
-0.0025690443
0.0046001251
0.2639473849
-0.0594882097
0.1387583099
-0.1296609339
-0.0761366327
0.0127229078
0.0873439038
0.1131027577
-0.0225911994
0.0958600288
0.1909230802
0.1838337233
0.1470855750
0.1247612561
0.0835739475
0.1152405464
0.1611440063
0.0820285809
0.2144907349
0.1498706772
0.1228417063
0.3046579157
0.1536491788
0.2151150276
0.1254913723
0.0578358635
0.3222553377
0.0957999786
0.1380298904
0.2046832158
0.0990873588
0.1864419526
0.2499154678
0.1600160717
0.2000680616
0.0825362738
0.2304548825
0.2214662503
0.0432442286
0.0591161309
0.1746317318
0.1663446917
0.1007716274
0.2316787131
0.1583778896
0.1699545025
0.2116903701
0.1994750018
0.2382165723
0.0920683390
0.2833742053
0.1156597159
0.4142017381
0.1482029754
0.2763423962
0.2738606631
0.1839702277
0.2986603579
0.2536383809
0.1265808510
0.4121325738
0.3052724089
0.2220025055
0.2977783562
0.1862335587
0.2448312075
0.1670490345
0.2535478759
0.2818048244
0.3225633569
0.0165027400
0.2539508452
0.2281057787
0.1934196913
0.2112472800
0.2455220286
0.2433891800
0.2448649861
0.3015749959
0.4265084833
0.2392260875
0.2194171227
0.1335056161
0.2879423607
0.3422729645
0.2398041981
0.1996291360
0.2175327519
0.3380230036
0.3179248896
0.3833714209
0.4639502483
0.2351483991
0.3702798875
0.2787113418
0.3992985420
0.3972813781
0.2954036555
0.2549447620
0.3717506246
0.1474851253
0.2900572845
0.3217383357
0.3801424211
0.3280115949
0.1139106017
0.3248138862
0.2864900772
0.3092974937
0.1428919867
0.2698703000
0.2150750178
0.2762533173
0.1375645156
0.2481423653
0.2698713586
0.2662383666
0.4515317509
0.2286665534
0.3821291920
0.4235910687
0.3172658497
0.4026359838
0.3183996134
0.4389340910
0.3140980048
0.3681209653
0.3607697030
0.3312020391
0.4062805967
0.3274966580
0.4216166910
0.2974722889
0.4504917298
0.3331529121
0.2830862025
0.4233429068
0.3591581804
0.5296749861
0.4680669990
0.3319320927
0.2677338931
0.3443421460
0.4137201507
0.3441443929
0.3946237074
0.3649836819
0.4462173609
0.4209856683
0.2333877178
0.2034514233
0.3868537865
0.5571652803
0.4401707382
0.4673535382
0.3421033082
0.3692815384
0.4766480812
0.3338499608
0.3620238985
0.2173196989
0.3856606857
0.3643316719
0.4301513845
0.4755291628
0.3750502251
0.5440463695
0.4668608379
0.4636182650
0.3929266014
0.4946956663
0.2922560449
0.4975365650
0.4173987260
0.4686744222
0.5296390159
0.4445146225
0.4873665789
0.4193877929
0.3122235036
0.4211803584
0.4328964438
0.3736192402
0.5141521114
0.4207868389
0.6278225583
0.3990467801
0.5379140583
0.4234027918
0.4313059811
0.4056831741
0.4840654892
0.5037015151
0.4315827963
0.5609536801
0.3039921228
0.4806584310
0.4573386656
0.4984281572
0.4535253721
0.4294887168
0.5074740813
0.4765564571
0.4664933388
0.4481353236
0.5057153263
0.4268685999
0.4353616109
0.5121684868
0.3882223202
0.4208127151
0.4646489797
0.3499179599
0.6203346708
0.4458506164
0.6140641043
0.5265489825
0.5363521224
0.5686796417
0.4725192770
0.4060050031
0.6361091697
0.4068545552
0.4786109072
0.5039703166
0.5284416359
0.5416094783
0.5318414753
0.6378024729
0.4767057854
0.5089349589
0.6004416556
0.4841522517
0.5841746389
0.5834698574
0.6272042894
0.5153722185
0.4024746841
0.6943559148
0.5594926982
0.6022013342
0.6406164888
0.5414970665
0.6579678291
0.4887563469
0.6543846459
0.5992957779
0.5623579640
0.6890684574
0.4958932349
0.5644127213
0.4714124198
0.5085826708
0.7058782786
0.5880916164
0.6207004677
0.6116149283
0.6729853673
0.6193255041
0.5670301328
0.6105626714
0.6446390342
0.6422133504
0.5988999838
0.6537764397
0.7762068199
0.4684806478
0.6060003549
0.6867045595
0.7490449263
0.5415461175
0.7041152313
0.5926216820
0.5966042057
0.5741848907
0.6328693447
0.6054889913
0.7751150114
0.9055782012
0.5408565354
0.6236715582
0.5135910091
0.7088244735
0.7514608192
0.7307498448
0.6248747207
0.6803199932
0.6828553445
0.6025327142
0.7422901466
0.7164443621
0.6807721955
0.7937619471
0.7379811838
0.6425532667
0.6990952535
0.7590733729
0.6993355039
0.7372275767
0.6073859250
0.6039368755
0.6574028018
0.6625617126
0.8163873578
0.7481815220
0.8394013856
0.7088445757
0.7263170295
0.6105104610
0.5311065741
0.6667893709
0.7268560878
0.8248901000
0.7459522086
0.4836584582
0.6532365189
0.8161385511
0.7062954810
0.8177517830
0.7455323246
0.7451321659
0.8941387462
0.6525586928
0.6751926585
0.8369116327
0.7130535803
0.7522727761
0.6878935183
0.7704089661
0.6065162081
0.8282118509
0.6809948187
0.5823490780
0.6531318941
0.7059474299
0.7996407602
0.6904285686
0.7277854501
0.7471751644
0.7882838035
0.8913728543
0.7098790983
0.7967295613
0.8274380883
0.7177209049
0.7872618638
0.7945773763
0.8131902295
0.8688632534
0.8202784374
0.6976437268
0.7530906478
0.7297716880
0.6946211905
0.8218158390
0.7162824663
0.8254335589
0.8178898550
0.8030226147
0.8118969540
0.9653779497
0.8332062905
0.9701410432
0.8630183255
0.6371027610
0.8122284842
0.7819326859
0.8638998504
0.7934721855
0.8082882073
0.8400889173
0.8877240164
0.7091784195
0.8067270915
0.9656670397
0.8424737580
0.9524848026
0.8344250184
0.9154029195
0.9354266143
0.7195646930
0.7762198992
0.8099777584
0.9199958399
0.8595808424
0.9642033386
0.9771855301
0.8359856882
0.8215971220
0.7610276653
0.8495000483
1.0470209638
1.0006668210
0.9948056545
0.8211449452
0.8649498284
0.9736625287
0.9711310193
0.8381139286
0.8781274685
0.8444009215
0.8857934845
0.8446835901
0.7954187466
1.0050396849
0.8582190370
1.1997569998
1.0044352874
0.8338935104
0.9506145000
1.0875727382
1.0349411809
0.9256425282
0.9038084318
0.8565006423
0.9891179547
0.8509662433
0.8867087230
0.9674945619
0.8466468709
0.9129062798
0.7713752043
0.9956829626
0.9605760217
1.0828102931
0.9874149453
0.8884269074
0.9065182747
0.8187844151
0.9111894922
1.1025240496
0.9374718217
1.0976874959
1.0801599169
1.0298146984
1.0764892790
0.9888144833
0.9460385957
1.0161985006
1.0078146845
1.0392396043
0.9108235348
1.1000594364
0.9632249012
1.0267472350
1.0833805217
1.1269783628
1.0477753370
0.9704499148
1.0464773262
0.8884856233
1.0376258135
1.1271386749
1.0997132524
