-0.8712442617
-0.9984774479
-0.9836046274
-0.9564281543
-0.9571487109
-0.9522429671
-1.0401317157
-0.9269121995
-0.9740437202
-1.0034671377
-1.0400043810
-0.9885842061
-1.0720458699
-0.9954520034
-0.9566192347
-0.9530980010
-1.0080772376
-1.0310865864
-0.8964414333
-0.7324865545
-1.0176579729
-0.8660081036
-0.9225782525
-0.9981713699
-0.9299311031
-0.8790774232
-0.9776222311
-0.8022600633
-0.9948689743
-0.9148617575
-0.9778967450
-0.8655922668
-0.7941444581
-1.0658021847
-0.8673495054
-1.0201422025
-0.9222293447
-0.8219227923
-0.7494635316
-0.7938029277
-0.9014827077
-0.7461319821
-1.0257806729
-0.9320020973
-0.9520365551
-0.6998446048
-0.8354826640
-0.8475002036
-0.9486421197
-0.8165708728
-0.8021007076
-0.9328906492
-0.9603622410
-0.8415164583
-0.8736478641
-0.9691250952
-1.0274636011
-0.8291072333
-0.9559261173
-0.7906847404
-0.8475654908
-0.9850903689
-0.8249056445
-0.8043168227
-0.9449008943
-0.8999471600
-0.8492835933
-0.9345493859
-0.9208841270
-0.8284466800
-0.9525508419
-0.7404510655
-0.7377678865
-0.7539256203
-0.9612922287
-0.9466518472
-0.8093551888
-0.8533919676
-0.8351075761
-0.7923436254
-0.8080059862
-0.7522538927
-0.7887321884
-1.0040236668
-0.7119974950
-0.7359839706
-0.7933439352
-0.9599102458
-0.9561257047
-0.7907912472
-0.8323674103
-0.5338335576
-0.6676642249
-0.8809520359
-0.9284326596
-0.7566191539
-0.7871928097
-0.8056988390
-0.8286114610
-0.8343360666
-0.8711647453
-0.8273902995
-0.7479180537
-0.8444572479
-0.8328783108
-0.8261890524
-0.8934661156
-0.9775330079
-0.8912664379
-0.7286923882
-0.8199701931
-0.8568741314
-0.7479950947
-0.8466958376
-0.8145447302
-0.6864287612
-0.7012281176
-0.6199294739
-0.8252948812
-0.6063458012
-0.5869166270
-0.7036505584
-0.8065314127
-0.6643268783
-0.7426818375
-0.5655011933
-0.6041130356
-0.6132153071
-0.9272501791
-0.6911215659
-0.6961973403
-0.6695143311
-0.7058021519
-0.7464724897
-0.7221890505
-0.7997752031
-0.6293081975
-0.6906537006
-0.7021139222
-0.6676505145
-0.7914445684
-0.6633958145
-0.7026491654
-0.7871569338
-0.6255986109
-0.8152575651
-0.6831357863
-0.7261438981
-0.7982250506
-0.5022834783
-0.7085227439
-0.8099874043
-0.5664605082
-0.6669611488
-0.6644236307
-0.6520216723
-0.7418731857
-0.5875265763
-0.6982675382
-0.8170748299
-0.8144085537
-0.6019336840
-0.5395627258
-0.6671319915
-0.5998403471
-0.7311677541
-0.7362044298
-0.6790827870
-0.6121330395
-0.7774202559
-0.7371011446
-0.6754858040
-0.6892300816
-0.6465951576
-0.6027727473
-0.6800513011
-0.6314101923
-0.6271633423
-0.6649539704
-0.5947834794
-0.6416044625
-0.4948470038
-0.7042242445
-0.5815748137
-0.7171825237
-0.7506832445
-0.5124004872
-0.6393505745
-0.5991443160
-0.6849753368
-0.6851715298
-0.6778744109
-0.7286406420
-0.7097269345
-0.6821701201
-0.5851989706
-0.6055618768
-0.4468777775
-0.6311145556
-0.5745976216
-0.5287919643
-0.5399487801
-0.5031375820
-0.5112085134
-0.6013726089
-0.5738808483
-0.6790712653
-0.5003800930
-0.5458376660
-0.5411415467
-0.8085783107
-0.6497880567
-0.6114806112
-0.6053769659
-0.3795732834
-0.4613357334
-0.5355681827
-0.5363846308
-0.5427301348
-0.6055387628
-0.6191187006
-0.6327371009
-0.4963898114
-0.5367372488
-0.6175722739
-0.5098733807
-0.6365853105
-0.4801343363
-0.5675660845
-0.5270581795
-0.2994992362
-0.6042781181
-0.6029732825
-0.5984677341
-0.6322873518
-0.5128030135
-0.5012152535
-0.5018862050
-0.5449275095
-0.4938126967
-0.5354873876
-0.6067503984
-0.4385183472
-0.5087404452
-0.4919462132
-0.5261653099
-0.5469024432
-0.5349924913
-0.4651103603
-0.5352419676
-0.4482406552
-0.5634131858
-0.4470569708
-0.4982338030
-0.5305503668
-0.4850495598
-0.3038499717
-0.4550991997
-0.5872473622
-0.3961614274
-0.3509134438
-0.4631224409
-0.4702888932
-0.3757372409
-0.5318074566
-0.5845496734
-0.5003578322
-0.5285861047
-0.3778418839
-0.3777829670
-0.3572048254
-0.3856984639
-0.4048402461
-0.4320508312
-0.5763249066
-0.5145520436
-0.3904075499
-0.4324219422
-0.4239808098
-0.3750709990
-0.3082274576
-0.5508849613
-0.3653922283
-0.3514403656
-0.4657045609
-0.3968019093
-0.4004357328
-0.4026983785
-0.4646040428
-0.4227997414
-0.4983134394
-0.4965684366
-0.5318667020
-0.3969163033
-0.5546366144
-0.3189828660
-0.3352735226
-0.4450603574
-0.2869279661
-0.3608637805
-0.3621678274
-0.4413574841
-0.4359184830
-0.3402967374
-0.2609266013
-0.4591151943
-0.3549597286
-0.4358436662
-0.3474170862
-0.3125181051
-0.4860307997
-0.4171825083
-0.4704471615
-0.3239915244
-0.3336840260
-0.3133688611
-0.5271373820
-0.2787393234
-0.4188815788
-0.2256729120
-0.2910548383
-0.3374442647
-0.2623853381
-0.2793991255
-0.2888889951
-0.3942851398
-0.4102551120
-0.5385704159
-0.3484072271
-0.2886846161
-0.2724259668
-0.4558708783
-0.3566661207
-0.4180023416
-0.3533418250
-0.2062785308
-0.4096917327
-0.3438947692
-0.2659424603
-0.3330611500
-0.3609124608
-0.1858693814
-0.2107954216
-0.1138161796
-0.4438011625
-0.3737219076
-0.3122699826
-0.3034483862
-0.2836126020
-0.3053919142
-0.2711377051
-0.3497581518
-0.2164772164
-0.1967020136
-0.3770276642
-0.2045228000
-0.4444101809
-0.3386255629
-0.3717677303
-0.2915059556
-0.2989331515
-0.3193534982
-0.2429597687
-0.3819135494
-0.4647583694
-0.4470767631
-0.2563800930
-0.2967510919
-0.1267017103
-0.2904082059
-0.1977184258
-0.1915332119
-0.1735199141
-0.2370123983
-0.2865540499
-0.2050347999
-0.2601075783
-0.3211070330
-0.1974611938
-0.2219532153
-0.3557159188
-0.0840521600
-0.3233360034
-0.3920281385
-0.3073286953
-0.2606017682
-0.1526950621
-0.1299621145
-0.1330313806
0.0088097020
-0.2716393822
-0.3378056954
-0.1565235185
-0.2903333590
-0.1650050631
-0.2201441663
-0.2090868395
-0.2408311941
-0.2676698977
-0.3280205787
-0.2793633840
-0.2109372365
-0.0974278206
-0.1806160368
-0.1120706274
-0.1391175073
-0.3158333253
-0.0365650077
-0.1933090106
-0.1377848503
-0.1822949542
-0.1080148200
-0.0734589865
-0.0681107963
-0.2754799987
-0.2408369704
-0.1009783572
-0.3201319161
-0.1664396734
-0.2135942550
-0.3043152913
-0.1988003027
-0.0858002801
-0.1095877352
-0.0113103049
-0.1902870797
-0.2121016291
-0.1064635671
-0.0727696277
-0.0869233259
-0.1514507384
-0.1738647950
-0.1114631172
-0.0754294294
-0.0600150804
-0.1743665465
-0.0519910562
-0.0139571615
-0.2490732730
-0.0751554365
-0.0126413319
-0.1058972565
-0.0987458025
-0.0337697024
-0.0133548588
-0.1393436953
-0.0948050383
-0.0719210834
-0.1419998388
-0.0262878302
-0.0404991149
-0.0969313952
-0.1670834353
0.0162350929
-0.1223506573
-0.0954722082
-0.1302249716
0.0128529226
0.0405049725
-0.1498823138
-0.1157917902
-0.0728464591
-0.1400230847
-0.1373306817
-0.0848546394
-0.1209576409
-0.0212329264
-0.0177574753
-0.0832256518
-0.1175596087
-0.1764395664
-0.1564781620
-0.1396119305
-0.1462350594
-0.1120482985
-0.0496891361
0.0104381779
0.0853790562
-0.0625959739
0.0139133261
0.2177556699
-0.0155832198
0.0247692521
0.0546725365
0.0339865564
-0.1599543147
-0.1529974565
-0.1364722010
-0.0186519080
0.0720873172
-0.0698102105
0.0453633621
0.0208410087
0.0111407965
0.0759579330
-0.0307186101
-0.0006195699
0.0196613846
-0.1470412053
-0.0798012346
-0.0698450787
0.0433141750
0.1280708216
-0.0384045796
-0.1003885163
0.0402990214
-0.0930119329
0.1027217035
-0.1406349506
0.0437971098
0.0182178802
0.1970858017
0.0077517715
-0.0037370585
0.0402554655
0.0948733039
-0.0314832404
-0.1605121779
0.1139992295
-0.1428453461
-0.0224947740
0.0159394000
0.1348642659
-0.2277662296
-0.0819048152
-0.0068384079
-0.1089638168
0.0742976132
-0.0574157630
0.0191725096
0.0943121612
-0.0302362138
-0.0148256541
-0.0811760248
0.0788165381
0.1269940731
0.0431524986
-0.0279870691
-0.0016930028
0.0782168510
0.0959818938
0.0912548222
0.0830494084
0.3307911327
-0.0770669558
0.2488709475
0.1749916813
0.1318344225
0.0322032182
0.0717968139
0.1791577605
0.0407931933
0.0819916687
-0.0378964205
0.1229988572
-0.0660925979
0.1494651852
0.1142515518
0.0921527332
0.0969704611
0.0663407077
0.1130960461
0.1622706869
0.1378136226
0.0715641079
0.0996223873
0.1698291833
0.0555478018
0.1657789468
0.1390108295
0.2719951689
0.0484185110
0.2026243687
0.1520542705
0.0059051244
0.1347969338
0.0420193621
0.1393864365
0.2145266062
0.2587297476
0.1456298651
0.1926315181
0.1826024219
0.2172159239
0.0854212659
0.1390559542
0.2806555990
0.1799390031
0.0828632204
0.1825725638
0.2241634004
0.3203944810
0.2547868783
0.1704469995
0.2782875698
0.0592740963
0.2304474097
0.2764548313
0.2450998298
0.1995252868
0.0224509628
0.2474451080
0.1701071521
0.2988342312
0.2715932963
0.1082674455
0.1891403558
0.2875795352
0.0989137074
0.2635010770
0.1295143738
0.1565779039
0.3137529592
0.2965070132
0.2700183910
0.1843867106
0.2686745462
0.0463541128
0.2818037689
0.3943803068
0.3727349385
0.0934677208
0.3936022033
0.2070337899
0.2818961690
0.2182664024
0.1907088799
0.1457297118
0.2354694872
0.2558458864
0.4237720596
0.2472300313
0.1340172588
0.2095753066
0.3305404578
0.2543254387
0.3506198360
0.3019226806
0.3370159863
0.2771141098
0.2641985486
0.1268514120
0.2774650306
0.1333183452
0.2855667696
0.4239162623
0.3732894916
0.1780717820
0.3689360529
0.4743321407
0.1722666670
0.2906343113
0.1476303883
0.2993188188
0.1884676475
0.2527840262
0.3490744901
0.2187829729
0.2922088525
0.2762437693
0.3024401884
0.3940028599
0.2558489410
0.2240222108
0.2566960595
0.2892052838
0.3289890032
0.3212141305
0.2323935643
0.3491175365
0.4333535761
0.2951019987
0.3681955264
0.3206076759
0.2382052123
0.3020047642
0.4481780326
0.3040693382
0.3234188143
0.4194166078
0.3917660806
0.3145675803
0.2895104126
0.2976570165
0.4261500926
0.4046742615
0.4647396086
0.4089249272
0.5062333045
0.4124277820
0.3444922211
0.4140710929
0.3162715123
0.4088978337
0.2150977644
0.4316043076
0.4132715635
0.3460373984
0.4645790745
0.2977395053
0.4252239621
0.3302907756
0.4993021148
0.4145806106
0.2827095941
0.5144348639
0.3864231056
0.3857995563
0.4408899050
0.3993083386
0.4423185025
0.3547946978
0.3731111699
0.4316360595
0.3604996483
0.2525384765
0.4558220062
0.4200037552
0.4483714449
0.4252325787
0.5050207464
0.4026069482
0.4127613913
0.6070088066
0.4972672954
0.4943029647
0.4650987153
0.4841877060
0.5193957706
0.3585924924
0.4669951184
0.5477615582
0.3403043596
0.5618871060
0.6240536516
0.5384194361
0.3268922776
0.4043425440
0.4936357910
0.5641597848
0.6224989031
0.5221081973
0.5149675836
0.4328391625
0.3990881709
0.5213535215
0.5682844726
0.4933645814
0.6358375857
0.5517349822
0.4109281807
0.6523651415
0.5280554110
0.5084055648
0.5532417042
0.4712932685
0.5261623529
0.6370008403
0.5567747731
0.4151366080
0.5406037484
0.5468625811
0.5406039057
0.5746506682
0.5442372349
0.7632551428
0.5187499937
0.5525616792
0.3699448886
0.5213155327
0.4600754779
0.5612668964
0.5690051730
0.5793241188
0.4282908166
0.6484124578
0.5584519311
0.4641737066
0.7084091306
0.6161257692
0.5899821028
0.7175160677
0.5366007712
0.5748671658
0.5862104148
0.4737602746
0.6074986972
0.6229731314
0.6388463631
0.6404442181
0.5162683509
0.4596287590
0.5395124217
0.4796602894
0.4651546393
0.6685812737
0.4312723225
0.5363933588
0.4382298959
0.5786080460
0.6666542349
0.5672457727
0.6449711500
0.6528518915
0.5166618523
0.5744570443
0.6851185021
0.5623031423
0.5653802362
0.5404249318
0.7599772702
0.5930620424
0.5725564478
0.6417889609
0.6561954030
0.4648924221
0.6188925275
0.6225339449
0.6511557661
0.7758172859
0.4595995399
0.5851286628
0.7251528486
0.7694728355
0.5521999925
0.5296238949
0.6063968411
0.8653257824
0.6477756202
0.6457022807
0.7394636893
0.5466217279
0.7317433213
0.7328821206
0.6202380110
0.6651792843
0.6406353721
0.5964541052
0.7413224758
0.7562344797
0.7282208258
0.6315317688
0.5874167402
0.6789363653
0.5849437693
0.7805884556
0.7265751649
0.7123942882
0.7385855871
0.7882880945
0.6850313821
0.7486596432
0.6378732797
0.5563659946
0.7239794520
0.6055672105
0.6940169948
0.6215865685
0.7443017439
0.7968101657
0.7528443498
0.6645443319
0.6445861349
0.6688485706
0.8355163932
0.7375388834
0.8708330646
0.9254241550
0.8211735333
0.7532867095
0.6702077249
0.7005900532
0.6325196206
0.7186392844
0.8647823186
0.8725891153
0.8505638806
0.6770245694
0.6294883719
0.8291560167
0.7816978770
0.7531896459
0.7603117530
0.7809828433
0.8324327234
0.7150051485
0.9048931812
0.8147592996
0.8548757213
0.7329085265
0.8248819507
0.9485768008
0.7072710403
0.7457094004
0.8314190519
0.7988730344
0.6779465430
0.7930610797
0.7829559581
0.8609569793
0.7067324678
0.7091365204
0.8118279098
0.7706652617
0.7978984770
0.9456365338
0.7741502394
0.8168283723
0.9332130506
0.8125662665
0.9211735388
0.7754689215
0.9135326224
0.9896978009
0.7710997557
0.8091537433
0.8115374112
0.8929039161
0.8756029013
0.8163202609
0.8316995207
0.7789470466
0.8862417990
0.8170359493
0.8631092582
0.9664637523
0.8422897491
0.7916421209
0.9454053590
0.8537710797
0.8251943046
0.7484712768
0.9817314209
0.7646716830
0.9067163182
0.8695171268
0.8490775509
0.9139914554
0.9619745067
0.8730768308
0.9835193624
0.8027574244
0.8044656205
0.9144810681
0.7972684960
0.9027381740
0.7485595318
0.9588414559
0.9768193928
0.8163363804
0.8233887823
0.9873187909
0.8795105465
0.9682714927
0.9119759374
0.8204514800
0.8277035075
0.8316395466
0.8411124733
0.9655777704
0.9436381240
1.0146495747
0.8806410849
0.8890756898
1.0413837122
1.0828868842
0.9688462418
0.8905386302
0.8941086491
1.0374162215
0.8902362546
0.9601660299
0.9122869838
0.9131736805
0.8900383833
0.8756391008
1.0286532969
0.9929391897
0.9251318921
1.0475494681
0.8809742666
0.9241072486
0.8882042067
1.0539309305
0.9534609608
0.8846677043
1.0009199200
0.9572202260
1.0323502418
0.9796594891
1.0619661634
1.1249983642
1.0387055321
0.9837407392
1.0510274979
0.9004229114
1.0810316809
1.0609007439
1.0414658287
1.0908438788
