-0.9653560818
-0.9139681612
-0.9876965099
-0.9812015389
-1.0354274707
-0.9158439697
-1.0638353680
-0.9982077429
-0.9159484041
-0.9294094593
-0.9546160626
-0.9330535718
-1.0022717443
-0.9763761777
-1.1120637701
-0.9205274100
-0.9982972925
-0.9243504693
-0.9658475051
-1.0904004512
-1.0695999736
-0.8265369477
-0.8588747973
-0.8982455178
-0.8657181720
-0.9290844765
-1.0207018911
-0.8739314061
-0.9363023790
-1.0335967281
-0.8854331353
-0.8401112534
-0.9135715812
-0.6226989418
-0.9341214347
-0.8414857787
-0.7852315892
-0.9811908203
-0.8963865693
-0.9409484058
-0.9496761238
-0.9602256942
-0.7830062889
-0.9179093574
-0.9897393089
-0.8658298713
-0.7652158649
-0.7579855288
-0.9300837922
-0.9124265342
-0.9667779032
-0.8599226685
-0.7410482970
-0.8051467175
-0.9438704912
-0.9860169958
-0.7973674517
-0.9311807348
-0.8254338576
-0.9386488799
-0.7934642342
-0.8895459007
-0.8685401911
-0.8205412870
-0.7666683614
-0.8231246871
-0.9645943912
-0.8672034890
-0.9464699047
-0.8618538133
-0.8420185911
-0.7923398253
-0.8765584171
-0.8731584142
-1.0037013887
-1.0525538444
-0.9356541190
-0.8796296335
-0.9910158115
-0.9885638466
-0.8893135629
-0.7396546278
-0.7512397216
-0.8571769529
-0.7160817560
-0.8217171519
-0.9063241372
-0.8618854290
-0.8031968406
-0.8235194335
-0.9090606182
-0.7813958831
-0.8101822206
-0.9193671204
-0.7774149070
-0.7267001223
-0.8142842107
-0.8223292137
-0.8948772816
-0.9101685078
-0.9012316373
-0.8214687041
-0.7640556722
-0.7132728130
-0.7773264656
-0.7054440966
-0.6412049406
-0.7602371870
-0.7694335531
-0.7904152969
-0.7023029321
-0.8009566134
-0.7816884231
-0.7058591534
-0.8845368760
-0.6691126885
-0.7875835506
-0.7869143454
-0.6159183011
-0.8383795531
-0.6832840872
-0.7058693231
-0.6816924424
-0.6819148908
-0.5907853095
-0.8442820529
-0.7185109442
-0.7355686854
-0.9227171734
-0.7789974079
-0.7396817492
-0.6556117294
-0.7829608390
-0.8201589356
-0.7809658809
-0.6318891091
-0.6728296501
-0.7824183229
-0.7798606552
-0.8603290192
-0.7055153280
-0.7616850955
-0.6051886900
-0.7610421851
-0.6126652604
-0.7171749115
-0.6263138450
-0.7269940348
-0.8818438694
-0.6359797824
-0.5172998036
-0.6692891183
-0.8730265338
-0.7833956707
-0.6880923638
-0.7420106894
-0.5790914003
-0.7647400578
-0.7291564363
-0.6136125101
-0.7400314573
-0.7512575424
-0.7278167644
-0.6455926486
-0.5507146535
-0.6356744867
-0.5889241378
-0.5843145824
-0.6403434635
-0.7166210813
-0.7153244256
-0.5819821160
-0.6158979793
-0.6653306059
-0.6408352065
-0.5981739831
-0.5744117813
-0.6936624707
-0.7058075171
-0.5768406039
-0.6867931245
-0.6132463353
-0.6439591048
-0.6594897036
-0.5778708575
-0.5876611992
-0.8016294471
-0.4925653128
-0.6645894456
-0.6168118531
-0.6176366265
-0.5117379762
-0.5966505048
-0.6396198024
-0.7412503371
-0.7466172409
-0.6475095413
-0.7224222368
-0.6374296733
-0.5664480996
-0.5364893855
-0.7123971166
-0.5462749578
-0.6183122696
-0.5362722623
-0.6339420125
-0.6285176815
-0.5881822174
-0.5770588275
-0.5211970899
-0.5702835159
-0.4515677039
-0.4698295720
-0.6329647551
-0.5672850135
-0.6446098741
-0.4490033394
-0.5825767660
-0.6442106139
-0.6437436650
-0.5559626066
-0.4467810249
-0.5716338392
-0.5645204212
-0.5674532812
-0.5372674348
-0.5876853464
-0.6104822516
-0.4921443656
-0.7310036956
-0.4954229721
-0.5394010785
-0.4313946816
-0.6248630901
-0.4682509134
-0.6105936599
-0.4423094292
-0.5495252496
-0.5026591858
-0.7350494945
-0.6610809515
-0.6135633539
-0.4927776363
-0.6183903694
-0.5688193675
-0.5825696920
-0.3880282679
-0.5000679294
-0.4025198534
-0.4822801075
-0.4349375855
-0.4913967539
-0.4512074339
-0.4872085425
-0.3891873635
-0.5128168067
-0.5841417516
-0.4564752565
-0.4168227775
-0.4525388320
-0.4936069154
-0.5128871706
-0.3584095697
-0.5549754886
-0.4168336294
-0.5092260491
-0.4649370959
-0.4728411332
-0.5432355622
-0.5175046473
-0.3315152834
-0.4008805224
-0.4744003468
-0.5736286196
-0.4985710923
-0.4968682862
-0.3499919081
-0.3256895134
-0.5847888055
-0.4139196330
-0.4071656074
-0.4591846795
-0.4114281544
-0.3808712138
-0.3579414639
-0.3494914688
-0.4183075296
-0.4715527993
-0.4889228035
-0.3409441227
-0.4637054341
-0.4242070010
-0.2975784092
-0.3647756020
-0.4799619649
-0.5530172605
-0.3850103062
-0.3014354679
-0.3980904952
-0.4812539525
-0.4061397872
-0.3421848803
-0.4182741982
-0.5625222272
-0.3707778439
-0.5810787588
-0.4254958021
-0.3163218018
-0.3499593094
-0.4077407984
-0.4854160984
-0.4978057078
-0.3011452181
-0.4550688842
-0.2308230716
-0.4236410501
-0.3382404785
-0.4228143753
-0.3730882603
-0.3466107989
-0.2977108195
-0.3876318720
-0.4385922708
-0.2054322122
-0.4486335075
-0.4303390256
-0.3916437280
-0.4064364908
-0.2303135627
-0.3070168367
-0.1958748003
-0.3132759903
-0.2604414531
-0.3389555722
-0.3660702989
-0.3119040691
-0.2122290749
-0.2998344751
-0.3108585509
-0.3054132972
-0.2902706736
-0.2182715785
-0.3020629476
-0.4596833912
-0.2940780511
-0.3540580951
-0.2559259429
-0.4004745173
-0.2524130057
-0.3666278715
-0.2951355161
-0.4080581468
-0.3602518835
-0.2908528430
-0.3933553512
-0.2561389749
-0.2552466397
-0.3023677996
-0.2664626455
-0.3686005100
-0.2064847297
-0.4428549499
-0.2461591645
-0.2473195612
-0.2099415785
-0.1672529324
-0.4026283809
-0.2855705708
-0.0976397069
-0.3576726738
-0.1854209350
-0.2687997512
-0.1076300597
-0.2743581294
-0.2331185626
-0.2066860612
-0.3062496975
-0.2657419958
-0.1514008336
-0.2698993955
-0.1259602864
-0.1516293654
-0.1463132089
-0.0796921478
-0.2313991638
-0.2386643535
-0.2560221831
-0.0656505257
-0.2952380092
-0.2958927396
-0.1114615147
-0.2685486937
-0.2813387719
-0.2584987109
-0.2311355030
-0.1847356623
-0.2670756739
-0.2641678179
-0.3216201539
-0.1740164147
-0.2709251997
-0.2061746998
-0.1764761938
-0.3352779172
-0.0828871434
-0.1989150464
-0.0773634308
-0.2522237718
-0.3514775898
-0.1777606605
-0.0442472042
-0.2301985684
-0.1200638441
-0.2205129585
-0.1132759809
-0.1721791805
-0.2941537367
-0.0223379567
-0.2041058583
-0.2573936754
-0.2844101175
-0.2029668849
-0.1114978330
-0.2955321947
-0.0596572628
-0.2729147342
-0.1590991328
-0.1610368086
-0.2248684085
-0.0006528222
-0.2264345160
-0.2691582697
-0.1868748325
0.0110984512
-0.0317485736
-0.0688206508
-0.1681431764
-0.0651974878
-0.1363415713
-0.0678324815
-0.0641570555
-0.1431350808
-0.1845962897
-0.2198128566
-0.1839428071
-0.1245545949
-0.1687825174
-0.1055800523
-0.0070566001
-0.1648681099
-0.1510396532
-0.1490267278
-0.0347170007
-0.0905643082
-0.0775685970
0.0457469137
0.1161344868
-0.0277466701
-0.0579808992
-0.1082796636
-0.0243293855
-0.1257829857
-0.2376710161
-0.0484345530
-0.0855332752
-0.0253012884
-0.0392865998
0.0664629586
-0.0103260211
0.0062801252
0.0464986460
0.0164625590
-0.1498753044
-0.0319229059
-0.0197303630
-0.0094526185
-0.0530226207
0.0446026268
-0.0596347106
-0.1410838788
-0.0626501723
-0.0744840793
-0.0824527806
0.0783327340
-0.1595366327
0.0565740929
0.0896172308
-0.0959062800
0.0678437703
0.0398080527
0.0772944512
0.0867574117
-0.0298404446
0.0584464325
0.0608820145
0.0077162745
-0.0157991281
0.0102174281
0.0164788046
0.0529369206
0.0040339125
0.0634129565
-0.1847506610
0.0530977843
0.1294508588
0.0100538853
0.1445771804
0.1130251054
-0.1227840744
0.0442766964
0.1350026750
0.1426539402
0.0442022316
-0.0074455553
0.0515422862
0.2493588921
-0.1407435223
-0.0031767570
0.0322471981
0.0306556226
0.1877726697
-0.0207061573
0.0742807818
-0.1443329181
0.1947390893
0.0013462779
0.0477643657
-0.0041117547
0.0096978624
0.0832572072
0.0669213279
0.1387620443
0.1356152055
0.1857495828
0.0008687037
0.0482689273
0.0860586621
0.0097769081
0.0920278752
0.0540492124
0.0369687894
0.1090695479
0.0804917069
0.1402437677
-0.0165882815
0.0138376712
0.1722585903
0.0601751400
0.0799835963
0.1200134084
0.2667475172
0.1112839606
0.1830041447
0.0962126521
0.0631041491
0.1225632356
0.1470644784
0.1960666732
0.1828730899
0.1702416752
0.0987726515
0.2741975375
0.1313081630
-0.0108318577
0.1102214736
0.1467852853
0.1063274090
0.1598496051
0.1351116646
0.1553264513
0.0697601836
0.0883018811
0.1365971502
0.2907319109
0.0951016393
0.1334127801
0.1824228050
0.1323181116
0.1879233142
0.1310954846
0.1467888144
0.1830088085
0.0438688418
0.1373744650
0.1439362181
0.1202163995
0.1611114549
-0.0537056190
0.2433558138
0.3148116199
0.0896168274
0.2291033548
0.1269955839
0.1055774524
0.1184466227
0.3376876640
0.1956302040
0.2282602922
0.3262576560
0.2283169577
0.1857632437
0.2562025922
0.0207123227
0.2904496235
0.2255750137
0.2169552280
0.2599402609
0.3357354769
0.2847593838
0.2388032725
0.1532016044
0.1684868727
0.0966456763
0.2630333927
0.2255696524
0.3150181195
0.3040553434
0.3581117510
0.1290542854
0.0897159163
0.3058938451
0.2928846633
0.3499340532
0.1893289253
0.1389607550
0.3048662628
0.2065918399
0.2284006331
0.2888422988
0.2492727546
0.2120288115
0.3000676902
0.3367588649
0.3230823495
0.3447432946
0.2166215862
0.3240220591
0.1932366647
0.1808659775
0.1554939560
0.3495983709
0.0929246845
0.4187800637
0.1910038275
0.2816761539
0.4301071596
0.2262017277
0.3970673035
0.3959096493
0.3937404687
0.2616678896
0.1081520193
0.3026207783
0.1987440414
0.2523556864
0.2304884656
0.2925820084
0.2884992613
0.2793373648
0.3827239035
0.4128962271
0.3898400954
0.2685558677
0.5141365314
0.3143149652
0.4599443697
0.3383265504
0.2489198281
0.3827282932
0.3421722939
0.3078264457
0.4181748386
0.2033517678
0.2726908547
0.3761942693
0.4770318318
0.3025917756
0.3966901685
0.3751753360
0.2531434954
0.3222619032
0.4319560344
0.2964744022
0.3333764847
0.3787569333
0.4986693551
0.2295087584
0.1551427239
0.4079269511
0.4028623122
0.4427483914
0.2580774721
0.2767261522
0.3956810623
0.4127536193
0.3725998293
0.2980355643
0.4571316405
0.3297469459
0.3356092368
0.4239439516
0.4656857581
0.3782679748
0.3649521711
0.4146660785
0.2614307379
0.4453975066
0.4984303659
0.4603286769
0.3950859606
0.4006571010
0.4388169548
0.4587377250
0.4077378663
0.3975372647
0.5119897608
0.4414261357
0.3979487270
0.4605027983
0.4297887604
0.3948644300
0.5447952429
0.3921835825
0.4626932672
0.4906627711
0.3485341570
0.4525533425
0.4431539049
0.5055447509
0.4629043365
0.4482875765
0.4298412844
0.4369922178
0.4340124005
0.4472164211
0.4464936856
0.4829228864
0.3860608229
0.5400914853
0.4944408707
0.3129499180
0.3799443083
0.4550288728
0.4156958746
0.4000916382
0.5119597890
0.3550272565
0.4332563965
0.3757221644
0.5210169022
0.4921670796
0.5632192226
0.5795337082
0.4419829089
0.5454954723
0.6138951088
0.4184490270
0.4848670598
0.5522370065
0.6451811628
0.4501432741
0.6460082934
0.6142132710
0.4914445355
0.5459173184
0.5920831248
0.4633652220
0.4454522672
0.5359665332
0.4952208230
0.5237424239
0.4984569755
0.4869691633
0.6490594011
0.5362576549
0.5538667749
0.4495086909
0.5774821197
0.5171904593
0.5514456536
0.5295759251
0.6168422061
0.5324749510
0.5731268650
0.4360023729
0.6389172485
0.5336739447
0.5018174390
0.4368922942
0.7038333961
0.4633427271
0.5870015842
0.6146409143
0.6818370520
0.7512905990
0.5455939173
0.4668823366
0.5758938120
0.5269208429
0.5925579277
0.6069479750
0.5617846698
0.7916860219
0.6696051112
0.5563883599
0.6070216443
0.5903629289
0.6850779644
0.6001885928
0.7109585854
0.7631547599
0.5920567848
0.5785497168
0.5980681403
0.7211319747
0.7890940000
0.5889752367
0.6209380619
0.6466920094
0.5929284337
0.7601694913
0.6219699909
0.6415714098
0.6114596127
0.7691624801
0.7060091929
0.6779158750
0.6190341731
0.6378782394
0.7880700336
0.7499596499
0.6464457340
0.6722117998
0.5419924593
0.7305826588
0.6289978971
0.6389956070
0.7536471186
0.6038531417
0.6681190405
0.7149630224
0.7279160232
0.6590520073
0.8441245647
0.6455604247
0.7195697229
0.7032779859
0.5484666815
0.7968182792
0.7542934581
0.6346265050
0.6569351730
0.6366477637
0.6422150648
0.6126145188
0.6471878886
0.8110961991
0.7231608095
0.7147595066
0.7784259915
0.7670310029
0.7617876087
0.7594516611
0.7860750498
0.6654012748
0.7404211639
0.5976356547
0.7822780155
0.6907572765
0.5937044743
0.7631907492
0.6981002403
0.8668812969
0.7850129246
0.8288811669
0.7393835305
0.7249786847
1.0279299781
0.6926982002
0.8431459284
0.7535695746
0.8394808675
0.7304702154
0.7178939967
0.7587936267
0.8476796265
0.6408712348
0.6755005221
0.8329320173
0.8662462715
0.8364573731
0.7032826568
0.8526776017
0.7612314990
0.8441128139
0.7001347724
0.8341708790
0.7953515546
0.8688973234
0.8897778597
0.7864711966
0.7786398311
0.8657293211
0.6972594577
0.7984621661
0.9011872205
0.8180798515
0.8159679724
0.8059731013
0.7808528978
0.6800482967
0.7651042499
0.7936111725
0.9186452760
0.7865864547
0.8179743217
0.8774795298
0.8117997641
0.8463088176
0.8089814353
0.7165387816
0.7741964056
0.7027155780
0.8325472408
0.8547234122
0.8011860163
0.9731227122
0.7504252144
0.8572401639
0.7503322070
0.8570923502
0.8655101708
0.8872543472
0.7766096238
0.9371257353
0.8440263713
0.9601338861
0.9456261542
0.8044944783
0.8592567013
0.9117367350
1.0627585466
0.9333468287
0.8795804246
0.8472469812
1.0095826902
0.8195780356
0.8287846222
0.9254356260
0.9852965393
0.9421008093
0.9832650680
0.8648047114
0.9842857054
0.8673973839
0.7953201486
0.8201823330
0.9237315009
0.9400803259
0.8169612674
1.0433984555
0.7618279505
0.8338307304
1.0771607847
0.9732659219
1.0489719994
0.9981647292
1.0182111170
0.8554967195
0.9546976876
0.9120877848
1.1826684604
0.8922764682
0.8404931522
1.1068315633
1.0019060456
0.9977914124
0.9813277970
1.0522397042
0.9428578110
1.0141136384
1.0430095108
0.9421900023
0.8336506617
0.9533000998
0.8555029070
0.8893262861
0.9948224557
1.1029547246
1.0141645081
1.0067671171
1.0121525214
0.9803287087
0.8983374111
0.9071134978
0.9571285336
0.9864067495
1.0057005014
1.0756384012
0.9930221293
