-0.8883185195
-1.0242966498
-0.9990687845
-0.9470811767
-0.9629743662
-0.9372871475
-1.0274015001
-0.8978328542
-0.9665165890
-0.9991994474
-1.0348559993
-1.0094835448
-1.0841490947
-0.9949744560
-0.9551973044
-0.9568206141
-1.0095060669
-1.0180092132
-0.8851409777
-0.7315578967
-0.9792500315
-0.8726488092
-0.9318358119
-1.0099628189
-0.9300310105
-0.8822270490
-0.9819622271
-0.7854815821
-0.9725154986
-0.9202521265
-0.9840352381
-0.8603199545
-0.7802004903
-1.0490543816
-0.8608711892
-1.0239708732
-0.9283997134
-0.8281209702
-0.7636173677
-0.8231666311
-0.9034122708
-0.7666562914
-1.0327287217
-0.9297940961
-0.9451395148
-0.7201623937
-0.8424319367
-0.8710011913
-0.9334867190
-0.8141681547
-0.8033760546
-0.9115583419
-0.9242935891
-0.8377527462
-0.8945189860
-0.9802152900
-1.0522532335
-0.8011187823
-0.9428705509
-0.7648358886
-0.8572945198
-0.9906726317
-0.8430488345
-0.8050264163
-0.9397098276
-0.9218541682
-0.8649600263
-0.9074630107
-0.8926665328
-0.8272482562
-0.9230103102
-0.7546737309
-0.7198375760
-0.7627430474
-0.9544954596
-0.9501025963
-0.8198912713
-0.8441530629
-0.8381715616
-0.7878460673
-0.8210800971
-0.7516747599
-0.8001048638
-1.0128966259
-0.7151060715
-0.7195207128
-0.8136489927
-0.9585309278
-0.9621648891
-0.8012753298
-0.8334710829
-0.5159294859
-0.6687017348
-0.8747554931
-0.9076077800
-0.7507286453
-0.7868446064
-0.8032320198
-0.8209771659
-0.8259278163
-0.8655694864
-0.8327174959
-0.7482313652
-0.8488728938
-0.8361632705
-0.7952844041
-0.9115898057
-0.9808449186
-0.9078964277
-0.7331684266
-0.8235624878
-0.8637478550
-0.7490067902
-0.8061609370
-0.8304430834
-0.6814979399
-0.6933134266
-0.6139226842
-0.8350575092
-0.6065563338
-0.6078838850
-0.7096482621
-0.8101804756
-0.6588267434
-0.7344720845
-0.5831843355
-0.6131583897
-0.6197318877
-0.9148355673
-0.7036300226
-0.6860352582
-0.6647716841
-0.7106289061
-0.7579528525
-0.7098946816
-0.7784851000
-0.6198071530
-0.6979566310
-0.7126975044
-0.6721780338
-0.7894881530
-0.6736694055
-0.7355189203
-0.7953608451
-0.6361393409
-0.7723115035
-0.6981558423
-0.7341547495
-0.7793152757
-0.5315906794
-0.7186571769
-0.8020345945
-0.5688839223
-0.6610096874
-0.6395398305
-0.6456857926
-0.7113152453
-0.5987842492
-0.7020714718
-0.8042760140
-0.8032043398
-0.6057094261
-0.5348384296
-0.6771173367
-0.5848722444
-0.7273594847
-0.7355953915
-0.6761000421
-0.6015386295
-0.7845543214
-0.7271300322
-0.6571949504
-0.7084215000
-0.6333269460
-0.5930744016
-0.7029323939
-0.6387746836
-0.6298950144
-0.6729913683
-0.6000571954
-0.6260827370
-0.5077718722
-0.6907485154
-0.6030599345
-0.7071954743
-0.7233233341
-0.5119520765
-0.6357182878
-0.5805583859
-0.6896603308
-0.6837038151
-0.6820274112
-0.7132491118
-0.6819790765
-0.6834202593
-0.5658386688
-0.6230221799
-0.4616297749
-0.6267815037
-0.5752807811
-0.5375329212
-0.5399064414
-0.5015309621
-0.5509035146
-0.6008707939
-0.5728647941
-0.6804843208
-0.5048380551
-0.5587798098
-0.5368525994
-0.8100798001
-0.6608748171
-0.6220666459
-0.5949749541
-0.3933880532
-0.4684368983
-0.5395565467
-0.5206378401
-0.5458533567
-0.5880078501
-0.6253377482
-0.6434462258
-0.4784175509
-0.5540883992
-0.5993422157
-0.4897885861
-0.6465145082
-0.4896225765
-0.5763762412
-0.5326754557
-0.3368164333
-0.6157502406
-0.5818646131
-0.6164969620
-0.6334241251
-0.5298688829
-0.5070566960
-0.5057645444
-0.5351691008
-0.5021217289
-0.5591242600
-0.5890178649
-0.4271373587
-0.5075591274
-0.5143887479
-0.5544198333
-0.5380280892
-0.5243726061
-0.4571057757
-0.5493113518
-0.4371039392
-0.5272025661
-0.4431349290
-0.5083758086
-0.5568622763
-0.4901843319
-0.3025879604
-0.4641890152
-0.5932666578
-0.4229236119
-0.3503485933
-0.4637114707
-0.4493146455
-0.3750555479
-0.5259599147
-0.5948105830
-0.5004004348
-0.5230682418
-0.4010025438
-0.4020300697
-0.3992110231
-0.3876800271
-0.4408007950
-0.4387318884
-0.5799577347
-0.5210260769
-0.3758566788
-0.4556942049
-0.4187992197
-0.3740541287
-0.3103553819
-0.5608205013
-0.3520453894
-0.3580798425
-0.4676564151
-0.4154270787
-0.3936348172
-0.3954778022
-0.4533891367
-0.4252630579
-0.5053507613
-0.4812710844
-0.5300964607
-0.3980138778
-0.5470030941
-0.3115414689
-0.3296402753
-0.4418774330
-0.2827652147
-0.3839093430
-0.3643287877
-0.4295751593
-0.4437840250
-0.3114237594
-0.2584036403
-0.4488690468
-0.3619340250
-0.4152347472
-0.3410541772
-0.3153172660
-0.4656417430
-0.3870093456
-0.4761873601
-0.3332073471
-0.3682640492
-0.2789806740
-0.5466342371
-0.2670386284
-0.4193503034
-0.2362161888
-0.2648239413
-0.3462035460
-0.2352211425
-0.3084471743
-0.2874194671
-0.4007661394
-0.3858174703
-0.5251518041
-0.3429139556
-0.3031606275
-0.2551879606
-0.4449728086
-0.3718076315
-0.4186517867
-0.3417811750
-0.2252578856
-0.3976429908
-0.3646512651
-0.2585708310
-0.3337200483
-0.3508983496
-0.2025531469
-0.2364254823
-0.1111979961
-0.4384389714
-0.3722562555
-0.3111128032
-0.3135358467
-0.2872534669
-0.3124440414
-0.2840746019
-0.3410535777
-0.2346903521
-0.1987364974
-0.4058895308
-0.2122524969
-0.4499326941
-0.3430027463
-0.3715575545
-0.2792861494
-0.3013106872
-0.3166596956
-0.2070905328
-0.3745119696
-0.4957338372
-0.4372581171
-0.2506689434
-0.3246978628
-0.1104723504
-0.3009315578
-0.1817004304
-0.2058698267
-0.2036133256
-0.2114689624
-0.3117591730
-0.1860532514
-0.2418496380
-0.3152354001
-0.1919518910
-0.2135933298
-0.3473092972
-0.0931427679
-0.3203572706
-0.4029768054
-0.3088515095
-0.2509458639
-0.1557687402
-0.1271628662
-0.1472994363
0.0004759393
-0.2813526251
-0.3451015241
-0.1559943170
-0.3061644379
-0.1740840617
-0.2220917276
-0.2070957892
-0.2499326999
-0.2990658876
-0.3210833704
-0.2698743858
-0.1983085054
-0.0886384182
-0.1707986286
-0.1062465197
-0.1438806228
-0.3011828987
-0.0345284878
-0.1989213309
-0.1416339716
-0.1832180193
-0.1196739519
-0.0837674348
-0.0831022150
-0.2580235923
-0.2398732684
-0.1255020358
-0.3283118457
-0.1682030968
-0.2043858346
-0.3011939303
-0.2046707266
-0.0963858589
-0.0919484546
-0.0274166280
-0.1823017854
-0.2185068551
-0.0789519318
-0.0811047818
-0.0828441863
-0.1457231337
-0.1515874255
-0.1328790024
-0.0616577088
-0.0108210216
-0.1503444318
-0.0572853805
-0.0260471507
-0.2615916206
-0.0631777546
-0.0130361662
-0.1033832396
-0.1153544026
-0.0412678316
-0.0316780478
-0.1352438559
-0.0768452335
-0.0743919160
-0.1312087325
-0.0298639819
-0.0429671471
-0.1100308114
-0.1424898156
0.0072522213
-0.1247658770
-0.1120197021
-0.1189778408
0.0087928643
0.0202777286
-0.1163477610
-0.0930222556
-0.0766862183
-0.1281100693
-0.1405343940
-0.0919610796
-0.1443981050
-0.0019923875
-0.0198884572
-0.0684426657
-0.1371058456
-0.1827417408
-0.1426508407
-0.1357816045
-0.1564543029
-0.1132862260
-0.0584533303
-0.0150514238
0.1034043732
-0.0631586893
0.0130887323
0.2184541738
-0.0167405110
0.0043306241
0.0468115681
0.0408953371
-0.1628999207
-0.1552106696
-0.1224429709
-0.0192369189
0.0576341222
-0.0636202832
0.0734917021
0.0087622396
0.0042670441
0.0820017517
-0.0327008062
-0.0245893563
0.0142458520
-0.1405788423
-0.0816589768
-0.0729213177
0.0564554054
0.1394614535
-0.0374460363
-0.0859403749
0.0435147521
-0.0889261438
0.1112309395
-0.1371851320
0.0539176048
0.0107718454
0.1889577005
-0.0070386664
0.0185074124
0.0203948461
0.1179831914
0.0065176283
-0.1570133212
0.1076093428
-0.1349046841
-0.0278100581
0.0017576690
0.1116550555
-0.2027195899
-0.0999037644
-0.0108822966
-0.1204678560
0.1231620707
-0.0800355320
0.0352969306
0.0877598166
-0.0381466332
-0.0163429758
-0.0821983233
0.0779644219
0.1291069928
0.0318125590
-0.0320926070
0.0167273085
0.0699352017
0.1150960922
0.0844722398
0.0679272719
0.3338213417
-0.0828273486
0.2455776222
0.1764673769
0.1581829704
0.0120837819
0.0663931587
0.1539940206
-0.0089630345
0.0981970730
-0.0337776678
0.1257073398
-0.0535942948
0.1512939198
0.1377319877
0.1123121179
0.1082410765
0.0949166795
0.1295190168
0.1612841503
0.1544474551
0.0922632216
0.0923003340
0.1368645454
0.0526644645
0.1535503911
0.1501665654
0.2584512604
0.0433885367
0.2024136737
0.1432561025
0.0016975605
0.1358016999
0.0373010120
0.1346422821
0.2091085742
0.2629668359
0.1175708386
0.1721091726
0.1822777631
0.2339888920
0.0858643491
0.1206402429
0.2711923607
0.1692745130
0.0784811733
0.1759694818
0.2365699978
0.3273862570
0.2922165076
0.1806369688
0.2676145310
0.0627641635
0.2216918033
0.2698222521
0.2438731957
0.1923720268
0.0365202103
0.2339909671
0.1764455495
0.3271835260
0.2663840123
0.1284834073
0.1688228956
0.3006978993
0.1015775488
0.2537256487
0.1329525641
0.1428435899
0.3132637132
0.2965756116
0.2621187951
0.1954512825
0.2374251314
0.0689120004
0.2757787436
0.3817796574
0.3881565080
0.1245895764
0.3693348790
0.2076242668
0.2885565832
0.2091394098
0.1857163662
0.1463125835
0.2266030769
0.2727598161
0.4315491325
0.2419761728
0.1204145739
0.1948097751
0.3152265546
0.2515550661
0.3411933116
0.2876888566
0.3442929210
0.2682162008
0.2655554957
0.1317968474
0.2795427928
0.1263278476
0.2766604132
0.4269920832
0.3736704730
0.1646536215
0.3680854199
0.4705376346
0.1798802195
0.2910845518
0.1467314214
0.3001077489
0.1835575527
0.2498964392
0.3489370738
0.2128386069
0.2812490293
0.2477502194
0.2996878919
0.3921404567
0.2621074243
0.2241553436
0.2559910465
0.2810995153
0.3324751602
0.3250827949
0.2268352900
0.3432532419
0.4266477503
0.2646188251
0.3763661381
0.3234925425
0.2375388354
0.3140510100
0.4328510529
0.3044329174
0.3289914477
0.4152144254
0.3811625518
0.3089482300
0.2673484600
0.3185984756
0.4295535451
0.3879470061
0.4703649492
0.3899891373
0.5047402111
0.4101187796
0.3199738158
0.4368330254
0.3195377211
0.4103418226
0.2063972748
0.4227135967
0.3962171326
0.3484285139
0.4608145728
0.3260668831
0.4082240500
0.3509945026
0.4962616070
0.4202936175
0.3118760664
0.5125263712
0.3926537927
0.3503849283
0.4553866053
0.4023543720
0.4357018031
0.3718050432
0.3579854495
0.4259813418
0.3386424623
0.2421295723
0.4688643170
0.4148739640
0.4335499825
0.4502132434
0.4988442568
0.4325366424
0.4136546597
0.5873549459
0.4923324326
0.4817515955
0.4890432949
0.4972271785
0.5258073463
0.3743983579
0.4712219556
0.5165303880
0.3418707081
0.5668977442
0.6049206643
0.5278699769
0.3247357987
0.4019239962
0.5106220428
0.5677984083
0.6092512914
0.5156451478
0.5314425996
0.4204026419
0.3771861398
0.5217760253
0.5561021997
0.4852918335
0.6360525814
0.5720389374
0.4228835530
0.6475123120
0.5083474733
0.5125094528
0.5475562591
0.4836134981
0.5281704313
0.6536034992
0.5372652682
0.4009157822
0.5430870930
0.5180677471
0.5345845497
0.5857783010
0.5351148517
0.7563872816
0.5265540246
0.5565939927
0.3608418003
0.5097408632
0.4594939160
0.5237525692
0.5813806874
0.5882454502
0.4085683094
0.6396207879
0.5695119127
0.4579922934
0.7258372180
0.6154064522
0.6100742759
0.7284465906
0.5020435300
0.5997579821
0.5790160300
0.4858063658
0.6013545592
0.6015076728
0.6437436895
0.6586258473
0.5413980263
0.4466530780
0.5534911476
0.4733214312
0.4575233241
0.6804632635
0.4350741451
0.5235056936
0.4282883900
0.5837011217
0.6365488098
0.5830045966
0.6438786875
0.6588895398
0.5155492947
0.5695100378
0.6854735255
0.5864315084
0.5559209199
0.5451364826
0.7463472006
0.5900206340
0.5804987287
0.6220718307
0.6596782348
0.4588005867
0.6338067828
0.6349264399
0.6442548088
0.7653963957
0.4625127868
0.5846008477
0.7378893312
0.7591807986
0.5600924734
0.5369412072
0.6060705877
0.9010343228
0.6277004256
0.6310056717
0.7401834003
0.5485924950
0.7493119089
0.7411861812
0.6355821167
0.6566441944
0.6733683141
0.6100399725
0.7305239577
0.7663501629
0.7524685676
0.6409442426
0.5791194496
0.6771072153
0.5894441051
0.7756508289
0.6929207782
0.6890878986
0.7503708100
0.7937437440
0.7089284390
0.7646985705
0.6448683120
0.5493615684
0.7411244606
0.6133471783
0.6907969563
0.6051933329
0.7305259974
0.8003529264
0.7412119969
0.6847619889
0.6531529598
0.6596107651
0.8206501354
0.7457385376
0.8444671994
0.9247779371
0.8129366765
0.7457396806
0.6674278252
0.7106521858
0.6307717593
0.7110579720
0.8486927241
0.8503627861
0.8297019567
0.6826301115
0.6467746743
0.8289756572
0.7715750850
0.7313963696
0.7676373940
0.7634278082
0.8258931002
0.7077060205
0.9132533751
0.8136988362
0.8241028216
0.7282816856
0.8116116542
0.9377092299
0.6954941249
0.7398832367
0.8119813892
0.7740152160
0.6749778727
0.7877462365
0.7906007660
0.8386861132
0.7137296406
0.7014542244
0.8115792106
0.7848643916
0.7962114855
0.9470065939
0.7808017985
0.8406891837
0.9077270708
0.7983173956
0.9283472630
0.7739939823
0.9426068987
1.0058046963
0.7896725136
0.8028615529
0.8241834251
0.9074093208
0.8568637322
0.7903227676
0.8345826076
0.7647677427
0.8771909110
0.8409991747
0.8453118651
0.9532916915
0.8908099936
0.7919861156
0.9491580376
0.8551635401
0.8314969240
0.7593252868
0.9890834287
0.7653294758
0.9051053658
0.8568060739
0.8507693447
0.9318423798
0.9703072935
0.8465933405
0.9931946223
0.8045627678
0.8067302425
0.9167548620
0.7955529389
0.8813274781
0.7334252762
0.9468543403
0.9673563080
0.8151383237
0.8153694393
0.9783555044
0.8730784602
0.9568575458
0.9268605466
0.7990897759
0.8260455447
0.8540917912
0.8458856774
0.9660925765
0.9515219196
1.0045526517
0.8982851873
0.8964099208
1.0294934747
1.0789970910
0.9484039422
0.9123960005
0.8790142057
1.0370324419
0.9232103352
0.9499356240
0.9209857489
0.9041869793
0.9214888595
0.8779457963
0.9910942615
0.9795035010
0.9216584480
1.0758985224
0.8856477799
0.9200409588
0.8981937937
1.0475216694
0.9441783378
0.9152020474
1.0190827720
0.9476785691
1.0129646528
0.9915721750
1.0871779524
1.1236617589
1.0538394351
1.0209196410
1.0350483739
0.8920432842
1.0882971427
1.0570619329
1.0204868595
1.1212622162
