-1.0180313164
-0.9558599736
-1.0236658761
-1.0625825300
-1.0269889749
-1.1480666822
-1.1129820504
-0.9935970214
-1.0414875440
-1.0318095759
-0.9042542534
-1.1259425693
-1.0618901850
-0.9410523755
-0.9434097884
-0.8708800955
-1.0638988100
-1.0536773051
-0.9932085552
-0.9399924596
-0.9775227752
-0.7941187981
-1.0600640345
-0.9239250519
-0.9148853592
-0.9236405400
-1.0490660991
-0.9937241021
-0.9540816710
-1.0016686607
-0.8861150751
-0.8926062991
-0.9721267473
-0.9069883181
-0.9898050279
-0.9354256935
-0.9623997675
-1.0967884654
-1.0730706651
-1.0053136842
-0.9239646697
-0.8965090260
-0.9097471590
-1.0454496764
-0.8468814815
-0.9279554536
-1.0437148900
-0.9341743787
-0.8304567798
-0.8363385004
-0.9373629702
-0.9070182542
-1.0045995302
-0.8683655501
-0.9016664868
-0.9442261697
-1.1395375906
-0.9307223865
-0.9119563647
-0.8869741703
-0.8537804851
-0.9133382299
-0.8208413770
-0.9188213862
-0.8904719456
-0.8436006490
-0.8694583592
-0.8894512664
-0.8574415632
-0.9161996232
-0.7623184989
-1.0456290860
-0.8553302635
-0.7899074312
-0.6841006648
-0.8730620489
-0.7212884450
-0.8306977843
-0.9244732812
-0.9435169605
-0.9542613763
-0.8953616791
-0.7502773360
-0.8183295232
-0.7516463366
-0.8319045675
-0.8116962601
-0.7284590757
-0.8160056860
-0.7111400287
-0.7916137535
-0.6666820663
-0.8102535057
-0.9517769271
-0.8548684326
-0.8477716703
-1.0341006891
-0.6730747747
-0.8349439422
-0.7031395072
-0.7956926275
-0.9220831543
-0.8005174931
-0.8418393721
-0.7978234912
-0.8038843904
-0.8175221415
-0.9022474909
-0.8640906719
-0.9222410980
-0.6976183017
-0.8639390568
-0.7804264603
-0.6675657557
-0.7217018895
-0.8558503800
-0.7830985407
-0.8594857769
-0.7377182240
-0.8341375499
-0.7606840041
-0.6852852005
-0.6821561309
-0.7794618741
-0.7038695733
-0.8025896046
-0.7494221117
-0.6992382768
-0.8340609051
-0.7210787243
-0.7228979140
-0.6213979811
-0.7033892766
-0.8928236495
-0.8499490088
-0.7005198376
-0.6740040172
-0.7377143637
-0.6407636667
-0.9129935254
-0.7744213777
-0.7291185649
-0.7722721526
-0.6328025911
-0.6122402859
-0.7990727290
-0.7002742494
-0.6696820178
-0.6909598813
-0.6368018803
-0.5691617231
-0.8564463930
-0.8770248237
-0.6462978390
-0.8479269418
-0.6959881220
-0.6561733493
-0.6528341549
-0.7205387773
-0.8013287801
-0.7817575319
-0.7864493043
-0.7514439211
-0.6520339004
-0.7552693209
-0.4979479523
-0.6818935891
-0.5124812516
-0.5718315782
-0.6757097316
-0.6996942303
-0.7159125563
-0.6222631998
-0.8263207633
-0.5712977250
-0.7735293112
-0.6657922328
-0.8968087957
-0.6969705309
-0.6609341050
-0.6149547519
-0.5542570300
-0.4965810053
-0.6326307384
-0.4736741565
-0.7135579761
-0.6303465832
-0.6989743025
-0.5470178857
-0.8217482185
-0.6031161083
-0.6742756050
-0.7008811773
-0.5967438775
-0.5948711541
-0.6277120475
-0.7926244242
-0.6208544520
-0.6602845200
-0.6889354211
-0.5086789915
-0.6476876665
-0.6357131079
-0.7118241383
-0.5782957901
-0.6531268995
-0.5448946482
-0.5076697213
-0.4531021636
-0.7118297931
-0.5964860286
-0.5304289021
-0.6471540129
-0.5466490959
-0.4811412696
-0.6607309785
-0.6025847854
-0.7218229316
-0.4966335625
-0.6277842937
-0.5776880494
-0.6181695601
-0.4433518872
-0.5492166814
-0.4167197961
-0.5022197328
-0.5081666218
-0.5702381737
-0.5995394023
-0.4910079295
-0.4311173778
-0.5493049596
-0.6133624486
-0.6205365423
-0.5103932819
-0.5593663827
-0.6318791694
-0.5362855686
-0.5562709005
-0.6432773074
-0.6197019855
-0.4738670892
-0.5864336021
-0.5091169900
-0.6496809350
-0.5450016432
-0.5718605053
-0.3917229065
-0.4968580937
-0.6508087430
-0.6365304999
-0.5773014771
-0.4671929536
-0.5610048322
-0.4345259309
-0.5162000440
-0.5897687315
-0.3967899409
-0.4141916766
-0.5838106659
-0.3609969323
-0.4571375195
-0.4618121782
-0.4398431689
-0.3459737580
-0.4660761105
-0.4864506841
-0.3291455911
-0.3138685312
-0.3437713633
-0.4684131594
-0.4553662264
-0.4036954700
-0.5180003530
-0.3804656524
-0.4820174737
-0.4501475629
-0.3858119018
-0.4071462747
-0.4450067015
-0.4520190456
-0.3450897729
-0.4557389287
-0.4694916700
-0.3971576719
-0.3210960864
-0.4076487448
-0.5404342964
-0.5092971063
-0.3574084191
-0.4420252432
-0.4030659150
-0.3268654634
-0.4540451797
-0.4406505531
-0.3727406694
-0.4640537926
-0.4975905267
-0.4095946813
-0.3981038464
-0.3935234324
-0.5349294767
-0.3633160990
-0.2644327574
-0.5220948868
-0.3352714021
-0.3516615660
-0.3971865118
-0.4377528945
-0.4562422936
-0.3209514271
-0.4269679418
-0.3481866491
-0.3939370109
-0.4431627903
-0.3496573488
-0.5098581023
-0.4124308333
-0.1449550288
-0.3661838794
-0.1970968614
-0.4088782492
-0.3987862028
-0.3031780208
-0.5163259413
-0.2895436413
-0.4294876117
-0.3438990633
-0.2632568495
-0.4706886637
-0.3536272614
-0.2352671315
-0.2122731801
-0.3595886594
-0.4327424567
-0.3632185533
-0.3479969493
-0.3475329797
-0.1748746053
-0.4401020918
-0.3266662151
-0.2178888225
-0.3014326633
-0.3282081336
-0.6202250767
-0.3970134428
-0.3673589300
-0.2850922033
-0.1517384731
-0.2528027285
-0.1214715700
-0.3499395269
-0.3368999465
-0.2902322858
-0.4059828120
-0.3789853603
-0.1927395098
-0.2749658245
-0.3999209010
-0.1695480781
-0.2639670106
-0.3390014270
-0.3984287682
-0.1085516362
-0.2434804401
-0.2356255529
-0.3206812094
-0.2768890855
-0.2067350259
-0.2790478702
-0.2985492023
-0.1949834672
-0.3011003111
-0.1990255042
-0.2040179235
-0.2888565145
-0.2346288247
-0.3306241639
-0.2294180644
-0.2855731456
-0.2455468069
-0.2997113842
-0.3295639855
-0.3106884288
-0.2304379172
-0.1955539379
-0.2113023327
-0.1915815662
-0.1855181760
-0.1543823092
-0.3072319413
-0.2115614628
-0.1437445605
-0.1876582807
-0.2033694162
-0.3166439875
-0.2044966750
-0.2071138713
-0.3355647916
-0.2638177071
-0.3217626177
-0.2552583111
-0.2622539783
-0.2157766446
-0.2796046936
-0.2147977736
-0.2535607574
-0.3384854152
-0.2305849603
-0.1818240692
-0.0663127876
-0.3125163126
-0.0980615832
-0.2506730197
-0.0596818196
-0.0995721848
-0.0269706818
-0.1491856654
0.0522353319
-0.2325532953
-0.1302374824
-0.2043720044
-0.0600972449
-0.1848612522
-0.1713004324
-0.1513368173
-0.0348263877
-0.0970673427
-0.0924106536
-0.2108346497
-0.0917373990
-0.2521502352
-0.1124675416
-0.1380340909
-0.2123001522
-0.1295007066
-0.1209072948
-0.0458720129
-0.1247978584
-0.2519958163
-0.1338098979
-0.0245082565
-0.1962158270
-0.0767477450
-0.1214804231
-0.3115443473
-0.1182619856
-0.1414468192
-0.1177444178
-0.0441308094
-0.2361032401
-0.0589421701
0.0321777783
-0.2038636733
-0.0789394039
-0.1239418047
-0.0180980345
0.0799721066
-0.0611151573
-0.0964173085
-0.1287485608
-0.0993631132
-0.1550785276
-0.0176536374
-0.0346142346
-0.1458846009
-0.2282292956
-0.0148043589
-0.2402800721
-0.0106303235
-0.0472198896
-0.0865570756
-0.0137985554
0.0212011118
-0.2236911411
-0.1345909301
-0.0202105911
0.0252584123
0.0651485478
-0.1227750034
0.0966169825
-0.0663056890
-0.0283563628
-0.0634967506
0.0744983503
-0.0144124324
-0.0032622818
-0.0876270233
0.0904567533
0.0032912288
-0.1178097428
0.1123293418
0.1073856939
-0.0117477168
-0.1220438926
-0.0364768389
-0.0659707889
0.0171726198
0.0413154053
-0.0497761172
0.0253352898
0.1162202618
-0.0029494027
0.0902268132
-0.0186076132
-0.0112955924
-0.1383638323
-0.0844828522
-0.0104020540
0.0195122147
-0.0940216598
0.0107967764
0.0291154196
0.1762467826
0.0685640722
0.1735612398
0.0242289696
0.0011865873
-0.0515201850
0.0531272546
0.0123547214
0.1229880495
0.2194582835
0.1186237425
-0.0391330033
-0.0357757704
0.0075577030
-0.0818126715
-0.1029288054
-0.1216453830
0.1153339102
0.1414982580
-0.0393251261
0.1241319402
0.0990485650
0.1020285096
0.2205050370
0.1346767385
0.0486379725
0.0822524049
-0.0398709594
0.1577293745
-0.0386783932
-0.0205626793
0.0229985259
0.0848274425
0.1463181316
0.1677068081
0.0954508539
0.1051265861
0.0098021738
0.0352854192
0.0721462849
-0.0108524533
0.0675256344
0.0995896293
0.2635379009
0.1730000151
0.1476513230
0.3729293139
0.1661779919
0.1036256804
0.1948987648
0.0549145142
-0.0010781725
0.1796938144
0.2248066680
0.1014403152
0.2341741410
0.1605343886
0.0848802661
0.1574221231
0.0332998758
0.2011962554
0.0982799269
0.2254141621
0.1368965419
0.2298587784
0.0389125560
0.2730813359
0.2089197036
-0.0672000515
0.1346689494
-0.0021549515
0.1710527758
0.1159275869
0.2321447479
0.3662057469
0.1344971157
0.0823566476
0.1398436475
0.0189091252
0.1033322590
0.2107248549
0.2117382792
0.2914978826
0.1602911597
0.1483905003
0.3068119040
0.2118252036
0.1682396831
0.1437377151
0.2232548092
0.2767700420
0.3965179746
0.2258623127
0.2870849421
0.3442861291
0.0781572198
0.2036531863
0.1782254700
0.2672125819
0.2212223409
0.1276358525
0.0878717142
0.1180959763
0.1676223779
0.2443164548
0.2590723760
0.2890496736
0.1481623670
0.1961463079
0.2678384436
0.2822423950
0.1099380170
0.2329174818
0.1907775159
0.1980668330
0.1330017174
0.2114310801
0.1324732777
0.1054283136
0.3675626003
0.3710941126
0.2171753072
0.3598888139
0.2646153982
0.1590824384
0.2024666369
0.3029807404
0.3776596765
0.3325643722
0.4897362165
0.2877605805
0.3472427862
0.3553243113
0.2531260071
0.3840501697
0.3068433411
0.3814430366
0.4594142540
0.3027510095
0.1599386022
0.3360536224
0.3175806626
0.4197616992
0.3057491329
0.2690546994
0.4809978133
0.3215028393
0.3948885746
0.3741228002
0.3059147710
0.4765576397
0.3311756344
0.4030421617
0.3335761858
0.1787516250
0.3143621129
0.3071579116
0.3900527072
0.1562793606
0.4524269238
0.1399131580
0.4150020747
0.2895906264
0.2859986016
0.4856568851
0.3118445032
0.2353346265
0.3698069581
0.4270130310
0.4577705830
0.3706255031
0.4556752464
0.4586141767
0.3225370538
0.4340034056
0.3158978073
0.3773389847
0.3796129221
0.2909272707
0.4130575604
0.4092912719
0.2665351329
0.3651249865
0.3886476285
0.3901384374
0.4658732741
0.3297346693
0.3925162651
0.4009891537
0.4875064310
0.4663249196
0.4344494160
0.4662467662
0.4945957774
0.4751266538
0.2948139047
0.5253505071
0.5437007038
0.4761202236
0.4398031001
0.3336779458
0.4634939122
0.5137161377
0.3346540132
0.4192883324
0.4258807128
0.5593782746
0.5594490109
0.4211159910
0.4079772011
0.3539394325
0.4824436766
0.4599734796
0.5055608265
0.5196204414
0.5583288936
0.5451078568
0.4268470979
0.4548321377
0.5097077882
0.3811492341
0.4852976632
0.5141186264
0.5474489214
0.4835341580
0.3057891184
0.3532686968
0.6018420454
0.4300812265
0.5673444011
0.6117577668
0.3319751289
0.3676387831
0.5509436050
0.6798944506
0.4727330780
0.4829439730
0.3876174675
0.5604623537
0.5048119898
0.4634411004
0.4631098097
0.5375617494
0.2913662848
0.4319673619
0.5603322294
0.7494790374
0.5657167844
0.4662196711
0.5322250603
0.5075333240
0.6526892861
0.5765262007
0.4722742795
0.4441260474
0.5709680878
0.5321260423
0.5396120399
0.6345425314
0.5415762814
0.5879663602
0.7298535162
0.6090119005
0.5689227617
0.6158429446
0.5439019312
0.4214405717
0.5710838001
0.6828827050
0.6589327322
0.5112800445
0.5473875695
0.5298267832
0.5579190695
0.7691196928
0.5961969894
0.5957127510
0.7223017049
0.5721398414
0.4444719420
0.6607751272
0.6425319549
0.5819121798
0.5283542265
0.8437784455
0.7295281801
0.7121079524
0.6675776851
0.5721213250
0.7112344135
0.5598305351
0.6756365832
0.6182259419
0.6697671497
0.5342475389
0.6479643881
0.5833723331
0.6680992628
0.6069569106
0.6130729636
0.6606059311
0.6813795730
0.6780806305
0.7057397242
0.5314187761
0.5669927386
0.6042236159
0.6371577176
0.6214044398
0.6330975886
0.6070520627
0.7019407902
0.5952013874
0.6247239112
0.7396940152
0.5265954005
0.6013456872
0.6864251490
0.6022620365
0.5706505714
0.6342102125
0.5239290361
0.5304348230
0.6734672944
0.6570546020
0.8753524079
0.5823325270
0.5750184392
0.5893722308
0.6406597616
0.6481696228
0.6067801349
0.6987277535
0.6948566050
0.6756751077
0.6708779042
0.6197547401
0.7226232354
0.8715410858
0.7139523192
0.6420218277
0.7853361327
0.8347014777
0.7548493720
0.7261166201
0.8159746236
0.7151440633
0.7128710575
0.7738954355
0.7319555729
0.6318108030
0.8202593435
0.7884273135
0.8145402452
0.7476715128
0.6195229913
0.6632082338
0.5410045397
0.7830997618
0.6978659853
0.7481983686
0.8630315400
0.8455188657
0.8343540214
0.6293397784
0.7209168554
0.8671382141
0.8481813681
0.8048298250
0.7267351813
0.7656379918
0.8209770648
0.8416674618
0.6161747880
0.7975931943
0.7946229393
0.7774680616
0.7782604128
0.7027599867
0.7775609797
0.7037287600
0.7714233795
0.8726388109
0.7913281669
0.7234486538
0.8437991505
0.7995247255
0.8500966153
0.7547611718
0.9519188397
0.8629220473
0.8149587238
0.7542036856
0.7109216059
0.8133592220
0.8644898653
0.8562482124
0.6867280606
0.7002159994
0.7406599760
0.8254966034
0.6955955999
0.8121359285
0.8023234793
1.0054316366
0.8559116526
0.8026150772
0.8321193763
0.9769053948
0.8396722328
0.9136492435
0.8664366802
1.0270603835
0.6927843073
0.9276672963
0.8061915211
0.7970410037
0.9166784142
0.7756503886
0.8329454272
0.7812886677
0.9069751641
0.9738292527
0.8501898141
0.7814356942
0.8138092105
1.0021647914
0.9122422814
0.8777656299
0.9850827185
0.9113270227
0.8955530641
0.9274834954
0.7800150589
0.7484957185
0.8928284974
0.7827819247
0.7528127149
0.8276759565
0.6843792914
0.9098434471
0.9766319382
0.9659143331
0.9257258185
0.8853822780
0.9527530797
1.0594950980
0.8983534855
1.0519510003
0.9332118500
0.9472470394
0.9262342632
0.7127603678
0.9132449019
1.1043487926
0.7806625421
0.9733610839
0.9944213903
0.8045484762
0.9639351887
0.9205059770
1.0083483171
0.9703900385
0.9679535180
0.8889134246
0.9856438960
0.9604635397
1.0652359579
0.9473234017
0.9986141317
1.0235543981
0.9585792642
0.9198313283
0.8501224017
0.8755916982
0.8088146274
0.9536456407
1.0403775156
0.9212502698
0.9349497885
0.9778013455
0.9627026419
0.9397984358
1.0075116586
1.0918483727
1.0257926497
0.9675871324
