-0.8844640772
-1.0139920402
-0.9608582185
-0.9326647142
-0.9630963505
-0.9343400015
-1.0405631525
-0.9343962577
-0.9766525784
-0.9844218475
-1.0463547266
-0.9991528141
-1.0729558351
-0.9949215092
-0.9623910409
-0.9510984684
-1.0040286366
-1.0246930678
-0.9008343823
-0.7333031795
-1.0016263585
-0.8820254536
-0.9416407496
-1.0047688497
-0.9263896966
-0.8989811880
-0.9791362987
-0.8042154315
-0.9973044795
-0.8970152360
-0.9759279864
-0.8541528228
-0.8019560059
-1.0604891530
-0.8747697492
-1.0293875766
-0.9328702738
-0.8187545748
-0.7854766532
-0.8088173863
-0.8914984072
-0.7654250386
-1.0182178059
-0.9221588045
-0.9491732509
-0.7026561964
-0.8498436257
-0.8573503109
-0.9492266123
-0.8375803755
-0.8156159720
-0.9172372702
-0.9664526423
-0.8532234317
-0.8663229391
-0.9866803532
-1.0321357705
-0.8205006623
-0.9548516734
-0.7811944823
-0.8538542800
-0.9780020274
-0.8328523659
-0.8092482653
-0.9459862157
-0.9102425559
-0.8474630151
-0.9153111278
-0.9227820830
-0.8454728425
-0.9447295407
-0.7683444898
-0.7356642135
-0.7522077765
-0.9605143680
-0.9311757375
-0.8039195101
-0.8656694655
-0.8256046838
-0.7817615695
-0.8034018879
-0.7647185953
-0.7956394269
-0.9846230723
-0.7269644915
-0.7363955300
-0.8097831043
-0.9550355954
-0.9443528914
-0.7955957516
-0.8250815356
-0.5361995692
-0.6700483515
-0.8894493387
-0.9086037220
-0.7566405521
-0.7821037633
-0.8072282421
-0.8430667091
-0.8332474894
-0.8673692454
-0.8500585950
-0.7283014663
-0.8520589664
-0.8508080449
-0.8119789185
-0.9066499562
-0.9638826543
-0.8806402635
-0.7096647775
-0.8301296347
-0.8475287173
-0.7501696279
-0.8179154047
-0.8281128107
-0.6779482953
-0.6830772037
-0.6070220132
-0.8100313084
-0.6107735743
-0.6105858667
-0.7014864856
-0.8173970721
-0.6641904177
-0.7212184865
-0.5659964714
-0.6111150520
-0.5994784110
-0.9076904074
-0.7299270849
-0.6887649855
-0.6750350255
-0.7106718276
-0.7415650472
-0.7259958989
-0.7798993951
-0.6139351710
-0.6829913173
-0.7081935482
-0.6705844840
-0.7728214005
-0.6857836067
-0.7024823201
-0.7900101807
-0.6140821484
-0.8105511814
-0.7053226115
-0.7383538897
-0.7839785099
-0.5037521385
-0.7240116814
-0.8249891530
-0.5904578695
-0.6804783295
-0.6555942387
-0.6473960494
-0.7417254300
-0.5787493487
-0.6877791116
-0.7988652011
-0.8036065798
-0.6174779000
-0.5303353999
-0.6540323207
-0.5642311482
-0.7297351451
-0.7447416371
-0.6783454527
-0.6151910011
-0.8070429441
-0.7398525851
-0.6624364937
-0.6952052387
-0.6215786800
-0.6013188871
-0.6810204303
-0.6431630724
-0.6364130149
-0.6700300808
-0.5813645033
-0.6116426689
-0.5253596651
-0.7144014553
-0.5980312492
-0.7133204110
-0.7103878982
-0.5247189202
-0.6256069153
-0.5936530308
-0.7014090507
-0.6874182773
-0.6682268995
-0.6979271527
-0.7005870892
-0.6771586291
-0.5776271155
-0.6102988021
-0.4603804651
-0.6121377539
-0.5757105081
-0.5093358371
-0.5420929283
-0.5016677488
-0.5135597587
-0.5947128335
-0.5743580111
-0.7029775005
-0.4935011163
-0.5488688553
-0.5437170129
-0.8172481309
-0.6602165138
-0.6287006954
-0.5955756675
-0.3723885292
-0.4733913049
-0.5182303887
-0.5185930720
-0.5533175620
-0.5948838284
-0.6129055715
-0.6204045160
-0.4833340730
-0.5649757705
-0.6010519710
-0.5180443188
-0.6345760601
-0.4811087084
-0.5868554389
-0.5114939204
-0.3301438563
-0.6072042796
-0.6047515486
-0.5873096102
-0.6243650491
-0.5086470159
-0.4954949910
-0.5020790564
-0.5462923926
-0.4907285497
-0.5476332458
-0.6057339122
-0.4670851669
-0.5025589340
-0.5232217621
-0.5571786847
-0.5444185580
-0.5395061091
-0.4578136446
-0.5523357339
-0.4246838405
-0.5341729429
-0.4445985563
-0.5110137233
-0.5520155019
-0.4995857321
-0.3251321936
-0.4539068958
-0.5711672550
-0.3933308916
-0.3396009803
-0.4677024524
-0.4651780736
-0.3683806561
-0.5269243822
-0.6016258965
-0.4888869138
-0.5235559099
-0.3898236238
-0.3794318444
-0.3744163415
-0.3906912710
-0.3984740172
-0.4147073601
-0.5696369719
-0.5056705010
-0.3934920645
-0.4391562300
-0.4312578492
-0.3846603125
-0.3254759823
-0.5512134982
-0.3627110610
-0.3527856013
-0.4621329201
-0.4158964995
-0.4098860069
-0.4133803605
-0.4668527265
-0.4204515656
-0.4788252445
-0.4999069393
-0.5277945692
-0.3677793259
-0.5457699942
-0.3253696782
-0.3610821784
-0.4538566482
-0.2740753269
-0.3663266439
-0.3693371775
-0.4267407576
-0.4364123254
-0.3151033879
-0.2771644850
-0.4391495683
-0.3731947264
-0.4359459985
-0.3651231985
-0.3067734400
-0.4928374103
-0.4038251345
-0.4693257398
-0.3394580259
-0.3700708795
-0.2833623562
-0.5323051418
-0.2638456474
-0.3984833809
-0.2290471731
-0.3023769869
-0.3289787026
-0.2617983823
-0.3166221337
-0.2925709231
-0.3858027351
-0.3945605137
-0.5073413808
-0.3622415071
-0.3005276976
-0.2692310766
-0.4413403530
-0.3409935540
-0.4133284690
-0.3465863153
-0.2198111703
-0.4029968885
-0.3472554814
-0.2599447851
-0.3293041116
-0.3195515841
-0.1908168779
-0.2202519554
-0.1297790260
-0.4487240360
-0.3843987503
-0.2898845474
-0.3399803736
-0.2662629371
-0.2910525520
-0.2938002826
-0.3543714325
-0.2191993202
-0.1981614498
-0.3904998676
-0.2140236863
-0.4312220302
-0.3255908412
-0.3905798595
-0.2850922368
-0.3089093538
-0.3183970958
-0.2173541308
-0.3805960370
-0.4760297854
-0.4252445750
-0.2506932862
-0.3097678614
-0.1104808352
-0.3091115928
-0.1923135694
-0.2060979038
-0.1950454842
-0.2266007880
-0.3042548793
-0.1912937465
-0.2304513547
-0.3338773838
-0.2094578325
-0.2346646238
-0.3463026014
-0.0868773416
-0.3218748731
-0.3946786597
-0.3176007417
-0.2753291393
-0.1530774237
-0.1402885791
-0.1270954308
0.0070121322
-0.2777377562
-0.3328769708
-0.1641160025
-0.2922373671
-0.1671519166
-0.2439025326
-0.1919090269
-0.2534581603
-0.2830941026
-0.3364275463
-0.2639141498
-0.2140818733
-0.0990268817
-0.1730519697
-0.1157959582
-0.1400632336
-0.2984321120
-0.0152063427
-0.1728948825
-0.1590863296
-0.1952058944
-0.1353325951
-0.0795234281
-0.0656209618
-0.2627805186
-0.2566552808
-0.0945512703
-0.3091154214
-0.1680135637
-0.2182470534
-0.2995538955
-0.2210611849
-0.0832630422
-0.1051153705
-0.0160469719
-0.1869457646
-0.2269039369
-0.1027261155
-0.0853843565
-0.0932776458
-0.1590631152
-0.1792720438
-0.0998896860
-0.0799659664
-0.0239815547
-0.1619333752
-0.0678151757
-0.0207720725
-0.2643872325
-0.0872939097
-0.0258209842
-0.1010074366
-0.0993658325
-0.0264105068
-0.0438584273
-0.1452734413
-0.0871538187
-0.0851051738
-0.1400810293
-0.0059705271
-0.0512731849
-0.1202691399
-0.1699075877
0.0114740814
-0.1244341406
-0.1024493213
-0.1371791648
-0.0037120136
0.0289186919
-0.1271785286
-0.1251884080
-0.0839194998
-0.1261687304
-0.1581574329
-0.0989652787
-0.1468999481
-0.0062490204
-0.0082741744
-0.0722784225
-0.1245022199
-0.1757670023
-0.1491373509
-0.1189612969
-0.1469000149
-0.1116144204
-0.0552980265
-0.0115610492
0.1009534482
-0.0352932941
0.0154130447
0.2174407347
-0.0243283339
-0.0128607717
0.0649681904
0.0233297149
-0.1537142028
-0.1468884965
-0.1113028294
-0.0323614063
0.0697276596
-0.0791113703
0.0589271708
0.0279279945
-0.0142830274
0.0782502907
-0.0230433507
-0.0314179819
-0.0032743766
-0.1409266846
-0.0738499916
-0.0736982177
0.0576182549
0.1430075842
-0.0188932903
-0.0785259549
0.0547029173
-0.0988112458
0.1121569048
-0.1571145869
0.0356818323
0.0092007589
0.1621998656
0.0148069731
0.0338476583
0.0245612833
0.1011127821
-0.0133346252
-0.1684971897
0.1007754286
-0.1308818755
-0.0399581295
-0.0005446233
0.1261018258
-0.2195767917
-0.1036764636
-0.0174265568
-0.1014390879
0.0808773918
-0.0554691107
0.0107322740
0.0955775541
-0.0503022290
-0.0148457609
-0.1050032392
0.0587021946
0.1049754631
0.0452000454
-0.0241426201
0.0061803409
0.0899094905
0.1068208435
0.1035501073
0.0670477876
0.3179828640
-0.0954043993
0.2537202771
0.1714671806
0.1432243180
0.0322610855
0.0643650288
0.1714922845
0.0136511385
0.0852689069
-0.0369266546
0.1245741357
-0.0842126753
0.1595095217
0.1265630591
0.1086439546
0.0888583496
0.0753285291
0.1217105540
0.1467688944
0.1551406073
0.0890884546
0.1109284837
0.1678954893
0.0487703773
0.1577117974
0.1283119165
0.2841822904
0.0549789596
0.2034127312
0.1554393715
0.0178197262
0.1511603426
0.0270984636
0.1309050711
0.2182982552
0.2612683774
0.1142090030
0.1800364367
0.1990874517
0.2294489888
0.0920482629
0.1260956886
0.2724727531
0.1772158966
0.0837067971
0.1826566963
0.2091388628
0.3074048250
0.2661181098
0.1515885291
0.2620256711
0.0477562675
0.2214520501
0.2531535538
0.2522199561
0.1841511090
0.0363145779
0.2411717910
0.1657933207
0.3131759453
0.2407923056
0.1091546475
0.1782203229
0.3046526034
0.1178948445
0.2823654267
0.1226216425
0.1407099750
0.3156831225
0.3022288699
0.2523436888
0.1953411971
0.2548088826
0.0527991407
0.2772927166
0.3776614459
0.3712650765
0.1053190167
0.3948716460
0.1996952096
0.2901832896
0.2174845535
0.2121008178
0.1324088747
0.2302196768
0.2692790988
0.4245670267
0.2211467305
0.1400165856
0.1889032995
0.3247495520
0.2705035322
0.3547978225
0.3006440937
0.3332287141
0.2748070835
0.2554806419
0.1448342256
0.2431502029
0.1622744257
0.2688121716
0.4080922226
0.3791883818
0.1800271887
0.3609052592
0.4890369454
0.1849682091
0.2820564630
0.1484166821
0.2882078846
0.1874808848
0.2508732533
0.3285510280
0.2126489767
0.2822456072
0.2629617161
0.3109075055
0.3882613195
0.2502512108
0.2227042629
0.2568327472
0.3031113301
0.3178463885
0.3536869196
0.2275811845
0.3508319530
0.4318640167
0.2941071444
0.3772668768
0.2986699383
0.2142826949
0.3148108424
0.4452017486
0.3286351556
0.3198844549
0.3984882386
0.3741382273
0.3340062968
0.2597514266
0.2982095279
0.4155304478
0.3685456376
0.4676405717
0.4040359724
0.5092366109
0.4021125134
0.3286740397
0.4181149906
0.3192922270
0.4080465799
0.2169059432
0.4491915585
0.3945924091
0.3372791749
0.4654979889
0.3182370237
0.4128400092
0.3543349014
0.5073034415
0.4231886769
0.3379800742
0.5210831602
0.3942053473
0.3613463829
0.4317583348
0.4041318141
0.4207834952
0.3879749201
0.3667712627
0.4270249187
0.3588753179
0.2275306903
0.4815911142
0.4071629280
0.4373168706
0.4432994843
0.4990444482
0.4369321795
0.4021051117
0.5928894676
0.4906628735
0.4881853718
0.4523027747
0.5099751964
0.5133429954
0.3728309722
0.4843267408
0.5323595382
0.3507567242
0.5519337429
0.5986316968
0.5727453688
0.3245613703
0.3941700518
0.5016342854
0.5776306747
0.6300115132
0.5176317407
0.5231467156
0.4307051126
0.3858514321
0.5206126594
0.5555836051
0.4948670308
0.6386833406
0.5694716096
0.4082151137
0.6546592721
0.5174177221
0.5183736118
0.5830441978
0.4892465229
0.5223926870
0.6540239250
0.5438880870
0.4068242879
0.5542534586
0.5569103227
0.5359222520
0.5762250135
0.5473446220
0.7412776774
0.5113930599
0.5399486464
0.3779069940
0.5093206670
0.4578372601
0.5401260862
0.5957931454
0.5791958664
0.4251344919
0.6563018126
0.5552297434
0.4667051698
0.7210623496
0.5945882179
0.5813320912
0.7171575654
0.5152290992
0.6114915727
0.5907823543
0.4638643741
0.5999764496
0.5935498630
0.6605256560
0.6498960129
0.5517313690
0.4584410579
0.5653485005
0.4720764525
0.4599665182
0.6696828190
0.4246543620
0.5299713373
0.4329830620
0.5734487335
0.6468398869
0.5662968368
0.6284513889
0.6548482602
0.5070364580
0.5677815556
0.7071124388
0.5864863003
0.5626223502
0.5436590846
0.7336958102
0.5780179913
0.5776271687
0.6417564612
0.6567871196
0.4582109283
0.6315513397
0.6040147577
0.6408437984
0.7812277089
0.4646429265
0.5861452372
0.7264166815
0.7760112970
0.5734614591
0.5325848850
0.5988255638
0.8823028598
0.6704125160
0.6441409025
0.7433604189
0.5546517598
0.7443131966
0.7180670965
0.6243759915
0.6612643167
0.6768882523
0.5922897460
0.7359201870
0.7564732157
0.7357639051
0.6589040627
0.5847598998
0.6778618152
0.5989328171
0.7771080333
0.7067966964
0.7181208460
0.7458365905
0.7856678172
0.6809222395
0.7391922931
0.6280695237
0.5528243441
0.7275894905
0.6002825597
0.6931514958
0.6138672978
0.7366621031
0.8021243568
0.7506334082
0.6723091304
0.6466779039
0.6379694883
0.8124158161
0.7391062048
0.8771190409
0.9186211771
0.7998610396
0.7658842703
0.6654331062
0.7223727330
0.6359930242
0.7225112657
0.8301747350
0.8575570378
0.8411121473
0.6829018817
0.6552793829
0.8338942876
0.7866652994
0.7328758218
0.7564767988
0.8052855527
0.8259050188
0.7221986394
0.8938774792
0.8219820635
0.8366177914
0.7135966583
0.8126999696
0.9576018748
0.6869540865
0.7550654253
0.8214686670
0.7977834208
0.6724516690
0.8033495999
0.7841960238
0.8394251207
0.7060081409
0.7208768091
0.8248776449
0.7672000140
0.7822224628
0.9508432460
0.7873938855
0.8330962684
0.8960228550
0.8076304740
0.9335285547
0.7879580313
0.9208635742
1.0114470035
0.8012530508
0.8042790539
0.8027426320
0.9036083059
0.8772546298
0.8134845606
0.8179992304
0.7608503423
0.9003186800
0.8345704535
0.8488756061
0.9653694598
0.8612994119
0.8093923799
0.9442667686
0.8569610744
0.8250292037
0.7692025726
0.9743963728
0.7769681970
0.9304656581
0.8953609659
0.8450167739
0.9500971103
0.9827814711
0.8736866536
1.0131900059
0.8289921787
0.8055630004
0.9052847229
0.8123269561
0.8970628361
0.7589095413
0.9444030106
0.9986917797
0.8271168314
0.8202761564
0.9568570979
0.8948827344
0.9579358314
0.9037617978
0.8034484129
0.8548810434
0.8424231906
0.8331255199
0.9559703742
0.9497906197
1.0108852746
0.8847374966
0.8775956575
1.0303350639
1.0886511020
0.9739071552
0.8865317598
0.8721387359
1.0261574093
0.9216768907
0.9550781550
0.9080829514
0.9011592659
0.9205840675
0.8862524609
1.0069951295
0.9919211771
0.9252036416
1.0651940457
0.8906703808
0.9256017975
0.8727748920
1.0537320465
0.9739614487
0.9074322612
1.0109291125
0.9327788485
1.0363257351
0.9748684249
1.0754506609
1.0979058070
1.0481734090
1.0161815490
1.0542157857
0.8981140205
1.0639696366
1.0279055566
1.0513897522
1.1096456138
