-1.0743131055
-0.8783216684
-0.8559549728
-0.9704403665
-0.9292409632
-0.9959496143
-1.0494497776
-1.1507132507
-0.9343625052
-1.1242434238
-0.9879717752
-0.7774377589
-1.0116806320
-1.1338695054
-1.0015511920
-0.7780783353
-1.1309926932
-1.0723783725
-0.9551613995
-1.0324642936
-0.8654810558
-0.9468162867
-0.9565680979
-0.9967832603
-1.0568221264
-0.7476866079
-1.0642978258
-0.8731899650
-0.9604841686
-1.0206362573
-0.9321730950
-1.1134475850
-0.6939671932
-1.0288519963
-0.9133985105
-1.0127785713
-1.0460542579
-0.8899798298
-0.9319965727
-0.9803290850
-0.8313735410
-0.8802795002
-0.9843194033
-0.8572853837
-0.9607197515
-0.9235216242
-0.9529598511
-0.8315445378
-0.9167781710
-0.8429517178
-0.6912277110
-0.8482501763
-0.9362750348
-0.9370938814
-0.9906728915
-1.0108009582
-0.9682609409
-0.8315853078
-1.0967064717
-1.0147390226
-0.8376671302
-0.9242873776
-0.7195606223
-0.9207826167
-0.8123254091
-0.8169110068
-0.7592559298
-0.9856155889
-0.9206623605
-0.7718261193
-0.7931844058
-0.9410987867
-0.8966398956
-0.9557869113
-0.9187717867
-0.8755084427
-0.8692518658
-0.7862312103
-0.8774428047
-0.7851875295
-0.9014904704
-0.8938156206
-1.0714580639
-0.8962933695
-0.9298237461
-0.7431047229
-0.6486536224
-0.8824414085
-0.7230459375
-0.6884870115
-0.9855697666
-0.6838116348
-0.9002169359
-0.7941058207
-0.9005999369
-0.8300499531
-0.8710889566
-0.8177174533
-0.7136819081
-0.7597174163
-0.7584794222
-0.6683849667
-0.8449995111
-0.7527964213
-0.7538296243
-0.7124713618
-0.5524192784
-0.7939524686
-0.7554271752
-0.8383415019
-0.8449214844
-0.8026332912
-0.7297427923
-0.7255654115
-0.8378795134
-0.7907866052
-0.7957106384
-0.5522462149
-0.7041919117
-0.7623509428
-0.7736963580
-0.6113213138
-0.7186094974
-0.6651276245
-0.7926960604
-0.7863923577
-0.6822460878
-0.7553592838
-0.6149283467
-0.5620614798
-0.8719268117
-0.6959322603
-0.7732679668
-0.7132830881
-0.7931928682
-0.6100188358
-0.5513266581
-0.7165571897
-0.8754137722
-0.8234253923
-0.7010922715
-0.6681665812
-0.7193715060
-0.7009725355
-0.7150730064
-0.7297979045
-0.7050333734
-0.6119608231
-0.7862290029
-0.7572650541
-0.7693108991
-0.6797778613
-0.7830532521
-0.6348521193
-0.6935332417
-0.8505934402
-0.6926899796
-0.7655940479
-0.6082666772
-0.6680291148
-0.6061263797
-0.5936148836
-0.8191985503
-0.7571611390
-0.8402695303
-0.7091627185
-0.6418718870
-0.6354783959
-0.7122491825
-0.5812230994
-0.6892387439
-0.6373033641
-0.5429621426
-0.6892724294
-0.6630815625
-0.7312984138
-0.5329881948
-0.7392622336
-0.7674382276
-0.5338676440
-0.7076281515
-0.6877964395
-0.6472826537
-0.6618039916
-0.5816859961
-0.6694124336
-0.5870467712
-0.5493806235
-0.6847767632
-0.7175865214
-0.6488944888
-0.5192780404
-0.6560259432
-0.5281716753
-0.6789471127
-0.5385810298
-0.5940770591
-0.6273424229
-0.6634204746
-0.5987679009
-0.6121706884
-0.7021374682
-0.6852418871
-0.6542598055
-0.5726008001
-0.5492707587
-0.7429041800
-0.5846724909
-0.6661421962
-0.6136707343
-0.6707296924
-0.7337676844
-0.6369776725
-0.6171528904
-0.6625755875
-0.6791344688
-0.4487972696
-0.6050967362
-0.4760033490
-0.5868909020
-0.4487673538
-0.6337649778
-0.6156242879
-0.5675902331
-0.5492477346
-0.6192029390
-0.5799400486
-0.3867316005
-0.6677961752
-0.4380296811
-0.5789869255
-0.6249987188
-0.6664452505
-0.5593611700
-0.4622456032
-0.5270877486
-0.5563772231
-0.4966521584
-0.4866267288
-0.5930446613
-0.4665831613
-0.7654490126
-0.3585476348
-0.5256721191
-0.4893684928
-0.5457567072
-0.4836369809
-0.5722165262
-0.6074764272
-0.3849925978
-0.5295396057
-0.6119113917
-0.4656329922
-0.6333871370
-0.3567824438
-0.4546381549
-0.5121002141
-0.5112931447
-0.3345460490
-0.3766511857
-0.3552696661
-0.5034743461
-0.5098145767
-0.4448724203
-0.5797080183
-0.3195246045
-0.2660530194
-0.4215979842
-0.4661413116
-0.5754969330
-0.2985678486
-0.5400075634
-0.4714497520
-0.4018606853
-0.4883151926
-0.3496839111
-0.5081245216
-0.4553074104
-0.4875805071
-0.6106869656
-0.4713954960
-0.3445499890
-0.4734560585
-0.4675717870
-0.2985371946
-0.3306778989
-0.2169258104
-0.4174150567
-0.4890344234
-0.4219741333
-0.4101186010
-0.4778764159
-0.4456286999
-0.3878125485
-0.2995180130
-0.4266644109
-0.4444165016
-0.4345185252
-0.3707685516
-0.5322324361
-0.2642107025
-0.3761676451
-0.3477882035
-0.2725717441
-0.4724793330
-0.3926897436
-0.3759140978
-0.4762181301
-0.3492487954
-0.1062278260
-0.3732894395
-0.3714290730
-0.3602751897
-0.4052163954
-0.4842583811
-0.4669211451
-0.2096786545
-0.3512886983
-0.3824761091
-0.3505080191
-0.3661982366
-0.3466190844
-0.3302055832
-0.2114593621
-0.3479108449
-0.5501542031
-0.2834523575
-0.5232812317
-0.2884043916
-0.4659052746
-0.4375917713
-0.3384312408
-0.4335719929
-0.4097131891
-0.2729143660
-0.2227810745
-0.3149390340
-0.4192977842
-0.2810161275
-0.3442824430
-0.2269076749
-0.2130878481
-0.4372111157
-0.4042198225
-0.4461927169
-0.2997300121
-0.4386807187
-0.2674312702
-0.3187263106
-0.1095579399
-0.3275962104
-0.2721999181
-0.1920978236
-0.3119747680
-0.4321536538
-0.2893507209
-0.2061606946
-0.3875354369
-0.2726887278
-0.4425269799
-0.2993119268
-0.2745100032
-0.1614859890
-0.4598449356
-0.3097343541
-0.2031910082
-0.3880177698
-0.3787977592
-0.2835493441
-0.2297227807
-0.3105289718
-0.3407010016
-0.1627359539
-0.1209415900
-0.4199712268
-0.1751785106
-0.3106451463
-0.2526058835
-0.1562290297
-0.2472188749
-0.1710314325
-0.2622925632
-0.1829326667
-0.3865488602
-0.1857326015
-0.4003165397
-0.2686786951
-0.4610449629
-0.2615056198
-0.2173085551
-0.0615902572
-0.2014814328
-0.2908157743
-0.2358512383
-0.2250990264
-0.1488604341
-0.0902339211
-0.2316739946
-0.2649291938
-0.1950922412
-0.1868841375
-0.1863162382
-0.2060924916
-0.2116157627
-0.2296246217
-0.1405986606
-0.2150307342
-0.2193533862
-0.1083927667
-0.1704061147
-0.2528735043
-0.1853605244
-0.2240842320
-0.1331077240
-0.2485398126
-0.0717243695
-0.1666876535
-0.1246125941
-0.0961794949
-0.2563245764
-0.1403913860
-0.0193228211
-0.0603320953
-0.2190759285
-0.1023132743
-0.1054829836
-0.1569037593
-0.1942020275
-0.1812056912
-0.1311763284
-0.2150713253
-0.0434087724
-0.0705580270
-0.0188986685
-0.0104677089
-0.1490727996
-0.0231231590
-0.0913905121
-0.0805975185
-0.0950539659
-0.0421967238
-0.1415417544
-0.0970097056
0.0206599041
-0.2465656593
-0.1407249630
-0.0700414038
-0.1372215885
-0.1472263251
-0.0644747348
-0.1354800937
-0.0431727249
-0.2128974547
-0.1427662685
-0.1178813654
-0.0291697919
-0.1466268725
-0.0900851783
-0.0519769334
-0.1700201401
-0.1436811815
-0.0767238811
-0.1121990914
-0.2027808826
-0.0529866696
-0.2050280563
-0.1171973218
-0.1098568321
-0.0508563374
0.0730237135
-0.1834410527
-0.0598927384
-0.0480727905
0.0221299439
-0.0291557391
-0.0291036865
-0.1521058367
-0.0307524901
-0.0150633071
-0.0722381381
0.0563041305
-0.0960290288
-0.0497348650
-0.0829222365
0.1025090700
-0.2823176185
-0.0691812538
-0.0783953358
-0.1043694149
-0.0200289087
-0.1320462255
0.0026865634
0.0065088398
0.0263785270
0.0933016053
-0.0262918039
-0.1274944118
0.1063053176
-0.0076875159
0.0552149107
0.0270541359
-0.0318794436
0.0289090568
-0.0242554569
-0.0428786817
0.0819252673
-0.0362979326
-0.1601671684
0.1483012339
0.0335622404
0.1653367900
0.0439239715
0.0750305142
-0.0442213415
0.0601900555
-0.0113278081
-0.0222129394
0.0914197269
-0.0462814769
0.1217057250
0.0318266667
0.2253858485
0.2544985736
0.0845104980
0.1273213457
-0.0314586510
0.0656408985
-0.0598205355
-0.0421087235
0.1406302292
0.0167317138
0.0499627798
-0.0120021367
-0.0443024038
0.0205542999
0.1124968703
-0.0310671891
0.0194424986
0.0641769088
0.1044013176
0.0373593650
0.0765914546
0.0788809560
0.1482353514
0.0239874543
0.0340591978
0.1015431099
-0.0122890118
-0.0257317700
0.1840350558
0.1494740851
0.1761858310
0.1037702089
0.0110844625
0.0488160890
0.1327882687
0.1825516987
-0.0304943477
0.3768052796
-0.0349862878
0.1247603003
0.2520018175
0.0308110520
0.2383655336
0.2347991525
0.0735782420
0.1772529187
0.2570523171
0.1408405927
0.2349665196
0.1502917512
0.1336541373
0.0879213615
0.1301637503
0.2731312592
0.1399681108
0.2550907042
0.0430650327
0.1595602259
0.1256859184
0.2019020789
0.1022643645
0.1877904966
0.2085029924
0.0948044764
0.0639988908
0.1877335392
0.2835171938
0.1845435493
0.1360301158
0.2077934047
0.2973690791
0.0538479670
0.0825784777
0.2245351801
0.0756746478
0.1898753580
0.2778349184
0.2001491907
0.1423422336
0.2543509758
0.2440218007
0.1529794583
0.1302171839
0.0793436657
0.3726060967
0.1423607842
0.1766326358
0.2566586746
0.3698649281
0.3914459089
0.4195347538
0.1772861872
0.2144748807
0.0611339493
0.4034650363
0.2000282535
0.2120063659
0.2170067883
0.2054967427
0.2773136138
0.1989943081
0.2419588924
0.2007173601
0.2497297643
0.4220469260
0.1477896228
0.2356882769
0.1631409610
0.1688362102
0.3303510879
0.3333908079
0.2309354530
0.1440313582
0.3485259260
0.3394802926
0.1940220456
0.3341666537
0.2815170907
0.2034781149
0.3362608600
0.1391092611
0.3722158236
0.1336693321
0.1902982863
0.3519234467
0.2829606409
0.2734093138
0.2550037112
0.2769192513
0.4893199387
0.3649006032
0.4285310427
0.3050509562
0.2884722663
0.3074198400
0.2649094888
0.3885608979
0.3003472851
0.2053447821
0.2677477784
0.1937971243
0.4336552661
0.3607615546
0.2907604457
0.3177358977
0.3930029479
0.3595380242
0.2158062528
0.1415200030
0.1667208242
0.3358793193
0.4596789435
0.2695366015
0.3531989528
0.3381776598
0.3540364984
0.4331684887
0.5018317727
0.3849274910
0.3631091551
0.2229099167
0.4078131224
0.4713488846
0.4684924982
0.3334566167
0.4609259921
0.2836642769
0.3797051308
0.2312900870
0.2894663003
0.3534735623
0.3418013213
0.3760258751
0.2094987344
0.3626450014
0.3118778770
0.4017675595
0.3692555519
0.4134383805
0.4588565541
0.5312835247
0.4442619547
0.2673582457
0.3924753226
0.3466639313
0.5639763257
0.4034137281
0.4220095727
0.4236935819
0.4513548750
0.4806613971
0.3774859559
0.6040641850
0.4753246479
0.3418860868
0.2671239433
0.3896947138
0.3599612967
0.4679777103
0.4982294861
0.4921806003
0.5010163483
0.3326915230
0.4831932147
0.2751373058
0.4059660042
0.5688796564
0.5578518523
0.5847960976
0.3356494208
0.4677396449
0.3786351003
0.5574635782
0.3609048662
0.5425439681
0.3022518058
0.4556237959
0.3065245420
0.4158188802
0.4545190288
0.4709156034
0.3087365029
0.3799151569
0.4546852859
0.6098174872
0.5425407346
0.5778940014
0.5444731502
0.4402030063
0.6447424725
0.5602843106
0.4569296131
0.4832612280
0.3967476863
0.4486293098
0.4854110215
0.5054039884
0.5052132884
0.6913614113
0.4792946974
0.6159560322
0.5420758901
0.5200278733
0.5099194171
0.3406272451
0.3951063478
0.5513368132
0.4487551415
0.5329587765
0.3844726328
0.5671827891
0.4844921608
0.5082389778
0.6896207532
0.5047532431
0.4940216279
0.5443097988
0.5958374435
0.5366312798
0.6364675221
0.5414885526
0.6350351190
0.5341547679
0.5671812467
0.6414604095
0.5333258657
0.5444623927
0.5517400042
0.5402316013
0.4299320047
0.5235461359
0.5777739452
0.6129062913
0.5674418150
0.5528582348
0.6106989573
0.7154923845
0.6491698446
0.6911727658
0.5991013116
0.5381582151
0.6098519557
0.7203053303
0.6542499152
0.5712064074
0.7248963931
0.6411855801
0.7059526164
0.6266671260
0.6481407295
0.4907741291
0.6538559811
0.6842770370
0.8065961379
0.5093066720
0.6308553672
0.6715161240
0.7021627050
0.6630442110
0.5822925382
0.6902748466
0.7938417821
0.6365366330
0.6899372972
0.6843707328
0.5440470954
0.7017832591
0.6596546121
0.6741385436
0.6242466405
0.6328482241
0.6306200140
0.7629800408
0.7041719743
0.7465998939
0.7489299666
0.6296286708
0.6330176205
0.5099320299
0.6962412750
0.7153431290
0.8191695062
0.7346091543
0.6319807284
0.6500390925
0.7046418071
0.5726827938
0.5058970186
0.4713516715
0.7339511998
0.7017179572
0.6312280374
0.6349392584
0.4854740069
0.7207777064
0.8980342732
0.7062558190
0.7660589627
0.7988784696
0.7407969565
0.6642681091
0.8169979587
0.8388793302
0.7146863711
0.6264357767
0.7080890824
0.7007544402
0.7875075976
0.7161235153
0.7912058828
0.6896551892
0.6941345085
0.6872780990
0.6347324316
0.6513260461
0.8139924651
0.8125824804
0.6987321313
0.7159103794
0.6985393805
0.7952386653
0.7005033972
0.8213151298
0.7529746376
0.7125610375
0.6940880977
0.8637961192
0.7363966950
0.7682921091
0.8675732149
0.5986233995
0.8777094626
0.8253468433
0.8694960411
0.8334649071
0.7095863877
0.6910571348
0.8429248279
0.7623629009
0.7874440142
0.6915100015
0.7148073394
0.7717031523
0.6824979875
0.8776512588
0.8326677815
0.8255447327
0.7663383460
0.8570498886
0.9476169487
0.8636900303
0.8548822479
0.8721213729
0.8916774205
0.7294814343
0.9172153110
0.9385901472
0.7754408741
0.8373368649
0.8673893230
0.7861548526
1.0058760487
0.8684801497
0.7867145189
0.8647791265
0.7447653063
0.7333504263
0.8189436478
0.7979935061
0.7373150394
0.8632522665
0.8709933517
0.8998930904
0.8303098151
0.8722151161
0.8896176184
0.8889152639
0.9176309319
0.9897842385
0.8425322151
0.8895257755
0.8848621038
0.8203683002
0.9429748630
0.8080974196
1.0635666870
0.8542087203
0.8589614302
0.8368293529
0.9567217816
0.9357384955
0.9052209228
0.9642814463
0.8709846727
0.7817510831
0.8762732413
0.8648055963
0.6674391883
0.9051423907
1.1027359639
0.9922830194
0.9791861263
0.8974527182
0.8997540311
0.9490411941
0.9567046483
1.1509068453
0.8049804676
0.9557738662
1.0078737955
0.8702699160
0.8691918731
0.9142227670
0.9010271577
0.8805738884
0.9185273824
0.9370696647
0.8080805311
0.9860052222
0.9955818057
1.0323897571
0.9926684389
1.0205434285
0.8498974862
0.9892312748
0.9933220511
1.0677250935
1.0366306570
0.9163438045
0.8642363851
1.0736413866
1.1997879626
0.9495479491
0.8088534074
0.9157748510
0.9500683641
0.9363357948
0.9980482720
0.9423502123
