-1.0598268374
-0.8959721929
-0.8448142292
-0.9672116517
-0.9544619011
-0.9659790733
-1.0316512172
-1.1445272605
-0.9271659556
-1.1350696165
-0.9807654046
-0.7841230883
-1.0348087625
-1.1507094961
-1.0137885254
-0.8094114955
-1.1461373365
-1.0774363089
-0.9589017442
-1.0218388746
-0.8712928127
-0.9610705011
-0.9916574434
-0.9780342863
-1.0412315029
-0.7532333504
-1.0634356292
-0.8614343245
-0.9742724121
-1.0215227471
-0.9592162406
-1.1022387229
-0.7087764280
-1.0195152488
-0.9178232293
-1.0162816426
-1.0633455517
-0.9095399503
-0.9305767472
-1.0087720666
-0.8615617056
-0.8888253214
-0.9930070234
-0.8604889680
-0.9421448207
-0.9081473146
-0.9570923677
-0.8355471526
-0.9080817800
-0.8514916724
-0.6842231138
-0.8447783512
-0.9248573727
-0.9491109001
-0.9857062298
-0.9956567071
-0.9573542364
-0.8374621214
-1.1006441569
-1.0011458260
-0.8422540238
-0.9067673616
-0.7231927833
-0.9264681412
-0.8265411577
-0.8168256789
-0.7863292922
-0.9777374687
-0.9041197950
-0.7924327032
-0.8325167314
-0.9365715868
-0.8907356711
-0.9493212835
-0.9240914484
-0.8732397698
-0.8706117119
-0.7897319955
-0.8647846408
-0.7685903528
-0.9055165666
-0.9164976862
-1.0928181903
-0.8901081987
-0.9101816999
-0.7553787512
-0.6295038199
-0.8750339572
-0.7318639267
-0.6699500515
-0.9797761291
-0.6793899124
-0.8962977493
-0.7753519955
-0.9096840339
-0.8132638608
-0.8432178089
-0.7828508396
-0.7339086201
-0.7609595461
-0.7564575870
-0.6650625731
-0.8317831062
-0.7253927836
-0.7622984966
-0.7223998066
-0.5548573387
-0.7851128271
-0.7590381239
-0.8251731462
-0.8578904817
-0.8046732733
-0.7180592196
-0.7206049563
-0.8115169887
-0.7907641569
-0.7824865449
-0.5423306942
-0.6950616110
-0.7473920032
-0.7625778176
-0.6117403055
-0.7232062978
-0.6741920978
-0.8092878762
-0.7650212963
-0.6914095981
-0.7401749782
-0.6015096252
-0.5727754534
-0.8691180716
-0.6979958709
-0.7533752179
-0.7174151385
-0.7913954268
-0.6418599766
-0.5611586950
-0.7290442186
-0.8746624111
-0.8150295197
-0.7095243347
-0.6679563396
-0.7013875509
-0.7001430744
-0.7260158729
-0.7097018635
-0.7179193872
-0.6128540584
-0.8057672309
-0.7852393604
-0.7736282379
-0.6746212978
-0.7714092236
-0.6045922599
-0.6961273181
-0.8660981046
-0.7039691468
-0.7337455911
-0.5933625869
-0.6580092357
-0.5882724427
-0.5917133037
-0.7964227976
-0.7573349374
-0.8376987599
-0.7047080398
-0.6452603214
-0.6270667743
-0.7055364724
-0.6164297393
-0.6918867678
-0.6142994433
-0.5482983080
-0.7123259881
-0.6503039156
-0.7364691766
-0.5506133483
-0.7475719245
-0.7619518341
-0.5409095407
-0.7159443449
-0.6941231932
-0.6584637374
-0.6416784057
-0.5511403402
-0.6657498829
-0.5717634101
-0.5278279617
-0.6584693915
-0.7287343400
-0.6422498651
-0.5072705940
-0.6445201295
-0.5450506474
-0.6416289868
-0.5272197379
-0.5925702229
-0.6450209620
-0.6748416626
-0.5938912107
-0.6041711392
-0.6746232332
-0.6927399544
-0.6404081941
-0.5742508484
-0.5680173708
-0.7257473355
-0.6076781344
-0.6519391088
-0.6105338959
-0.6838601827
-0.7248707161
-0.6404301009
-0.5977442592
-0.6629144395
-0.7021756142
-0.4338525681
-0.6056621118
-0.4683931571
-0.5976855861
-0.4804219800
-0.6363690173
-0.6089087821
-0.5717476068
-0.5618764040
-0.6272474863
-0.5483067000
-0.4010975021
-0.6702506200
-0.4554329563
-0.5658539178
-0.6450356736
-0.6705341734
-0.5527103451
-0.4942100177
-0.5340906851
-0.5597305494
-0.4844937197
-0.4910345160
-0.5838177089
-0.4399108084
-0.7901599309
-0.3552759596
-0.5128475131
-0.4922801083
-0.5392594237
-0.4836068330
-0.5601186240
-0.6028948228
-0.3604002735
-0.5319071555
-0.5962580972
-0.4546265558
-0.6285998101
-0.3575476048
-0.4456088729
-0.5160155416
-0.5183512863
-0.3375882784
-0.3724381757
-0.3633848959
-0.5178640736
-0.5017876715
-0.4161425353
-0.5616156739
-0.3209182948
-0.2733030622
-0.4246163506
-0.4672034104
-0.5630654765
-0.2904707340
-0.5283944498
-0.4628115244
-0.4011639258
-0.5180755616
-0.3575037702
-0.5172033024
-0.4353041989
-0.5036227167
-0.6041026689
-0.4507640468
-0.3317186710
-0.4929541367
-0.4950415909
-0.2919804435
-0.3495117350
-0.2151527767
-0.4132580315
-0.5358873608
-0.4514661699
-0.4167948811
-0.4833838497
-0.4428971308
-0.3845332868
-0.2752449620
-0.4411905714
-0.4564542605
-0.4388752498
-0.3787444135
-0.5359517195
-0.2642058607
-0.3588158099
-0.3642536076
-0.2682213948
-0.4715591573
-0.3679549976
-0.3804246985
-0.4814437076
-0.3650458069
-0.0970563238
-0.3736435923
-0.3713283353
-0.3499631582
-0.4000648484
-0.4461568744
-0.4512858590
-0.2146829004
-0.3719668965
-0.3751051572
-0.3498043974
-0.3639705244
-0.3495075091
-0.3381795269
-0.1882388590
-0.3565825569
-0.5621337642
-0.2774939810
-0.5347908322
-0.3068062240
-0.4828278672
-0.4325170853
-0.3764891293
-0.4182994512
-0.3947973188
-0.2783790444
-0.2150203599
-0.3096918913
-0.4137631437
-0.2576275004
-0.3556015800
-0.2408417093
-0.2328644926
-0.4365154183
-0.4183287697
-0.4352303123
-0.2991238884
-0.4335152568
-0.2899166708
-0.3079864527
-0.1139790304
-0.3087329311
-0.2684319285
-0.2184904218
-0.2994418091
-0.4475068045
-0.2711911667
-0.2180932877
-0.3712170361
-0.2677576990
-0.4463945229
-0.3048003417
-0.2510152158
-0.1674845084
-0.4423712753
-0.2924447095
-0.1822640326
-0.3851074698
-0.3793359695
-0.2656957369
-0.2178565856
-0.3050472333
-0.3350478861
-0.1567842642
-0.0899798821
-0.4195629333
-0.1732421555
-0.3007022711
-0.2418878530
-0.1810737965
-0.2741973592
-0.1562734981
-0.2532701550
-0.1722001851
-0.3788012698
-0.1842497018
-0.4043469420
-0.3005385411
-0.4388144488
-0.2406663206
-0.2083613813
-0.0720828283
-0.2078123390
-0.3091784387
-0.2293351147
-0.2352013305
-0.1432535288
-0.0673758832
-0.2317387339
-0.2762226403
-0.1934519587
-0.1896324047
-0.1791347045
-0.1976120172
-0.2294882778
-0.2122105431
-0.1494551716
-0.2318821952
-0.2312752723
-0.1068146591
-0.1790250940
-0.2389889463
-0.1977672920
-0.2229614223
-0.1466124800
-0.2549218751
-0.0587609252
-0.1426470415
-0.1324401475
-0.1016206495
-0.2772455025
-0.1616112248
-0.0111934538
-0.0650034402
-0.2206430636
-0.1097174960
-0.1178853691
-0.1690739034
-0.2078366269
-0.1843527550
-0.1213952201
-0.2270755704
-0.0344798250
-0.0722359483
-0.0000078706
-0.0250789857
-0.1347153768
-0.0254929281
-0.1095581258
-0.0677470910
-0.0961169338
-0.0330420966
-0.1343060549
-0.1017042566
0.0193875627
-0.2567706042
-0.1319957032
-0.0382917551
-0.1268361002
-0.1482793530
-0.0907104808
-0.1577686695
-0.0404253654
-0.2313798884
-0.1431957669
-0.1334729092
-0.0276209875
-0.1466340674
-0.0914535864
-0.0478082220
-0.1605268451
-0.1502189974
-0.0882755686
-0.0900810305
-0.2004439847
-0.0576085791
-0.2085470457
-0.0885180783
-0.1182754118
-0.0614160762
0.0874990103
-0.1577218032
-0.0613519722
-0.0707824805
0.0379140959
-0.0327948622
-0.0295383690
-0.1455466130
-0.0292740905
-0.0249727144
-0.0638074686
0.0651175491
-0.1213817800
-0.0571756005
-0.0685264593
0.0781518670
-0.2786497994
-0.0639021004
-0.0927933903
-0.1005898966
-0.0268043275
-0.1250811054
-0.0012079243
0.0197627922
0.0390040267
0.0796111270
-0.0075568379
-0.1124659086
0.1385960679
-0.0195910133
0.0576622661
0.0260202877
-0.0501957515
0.0049424578
-0.0472727580
-0.0284815072
0.0732228012
-0.0334303211
-0.1754185559
0.1746639356
0.0166977555
0.1877485875
0.0698713109
0.0673038366
-0.0633395898
0.0465446126
-0.0127079985
-0.0150892689
0.0988308709
-0.0543651546
0.1577928112
0.0559410952
0.2349153496
0.2567479659
0.0996257509
0.1506761606
-0.0391545680
0.0663040826
-0.0535701365
-0.0543737052
0.1561240041
0.0283516533
0.0539315504
0.0073127434
-0.0450645896
0.0250068758
0.1085355467
-0.0246668030
0.0446895346
0.0527030098
0.0880294866
0.0412201203
0.0742389579
0.1004521889
0.1352968831
0.0131072573
0.0504289365
0.0778549919
-0.0014559571
-0.0066772846
0.1819219726
0.1448788578
0.1811525945
0.0875611494
0.0127710232
0.0484143990
0.1585258971
0.1905098689
-0.0009025377
0.3689838767
-0.0282975903
0.1022633434
0.2500043077
0.0405867283
0.2448874146
0.2450552375
0.0721462109
0.1830023862
0.2307162063
0.1443435533
0.2257578541
0.1352401294
0.1435131478
0.0966984499
0.1332889139
0.2455240390
0.1471113217
0.2328878891
0.0778193432
0.1838261419
0.1351764233
0.1852827396
0.0964801466
0.2022423005
0.2331954292
0.1234073486
0.0792101150
0.2028315451
0.3009977227
0.2002887866
0.1340549403
0.2223297433
0.2887532701
0.0646818741
0.1099683530
0.2216623061
0.0793239225
0.1841190385
0.2923996379
0.1760170960
0.1518725634
0.2617499868
0.2280820462
0.1711600690
0.1228064299
0.0894126175
0.3676754049
0.1273438380
0.1902817069
0.2542105743
0.3655010202
0.3843242901
0.4025298299
0.1653873525
0.2061786111
0.0473852640
0.4066937876
0.1821742728
0.2013736643
0.2203337681
0.2232637268
0.3024253905
0.1925350057
0.2388898746
0.2061506258
0.2437767334
0.4229826645
0.1770137705
0.2335022483
0.1697826357
0.1871213098
0.3260617286
0.3146237790
0.2360084187
0.1453543605
0.3409425373
0.3584682148
0.1813599358
0.3392805970
0.3055996936
0.2071925826
0.3191216006
0.1659574651
0.3623697556
0.1711042867
0.2105831941
0.3462899203
0.2810146887
0.2782658796
0.2403820086
0.2740261276
0.4629022262
0.3622064204
0.4300172366
0.3041977751
0.2889233258
0.2963939074
0.2503945008
0.4138054589
0.3133653209
0.2112415920
0.2525420276
0.1953420896
0.4465043728
0.3508516037
0.2797429010
0.3303004839
0.3945888835
0.3472969616
0.2237522006
0.1366456398
0.1719448692
0.3367194912
0.4660054546
0.2928436313
0.3600494877
0.3332724782
0.3754044073
0.4326057240
0.4984563917
0.3764440245
0.3327489397
0.2383456916
0.4219592990
0.4686834125
0.4649016156
0.3329720934
0.4356843971
0.2820887758
0.3877912050
0.2341868143
0.2710107373
0.3556845085
0.3583130361
0.3790267907
0.2231421186
0.3737045027
0.3370658595
0.4126230324
0.3497310540
0.4272466088
0.4444654816
0.5185691912
0.4418651932
0.2756570361
0.3749297766
0.3720544864
0.5494507865
0.3929733835
0.4025608050
0.4345818824
0.4650940206
0.4902392323
0.3855506406
0.6079060602
0.4619980905
0.3521894164
0.2844441824
0.3830698058
0.3787457159
0.4479280787
0.4789187011
0.4961785824
0.4950339713
0.3181194793
0.4798371891
0.2470212664
0.3980896078
0.5593027197
0.5682545599
0.5909592768
0.3322733966
0.4608321663
0.3713978042
0.5664851306
0.3580596941
0.5437148857
0.3319587679
0.4579864863
0.2983941299
0.4210108340
0.4624977489
0.4753260431
0.2983654226
0.3817977003
0.4416231004
0.6207639127
0.5521061735
0.6165477495
0.5364688910
0.4429561358
0.6378482880
0.5530844594
0.4568035112
0.4923198297
0.4023695340
0.4579464278
0.4885149509
0.5272355961
0.4990271080
0.6796020660
0.4914438559
0.6025343390
0.5671375430
0.5233862989
0.5028104726
0.3508616462
0.4059110080
0.5522151720
0.4639559335
0.5085056292
0.3965998871
0.5681451756
0.4721261497
0.4916833270
0.6891546177
0.5157195330
0.4976051087
0.5330177670
0.5890712240
0.5414619231
0.6377988761
0.5264294752
0.6441658014
0.5373560614
0.5595766362
0.6356802184
0.5340987542
0.5755256511
0.5657951939
0.5510218938
0.4474836150
0.5437538323
0.5567112437
0.6142830422
0.5613801801
0.5532449033
0.6129172431
0.7030694844
0.6548869766
0.6757223288
0.6154587781
0.5521400644
0.6157173212
0.7439740502
0.6422301577
0.5680350867
0.7242934325
0.6440450304
0.6588114888
0.6607157426
0.6240762389
0.4653086466
0.6499000768
0.6768313107
0.8089334002
0.5339667772
0.6274671400
0.6851719567
0.7107522726
0.6539353449
0.6040447854
0.6740045055
0.7646254574
0.6115073993
0.6949586194
0.6651193215
0.5230869256
0.7188791767
0.6633629090
0.6822324660
0.6213310900
0.6172613143
0.6286435623
0.7634573110
0.7067561936
0.7625768527
0.7421706548
0.6410730357
0.6340962219
0.4949854578
0.6874447610
0.7239054877
0.8091938606
0.7395414908
0.6721917381
0.6490662722
0.7059915420
0.5737142190
0.5212836734
0.4842865142
0.7286398226
0.6907602201
0.6611421090
0.6218262497
0.4960833321
0.7378735325
0.9022140231
0.6972445476
0.7545787540
0.7940251390
0.7354834828
0.6716629900
0.8174934538
0.8448531701
0.6854130584
0.6175228735
0.6811928445
0.7071217966
0.7725497173
0.7527170406
0.8027114586
0.6921906422
0.6829744264
0.7036274847
0.6380875586
0.6339085355
0.8025518877
0.8188253298
0.6865924056
0.7038844596
0.6827325883
0.7996883859
0.6919225227
0.8068892812
0.7701149127
0.7166977746
0.7078321897
0.8436576952
0.7363286291
0.7754466521
0.8764073607
0.5890782152
0.8926137884
0.8369862423
0.8686134615
0.8262770329
0.7252356122
0.6987945642
0.8521357462
0.7345892637
0.7757501911
0.7033736204
0.7290825427
0.7571238728
0.6777611301
0.8684810962
0.8300599775
0.8355247828
0.7683706173
0.8802542608
0.9595893842
0.8730396440
0.8482592848
0.8814853495
0.9024559114
0.7214672037
0.9302623472
0.9284925100
0.7848458806
0.8438675055
0.8438496818
0.7858302953
1.0209054760
0.8851323492
0.7715330824
0.8553291098
0.7596656499
0.7402337492
0.8327650043
0.8009158723
0.7492786065
0.8617614675
0.8908520904
0.8889246577
0.8189080683
0.8731288151
0.9153160189
0.9022559854
0.9094254062
1.0095711255
0.8454137171
0.8785067522
0.8756757827
0.8199208456
0.9546126670
0.8265334169
1.0385789854
0.8251657152
0.8673342814
0.8402286365
0.9724871152
0.9217175221
0.9113244163
0.9498569863
0.8720565962
0.7768525328
0.8339500563
0.8518421904
0.6684764511
0.9155424776
1.1222700503
0.9745650818
0.9932583192
0.9009923656
0.8911576477
0.9676910705
0.9436524633
1.1462583524
0.8063128100
0.9512830481
1.0144911535
0.8762337097
0.8875347820
0.9104470657
0.9156684781
0.8979195795
0.9274010701
0.9320006926
0.8043983075
0.9985256636
0.9944665441
1.0510677992
0.9958932439
1.0076502594
0.8415520003
0.9799339798
1.0281254467
1.0580737064
1.0328013951
0.8977414345
0.8499291517
1.0603000355
1.1943843452
0.9425423186
0.8105252779
0.9272692123
0.9517147854
0.9211766251
1.0058521362
0.9418970185
