-0.9815874122
-0.9312712550
-0.9958849591
-0.9444872590
-1.0549134028
-0.9131397346
-1.0403223834
-1.0069521016
-0.9030812202
-0.9245891259
-0.9724018227
-0.9270054118
-0.9938744537
-0.9672295187
-1.1323095437
-0.9187369239
-1.0052058304
-0.9226760752
-0.9902881349
-1.0738468103
-1.0852486513
-0.8412066248
-0.8551490033
-0.9074758354
-0.8709489089
-0.9124354723
-1.0127543677
-0.8740400274
-0.9350200383
-1.0403687139
-0.8770362772
-0.8318660795
-0.9283692444
-0.5941250655
-0.9363051497
-0.8455439397
-0.7946272755
-1.0013741555
-0.9041738828
-0.9469583758
-0.9447441661
-0.9587985529
-0.7718960023
-0.9130314549
-0.9782075097
-0.8778467808
-0.7427383837
-0.7574098030
-0.9487076218
-0.8997603715
-0.9725633816
-0.8724904468
-0.7626163408
-0.8172068643
-0.9617414685
-1.0064623370
-0.7987916785
-0.9374151654
-0.8263284818
-0.9503106225
-0.7845253527
-0.9077663872
-0.8624487507
-0.8281779388
-0.7640437018
-0.8199332544
-0.9564922014
-0.8678398867
-0.9429084001
-0.8556101546
-0.8215067023
-0.7908998073
-0.8449367960
-0.8542617183
-0.9906315002
-1.0558659789
-0.9429689512
-0.8827347327
-0.9721223555
-0.9782971943
-0.8816797660
-0.7381788211
-0.7272063622
-0.8568699815
-0.7081313061
-0.8242669583
-0.9057215225
-0.8301240306
-0.8184604271
-0.8162060120
-0.9025389734
-0.7980679621
-0.8277441023
-0.8741645885
-0.7572466430
-0.7203241986
-0.7883892042
-0.8486136739
-0.8893570077
-0.9139744435
-0.8851394736
-0.8430813382
-0.7584492615
-0.7129113597
-0.7911805180
-0.7089597888
-0.6507040048
-0.7612575988
-0.7759839165
-0.7940958721
-0.6793558389
-0.7910820786
-0.7657581717
-0.7105718823
-0.8708386129
-0.6597431977
-0.7663664728
-0.7611955513
-0.6162626083
-0.8334784377
-0.6914066941
-0.7217735985
-0.6730251594
-0.6817899690
-0.5842709016
-0.8615032950
-0.7203581992
-0.7325220574
-0.9377386151
-0.7884468360
-0.7267210024
-0.6430022072
-0.7902025323
-0.8256899735
-0.7768074178
-0.6527926108
-0.6855593949
-0.7756374249
-0.7978805654
-0.8551463727
-0.6802923682
-0.7891156117
-0.6303356137
-0.7536173989
-0.6247221850
-0.7101738012
-0.6221514965
-0.7327711850
-0.8735720692
-0.6183798155
-0.5072887843
-0.6776932639
-0.8601798877
-0.7822295867
-0.6781620532
-0.7444456307
-0.5837425176
-0.7779322789
-0.7335758960
-0.5981188874
-0.7545389112
-0.7509646406
-0.7539271083
-0.6447038377
-0.5353050066
-0.6136672858
-0.5889871121
-0.5754001249
-0.6256508601
-0.7124893884
-0.7129050959
-0.6027248489
-0.6126315085
-0.6762722601
-0.6331790248
-0.5790501066
-0.5566093369
-0.7158402715
-0.6968559476
-0.5712969173
-0.6786950889
-0.6333810284
-0.6485573306
-0.6711069900
-0.5589573756
-0.5785966672
-0.8147963142
-0.5132504686
-0.6636287786
-0.6242608152
-0.6099078089
-0.5156577814
-0.5958696090
-0.6280271011
-0.7305487752
-0.7488331562
-0.6598382706
-0.7054000367
-0.6101597780
-0.5847707876
-0.5568366204
-0.6957082421
-0.5414460227
-0.5966189344
-0.5526769489
-0.6489259065
-0.6248131513
-0.5599267748
-0.5870319352
-0.5331838993
-0.5768124418
-0.4521749280
-0.4678256379
-0.6213494842
-0.5731399608
-0.6177065043
-0.4570631953
-0.5693244919
-0.6466845260
-0.6445131500
-0.5528959399
-0.4191561505
-0.5897402415
-0.5391860501
-0.5679663334
-0.5370463508
-0.5829181313
-0.5983294222
-0.4851342631
-0.7332353047
-0.5078873577
-0.5412333384
-0.4043306519
-0.6281595392
-0.4688230662
-0.6202917988
-0.4601046696
-0.5623704358
-0.4970105962
-0.7140609282
-0.6507735094
-0.6290389577
-0.5009529242
-0.6352245913
-0.5823997422
-0.5953797340
-0.3777395429
-0.4865522269
-0.4225086496
-0.4930952336
-0.4684003421
-0.4751823061
-0.4581734336
-0.4926870508
-0.4028473721
-0.5042151224
-0.5739234679
-0.4587989535
-0.4083163970
-0.4505080863
-0.4762990365
-0.5004828762
-0.3274899935
-0.5438911937
-0.4363163852
-0.4866793140
-0.4995613975
-0.4532550326
-0.5333910601
-0.5200407319
-0.3232438396
-0.3940661172
-0.4916239414
-0.5722047380
-0.4997758062
-0.4893053521
-0.3730384565
-0.3116808334
-0.5961314800
-0.4287308710
-0.4131649658
-0.4749603036
-0.3930456446
-0.3986115334
-0.3553794012
-0.3545306488
-0.4220553131
-0.4802554590
-0.5000946025
-0.3440145632
-0.4205580685
-0.4147484941
-0.2968035185
-0.3391573579
-0.4840252566
-0.5223433211
-0.3692561322
-0.3002864569
-0.3937028323
-0.4936060862
-0.3990676810
-0.3647986345
-0.4157962502
-0.5587166475
-0.3897686147
-0.5907129314
-0.4459097733
-0.3313112247
-0.3567344626
-0.3954298100
-0.4869758549
-0.4849104698
-0.3161798660
-0.4602676360
-0.2520427384
-0.4457637709
-0.3552707315
-0.4054176072
-0.3608800678
-0.3581201005
-0.3214265301
-0.4004028549
-0.4384395712
-0.1978497354
-0.4297983800
-0.4012979225
-0.3852898446
-0.4259757088
-0.2412306489
-0.3183882872
-0.1981054443
-0.3089570961
-0.2522528555
-0.3199190967
-0.3485374992
-0.3075370266
-0.2150238950
-0.3070707914
-0.3119347002
-0.2987034414
-0.2801626891
-0.2270099548
-0.2561686600
-0.4577514418
-0.2916072456
-0.3514028226
-0.2440556489
-0.3906530618
-0.2405988862
-0.3629257487
-0.2789557925
-0.3743897874
-0.3655853316
-0.2941060244
-0.4145821808
-0.2878930756
-0.2429835750
-0.2994503406
-0.2567505886
-0.3541334376
-0.1936783243
-0.4169328175
-0.2357130908
-0.2462274619
-0.2192663309
-0.1719841193
-0.3811391039
-0.2673351005
-0.0793836153
-0.3625125310
-0.1859318871
-0.2988285633
-0.1105305717
-0.3084323091
-0.2390101530
-0.2219848238
-0.3109435368
-0.2641183046
-0.1455273187
-0.2749289909
-0.1493144767
-0.1354890037
-0.1734901880
-0.0931925821
-0.2470805033
-0.2144180238
-0.2575475937
-0.0746733309
-0.3031719941
-0.3161224644
-0.1259782422
-0.2548904538
-0.2883301273
-0.2349595297
-0.2446564936
-0.1776824303
-0.2894323441
-0.2506981618
-0.3123008037
-0.1916224666
-0.2753108369
-0.2133784917
-0.1836328122
-0.3352901134
-0.0440314119
-0.2028413674
-0.0721307718
-0.2619416253
-0.3574236585
-0.1826552158
-0.0591437579
-0.1996232887
-0.0928334899
-0.2415623010
-0.1089421957
-0.1799801990
-0.2844958853
-0.0250615615
-0.2039611297
-0.2695004492
-0.2656896065
-0.1812692461
-0.0888932533
-0.3077789314
-0.0802115264
-0.2456599420
-0.1945584891
-0.1439315473
-0.2164251086
0.0015596098
-0.2258119816
-0.2654142107
-0.1881815114
-0.0032729164
-0.0178868449
-0.0767124799
-0.1804457620
-0.0836801664
-0.1355020709
-0.0512061017
-0.0456090846
-0.1577000495
-0.1998763997
-0.2127759699
-0.2015038492
-0.1193859305
-0.1545035878
-0.0649933073
-0.0196159695
-0.1793576703
-0.1788139003
-0.1851092008
-0.0211004906
-0.1050961461
-0.0780771031
0.0376156984
0.1205933683
-0.0206939526
-0.0579557207
-0.0734641901
-0.0152437709
-0.1115176171
-0.2322610883
-0.0468534160
-0.0565117193
-0.0369483804
-0.0432243751
0.0538608824
-0.0079997446
0.0156936517
0.0411703505
-0.0001593894
-0.1506807118
-0.0343663505
-0.0143259022
-0.0137263772
-0.0732982487
0.0348881248
-0.0667716059
-0.1379682855
-0.0572308946
-0.0884483388
-0.0535838559
0.0702640871
-0.1543234195
0.0676473710
0.1031561982
-0.1226166270
0.0748651257
0.0471888064
0.0886642487
0.1011642653
-0.0281239749
0.0831069350
0.0888040570
0.0210425519
-0.0224494838
0.0046350659
0.0159245885
0.0717578718
0.0043115636
0.0716490576
-0.1988579171
0.0569419986
0.1159673207
0.0094292683
0.1415835161
0.1096314757
-0.1405166635
0.0526978952
0.1375382868
0.1716318480
0.0349257190
0.0084906890
0.0789011186
0.2275737554
-0.1188758910
0.0039614772
0.0123478982
0.0255449438
0.1852212456
-0.0168103622
0.0573648928
-0.1637885943
0.1789465829
0.0138228704
0.0483235710
-0.0144688446
-0.0046048480
0.0815876103
0.0485566441
0.1495953830
0.1419941577
0.1731628589
0.0128098297
0.0498082666
0.0941774339
-0.0017952593
0.1003317675
0.0644349891
0.0586430919
0.0951273488
0.0885937535
0.1547126093
-0.0170698319
0.0044398530
0.1856969573
0.0444930706
0.0923376027
0.1054127208
0.2426899366
0.1149516565
0.1948290924
0.0863976932
0.0693254690
0.1085012630
0.1333532205
0.1786322213
0.1730091169
0.1543652790
0.1060362113
0.2936973780
0.1040343655
-0.0179433304
0.1311896192
0.1356810483
0.0969952684
0.1704973107
0.1303034778
0.1525323691
0.0845529510
0.0850290655
0.1478892552
0.2914246525
0.0925525247
0.1254848130
0.1687409301
0.1547566613
0.1931946409
0.1142857306
0.1613272512
0.1773037118
0.0569515661
0.1268628565
0.1362670228
0.1195512653
0.1883715317
-0.0699530961
0.2273580604
0.2773643953
0.0707475298
0.2724827587
0.1240232422
0.1029531793
0.1395429966
0.3249327276
0.2095108719
0.2339249251
0.3146924371
0.2424040357
0.1821164918
0.2554304258
0.0155293287
0.3102238549
0.1960914638
0.2196710977
0.2815777023
0.3577084708
0.2648315641
0.2222884012
0.1475971563
0.1794439714
0.0781360817
0.2531612286
0.2308589656
0.2803406543
0.3262236058
0.3760195331
0.1005882768
0.0835162476
0.3127479508
0.2790261263
0.3542207437
0.1945272182
0.1441131519
0.3119979262
0.1807949348
0.2588331134
0.2697197371
0.2788868084
0.2017612648
0.3067809197
0.3314232074
0.3463627701
0.3707292633
0.2350924533
0.3108763105
0.1915625714
0.1768268433
0.1485135880
0.3512272624
0.0999902227
0.4132341843
0.1903737912
0.2840114635
0.4380002388
0.2253440039
0.3843106024
0.3948266220
0.3969606354
0.2583493770
0.0934914444
0.2924487370
0.1845809503
0.2576744898
0.2312405349
0.2884136802
0.2854950772
0.2631311364
0.3753976758
0.4062577943
0.3956417284
0.2880686584
0.5131192724
0.3230148110
0.4653623639
0.3565842205
0.2406619227
0.3899523110
0.3462262083
0.3062015351
0.4337302418
0.2023014622
0.2618585119
0.3774404250
0.4582794391
0.3077650557
0.3978351052
0.3570740269
0.2679801253
0.3306128084
0.4295784760
0.3014603990
0.3390338213
0.4049526044
0.4833129960
0.2554807083
0.1710863356
0.4037868605
0.3849385178
0.4336209237
0.2427367532
0.2797580162
0.3862205832
0.4051458713
0.3898184698
0.2838719270
0.4347072040
0.3254032768
0.3159379179
0.4308746575
0.4488216193
0.3514130309
0.3741990250
0.4150491059
0.2697265719
0.4500489532
0.4796112954
0.4557033696
0.3856776158
0.3931319185
0.4326036384
0.5043153355
0.3908693598
0.4207775348
0.5274191712
0.4470782705
0.3952884827
0.4722053807
0.4329922041
0.4071331337
0.5303320336
0.4033616898
0.4777593913
0.4849302020
0.3363092599
0.4643481856
0.4360705652
0.5193869928
0.4634528195
0.4519582220
0.4518216053
0.4382516993
0.4362223569
0.4405363315
0.4668978819
0.4956322405
0.3714337555
0.5170651440
0.4591489027
0.3216217622
0.3742706293
0.4470060072
0.3948689347
0.4127176770
0.5139101303
0.3310013487
0.4565201940
0.3695040843
0.4902044215
0.4830606767
0.5662265478
0.6050331818
0.4499759928
0.5648070252
0.6057335508
0.3997002587
0.4880449035
0.5598264254
0.6588979655
0.4548327670
0.6561409055
0.6162307406
0.4929305216
0.5472447579
0.6147877154
0.4750728189
0.4213595661
0.5636604259
0.4778425509
0.5121480669
0.4841391511
0.4693174978
0.6654354370
0.5132907183
0.5774847184
0.4292016043
0.5885276405
0.5234997421
0.5649010210
0.5063852081
0.6246034143
0.5429252959
0.5904556122
0.4437290300
0.6483946528
0.5503598637
0.5044206981
0.4641659603
0.7119649953
0.4780925870
0.5984018243
0.6093856357
0.6974494644
0.7442066389
0.5454595657
0.4726748418
0.5829063613
0.5375149132
0.6055510038
0.6172105283
0.5616334047
0.7939342375
0.6909284921
0.5506442087
0.5885216208
0.5587954234
0.6537259396
0.5978873065
0.7416332868
0.7643604429
0.6022656451
0.5580829257
0.5769393558
0.7348692094
0.7827496032
0.6031930992
0.6154597741
0.6488091627
0.5940772182
0.7817892087
0.6136408843
0.6449192769
0.6200267522
0.7956968916
0.6830680804
0.6784934780
0.6108574614
0.6225547478
0.7934832866
0.7492861593
0.6461028281
0.6695270121
0.5326911837
0.7247445197
0.6041538566
0.6209829504
0.7837959319
0.5947301428
0.6681174347
0.7134558662
0.7296267048
0.6663379266
0.8488604137
0.6285696990
0.7153364124
0.7127284486
0.5571499577
0.8036357645
0.7678129720
0.6520842310
0.6738524309
0.6281962068
0.6396886616
0.6207959527
0.6421681548
0.8290743578
0.7144886530
0.6928707802
0.7767819927
0.7618640740
0.7584312134
0.7806471270
0.8000417780
0.6689194254
0.7566852710
0.6017520921
0.7948396700
0.6996309273
0.5997530405
0.7841778546
0.6993889355
0.8400951251
0.7658362367
0.8442327771
0.7133636371
0.7021036121
1.0109075137
0.7131281975
0.8546992520
0.7613859955
0.8189515676
0.7175736544
0.7182715416
0.7382313969
0.8668429895
0.6549277317
0.6801990183
0.8528119221
0.8843981981
0.8236476938
0.7114069691
0.8437364935
0.7561505248
0.8314820093
0.7023969358
0.8573410600
0.8088390518
0.8716186671
0.8839115092
0.7953086814
0.7841698913
0.8380283594
0.7002918492
0.8200101708
0.8738492650
0.8124029232
0.8285723661
0.7874660163
0.7921844222
0.6849455449
0.7473610538
0.8011780331
0.9251158007
0.7949081489
0.8159944556
0.8840293279
0.8157723298
0.8648559292
0.7839994617
0.6934119965
0.7661935605
0.7297467383
0.8648109798
0.8393646646
0.7989589768
0.9583127801
0.7424133579
0.8585372770
0.7476610122
0.8509823476
0.8456859910
0.8704648191
0.7748211415
0.9506305194
0.8537082577
0.9672076222
0.9230013190
0.8122144259
0.8598635766
0.9387217386
1.0936404269
0.9247291885
0.8872403500
0.8509337545
0.9982921889
0.8015354207
0.8275337583
0.9418271833
0.9778871684
0.9222674886
0.9837359222
0.8518674390
0.9864573076
0.8518509845
0.8005101143
0.8146717584
0.9478261845
0.9608019214
0.8169474255
1.0559272994
0.7337366608
0.8674871873
1.0663802809
0.9795738782
1.0568077102
0.9898637331
1.0156958956
0.8697689557
0.9739867384
0.9157822793
1.1657172669
0.9000262230
0.8380165582
1.0930196927
1.0153895112
0.9973102032
1.0051767726
1.0495906360
0.9248951365
1.0251830560
1.0357955013
0.9568510977
0.8271878495
0.9697238762
0.8668064127
0.9075709368
0.9716194069
1.0848792859
1.0132232874
0.9969919791
1.0327214334
0.9987757495
0.8927626639
0.9208048590
0.9725279176
1.0087119703
1.0134154763
1.0792845640
0.9654152056
