-0.9998141587
-0.9738571153
-0.9949195515
-1.0371070521
-1.0449575866
-1.1354017329
-1.1145952482
-0.9866183005
-1.0476090922
-1.0312435186
-0.9266260681
-1.1289995854
-1.0940317268
-0.9472394305
-0.9577212625
-0.8838770920
-1.0797780630
-1.0338741192
-0.9967805667
-0.9247162434
-0.9750372899
-0.7724950671
-1.0671360080
-0.9216777495
-0.9144227697
-0.9123591648
-1.0389122385
-0.9807357571
-0.9799306475
-0.9905264392
-0.8812640002
-0.8979386127
-0.9718216145
-0.9187060834
-0.9986723823
-0.9058648076
-0.9733665246
-1.1021589787
-1.0625299609
-0.9860826696
-0.9233482146
-0.9073818554
-0.9348483698
-1.0514513617
-0.8531467435
-0.9364080726
-1.0430257583
-0.9323788293
-0.8266553605
-0.8123573482
-0.9391790417
-0.9149047348
-0.9941301434
-0.8782145592
-0.9061710308
-0.9099906650
-1.1342301772
-0.9453166666
-0.8918800396
-0.8975627864
-0.8335542871
-0.9110617791
-0.8452837628
-0.9173055376
-0.8769288051
-0.8486132099
-0.8831538624
-0.9087691112
-0.8624164551
-0.9392357525
-0.7517064407
-1.0499070829
-0.8715096032
-0.7821625367
-0.6818627361
-0.8597596434
-0.7320552632
-0.8061895757
-0.9117192866
-0.9413080394
-0.9378735515
-0.8937417569
-0.7637890096
-0.8054362710
-0.7564359269
-0.8226436878
-0.8159104264
-0.7147225215
-0.8577644330
-0.7301123693
-0.8082037123
-0.6854700668
-0.8163955006
-0.9736752559
-0.8450513538
-0.8179170103
-1.0358907132
-0.6709226385
-0.8299692634
-0.7054585291
-0.7880249181
-0.9192288935
-0.8115982530
-0.8479200410
-0.8097613249
-0.7873397891
-0.8024961061
-0.8989741460
-0.8356802307
-0.9241699119
-0.7102763571
-0.8608183984
-0.7658173856
-0.6732079640
-0.7317704964
-0.8460447163
-0.7694547851
-0.8477438838
-0.7258801511
-0.8082241033
-0.7613715310
-0.6661617917
-0.6949543228
-0.7848581408
-0.6878608571
-0.8064361431
-0.7546755210
-0.6988203431
-0.8268789736
-0.7284794598
-0.6967708441
-0.6141640445
-0.7294365892
-0.8686938087
-0.8565223533
-0.7083021725
-0.6799412003
-0.7486702109
-0.6425594276
-0.8918310888
-0.7632242291
-0.7311180571
-0.7920903610
-0.6137699843
-0.6056180804
-0.7969242854
-0.7231308277
-0.6438134096
-0.6968341788
-0.6179234041
-0.5705476189
-0.8604776601
-0.8864136559
-0.6740416123
-0.8543406163
-0.7086947918
-0.6615924019
-0.6535500096
-0.7215859340
-0.7868471391
-0.7716440305
-0.7753987345
-0.7550092486
-0.6596784951
-0.7078185786
-0.4983307563
-0.6722583105
-0.5316887818
-0.5816638015
-0.6706773427
-0.6878190286
-0.7256978690
-0.6091869731
-0.8404732008
-0.5852239971
-0.7598934857
-0.6721526285
-0.9072587463
-0.6978645098
-0.6684379129
-0.6317126649
-0.5851810837
-0.5034654110
-0.6317077670
-0.4387223314
-0.7374282812
-0.6102056226
-0.7355942988
-0.5131641527
-0.8729422964
-0.6078416300
-0.6837554604
-0.7169498956
-0.5924396039
-0.5897730699
-0.6142606662
-0.7735174876
-0.6228504460
-0.6488723384
-0.7176518632
-0.5165011906
-0.6581969602
-0.6565888022
-0.7001612982
-0.5824070768
-0.6731535113
-0.5480193982
-0.5037451905
-0.4470394555
-0.7202819721
-0.5943133085
-0.5257040952
-0.6427707098
-0.5771300829
-0.4717673062
-0.6523460478
-0.6015599390
-0.7079110136
-0.5014308235
-0.5974042698
-0.5822277484
-0.6103554266
-0.4387644709
-0.5593314349
-0.4113352037
-0.5098427328
-0.4915965052
-0.5493725733
-0.5919657646
-0.5128651104
-0.4320069598
-0.5789387966
-0.6266675481
-0.6365037048
-0.4863260521
-0.5671152962
-0.6316122757
-0.5436736704
-0.5408524342
-0.6218867418
-0.5945663852
-0.4665408425
-0.5931205713
-0.5103023025
-0.6457700583
-0.5577320636
-0.5558948211
-0.3750242648
-0.4941082208
-0.6503762971
-0.6198792951
-0.5713323712
-0.4618520835
-0.5607211690
-0.4543055695
-0.5243967117
-0.5896344720
-0.3849747307
-0.3843349153
-0.6076779591
-0.3457561940
-0.4599907926
-0.4798831025
-0.4437569345
-0.3386065160
-0.4665050128
-0.4830702726
-0.3119146275
-0.3207405204
-0.3505323145
-0.4592683885
-0.4593393204
-0.4099801845
-0.4890567390
-0.3894580341
-0.4989419856
-0.4387324372
-0.3979381334
-0.4185656787
-0.4432798237
-0.4078174559
-0.3267750222
-0.4452481467
-0.4660727072
-0.3942661552
-0.3034263510
-0.4171638190
-0.5467235477
-0.5283011438
-0.3621421184
-0.4351891937
-0.4082008384
-0.3111265100
-0.4645616674
-0.4232822781
-0.3742681013
-0.4466531990
-0.5058310778
-0.4281070447
-0.4111067369
-0.3939747742
-0.5519405498
-0.3814462113
-0.2852658015
-0.5364818213
-0.3430274794
-0.3677469101
-0.3968823062
-0.4281892027
-0.4643667446
-0.3158897170
-0.4377332209
-0.3689378100
-0.3970696640
-0.4361207099
-0.3473291939
-0.5298715577
-0.4312835724
-0.1414776202
-0.3769411353
-0.2236717578
-0.4136593210
-0.3999071397
-0.2891648651
-0.5333602960
-0.3052706744
-0.4474255370
-0.3449804032
-0.2549155891
-0.4683217464
-0.3415539551
-0.2521747969
-0.2121011096
-0.3674038857
-0.4343917660
-0.3753948807
-0.3569472369
-0.3618101076
-0.1842996425
-0.4102989086
-0.3382474318
-0.2067085385
-0.3130315820
-0.3285607735
-0.6136895960
-0.4032861966
-0.3594070264
-0.2995691616
-0.1751430828
-0.2439221762
-0.1308643810
-0.3372611904
-0.3711829110
-0.3188409058
-0.4260518973
-0.3948216948
-0.1758669603
-0.2692329553
-0.3778709510
-0.1800206853
-0.2532104117
-0.3585856816
-0.3870882721
-0.1128344218
-0.2212830188
-0.2282359680
-0.2962690803
-0.2787157699
-0.2067445670
-0.2566325106
-0.3144622600
-0.1941570997
-0.3057233149
-0.1817922754
-0.2415261718
-0.2920309938
-0.2267073852
-0.3040884176
-0.2476896017
-0.2879376259
-0.2667613376
-0.3039336885
-0.3278997893
-0.3408626680
-0.2184310385
-0.1854182242
-0.2032741093
-0.1698445853
-0.1759192075
-0.1526023288
-0.3260390721
-0.2209135219
-0.1525476381
-0.1876195372
-0.1887794819
-0.3200158999
-0.2082775256
-0.2559439121
-0.3504977736
-0.2625376935
-0.3210152466
-0.2521886058
-0.2683052240
-0.2246818294
-0.2720219251
-0.2184708879
-0.2168412032
-0.3269606397
-0.2224905817
-0.1858864975
-0.0524251209
-0.2952667874
-0.1063998131
-0.2536362922
-0.0465472493
-0.1103997918
-0.0157035534
-0.1578357518
0.0681219949
-0.2393345976
-0.1158238134
-0.2208387085
-0.0650453827
-0.1735713033
-0.1825047286
-0.1451287463
-0.0332345936
-0.1133405689
-0.1012508083
-0.2198989522
-0.0908512587
-0.2468221614
-0.1146821327
-0.1344027901
-0.2230151253
-0.1342003718
-0.1241608897
-0.0273990847
-0.1122117982
-0.2338588421
-0.1220216757
-0.0420616357
-0.1970598436
-0.0740570546
-0.1392906721
-0.3340299361
-0.1232199835
-0.1382328247
-0.1137281425
-0.0479235627
-0.2219962233
-0.0541412400
0.0191364476
-0.2291721057
-0.0986729355
-0.1299979453
-0.0315016824
0.0728528320
-0.0631660050
-0.0855694381
-0.1275594540
-0.1049462282
-0.1452064379
-0.0229647607
-0.0331266978
-0.1341486232
-0.2423002881
0.0030991384
-0.2378573481
-0.0058660479
-0.0365144767
-0.1087481815
-0.0010838422
0.0330594468
-0.2385805739
-0.1431209989
-0.0237246872
0.0243758277
0.0530115456
-0.1316320604
0.0863049562
-0.0936499286
-0.0156402875
-0.0601402112
0.0819603140
0.0011763441
0.0093350198
-0.0863865189
0.0906390884
0.0078645803
-0.1121358352
0.0833687394
0.0862826889
-0.0067737813
-0.1158566851
-0.0477924812
-0.0303386311
0.0166987516
0.0137166230
-0.0552432650
0.0394375857
0.1183492945
-0.0240885859
0.1103292916
-0.0268647212
0.0019165060
-0.1230215594
-0.0841892769
-0.0309543395
0.0113095070
-0.0790422942
0.0143540308
0.0247484513
0.1653375651
0.0791815862
0.1705027443
0.0233147415
0.0087070173
-0.0474820031
0.0898099269
-0.0059768794
0.1202663754
0.2094648044
0.1417995097
-0.0440305277
-0.0456976087
-0.0328452055
-0.0681684467
-0.1078557225
-0.1448146653
0.1096490224
0.1514353992
-0.0371148328
0.1215383219
0.0908399160
0.0906862008
0.2207080660
0.1458040761
0.0582359140
0.0681550946
-0.0353623571
0.1598473956
-0.0237907996
-0.0070360810
0.0348142543
0.0823085401
0.1532100929
0.1801638141
0.1122474876
0.0622826861
0.0138428087
0.0351692064
0.0865601904
0.0146667779
0.0483158798
0.1073587022
0.2529712072
0.1370360041
0.1606589296
0.3441661133
0.1688852141
0.1030339797
0.2108905555
0.0487425541
-0.0076274433
0.1628560625
0.2294539188
0.1077445198
0.2168449197
0.1573867103
0.1223513652
0.1353508090
0.0235989262
0.2035612187
0.0782694500
0.2419991229
0.1230306793
0.2200110013
0.0597416294
0.2555214452
0.2165933760
-0.0562571836
0.1247975334
0.0006633564
0.1618041039
0.1270662282
0.2207812002
0.3563133049
0.1201057895
0.0829567412
0.1517388688
0.0226846760
0.1173456949
0.2064208365
0.2218828444
0.3123496619
0.1609481494
0.1442495611
0.2939576519
0.2008809230
0.1518938729
0.1230882754
0.2376479732
0.2839513137
0.3960592163
0.2378499492
0.3088069054
0.3394441216
0.0705849550
0.2097319070
0.1830372695
0.2944351356
0.2377009860
0.1436624805
0.0802865350
0.1099934258
0.1475513261
0.2384924623
0.2790907082
0.2815543331
0.1361173883
0.2084029726
0.2617907496
0.3006427168
0.1125548576
0.2304137922
0.1883042876
0.1809035600
0.1361486831
0.2320228008
0.1290242928
0.1119628004
0.3255698942
0.3356909835
0.1948903382
0.3594941417
0.2527450673
0.1548410016
0.1966795653
0.2808981980
0.3773996818
0.3262804319
0.5071872818
0.2701414201
0.3400899405
0.3490049395
0.2409389970
0.3783799472
0.3265022112
0.3994264840
0.4461127179
0.3305150077
0.1880775333
0.3539078002
0.3419146926
0.4229628745
0.3093234142
0.2771329768
0.4719027480
0.3179023271
0.3880657809
0.3887796432
0.3048542019
0.4771617080
0.3333131163
0.4253346228
0.3372460390
0.1702791265
0.3020533871
0.3018689816
0.3912799294
0.1621038985
0.4475161754
0.1334615419
0.3966172462
0.2755973289
0.2804521405
0.4781905325
0.3040930356
0.2150904371
0.3431162796
0.4104952319
0.4241255304
0.3679251600
0.4543083559
0.4451145169
0.3195357243
0.4388841476
0.3379962427
0.3831899721
0.3750882205
0.2882627889
0.4333172793
0.3920215923
0.2747459509
0.3463513144
0.3877923406
0.3967418005
0.4534398199
0.3393052012
0.3555513963
0.4028643611
0.4856398894
0.4533702094
0.4168489874
0.4599425654
0.5147774670
0.4659500612
0.3167539839
0.5426293865
0.5328901440
0.4651855013
0.4206875464
0.3595532932
0.4528016183
0.5164980593
0.3338077345
0.4182651421
0.4544895510
0.5614269830
0.5822963040
0.4298084407
0.3850769034
0.3573842506
0.4594070621
0.4695565864
0.5086373974
0.5301981960
0.5570606974
0.5446953567
0.3916643121
0.4522020294
0.4982037989
0.3734991329
0.4751062100
0.4944019809
0.5430195294
0.4754050848
0.2884744647
0.3718616080
0.6291992647
0.4417830635
0.5641564854
0.6200616323
0.3389026998
0.3791343401
0.5584714563
0.7118653747
0.4786641263
0.4956676709
0.4100912581
0.5344891787
0.4956553945
0.4797810586
0.4512932578
0.5597917540
0.2954626103
0.4198224054
0.5616935715
0.7710851634
0.5720300520
0.4791755646
0.5282581641
0.5026164347
0.6483552129
0.5857390208
0.4597425214
0.4403571998
0.5889717512
0.5220279056
0.5489911489
0.6163027626
0.5524876947
0.5847847553
0.6979718602
0.5829378420
0.5535069630
0.6207085624
0.5430535206
0.4208281693
0.5793126963
0.6979468699
0.6550997814
0.5064815070
0.5642045462
0.5169467249
0.5284563291
0.7595756081
0.5966746556
0.5834117436
0.7218899621
0.5481292259
0.4519621357
0.6550660897
0.6413527899
0.5763346109
0.5375927998
0.8562984763
0.7184901030
0.7327080029
0.6833138407
0.5616169215
0.6942565986
0.5696557748
0.6841504530
0.6116120375
0.6587219821
0.5429016893
0.6331277898
0.5826886599
0.6803627833
0.6084340271
0.6218195114
0.6657979530
0.6720471761
0.6840097143
0.7051883047
0.5556374538
0.5746789845
0.6133234073
0.6299433580
0.6198724383
0.6502472593
0.5880840995
0.7096222195
0.5982810836
0.6447968782
0.7376468324
0.5516256502
0.5883175640
0.6957289954
0.6096826623
0.5741085107
0.6415800577
0.5188595670
0.5288535316
0.6838119976
0.6438164321
0.8799801393
0.5873884750
0.5784214008
0.5959882990
0.6341714672
0.6476475307
0.6270869413
0.6824315443
0.6897574972
0.6810339919
0.6835332814
0.6108174192
0.7282198983
0.8900274472
0.7151365012
0.6238695792
0.7769249213
0.8384875537
0.7621629038
0.7313876292
0.7976397591
0.7150470106
0.7339024435
0.7902269134
0.7289314959
0.6445972916
0.8193844763
0.7796461372
0.7956727805
0.7439678929
0.6335767106
0.6549562285
0.5470627384
0.7816836115
0.6773309305
0.7583170759
0.8632195256
0.8387329968
0.8089740893
0.6040573479
0.7419572837
0.8428373217
0.8469763421
0.7776605345
0.7046744436
0.7565769449
0.7834496916
0.8490031936
0.6206775252
0.8003771990
0.8054735979
0.7562057529
0.7962777065
0.6968112446
0.7734585976
0.6945218422
0.7545060732
0.8858339230
0.7823840572
0.7204208821
0.8438651983
0.8111080306
0.8615818320
0.7543471460
0.9547313491
0.8776421324
0.8314662328
0.7471333476
0.7410676943
0.8112518925
0.8766345428
0.8678826058
0.6766011173
0.7058249519
0.7256771204
0.8019093326
0.6998873609
0.7799983147
0.8210440248
1.0168666354
0.8647601441
0.8201665983
0.7993099777
0.9781026120
0.8661479850
0.8958148727
0.8804355757
1.0320985111
0.6887774362
0.9226879658
0.8052216337
0.7873097257
0.9177879200
0.7545010614
0.8248606437
0.7996832188
0.9376839951
0.9796429683
0.8541066252
0.7885649887
0.8267155535
0.9957544818
0.9269201854
0.8696732653
0.9983781711
0.9052547445
0.8747187659
0.9278808044
0.7928193891
0.7734744399
0.8793783758
0.7844407627
0.7579762201
0.8257763335
0.6819975207
0.8966817556
0.9837876267
0.9939135069
0.9284950934
0.8377988471
0.9727751294
1.0403394454
0.9134663788
1.0307721337
0.9272011208
0.9482862536
0.9153581605
0.7148690588
0.9060394581
1.1090908767
0.7739594097
0.9592362445
1.0013557413
0.8042553634
0.9719785643
0.9243325110
1.0153541265
0.9675888255
0.9462427849
0.8902851557
0.9906348123
0.9594435705
1.0631099912
0.9452180783
1.0190425513
1.0139441407
0.9688103578
0.9296607791
0.8684204005
0.8743207803
0.7986363359
0.9506630575
1.0356794763
0.9131431408
0.9385323843
0.9897929448
0.9393800149
0.9301507396
1.0235107145
1.0916362739
1.0136257431
0.9767791822
