-1.1218200182
-1.0606760454
-0.9933100176
-1.0069906123
-0.9925879582
-1.0899831954
-1.1032486717
-0.9049257448
-1.0617668187
-0.9959735045
-0.9268418765
-0.8197736618
-0.9136575867
-1.0153619636
-1.0318111299
-0.8978782737
-0.9170046289
-0.8628743806
-1.0356429302
-0.9728209081
-0.8995903523
-0.9344167037
-1.0358031094
-0.8154930399
-0.9266619873
-0.8459347430
-1.0275797633
-0.9868955401
-0.9618431934
-0.9408087561
-0.9535967818
-0.8467157029
-0.9288523447
-1.1096068045
-0.7990508989
-0.8609429603
-0.9521264094
-1.1240146266
-0.8561671765
-0.9054284145
-0.6958979084
-0.8443470882
-0.8946533608
-0.9461983884
-0.7908842332
-0.8495313103
-0.8939275002
-0.8768568178
-0.9931647225
-0.9286733930
-0.9065673795
-1.0853795474
-0.8715923671
-0.8213052242
-0.8603921805
-0.7684508686
-0.9072967230
-0.9771372627
-0.8558780784
-0.8918405046
-0.9383392955
-0.8613083065
-1.0924177888
-0.9781489737
-0.8551187901
-0.8224795574
-0.7586831823
-0.7358677212
-0.8687951938
-0.9390397197
-0.8377074755
-0.9541577574
-0.8091955512
-0.9592472668
-0.9072221203
-0.8936456392
-0.7148209190
-0.7687398333
-0.8733543712
-0.9752244761
-0.7748048572
-0.9556684102
-1.0486533854
-0.8905940773
-0.8777587674
-0.8022046903
-0.6826664591
-0.9049644779
-0.8560781153
-0.7629438602
-0.8019334505
-0.8654283900
-0.7662018320
-0.8317844696
-0.7592148450
-0.7406604585
-0.8266142998
-0.8421721284
-0.6785039430
-0.8338642772
-0.7056684058
-0.7590413392
-0.7123190716
-0.7356830936
-0.7304052019
-0.9054114222
-0.7747414959
-0.7125969912
-0.7830866847
-0.7427940599
-0.9150590864
-0.6370660366
-0.7585426934
-0.7584622348
-0.6503886200
-0.8080227200
-0.7345155320
-0.6323113766
-0.8643148854
-0.7889141490
-0.7371794217
-0.8156588847
-0.9075938120
-0.7276725694
-0.8233247143
-0.8120113760
-0.6486307595
-0.7007191134
-0.8499731261
-0.7792182587
-0.8420638847
-0.8482906874
-0.7168074733
-0.7317502645
-0.6392521707
-0.6970928723
-0.7034213299
-0.8076335840
-0.5746988646
-0.7219545195
-0.7405940451
-0.7246783755
-0.7120265139
-0.7380596187
-0.6717725486
-0.8545587485
-0.4996560762
-0.6240128082
-0.7201626821
-0.8360763835
-0.7138576727
-0.6144498060
-0.6280325298
-0.6191747246
-0.6093508925
-0.5445835572
-0.6297789562
-0.7939851558
-0.5822603549
-0.7759508021
-0.6276200309
-0.8535487058
-0.7602795497
-0.8678227041
-0.7754195751
-0.5831652791
-0.6977991957
-0.7481859207
-0.6861903974
-0.6597417076
-0.7108393592
-0.6065893911
-0.5064624680
-0.5841402081
-0.6429666049
-0.6176403395
-0.6207167245
-0.8146143048
-0.5311104917
-0.5504187099
-0.7268402040
-0.6894889250
-0.7029044587
-0.5087804411
-0.6228752066
-0.6387171473
-0.6069862735
-0.5506177804
-0.7035552557
-0.6430497463
-0.5832452711
-0.6274502024
-0.6623918379
-0.6429269126
-0.5862134434
-0.6644479984
-0.6142049145
-0.7230050457
-0.6894296324
-0.6620214852
-0.6432189905
-0.6561478118
-0.7126055537
-0.4889645124
-0.3646032290
-0.5305903856
-0.6045705013
-0.6004163230
-0.5398482363
-0.6642479617
-0.5741351103
-0.5092429336
-0.5797404828
-0.5946431288
-0.6638186291
-0.3961475612
-0.5553851413
-0.4126621317
-0.6542640938
-0.5459889611
-0.4752078703
-0.6475592623
-0.4859216800
-0.6060102628
-0.5248135013
-0.5861314914
-0.5868347856
-0.4705994652
-0.5949184786
-0.5549236779
-0.5695213486
-0.3689954695
-0.6802366795
-0.6104070514
-0.6135806404
-0.6143975810
-0.4049151161
-0.4536289672
-0.5950468676
-0.6060957733
-0.4993638804
-0.5244590253
-0.6102131205
-0.5433353059
-0.5236421225
-0.5024818472
-0.5192042364
-0.4850745529
-0.5147372646
-0.4932677579
-0.6596462931
-0.5134893738
-0.5174547537
-0.5727624972
-0.5154216333
-0.5640283731
-0.6041350903
-0.4268126203
-0.5869438976
-0.4399872207
-0.3757788088
-0.4791451510
-0.5761376041
-0.4968123114
-0.4343122956
-0.6114720839
-0.5029180655
-0.5659241120
-0.4852509758
-0.4788140314
-0.5093988914
-0.4489295300
-0.4228920489
-0.3866624131
-0.5710446856
-0.3963815677
-0.4072635417
-0.4113150971
-0.4746336554
-0.2907359846
-0.5586387448
-0.5118387050
-0.3934497038
-0.3339831022
-0.3628267432
-0.6392124929
-0.4471583724
-0.5493076776
-0.5118890267
-0.4102863269
-0.4041442990
-0.3967171812
-0.3625184418
-0.4698583484
-0.3723113945
-0.5368460558
-0.4037260830
-0.3278773006
-0.3903498519
-0.3514051238
-0.4226673718
-0.4359121345
-0.3662406712
-0.3259738783
-0.4607596977
-0.4459111401
-0.4045972669
-0.3692036816
-0.5031237640
-0.2909047085
-0.4548186699
-0.3775988812
-0.5053111040
-0.4593989286
-0.4043238898
-0.2893144497
-0.3858708135
-0.1947668059
-0.4375759661
-0.4082049813
-0.2943305184
-0.3060637291
-0.3432255754
-0.2950580591
-0.3925510485
-0.2734374661
-0.5346377268
-0.4260133253
-0.3725906240
-0.1983763390
-0.2503056462
-0.2984902224
-0.2979777770
-0.4159706195
-0.4490566105
-0.1490673842
-0.2449809581
-0.3898610083
-0.2563229836
-0.3291166975
-0.3788043471
-0.4372201718
-0.4252969992
-0.2935480017
-0.2870127624
-0.3239298059
-0.4569903811
-0.3870763422
-0.3726863684
-0.1185885580
-0.2197312157
-0.3402201978
-0.2004457845
-0.3928396668
-0.2244718064
-0.3502836511
-0.3783534171
-0.1329553604
-0.2862625348
-0.3009280698
-0.3667949908
-0.2845290860
-0.3165672039
-0.3768584020
-0.2910619712
-0.3849819214
-0.2257379655
-0.3785319491
-0.3597374107
-0.4153722182
-0.2268086498
-0.3038124854
-0.2739242561
-0.2159937404
-0.2948951680
-0.2093457011
-0.2418695630
-0.2297926684
-0.2439350259
-0.2734772012
-0.2963133019
-0.1639798050
-0.2222879031
-0.2374970756
-0.2067574482
-0.0792506790
-0.2507149547
-0.3247508901
-0.2784264826
-0.2385086263
-0.2932362107
-0.2413712127
-0.1565922309
-0.1118469269
-0.4064529416
-0.2092824324
-0.2191957257
-0.0670965290
-0.0431693782
-0.1442315964
-0.3516000917
-0.3195034765
-0.2114451878
-0.3409903364
-0.2033993289
-0.2146408110
-0.1504315473
-0.2497635327
-0.0810691209
-0.1652333144
-0.2319709914
-0.0447588645
-0.1597173352
-0.1403807377
-0.1407301331
-0.2486399857
-0.1862794071
-0.0769252279
-0.1282928880
-0.2613220007
-0.2329448170
-0.1691947811
-0.2248663574
-0.2297208638
-0.1312754287
-0.1953620602
-0.0026770734
-0.2956426141
-0.0675995957
-0.1664887883
-0.2137532058
0.0155980009
-0.0368144395
-0.0920304095
-0.0454881910
-0.0944656963
-0.1464478555
-0.1945840533
-0.2356294658
-0.0518888777
-0.1709946985
-0.1751039815
-0.0756247596
-0.1004399436
-0.0811695278
-0.1622116593
-0.0555378788
0.0249040159
-0.1534814994
-0.0865438795
-0.1519618910
0.0039207684
-0.0435511939
-0.0645186300
-0.0150793790
-0.0416754287
-0.0575916830
-0.0519609084
-0.0382443902
-0.0349480506
-0.0434979865
-0.0015333825
0.0245389716
-0.0350941677
-0.0053731893
0.0571498032
-0.1046348473
-0.1238454746
-0.1202544516
-0.1629447568
-0.0605215940
-0.0186130101
-0.0081047998
-0.1426490734
0.1501679398
0.0100131605
0.0263966813
-0.0646548937
-0.0603937879
-0.2271199028
-0.0495793944
0.1259178396
-0.0311055717
0.0432300412
-0.1676142069
-0.0947097577
-0.0482970789
0.0268128267
-0.1176695267
-0.0629814938
-0.0527159502
-0.0207724674
-0.0271643017
0.0492789460
0.0317314872
0.0051260308
0.0934015091
-0.0516614381
-0.1017169211
-0.0957821218
0.0887733568
0.0252493158
-0.0406366977
-0.0149095691
-0.0858437495
0.0549888181
0.0118889638
-0.0265296471
0.0853046143
-0.0859046452
0.0266862182
-0.0251001981
0.0482454081
0.1277081836
-0.1276872663
0.1088936597
0.0673033655
0.0104986724
0.0363491524
0.2027067015
0.0785733536
0.0196405628
0.1373818177
0.0796980819
0.0466092711
0.1955818074
0.1147461703
-0.0481466127
0.1253787447
0.2093540316
-0.0465799946
0.0444844317
0.1737895961
0.0762344778
0.2338294973
0.1321836973
-0.0129877410
0.0302076679
-0.0230748176
0.0415522464
-0.1346233834
0.0987044217
0.0349368745
0.0233872087
0.0005123556
0.0064864074
0.2507705346
-0.0533159141
0.1573275718
-0.1342882313
-0.0871854727
0.0235104900
0.0917742898
0.1224182686
-0.0266344873
0.1094450122
0.2069813543
0.2030186829
0.1487404651
0.1355993032
0.1048485960
0.1440197209
0.1677453586
0.0918698201
0.2170518688
0.1489683693
0.1339897328
0.3048769886
0.1680382092
0.2286021151
0.1417942720
0.0450633761
0.3384794324
0.0975378000
0.1421059149
0.1909353455
0.0929747068
0.1921876354
0.2263507990
0.1617998549
0.1935342401
0.0867684102
0.2253433939
0.2196741592
0.0311812190
0.0268025627
0.1606052578
0.1576593642
0.0998141224
0.2243123183
0.1495000081
0.1565365299
0.2113226015
0.2216236969
0.2295064307
0.1184207329
0.2915534789
0.1096960749
0.4111471797
0.1356417779
0.2850846666
0.2797695991
0.1782824820
0.2548044601
0.2204480318
0.1335498663
0.4207631588
0.3107407410
0.2013657965
0.3118136990
0.2057577901
0.2466846251
0.1524829915
0.2393456944
0.2929776160
0.3266034969
0.0179804471
0.2181221769
0.2265816893
0.2072295554
0.2051649835
0.2600349971
0.2560887155
0.2467623844
0.2973143285
0.4303069208
0.2470974955
0.2115739561
0.1608996799
0.2736298387
0.3551226443
0.2122483742
0.2124217684
0.2308085790
0.3266122251
0.3257355177
0.3568767962
0.4587477457
0.2482371871
0.3690194249
0.2840164769
0.4056680619
0.4347520191
0.2930228653
0.2261185428
0.3513765962
0.1434103258
0.3078411223
0.3372599278
0.3820553454
0.3014257801
0.1487362337
0.3131682884
0.2843392885
0.3063269658
0.1574307109
0.2740359658
0.2012645241
0.2663248088
0.1481167442
0.2572615986
0.2770740919
0.2665098784
0.4541606570
0.2500163428
0.3822193650
0.4449487720
0.3140376362
0.4153599872
0.3265634895
0.4387189113
0.3125581666
0.3767038110
0.3450956595
0.3130749003
0.3967777469
0.3352383210
0.4217676061
0.2659437598
0.4608232191
0.3430558580
0.2798691350
0.4419693706
0.3629125438
0.5575304797
0.4960200877
0.3216579604
0.2838374718
0.3462308405
0.4149654189
0.3354620171
0.3936332929
0.3537693729
0.4391042299
0.4224046765
0.2276526288
0.1977682149
0.3866323895
0.5422658666
0.4499334738
0.4803839627
0.3437463690
0.3576410500
0.4855061988
0.3498617392
0.3668995139
0.2388320242
0.3947226348
0.3690767878
0.4134557586
0.4639400222
0.3737579261
0.5437293144
0.4654318646
0.4568237120
0.3750837657
0.5013615660
0.2786604068
0.4649117227
0.4160974406
0.4555448791
0.5465022258
0.4401792991
0.4966711822
0.4243176768
0.3341314639
0.4091457171
0.4396857291
0.3739474845
0.5209751819
0.4321135686
0.6291851295
0.4037811097
0.5402086179
0.4266793035
0.4388667772
0.4173937977
0.4759188342
0.4941751651
0.4139065286
0.5733300040
0.2938757349
0.4645895706
0.4301953258
0.5028044848
0.4605329472
0.4417366875
0.5118936975
0.4760633413
0.4823128548
0.4449674641
0.5183846106
0.4188107184
0.4631355249
0.4959690497
0.4088308944
0.4088730041
0.4650109359
0.3539416664
0.6195473314
0.4556295819
0.5802607451
0.5258106938
0.5146174287
0.5416276787
0.5086220464
0.3948194558
0.6715105031
0.4108891162
0.4724725138
0.5021761983
0.5212789104
0.5492268091
0.5393548019
0.6344241613
0.4906731424
0.4976800268
0.6207486938
0.4562072654
0.5944054625
0.5854584516
0.6373895100
0.4949454794
0.4285181357
0.6783717600
0.5336170010
0.5994620707
0.6468718500
0.5658103834
0.6530729324
0.5070715620
0.6637007374
0.6154607312
0.5846186704
0.6792348115
0.4921333908
0.5653087389
0.4724694765
0.5003376857
0.6951775367
0.6001366478
0.6247006027
0.6007358153
0.6948579323
0.6012613181
0.5658559357
0.5842421528
0.6297138390
0.6295655644
0.5854906673
0.6475444948
0.7739339296
0.4706039637
0.6136433525
0.7010384357
0.7464448942
0.5333146696
0.6933165154
0.6009339756
0.5902811387
0.5753821239
0.6295337012
0.6180683052
0.7602026784
0.8584175350
0.5342396207
0.6228573363
0.5197150798
0.6826617961
0.7498760176
0.7216770216
0.6305053635
0.6644711152
0.6749724667
0.5675246349
0.7328194708
0.7293078730
0.6745941145
0.8058540351
0.7296881910
0.6288459914
0.6905223977
0.7607829630
0.7102912066
0.7430382125
0.5804412333
0.5690819165
0.6970962860
0.6558452723
0.8134071877
0.7654021338
0.8177432997
0.6944779945
0.7208638026
0.6149672426
0.5376989734
0.6644264045
0.7451001953
0.8180888111
0.7452924658
0.4734203244
0.6588679062
0.8208783403
0.7089708138
0.8223360940
0.7445936536
0.7755147421
0.8985111839
0.6379569260
0.6739409579
0.8361999876
0.6810103283
0.7471255049
0.7018371137
0.7487690693
0.6004634991
0.8270437409
0.6931631817
0.6037486851
0.6431637495
0.7049552426
0.8147881695
0.7072096857
0.7210837185
0.7338534373
0.7815348808
0.8849733702
0.7231620425
0.7783001925
0.8431118424
0.7288235821
0.7969750129
0.7928614965
0.7972119682
0.8853052243
0.7997598499
0.7121398471
0.7284591876
0.7306423249
0.6729777507
0.7890610112
0.7325587383
0.8297182543
0.8308079093
0.8163785627
0.7979519850
0.9624589506
0.8297243842
0.9865123936
0.8538035535
0.6168661795
0.8048035864
0.7808835571
0.8437762938
0.7974546659
0.8044411967
0.8394529811
0.8865509015
0.7115822145
0.8202691704
0.9493458700
0.8390568035
0.9490283089
0.8382424737
0.9123056486
0.9307458986
0.6901725547
0.7776943914
0.8491920494
0.9218363838
0.8865243994
0.9583096874
0.9673653950
0.8344650456
0.7948900783
0.7650889760
0.8450579367
1.0530870765
0.9754653375
1.0083928237
0.8346940905
0.8682247237
0.9617726829
0.9647339260
0.8138313177
0.9035511520
0.8381433789
0.8994783656
0.8527878801
0.8009645140
1.0014803872
0.8627667592
1.1762559348
0.9779526137
0.8245049505
0.9751386427
1.0599177468
1.0324931491
0.9180397027
0.9289535104
0.8755208826
0.9796693200
0.8607862519
0.8735002727
0.9694971701
0.8332899133
0.9382486691
0.7810867681
0.9728521402
0.9626006048
1.0974849339
1.0020694316
0.8805046547
0.9069635969
0.8424166365
0.9424632156
1.0950302137
0.9451462041
1.1113320003
1.0430604268
1.0477163863
1.0906903457
1.0035930907
0.9499421557
1.0084151516
1.0092481297
1.0511954192
0.9102787579
1.0977373365
0.9611420930
1.0392117171
1.0707349750
1.1408330585
1.0372557963
0.9567769246
1.0567642230
0.9116198645
1.0350788392
1.1063037592
1.1023201165
