-0.9987039654
-0.9708397518
-0.9978496523
-1.0486504634
-1.0302110193
-1.1321461824
-1.1205918907
-1.0069677748
-1.0526712525
-1.0367084705
-0.9431634186
-1.0995279531
-1.0609024414
-0.9616530179
-0.9522823469
-0.8840848494
-1.0661303256
-1.0179921304
-1.0114001755
-0.9506190621
-0.9618299596
-0.7826747562
-1.0672104197
-0.9151942865
-0.9174451356
-0.9060697134
-1.0433750791
-0.9896272073
-0.9742693193
-0.9968215613
-0.8852236706
-0.8818893581
-0.9935090119
-0.9012588677
-0.9707760398
-0.9179581848
-0.9693111727
-1.0870730561
-1.0457237058
-0.9893342192
-0.9082244345
-0.9205844630
-0.9116071524
-1.0412428654
-0.8562174417
-0.9420105585
-1.0197956031
-0.9324491228
-0.8199297852
-0.8261829070
-0.9481792815
-0.9240558612
-0.9915742034
-0.8917027806
-0.8971413426
-0.9167209602
-1.1373683245
-0.9444151267
-0.8978189805
-0.8951395510
-0.8479306709
-0.9273704199
-0.8475219872
-0.8973435143
-0.8592205623
-0.8504814246
-0.8730571627
-0.9131035741
-0.8695153870
-0.9290336134
-0.7461696991
-1.0549829996
-0.8800932696
-0.7967286030
-0.6889242055
-0.8524129183
-0.7176681518
-0.8015186216
-0.9335057803
-0.9575919306
-0.9441997902
-0.8970155850
-0.7613580231
-0.8018133081
-0.7615406461
-0.8411163242
-0.8007782163
-0.7348281664
-0.8527061365
-0.7092901518
-0.7895720678
-0.6836508850
-0.8164710001
-0.9776829906
-0.8648539446
-0.8556611838
-1.0427456251
-0.6772399616
-0.8302417434
-0.7056769266
-0.7748576149
-0.9203638295
-0.7986080101
-0.8483191289
-0.8181844398
-0.7951760726
-0.8158377125
-0.8996921290
-0.8562966318
-0.9140733816
-0.7000521089
-0.8651683666
-0.7834237835
-0.6658523124
-0.7405463580
-0.8699247778
-0.7823284736
-0.8632341307
-0.7188722546
-0.8309923974
-0.7685519793
-0.6476775321
-0.6824711431
-0.7667315099
-0.6935903985
-0.8010180733
-0.7533674800
-0.6860647196
-0.8447492653
-0.7127832544
-0.7090275012
-0.6166916169
-0.7194272029
-0.8792648716
-0.8481167902
-0.7087396288
-0.6942074054
-0.7578497933
-0.6289853413
-0.9058223531
-0.7805874315
-0.7236410768
-0.7915270550
-0.5999254539
-0.6256129177
-0.7961752105
-0.7209371636
-0.6590535190
-0.6939033827
-0.6177038545
-0.5777850945
-0.8519637004
-0.8935473494
-0.6705265608
-0.8598252891
-0.7025701280
-0.6708230358
-0.6533097787
-0.7222234919
-0.7975464101
-0.7752871702
-0.7742757209
-0.7530565800
-0.6653072065
-0.7019932457
-0.4665912815
-0.6865509477
-0.5302852116
-0.5720379893
-0.6768542595
-0.6715936575
-0.7470057364
-0.6301794122
-0.8331018661
-0.5809045530
-0.7601703681
-0.6842128488
-0.9040531880
-0.6972735536
-0.6576010750
-0.6289555304
-0.5417967130
-0.5044651955
-0.6346278078
-0.4579434389
-0.7142383089
-0.6185232295
-0.7182240826
-0.5416915483
-0.8616220740
-0.6085772395
-0.6788872182
-0.6808494748
-0.5860246231
-0.5847941874
-0.6215223837
-0.7787418096
-0.6308648655
-0.6641729855
-0.6819475869
-0.5128872682
-0.6506441938
-0.6430141427
-0.7148983157
-0.5752246960
-0.6462682259
-0.5465888499
-0.4905292745
-0.4528628455
-0.7043259604
-0.5728070837
-0.5085696279
-0.6517891374
-0.5581979616
-0.4631390200
-0.6541679117
-0.6072746677
-0.7044208400
-0.4963996712
-0.6133403725
-0.5799850120
-0.6183441081
-0.4493410607
-0.5426645578
-0.4208624360
-0.4993082297
-0.4898997548
-0.5546904588
-0.5885948092
-0.5025758397
-0.4372064632
-0.5560180880
-0.6355640172
-0.6180356914
-0.4962471441
-0.5588761447
-0.6201915637
-0.5477154975
-0.5603844553
-0.6145171564
-0.5833439542
-0.4672164644
-0.5819705384
-0.4999297546
-0.6511546166
-0.5380761057
-0.5648168482
-0.3958691206
-0.5023241341
-0.6282728138
-0.6358246275
-0.5836974344
-0.4662328797
-0.5921976645
-0.4488613187
-0.5157341631
-0.5743124549
-0.3892624386
-0.3900966334
-0.5934977531
-0.3623317871
-0.4362834813
-0.4741444787
-0.4466719465
-0.3611568097
-0.4705349843
-0.4923300338
-0.3014441039
-0.2971172707
-0.3473672893
-0.4803985714
-0.4681291489
-0.4086459410
-0.5011399472
-0.3809794306
-0.4994535117
-0.4465597182
-0.4178685178
-0.4145289894
-0.4516956123
-0.4342469371
-0.3416327552
-0.4453757341
-0.4659656903
-0.4005544311
-0.2947620741
-0.4087926933
-0.5245505880
-0.5264023696
-0.3506555967
-0.4398598341
-0.4350899275
-0.3104384283
-0.4707666093
-0.4048639289
-0.3750078245
-0.4637670303
-0.5016994145
-0.4067049578
-0.3992473341
-0.4127287613
-0.5346304498
-0.3685158861
-0.2818134219
-0.5089168269
-0.3515266148
-0.3473440350
-0.3972548899
-0.4356364615
-0.4456264085
-0.3383360924
-0.4252121750
-0.3760637284
-0.4263295105
-0.4459235834
-0.3512434644
-0.5242669856
-0.4086379446
-0.1533116249
-0.3725760479
-0.2323955809
-0.4055508817
-0.4050117600
-0.2835027688
-0.5275800027
-0.3021933965
-0.4203973526
-0.3434013104
-0.2562636527
-0.4607423589
-0.3434389166
-0.2324010050
-0.2087398098
-0.3790863787
-0.4600801256
-0.3633424477
-0.3608816539
-0.3239698358
-0.1913634822
-0.4188294362
-0.3249634363
-0.1959392533
-0.3082022140
-0.3236960953
-0.6010384633
-0.4043566428
-0.3721095912
-0.3106310635
-0.1707480255
-0.2561451675
-0.1105912872
-0.3520650842
-0.3688513711
-0.3112935577
-0.4041621104
-0.3906936059
-0.1770474548
-0.2853564148
-0.3824174801
-0.1601028312
-0.2583985464
-0.3583567388
-0.4086761724
-0.1087896275
-0.2398513590
-0.2504968453
-0.3053570315
-0.2736680746
-0.2150488524
-0.2715376840
-0.3050320208
-0.1881039380
-0.2913200305
-0.1690214915
-0.2319915914
-0.2852823949
-0.2451041884
-0.3092419788
-0.2476436983
-0.2678415540
-0.2533298596
-0.3171763804
-0.3345406354
-0.3171658784
-0.2165716310
-0.1954227957
-0.1981197522
-0.1447955373
-0.1957289843
-0.1417708279
-0.3091053153
-0.2207822684
-0.1465589791
-0.1937146664
-0.1943429348
-0.2904243117
-0.1982749953
-0.2506711824
-0.3452016339
-0.2608129096
-0.3290464383
-0.2621148902
-0.2546169319
-0.2383565898
-0.2536721304
-0.2093683215
-0.2695660046
-0.3257889422
-0.2146656070
-0.2021605427
-0.0701663683
-0.3014357080
-0.0781883531
-0.2481575614
-0.0549844105
-0.1075982598
-0.0293454595
-0.1416102133
0.0581604460
-0.2205498243
-0.1262822350
-0.1979012012
-0.0560336958
-0.1798320381
-0.1672476848
-0.1499951444
-0.0321734761
-0.1138384760
-0.1041359967
-0.2041130039
-0.0740434782
-0.2473480572
-0.1015114288
-0.1272070403
-0.2138339150
-0.1253148755
-0.1169789794
-0.0579924750
-0.1155427378
-0.2510596330
-0.1366021556
-0.0360018016
-0.1885344088
-0.0799515527
-0.1226113694
-0.3376498642
-0.1203781413
-0.1459427630
-0.1162036466
-0.0561148907
-0.2304433417
-0.0696516513
0.0084336322
-0.2186616220
-0.0919062698
-0.1170689313
-0.0459384737
0.0792148827
-0.0577889812
-0.0812562453
-0.1261741949
-0.1035739764
-0.1558674173
-0.0131665303
-0.0450762568
-0.1367713137
-0.2223824828
-0.0091244946
-0.2559113581
0.0003613994
-0.0296560871
-0.1047760950
-0.0193792489
0.0358426524
-0.2116551109
-0.1195285690
-0.0280605222
0.0239483413
0.0746818536
-0.1332255164
0.1004986943
-0.0765358514
-0.0328491000
-0.0369445549
0.0869097410
-0.0118804266
-0.0033065873
-0.0784398500
0.0843999853
0.0104817214
-0.1161085400
0.0928219817
0.1163412356
-0.0060979647
-0.1145746037
-0.0278171515
-0.0372364564
0.0236929342
0.0132608937
-0.0452279831
0.0399272503
0.1209844871
-0.0197158277
0.0877457567
-0.0359352443
0.0185904337
-0.1510470798
-0.0748938228
-0.0225225455
0.0298086977
-0.0794212618
-0.0051997750
0.0518252508
0.1548431016
0.0818665651
0.1536662491
0.0305885674
0.0041640413
-0.0530596243
0.0706158724
0.0070751492
0.1262825723
0.2237597798
0.1212209731
-0.0706978414
-0.0212823618
-0.0252140685
-0.0688219174
-0.1183053927
-0.1214988093
0.0951203465
0.1537255886
-0.0411748404
0.1201350326
0.1050797012
0.0864347359
0.2005172008
0.1436336539
0.0609531459
0.0685476589
-0.0488716383
0.1399109454
-0.0309088758
-0.0133536006
0.0340610663
0.0761515487
0.1447432180
0.1795281096
0.1120608665
0.0797861695
0.0161284302
0.0269081334
0.0558470967
0.0076304464
0.0650295825
0.0855374965
0.2492235140
0.1742654903
0.1462770791
0.3409559082
0.1620702741
0.1263798599
0.2210098324
0.0601717341
0.0128970245
0.1959891470
0.2390211156
0.1049086336
0.2482384551
0.1794434118
0.1233377394
0.1448123506
0.0363154604
0.2135127455
0.0847712178
0.2569241660
0.1279027316
0.2220032114
0.0575726655
0.2662491642
0.2232175375
-0.0630407910
0.1209474462
0.0019683882
0.1631639231
0.1382489865
0.2101266971
0.3699265287
0.1080472691
0.0837510480
0.1466685567
0.0296417294
0.1103982124
0.2105115265
0.2257135939
0.3062474847
0.1713246081
0.1348348302
0.2754270016
0.1929246344
0.1488127268
0.1350922055
0.2439404205
0.2726900382
0.3989369107
0.2011119629
0.2974349115
0.3339511644
0.0546865909
0.2088483373
0.1727257904
0.2576218490
0.2252420177
0.1402946041
0.1082231269
0.1136030926
0.1547824277
0.2266615890
0.2633484703
0.3018729170
0.1506885871
0.1925006692
0.2800874982
0.2873944286
0.0946347353
0.2114417056
0.1857757757
0.1897111395
0.1301160205
0.2185369058
0.1443024281
0.1008160131
0.3291352813
0.3413683808
0.2135000299
0.3496947518
0.2557862259
0.1514956799
0.2107419967
0.2986039061
0.3911955494
0.3078769468
0.5150090967
0.2784055213
0.3570098020
0.3650482355
0.2558652059
0.3747893011
0.3103496246
0.3980592656
0.4611047152
0.3259102820
0.1922372799
0.3547795925
0.3342433429
0.4304882839
0.3225139811
0.2616166794
0.4689780202
0.3479636989
0.3958687603
0.3919968714
0.3048011151
0.4905312904
0.3032423843
0.4062839598
0.3296670112
0.1759903704
0.3259509430
0.2918945281
0.4132911274
0.1591701044
0.4530787891
0.1491533304
0.4154849398
0.2835361361
0.2858435410
0.4853439672
0.3004627726
0.2121898940
0.3404467481
0.4223420217
0.4474219534
0.3634449533
0.4507083962
0.4461877346
0.3120314828
0.4214547439
0.3240232738
0.3732446418
0.3766252584
0.2880091467
0.4087243560
0.3855961288
0.2501270016
0.3667855465
0.3976207779
0.3819659450
0.4609936795
0.3267530362
0.3744543620
0.4036860602
0.4806770755
0.4604337980
0.4118123095
0.4648976003
0.4943157570
0.4819553379
0.2926921162
0.5457460134
0.5269803241
0.4840457330
0.4198692615
0.3389049764
0.4480239756
0.5000620274
0.3403728461
0.4049952154
0.4437641471
0.5685231883
0.5730251593
0.4198326988
0.3825552235
0.3647524440
0.4890121049
0.4644747727
0.5090991458
0.5086239582
0.5703406730
0.5474901072
0.4157108928
0.4595478028
0.5011750115
0.3837562735
0.4743533213
0.4966734458
0.5593128272
0.4802557294
0.3338854639
0.3660016226
0.6468826929
0.4310863089
0.5703085636
0.6135587735
0.3311221768
0.3738539002
0.5499971865
0.7077903036
0.5057075990
0.4853427137
0.4191773186
0.5623010831
0.5099880142
0.4596770690
0.4489702055
0.5457541609
0.2917400548
0.4602987134
0.5603275501
0.7508233237
0.5631442592
0.4720035997
0.5449770771
0.5116976427
0.6408666473
0.5791256999
0.4492181255
0.4481619716
0.5608990024
0.5063176698
0.5449205884
0.6358629244
0.5504044290
0.5752753418
0.7227029494
0.5966813102
0.5727723115
0.6303112529
0.5383828184
0.4397330411
0.5873145405
0.7167790454
0.6609324603
0.5055793513
0.5579291749
0.5280083981
0.5488066986
0.7445079158
0.5921894306
0.5852773249
0.6952523269
0.5241692338
0.4550053050
0.6522279270
0.6588851297
0.5890674306
0.5265065678
0.8397610183
0.7271031174
0.7300104292
0.6712641621
0.5694592184
0.7161993475
0.5598788671
0.6630190487
0.6219141158
0.6635200814
0.5544881022
0.6325799584
0.5816307962
0.6645334548
0.6179543685
0.6122877772
0.6485705773
0.6760068924
0.6794608963
0.7190927517
0.5299240950
0.5650491603
0.6067590429
0.6354860580
0.6253648862
0.6335732000
0.5968256071
0.7272495273
0.5866928797
0.6325963248
0.7532120322
0.5493825703
0.6029430822
0.6998514173
0.5950898758
0.5810340263
0.6447466231
0.5230936334
0.5158851173
0.6898869894
0.6724089820
0.8602509864
0.5757174789
0.5546546484
0.5972841044
0.6552628083
0.6641092112
0.6221912466
0.6744614893
0.6767280239
0.6641681801
0.6760733414
0.6307242910
0.7471544740
0.8702121661
0.7328420949
0.6173030323
0.7815139240
0.8264236613
0.7672883860
0.7096863459
0.8003141160
0.7152640321
0.7059279140
0.7807346906
0.7434393658
0.6392381199
0.8334004832
0.7802325867
0.8236278792
0.7571215988
0.6179065060
0.6335991395
0.5472190493
0.7799094666
0.6828272738
0.7345460248
0.8671271297
0.8272688053
0.8331980957
0.5964803001
0.7311000707
0.8475570916
0.8541426347
0.8056121702
0.7086773546
0.7562185470
0.8056802097
0.8650739052
0.6337071138
0.7923980368
0.8150585214
0.7699284200
0.7784641676
0.7009575351
0.7681936541
0.7068166392
0.7601234961
0.8601638347
0.7813324006
0.7270482241
0.8523212368
0.8057655105
0.8522297699
0.7453935199
0.9444393961
0.8675453471
0.8322425133
0.7505762289
0.7481079183
0.8345909015
0.8710810519
0.8699342712
0.6845029598
0.7007403238
0.7281940755
0.8324204134
0.7073560783
0.8028018848
0.8041720798
1.0046693820
0.8642817470
0.8132739413
0.8100343753
0.9911228765
0.8556760707
0.8969752892
0.8906293072
1.0307437202
0.6648282853
0.9223248659
0.8098894780
0.7990465098
0.9188197929
0.7877275723
0.8278002775
0.7934187064
0.9329246286
0.9924366748
0.8712097653
0.7926398350
0.8310143742
1.0089014776
0.8999760649
0.8614279493
0.9803372636
0.8983745784
0.8918205841
0.9398424516
0.7623888124
0.7650734377
0.8762396512
0.7906674831
0.7779277069
0.8295413866
0.6881227755
0.8819003095
0.9732451110
0.9788449944
0.9193164090
0.8777651736
0.9659838222
1.0580865550
0.8924745042
1.0418029192
0.9115008879
0.9341941211
0.9264333935
0.7300711645
0.9125936984
1.0994702001
0.7694990605
0.9365602508
1.0257570466
0.7936035779
0.9678428259
0.9158491913
1.0333455084
0.9512917176
0.9625454300
0.8797124933
0.9657366469
0.9660089191
1.0600814200
0.9398698103
1.0131369867
1.0306089429
0.9667619154
0.9270922035
0.8734759892
0.8808703370
0.8221097620
0.9537613629
1.0442738458
0.9201153330
0.9437479493
0.9764680825
0.9386648845
0.9218585997
1.0090931337
1.1005455556
1.0166993354
0.9785631425
