-0.9582118670
-0.9208672508
-1.0153814981
-0.9935995460
-1.0472334273
-0.9151782132
-1.0759641460
-1.0038730773
-0.9112100112
-0.9303580777
-0.9564372951
-0.9074180004
-1.0075277030
-0.9596016158
-1.0997499027
-0.9351182354
-1.0007700302
-0.9212980138
-0.9615602125
-1.0760347844
-1.0633953072
-0.8674978687
-0.8461337264
-0.8976308966
-0.8710207665
-0.9150840509
-0.9971591821
-0.8738394309
-0.9204195186
-1.0229041951
-0.8956203141
-0.8447186914
-0.9265332493
-0.6028593992
-0.9462554391
-0.8333663497
-0.8008861435
-0.9745006134
-0.8942151671
-0.9296612058
-0.9642014350
-0.9609758348
-0.7976232201
-0.9098693371
-0.9800333341
-0.8467261269
-0.7494341184
-0.7609661591
-0.9205529553
-0.8967844561
-0.9809666943
-0.8882599089
-0.7609914376
-0.8173663317
-0.9452274434
-1.0098104338
-0.8006604812
-0.9310990732
-0.8298331973
-0.9404320349
-0.7904406884
-0.9202121643
-0.8575913994
-0.8140882943
-0.7682435572
-0.8219752923
-0.9496380365
-0.8534878870
-0.9432905286
-0.8373693354
-0.8243977301
-0.7935826637
-0.8746868259
-0.8787876532
-0.9884392168
-1.0430433996
-0.9372344822
-0.9054047274
-0.9747939624
-0.9749018729
-0.8789765490
-0.7541428887
-0.7447714630
-0.8605744116
-0.7171782265
-0.8131617171
-0.9107295963
-0.8304628500
-0.8182165621
-0.8405022588
-0.9008824562
-0.7966120100
-0.8330183414
-0.8811211329
-0.7857283752
-0.6940105804
-0.8074148388
-0.8635719750
-0.8819767890
-0.9155553426
-0.8900031093
-0.8123698874
-0.7702801584
-0.6902836281
-0.7786879850
-0.7153119716
-0.6639304905
-0.7833228074
-0.7823660837
-0.7990397388
-0.6943052883
-0.8107598998
-0.7826206129
-0.7032618856
-0.8907407426
-0.6497983249
-0.7774688523
-0.7665603394
-0.6277363120
-0.8387431755
-0.6920166599
-0.6838013125
-0.6964739546
-0.6918690368
-0.5962241077
-0.8536513739
-0.7151045986
-0.7403651552
-0.9173873125
-0.7803802386
-0.7292599800
-0.6582531345
-0.7958256202
-0.8085495780
-0.7766185638
-0.6365602524
-0.6641364048
-0.7837235324
-0.7850229659
-0.8600052634
-0.6782228083
-0.7626641515
-0.6026753955
-0.7723036141
-0.6248093225
-0.7381483930
-0.6503842663
-0.7326100470
-0.8842759178
-0.6233223760
-0.5036654336
-0.6636260796
-0.8509474100
-0.7710028571
-0.6777276282
-0.7474890066
-0.5864325530
-0.7843866281
-0.7351323125
-0.6038607196
-0.7445902200
-0.7650769818
-0.7320184376
-0.6526407842
-0.5378081000
-0.6405861151
-0.6135680675
-0.5961615926
-0.6467542151
-0.7039609239
-0.7171883985
-0.6035075492
-0.6066534225
-0.6483226344
-0.6478947107
-0.5665983932
-0.5407334504
-0.7185739551
-0.7095731603
-0.5833009683
-0.6766276988
-0.6333826466
-0.6545726627
-0.6556642831
-0.5336316826
-0.5801651784
-0.8286616072
-0.5017708006
-0.6507651755
-0.6263748108
-0.6079903416
-0.5121061667
-0.6105441389
-0.6238390839
-0.7339722029
-0.7513201934
-0.6427735661
-0.7225552693
-0.6334071057
-0.5819597367
-0.5325569185
-0.7020836141
-0.5435103314
-0.6120662473
-0.5431583053
-0.6529160370
-0.6144660858
-0.5897759034
-0.5891296655
-0.5409266452
-0.5554218388
-0.4586360922
-0.4751625875
-0.6362218506
-0.5564739774
-0.6280462057
-0.4552100589
-0.5607164606
-0.6376946888
-0.6426302737
-0.5647039744
-0.4168255734
-0.5884150677
-0.5465149561
-0.5728573954
-0.5630569998
-0.5988554562
-0.5993186143
-0.5118533975
-0.7042919534
-0.4810948063
-0.5159594465
-0.4118658577
-0.6083657999
-0.4722388991
-0.6071302927
-0.4379198842
-0.5629156771
-0.4913397610
-0.7405968373
-0.6445332419
-0.6385829555
-0.4877466408
-0.6448512417
-0.5652065831
-0.5769723423
-0.3715696856
-0.4677985875
-0.4304265692
-0.4950280656
-0.4448937821
-0.4901744861
-0.4628542310
-0.4710890528
-0.3923608498
-0.5121671818
-0.5889467305
-0.4451736750
-0.4174760082
-0.4485671933
-0.4653699140
-0.5141436394
-0.3432126043
-0.5377370956
-0.4345115613
-0.5132865142
-0.4793237892
-0.4708696128
-0.5358957989
-0.5161691848
-0.3115956931
-0.3935032280
-0.4831558588
-0.5638101726
-0.5258178702
-0.4892342626
-0.3759886744
-0.3260581330
-0.5903853257
-0.4003323724
-0.4170835726
-0.4717766736
-0.3922623373
-0.3970974452
-0.3536021681
-0.3442718392
-0.4220354944
-0.4825111584
-0.4694137817
-0.3692776204
-0.4306760747
-0.4236735040
-0.2924710813
-0.3520996351
-0.4945231297
-0.5297512181
-0.3798934786
-0.3160069685
-0.4182941067
-0.4669050865
-0.3913959358
-0.3564766611
-0.4188440049
-0.5330888185
-0.3640739636
-0.5885571312
-0.4370657432
-0.3412103920
-0.3467784416
-0.3994154008
-0.4831213718
-0.5009147938
-0.3226487516
-0.4474732191
-0.2417121154
-0.4310003956
-0.3644190293
-0.4098549343
-0.3773154285
-0.3582390828
-0.3159953332
-0.4285336644
-0.4525036104
-0.2190571280
-0.4343790740
-0.4171850778
-0.3893482172
-0.4200167459
-0.2502141186
-0.3142988310
-0.2075080470
-0.3093739258
-0.2568477380
-0.3579425752
-0.3573108644
-0.3200267792
-0.1928835505
-0.3125991463
-0.3205814349
-0.2915382717
-0.3009456622
-0.2343497739
-0.2780182896
-0.4307373634
-0.2897955924
-0.3553816956
-0.2352629666
-0.3988881724
-0.2313527533
-0.3613592478
-0.2881540319
-0.4032283500
-0.3542079061
-0.3013382899
-0.4031774836
-0.2804415897
-0.2614040174
-0.3067467145
-0.2608937320
-0.3676638023
-0.2068777824
-0.4351122016
-0.2114432492
-0.2469680208
-0.2217614210
-0.1777141849
-0.3902459187
-0.2617461788
-0.0886364524
-0.3755957093
-0.1807144197
-0.2892767088
-0.1150645892
-0.2870148948
-0.2381877951
-0.2046869787
-0.3166926188
-0.2603141511
-0.1293170767
-0.2833948217
-0.1320295857
-0.1374115734
-0.1809221578
-0.0858183617
-0.2572861621
-0.2325219735
-0.2152460399
-0.0696072509
-0.2848214552
-0.3028499832
-0.1308995186
-0.2580852179
-0.2942056844
-0.2372494016
-0.2482628161
-0.1612962271
-0.2673183272
-0.2369659427
-0.3101000066
-0.1628002910
-0.2982902979
-0.2148017234
-0.1946572304
-0.3341661329
-0.0681740813
-0.2202087703
-0.0745654271
-0.2443400112
-0.3371389564
-0.1683645400
-0.0448155046
-0.2054577002
-0.1034100388
-0.2238964785
-0.1043276647
-0.1894806767
-0.2932371405
-0.0307144171
-0.1963503725
-0.2465516026
-0.2847926437
-0.2118077382
-0.0681739565
-0.3162129047
-0.0827556761
-0.2370614867
-0.1600118184
-0.1574120535
-0.2232150587
0.0045476230
-0.2271479193
-0.2718964562
-0.1748110046
0.0032130889
-0.0400758271
-0.0770344172
-0.1741452762
-0.0606060580
-0.1349732186
-0.0516610083
-0.0732022860
-0.1535439698
-0.2101186849
-0.2248034966
-0.1787127590
-0.0969240970
-0.1540327819
-0.0876314991
0.0015171441
-0.1677864688
-0.1549280863
-0.1804863827
-0.0187152554
-0.1080532810
-0.0736775917
0.0443469907
0.1327738270
-0.0047284173
-0.0457851063
-0.0929556183
-0.0213331004
-0.1261941371
-0.2222810134
-0.0372758360
-0.0823514942
-0.0247735071
-0.0337437060
0.0606754540
-0.0009299116
0.0031144227
0.0482297150
0.0215485235
-0.1307678830
-0.0289663664
-0.0370331745
0.0063174405
-0.0758217834
0.0468845465
-0.0665348775
-0.1252351902
-0.0688214279
-0.0758292690
-0.0824992129
0.0625205303
-0.1600331412
0.0595868756
0.0988601894
-0.1244734779
0.0760678043
0.0449246062
0.0796641026
0.1067894722
-0.0423126547
0.0759650522
0.0653267516
0.0005454032
-0.0319649775
0.0087931419
0.0051211358
0.0633173532
0.0122733166
0.0640226745
-0.2008710415
0.0627810017
0.1131351486
0.0024736368
0.1398210901
0.0954377547
-0.1327811599
0.0399106481
0.1374184928
0.1508185872
0.0583136853
-0.0139212727
0.0863034328
0.2206999230
-0.1160416475
-0.0102051285
0.0378632807
0.0300290573
0.1855286879
-0.0260388447
0.0617132359
-0.1605444660
0.1848834794
0.0205706520
0.0117739443
0.0032819870
0.0018752278
0.0825778816
0.0838821064
0.1567767185
0.1438390493
0.1917174100
-0.0159224239
0.0396182009
0.0978633100
0.0167199892
0.1047582873
0.0675618396
0.0507450053
0.0929724146
0.0741907441
0.1524776256
-0.0066169118
0.0180412311
0.1693125848
0.0326895051
0.0904307748
0.0896320132
0.2458876515
0.1117345575
0.1877224385
0.0982700493
0.0787940181
0.1212025581
0.1469414648
0.1965993229
0.1710584881
0.1712289172
0.1128781764
0.2793284676
0.1085529988
-0.0013937621
0.1463513555
0.1536129491
0.0928222654
0.1678780795
0.1418183480
0.1512496391
0.0874235242
0.1154951873
0.1498737288
0.2634887469
0.1040562643
0.1242914889
0.1887383056
0.1571220639
0.1968259817
0.1184202725
0.1569748966
0.1880968529
0.0484665301
0.1545584522
0.1318184856
0.1049240563
0.1669550103
-0.0743048318
0.2606433895
0.2899707661
0.0740599025
0.2394044527
0.1292195699
0.0993442857
0.1166540916
0.3289910079
0.1940391180
0.2243158264
0.3266682899
0.2214364789
0.1747691187
0.2437842088
0.0202095505
0.3159830721
0.2311941503
0.2202901304
0.2740644500
0.3300121828
0.2935284245
0.2269930865
0.1530288247
0.1802797964
0.0811833829
0.2563614161
0.2168264354
0.2937527536
0.3362430337
0.3496566718
0.1125309466
0.0820454949
0.3010172010
0.2788198628
0.3403461665
0.1666275604
0.1417384885
0.3267520078
0.1871325969
0.2602883906
0.2847431177
0.2637948484
0.2255726545
0.2924037664
0.3353187077
0.3321792658
0.3749014716
0.2184486436
0.3169319140
0.2065127861
0.1793116884
0.1392563093
0.3469668311
0.0983791248
0.4101109084
0.1849380756
0.2974038168
0.4445869298
0.2452830249
0.3957315344
0.3874105853
0.3976075256
0.2502714784
0.1170576750
0.2935644883
0.1872368529
0.2689476167
0.2362942148
0.3159159145
0.3151232735
0.2830657284
0.3812636331
0.4059537626
0.3980136865
0.2662487238
0.5041062763
0.3286247109
0.4447502268
0.3450537278
0.2505641604
0.3957657760
0.3479095735
0.2944931091
0.4176747993
0.2076740474
0.2947946841
0.3745951777
0.4514215990
0.3016283138
0.4021610103
0.3497760538
0.2507563088
0.3328735566
0.4236390837
0.3076412361
0.3431690879
0.3819567467
0.4899033511
0.2474488159
0.1699456919
0.4286133819
0.4027186104
0.4313788547
0.2737634963
0.2633013692
0.3825094966
0.4076865365
0.3756957907
0.2841258603
0.4478692178
0.3161818813
0.3333519179
0.4304065724
0.4663136068
0.3610507228
0.3636483550
0.4041589682
0.2584729294
0.4255830321
0.5115394825
0.4595589905
0.3774797336
0.4030312302
0.4366545225
0.5001448642
0.4032952810
0.4093792981
0.5112746842
0.4373681169
0.3738696576
0.5006461973
0.4331672234
0.4109571292
0.5361378757
0.3853646050
0.4884900021
0.4930773931
0.3304045140
0.4443883699
0.4569958724
0.5169004994
0.4634964780
0.4568155463
0.4298490509
0.4223408041
0.4376612425
0.4537093833
0.4559480818
0.4966989257
0.3800399874
0.5262212464
0.4891092578
0.3070350930
0.3794847837
0.4332290244
0.4001253343
0.4039600215
0.5102585153
0.3295426051
0.4428823848
0.3775134374
0.5242517247
0.4889736977
0.5466855182
0.6179425774
0.4484607713
0.5387006979
0.6142584653
0.4029325150
0.4738921652
0.5397559694
0.6505139946
0.4469374131
0.6429406409
0.5908846169
0.4841772893
0.5436671418
0.5916604504
0.4559987657
0.3978261003
0.5344172204
0.4899604651
0.5211366172
0.4985259229
0.5046516855
0.6436377278
0.5292467591
0.5566754925
0.4517197232
0.5840071407
0.5080429101
0.5610978284
0.5430789565
0.6170775704
0.5498390669
0.6147255053
0.4423963726
0.6602927049
0.5396319217
0.4859631012
0.4549501788
0.7103891262
0.4688868189
0.5968763346
0.6085282913
0.6907611830
0.7436039619
0.5635283464
0.4795382272
0.5885408027
0.5289195423
0.6055791373
0.5939255677
0.5841351425
0.7865735795
0.6772528677
0.5569630100
0.6017054498
0.5736035703
0.6806574938
0.6020002506
0.7051202792
0.7741138207
0.6268961011
0.5928701422
0.5673388301
0.7449308963
0.7935944949
0.6139123924
0.6073347296
0.6568154619
0.5911035709
0.7636259522
0.6239028837
0.6372716296
0.6123705165
0.7773854484
0.6944359434
0.6596257752
0.6224017334
0.6179804098
0.8034281294
0.7257070684
0.6459659944
0.6448866405
0.5296757343
0.7627186009
0.6132902977
0.6345708024
0.7570564451
0.5838071728
0.6598479642
0.6977753802
0.7081816177
0.6770033954
0.8450733269
0.6625433590
0.7076181280
0.7093066669
0.5477297647
0.7969190596
0.7490173859
0.6364471435
0.6601212811
0.6359265973
0.6490756383
0.6222204649
0.6278788097
0.7936142860
0.7330365541
0.6917262619
0.7861378900
0.7501370619
0.7793978295
0.7528945645
0.7811690929
0.6919688349
0.7419362482
0.6203116081
0.8213275205
0.7160238955
0.5895674998
0.7691100302
0.7034759078
0.8495188909
0.7772271388
0.8283421785
0.7176406371
0.7041271266
1.0080937503
0.7133960244
0.8274911847
0.7712736336
0.8479184897
0.7303632456
0.7082851064
0.7686675227
0.8678126275
0.6356315475
0.6821730392
0.8285671366
0.8839620060
0.8599157314
0.7015606895
0.8427489018
0.7529906684
0.8342164926
0.7024876058
0.8487327749
0.7987770636
0.8759637099
0.8795293580
0.8061954062
0.7861772082
0.8507898114
0.6997704199
0.7969284472
0.8798052557
0.8026184063
0.8262101374
0.8008201293
0.7903513033
0.6910638784
0.7591206208
0.7906001567
0.9046288739
0.8137829293
0.8199126282
0.8729044575
0.8300551274
0.8481542200
0.7857380648
0.6994262441
0.7801259571
0.7207432458
0.8443158371
0.8476150830
0.8058994627
0.9613852761
0.7598663456
0.8483224262
0.7607433846
0.8891248828
0.8555038192
0.8854099925
0.7713785317
0.9560730335
0.8380819075
0.9673926849
0.9514556333
0.8182017419
0.8408572862
0.9291351392
1.0848429707
0.9455368838
0.8653057740
0.8550604145
0.9959193177
0.7910977755
0.8467417520
0.9530223196
0.9668544948
0.9396164438
0.9912004017
0.8558337476
0.9680936848
0.8755971944
0.7867964578
0.8038066745
0.9325052133
0.9408580816
0.8109719319
1.0581660773
0.7352562794
0.8547410068
1.0855076447
0.9736809856
1.0556395898
0.9730280524
1.0302540131
0.8463874610
0.9858845795
0.8950209375
1.1852952787
0.9003908106
0.8413482706
1.0937665955
1.0060682157
0.9813471715
0.9811282547
1.0437637342
0.9273608759
1.0125961516
1.0256152359
0.9545337644
0.8132199571
0.9564627641
0.8557852473
0.9126454178
0.9967761784
1.0954585509
0.9990486158
0.9996250748
1.0249411443
1.0034691032
0.8797507343
0.9186191406
0.9743540267
0.9949050279
0.9987210358
1.0706304478
0.9758304808
