-1.0116248857
-0.9659907988
-1.0194126940
-1.0378708314
-1.0243146486
-1.1613610572
-1.1309693806
-1.0045719582
-1.0402679385
-1.0285979789
-0.9216282942
-1.1316700520
-1.0707962788
-0.9461359663
-0.9595512583
-0.8909700518
-1.0712376993
-1.0109138053
-0.9996418154
-0.9402681726
-0.9771840268
-0.7970027433
-1.0472297635
-0.9334895441
-0.9296897632
-0.9058985641
-1.0415979045
-0.9906554381
-0.9825948392
-0.9775639565
-0.8871709328
-0.8838237846
-0.9629919668
-0.9304807609
-1.0033297366
-0.9326065433
-0.9666871527
-1.0985147767
-1.0811493907
-0.9785740122
-0.9378238765
-0.9247219813
-0.9199850521
-1.0287876861
-0.8454500714
-0.9515870865
-1.0197300546
-0.9457636382
-0.8106031839
-0.8262466128
-0.9479267749
-0.9169899040
-1.0013090489
-0.8921779688
-0.9088212037
-0.9436095901
-1.1096323185
-0.9278764714
-0.8862759947
-0.8942958386
-0.8448774742
-0.9279754772
-0.8229821536
-0.8994432302
-0.8855756763
-0.8383587867
-0.8758681102
-0.9075033620
-0.8702897265
-0.9301493575
-0.7564869533
-1.0726499479
-0.8536970616
-0.7819423242
-0.6833279965
-0.8490381225
-0.7174486591
-0.8264477685
-0.9234149672
-0.9452269763
-0.9244623482
-0.9157893385
-0.7554199620
-0.8075982784
-0.7718723715
-0.8409956657
-0.7886532120
-0.7303540110
-0.8420701751
-0.7182178784
-0.7951257753
-0.6791120347
-0.8144281227
-0.9554772902
-0.8335608943
-0.8487100957
-1.0330551001
-0.6870461565
-0.8296718716
-0.7085248592
-0.7721285035
-0.9137642510
-0.7989436226
-0.8771374644
-0.7791237874
-0.8113873716
-0.8105176185
-0.8832720409
-0.8484275211
-0.9150474948
-0.6917731097
-0.8630812009
-0.7874881656
-0.6674784225
-0.7301182997
-0.8717828748
-0.7848809445
-0.8619678261
-0.7078395455
-0.8190191341
-0.7551466830
-0.6753288325
-0.7055837644
-0.7665329171
-0.7051752443
-0.8066913198
-0.7422144902
-0.6886751902
-0.8513667858
-0.7239108705
-0.7225891145
-0.6197511148
-0.7266219917
-0.8546732419
-0.8778384405
-0.7160569718
-0.6989564399
-0.7722980986
-0.6556009077
-0.9056336591
-0.7735755265
-0.7159649808
-0.7890522749
-0.6350895333
-0.6159511208
-0.7973674428
-0.7067758065
-0.6470273716
-0.6951250058
-0.6203521435
-0.5838308376
-0.8767851273
-0.8790681893
-0.6740623322
-0.8612922211
-0.7078795715
-0.6572557018
-0.6551500545
-0.7291244547
-0.8047663027
-0.7744739986
-0.7717903849
-0.7618898307
-0.6692306467
-0.7265415082
-0.4737689241
-0.6793030293
-0.5232480856
-0.5950730710
-0.6712606804
-0.6802425387
-0.7172541142
-0.6196340044
-0.8375682100
-0.5746425292
-0.7534585515
-0.6830663083
-0.8864965750
-0.6954103623
-0.6671020617
-0.6239231655
-0.5588417981
-0.5082962352
-0.6264370216
-0.4389687830
-0.7362973352
-0.6286669360
-0.7146907296
-0.5324079761
-0.8761972121
-0.6060683248
-0.6807338385
-0.6933003028
-0.6057827790
-0.5733260627
-0.6108922452
-0.7763324883
-0.6319444966
-0.6452748594
-0.7063021014
-0.5290324160
-0.6527575448
-0.6519836513
-0.7059987795
-0.5956581043
-0.6474619125
-0.5337771728
-0.4897717607
-0.4537430874
-0.7107647029
-0.5842764836
-0.5176667484
-0.6511608042
-0.5612565636
-0.4694220091
-0.6459257787
-0.6196043543
-0.6927602656
-0.4927773064
-0.6120177102
-0.5918366292
-0.6127072785
-0.4285216855
-0.5297431732
-0.4311745125
-0.4990315732
-0.5007459417
-0.5601263463
-0.5822800711
-0.4885955809
-0.4295647143
-0.5603704221
-0.6390499061
-0.6126337789
-0.5046117782
-0.5363440728
-0.6412766369
-0.5284836607
-0.5582532621
-0.6204110862
-0.5987306247
-0.4799328534
-0.5795734969
-0.5136190165
-0.6420587632
-0.5532086633
-0.5648841873
-0.3800992095
-0.4877430304
-0.6439577583
-0.6320243739
-0.5816028149
-0.4719196564
-0.5618782125
-0.4592436112
-0.5154866997
-0.5744101277
-0.3886865631
-0.3861709969
-0.5925730686
-0.3543346084
-0.4569113988
-0.4823824536
-0.4377937432
-0.3640649600
-0.4821990210
-0.5116462320
-0.3108606836
-0.3138564463
-0.3524444266
-0.4630440810
-0.4537532097
-0.3998980696
-0.4821032447
-0.3953746942
-0.4777311539
-0.4214890802
-0.3869735832
-0.4426889173
-0.4425199969
-0.4350005067
-0.3507734873
-0.4433497304
-0.4666221252
-0.4002428969
-0.3189991465
-0.4065354467
-0.5399172244
-0.5298728978
-0.3591750002
-0.4348240354
-0.4232577419
-0.3312646426
-0.4562069387
-0.4283611141
-0.3628870714
-0.4420952646
-0.5039278027
-0.4353034067
-0.4144435307
-0.3884991117
-0.5546046792
-0.3766597112
-0.2750462479
-0.5093277244
-0.3417537498
-0.3451467616
-0.3905245174
-0.4199682290
-0.4576252347
-0.3184460441
-0.4391882835
-0.3741219174
-0.4110995216
-0.4529342648
-0.3556218895
-0.5216150105
-0.3871240862
-0.1460691410
-0.3696156011
-0.2160151689
-0.3950867506
-0.4031900388
-0.2688285569
-0.5196778377
-0.3093075508
-0.4318442817
-0.3336380272
-0.2745139769
-0.4723511413
-0.3531132067
-0.2191584150
-0.2128204254
-0.3581348041
-0.4159900461
-0.3666189629
-0.3500028882
-0.3312743824
-0.1674898506
-0.4024084316
-0.3467043211
-0.2060396527
-0.3375602176
-0.3267451311
-0.6003277836
-0.3992276955
-0.3613726305
-0.2914271228
-0.1805416351
-0.2536273152
-0.1255532701
-0.3413324610
-0.3682116660
-0.3070264569
-0.4051183400
-0.3959471439
-0.1945605223
-0.2838337934
-0.3840231855
-0.1570797171
-0.2490651157
-0.3621383228
-0.3800648537
-0.1167752048
-0.2299756376
-0.2286606851
-0.2927064425
-0.2900513094
-0.1997976602
-0.2575003068
-0.2943990812
-0.1786727414
-0.3012564431
-0.2002185253
-0.2227707301
-0.2804807510
-0.2330570926
-0.3330402344
-0.2417856572
-0.2783748011
-0.2465642695
-0.3023876577
-0.3359868843
-0.3079253816
-0.2440739888
-0.2018237935
-0.2238148457
-0.1783109079
-0.1826807727
-0.1531122249
-0.2869272395
-0.2100478796
-0.1437709752
-0.2003574591
-0.1757623275
-0.3304473216
-0.2216608974
-0.2166630603
-0.3291650294
-0.2713372094
-0.3076341967
-0.2568075979
-0.2693416656
-0.2342083821
-0.2715454142
-0.2233659162
-0.2385632836
-0.3241553182
-0.2325825530
-0.1993642684
-0.0503568035
-0.3036759059
-0.0829811367
-0.2451678484
-0.0569530104
-0.0768327415
-0.0187568839
-0.1432784198
0.0421016537
-0.2178627400
-0.1287845139
-0.2036646378
-0.0609744523
-0.1735295880
-0.1836505299
-0.1413301878
-0.0446926187
-0.1165584357
-0.0907773623
-0.1962631939
-0.0625891060
-0.2439793996
-0.1060749030
-0.1503197812
-0.2165930378
-0.1513279062
-0.1216680989
-0.0472286258
-0.1213741542
-0.2412833375
-0.1455189487
-0.0504891481
-0.2018748731
-0.0670149260
-0.1151938773
-0.3044684531
-0.1291654310
-0.1346284185
-0.1301380392
-0.0474108619
-0.2342557524
-0.0691936778
0.0182529178
-0.2116345658
-0.0947133757
-0.1182736628
-0.0267751849
0.0806205671
-0.0608928019
-0.0870377771
-0.1135439313
-0.1145347829
-0.1771193812
0.0032688757
-0.0370006496
-0.1271843154
-0.2283799787
-0.0114071692
-0.2504299104
0.0083524078
-0.0229799188
-0.0910155199
-0.0120617114
0.0109189952
-0.2217986197
-0.1389365538
-0.0059762205
0.0027465055
0.0712796432
-0.1432540312
0.0833511167
-0.0728659597
-0.0338972989
-0.0305200465
0.0565309290
0.0158329230
0.0120982905
-0.0890605961
0.0834725064
0.0151618820
-0.1114771958
0.0876307779
0.0889994498
0.0138459297
-0.1192110698
-0.0373827057
-0.0548594480
0.0231866477
0.0313307856
-0.0813198196
0.0440350290
0.1203598126
-0.0019168682
0.0918765078
-0.0222410298
0.0044845047
-0.1489209890
-0.0855596993
-0.0205821647
0.0336290127
-0.0684983591
0.0026619806
0.0381834168
0.1768533654
0.0756686792
0.1644180659
0.0400012083
0.0030119234
-0.0589752253
0.0736699266
-0.0069273568
0.1195472910
0.2114533318
0.1322701440
-0.0501900828
-0.0525963499
-0.0102655335
-0.0483335230
-0.1218955630
-0.1305507126
0.1187697696
0.1412923693
-0.0248167960
0.1225877342
0.0960750633
0.0911579451
0.2298933900
0.1359917612
0.0774346088
0.0727567987
-0.0450006205
0.1659478213
-0.0302396841
0.0133821461
0.0074735096
0.0766284652
0.1473545297
0.1561302392
0.1274037389
0.0824921457
-0.0043236014
0.0411479016
0.0661732728
0.0047833564
0.0687141058
0.0994596756
0.2443743714
0.1899035185
0.1486749588
0.3389852868
0.1574782948
0.1081215705
0.2000756824
0.0649002847
0.0040211300
0.2009078934
0.2222463372
0.1215747970
0.2277093376
0.1635748214
0.1095348504
0.1484627416
0.0380091783
0.2098703532
0.0704077680
0.2163336786
0.1513820696
0.2202339310
0.0480744351
0.2548116674
0.2074998236
-0.0445783188
0.1373228071
-0.0001270291
0.1508331749
0.1242423155
0.2169593457
0.3847075623
0.1018928062
0.0757237126
0.1527832329
0.0332132724
0.1071505574
0.2058015815
0.2165337328
0.3375112234
0.1526378375
0.1645235436
0.3085419022
0.2226589109
0.1599460735
0.1236937637
0.2414356429
0.2794778978
0.3899027440
0.2286969978
0.3135829097
0.3511004455
0.0774875726
0.2184015859
0.1764972507
0.2823154428
0.2410521379
0.1486989835
0.0997113384
0.1283507546
0.1756855968
0.2367736833
0.2505924850
0.2898293089
0.1612435383
0.2041952537
0.2692694144
0.3024224682
0.0962318538
0.2339904770
0.1841839772
0.2072677429
0.1492746175
0.2211217469
0.1110524349
0.0932722739
0.3392046341
0.3446943424
0.2287914060
0.3564899100
0.2426387092
0.1655174707
0.2064699714
0.2774635643
0.3879883658
0.3292976575
0.4957635777
0.2840203311
0.3354069381
0.3586146939
0.2454539329
0.3816777061
0.3338741253
0.4021756739
0.4642617868
0.3150781414
0.1999303473
0.3523305372
0.3218261876
0.4275627996
0.3173103676
0.2553034839
0.4579681910
0.3302928778
0.4053725410
0.3864366386
0.3256326500
0.4879917151
0.3213984428
0.4057172576
0.3249057018
0.1552713050
0.3019056207
0.3017220684
0.3845746557
0.1611967594
0.4610004260
0.1459228423
0.4051095501
0.2590464916
0.2948725275
0.4760263093
0.2996273581
0.2189005664
0.3598009218
0.4152244083
0.4516723806
0.3460948643
0.4388236127
0.4563428378
0.3317565961
0.4013057796
0.3087865114
0.3795948665
0.3829745827
0.2906197627
0.4186542646
0.3965097338
0.2585959189
0.3545181581
0.3826933773
0.3696346218
0.4511489989
0.3067161402
0.3755182924
0.3970476504
0.4807319612
0.4624894531
0.4363462302
0.4793672056
0.4991325993
0.4835127470
0.3118615340
0.5456169134
0.5161234574
0.4638848055
0.4394256467
0.3445148262
0.4335043415
0.5123643643
0.3519534739
0.4180885610
0.4229149409
0.5666854786
0.5577572690
0.4336112741
0.3973227652
0.3632657818
0.4959137102
0.4780798062
0.5188446803
0.5196839753
0.5441264637
0.5516820027
0.4293834383
0.4570236107
0.4917559747
0.3863242195
0.4730640579
0.4935078582
0.5250438856
0.4893483004
0.3162035199
0.3490411493
0.6156937735
0.4419893108
0.5568312788
0.6424978000
0.3347595173
0.3730242761
0.5779504227
0.7050578469
0.4981336033
0.4820606232
0.3953291572
0.5700310450
0.4894447216
0.4596159445
0.4524250601
0.5582199610
0.2784087899
0.4288433074
0.5515474760
0.7645208784
0.5573301134
0.4707917021
0.5310372340
0.4962787409
0.6476807691
0.5973968850
0.4497090951
0.4326242193
0.5724988655
0.5346727095
0.5366113932
0.6252470836
0.5500294956
0.5674686306
0.7371097703
0.5917191797
0.5652791696
0.6348933247
0.5393544081
0.4284222773
0.5700057230
0.7082251705
0.6493801711
0.5106118660
0.5823069287
0.5303178589
0.5357863163
0.7554051328
0.6055099931
0.5828889039
0.7103467464
0.5640896142
0.4455700801
0.6553190731
0.6410319898
0.5906898604
0.5318166370
0.8206604548
0.7293759397
0.7352726134
0.6788738469
0.5627038235
0.6993054327
0.5496001330
0.6773476229
0.6087839246
0.6372626775
0.5396147940
0.6395191613
0.5712731486
0.6508457391
0.6055004909
0.6275793363
0.6620208849
0.6692597181
0.6647580238
0.7054511882
0.5532025324
0.5612636112
0.6082957797
0.6402259071
0.5876771721
0.6430453502
0.5814408244
0.7112139795
0.6183140926
0.6348834301
0.7379056180
0.5510134560
0.5920566703
0.6716174785
0.5868383676
0.5755443019
0.6221832256
0.5202075106
0.5116777063
0.6854268981
0.6683826511
0.8860591136
0.5840343729
0.5709403744
0.5919514634
0.6383751928
0.6496370275
0.6191825597
0.6815553300
0.6756968363
0.7002545693
0.6762286097
0.6018979962
0.7362920480
0.8869282294
0.7315974688
0.6328784867
0.7868555977
0.8195181498
0.7547299464
0.7129394959
0.7982525249
0.7117170509
0.7117673636
0.8078123717
0.7526436658
0.6386463114
0.8174693103
0.7911177819
0.8093872254
0.7497676574
0.6134815811
0.6487904949
0.5306026026
0.7874023714
0.6833810902
0.7379592994
0.8561022189
0.8530359292
0.8192842558
0.6110896369
0.7257776786
0.8446261190
0.8605317969
0.8162653038
0.6958053831
0.7533598600
0.8051089534
0.8532176981
0.6247046489
0.7911524349
0.8024982345
0.7501379865
0.7884822144
0.7091410037
0.7865596433
0.7039869539
0.7349313763
0.8438116217
0.7844552803
0.7162302817
0.8459439409
0.8043115579
0.8651928903
0.7590680726
0.9346286606
0.8791539734
0.8386486243
0.7453297698
0.7415336524
0.8217664884
0.8579330358
0.8721470712
0.6862159519
0.7263384898
0.7295688972
0.8279800285
0.6884670391
0.8110331827
0.8184070839
1.0133002695
0.8740512600
0.8148181069
0.8111848977
0.9698465776
0.8432880451
0.9009680415
0.8891220210
1.0198928076
0.6933792546
0.9364719113
0.7978503526
0.7660173557
0.9280385085
0.7777065971
0.8002804872
0.7980307253
0.9302731405
0.9794411998
0.8527084767
0.7936737562
0.8353198775
0.9993652603
0.9025259367
0.8671433147
1.0030465275
0.8931127221
0.8774977347
0.9384417224
0.7646769668
0.7462593954
0.8749831790
0.7973250351
0.7531933732
0.8266455346
0.6768296896
0.9095241647
0.9864337043
0.9693559542
0.9167775129
0.8544254197
0.9654563493
1.0766226691
0.9011617371
1.0457524958
0.9217100677
0.9426698807
0.9237276583
0.7027018245
0.9097976792
1.0926611642
0.7759093509
0.9623911569
1.0139474975
0.7840294969
0.9715134100
0.9251392176
1.0321539067
0.9895235673
0.9657273926
0.8982709323
0.9805420800
0.9691783497
1.0554879147
0.9323796112
0.9954479903
1.0363363889
0.9551495348
0.9089852841
0.8824364031
0.8887634820
0.8207886202
0.9614710339
1.0345433933
0.9153188545
0.9201519423
0.9879337320
0.9381151591
0.9318120614
1.0066297193
1.0957741722
1.0211033675
0.9695516051
