-0.9818511103
-0.9353099368
-1.0101214298
-0.9746462012
-1.0305640560
-0.9212921192
-1.0551951402
-1.0061113696
-0.9284703942
-0.9187968150
-0.9688511397
-0.9142384706
-0.9870615739
-0.9655488322
-1.1270066658
-0.9293032431
-0.9961813808
-0.9108930836
-0.9624854633
-1.1141104994
-1.0732800653
-0.8544721418
-0.8585519803
-0.9043883831
-0.8522994356
-0.9547730265
-1.0047498889
-0.8861220927
-0.9298962674
-1.0119812840
-0.8790176234
-0.8219577687
-0.9022260361
-0.6237336107
-0.9591990963
-0.8519362965
-0.8159511046
-0.9726857193
-0.8824975206
-0.9447288974
-0.9690932426
-0.9724112126
-0.7822525383
-0.9372297975
-0.9913860008
-0.8584275656
-0.7428328435
-0.7585903038
-0.9303758714
-0.9085320129
-0.9851663745
-0.8599011605
-0.7761753545
-0.8243374915
-0.9497793619
-1.0002681535
-0.8009710566
-0.9262792433
-0.8294789372
-0.9528429785
-0.7879729714
-0.9129280706
-0.8523306047
-0.8234207563
-0.7451744615
-0.8240237329
-0.9481935703
-0.8702263419
-0.9310477596
-0.8433150561
-0.8425638448
-0.7804039581
-0.8609041947
-0.8717341686
-1.0149339861
-1.0441387233
-0.9344278888
-0.8758792054
-0.9600501826
-0.9795938564
-0.9053063697
-0.7165894490
-0.7532360952
-0.8531378190
-0.7081392594
-0.7972466981
-0.9121473206
-0.8428028738
-0.8086226387
-0.8371727079
-0.9115740140
-0.7741155584
-0.8141199036
-0.9017836846
-0.7774255702
-0.6995056611
-0.8005740994
-0.8413234324
-0.8989750763
-0.9007546835
-0.8940040445
-0.8187326858
-0.7541705502
-0.7114839887
-0.7744982957
-0.7087678413
-0.6401312558
-0.7755472308
-0.7796648608
-0.7842849796
-0.7007393614
-0.7841566105
-0.7613347489
-0.7052548418
-0.8749536003
-0.6566144048
-0.7922019645
-0.7814709108
-0.6317710742
-0.8681732183
-0.6880840378
-0.6854127151
-0.6943728103
-0.6979694639
-0.5865664058
-0.8731938740
-0.7201132162
-0.7509964489
-0.9438153469
-0.7750149353
-0.7391487507
-0.6344377989
-0.7924203005
-0.8142102410
-0.7777603396
-0.6439914476
-0.6641460420
-0.7784758445
-0.7870217218
-0.8576865000
-0.6751142980
-0.7547584240
-0.6087669321
-0.7767104392
-0.6074485818
-0.7056667108
-0.6227949798
-0.6984640223
-0.8841245199
-0.6293283179
-0.5377454698
-0.6703619896
-0.8602999048
-0.7539517921
-0.6883544242
-0.7340922198
-0.5547699041
-0.7938934268
-0.7557576648
-0.6094384805
-0.7477161224
-0.7657660641
-0.7260431921
-0.6498938720
-0.5530392728
-0.6251027762
-0.6009374276
-0.5900698889
-0.6379120020
-0.7006535478
-0.7268360288
-0.5986236490
-0.6186042348
-0.6737561629
-0.6427173762
-0.5911850640
-0.5497404112
-0.7070591824
-0.7049008255
-0.5699745909
-0.6763474831
-0.6051909227
-0.6446030916
-0.6708600597
-0.5649556572
-0.5866956905
-0.8139141076
-0.4858755753
-0.6708152453
-0.6298131824
-0.6286118337
-0.5154329437
-0.5970358965
-0.6235339193
-0.7459169048
-0.7347631452
-0.6338599224
-0.7219948829
-0.6289301743
-0.5843738882
-0.5373245254
-0.6957568514
-0.5346611447
-0.6238625289
-0.5274773971
-0.6383482346
-0.6070415355
-0.5872139005
-0.5921289487
-0.5144146172
-0.5712127617
-0.4830218675
-0.4623501570
-0.6173914220
-0.5635413946
-0.6276370929
-0.4406470853
-0.5900915846
-0.6255716922
-0.6477679478
-0.5648932438
-0.4209796894
-0.5560734127
-0.5397070374
-0.5851368703
-0.5248044868
-0.5914753999
-0.6155491287
-0.4972777741
-0.7282927721
-0.4985110242
-0.5095894210
-0.4256457347
-0.6281768768
-0.4886904193
-0.6153000265
-0.4600096919
-0.5644090219
-0.4835864708
-0.7031807635
-0.6481145232
-0.6254299624
-0.4921258020
-0.6387337015
-0.5738828029
-0.5742640475
-0.3841337257
-0.4758033845
-0.4125113072
-0.4938065011
-0.4518415639
-0.4640312242
-0.4634178097
-0.4681047535
-0.4018872620
-0.5107795818
-0.5695267102
-0.4806847187
-0.4265356372
-0.4482729492
-0.4703371221
-0.4960751493
-0.3209495532
-0.5555978263
-0.4505988762
-0.4898537352
-0.4845956034
-0.4695837615
-0.5295004177
-0.5205888446
-0.3273590869
-0.4151758972
-0.4888787070
-0.5705552797
-0.4788850299
-0.4921744854
-0.3775968614
-0.2969026699
-0.5902897919
-0.3956775460
-0.4458943248
-0.4440335940
-0.4026882687
-0.4114577956
-0.3542930417
-0.3447991985
-0.4101110933
-0.4989085944
-0.4878534608
-0.3451555320
-0.4179423787
-0.4122302281
-0.3041897697
-0.3682044646
-0.5031535501
-0.5488208301
-0.3911311294
-0.3160783599
-0.3906617837
-0.4855856931
-0.3946468677
-0.3582753223
-0.3922527322
-0.5536005241
-0.3841872998
-0.5982044861
-0.4525353957
-0.3153143596
-0.3624275987
-0.4196152787
-0.4809546790
-0.4872009023
-0.3273240539
-0.4510295252
-0.2336740212
-0.4314038580
-0.3515425717
-0.4151774173
-0.3814248838
-0.3609016271
-0.3276339412
-0.3788517224
-0.4488652747
-0.2130617982
-0.4296957656
-0.4179803339
-0.3813107983
-0.4506122137
-0.2499844110
-0.3169092353
-0.1939267400
-0.2986152133
-0.2505408246
-0.3508861335
-0.3629358121
-0.3149635557
-0.2142469656
-0.3024976362
-0.2859514118
-0.2797420105
-0.3094073916
-0.2261381490
-0.2671412814
-0.4358477308
-0.2854412417
-0.3485846486
-0.2684278440
-0.3946258305
-0.2375287463
-0.3769054298
-0.2830087268
-0.3966843473
-0.3736352461
-0.3008213954
-0.4019011071
-0.2772268145
-0.2792383426
-0.3230635865
-0.2568593156
-0.3625737766
-0.1931156320
-0.4135207095
-0.2186183209
-0.2427683879
-0.2268916050
-0.1816541110
-0.3943812495
-0.2894418147
-0.0844997842
-0.3619492100
-0.2015966499
-0.2764507495
-0.1066383178
-0.2862976972
-0.2363114672
-0.2134665812
-0.3219988439
-0.2659391001
-0.1318747179
-0.2769724413
-0.1469419766
-0.1603622131
-0.1638153173
-0.0906229930
-0.2586163446
-0.2396646830
-0.2429276894
-0.0878579309
-0.2819230727
-0.2820386174
-0.1127388792
-0.2510011593
-0.2955359771
-0.2422520188
-0.2230256067
-0.1806228448
-0.2763790823
-0.2489864233
-0.3190855748
-0.1661254186
-0.2845322431
-0.2060349289
-0.1772188227
-0.3507530655
-0.0640686524
-0.2182006547
-0.0824691859
-0.2880559213
-0.3691251301
-0.1496381268
-0.0550754784
-0.2186418672
-0.0993034542
-0.2322383737
-0.1048293055
-0.1687034452
-0.2742531682
-0.0280040959
-0.2229893173
-0.2617894001
-0.2561762701
-0.1927574770
-0.0881311696
-0.3008008458
-0.0643033562
-0.2469199409
-0.1780288862
-0.1308501422
-0.2146796125
0.0136252334
-0.2384631522
-0.2862432413
-0.1838600467
0.0030220725
-0.0264090877
-0.0493705906
-0.1924929494
-0.0762974958
-0.1275076607
-0.0753816340
-0.0852506179
-0.1591500806
-0.1996009026
-0.1942263954
-0.1875675155
-0.1077308074
-0.1660103546
-0.0831467212
0.0069138868
-0.1773620907
-0.1479831603
-0.1811015012
-0.0011402609
-0.1178771341
-0.0761571603
0.0372944757
0.1375778086
-0.0157121469
-0.0412732762
-0.0932188259
-0.0382890848
-0.1169145751
-0.2224712651
-0.0388046813
-0.0787270343
-0.0304436267
-0.0430981254
0.0801903439
-0.0077974973
0.0235679641
0.0565910190
0.0124310036
-0.1384431098
-0.0381869667
-0.0159778618
-0.0115684312
-0.0618029860
0.0378512113
-0.0537210391
-0.1424278642
-0.0743328041
-0.0596779211
-0.0756885558
0.0761494360
-0.1400608864
0.0502458439
0.1005579109
-0.1021849956
0.1040238292
0.0338043043
0.0843178429
0.0965526917
-0.0277961903
0.0791412942
0.0483524211
-0.0069330697
-0.0261586672
0.0067672711
0.0077083861
0.0563189587
-0.0094176652
0.0611131847
-0.1929189864
0.0556846821
0.1324794843
0.0137843488
0.1496459644
0.1221612455
-0.1206266638
0.0525117905
0.1304322165
0.1409392914
0.0219917389
0.0121910924
0.0544910741
0.2116692740
-0.1010390219
-0.0035338583
0.0349310654
0.0410423140
0.1916478271
0.0029254009
0.0533228380
-0.1557855609
0.1950281912
0.0160633727
0.0446372437
0.0003442570
-0.0035052360
0.0669355409
0.0665416429
0.1511208431
0.1466269538
0.1879601457
-0.0155370728
0.0650855348
0.0889698099
0.0137073508
0.1171229592
0.0634175506
0.0328938123
0.1053829287
0.0847632761
0.1330151135
-0.0027652853
0.0236463683
0.1717458164
0.0459145759
0.0894754663
0.1134582263
0.2383670348
0.0999906015
0.1919465467
0.0773856460
0.0773173038
0.1077374852
0.1369750168
0.1701658620
0.1740425182
0.1636099402
0.0962494958
0.2720213093
0.1208792958
-0.0138203988
0.1327101917
0.1377988654
0.0825458559
0.1551054458
0.1515580682
0.1594045293
0.0668386534
0.0757694799
0.1410061932
0.2735582726
0.0805441609
0.1435129593
0.1789284161
0.1640773195
0.2107532494
0.1212039499
0.1747091212
0.1878728733
0.0275035207
0.1303832003
0.1270275564
0.1098015365
0.1734416285
-0.0663428595
0.2479634863
0.2769640826
0.0862837148
0.2442211052
0.1073237150
0.0928380388
0.1175589346
0.3327125686
0.2104597775
0.2324339452
0.3088608281
0.2042500217
0.1611836651
0.2435958289
0.0182616885
0.3002397326
0.2099624526
0.2071482434
0.2810874835
0.3596646520
0.2634444360
0.2402999571
0.1702860505
0.1986427278
0.0790985672
0.2329718960
0.2110533508
0.2971392984
0.3329510144
0.3549599579
0.1055618433
0.0769012109
0.3078850474
0.2584935477
0.3607879342
0.1728980956
0.1461009169
0.3051558122
0.1839330309
0.2460890670
0.2911948481
0.2608846374
0.2213915938
0.3028648022
0.3332792909
0.3281301401
0.3420856452
0.2165140308
0.3361982923
0.2007610419
0.1878227985
0.1435389824
0.3588642897
0.1168134066
0.4021215161
0.1796324387
0.2776175756
0.4163666471
0.2206732602
0.3970538114
0.3932215991
0.3903498662
0.2580832267
0.1082004378
0.2713076278
0.1678229582
0.2557132419
0.2408786845
0.3003497639
0.2991736130
0.2656876667
0.3903593666
0.3907398808
0.3996454907
0.2497276996
0.5044620814
0.3037342042
0.4717190961
0.3242253730
0.2545106473
0.3709036462
0.3319534057
0.3041844044
0.4256479835
0.2124745193
0.2579256447
0.3660575798
0.4554477523
0.2982996224
0.3959584204
0.3530753992
0.2682505036
0.3355168361
0.4275608715
0.3083458670
0.3466829740
0.3596354010
0.4831539599
0.2468802752
0.1690045280
0.3877289466
0.4202890600
0.4341682184
0.2634925616
0.2759778906
0.3805446862
0.4106805233
0.3777354923
0.2816550594
0.4401146720
0.3478329613
0.3108058257
0.4185667602
0.4643539282
0.3484848045
0.3701654687
0.4133974065
0.2634981574
0.4584056533
0.4897777346
0.4541523561
0.3982463233
0.3973169990
0.4292493162
0.5006967915
0.3999336491
0.4209281944
0.5265820532
0.4529782737
0.3827622581
0.4687944942
0.4302495276
0.4128394443
0.5174169874
0.3854962541
0.4825396130
0.4841528557
0.3347979710
0.4661361690
0.4536174641
0.5061666989
0.4636888944
0.4619440764
0.4463330479
0.4364290653
0.4590818901
0.4498071068
0.4665314208
0.5084400353
0.3847090080
0.5207728280
0.4845222358
0.3380254852
0.3873605789
0.4617849346
0.4006141448
0.4222568163
0.5003954715
0.3354330584
0.4438683806
0.3686622436
0.5123046150
0.4895666358
0.5646025249
0.5881812976
0.4386542523
0.5339965097
0.5953083656
0.4017185356
0.4478440169
0.5620423718
0.6555482841
0.4476041209
0.6351493103
0.6162232918
0.5002219926
0.5390304615
0.6063108918
0.4638119341
0.4319612095
0.5567524027
0.4949117772
0.5226427552
0.5160453259
0.4911361765
0.6425170591
0.5131540839
0.5585452115
0.4622726610
0.5870903796
0.5107337280
0.5482059377
0.5186179026
0.6281442408
0.5532772156
0.5787079425
0.4485973831
0.6446476953
0.5226458349
0.4741592301
0.4505000058
0.6972393216
0.4598923083
0.5872746074
0.6192185043
0.6947262672
0.7324448156
0.5628494290
0.4720297085
0.5959263445
0.5289526436
0.5899447679
0.6049705926
0.5698135129
0.7884078699
0.6940367257
0.5501170207
0.6123123151
0.5753681187
0.6670420263
0.6194437438
0.7114305744
0.7578461453
0.5962167561
0.5778998234
0.5718793041
0.7339658545
0.8142803707
0.6207396024
0.6251223517
0.6520959902
0.5853556860
0.7541877629
0.5987650706
0.6580917992
0.6219495373
0.7742282834
0.7116938413
0.6556589879
0.6227706822
0.6373379209
0.8002018242
0.7395979555
0.6369522970
0.6563945520
0.5339448306
0.7358933970
0.6032937935
0.6339048393
0.7506196898
0.6061735703
0.6784595443
0.7034926616
0.7383832302
0.6556245697
0.8289785616
0.6519717652
0.7040261436
0.7170864754
0.5629270462
0.7866970554
0.7742578438
0.6151517889
0.6530718830
0.6387770221
0.6363609085
0.6261405849
0.6499343197
0.8245130964
0.7216551479
0.7013091198
0.8098868119
0.7537847082
0.7639633756
0.7652174597
0.7930015150
0.6693574368
0.7695091955
0.6064470438
0.8170790931
0.6943734933
0.6115180159
0.7392736779
0.6945492107
0.8466703606
0.7500657413
0.8373101520
0.7064654920
0.7175542829
1.0101066726
0.7245961584
0.8454511072
0.7449162491
0.8377859547
0.7128837037
0.7149443517
0.7368129173
0.8736030791
0.6476389599
0.6675580378
0.8332010598
0.8948378368
0.8433043463
0.6985272709
0.8497503977
0.7588612692
0.8368254503
0.6993131011
0.8674096938
0.7941524638
0.8695258900
0.9024669700
0.7989979752
0.8019159013
0.8431480850
0.6791343129
0.7939386358
0.8950933322
0.7941929594
0.7915785143
0.7861658070
0.7747750257
0.6943124174
0.7648635637
0.8027091864
0.9107546822
0.7907576082
0.8065433080
0.8898652146
0.8270938695
0.8396660918
0.8060920893
0.7093409386
0.7529529722
0.7368478306
0.8573685794
0.8320626569
0.8138134646
0.9596621327
0.7602735586
0.8533803923
0.7524824976
0.8612703721
0.8307705943
0.8694994661
0.7900723053
0.9438670923
0.8448625141
0.9633819835
0.9461554433
0.8033565198
0.8690742773
0.9347393718
1.0835430487
0.9294273268
0.8795306442
0.8600685988
1.0273919478
0.7904436693
0.8369135011
0.9500767603
0.9629114395
0.9525515190
0.9719659195
0.8451070422
0.9732515301
0.8674115142
0.7945360631
0.8049091727
0.9542518130
0.9505782895
0.8032538314
1.0477489295
0.7366487692
0.8498836460
1.0922781432
0.9960800399
1.0637291021
0.9932939267
1.0010747711
0.8713088114
0.9727850897
0.9052816374
1.1845161960
0.9020981903
0.8367941296
1.1059779709
1.0124825825
0.9789934457
0.9973982572
1.0477190310
0.9393836822
1.0417871576
1.0236113989
0.9554965740
0.8357671050
0.9586044396
0.8535234686
0.8765887742
0.9934666663
1.0594174720
1.0121526498
0.9934676911
1.0168515698
0.9766422708
0.8688871966
0.9195436719
0.9590324397
1.0142192555
1.0101018944
1.0824019248
0.9846797792
