-0.9004345076
-1.0015105664
-0.9867593016
-0.9515524761
-0.9417300673
-0.9571245739
-1.0300459429
-0.9310427526
-0.9724960247
-0.9913123355
-1.0315611130
-0.9992940289
-1.0751089043
-0.9913931460
-0.9642292753
-0.9545342650
-1.0200846272
-1.0337159635
-0.9108807006
-0.7430320301
-1.0120751116
-0.8735600575
-0.9163999617
-0.9996530048
-0.9350754850
-0.8805575229
-0.9821583742
-0.7977790322
-0.9770716116
-0.9075159993
-0.9732472964
-0.8485764622
-0.7766694017
-1.0629255894
-0.8623781038
-1.0065321046
-0.9231697849
-0.8093276498
-0.7571971624
-0.8219157042
-0.8935958491
-0.7369902433
-1.0306630375
-0.9256553584
-0.9445955198
-0.6775273663
-0.8344032550
-0.8431655618
-0.9352561539
-0.8238514917
-0.7980234537
-0.9054988781
-0.9623286829
-0.8395860487
-0.8764166778
-0.9694933390
-1.0590888343
-0.8132834193
-0.9632496016
-0.7665244274
-0.8419248898
-0.9633718672
-0.8404000521
-0.8212402455
-0.9232305288
-0.9098724305
-0.8713477420
-0.8816907833
-0.9118016063
-0.8133602771
-0.9271627837
-0.7703888487
-0.7258846344
-0.7420571812
-0.9812837412
-0.9363655179
-0.7959220635
-0.8492985488
-0.8382363398
-0.7879663583
-0.7920873052
-0.7582916703
-0.8068014187
-0.9995169431
-0.7328987649
-0.7086503651
-0.8289348702
-0.9714530526
-0.9649366761
-0.8020188396
-0.8405008963
-0.5572790523
-0.6599950626
-0.8694949606
-0.9207281610
-0.7753388596
-0.7885641732
-0.8361414547
-0.8151050423
-0.8246261340
-0.8767428827
-0.8532225386
-0.7406133307
-0.8513929506
-0.8298863895
-0.8189780426
-0.8981867929
-0.9714971305
-0.8898493410
-0.7422559152
-0.8086241620
-0.8659771914
-0.7561253115
-0.7989473596
-0.8244608355
-0.6856903406
-0.6881392533
-0.5967442104
-0.8309953302
-0.5960512601
-0.5815957899
-0.7018702063
-0.8051797289
-0.6807725774
-0.7422596734
-0.5926718816
-0.6196964140
-0.6207366351
-0.9217879431
-0.6972338413
-0.6996076380
-0.6635269332
-0.7084445769
-0.7450726376
-0.7135573882
-0.7831198429
-0.6351171016
-0.7002888651
-0.6988854114
-0.6607153005
-0.7743616906
-0.6906343738
-0.7094205390
-0.8033175836
-0.6534194043
-0.8051702285
-0.7052878836
-0.7381915330
-0.7751585141
-0.5152105541
-0.7093282221
-0.7939022539
-0.5748942307
-0.6339411078
-0.6602085331
-0.6636279747
-0.7374955234
-0.6063440744
-0.6987222040
-0.7982311828
-0.8055958272
-0.5933785030
-0.5341773151
-0.6740652443
-0.5651574398
-0.7270867472
-0.7280023537
-0.6555701430
-0.6265896686
-0.7777127343
-0.7295291825
-0.6365162449
-0.7053598987
-0.6300491646
-0.5856300800
-0.6882888656
-0.6615731773
-0.6295731468
-0.6729836421
-0.5839531024
-0.6229659526
-0.5110685630
-0.7123726521
-0.5752104919
-0.7305015456
-0.7476840907
-0.5265874361
-0.6345862435
-0.5825062380
-0.6903427975
-0.6802638704
-0.6618211078
-0.7087623499
-0.6969349286
-0.6620490660
-0.5672344520
-0.6169650714
-0.4599162563
-0.6142307423
-0.5838488274
-0.5193700356
-0.5588813644
-0.4806075019
-0.5217405387
-0.6067495677
-0.5565300170
-0.6864129344
-0.5131489813
-0.5415595378
-0.5431351652
-0.8236709118
-0.6504798697
-0.6029287799
-0.6067143236
-0.3695352546
-0.4478972672
-0.5159124234
-0.5226782873
-0.5522752731
-0.5877519983
-0.6060901811
-0.6214511716
-0.4999345840
-0.5598527821
-0.6118767774
-0.5228769310
-0.6616606228
-0.4600706715
-0.5829604513
-0.5281536830
-0.3376064678
-0.6288793051
-0.5826894697
-0.5958554945
-0.6145834254
-0.5194659797
-0.4896771482
-0.4956905782
-0.5353817851
-0.5029761002
-0.5520458019
-0.6193848165
-0.4432771173
-0.4913407204
-0.4943980855
-0.5437122481
-0.5310088605
-0.5432027772
-0.4708327155
-0.5700401327
-0.4415268835
-0.5426184409
-0.4337700212
-0.5147834864
-0.5619984194
-0.4851129341
-0.3203535641
-0.4622467573
-0.5871297270
-0.4159338774
-0.3473119358
-0.4613808148
-0.4484765632
-0.3787269297
-0.5263474960
-0.5856827425
-0.5106843133
-0.5385761120
-0.4148852757
-0.3815201632
-0.3909969941
-0.3753516961
-0.4096189645
-0.4241871348
-0.5798426685
-0.5110268594
-0.3853328910
-0.4554712098
-0.4411712663
-0.3562371866
-0.3202643566
-0.5449522058
-0.3658297419
-0.3518984745
-0.4554930075
-0.3904487198
-0.4067265158
-0.4217141750
-0.4693911483
-0.4068016089
-0.4969441036
-0.4875319769
-0.5507877372
-0.3655799904
-0.5569362442
-0.3078161919
-0.3410819260
-0.4447857473
-0.2760470425
-0.3680224904
-0.3790970239
-0.4391672999
-0.4310729287
-0.3125610784
-0.2465890108
-0.4551886306
-0.3767330015
-0.4242230180
-0.3641868631
-0.2974608187
-0.4758913727
-0.4291049610
-0.4752296982
-0.3382788856
-0.3516675274
-0.2875563778
-0.5340151144
-0.2533859269
-0.4149550974
-0.2628755543
-0.2965676261
-0.3427672722
-0.2631019828
-0.2986507579
-0.2847691593
-0.3773899051
-0.3810890087
-0.5357846428
-0.3489499306
-0.2969866556
-0.2695360914
-0.4511007661
-0.3479695178
-0.4260738519
-0.3382924036
-0.2293419521
-0.4127648893
-0.3449372521
-0.2646855772
-0.3333215869
-0.3529845004
-0.1997615737
-0.2083196109
-0.1016064929
-0.4274393565
-0.3754608772
-0.2903720514
-0.3445071941
-0.2887987841
-0.3140771792
-0.2935824746
-0.3423964112
-0.2185503384
-0.1950670661
-0.3633859445
-0.1998200768
-0.4368269439
-0.3323890574
-0.3901677248
-0.2805158936
-0.3154853552
-0.3297081091
-0.2110301616
-0.4022883769
-0.4993079861
-0.4392890784
-0.2617463092
-0.3371074041
-0.1291556163
-0.3053328969
-0.1914287197
-0.2025926933
-0.2001250641
-0.2350800640
-0.3004078349
-0.2191423203
-0.2352263977
-0.3096099716
-0.2006890863
-0.2211899078
-0.3587360026
-0.0915357250
-0.3265995754
-0.4120818571
-0.3194540596
-0.2600417720
-0.1529812828
-0.1256287738
-0.1328637401
-0.0056083068
-0.2953810517
-0.3168414345
-0.1764611708
-0.2890858592
-0.1809498960
-0.2267993885
-0.2170590603
-0.2457392371
-0.2861525988
-0.3245071824
-0.2657986009
-0.2174637406
-0.0894650035
-0.1918766305
-0.1101045487
-0.1322733944
-0.2979734803
-0.0271367357
-0.1929246366
-0.1443716366
-0.1946902837
-0.1161255982
-0.0820818637
-0.0688147447
-0.2701391196
-0.2543815792
-0.1205512923
-0.3133592970
-0.1791800945
-0.2009385323
-0.3106538943
-0.2091855269
-0.0787099406
-0.1165063938
-0.0203263646
-0.1796283853
-0.2206459245
-0.1089456660
-0.0807050783
-0.0939125388
-0.1599794815
-0.1654125038
-0.1065028886
-0.0786431231
-0.0225694846
-0.1673328625
-0.0569558352
-0.0333905872
-0.2555295545
-0.0596358243
-0.0247998566
-0.1073026663
-0.1037133821
-0.0219243426
-0.0314924668
-0.1402193280
-0.0756418535
-0.0491781417
-0.1306716970
-0.0374258787
-0.0544298657
-0.1172063082
-0.1659163350
-0.0041300858
-0.1113413905
-0.1042895971
-0.1361473248
0.0103680286
0.0333158427
-0.1132806385
-0.1363358125
-0.0818478085
-0.1246525145
-0.1514519659
-0.0772340532
-0.1082707088
-0.0115716687
-0.0434958125
-0.0751632975
-0.1054318915
-0.1974231044
-0.1476013075
-0.1346961926
-0.1500869842
-0.1122188986
-0.0442229924
0.0065016607
0.0927961675
-0.0482065464
0.0430874344
0.2211645373
-0.0147336291
0.0158654405
0.0847127298
0.0509384964
-0.1635078766
-0.1671285524
-0.1287047287
-0.0257390191
0.0681987634
-0.0655269649
0.0750054181
0.0129709910
0.0012914870
0.0853120411
-0.0375602430
-0.0255991896
-0.0175439620
-0.1492940332
-0.0830308037
-0.0674577629
0.0657987607
0.1285399681
-0.0209647586
-0.0743450976
0.0572134245
-0.0892473727
0.1047772090
-0.1275097811
0.0477343407
0.0166787411
0.2024199266
-0.0040469932
0.0342835735
0.0117545101
0.1149277620
-0.0306217145
-0.1618434982
0.0891323625
-0.1196362235
-0.0389392273
0.0009174716
0.1125682415
-0.2417146374
-0.1131009098
-0.0039291720
-0.1065160397
0.0818501937
-0.0575493991
0.0225898439
0.1041800968
-0.0504373330
-0.0373117166
-0.1096345602
0.0897150883
0.1082059558
0.0433783918
-0.0315668898
0.0063516933
0.0705086887
0.1060488256
0.0736168933
0.0708764519
0.3373650179
-0.0831893417
0.2468857291
0.1645860326
0.1429084115
0.0258406037
0.0643017195
0.1740385595
-0.0002374552
0.0914148415
-0.0351633603
0.1263518168
-0.0723183551
0.1521465353
0.1478073563
0.1185907089
0.0995244002
0.0946568107
0.1137751899
0.1817922804
0.1377998437
0.1002741750
0.0951930902
0.1542973108
0.0453795063
0.1468981165
0.1364568046
0.2850999419
0.0403114175
0.2076257610
0.1317637559
0.0224575009
0.1467249528
0.0589420798
0.1558997971
0.2062175499
0.2558183997
0.1348375211
0.1908010548
0.1765090832
0.2148184993
0.0961193770
0.1059166679
0.2556081662
0.1690660676
0.0820538092
0.1524316218
0.2167646817
0.3041687292
0.2559822529
0.1862487633
0.2433889711
0.0533295182
0.2316049414
0.2755652124
0.2558528361
0.1835275373
0.0510583280
0.2439169254
0.1738230944
0.3127240745
0.2704139790
0.1295430355
0.1756063652
0.3064472826
0.0952531428
0.2787620325
0.1380953286
0.1214478091
0.3126196603
0.2794439945
0.2619087131
0.1963000567
0.2578815067
0.0679192546
0.2909968925
0.3754640117
0.3862283439
0.0996428527
0.3970733092
0.1772829968
0.2790476879
0.2100919742
0.1976639329
0.1409725707
0.2257887504
0.2905331465
0.4076395527
0.2505156646
0.1199634527
0.1847826205
0.3272580525
0.2733899558
0.3691446568
0.2878867575
0.3299411559
0.2569117157
0.2610686926
0.1338708090
0.2772576327
0.1501931741
0.2961726812
0.3983700415
0.3668245337
0.1754778287
0.3551143711
0.4837192659
0.1897338455
0.2938819065
0.1225221590
0.3049812847
0.1842223314
0.2460403670
0.3354264482
0.1901395565
0.3284380308
0.2486026118
0.3200892713
0.3829139767
0.2630383960
0.2178302581
0.2462103959
0.3010471699
0.3284465063
0.3300746071
0.2428263707
0.3534222826
0.4436146930
0.2938342260
0.3752620271
0.3073770139
0.2425672916
0.3082951556
0.4460721278
0.2923844352
0.3261849014
0.4152043524
0.3880369716
0.3086619293
0.2405262694
0.3070853563
0.4237698561
0.3842260108
0.4775056436
0.4155127176
0.5278215795
0.4288248657
0.3346815205
0.4028356967
0.2959081840
0.4063391774
0.2165148784
0.4345880474
0.3967203964
0.3442236811
0.4599672693
0.3241510492
0.4534691357
0.3493458209
0.4988480575
0.4076848148
0.3044971657
0.5170547643
0.3897977162
0.3678430957
0.4446076677
0.4014132662
0.4424271087
0.3749021769
0.3587798212
0.4360624448
0.3620934048
0.2481898338
0.4607423507
0.4052433776
0.4291563266
0.4310028604
0.4991626605
0.4283357649
0.3973525483
0.5873845157
0.4984603789
0.4722140042
0.4988697920
0.5114234833
0.5320266268
0.3577334816
0.4694295287
0.5286688833
0.3571162368
0.5568711904
0.6273997680
0.5239833734
0.3122357452
0.3967450696
0.5195744905
0.5671232005
0.6288082789
0.5200966917
0.5338888437
0.4335805733
0.3896212414
0.5460027609
0.5709556499
0.4703679872
0.6287409094
0.5713130122
0.4020936236
0.6418028914
0.5314509382
0.5176387827
0.5441291023
0.4831408507
0.5228035709
0.6553260360
0.5497993435
0.4153904771
0.5660445028
0.5564940945
0.5377954549
0.5872691612
0.5107902766
0.7580924823
0.5262309535
0.5373169493
0.3835702013
0.4994696100
0.4847009472
0.5289626733
0.5885747163
0.5923885081
0.4081732632
0.6322806134
0.5697449684
0.4787493605
0.7123886226
0.6232346629
0.6009274462
0.7148687461
0.5071524642
0.6044584891
0.6004926672
0.4723802383
0.5868732623
0.6151876465
0.6536857265
0.6558564677
0.5274489879
0.4420553267
0.5456863634
0.4759282069
0.4637447312
0.6742894024
0.4272199230
0.5284420480
0.4263998761
0.5786441863
0.6488268328
0.5809344255
0.6440870133
0.6417702584
0.4922389036
0.5768564367
0.6871210777
0.5830597190
0.5670729875
0.5360270339
0.7546847113
0.5762050411
0.5646433597
0.6341229117
0.6543095803
0.4684753868
0.6105556898
0.6188109174
0.6479345284
0.7650474749
0.4452423980
0.6000823331
0.7424352595
0.7497592066
0.5732629669
0.5357668142
0.5924966314
0.8633885347
0.6300644278
0.6186117943
0.7537385096
0.5359142851
0.7298070740
0.7324017275
0.6428284937
0.6632031004
0.6664915741
0.5788688184
0.7017245846
0.7708045940
0.7225155054
0.6313081734
0.6008348050
0.6771907181
0.5984280891
0.7865426016
0.6992817122
0.7036200228
0.7447378907
0.7944452162
0.6819247024
0.7425335705
0.6492695800
0.5718220658
0.7300912898
0.6219934487
0.6939511921
0.6168650464
0.7394150637
0.8142602412
0.7410188279
0.6885362914
0.6510773950
0.6436769501
0.8171568821
0.7496262028
0.8540703815
0.9348756561
0.8310677737
0.7834266235
0.6626260945
0.7102463225
0.6169819294
0.7108504765
0.8464025327
0.8610171034
0.8247126396
0.6898922557
0.6436798530
0.8312313826
0.7802917722
0.7367166051
0.7775536543
0.7779682108
0.7948719720
0.6990803871
0.9031569775
0.8084593388
0.8434603383
0.7266759004
0.8053938532
0.9329718071
0.6954843738
0.7314317036
0.8098758380
0.7995462769
0.6937014465
0.7988906912
0.7914277568
0.8350298535
0.7126323565
0.6853317247
0.7996055629
0.7760482330
0.7943664363
0.9659955660
0.7777826168
0.8379421563
0.9001549915
0.8133684005
0.9188802019
0.7780664627
0.9332142453
1.0152916937
0.7934888999
0.8120610027
0.8115512715
0.9014454129
0.8712095096
0.8012847608
0.8432008423
0.7834118164
0.8730996817
0.8339692749
0.8583918205
0.9398927650
0.8717925649
0.8020725008
0.9568952703
0.8347807820
0.8256973764
0.7537691585
0.9933657689
0.7736005823
0.9089840745
0.8639565437
0.8482466481
0.9121433661
0.9732467123
0.8653682235
1.0113600145
0.8239057266
0.8125651164
0.9195540387
0.7892082181
0.9017361012
0.7339873130
0.9482316217
0.9907263719
0.8239454072
0.8315545496
0.9822600982
0.8866383756
0.9602632028
0.8984232200
0.8198809612
0.8066359519
0.8539374870
0.8386590386
0.9609934055
0.9429061899
1.0105840913
0.8854670660
0.8815614459
1.0581562078
1.1014250357
0.9536748691
0.9202500652
0.8483289975
1.0160520147
0.8972818321
0.9582963600
0.9120221404
0.8964659904
0.9047776710
0.8863444359
0.9889488965
0.9836109344
0.9152611806
1.0477992158
0.8885018552
0.9550590621
0.8943844767
1.0718852935
0.9443543513
0.8979827561
0.9963912252
0.9598747982
1.0124388603
1.0223284972
1.0613569217
1.0927374835
1.0535404584
1.0075841858
1.0492937642
0.8947225366
1.0601348015
1.0300516911
1.0197260800
1.1139134880
