-0.8987526539
-1.0076732011
-0.9626464854
-0.9550829915
-0.9776940276
-0.9377670928
-1.0403636996
-0.9171691366
-0.9363392262
-0.9825139076
-1.0292468620
-0.9970843415
-1.0840589515
-0.9945093207
-0.9574314707
-0.9522028930
-1.0394056259
-1.0089850797
-0.8989953625
-0.7447729507
-0.9935073740
-0.8753474299
-0.9341765631
-1.0266399900
-0.9152066285
-0.8784787376
-0.9814999727
-0.7989829044
-0.9681009935
-0.9135792094
-0.9626742032
-0.8850709184
-0.8126931964
-1.0565871154
-0.8710075625
-1.0138033126
-0.9141477867
-0.8017818078
-0.7613400638
-0.8151769564
-0.8844490924
-0.7552553775
-1.0285407747
-0.9228476819
-0.9398604317
-0.6881717622
-0.8509014986
-0.8452228629
-0.9394694249
-0.8218807920
-0.7954514922
-0.9047872716
-0.9620069311
-0.8545918814
-0.8715087386
-0.9839227836
-1.0512637295
-0.8366912891
-0.9629618676
-0.7720871803
-0.8521706779
-0.9566026460
-0.8561880979
-0.8191288516
-0.9356877370
-0.9041953412
-0.8740735808
-0.9106733593
-0.9103857578
-0.8355194624
-0.9234297483
-0.7605813179
-0.7407260203
-0.7599977763
-0.9697683641
-0.9522082876
-0.8156833149
-0.8509700780
-0.8323399316
-0.7788113832
-0.8174166396
-0.7364708181
-0.7980527804
-1.0023459536
-0.7410029685
-0.7186143845
-0.8028200627
-0.9509142105
-0.9716495543
-0.8113889900
-0.8213671792
-0.5430214482
-0.6462870105
-0.8804154470
-0.9164555583
-0.7894744809
-0.7620381608
-0.8081254032
-0.8424847617
-0.8332156709
-0.8785917352
-0.8448416137
-0.7503999994
-0.8439038691
-0.8339453187
-0.8031652313
-0.9031467499
-0.9624787391
-0.8999513299
-0.7238312344
-0.8172324010
-0.8642915590
-0.7573863543
-0.8232519353
-0.8170104757
-0.6861773894
-0.6724025727
-0.6115077661
-0.8028083884
-0.6067034398
-0.6133841865
-0.6897170239
-0.8225688416
-0.6750848326
-0.7283978291
-0.5825795634
-0.6156002761
-0.6091609035
-0.9194075773
-0.7136943921
-0.6909919107
-0.6772191688
-0.7172463269
-0.7352774770
-0.7212186875
-0.7681296902
-0.6368588388
-0.6737582885
-0.7309245925
-0.6670889127
-0.7821105068
-0.6626486913
-0.7185889871
-0.8038235487
-0.6306168651
-0.7852198965
-0.7165309371
-0.7364099956
-0.7906992402
-0.5278316215
-0.7097290883
-0.7933019205
-0.5818937290
-0.6671053867
-0.6654996509
-0.6829685813
-0.7380121727
-0.5918194295
-0.7011229267
-0.7960486761
-0.8030516862
-0.6198070132
-0.5358068484
-0.6918732657
-0.5797724406
-0.7258556096
-0.7386517536
-0.6717748427
-0.6326852748
-0.7970548399
-0.7176508344
-0.6677785866
-0.6918902846
-0.6162999272
-0.6073148437
-0.6812101237
-0.6461385693
-0.6191326284
-0.6786186321
-0.5791194541
-0.6183389671
-0.5108635652
-0.7109836199
-0.5709170898
-0.7166902638
-0.7209250866
-0.5344218030
-0.6524092772
-0.5923793548
-0.6865705232
-0.6796945949
-0.6718397701
-0.7098650583
-0.6891932493
-0.6679367241
-0.5778775076
-0.6384576106
-0.4408471093
-0.6173064562
-0.5850636950
-0.5141833325
-0.5416007580
-0.5013361481
-0.5163749689
-0.6098131640
-0.5576762222
-0.6742874254
-0.5166195339
-0.5600443158
-0.5438037501
-0.8077451097
-0.6544553288
-0.6486973767
-0.6110099538
-0.3752497439
-0.4548145802
-0.5322525901
-0.5307445983
-0.5448010559
-0.5975459852
-0.6357093806
-0.6011341343
-0.4946497443
-0.5333986091
-0.5868353175
-0.4990571570
-0.6331994322
-0.4705233261
-0.5665392422
-0.5203167309
-0.3242806552
-0.6189137686
-0.5820295710
-0.6034479707
-0.6445184594
-0.5115967370
-0.5101554106
-0.5096410581
-0.5462267114
-0.5089092031
-0.5498472055
-0.6029238090
-0.4468346306
-0.5179086066
-0.4868660866
-0.5203297605
-0.5434144957
-0.5396749126
-0.4651504860
-0.5384144825
-0.4342849159
-0.5265879254
-0.4397809251
-0.5046994043
-0.5373299783
-0.4981293012
-0.3206219463
-0.4412382767
-0.5770036015
-0.3946966332
-0.3591738805
-0.4562436293
-0.4554021039
-0.3839850646
-0.5269482045
-0.6038528160
-0.4915085278
-0.5191282097
-0.3615416080
-0.3819880418
-0.3714421808
-0.3727204025
-0.4169471039
-0.4328149557
-0.5758457799
-0.5088854173
-0.3936704355
-0.4437746787
-0.4287111782
-0.3575304909
-0.3274232173
-0.5492865381
-0.3526446115
-0.3291367629
-0.4792392020
-0.3989697725
-0.4162438334
-0.3839879885
-0.4710349563
-0.4285515564
-0.5073914893
-0.4870980104
-0.5232148786
-0.3792362304
-0.5406374059
-0.3134695462
-0.3507106573
-0.4404124451
-0.2857077851
-0.3749223750
-0.3747249663
-0.4157685249
-0.4242215120
-0.3038196397
-0.2566499517
-0.4632728414
-0.3631465088
-0.4382165434
-0.3491594183
-0.3123958157
-0.4609982831
-0.3896839694
-0.4617473031
-0.3396352541
-0.3576158567
-0.2908903674
-0.5423922300
-0.2592529785
-0.4059870205
-0.2370845695
-0.2824845120
-0.3366225988
-0.2466546961
-0.2902056991
-0.2859840814
-0.3827511040
-0.3899366995
-0.5246759430
-0.3562741093
-0.2850456055
-0.2742948803
-0.4252511766
-0.3634129763
-0.4189492549
-0.3460540111
-0.2138397256
-0.4121470290
-0.3373672161
-0.2598697322
-0.3437922069
-0.3361809819
-0.1728333450
-0.2031859877
-0.1255765887
-0.4602081005
-0.3645700209
-0.2929178657
-0.3188122877
-0.2760324049
-0.3016285036
-0.2912453145
-0.3559085106
-0.2318304887
-0.2040461695
-0.3730496626
-0.2021409469
-0.4420623154
-0.3437887831
-0.3836047356
-0.2985397179
-0.3003925191
-0.3254385655
-0.2201751208
-0.3738971874
-0.4912179068
-0.4181998828
-0.2480837882
-0.3344272368
-0.1064463302
-0.2888554273
-0.1939911277
-0.2291427819
-0.2276820413
-0.2066843568
-0.3149943074
-0.1975340769
-0.2457114934
-0.3286165065
-0.2035666463
-0.2248708769
-0.3546311477
-0.0942687046
-0.3363129543
-0.4170706351
-0.3175914770
-0.2721869506
-0.1378037299
-0.1185499967
-0.1293501405
0.0092135347
-0.2948388504
-0.3314884477
-0.1501692407
-0.3037937696
-0.1763192256
-0.2186341629
-0.1996052514
-0.2541138499
-0.2930248357
-0.3305576177
-0.2854707846
-0.2191540630
-0.1156889334
-0.1632659763
-0.1115791820
-0.1171393593
-0.3179957228
-0.0259145885
-0.1845014933
-0.1468829539
-0.1881814704
-0.1397464732
-0.0667838951
-0.0735047944
-0.2803464754
-0.2442605436
-0.1222533468
-0.3235352026
-0.1946525726
-0.2155821170
-0.3195383139
-0.2056156738
-0.0750875541
-0.1131874835
-0.0096310552
-0.1819894624
-0.2241499508
-0.0756543500
-0.0917157852
-0.0944639147
-0.1652141349
-0.1469156075
-0.1070171888
-0.0893933320
-0.0337737089
-0.1677416533
-0.0313660110
-0.0407040852
-0.2752779755
-0.0799524956
-0.0296864357
-0.1108873265
-0.0967108677
-0.0357089077
-0.0188779494
-0.1537252724
-0.0849903694
-0.0827767438
-0.1238240380
-0.0118333075
-0.0132090749
-0.1193647331
-0.1594864727
0.0179700681
-0.1029599302
-0.1004991498
-0.1538146521
0.0021653317
0.0152005464
-0.1304513821
-0.1297886075
-0.0872186634
-0.1391746415
-0.1598920455
-0.0709976094
-0.1291651782
-0.0183289006
-0.0310806380
-0.0843312296
-0.1106580816
-0.1642690190
-0.1475690589
-0.1397959615
-0.1420882830
-0.1119367363
-0.0452159781
-0.0196771222
0.1177893889
-0.0620103872
-0.0093970970
0.2304485900
-0.0164351696
0.0307714426
0.0630282808
0.0214799428
-0.1639618607
-0.1517779772
-0.1132167461
-0.0039795754
0.0831820361
-0.0725193791
0.0763901871
0.0207695210
0.0060862031
0.0765418752
-0.0400854630
-0.0165506484
-0.0127292621
-0.1478216302
-0.0838507242
-0.0965015272
0.0628577085
0.1201126678
-0.0288688386
-0.0790926921
0.0472683787
-0.0794046048
0.1014353470
-0.1589043022
0.0505728720
0.0135328889
0.1872139572
0.0075436776
0.0283182610
0.0217440112
0.1116809142
-0.0022593648
-0.1366468897
0.0834303416
-0.1357887787
-0.0490587476
0.0103452540
0.1179150263
-0.2183562345
-0.1083724768
-0.0205138110
-0.0966098248
0.0719826933
-0.0497921729
0.0111184569
0.1077496811
-0.0428911206
-0.0342853231
-0.0976696453
0.0867333380
0.1125176341
0.0364706367
-0.0151524506
0.0035131748
0.0775432586
0.1105085824
0.0922843650
0.0689432700
0.3296894874
-0.0783405748
0.2338704891
0.1692855353
0.1731198987
0.0594596254
0.0787427316
0.1736113412
0.0089206475
0.0663751130
-0.0167654864
0.1324939639
-0.0716833299
0.1496667490
0.1442458722
0.1204001036
0.0995246170
0.0683242270
0.1350013662
0.1542889235
0.1551642370
0.0823136579
0.0735065481
0.1675203818
0.0360621861
0.1799706134
0.1434468763
0.2911662775
0.0643032357
0.2055818675
0.1774688888
0.0212418775
0.1431818512
0.0314227602
0.1581567432
0.1962132415
0.2634361099
0.1331568284
0.2089144483
0.1630203496
0.2245796203
0.0868684448
0.1203263673
0.2913323744
0.1836232960
0.0806232083
0.1764656518
0.2233962792
0.3201521484
0.2817720426
0.1909093936
0.2634833103
0.0549247671
0.2117612093
0.2667695113
0.2659843033
0.1963191710
0.0247817382
0.2517817245
0.1663811503
0.3181721409
0.2424268494
0.1223297308
0.1955229322
0.3127993340
0.0908691793
0.2734942201
0.1467246487
0.1265946662
0.3470674420
0.2987542712
0.2607985304
0.1732926602
0.2266838744
0.0579172574
0.2835292361
0.3773521768
0.3860101392
0.1196453362
0.3971751937
0.1803992164
0.2882499125
0.1956176881
0.1789564141
0.1520585481
0.2378087003
0.2513817100
0.4158499278
0.2369174577
0.1388981092
0.2014779799
0.3155863233
0.2676262069
0.3520590848
0.3029162331
0.3344368827
0.2651224339
0.2624098690
0.1412423699
0.2630944482
0.1377123563
0.2805955261
0.4116846416
0.3720477385
0.1751133010
0.3770829171
0.4678316847
0.1942163202
0.2969425029
0.1452382919
0.2931305043
0.1956587218
0.2704476679
0.3413903888
0.2076194109
0.3072759766
0.2517057716
0.2835602769
0.3843520654
0.2611610750
0.2209145028
0.2656707800
0.2883427170
0.3482191415
0.3373413370
0.2159557580
0.3326567371
0.4497126965
0.2958592509
0.3425047795
0.3256686553
0.2380645602
0.3229758704
0.4371738455
0.2999371354
0.3213939386
0.4002339895
0.3958587207
0.3179233310
0.2596996186
0.3157857554
0.4181433412
0.3926511672
0.4691752784
0.3883110607
0.5041425286
0.4004175070
0.3199808351
0.3954217664
0.3131130896
0.4109505648
0.2042083072
0.4410168560
0.4228979255
0.3719944763
0.4721295218
0.3159466405
0.4295784530
0.3401877504
0.4863106972
0.4340791299
0.3155561332
0.5295431583
0.3960189732
0.3906204787
0.4273857125
0.4052752701
0.4355040182
0.3652994684
0.3693448385
0.4257217406
0.3611073335
0.2384030201
0.4380071282
0.4138136012
0.4325797471
0.4339154956
0.4945547540
0.4273388006
0.4133302715
0.6164433107
0.5042775637
0.4957334328
0.4781892617
0.5035305221
0.5294312528
0.3593907899
0.4838367530
0.5245332159
0.3391792821
0.5523527288
0.6043130080
0.5226770313
0.3171144003
0.3987264363
0.4968127438
0.5675582409
0.6290194837
0.5088377071
0.5474009504
0.4298604584
0.3959886858
0.5355231654
0.5489931787
0.4649236764
0.6189253457
0.5586937734
0.3947136785
0.6604215001
0.5273918896
0.5182054782
0.5597311119
0.4972492217
0.5263795659
0.6482469814
0.5308038586
0.3989406349
0.5497903217
0.5221493621
0.5127491324
0.5976979947
0.5478488243
0.7447060570
0.5261664722
0.5382428997
0.3678815841
0.5090575523
0.4523922775
0.5292755390
0.5812731027
0.6033683961
0.4104162132
0.6331640743
0.5585494075
0.4692006659
0.7236206838
0.5895714382
0.5877641966
0.7040190059
0.5053632188
0.5956748069
0.5950259827
0.4624694236
0.6073758138
0.5990164272
0.6523378214
0.6531417579
0.5303451348
0.4368300476
0.5460827709
0.4796901828
0.4684378233
0.6994643992
0.4307143824
0.5285639443
0.4477661166
0.5787757131
0.6634816868
0.5828636594
0.6457997049
0.6477587259
0.5023670581
0.5692839657
0.6874940676
0.5756956730
0.5683975252
0.5488461573
0.7495744343
0.5683807252
0.5841424173
0.6432862471
0.6458905403
0.4437060928
0.6219642405
0.6130394546
0.6387483569
0.7866558598
0.4525655008
0.5994655595
0.7344181378
0.7616385397
0.5836534741
0.5344142944
0.5879733127
0.8845610910
0.6483486440
0.6345969213
0.7500500768
0.5579026463
0.7299970744
0.7261656289
0.6425846304
0.6650647942
0.6621124875
0.6037949889
0.7171700453
0.7656217229
0.7467887230
0.6321622803
0.5949543326
0.6826586407
0.5670342222
0.7730174279
0.6944940087
0.6967311286
0.7370548516
0.8003559561
0.6897335804
0.7582047675
0.6460932154
0.5469748771
0.7092578321
0.6329747876
0.6916816097
0.6034117336
0.7536296907
0.7973722529
0.7583987912
0.6638305756
0.6630107784
0.6410149072
0.8168987575
0.7627560163
0.8633503433
0.9450187800
0.8342739233
0.7647253874
0.6575908734
0.7164204140
0.6307430896
0.7114494054
0.8516584136
0.8564585017
0.8185760154
0.6715724871
0.6430236949
0.8460739077
0.7705455623
0.7431150429
0.7573376464
0.7773813175
0.8158926300
0.6970865452
0.9079069881
0.8107095072
0.8196122997
0.7237651944
0.8087408990
0.9286047996
0.7124247221
0.7382092888
0.8243031846
0.7801443380
0.6829424645
0.7951593159
0.8223800180
0.8517453791
0.7131263186
0.6971759924
0.8159234660
0.7700035838
0.7995712495
0.9621263656
0.7913650595
0.8494228996
0.8918155540
0.8116027360
0.9210305418
0.7819157375
0.9243662400
0.9923166745
0.7854429959
0.8073264503
0.8011589838
0.9162134193
0.8844918946
0.8244781367
0.8243243264
0.7854987458
0.8874181336
0.8408311970
0.8514585391
0.9432074443
0.8861170914
0.8040907454
0.9474591091
0.8353890927
0.8304492192
0.7665273033
0.9862395376
0.7592513930
0.9121016740
0.8819651202
0.8402632795
0.9242836456
0.9741069302
0.8564623478
0.9963918693
0.8133332931
0.8238010837
0.9080557955
0.8092413221
0.9007963484
0.7539757704
0.9580378731
0.9767892136
0.8173270671
0.8251797900
0.9700870792
0.8770715339
0.9917582811
0.9046746403
0.8042809882
0.8491644286
0.8542143839
0.8273617307
0.9550516250
0.9353576480
0.9972324591
0.8887119219
0.8819873261
1.0411968183
1.0762711472
0.9671896564
0.8936517902
0.8820831127
1.0250343801
0.9057316168
0.9641649411
0.9140724986
0.9172493796
0.8913288702
0.8794342705
0.9934540802
1.0047966194
0.9085927453
1.0463048100
0.8872915231
0.9273223789
0.8782948496
1.0467492729
0.9424800497
0.8942676189
1.0142817721
0.9487587077
1.0121767339
0.9914620291
1.0624003030
1.1066187859
1.0640021986
1.0035064548
1.0568676687
0.9023213324
1.0752839916
1.0473904855
1.0406949717
1.1030065880
