-1.0007421995
-0.9836643972
-1.0169702952
-1.0564610511
-1.0294187998
-1.1407384217
-1.1096023397
-0.9967015050
-1.0518335249
-1.0249634672
-0.9224820584
-1.1176339307
-1.0815166811
-0.9635784646
-0.9399643170
-0.8821238284
-1.0722061816
-1.0190453975
-1.0081307408
-0.9392102561
-0.9464370377
-0.7995804108
-1.0592186699
-0.9277653713
-0.9293243014
-0.9137169928
-1.0429025272
-0.9846287424
-0.9746200316
-0.9836506148
-0.8795880059
-0.8945581743
-0.9486125960
-0.9222843127
-0.9770236869
-0.9177454410
-0.9619266976
-1.0978018117
-1.0515117178
-0.9847654469
-0.9224469535
-0.9212009630
-0.9171300321
-1.0477500309
-0.8456650658
-0.9496299088
-1.0234720778
-0.9221962531
-0.8252946545
-0.8306170823
-0.9413870353
-0.9047670093
-0.9985252578
-0.8925441439
-0.9212824824
-0.9276464678
-1.1410828440
-0.9351553444
-0.9010356519
-0.9017525731
-0.8299897176
-0.9310640773
-0.8435884925
-0.9079487813
-0.8751045302
-0.8469351582
-0.8678372186
-0.8865486170
-0.8664962526
-0.9409355056
-0.7467593906
-1.0452793885
-0.8685539399
-0.8114155756
-0.6862790466
-0.8653192429
-0.7195138614
-0.8153541010
-0.9066832017
-0.9506088140
-0.9480283927
-0.8946473921
-0.7481004413
-0.8034713035
-0.7695380624
-0.8514163315
-0.8151185779
-0.7161893661
-0.8431698040
-0.7007907813
-0.7941868691
-0.6566913342
-0.7892463334
-0.9744123554
-0.8727873684
-0.8574049506
-1.0626154039
-0.6791863236
-0.8555120332
-0.6911068568
-0.7732926975
-0.9268802253
-0.7833525235
-0.8531950065
-0.8027665783
-0.8180788128
-0.8038637478
-0.9011408777
-0.8566126170
-0.8963504312
-0.6776991732
-0.8353476985
-0.7664384344
-0.6830434401
-0.7177271331
-0.8665838353
-0.8010695019
-0.8578648585
-0.7239510345
-0.8121158868
-0.7635770912
-0.6614296828
-0.6971725646
-0.7725726034
-0.7015358038
-0.8153557414
-0.7662264977
-0.6952886430
-0.8371466257
-0.7222642197
-0.7233752772
-0.6018779468
-0.7271470402
-0.8765493073
-0.8533127790
-0.7135638365
-0.6774013536
-0.7464297882
-0.6629928089
-0.9043607003
-0.7798047761
-0.7253880406
-0.7753262622
-0.6215841252
-0.6074585344
-0.7876274395
-0.7035847877
-0.6410508103
-0.6800588058
-0.6166762415
-0.5729073951
-0.8595050676
-0.8727289440
-0.6560907521
-0.8715830902
-0.7137472732
-0.6496903820
-0.6590965309
-0.7459133978
-0.7929729781
-0.7580297273
-0.7682213923
-0.7634289928
-0.6660527093
-0.7243939865
-0.4821168003
-0.6850609750
-0.5277557591
-0.6001345889
-0.6567513846
-0.7015203921
-0.7262098402
-0.6102588767
-0.8572381334
-0.5596507730
-0.7594481263
-0.7005318239
-0.9044081420
-0.7130342187
-0.6649829668
-0.6280713757
-0.5590223108
-0.5028056556
-0.6199841688
-0.4534113811
-0.7094390776
-0.6383921369
-0.7150424731
-0.5300809090
-0.8808805334
-0.6127005576
-0.6796160917
-0.6853490296
-0.5969980339
-0.5759963422
-0.6203004465
-0.7779054458
-0.6331985917
-0.6405078381
-0.7023086717
-0.5285442032
-0.6483876690
-0.6462737624
-0.7127900131
-0.5971812739
-0.6486748619
-0.5589774345
-0.4926168873
-0.4485298851
-0.7238183077
-0.5923542400
-0.5495250597
-0.6339824120
-0.5452659347
-0.4748287718
-0.6443213123
-0.6120751802
-0.6981667242
-0.4932596458
-0.6137424861
-0.5595613294
-0.6087283370
-0.4455072061
-0.5590505929
-0.4425862659
-0.4956953635
-0.4893459490
-0.5651174088
-0.5930857567
-0.5037689053
-0.4356870732
-0.5599607789
-0.6152597589
-0.6348237466
-0.4922574389
-0.5559151551
-0.6439369877
-0.5264783913
-0.5593921856
-0.6364641898
-0.5861633478
-0.4744732279
-0.5696848228
-0.4993592714
-0.6684467580
-0.5416462013
-0.5773436203
-0.3810494307
-0.4938327429
-0.6411693168
-0.6204795609
-0.5710937629
-0.4584610524
-0.5726274676
-0.4430755280
-0.5167395076
-0.5785149308
-0.4042804497
-0.3952944278
-0.6003529286
-0.3701688680
-0.4405112789
-0.4813968261
-0.4501149497
-0.3554402063
-0.4886635744
-0.5026404749
-0.3120203089
-0.3288054010
-0.3526499455
-0.4692831493
-0.4437962770
-0.4052048188
-0.4975619956
-0.3718587029
-0.4919545733
-0.4321197318
-0.3920474628
-0.4273114793
-0.4341110572
-0.4330908374
-0.3279371354
-0.4371885259
-0.4648691294
-0.4090565449
-0.2936066701
-0.4085035955
-0.5411367469
-0.5340125194
-0.3542550347
-0.4425948230
-0.4166540283
-0.3217251610
-0.4878064548
-0.4347143860
-0.3509495684
-0.4743130008
-0.4836829281
-0.4363133149
-0.4025223418
-0.4082556949
-0.5407322449
-0.3803512811
-0.2728209551
-0.5293319504
-0.3593433190
-0.3563021852
-0.3968519089
-0.4233468245
-0.4479011169
-0.3398595577
-0.4183507481
-0.3754245295
-0.4128056935
-0.4441636440
-0.3509769689
-0.5075278639
-0.4110813410
-0.1657590623
-0.3832289088
-0.2208306573
-0.4140949355
-0.3876519099
-0.2816504354
-0.5271012502
-0.3252726302
-0.4325602635
-0.3516880158
-0.2529006317
-0.4790324440
-0.3662674607
-0.2447241923
-0.2193591545
-0.3594411094
-0.4080732322
-0.3486293499
-0.3306134006
-0.3293989468
-0.1601589488
-0.4124978022
-0.3606343138
-0.2032985836
-0.3044531229
-0.3279559180
-0.6111161296
-0.3898550883
-0.3573327522
-0.2960840790
-0.1722888098
-0.2797979306
-0.0990599317
-0.3431602043
-0.3554423584
-0.3143182839
-0.4119758074
-0.3711908449
-0.1886121209
-0.2778878069
-0.3883759191
-0.1675548759
-0.2619227084
-0.3580479628
-0.3893653973
-0.1063789907
-0.2225885985
-0.2420822684
-0.2850362593
-0.2874851199
-0.1967326909
-0.2789646916
-0.2708106705
-0.1743592529
-0.3035641381
-0.1825363899
-0.1969601323
-0.2651841597
-0.2407070143
-0.3268679602
-0.2272911628
-0.2913785945
-0.2536377562
-0.3176597472
-0.3271939934
-0.3314742530
-0.2335574505
-0.2143843702
-0.1993266109
-0.1717948922
-0.1793074170
-0.1478620708
-0.3066925531
-0.2388648322
-0.1545025936
-0.1944396123
-0.1967180098
-0.3248844656
-0.2147367626
-0.2210740594
-0.3559683159
-0.2860734851
-0.3225814080
-0.2617015710
-0.2557613971
-0.2319448121
-0.2603696307
-0.2223717552
-0.2516951496
-0.3393472904
-0.2330989165
-0.2168166720
-0.0467520397
-0.3072108914
-0.0976678408
-0.2582421550
-0.0504885451
-0.1014862841
-0.0349592161
-0.1380764557
0.0629590639
-0.2239543462
-0.1233188696
-0.2016665233
-0.0378398929
-0.1721115735
-0.1748076507
-0.1498070841
-0.0407713358
-0.0922450899
-0.0748917198
-0.2126586372
-0.0711955167
-0.2651097488
-0.1046535812
-0.1389627262
-0.2108857216
-0.1103555695
-0.1170058759
-0.0580601602
-0.1142145176
-0.2494460767
-0.1398428182
-0.0385481754
-0.1845232238
-0.0768920766
-0.1374981963
-0.3260325612
-0.1084340342
-0.1433515405
-0.1158039184
-0.0506548523
-0.2347606932
-0.0631777310
0.0328632122
-0.2264504857
-0.0992789375
-0.1269160936
-0.0421821576
0.0800128180
-0.0509416051
-0.0959861317
-0.1116603654
-0.1022555221
-0.1585303974
-0.0126875168
-0.0412891273
-0.1322817678
-0.2231751320
-0.0243637889
-0.2409301912
0.0253351722
-0.0315233135
-0.0937328441
-0.0130928922
0.0233434296
-0.2190566367
-0.1229125428
-0.0250772668
0.0173819944
0.0547980448
-0.1414451255
0.0871736319
-0.0756352681
-0.0254807517
-0.0251209498
0.0529076602
0.0006883969
-0.0082926952
-0.0751494503
0.0994327926
0.0171812876
-0.1055986404
0.1191076816
0.1066259151
-0.0076475872
-0.1285421151
-0.0404981462
-0.0653717507
0.0265070087
0.0125622803
-0.0596383505
0.0450918597
0.1336619572
-0.0156725480
0.0962077606
-0.0178629916
0.0043985289
-0.1246217463
-0.0722625507
-0.0189799342
0.0092593789
-0.0963908774
0.0049027395
0.0239454589
0.1608095935
0.0700553713
0.1558178521
0.0429330466
0.0083611844
-0.0408961453
0.0888430475
0.0032598891
0.1387967426
0.2006692090
0.1388740297
-0.0398004742
-0.0399337658
-0.0193081583
-0.0573597918
-0.0986974951
-0.1518789430
0.1215985998
0.1428208706
-0.0307152921
0.1130907355
0.1017638166
0.1109908412
0.2235371742
0.1345306298
0.0656025005
0.0766788064
-0.0396492845
0.1594707007
-0.0372562042
-0.0162044731
0.0150714670
0.0660612647
0.1534910268
0.1728084099
0.1105137988
0.0829245965
0.0043357075
0.0306339418
0.0929737699
-0.0053056217
0.0528393879
0.0921885669
0.2478548500
0.1817768088
0.1656851114
0.3483421846
0.1544982142
0.1271965184
0.1922765436
0.0546453205
-0.0015426765
0.1731559965
0.2473400756
0.0821093695
0.2244764675
0.1852865106
0.1167234703
0.1386653749
0.0354024131
0.2077636602
0.0914784761
0.2370359841
0.1451469203
0.2270858310
0.0578625533
0.2444796083
0.2105041682
-0.0590887043
0.1427410597
0.0043324058
0.1771373034
0.1303330445
0.2214214716
0.3655923977
0.1210022938
0.0839519690
0.1553274445
0.0177999839
0.1011109047
0.2054732303
0.2112745883
0.3110892358
0.1653849268
0.1469527322
0.2980150429
0.1936663782
0.1670714944
0.1254380408
0.2306340285
0.2886378982
0.4027794650
0.2135050683
0.2987211976
0.3226678923
0.0607865878
0.2092248159
0.1699219987
0.2814597539
0.2370825389
0.1327357131
0.0807830070
0.1023799340
0.1506074921
0.2384615365
0.2330434927
0.2974663272
0.1383953022
0.1984083978
0.2660959737
0.2930919397
0.1106337170
0.2399973497
0.2044090984
0.1832140268
0.1398255107
0.2165075631
0.1305478749
0.1121378728
0.3301750152
0.3323159624
0.2178563083
0.3519230209
0.2639886460
0.1655910471
0.1917651572
0.2819760526
0.3757362295
0.3104514727
0.4987077394
0.2497054180
0.3427889896
0.3507664601
0.2589533421
0.3794751330
0.3176619129
0.3838028318
0.4754388836
0.3291826455
0.1876447886
0.3289708037
0.3403029706
0.4305853163
0.3344017179
0.2648300963
0.4768401173
0.3333407489
0.4077061353
0.3907449181
0.3013710444
0.4672801901
0.3066898508
0.4185531174
0.3177039125
0.1576930024
0.3214039657
0.3079473504
0.3987977292
0.1500615668
0.4501178982
0.1327793203
0.4305283290
0.3062425135
0.2888297453
0.4941196092
0.3000232107
0.2187850175
0.3555146488
0.4224418819
0.4317444915
0.3535774421
0.4460726487
0.4567153847
0.3199763477
0.4130864769
0.3127430454
0.3815974014
0.3729046560
0.3189319779
0.3995790751
0.3969822512
0.2590307449
0.3552300291
0.3975031215
0.3680684544
0.4573628472
0.3313297000
0.3841709526
0.4240651241
0.4952797573
0.4463424696
0.4256218556
0.4606376737
0.4958306230
0.4578647204
0.3046536169
0.5233785421
0.5438425019
0.4899485337
0.4402762838
0.3544155170
0.4428904397
0.5075862785
0.3455937388
0.4061703983
0.4367514859
0.5710604183
0.5777058242
0.4224527089
0.3933473663
0.3757910421
0.4854878603
0.4598172372
0.5122341498
0.5176361667
0.5491063276
0.5533272676
0.4191411624
0.4539286108
0.5063728946
0.3921173307
0.4732129253
0.5015246738
0.5446237721
0.4658245818
0.3236300429
0.3666758717
0.6165512021
0.4521385758
0.5816976942
0.6131784521
0.3340378918
0.3706200472
0.5455310867
0.6777769388
0.4879070590
0.4723678068
0.3914998645
0.5638592057
0.5246977062
0.4757410384
0.4380614209
0.5526276928
0.2890730023
0.4343156580
0.5724842931
0.7465703305
0.5643227241
0.4497542749
0.5222331949
0.5082620720
0.6389444926
0.5798941800
0.4417738151
0.4287087452
0.5648366670
0.5266207997
0.5295086113
0.6060861063
0.5422626830
0.5779209698
0.7175074709
0.5946687201
0.5713467304
0.6272452117
0.5497219893
0.4114214793
0.5712881098
0.7079933754
0.6452074079
0.5071018354
0.5765441452
0.5222691895
0.5443783926
0.7595746139
0.5956033470
0.5865329017
0.7024382266
0.5316464259
0.4470851655
0.6374764677
0.6358968083
0.5691145038
0.5342030552
0.8464003022
0.7303067865
0.7290163350
0.6708759855
0.5547250485
0.7073039593
0.5652824451
0.6658348208
0.6077353129
0.6528208335
0.5581840361
0.6381357503
0.5976566336
0.6399633788
0.6061937165
0.6419756679
0.6665421113
0.6580382638
0.6951540876
0.7145046853
0.5453989968
0.5700280476
0.5881403247
0.6477206631
0.6015874689
0.6417599549
0.5761260129
0.7186691744
0.6005663419
0.6428572229
0.7417730372
0.5639655021
0.5891872604
0.6891686787
0.6225519392
0.5863104257
0.6406444601
0.5350514412
0.5215305309
0.6951480732
0.6699738661
0.8773714965
0.5874748768
0.5830691974
0.5765811526
0.6334342073
0.6544019170
0.6096061221
0.7001004998
0.6964827392
0.6896441906
0.6914675002
0.6083001544
0.7352433785
0.8703346507
0.7451414588
0.6331831862
0.7803265931
0.8348636947
0.7456661508
0.7203537418
0.7803225244
0.6994317007
0.7154372225
0.7824442641
0.7465068002
0.6515145073
0.8370733123
0.7889069494
0.8300223066
0.7340842507
0.6242115034
0.6361537971
0.5428925845
0.7856745431
0.6717983588
0.7669843409
0.8740680695
0.8461870935
0.8273500579
0.6170184180
0.7321345242
0.8479536389
0.8559390148
0.8259284568
0.7091863091
0.7501111408
0.7973075779
0.8671649227
0.6323148311
0.7883803545
0.8066866679
0.7569965217
0.7767595339
0.7090724095
0.7501277152
0.7226619090
0.7508313616
0.8587894036
0.7793010557
0.7204521865
0.8496227662
0.8019518044
0.8492473317
0.7489947388
0.9401030843
0.8754970640
0.8427354419
0.7527562454
0.7209895163
0.8341523028
0.8819104408
0.8744808850
0.6813822662
0.7235355644
0.7443212906
0.8106579630
0.6820808725
0.8011255645
0.8290749590
1.0134877701
0.8783757018
0.8030699225
0.8182744977
0.9937243657
0.8516292079
0.8976992814
0.8875390327
1.0121925153
0.6722495053
0.9182976236
0.8029848683
0.7940917986
0.9219743631
0.7706559168
0.8181762422
0.7926702850
0.9151218346
0.9642647983
0.8548858332
0.7819398538
0.8392975706
1.0047173603
0.9133795432
0.8798493733
0.9975708707
0.9168663966
0.8937816005
0.9355158006
0.7635018068
0.7576522253
0.8983450153
0.7790629434
0.7668804555
0.8177520383
0.6785768498
0.8988946287
0.9658109589
0.9872127567
0.9381012553
0.8608635377
0.9613934120
1.0583567081
0.9087762844
1.0402566670
0.9246125621
0.9248172345
0.9218741208
0.6946200774
0.8999078528
1.0888826032
0.7704044924
0.9515136367
1.0176307711
0.8034356678
0.9589801168
0.9430961378
1.0091843577
0.9613027643
0.9572148085
0.8928360423
0.9902866255
0.9714451820
1.0737482486
0.9365769806
1.0160729000
1.0157298515
0.9784046166
0.9172300648
0.8599853647
0.8639377526
0.8198091287
0.9644887680
1.0460355589
0.9137192056
0.9336727225
0.9912807767
0.9305681399
0.9302889490
1.0070214022
1.0929872469
1.0608823595
0.9801880597
