-1.0705296120
-0.8827363387
-0.8462517432
-0.9495368098
-0.9437415444
-0.9809085321
-1.0508323668
-1.1407619089
-0.9329013667
-1.1302568527
-0.9672918168
-0.7951580893
-1.0253438471
-1.1239550801
-0.9874014923
-0.7650871654
-1.1182147082
-1.0708708813
-0.9405086569
-1.0195917186
-0.8702565211
-0.9625750462
-0.9705848724
-1.0034414844
-1.0495000801
-0.7741433994
-1.0662964303
-0.8605144036
-0.9516601868
-1.0436581616
-0.9649223842
-1.0818581228
-0.7241112796
-1.0331939075
-0.9205761308
-1.0008049000
-1.0501192824
-0.8942396330
-0.9448041710
-1.0021161178
-0.8416167232
-0.8877010569
-0.9741223216
-0.8572748565
-0.9442162325
-0.9039523472
-0.9629023623
-0.8249230662
-0.9251777262
-0.8383761988
-0.6977261869
-0.8461597481
-0.9362698718
-0.9081676364
-0.9960209324
-0.9980633268
-0.9756790509
-0.8325163560
-1.0734362637
-1.0072892710
-0.8281765880
-0.9343149150
-0.7109640585
-0.9344003366
-0.8336230729
-0.8122045228
-0.7522740300
-0.9769807513
-0.9340950930
-0.7896987488
-0.8200178121
-0.9501508259
-0.9058998524
-0.9553061796
-0.9417839245
-0.8726765249
-0.8681247945
-0.7958876321
-0.8609355676
-0.7952712020
-0.8988472907
-0.8898717540
-1.0810107347
-0.8894466091
-0.9131117313
-0.7167694949
-0.6508148113
-0.8954163705
-0.7137913043
-0.6834660700
-0.9740314681
-0.6963092804
-0.9035688352
-0.7844553069
-0.9043274579
-0.8122165617
-0.8478173996
-0.7986339687
-0.7411122777
-0.7464441965
-0.7513726951
-0.6532581609
-0.8500176818
-0.7347944101
-0.7493035771
-0.7195305815
-0.5496635655
-0.8027570395
-0.7584717918
-0.8112825869
-0.8255217293
-0.7758552713
-0.7357321685
-0.7332771213
-0.7956598722
-0.7768120362
-0.7700319305
-0.5714006924
-0.7256630894
-0.7554438598
-0.7837768032
-0.6102142834
-0.7201130370
-0.6338351135
-0.7902689279
-0.7719881728
-0.6618487686
-0.7371269343
-0.6226714333
-0.5734817638
-0.8771312941
-0.6922707802
-0.7778796213
-0.7151821293
-0.7851590426
-0.6368181432
-0.5504645361
-0.7285495598
-0.8926137651
-0.8135018803
-0.7274337599
-0.6719193200
-0.7059659156
-0.7071331650
-0.7097305213
-0.7166543842
-0.7242991637
-0.6112886338
-0.8100145706
-0.7696422645
-0.7694237881
-0.6627734846
-0.7534703189
-0.6212854888
-0.6897594533
-0.8556147612
-0.7090948166
-0.7196529510
-0.6079093833
-0.6487328730
-0.5956112762
-0.6016630877
-0.8125282590
-0.7817262947
-0.8211973082
-0.6997909620
-0.6333649827
-0.6464283652
-0.7113312015
-0.6004580112
-0.6957226474
-0.6129305125
-0.5635695181
-0.6914289022
-0.6517166200
-0.7340153955
-0.5181487070
-0.7385950883
-0.7661296293
-0.5272687328
-0.7100065822
-0.6594043799
-0.6396452121
-0.6698759422
-0.5605123526
-0.6497028882
-0.5723236294
-0.5535431795
-0.6550575805
-0.7486978718
-0.6372187350
-0.5057627398
-0.6349018677
-0.5370627447
-0.6567649077
-0.5236067426
-0.5848866807
-0.6647784166
-0.6688201147
-0.5917995100
-0.6059871743
-0.6753130933
-0.6921910565
-0.6341193027
-0.5726043867
-0.5476629536
-0.7315094102
-0.6051767756
-0.6388582145
-0.6095794011
-0.6874137053
-0.7337881850
-0.6625147626
-0.6054523884
-0.6677246495
-0.6918757485
-0.4480944874
-0.6071279832
-0.4824384079
-0.5945746283
-0.4416048273
-0.6322863414
-0.6211818600
-0.5683832476
-0.5694423796
-0.6271642194
-0.5700120776
-0.3657764403
-0.6688914477
-0.4620565766
-0.5717756791
-0.6301205819
-0.6395386126
-0.5720302659
-0.4731692174
-0.5124828582
-0.5644604231
-0.4866263831
-0.4731381788
-0.5837290875
-0.4605640860
-0.7788558540
-0.3477099021
-0.5093453579
-0.4773160997
-0.5584062771
-0.4609531223
-0.5701115018
-0.5750221590
-0.3675680467
-0.5351679105
-0.6028976374
-0.4434484195
-0.6292045219
-0.3659743154
-0.4535608212
-0.5197658409
-0.5192444921
-0.3376746878
-0.3919390640
-0.3503760719
-0.5073920222
-0.4960537187
-0.4443113099
-0.5606299459
-0.3315334425
-0.2513225004
-0.4226748606
-0.4633352540
-0.5728990874
-0.3197506974
-0.5350386007
-0.4526365144
-0.3915811132
-0.4994035334
-0.3518282558
-0.5385540431
-0.4512567729
-0.5051501879
-0.6111229173
-0.4617791510
-0.3198292903
-0.4782866424
-0.4900719799
-0.2804551392
-0.3498955209
-0.2267455924
-0.4250146174
-0.5065424378
-0.4538416908
-0.4152554531
-0.4778932278
-0.4300653592
-0.3882072339
-0.2961651059
-0.4338191321
-0.4512792784
-0.4384612844
-0.3757440159
-0.5404129777
-0.2446059829
-0.3853999905
-0.3643866802
-0.2624055005
-0.4942068939
-0.3840156547
-0.3969092998
-0.4849077962
-0.3582670123
-0.1120247059
-0.3561715207
-0.3573735407
-0.3718888324
-0.3946289622
-0.4541906004
-0.4647916334
-0.2178396824
-0.3677670231
-0.3834141721
-0.3477618907
-0.3874152597
-0.3578624637
-0.3251997941
-0.2061432552
-0.3488009598
-0.5512853600
-0.2614449370
-0.5222082780
-0.2882335624
-0.4837220154
-0.4268972189
-0.3568168216
-0.4253613674
-0.3835888443
-0.2891487426
-0.2117269938
-0.3119713234
-0.4224051795
-0.2824633157
-0.3357469486
-0.2497489204
-0.2484365010
-0.4437891088
-0.4154372988
-0.4359605439
-0.3123585584
-0.4235481245
-0.2863948009
-0.3156665608
-0.1220609674
-0.3162013311
-0.2917423285
-0.2006139181
-0.3099629859
-0.4444121589
-0.2871146650
-0.2008971171
-0.3850358112
-0.2804857596
-0.4669491446
-0.2934504760
-0.2407510026
-0.1573705785
-0.4292024441
-0.2705267868
-0.2083379715
-0.3823446972
-0.3810307272
-0.2653795461
-0.2375766221
-0.3116476313
-0.3518952640
-0.1925912181
-0.1068737966
-0.4293401942
-0.1812143638
-0.3070059967
-0.2718336906
-0.1744840709
-0.2593304264
-0.1593545498
-0.2465355213
-0.1999769316
-0.3957453035
-0.1966451585
-0.3948273812
-0.3162176451
-0.4410963708
-0.2468680839
-0.2143778665
-0.0809107991
-0.2186614692
-0.3104622374
-0.2403863591
-0.2146518098
-0.1431158836
-0.0705305823
-0.2269234483
-0.2703651395
-0.1966591618
-0.1854034686
-0.1762182743
-0.1939832453
-0.2412951440
-0.2428439772
-0.1415631147
-0.2185563619
-0.2251662683
-0.1151487965
-0.1860726353
-0.2536334437
-0.1791744067
-0.2237282773
-0.1345613480
-0.2447644427
-0.0700431949
-0.1598339717
-0.1303834526
-0.0923150200
-0.2419426638
-0.1732889114
-0.0221023784
-0.0382682511
-0.2071031446
-0.1166151814
-0.1064501208
-0.1692294907
-0.2072057838
-0.1786863475
-0.1494095980
-0.2242081991
-0.0266954733
-0.0575214912
-0.0195807078
-0.0326110388
-0.1396415746
-0.0345289688
-0.0995007965
-0.0808484762
-0.0811426102
-0.0388913805
-0.1548295378
-0.1153414142
-0.0110393924
-0.2507981302
-0.1230936999
-0.0465844985
-0.1359282171
-0.1386299430
-0.0712904793
-0.1615273639
-0.0133320359
-0.2535820829
-0.1168869703
-0.1082047494
-0.0275844455
-0.1361473809
-0.0955753710
-0.0609057967
-0.1552151798
-0.1384863632
-0.0924899531
-0.0926753717
-0.2037653145
-0.0480670440
-0.2034262954
-0.0993792641
-0.1075540929
-0.0631990653
0.0998338273
-0.1758661333
-0.0535131963
-0.0634995917
0.0226565985
-0.0235868977
-0.0316930542
-0.1667604851
-0.0488203922
-0.0247981196
-0.0796270354
0.0704727026
-0.0906402812
-0.0661653600
-0.0858983696
0.0946874637
-0.3072443795
-0.0653276973
-0.0653914932
-0.1130809133
-0.0273292058
-0.1254013794
-0.0013909042
0.0166687223
0.0398419073
0.0639758549
-0.0426695139
-0.1325643663
0.1259088213
-0.0183900030
0.0642209289
0.0418078574
-0.0281549009
0.0207917152
-0.0435369697
-0.0195368682
0.0636038113
-0.0229138465
-0.1457366907
0.1663968726
0.0077058639
0.1700246276
0.0660968475
0.0788928109
-0.0701109350
0.0495590745
0.0147030073
-0.0017508828
0.0887084664
-0.0745101867
0.1474417040
0.0391131420
0.2424777111
0.2486587096
0.0859942269
0.1245619303
-0.0331858520
0.0710427677
-0.0558361563
-0.0397627903
0.1343454848
0.0254229249
0.0775934462
-0.0037618043
-0.0402310805
0.0294769434
0.1077681768
-0.0306524699
0.0251297327
0.0776939681
0.0935340824
0.0140413770
0.0755807717
0.0908918311
0.1487265083
0.0348526136
0.0431066428
0.0874337025
-0.0220424834
-0.0240577197
0.1820280036
0.1771447892
0.1747281795
0.0848441893
0.0272131225
0.0550604334
0.1499244031
0.1780030014
-0.0002936965
0.3843450715
-0.0221090856
0.1265104512
0.2539715187
0.0276608351
0.2434520092
0.2302097228
0.0887982958
0.1648687698
0.2580754174
0.1407868580
0.2245965349
0.1552425738
0.1455061280
0.0989609761
0.1328367768
0.2791393300
0.1486429054
0.2298584035
0.0574183658
0.1848792171
0.1290334325
0.1694156244
0.0976510756
0.2083333287
0.2217497532
0.1089759330
0.0645431785
0.1751877021
0.2868830891
0.2024070327
0.1392845415
0.2020284369
0.2861798972
0.0404380969
0.0915943977
0.2195669705
0.0974546836
0.1828398205
0.2854499471
0.1786050922
0.1593747263
0.2492561548
0.2349892492
0.1511481430
0.1350545179
0.0922012782
0.3624850930
0.1373895197
0.1537992868
0.2719791243
0.3614768136
0.3677436602
0.4230153281
0.1639079951
0.2307351508
0.0411641013
0.4149792600
0.1944270713
0.2063330402
0.2187582027
0.2256265346
0.2674365165
0.2015639618
0.2656469212
0.2182904654
0.2504418929
0.4164461054
0.1696853887
0.2373740404
0.1594585506
0.1813428482
0.3098475950
0.3280204832
0.2477689303
0.1615373209
0.3473109949
0.3428244425
0.1859228107
0.3399259172
0.2895892830
0.2101000699
0.3188829663
0.1573495728
0.3558404818
0.1614606499
0.1952915023
0.3699056507
0.2978993488
0.2547097602
0.2519629800
0.2709752607
0.4802380741
0.3524286656
0.4358747572
0.3132100589
0.2863483165
0.2898257083
0.2408725524
0.3998011875
0.3079797061
0.1983139200
0.2809454860
0.1928309420
0.4359460852
0.3586945224
0.2826676180
0.3251818813
0.4048457879
0.3592124486
0.2194717967
0.1341595207
0.1749254343
0.3595707196
0.4638133473
0.2640431196
0.3614609382
0.3269130306
0.3608887630
0.4136190800
0.5090378108
0.3910961316
0.3575527939
0.2491635055
0.4079736704
0.4916820025
0.4639668953
0.3473424092
0.4500280400
0.2795111198
0.3617469201
0.2526764726
0.2897289351
0.3559169377
0.3235068381
0.3771587820
0.2307910543
0.3700978890
0.3172286980
0.3802433608
0.3635312052
0.4161155940
0.4397795062
0.5323621070
0.4542398076
0.2708612854
0.3696741178
0.3775287923
0.5321052735
0.4107657520
0.4165783123
0.4277009002
0.4529444831
0.4575503648
0.4012659355
0.6081662192
0.4561931175
0.3386130412
0.2752476037
0.3759074339
0.3832664486
0.4551955970
0.4881334618
0.4966461366
0.5000201238
0.3395615949
0.4979843987
0.2751974037
0.3721262983
0.5687620142
0.5621350011
0.5781269554
0.3044213191
0.4640976630
0.3684845837
0.5468828053
0.3478576969
0.5190111494
0.3379301550
0.4610293099
0.3073634424
0.3993416540
0.4605625394
0.4738131895
0.2993483999
0.3998003631
0.4452486144
0.5966093884
0.5614328094
0.6042115361
0.5465778580
0.4295767432
0.6436599275
0.5198187213
0.4425476107
0.4994056458
0.3811195950
0.4509023651
0.4813034752
0.5256958886
0.5089987225
0.6857709897
0.4816523774
0.6106773760
0.5619539480
0.5123849255
0.5026445977
0.3526544520
0.4002930913
0.5725476952
0.4746437235
0.5157093543
0.3802846443
0.5518184830
0.4876599453
0.4995638467
0.7033159056
0.4921972503
0.4964668808
0.5343184490
0.5907489823
0.5439041356
0.6430507651
0.5231099010
0.6720589564
0.5441057914
0.5656840154
0.6307476043
0.5304707215
0.5494341768
0.5716203618
0.5570140913
0.4493645091
0.5355305654
0.5557410142
0.6086068458
0.5404615796
0.5857676548
0.6028530808
0.7051791145
0.6461646713
0.6908384381
0.6085814742
0.5532409373
0.6130279279
0.7396706847
0.6594931091
0.5408436861
0.7327191736
0.6579238662
0.6960225358
0.6488011623
0.6374796231
0.4819772843
0.6550782055
0.6916466634
0.8060563565
0.5195599493
0.6406786927
0.6865930665
0.7171042857
0.6692803818
0.6165539135
0.6892422081
0.7702647338
0.6176356091
0.7010701276
0.6819877145
0.5299902516
0.7350325564
0.6567428547
0.6748542617
0.6191699429
0.6349169630
0.6240548784
0.7599623025
0.7015933338
0.7579873603
0.7470508686
0.6304653798
0.6258857836
0.4979154596
0.7182173645
0.7288204850
0.8218353086
0.7220688655
0.6469736286
0.6363400735
0.7189440472
0.5661394810
0.4988623217
0.4694182724
0.7350698983
0.7268550784
0.6553378783
0.6301696316
0.4909622784
0.7183098682
0.9097544222
0.7113044947
0.7634629190
0.7958685489
0.7394972831
0.6683314374
0.8050240194
0.8342892220
0.6796120648
0.6267524669
0.6689385892
0.6771095874
0.7808695649
0.7199788200
0.7960753622
0.6940046766
0.6905580405
0.7067213134
0.6361287272
0.6436834895
0.8309271469
0.8170115839
0.6856832647
0.7224969313
0.7016391212
0.8030550005
0.6837191818
0.7888709713
0.7799047332
0.7030239448
0.6882576164
0.8421485355
0.7357476151
0.7617555403
0.8739087500
0.6132143959
0.8807976845
0.8351888303
0.8572858003
0.8259702689
0.6997469023
0.6902435928
0.8473816353
0.7396565343
0.7591087881
0.6970767983
0.7216532251
0.7405477506
0.7159769770
0.8716797576
0.8287903172
0.8061647294
0.7663324691
0.8572407777
0.9312065736
0.8627788752
0.8495579271
0.8878719893
0.8996376081
0.7324290081
0.9195672742
0.9211587882
0.7744283761
0.8452346319
0.8529705481
0.7718904118
1.0125510907
0.8799746982
0.7755182294
0.8585017581
0.7504385770
0.7466993558
0.8371367407
0.7993075389
0.7567555169
0.8700896231
0.8912387508
0.8962650359
0.8183977488
0.8637782036
0.9151989038
0.9069240446
0.9230867411
1.0013909380
0.8449779367
0.8760553822
0.8826517340
0.8235427706
0.9417799797
0.8168664591
1.0411426194
0.8584568709
0.8775011150
0.8550068928
0.9538597319
0.9448601431
0.8948971828
0.9444097800
0.8600996444
0.8017243026
0.8511834923
0.8460434235
0.6730527819
0.9099237470
1.1056162402
0.9932941002
0.9720782915
0.8893218277
0.8960621791
0.9495616691
0.9767744142
1.1540050669
0.8040519847
0.9550065798
1.0143832537
0.8715612947
0.8731720569
0.9392849084
0.9112596411
0.8750044183
0.9239372146
0.9294555616
0.8107999857
0.9990845180
1.0062464016
1.0495679635
0.9965635927
0.9990853594
0.8198631596
1.0122485954
0.9935234910
1.0707228186
1.0166983555
0.9138555257
0.8668442253
1.0707387063
1.1903441543
0.9455476674
0.8353678489
0.9128837453
0.9403913324
0.9260512031
1.0026467105
0.9331063379
