-0.8953369631
-1.0153094689
-1.0005557965
-0.9236683189
-0.9431439661
-0.9419701411
-1.0383656464
-0.9204256833
-0.9626476206
-0.9913235610
-1.0274610425
-1.0030098486
-1.0791123177
-1.0087679313
-0.9569871407
-0.9652624484
-1.0132965124
-1.0267575138
-0.9061745165
-0.7448826301
-1.0030415375
-0.8790877016
-0.9304778332
-1.0026389024
-0.9198894565
-0.9049611654
-0.9807141134
-0.8142197309
-0.9895985311
-0.9022215801
-0.9801935807
-0.8590622809
-0.7927975013
-1.0680272014
-0.8783351990
-1.0157518832
-0.9187564283
-0.8432563760
-0.7705636933
-0.7923278601
-0.9088449325
-0.7691693203
-1.0116293502
-0.9327973225
-0.9142274061
-0.7112259257
-0.8352993548
-0.8643280666
-0.9485442016
-0.8071362226
-0.7845764026
-0.8997339917
-0.9412736160
-0.8444330990
-0.8841648054
-0.9736128276
-1.0494757174
-0.8150999900
-0.9468028274
-0.7728732056
-0.8364291862
-0.9738843024
-0.8491086895
-0.8093994450
-0.9188923358
-0.9112206681
-0.8537668302
-0.9003643293
-0.9003509572
-0.8267980885
-0.9401883341
-0.7493532022
-0.7279242503
-0.7600775259
-0.9702777745
-0.9584814431
-0.8099355484
-0.8419244873
-0.8276055120
-0.7767102690
-0.8074891486
-0.7391756485
-0.7910667218
-0.9897184747
-0.7236348543
-0.7292604390
-0.7976358050
-0.9533476825
-0.9514744775
-0.7927599334
-0.8356260413
-0.5538331307
-0.6457007330
-0.8887361437
-0.9292360256
-0.7697341548
-0.7984547666
-0.8034478898
-0.8275009518
-0.8361129053
-0.8681192752
-0.8233853542
-0.7490743908
-0.8457812949
-0.8361419738
-0.8187434077
-0.9082742382
-0.9606305473
-0.8951340709
-0.7246290791
-0.8320712694
-0.8481783048
-0.7521411528
-0.8069066441
-0.8353495177
-0.6907412234
-0.6679157538
-0.6096062324
-0.8118915966
-0.6060502794
-0.6124761017
-0.7043878732
-0.8071019604
-0.6738253004
-0.7271166592
-0.5716621329
-0.6144905379
-0.5997466482
-0.9132027563
-0.7290309227
-0.6981729780
-0.6889629040
-0.7047419769
-0.7305476317
-0.7201171998
-0.7845577426
-0.6326138565
-0.6959680751
-0.7109782612
-0.6574336311
-0.7902665851
-0.6864300331
-0.7282644694
-0.8144598385
-0.6422233663
-0.7759301690
-0.6895506192
-0.7281262473
-0.7879524634
-0.5369359094
-0.7096361200
-0.7962935846
-0.5852433194
-0.6725621921
-0.6322892938
-0.6557337677
-0.7225051018
-0.5982448040
-0.6953555325
-0.7947486266
-0.7842579223
-0.6138230709
-0.5238212269
-0.6783174831
-0.5941518357
-0.7405515154
-0.7209185143
-0.6777616626
-0.5930930694
-0.7761827664
-0.7395861146
-0.6777776404
-0.7046245569
-0.6493196051
-0.6136001110
-0.6846288625
-0.6389184101
-0.6494529570
-0.6721209893
-0.5766484976
-0.6402773503
-0.5239618062
-0.7006907095
-0.5904594063
-0.7123018099
-0.7405947451
-0.5462380382
-0.6384755847
-0.5717876726
-0.6820821652
-0.6995666743
-0.6894477641
-0.6843080848
-0.6932141888
-0.6605993052
-0.5862512078
-0.6377332609
-0.4592318570
-0.6083728646
-0.5904135221
-0.5238384692
-0.5320299252
-0.4882390990
-0.5290613488
-0.6004945607
-0.5663518847
-0.6797188597
-0.5060015744
-0.5584653206
-0.5352469514
-0.8207559128
-0.6620113939
-0.6092643077
-0.5951552931
-0.3901733344
-0.4636291056
-0.5307196243
-0.5217117560
-0.5453749179
-0.6182675544
-0.6294918554
-0.6340514985
-0.4682646585
-0.5330916461
-0.6136318791
-0.4826351370
-0.6384742365
-0.5072154377
-0.5835447236
-0.5130671717
-0.3228039318
-0.5986460203
-0.5824357860
-0.5828273740
-0.6175000901
-0.5025787380
-0.4962248414
-0.5051620485
-0.5392228297
-0.5075924020
-0.5699396289
-0.6064785654
-0.4659328782
-0.5170641189
-0.5022750357
-0.5372266593
-0.5489142545
-0.5468165001
-0.4694979356
-0.5341570069
-0.4493028825
-0.5471312667
-0.4648865147
-0.5051522535
-0.5465865252
-0.5001420691
-0.3039792049
-0.4510997119
-0.5647235627
-0.4120211867
-0.3676797133
-0.4776363029
-0.4521429810
-0.3901824336
-0.5276445325
-0.5930592497
-0.5141188171
-0.5168670651
-0.3933301836
-0.3807541105
-0.3700951225
-0.3734380260
-0.4202346836
-0.4279205417
-0.5592423455
-0.5256922448
-0.3892560111
-0.4398983817
-0.4349455040
-0.3653213912
-0.3014894385
-0.5511325879
-0.3520748740
-0.3497430170
-0.4711081536
-0.3934070974
-0.3905387947
-0.3981200387
-0.4606792166
-0.4066761123
-0.5003929645
-0.4950596549
-0.5271452308
-0.3773361172
-0.5529011405
-0.3131511120
-0.3299051706
-0.4305721191
-0.2736749261
-0.3661421154
-0.3815716399
-0.4361768529
-0.4372364338
-0.3287133172
-0.2799433843
-0.4469982025
-0.3615854689
-0.4416871881
-0.3626170475
-0.3162411314
-0.4742855554
-0.3942824084
-0.4834867865
-0.3453380345
-0.3608283020
-0.2911261141
-0.5251208111
-0.2737785503
-0.4103070130
-0.2060608870
-0.2818067269
-0.3315842278
-0.2344626694
-0.2769158032
-0.2781950012
-0.3920402099
-0.4085975326
-0.5294534145
-0.3425762710
-0.2868302215
-0.2631850568
-0.4398618778
-0.3630107884
-0.4283569738
-0.3356491513
-0.2225846443
-0.3969814319
-0.3211937534
-0.2638815675
-0.3219989835
-0.3202050555
-0.1838236256
-0.2228372922
-0.1258491888
-0.4598096035
-0.3718585323
-0.3024825162
-0.3217965803
-0.2861028527
-0.3086889475
-0.2825555917
-0.3632720072
-0.2167413165
-0.1959982179
-0.3666473974
-0.1938373615
-0.4232744949
-0.3290570887
-0.3756563001
-0.2887900482
-0.3089731389
-0.3227268397
-0.2061733576
-0.3608532851
-0.4700322139
-0.4396860788
-0.2521821844
-0.3189982852
-0.1060329425
-0.3068710056
-0.1966369843
-0.2265228763
-0.2309429500
-0.2244294856
-0.2888742062
-0.1933918926
-0.2516144872
-0.3267352546
-0.2096566088
-0.2146445218
-0.3468371164
-0.0987316489
-0.3194982660
-0.4033658477
-0.3276001955
-0.2615319735
-0.1524952589
-0.1270173189
-0.1283458908
0.0010880905
-0.2931340362
-0.3367641362
-0.1509987969
-0.3034594719
-0.1562543320
-0.2277694662
-0.2020513688
-0.2659621826
-0.2717767917
-0.3345244086
-0.2738441653
-0.2022326265
-0.0751090403
-0.1645943635
-0.1171398199
-0.1310117984
-0.3281770507
-0.0152236938
-0.1806124850
-0.1304323405
-0.1885054447
-0.1218380835
-0.0852554440
-0.0618858045
-0.2567754008
-0.2497412539
-0.1026207719
-0.3111151437
-0.1812657887
-0.2102644517
-0.3243474519
-0.2213223581
-0.0844596527
-0.1261554759
-0.0355509878
-0.2034074565
-0.1946759131
-0.0768024356
-0.1080334484
-0.0841763192
-0.1458061440
-0.1490905188
-0.1071059511
-0.0802514592
-0.0275313393
-0.1647905473
-0.0617928752
-0.0111796549
-0.2346338582
-0.0599898904
-0.0298319194
-0.1159903359
-0.1063690793
-0.0269623877
-0.0090658856
-0.1466613061
-0.0709682991
-0.0877757845
-0.1577868625
-0.0202749709
-0.0298375316
-0.1024060091
-0.1539870666
0.0048678607
-0.1275716242
-0.0792430988
-0.1375236174
0.0027936228
0.0203769706
-0.1296896637
-0.1204117917
-0.1022526113
-0.1349492305
-0.1438248863
-0.0972057318
-0.1172282592
-0.0297342055
-0.0337870342
-0.0858535529
-0.1303737897
-0.1808212552
-0.1380087188
-0.1274475834
-0.1548153153
-0.1175279660
-0.0312668135
0.0103273816
0.1020541047
-0.0449953313
-0.0051329170
0.2307640165
-0.0156319173
-0.0021779303
0.0577105247
0.0024565031
-0.1685286460
-0.1620303765
-0.1306856759
-0.0300766105
0.0674987984
-0.0852363742
0.0687262275
0.0022770136
-0.0056510721
0.0675084475
-0.0371596511
-0.0105750825
0.0195381669
-0.1191016782
-0.0927782548
-0.0858152620
0.0421593259
0.1302343764
-0.0402484215
-0.0803370592
0.0453599062
-0.0980973104
0.1129771533
-0.1605787649
0.0366023680
-0.0212211514
0.1781265138
0.0146928699
0.0391774511
0.0321743615
0.0982607033
-0.0197327820
-0.1450532593
0.1157460092
-0.1355885844
-0.0428327097
0.0139492520
0.1169229046
-0.2342183122
-0.1181596363
-0.0075201601
-0.1043253338
0.0872447389
-0.0673066221
0.0384048508
0.1129343065
-0.0455729279
-0.0367896526
-0.0835692771
0.0786763789
0.1028258854
0.0313893051
-0.0127077096
0.0092367635
0.0844932186
0.1129176943
0.1082428063
0.0931933641
0.3452644957
-0.0829965542
0.2328824631
0.1572184061
0.1506022681
0.0405444236
0.0909880137
0.1775712844
-0.0109776228
0.0631570046
-0.0428015027
0.1243575633
-0.0860717130
0.1440081593
0.1431659989
0.1185695865
0.1006213236
0.0883905948
0.1258340699
0.1609284918
0.1495477606
0.0891500325
0.1125320728
0.1300881934
0.0654831949
0.1532533822
0.1323815179
0.2907416110
0.0292579448
0.1970988472
0.1439851289
-0.0057737811
0.1551803131
0.0369007159
0.1594582310
0.2082228202
0.2512003746
0.1156196459
0.2021656939
0.1902262165
0.2189392774
0.0826204783
0.1148603383
0.2546183328
0.1821641097
0.0708644895
0.1626030088
0.2349952533
0.3276292944
0.2586609278
0.1706251598
0.2451068589
0.0623847130
0.2368236049
0.2943535149
0.2580596235
0.2021714622
0.0380044744
0.2669310813
0.1657807941
0.3050946285
0.2792203614
0.1487813431
0.2075079074
0.3023147980
0.0938533192
0.2612450826
0.1366836132
0.1384417941
0.3191925521
0.3170434610
0.2364973489
0.2000012027
0.2572011285
0.0827539887
0.2656245196
0.3708147127
0.3766903689
0.1132835740
0.3992984142
0.2118291020
0.3022935814
0.2060866622
0.1719448461
0.1354962011
0.2245069921
0.2765078831
0.4008504351
0.2517139157
0.1327954603
0.1787679903
0.3251287354
0.2729108943
0.3657668663
0.2937824022
0.3418948504
0.2623977029
0.2702351194
0.1392267531
0.2509364152
0.1497925058
0.3083419953
0.4243929517
0.3705375105
0.2074466583
0.3554416737
0.4544664407
0.1856704853
0.2992799805
0.1547315855
0.2721548883
0.1847118350
0.2387999345
0.3488406256
0.2493803200
0.3270231700
0.2805017578
0.3094251372
0.3991072321
0.2792830781
0.2099536363
0.2563567491
0.2821806052
0.3195173375
0.3404908034
0.2259882801
0.3207578951
0.4231556893
0.2909222391
0.3623783748
0.2951674377
0.2345493837
0.3277437640
0.4456181485
0.3045804448
0.3371702605
0.3902693143
0.3800441795
0.3084333493
0.2805657313
0.3206500329
0.4280468733
0.3706611453
0.4447682152
0.3807929020
0.5052144425
0.3974503797
0.3188706235
0.4330645131
0.3252587092
0.3904310959
0.1948168294
0.4200163272
0.4214722265
0.3555161301
0.4889170113
0.3198947225
0.3941551678
0.3653846162
0.4977137131
0.4211042400
0.3045455439
0.5160731014
0.3847127033
0.3683800322
0.4418831382
0.4136242818
0.4340139851
0.3784451945
0.3410240265
0.4352261637
0.3697462009
0.2664267280
0.4481265296
0.4148041818
0.4257835538
0.4175677662
0.5159575834
0.4026253599
0.3922986038
0.5942570416
0.4990151274
0.4893512785
0.4756024492
0.4963127608
0.5253112944
0.3890229386
0.4648405423
0.5171739002
0.3255564808
0.5347506830
0.6115859307
0.5430222374
0.3184859171
0.4222042448
0.5134741364
0.5516162123
0.6251333169
0.5311984756
0.5371964379
0.4279235228
0.3861911772
0.5177749830
0.5685320083
0.4932506342
0.6425110101
0.5705567780
0.3925288400
0.6731524905
0.5077147312
0.4961441477
0.5575758081
0.4779585683
0.5309427612
0.6581022946
0.5360850343
0.4126391035
0.5514422480
0.5687883176
0.5389032819
0.5880558658
0.5468921369
0.7466209890
0.5149925222
0.5473297134
0.3783595376
0.5103896422
0.4619486548
0.5319373274
0.5748710904
0.5634158311
0.3908882183
0.6285004580
0.5739659477
0.4728475329
0.7221620427
0.6228934604
0.5929671766
0.7266355271
0.5247068874
0.5747453350
0.5760990504
0.4698706347
0.5899573893
0.5964241035
0.6546732081
0.6830590029
0.5430069024
0.4388926195
0.5607544988
0.4982196206
0.4692658410
0.6768099188
0.4157829087
0.5293585606
0.4474969476
0.5920049636
0.6430901551
0.5785323020
0.6559035889
0.6705150010
0.5083564755
0.5670743556
0.6896581805
0.5870392151
0.5610854044
0.5614015617
0.7441277930
0.5770077760
0.5642682245
0.6523561296
0.6646638761
0.4622887862
0.6250111786
0.6221256788
0.6407008862
0.7994093203
0.4648890407
0.5951839463
0.7298011114
0.7852048832
0.5731201723
0.5453972363
0.5837479984
0.8793054054
0.6450956394
0.6480665612
0.7374498345
0.5406778949
0.7309641003
0.7238949234
0.6446672687
0.6576491568
0.6802442655
0.5745177860
0.7223667423
0.7724167818
0.7361354527
0.6433870651
0.5804278864
0.6849200046
0.5579259283
0.7636379680
0.6741748781
0.7053073188
0.7374398019
0.7992217262
0.6891888874
0.7567814786
0.6355491665
0.5586961092
0.7054131601
0.6178925095
0.7015190336
0.6219677083
0.7503056948
0.8040023323
0.7350354144
0.6557484286
0.6397960331
0.6465090428
0.8198514922
0.7494340261
0.8613480903
0.9403644522
0.8194406628
0.7654677590
0.6646925031
0.7122542183
0.6175238389
0.7245462907
0.8494097708
0.8485550022
0.8205506058
0.6652603502
0.6511128913
0.8436820405
0.7929379852
0.7392493447
0.7780216892
0.7656059763
0.8248121118
0.6948134530
0.9162554801
0.8305367912
0.8410572538
0.7272897513
0.7893486131
0.9525706954
0.6943287072
0.7503207249
0.8094087585
0.8037483482
0.6721271401
0.8022659314
0.7897183705
0.8339973943
0.7235147916
0.6974849144
0.8142001362
0.7869728489
0.7957052736
0.9496053840
0.7725198622
0.8496381000
0.9094593257
0.8124407882
0.9229622084
0.7655352060
0.9225083709
1.0083206458
0.8000538851
0.8011713517
0.8052264164
0.9077638627
0.8797183992
0.8187532289
0.8329136067
0.7915677570
0.8838242714
0.8273340082
0.8618218217
0.9358975456
0.8737292937
0.7847904893
0.9503063232
0.8475697656
0.8256657164
0.7496722604
0.9973613367
0.7816813432
0.9156478629
0.8559579391
0.8547091701
0.9321575095
0.9823474827
0.8687913089
1.0101577934
0.8372203324
0.8338254946
0.9181420444
0.8022754686
0.8960809005
0.7266248169
0.9431556203
0.9856098694
0.8169351100
0.8325778300
0.9605755979
0.8892456949
0.9429520595
0.9190821236
0.8021557170
0.8513318405
0.8436057964
0.8297713518
0.9585987445
0.9372494729
1.0102384837
0.8844885991
0.8788438689
1.0518776164
1.1008699658
0.9665836631
0.8993289203
0.8664874630
1.0197880251
0.8994350062
0.9602714737
0.9135958256
0.9137724445
0.8850817899
0.8906226452
1.0070318674
0.9944790836
0.9284612773
1.0604094147
0.8711140180
0.9330161054
0.8661718754
1.0512699782
0.9435935335
0.8938370174
1.0010391457
0.9567093318
1.0025193171
1.0208621673
1.0549449800
1.1171991383
1.0534720714
0.9972777678
1.0510985421
0.9014297682
1.0940110377
1.0467260391
1.0334433904
1.1102945987
