-1.0240924681
-0.9659245761
-1.0167240568
-1.0724121831
-1.0076381895
-1.1506875196
-1.1218184007
-1.0122787923
-1.0495336146
-1.0445393939
-0.9232351358
-1.1239927016
-1.0639209953
-0.9426353693
-0.9388885150
-0.8665788058
-1.0522438718
-1.0290375688
-0.9901283340
-0.9390248199
-0.9607821669
-0.7878883669
-1.0391492839
-0.9165444977
-0.9082581290
-0.9251797679
-1.0424866946
-0.9930251806
-0.9725237302
-0.9865232834
-0.9052440954
-0.8930292895
-0.9585827901
-0.9252111779
-0.9696046535
-0.9218593725
-0.9890711337
-1.1016196563
-1.0586058675
-0.9809871241
-0.9351379198
-0.9018124983
-0.9226089180
-1.0346689777
-0.8596173202
-0.9264666304
-1.0307966171
-0.9405881316
-0.8171852278
-0.8456508196
-0.9662841844
-0.9073639331
-1.0003852226
-0.8715310656
-0.9018917986
-0.9360507460
-1.1289635028
-0.9434029050
-0.8956293615
-0.8876995425
-0.8438805236
-0.9211660836
-0.8370160617
-0.8931013902
-0.8900491977
-0.8563246230
-0.8695434359
-0.9119638289
-0.8777984308
-0.9305283742
-0.7545075522
-1.0813177096
-0.8602660548
-0.7959290845
-0.6666963350
-0.8631160389
-0.7172070140
-0.8048845870
-0.9290327433
-0.9466635181
-0.9551408327
-0.9047599724
-0.7551651123
-0.8014808412
-0.7515496620
-0.8425193601
-0.7952473221
-0.7179390246
-0.8423822946
-0.7377418029
-0.8076724010
-0.6867659384
-0.8158731227
-0.9638916643
-0.8584571988
-0.8248357815
-1.0390956378
-0.6743104033
-0.8392838605
-0.7156769981
-0.7701071561
-0.9126539919
-0.8339719127
-0.8613863611
-0.8159742355
-0.8008831851
-0.8238644443
-0.9043057359
-0.8627395180
-0.9067262365
-0.7044276796
-0.8624533173
-0.7751557212
-0.6584470268
-0.7147640080
-0.8593904213
-0.7808484547
-0.8453111082
-0.7274622999
-0.8140457696
-0.7709461358
-0.6721282881
-0.6836138809
-0.7737072900
-0.6848650637
-0.7938376343
-0.7431962703
-0.6817863928
-0.8328116503
-0.7122999260
-0.7135798942
-0.6212322992
-0.7274555268
-0.8747190335
-0.8614490607
-0.7064598593
-0.6944892477
-0.7286764326
-0.6417785568
-0.9124265141
-0.7795123433
-0.7196673162
-0.7947179600
-0.6166598212
-0.6220500405
-0.8070375597
-0.7010696836
-0.6292263821
-0.6804949191
-0.6073587544
-0.5855001332
-0.8395012740
-0.8920591657
-0.6752306905
-0.8589695345
-0.6943986540
-0.6482688966
-0.6477476547
-0.7195651197
-0.7873857468
-0.7709750492
-0.7819759123
-0.7625581590
-0.6754508218
-0.7233018702
-0.4858061211
-0.6937152450
-0.5352877115
-0.5927145898
-0.6814196697
-0.6913943243
-0.7362870716
-0.6117085445
-0.8375407427
-0.5666584300
-0.7532007501
-0.6609238990
-0.8895462597
-0.6951183730
-0.6786325841
-0.6385948743
-0.5595622878
-0.5023826621
-0.6377990334
-0.4475383256
-0.7312752943
-0.6175149436
-0.7170982216
-0.5378328759
-0.8541703500
-0.6097243653
-0.6951801227
-0.7004218432
-0.5950743842
-0.5811963172
-0.6159183974
-0.7907276250
-0.6328449075
-0.6623165721
-0.7050462318
-0.5364997258
-0.6448932692
-0.6533312292
-0.7147610601
-0.5877069554
-0.6545828965
-0.5250252771
-0.4974102618
-0.4459309315
-0.7269635340
-0.5618271739
-0.5189541946
-0.6576193986
-0.5496356091
-0.4798776402
-0.6567390851
-0.6026058301
-0.7075778957
-0.4795117701
-0.5966025985
-0.5719718707
-0.6281056841
-0.4330406754
-0.5489552164
-0.4134282631
-0.5106347801
-0.5001260705
-0.5545781023
-0.5914781937
-0.5124580621
-0.4366538208
-0.5832692628
-0.6197908616
-0.6141884025
-0.4963815547
-0.5664214454
-0.6300686919
-0.5355721237
-0.5470249441
-0.6141741721
-0.5857548022
-0.4778902262
-0.5932466183
-0.5204144748
-0.6529234427
-0.5565468585
-0.5837948392
-0.3731554944
-0.4866350389
-0.6299606936
-0.6193681723
-0.5830826177
-0.4724201206
-0.5657406511
-0.4547846537
-0.4959805658
-0.5707572638
-0.4006245264
-0.3923220613
-0.5934184374
-0.3494924205
-0.4427602865
-0.4815892160
-0.4462444403
-0.3505027301
-0.4672999052
-0.4797746936
-0.3010812848
-0.3206716954
-0.3641835716
-0.4608456539
-0.4597477409
-0.3861554404
-0.4836022483
-0.3723952860
-0.4877934147
-0.4344688495
-0.4057778313
-0.4244478030
-0.4498121760
-0.4355788667
-0.3343511944
-0.4424395153
-0.4780005802
-0.4085648786
-0.3253698443
-0.4208127889
-0.5271725515
-0.5401956746
-0.3502786121
-0.4385216278
-0.4208011277
-0.3441232329
-0.4975021951
-0.4310673019
-0.3877645878
-0.4558803544
-0.5061692822
-0.4444102105
-0.4030087461
-0.3972432550
-0.5223018058
-0.3799342040
-0.2819136658
-0.5274356301
-0.3361053930
-0.3651213951
-0.3925426790
-0.4204133152
-0.4661741410
-0.3329974958
-0.4170169563
-0.3762818613
-0.4194260906
-0.4441973704
-0.3676624855
-0.5162038478
-0.4078508311
-0.1335334333
-0.3563303608
-0.2302324497
-0.4145716756
-0.4211748490
-0.2792294017
-0.5206341041
-0.3152609551
-0.4366999253
-0.3340483903
-0.2665059373
-0.4714351089
-0.3529941499
-0.2387571225
-0.2268202634
-0.3638425244
-0.4420898209
-0.3548957259
-0.3480722883
-0.3271472023
-0.1692801327
-0.4091580738
-0.3375894601
-0.2144891097
-0.3257083337
-0.3216411762
-0.5766971852
-0.4082823646
-0.3557832583
-0.2998455966
-0.1624524502
-0.2548408543
-0.1228508082
-0.3493830588
-0.3454338758
-0.3181257222
-0.4258291429
-0.3636533883
-0.1745604434
-0.2868411488
-0.3925630514
-0.1800525027
-0.2647976270
-0.3657113956
-0.3860288963
-0.1235867464
-0.2169275797
-0.2339245069
-0.2730993150
-0.2889428693
-0.1925870216
-0.2736754382
-0.2856603333
-0.1993056943
-0.2970263072
-0.1890894224
-0.2243347194
-0.2826850581
-0.2468088121
-0.3350356212
-0.2506611593
-0.2631295386
-0.2538860562
-0.3236023827
-0.3263547471
-0.3107495161
-0.2489863571
-0.1993908333
-0.2170405159
-0.1867750878
-0.1774520814
-0.1407154895
-0.3008164045
-0.2151565414
-0.1449454123
-0.2110986533
-0.1939434116
-0.3281832693
-0.2061712500
-0.2235255140
-0.3451354502
-0.2755191702
-0.3148553338
-0.2431840905
-0.2764181669
-0.2283220784
-0.2550803072
-0.2066948933
-0.2494730242
-0.3324247547
-0.2306128395
-0.1949522537
-0.0570826351
-0.2963026058
-0.1108319909
-0.2402754389
-0.0637234592
-0.0807353706
-0.0284135319
-0.1661170289
0.0376287137
-0.2293751726
-0.1001945263
-0.2005774592
-0.0535399607
-0.1714271720
-0.1888932638
-0.1574992884
-0.0419676980
-0.1249267428
-0.0916181395
-0.2225360131
-0.0848279684
-0.2568500778
-0.1265793977
-0.1345543966
-0.2215302495
-0.1310457166
-0.1076217777
-0.0499262082
-0.1094376912
-0.2260369907
-0.1381955271
-0.0304692172
-0.2017737181
-0.0639683612
-0.1117610404
-0.3177244304
-0.1292980413
-0.1370030798
-0.1260383098
-0.0748404334
-0.2377091351
-0.0522558341
-0.0018694901
-0.2078005802
-0.0955887674
-0.1269709161
-0.0338293782
0.0622515257
-0.0797161027
-0.1057802887
-0.1208369537
-0.1317100540
-0.1352141926
-0.0276533928
-0.0326847130
-0.1051705520
-0.2138165107
-0.0127527980
-0.2487205730
-0.0042626992
-0.0483432729
-0.1025585785
-0.0263690318
0.0004535534
-0.2130430954
-0.1444435104
-0.0218281731
0.0343890008
0.0435993760
-0.1316426547
0.0868829692
-0.0935629336
-0.0195892487
-0.0462153472
0.0641918705
-0.0080646893
-0.0231327547
-0.0841475065
0.0947859951
0.0042303399
-0.1156721957
0.1094922452
0.1151763300
-0.0010551938
-0.0952021097
-0.0571347659
-0.0407586734
0.0343121607
0.0192417567
-0.0616460158
0.0498863806
0.1054516127
-0.0145037785
0.0909071601
-0.0133356094
-0.0006736304
-0.1181376116
-0.0926577539
-0.0156037578
0.0247041933
-0.0862546615
0.0080870750
0.0337549606
0.1630389565
0.0546778243
0.1600463148
0.0124052258
0.0198987700
-0.0387238602
0.0742956155
0.0161843126
0.1161108689
0.2019102907
0.1291834167
-0.0443524461
-0.0551602847
-0.0209840104
-0.0700231221
-0.1118036809
-0.1381375460
0.1048102205
0.1420254007
-0.0153532388
0.1194898260
0.1000239928
0.0892974343
0.2165985107
0.1386055745
0.0571339162
0.0696468242
-0.0394315399
0.1541831009
-0.0174246809
-0.0198307638
0.0250735864
0.1023888040
0.1428479869
0.1770607931
0.1036474214
0.0849925877
0.0163820289
0.0339823726
0.0657400773
-0.0021062087
0.0387349019
0.1035428238
0.2512595560
0.1639691735
0.1434635057
0.3476219006
0.1529019562
0.1108966798
0.2040958288
0.0285552839
0.0133196450
0.1727730941
0.2376114539
0.1016006211
0.2280245882
0.1689598826
0.0978284193
0.1715480564
0.0240183781
0.2076087477
0.0808459469
0.2195141616
0.1311589489
0.2181084383
0.0590342769
0.2578548288
0.1958445584
-0.0499459776
0.1411035796
-0.0159923618
0.1501563811
0.1387303235
0.2196360106
0.3655598512
0.1270722247
0.0642050791
0.1468908259
0.0062772275
0.0954873929
0.1991717196
0.2194861410
0.3315155837
0.1647420961
0.1507512752
0.3056527147
0.2070764914
0.1533402157
0.1413017022
0.2401645997
0.2952124479
0.4084515302
0.2333588492
0.2956296191
0.3322303026
0.0533185027
0.2105534594
0.1802533620
0.2877549776
0.2454407982
0.1234770445
0.0929083225
0.0996896414
0.1452613535
0.2543032984
0.2465410727
0.2957747821
0.1652570329
0.1928497735
0.2741641598
0.2983365617
0.1161407569
0.2310909422
0.2064045038
0.2093374298
0.1484477147
0.2289829950
0.1331407448
0.0927750664
0.3365620814
0.3477086477
0.2187161405
0.3520564653
0.2688476942
0.1758873231
0.1992798674
0.2802823507
0.3925087505
0.3025736507
0.5027590961
0.2779413304
0.3532117836
0.3533382119
0.2565948748
0.3736574156
0.3269031113
0.4104273608
0.4527454087
0.3206130383
0.1793412139
0.3608486307
0.3164337240
0.4393092385
0.3136670543
0.2508521314
0.4566066608
0.3346740521
0.3993173309
0.3742598743
0.2875161284
0.4778605631
0.3354571342
0.4146894189
0.3365303914
0.1394287740
0.2993604586
0.3102008426
0.3912631706
0.1872654765
0.4552159382
0.1479362738
0.4250157171
0.2924302230
0.2989533745
0.4731836432
0.3144423544
0.2104937915
0.3271033980
0.4164637274
0.4311185975
0.3539267922
0.4318781285
0.4474648021
0.3282050393
0.4337498191
0.3155380572
0.3927510554
0.3678590459
0.2944441717
0.4085596490
0.3875129710
0.2537196857
0.3807371239
0.3876059776
0.3771994443
0.4645199771
0.3070029927
0.3661604003
0.4151975857
0.4908075323
0.4550384947
0.4195143059
0.4435334529
0.4863757121
0.4909067389
0.2979108249
0.5306401340
0.5347868310
0.4714454455
0.4440398865
0.3418586419
0.4514256513
0.5095250047
0.3670052187
0.4078853106
0.4370377565
0.5599115682
0.5944975896
0.4290838074
0.3945244165
0.3592408301
0.4772573994
0.4682698071
0.5182158195
0.5144522665
0.5461877812
0.5621706538
0.4058562198
0.4626631868
0.5037820074
0.3831527958
0.4720901371
0.4893949535
0.5531298400
0.4649733139
0.3095980576
0.3546415676
0.6135142532
0.4263283166
0.5864949239
0.6376052333
0.3327265750
0.3724687973
0.5572176786
0.6927326413
0.4964698799
0.4726603069
0.4112513861
0.5586130264
0.4970479989
0.4648747531
0.4266526793
0.5585194055
0.2855009669
0.4312540707
0.5514997963
0.7422275707
0.5778478187
0.4546505485
0.5298251342
0.4905166969
0.6700492704
0.5890851740
0.4689575261
0.4406335599
0.5820408381
0.5300299762
0.5278921528
0.6262277715
0.5581665121
0.5729236863
0.7380255434
0.6116750868
0.5921673963
0.6208291055
0.5439921705
0.4325203825
0.5658078032
0.7020650598
0.6597220040
0.5221224478
0.5867326365
0.5182794574
0.5432306125
0.7504202973
0.5900762134
0.5865209401
0.6947699911
0.5700998796
0.4574899572
0.6563993118
0.6370106371
0.5845499646
0.5253039153
0.8535520943
0.7370907054
0.7302020419
0.6745463170
0.5662545618
0.6892560361
0.5458178099
0.6435293925
0.6070467218
0.6708131742
0.5459418624
0.6461140546
0.5954278957
0.6613879771
0.6175739386
0.6328227501
0.6426940533
0.6636373074
0.6882177944
0.7121694417
0.5452137361
0.5731592639
0.6342439107
0.6422770456
0.6235310047
0.6288109213
0.5860641471
0.6997071186
0.6030168053
0.6473499784
0.7362251457
0.5737162085
0.5876649591
0.6858401525
0.6003393810
0.5879820345
0.6225103813
0.5217440461
0.5043455918
0.6989681038
0.6533511134
0.8653536290
0.5961787668
0.5751677913
0.5881961728
0.6452425625
0.6555400225
0.6158950356
0.6984405604
0.6879357206
0.6598968473
0.6974717336
0.6204065786
0.7282469676
0.8580475551
0.7272700626
0.6201414638
0.7910862523
0.8441085010
0.7421348378
0.7370231841
0.7943233096
0.7114046176
0.7101411268
0.7996484927
0.7462342531
0.6334752685
0.8290123068
0.7731891039
0.8060958951
0.7448579472
0.6307203553
0.6417703700
0.5454782958
0.7872861551
0.6590673966
0.7434298754
0.8715370356
0.8275345390
0.8271861590
0.6149207065
0.7211791519
0.8464535037
0.8437617526
0.8224897393
0.7249810851
0.7339118700
0.8049272634
0.8917152401
0.6248719474
0.8135106765
0.7958345424
0.7516359387
0.7736255597
0.7054701165
0.7659975743
0.6895943039
0.7715951578
0.8802546576
0.7966415683
0.7386808474
0.8322796521
0.7936865259
0.8532636667
0.7531624273
0.9516318597
0.8565696390
0.8355154109
0.7277954169
0.7205624271
0.8163460871
0.8625084111
0.8740737010
0.6794203519
0.7072055653
0.7260413169
0.8058328445
0.7120929929
0.8108712427
0.8130064689
1.0050250542
0.8862341506
0.8122426795
0.8014118072
0.9771946824
0.8484568552
0.9138628125
0.8882707559
1.0301039980
0.6908345282
0.9155538110
0.8150874657
0.7890284474
0.9264799520
0.7853241860
0.8237571140
0.7949305969
0.9065898931
0.9680544437
0.8427554152
0.8076987791
0.8227447529
1.0009961285
0.9064631824
0.8627605205
0.9998172565
0.9224624865
0.8814316394
0.9634147961
0.7838368317
0.7562376726
0.9003456380
0.7808483936
0.7655831237
0.8102451585
0.6885562094
0.8923571523
0.9810121704
0.9860505837
0.9343152518
0.8790583764
0.9610112665
1.0591970901
0.8902366832
1.0361402408
0.9343945900
0.9305709802
0.9336226615
0.7311258143
0.9239051818
1.1087148919
0.7691814901
0.9429618845
1.0211242368
0.8057425847
0.9764717117
0.9206950790
1.0260411071
0.9629764028
0.9602432871
0.8892377175
0.9865321543
0.9678872312
1.0630697954
0.9471041047
1.0130712313
1.0175988877
0.9668345043
0.9096558780
0.8711918656
0.8779546158
0.8227497343
0.9585221173
1.0544195696
0.9051561630
0.9385938764
0.9776227535
0.9328580492
0.9242526678
1.0169108736
1.0997784279
1.0389370101
0.9612014741
