-1.0235043466
-0.9879468555
-1.0080107833
-1.0409033449
-1.0285656207
-1.1321488294
-1.1219637499
-1.0024424962
-1.0425140054
-1.0200528394
-0.8956930032
-1.1343755268
-1.0776685491
-0.9476503280
-0.9450760745
-0.8762390794
-1.0657296851
-1.0276979547
-0.9900089310
-0.9424591916
-0.9850253478
-0.7840661976
-1.0736426311
-0.9092326202
-0.9115463496
-0.9180504836
-1.0364315428
-0.9892349624
-0.9645415938
-0.9706588692
-0.9011438111
-0.8855181892
-0.9570043101
-0.9208853975
-0.9964920604
-0.9207432181
-0.9563489388
-1.0890319720
-1.0596449625
-0.9877765542
-0.9230832008
-0.9035876297
-0.9227097487
-1.0586618628
-0.8486015559
-0.9316102626
-1.0325727166
-0.9486784674
-0.8299615240
-0.8177164128
-0.9483946362
-0.8969516521
-1.0131122435
-0.8711247265
-0.9181327983
-0.9492700719
-1.1365749239
-0.9538828135
-0.8931909764
-0.9084413357
-0.8324134014
-0.9290203284
-0.8411281693
-0.9007620903
-0.8655048397
-0.8547359354
-0.8715799460
-0.8853204498
-0.8803472645
-0.9360047544
-0.7757233225
-1.0388472932
-0.8778132873
-0.8001038261
-0.6701939379
-0.8738728935
-0.6999311522
-0.7957622213
-0.9152140576
-0.9240464570
-0.9641773185
-0.8971454364
-0.7608095033
-0.8034641727
-0.7529867689
-0.8617607008
-0.8156529900
-0.7420040132
-0.8310787266
-0.7309865758
-0.7840834528
-0.6577437847
-0.8054802025
-0.9635985297
-0.8527784339
-0.8510863805
-1.0408282949
-0.6917010834
-0.8368907333
-0.7158321684
-0.7714885813
-0.9447398033
-0.8181076850
-0.8705580060
-0.7905285927
-0.8211356794
-0.7982454550
-0.8916950389
-0.8593143118
-0.9159973872
-0.7094266652
-0.8387275071
-0.7722557640
-0.6757505528
-0.7210491909
-0.8456833179
-0.7865067984
-0.8380089303
-0.7341462231
-0.8247042594
-0.7686418872
-0.6508045231
-0.6892832920
-0.7812447252
-0.6972144039
-0.8125123496
-0.7517224966
-0.6887046180
-0.8614056001
-0.7066240590
-0.7235500483
-0.6090143495
-0.7252768550
-0.8655233762
-0.8609114685
-0.7032324639
-0.6888661474
-0.7679531366
-0.6240211829
-0.9269950798
-0.7874413411
-0.7015589395
-0.7844179955
-0.6214316708
-0.6126427206
-0.8035899705
-0.7039336700
-0.6442059304
-0.6852712310
-0.6095036454
-0.5693838580
-0.8537783781
-0.8747773526
-0.6731845145
-0.8535776264
-0.7105968358
-0.6705189502
-0.6677278725
-0.7166962495
-0.7941801766
-0.7786637516
-0.7793951303
-0.7621660943
-0.6631964484
-0.7145795748
-0.4756399009
-0.6894970521
-0.5282255057
-0.5806278274
-0.6510211400
-0.6972048041
-0.7302798959
-0.6228379095
-0.8339898148
-0.5791816327
-0.7451489661
-0.6641356050
-0.8915404239
-0.7044526754
-0.6575783462
-0.6205699312
-0.5763992635
-0.4912228010
-0.6229809072
-0.4627302596
-0.7264655562
-0.6334001383
-0.7166254513
-0.5218083235
-0.8653626778
-0.5955923777
-0.6826001118
-0.6955284532
-0.5990045773
-0.5855918156
-0.6270252937
-0.7910323359
-0.6369590316
-0.6498974109
-0.6773205919
-0.5275868164
-0.6399753072
-0.6489991403
-0.7187584472
-0.5835745554
-0.6391940789
-0.5483754557
-0.4989205421
-0.4464156815
-0.7281403375
-0.5783678913
-0.5361563017
-0.6328236967
-0.5617058360
-0.4834324978
-0.6630128276
-0.5956931930
-0.6987998403
-0.4928292325
-0.6225676142
-0.5788607528
-0.6210411952
-0.4348563135
-0.5423172704
-0.4476379305
-0.5138372785
-0.4711665672
-0.5558352933
-0.5969191053
-0.4991746060
-0.4299780853
-0.5652327887
-0.6178887127
-0.6326909793
-0.5117792337
-0.5567431824
-0.6510448045
-0.5384732991
-0.5593000686
-0.6162147719
-0.5901300760
-0.4643420323
-0.5815100075
-0.5178328678
-0.6455255014
-0.5423008013
-0.5724649066
-0.3856125365
-0.5016454895
-0.6476929248
-0.6448372949
-0.5763530921
-0.4701802417
-0.5512802345
-0.4295738171
-0.5232846069
-0.5636557272
-0.3967997561
-0.3775767328
-0.6143240730
-0.3549631050
-0.4638010522
-0.4637802051
-0.4359138400
-0.3552178002
-0.4761085354
-0.4816133246
-0.3009533640
-0.3261153990
-0.3664031007
-0.4715654034
-0.4368114001
-0.3926485448
-0.4939127524
-0.3605050864
-0.4947755384
-0.4295244359
-0.4131236948
-0.3866809638
-0.4575969714
-0.4379377599
-0.3364786326
-0.4598209008
-0.4748100079
-0.4083918594
-0.2962021705
-0.4222063987
-0.5350505388
-0.5143586152
-0.3590975212
-0.4387405134
-0.4182907605
-0.3227313500
-0.4588060792
-0.4360227726
-0.3552530254
-0.4429919578
-0.4995652043
-0.4202875554
-0.4060696869
-0.3888116906
-0.5363006001
-0.3658440310
-0.2814419751
-0.5168978564
-0.3432498490
-0.3464007853
-0.4102621457
-0.4282392199
-0.4722510371
-0.3533398659
-0.4076323227
-0.3809186098
-0.4201007538
-0.4229643883
-0.3447626888
-0.4982071035
-0.4287851700
-0.1382945132
-0.3709389840
-0.2223707628
-0.3926718461
-0.4036518438
-0.2874218005
-0.5068674592
-0.3127073927
-0.4382538301
-0.3408053913
-0.2677458422
-0.4603593688
-0.3471293194
-0.2452080865
-0.2090453154
-0.3658276561
-0.4204578779
-0.3628051580
-0.3362075993
-0.3175361143
-0.1924114396
-0.4154971098
-0.3369939117
-0.2047366452
-0.2976795608
-0.3342183816
-0.6064766992
-0.4038169271
-0.3585405419
-0.2818079818
-0.1503373202
-0.2501356516
-0.1136633456
-0.3538170238
-0.3601941545
-0.3198108143
-0.4148716178
-0.3936225790
-0.1789277888
-0.2777689175
-0.3783385988
-0.1723432704
-0.2658374436
-0.3416737379
-0.3869400634
-0.1082623340
-0.2166579400
-0.2405608910
-0.3033704820
-0.2906902951
-0.2099047179
-0.2617874126
-0.2793853856
-0.1942409371
-0.2911708145
-0.1717522878
-0.2126557779
-0.2749449622
-0.2391824756
-0.3149749413
-0.2498886852
-0.2748874723
-0.2778268824
-0.2899156374
-0.3440467037
-0.3144494980
-0.2211306702
-0.2058827763
-0.1838565181
-0.1741573813
-0.1871535162
-0.1351968132
-0.3161177308
-0.2305347048
-0.1281455842
-0.2000712944
-0.1771109589
-0.3432366875
-0.2047058296
-0.2309819768
-0.3527387336
-0.2679860914
-0.3192399548
-0.2531512012
-0.2455570805
-0.2369813223
-0.2516951403
-0.2302517638
-0.2573959452
-0.3314883468
-0.2175484654
-0.1853072678
-0.0578263240
-0.3151784568
-0.0887788895
-0.2647805116
-0.0349195445
-0.1095911094
-0.0209492013
-0.1420815741
0.0560687337
-0.2152075352
-0.1111391077
-0.2072757688
-0.0549565792
-0.1663467797
-0.1844048621
-0.1450217812
-0.0318118025
-0.1035940296
-0.0697430128
-0.2319530396
-0.0848194931
-0.2426055859
-0.1033308644
-0.1507212441
-0.2186682426
-0.1306449114
-0.1217678342
-0.0346575299
-0.1242039781
-0.2328158903
-0.1539658292
-0.0394741893
-0.1871887798
-0.0847749882
-0.1185370201
-0.3129440264
-0.1533504801
-0.1271626894
-0.1294958263
-0.0462764212
-0.2373541431
-0.0500846109
0.0311237629
-0.2034866798
-0.0926803070
-0.1204759445
-0.0495447681
0.0628665965
-0.0631210838
-0.0826005168
-0.1177689623
-0.0990769733
-0.1542253500
-0.0241278680
-0.0507980019
-0.1336577569
-0.2278829612
-0.0105509926
-0.2386379731
0.0199384869
-0.0404913788
-0.0962907968
-0.0058986648
0.0210079618
-0.2012926215
-0.1359877142
-0.0124368154
0.0032765021
0.0810857682
-0.1247445091
0.0778653135
-0.1013091148
-0.0292838558
-0.0470192982
0.0667078605
-0.0096935291
0.0102579346
-0.0789465607
0.0742521237
-0.0077638724
-0.0742404650
0.1125653060
0.0870826649
-0.0119071434
-0.1094721446
-0.0417369869
-0.0682787466
0.0179319087
0.0282889959
-0.0555419682
0.0347692810
0.0974997635
-0.0109006992
0.1097020371
-0.0433037996
0.0080131909
-0.1193442324
-0.0655023658
-0.0274670090
0.0129998179
-0.0763061350
0.0160793754
0.0353220684
0.1833090935
0.0628943142
0.1644284381
0.0106842645
0.0057574316
-0.0620873014
0.0539737579
0.0163064259
0.1262185788
0.2136480358
0.1365824254
-0.0566496034
-0.0382115082
-0.0103841483
-0.0686297748
-0.1147528654
-0.1358229662
0.1076839252
0.1331556537
-0.0446821129
0.1305016715
0.1149714188
0.1063290592
0.2153743793
0.1507406516
0.0514700333
0.0812087095
-0.0581580427
0.1556750449
-0.0244896352
-0.0246550046
0.0154972607
0.0786696211
0.1452344630
0.1656918583
0.1072441348
0.0605083553
-0.0003396004
0.0371261550
0.0606610054
0.0049968077
0.0820817819
0.1001833896
0.2520146930
0.1775738914
0.1519734633
0.3627410034
0.1770725356
0.1359145632
0.2000034626
0.0457311154
-0.0128535072
0.1808966820
0.2503885181
0.0916252679
0.2336595451
0.1633546657
0.0988028156
0.1489782545
0.0377329349
0.2195605495
0.0723031772
0.2426775370
0.1478633242
0.2093789636
0.0365931241
0.2545073571
0.2118388695
-0.0422585099
0.1381621506
-0.0114359174
0.1438203854
0.1400336995
0.2339274640
0.3732040498
0.1135982875
0.0826981469
0.1511046768
0.0224115684
0.1088425465
0.2142954748
0.2294523360
0.3160793531
0.1869506160
0.1464481770
0.3208445475
0.1915406582
0.1436896549
0.1469300072
0.2397518606
0.2908552797
0.3831580560
0.2142012650
0.2772559694
0.3403783336
0.0661424411
0.2168770405
0.1621857945
0.2849865814
0.2557102656
0.1244041046
0.0867379484
0.1167545122
0.1519017197
0.2612330097
0.2501005845
0.2927969943
0.1469411715
0.2015341905
0.2581397403
0.2862790539
0.1038563173
0.2077989249
0.2121601632
0.2156307928
0.1322856335
0.2224059088
0.1461261599
0.1013450493
0.3522450274
0.3536870584
0.2265413342
0.3669766557
0.2508432554
0.1721537869
0.1927538070
0.2975139243
0.3837242608
0.3027376445
0.5076363233
0.2865840221
0.3306780558
0.3660424768
0.2600271714
0.3740897434
0.3118657003
0.3909750845
0.4766334487
0.3067011427
0.1870097327
0.3638719859
0.3051860835
0.4482809402
0.3246767345
0.2720796332
0.4506837412
0.3261008825
0.4088476889
0.3900222793
0.3031641094
0.4701134849
0.3243496839
0.4135340338
0.3207752651
0.1750726527
0.3035628589
0.3134984023
0.3934043025
0.1669984481
0.4458132011
0.1331716057
0.4204934801
0.2766898581
0.2846732699
0.4755477689
0.2998023030
0.2392280236
0.3578127915
0.3978889728
0.4504163878
0.3733976395
0.4294513306
0.4626886060
0.3120768510
0.4172312764
0.3095863575
0.3785799666
0.3860689767
0.2824103972
0.4277984612
0.3996147735
0.2592257590
0.3677870895
0.3778107259
0.3910383904
0.4577213171
0.3158899856
0.3723212186
0.4109338736
0.4835496049
0.4526458207
0.4237715901
0.4670778787
0.4946367892
0.4828184144
0.3202748870
0.5370256218
0.5337082789
0.4755116039
0.4416553468
0.3479174497
0.4373677437
0.5027082955
0.3244013635
0.4051688381
0.4227513677
0.5600871758
0.5775117112
0.4257452685
0.3968171498
0.3617424065
0.4822500782
0.4759379147
0.5066064855
0.5145408987
0.5545737146
0.5582918881
0.4000181787
0.4422884359
0.5106155123
0.3771848694
0.4729928909
0.4949226778
0.5215680445
0.4940118794
0.3124250939
0.3736601209
0.6130125981
0.4490780155
0.5425612606
0.6226141253
0.3251304710
0.3746086611
0.5527278132
0.6984080318
0.5011606207
0.4806694457
0.4039236150
0.5741659169
0.5114065614
0.4725104411
0.4405448385
0.5405193042
0.2738576684
0.4215507199
0.5493894867
0.7649132521
0.5514822305
0.4715664762
0.5386613580
0.4979497018
0.6284126798
0.5900540100
0.4396893661
0.4535613329
0.5875563338
0.5276451322
0.5403538642
0.6391452510
0.5473095561
0.5842294454
0.7229154555
0.5955468133
0.5745362965
0.6122555442
0.5609788312
0.4143151034
0.5570310751
0.7030416704
0.6490192519
0.5294185956
0.5627253926
0.5180207097
0.5470979269
0.7632748946
0.6041955706
0.6043261950
0.7124539106
0.5733541645
0.4485282539
0.6557662047
0.6271732973
0.5710645197
0.5246133684
0.8668960904
0.7288632845
0.7286111058
0.6684120939
0.5603539061
0.7147165638
0.5561549652
0.6569911750
0.6075853688
0.6588355015
0.5503787043
0.6321779955
0.6006106312
0.6787410854
0.6064437963
0.6152834159
0.6503654541
0.6772242536
0.6990265617
0.6937917599
0.5441050228
0.5681232345
0.5966270747
0.6529350232
0.6156250041
0.6342644674
0.5932116091
0.7091517163
0.5881010633
0.6441614304
0.7540318230
0.5566391528
0.6005977637
0.6960960972
0.6115898133
0.5550657593
0.6339121503
0.5074572523
0.5059767082
0.6836479934
0.6605605587
0.8872310864
0.5764642310
0.5606960970
0.5898631996
0.6492072075
0.6656997877
0.6263372873
0.6749322273
0.6825684411
0.7136006274
0.6988649330
0.6203663028
0.7171531266
0.8675197019
0.7284710352
0.6250682818
0.7836984209
0.8488790921
0.7484507364
0.7285276428
0.7868552518
0.7017651096
0.7156326449
0.7847407504
0.7444922063
0.6047293158
0.8321129372
0.8019847476
0.7984912175
0.7448869097
0.6270562246
0.6570587443
0.5290871236
0.7769451053
0.7039983906
0.7412997848
0.8733613798
0.8428371305
0.8243334628
0.6279938577
0.7392043932
0.8541408675
0.8478715350
0.8127504588
0.7317027792
0.7522792675
0.8084087580
0.8508598186
0.6289854978
0.7978623299
0.8176750539
0.7641551009
0.8007661803
0.7029104441
0.7794861534
0.6998490994
0.7650498086
0.8636407487
0.7930104715
0.7129439383
0.8264149426
0.7927814931
0.8916973906
0.7411173087
0.9602694290
0.8872629538
0.8217817569
0.7523185499
0.7375077231
0.8406022036
0.8578307684
0.8732457046
0.7005358932
0.7085314280
0.7379995549
0.8077179665
0.6900465237
0.8300067471
0.8094626624
1.0161592004
0.8609823074
0.7926477337
0.8030025657
0.9709490944
0.8309246982
0.9073148132
0.8960754469
1.0308726025
0.6901297741
0.9327341283
0.7998409560
0.7905534116
0.9240164493
0.7735872740
0.8278659384
0.7811854006
0.9275182546
0.9675937553
0.8564281440
0.7948239735
0.8300997095
0.9920913671
0.8944295416
0.8519845980
0.9788853741
0.9119123475
0.9013532758
0.9688701291
0.7627570037
0.7947668478
0.8720524409
0.8123687170
0.7514001709
0.8096691483
0.6815738518
0.8917106764
0.9776881962
0.9738571025
0.9130594888
0.8424632846
0.9477137903
1.0490271043
0.8955037170
1.0512758431
0.9180202565
0.9417294414
0.9392939521
0.7009945307
0.9037313024
1.1291360480
0.7669274034
0.9590248410
1.0113188402
0.8125371054
0.9906372825
0.9395026178
1.0077227406
0.9811530250
0.9671530319
0.8860516047
0.9653939173
0.9818188175
1.0710393981
0.9310862596
1.0021169662
1.0256239041
0.9675080775
0.9185157916
0.8732041818
0.8733749378
0.8158590946
0.9335778302
1.0633790439
0.9154729270
0.9337819192
0.9988291173
0.9386814423
0.9166808545
1.0082145793
1.1066260031
1.0333264329
0.9693765384
