-0.8788108299
-1.0087243194
-0.9862764933
-0.9455535860
-0.9609778681
-0.9423315137
-1.0214811611
-0.9270727730
-0.9738681707
-1.0069134957
-1.0454205840
-1.0066857161
-1.0877302234
-0.9957927928
-0.9530007494
-0.9766643972
-1.0218617063
-1.0408243271
-0.8924935929
-0.7196931642
-0.9925311365
-0.8996973470
-0.9213769911
-1.0248555213
-0.9263649430
-0.8851298378
-1.0046657787
-0.7993170037
-0.9971757798
-0.8984390399
-0.9931871475
-0.8518246346
-0.7828277953
-1.0595427165
-0.8580216032
-1.0215032158
-0.9304923145
-0.8003331200
-0.7580617012
-0.7946563424
-0.9048236257
-0.7451075532
-1.0196457770
-0.9342656505
-0.9285486243
-0.7130329147
-0.8372143527
-0.8500935737
-0.9576194928
-0.8202754682
-0.7971676129
-0.9299035819
-0.9650482006
-0.8504576917
-0.8763691511
-0.9828687931
-1.0424991412
-0.8093728006
-0.9536714254
-0.7799782853
-0.8495423451
-0.9781733086
-0.8322217721
-0.8119386461
-0.9214195764
-0.9001004048
-0.8661092216
-0.9032683067
-0.9353155087
-0.8178516963
-0.9226441127
-0.7680778640
-0.7415733694
-0.7590466533
-0.9650446160
-0.9497713840
-0.7986795762
-0.8501406817
-0.8380036994
-0.7801936076
-0.8050595845
-0.7517640469
-0.7812485571
-1.0009475242
-0.7547054357
-0.7136648305
-0.8037040553
-0.9543397375
-0.9616611918
-0.8010782664
-0.8374989456
-0.5588981158
-0.6627930178
-0.8583874530
-0.9147100059
-0.7794814681
-0.7839198114
-0.8111417952
-0.8249324076
-0.8291453544
-0.8447095095
-0.8355467732
-0.7592520386
-0.8494611388
-0.8360706903
-0.8081948800
-0.8944809441
-0.9792105127
-0.8855556447
-0.7388414514
-0.8120949392
-0.8664223560
-0.7592910734
-0.8205587912
-0.8315386036
-0.6703938768
-0.6923835326
-0.6130471364
-0.8226316015
-0.5994847097
-0.6079691875
-0.6839055825
-0.8104646010
-0.6658116736
-0.7441275090
-0.5839401309
-0.5954559012
-0.6120586174
-0.9197523538
-0.6938650267
-0.7040693916
-0.6825439094
-0.7038544204
-0.7593712164
-0.7228197179
-0.7773642750
-0.6432203081
-0.6840587982
-0.7303866332
-0.6684610861
-0.7767012248
-0.6748701907
-0.7204354984
-0.7939055797
-0.6362513967
-0.8149252369
-0.7061989634
-0.7302935792
-0.7934037280
-0.5049383866
-0.7089780781
-0.8052110408
-0.5447222817
-0.6736103087
-0.6518987881
-0.6530189766
-0.7257776294
-0.5925452786
-0.7154552674
-0.7939640016
-0.7816740297
-0.6023318315
-0.5215669275
-0.6790171257
-0.5714449036
-0.7195191738
-0.7483947687
-0.6886186987
-0.6139236897
-0.8014854886
-0.7366491932
-0.6409568601
-0.7046652621
-0.6258943094
-0.5942031789
-0.6960334558
-0.6227923035
-0.6546057488
-0.6822936728
-0.5798793213
-0.6123961234
-0.5299810406
-0.7046800297
-0.5819133354
-0.7104647845
-0.7165838220
-0.5339985514
-0.6172210385
-0.5693685026
-0.6747117011
-0.6881889174
-0.6951003497
-0.7002508923
-0.6969824012
-0.6711235378
-0.5768135114
-0.6387022008
-0.4595761134
-0.6226257591
-0.5776706263
-0.5186277928
-0.5467851327
-0.4856172268
-0.5406879318
-0.6158051715
-0.5686525355
-0.6789690382
-0.5272702594
-0.5702840784
-0.5477254328
-0.8224969736
-0.6477046031
-0.6026440898
-0.6153255712
-0.3771060807
-0.4635166278
-0.5230058821
-0.5315984144
-0.5334151820
-0.6031670228
-0.6277367200
-0.6433199125
-0.4897289553
-0.5469989794
-0.6053152502
-0.5093269026
-0.6409802151
-0.4944562108
-0.5542253209
-0.5247712944
-0.3242928718
-0.6248836092
-0.6064728592
-0.5981483821
-0.6218487269
-0.5209132589
-0.5051613278
-0.5066723967
-0.5520330937
-0.5194991047
-0.5557019802
-0.6038187217
-0.4550846468
-0.5068748062
-0.4713941174
-0.5480302240
-0.5453575017
-0.5256587736
-0.4543542843
-0.5281778195
-0.4329519147
-0.5355031313
-0.4548677387
-0.4906891377
-0.5522641007
-0.5044545496
-0.3099925100
-0.4677081355
-0.5769647661
-0.4133531303
-0.3445208704
-0.4532112309
-0.4696454416
-0.3749027064
-0.5344933387
-0.5737515080
-0.5136874201
-0.5188500087
-0.4056872128
-0.3847495537
-0.3527369842
-0.3743083643
-0.4228824012
-0.4181069167
-0.5805623337
-0.5158465552
-0.3875731259
-0.4408598486
-0.4279831598
-0.3801567120
-0.3149278617
-0.5468873808
-0.3817757003
-0.3637563926
-0.4837904329
-0.4102175528
-0.4142663379
-0.3875954253
-0.4487375110
-0.4280273936
-0.4985987597
-0.4853954305
-0.5377957744
-0.3904411129
-0.5639805935
-0.3088948288
-0.3673366166
-0.4460636803
-0.2703461400
-0.3797644387
-0.3823893181
-0.4414277384
-0.4155524287
-0.3216292685
-0.2442046043
-0.4352034207
-0.3690871658
-0.4526014784
-0.3462740735
-0.3176146717
-0.4876880079
-0.4121656552
-0.4582954780
-0.3410201623
-0.3397549713
-0.2832764320
-0.5460268648
-0.2732456187
-0.4172730794
-0.2420687686
-0.2789654748
-0.3618506726
-0.2509620555
-0.3118796130
-0.2866262348
-0.3949437875
-0.3988790272
-0.5370429911
-0.3523789309
-0.2938082770
-0.2506717383
-0.4386762508
-0.3584724897
-0.4214648246
-0.3308881525
-0.2012219051
-0.4152734602
-0.3459036312
-0.2335764761
-0.3436646928
-0.3312838490
-0.1855413829
-0.2094632588
-0.1148739749
-0.4296230475
-0.3740836052
-0.2837921071
-0.3241818202
-0.2958716258
-0.3099573041
-0.2919007118
-0.3549185875
-0.2108295693
-0.1862331336
-0.3791641005
-0.2008884323
-0.4425026395
-0.3082270384
-0.3663847014
-0.2845946154
-0.2961843506
-0.3169033655
-0.2165219771
-0.4053757246
-0.4845015341
-0.4263980588
-0.2713703123
-0.3155004657
-0.1197101568
-0.2957487245
-0.2135294301
-0.2124016324
-0.1971530041
-0.2494386782
-0.2819916839
-0.1871838473
-0.2516382649
-0.3317934513
-0.1992547370
-0.2480680275
-0.3547814813
-0.0972957732
-0.3261304137
-0.3834317713
-0.3051980315
-0.2546792259
-0.1471161843
-0.1234096834
-0.1332126654
-0.0103200489
-0.2782659906
-0.3425833111
-0.1877661056
-0.2809799172
-0.1877250857
-0.2394798201
-0.1932730391
-0.2332756186
-0.2941745691
-0.3225453041
-0.2491805500
-0.1917693219
-0.1156141032
-0.1546673397
-0.0989281390
-0.1278266348
-0.3080100835
-0.0226758394
-0.2028925654
-0.1284075083
-0.1889435210
-0.1179287575
-0.0777260680
-0.0815058803
-0.2624881288
-0.2421820570
-0.0928974235
-0.3212819887
-0.1761095479
-0.2361517509
-0.2809899276
-0.2126300790
-0.0659082599
-0.0844573083
-0.0181835617
-0.2038078979
-0.2158194545
-0.1083074159
-0.0726264545
-0.0867576345
-0.1692810597
-0.1728512852
-0.1060168998
-0.0728487442
-0.0242889867
-0.1423457411
-0.0497371026
-0.0603568412
-0.2605038419
-0.0649323446
-0.0311166385
-0.1044233527
-0.0997909039
-0.0276819185
-0.0216485562
-0.1353961769
-0.0969663361
-0.0763109176
-0.1467411659
-0.0373167127
-0.0392848577
-0.1262135193
-0.1528559937
0.0073031273
-0.1201244442
-0.1093387657
-0.1298604081
-0.0050207299
0.0246718353
-0.1265274981
-0.1068781076
-0.0805530650
-0.1259916919
-0.1544935664
-0.0745903671
-0.1460085364
0.0108666025
-0.0484747559
-0.0753724659
-0.1055019455
-0.1666217603
-0.1410827779
-0.1226198105
-0.1554045409
-0.1351373953
-0.0391893787
-0.0250960278
0.1030828478
-0.0458818687
0.0279359957
0.2201249711
0.0045988789
0.0124885262
0.0762264290
0.0273632780
-0.1819902907
-0.1675550791
-0.1129890611
-0.0150242656
0.0746496888
-0.0802756225
0.0884900921
0.0249356857
0.0035712041
0.0687761128
-0.0337814758
-0.0180731978
0.0072083330
-0.1242095702
-0.0592193279
-0.0751224250
0.0274516969
0.1391937073
-0.0545062148
-0.0916139217
0.0365302508
-0.0861687857
0.1050081481
-0.1454920543
0.0408022551
0.0135166825
0.1837463428
-0.0079432946
0.0197584441
0.0269662626
0.1133597625
-0.0074237667
-0.1603611411
0.1056698897
-0.1337772137
-0.0612877421
0.0128207496
0.1154621255
-0.2455636994
-0.0946706971
-0.0194822541
-0.1075637306
0.0929393840
-0.0659614606
0.0237727764
0.1055693001
-0.0354238633
-0.0183643178
-0.0860381026
0.0640641715
0.1038513204
0.0359626101
-0.0171344911
0.0002747255
0.0972010969
0.1000531140
0.0990789338
0.0812823133
0.3226122995
-0.0929435711
0.2532705258
0.1765969686
0.1493242921
0.0260828782
0.0662826599
0.1777938282
0.0338718139
0.0790198682
-0.0224146041
0.1295732132
-0.0662028986
0.1557149998
0.1317198677
0.1022856337
0.1130829742
0.0882594159
0.1113581074
0.1675671228
0.1575080645
0.0787236919
0.1023487808
0.1416372344
0.0555293830
0.1619176276
0.1195931311
0.2864715464
0.0494044183
0.2070787929
0.1499573369
0.0243473593
0.1607329618
0.0397300733
0.1520710790
0.1956641879
0.2681343115
0.1234622281
0.1799708494
0.1742227659
0.2231292149
0.0646266048
0.1260654532
0.2628647777
0.1609704166
0.0848705767
0.1549917346
0.2257029953
0.3218765543
0.2667196375
0.1744425149
0.2621550074
0.0559527455
0.2271001481
0.2701135460
0.2660103098
0.2076560381
0.0378759174
0.2473980567
0.1685891964
0.3276288642
0.2647004918
0.1324549264
0.1830380030
0.2942406286
0.1037970625
0.2554798723
0.1488465167
0.1437160111
0.3077256485
0.3000874006
0.2580866718
0.1836525029
0.2207230799
0.0760358941
0.2725701291
0.4042115639
0.3657591616
0.1227667822
0.3828162186
0.2073564719
0.2922035717
0.2087253918
0.1817062466
0.1329553092
0.2294810506
0.2757831314
0.3971322187
0.2464988334
0.1254302808
0.2006136104
0.3150639944
0.2629067527
0.3506766424
0.3083452723
0.3328305879
0.2588024924
0.2694175066
0.1552519334
0.2510930558
0.1585055468
0.2891366909
0.4019892843
0.3817765770
0.1930439525
0.3534882529
0.4652288339
0.1928390787
0.2808810292
0.1371630315
0.2948771298
0.2005600715
0.2597234794
0.3399838861
0.2210675230
0.2956532695
0.2836311289
0.2927003045
0.3746370488
0.2636432787
0.2209922238
0.2488030771
0.3071394865
0.3320964131
0.3292808536
0.2329677937
0.3341120531
0.4260045751
0.2798946119
0.3823381130
0.3037921704
0.2146192341
0.3286911411
0.4486652342
0.2988749847
0.3408499244
0.4035476491
0.3802865836
0.3162107951
0.2709331879
0.3018399650
0.4123869132
0.3832684292
0.4675320133
0.3921125007
0.5081773839
0.4255150535
0.3442564910
0.4261673842
0.3105164292
0.4311575472
0.2292716767
0.4498673088
0.4091763905
0.3433528942
0.4659888589
0.2944079720
0.4225156439
0.3453456190
0.5025180211
0.4130221321
0.2949530061
0.5205044743
0.3931704476
0.3809240932
0.4425084368
0.3985184805
0.4618576559
0.3894443278
0.3630426589
0.4419101053
0.3628377218
0.2489330811
0.4505990885
0.4246247089
0.4297082030
0.4322288412
0.5207105637
0.4383692330
0.3949842874
0.5977957395
0.5091787292
0.4797113181
0.4879296680
0.4856831299
0.5180358113
0.3732053781
0.4930206739
0.5303924349
0.3523973984
0.5567695631
0.6210518081
0.5395904547
0.3082065286
0.3805349258
0.5000269278
0.5470081130
0.6177532787
0.5364216513
0.5247319718
0.4158936529
0.3846361515
0.5314829063
0.5796567279
0.4713021056
0.6248433857
0.5748766466
0.4088395161
0.6687029494
0.5137103606
0.5124520256
0.5558152330
0.4906875808
0.5420425373
0.6620947985
0.5486749585
0.4168806994
0.5531000520
0.5330580003
0.5577020744
0.5791366508
0.5350829971
0.7446455116
0.5328191277
0.5454954225
0.3798257118
0.5148223888
0.4567724019
0.5453503902
0.5861485895
0.5804588946
0.4208776723
0.6423843285
0.5743122353
0.4823150914
0.7207199880
0.6045696671
0.6173055255
0.7295070186
0.5259884923
0.5978742223
0.5805113053
0.4818637671
0.5937518800
0.5868665364
0.6521023455
0.6610039599
0.5510860187
0.4495443492
0.5440515918
0.4869337894
0.4644048644
0.6901034523
0.4297055557
0.5267123359
0.4410574005
0.5859086982
0.6463397846
0.5630735712
0.6429690300
0.6432449288
0.5069738801
0.5683121716
0.6931198615
0.5971968219
0.5380647245
0.5523463489
0.7456014212
0.5695065069
0.5676320096
0.6275453783
0.6561043931
0.4616203808
0.6115125316
0.6311388336
0.6464294481
0.7820750577
0.4715797096
0.5925359089
0.7412943658
0.7600623161
0.5731188645
0.5256448085
0.6089040406
0.8774180931
0.6613738169
0.6525308433
0.7668214855
0.5556987632
0.7263226283
0.7466374795
0.6292264745
0.6824713934
0.6486361400
0.5740625890
0.7137856735
0.7677783514
0.7272484531
0.6314598287
0.5854809899
0.6974872815
0.5916722145
0.7650750731
0.6942459784
0.7015161010
0.7450617618
0.7729223077
0.6923772113
0.7490737878
0.6423044649
0.5541437080
0.7215685982
0.6119975770
0.7145434803
0.6073942670
0.7445861567
0.8072707678
0.7334392311
0.6658942867
0.6482977852
0.6365491919
0.8211606602
0.7551349541
0.8371983316
0.9465105590
0.8027401493
0.7671074621
0.6515676270
0.7023314290
0.6276664451
0.7261305980
0.8491147734
0.8596506724
0.8348402374
0.6665875987
0.6518811361
0.8293850766
0.7620203286
0.7331062706
0.7722422977
0.7851648104
0.7953677745
0.6978530903
0.9033736456
0.8094767778
0.8354933157
0.7284245463
0.8325458692
0.9665239560
0.6877632550
0.7508577354
0.8137455401
0.7896149639
0.6813898483
0.8216205294
0.7950342908
0.8266234997
0.7202935555
0.7011554035
0.8255828646
0.7589164853
0.8019673654
0.9570256871
0.7822062739
0.8252091848
0.9057919285
0.8105720942
0.9385065408
0.7718361543
0.9252339237
0.9975607667
0.8002938627
0.7997374175
0.8095746878
0.9109318476
0.8791440079
0.8088339355
0.8480135226
0.7766877684
0.8793980826
0.8272545797
0.8521066215
0.9357685923
0.8717806368
0.7894027309
0.9306842240
0.8356390246
0.8284519483
0.7515259104
0.9835569233
0.7691634705
0.8971049994
0.8882739148
0.8536076558
0.9205659548
0.9740206484
0.8874837895
1.0152165972
0.8291326015
0.8206759043
0.9211982161
0.8066824333
0.8930760803
0.7380810351
0.9495616911
0.9900592125
0.8381746623
0.8127560832
0.9648814412
0.8980907612
0.9637012960
0.9043048610
0.8120685355
0.8478940745
0.8355657407
0.8568684888
0.9505049186
0.9275913762
1.0137960084
0.8888250059
0.8772965380
1.0428805267
1.0945012522
0.9694027301
0.9241088511
0.8744408860
1.0472044690
0.8923261763
0.9547494165
0.9192003286
0.8914534449
0.8936993896
0.8694898169
0.9900837051
0.9916184041
0.9205827750
1.0584843264
0.8771925322
0.9287925124
0.8923882304
1.0400284022
0.9620424046
0.8889771859
0.9874294210
0.9523606695
1.0044262717
0.9924496626
1.0649359635
1.1101813761
1.0394043198
1.0033525345
1.0545352544
0.9122406574
1.0646815769
1.0653453435
1.0322649609
1.1301342247
