-1.1338217950
-1.0573794038
-1.0170980617
-1.0018310647
-0.9911756089
-1.0822747208
-1.0825575394
-0.8931551013
-1.0551061935
-0.9804062098
-0.9241871528
-0.8079585757
-0.8935355810
-1.0347642187
-1.0199517907
-0.9173969164
-0.9192197116
-0.8473054432
-1.0435030568
-0.9742268251
-0.8982824494
-0.9287322976
-1.0403597867
-0.8038983573
-0.9415956206
-0.8436093194
-1.0060256412
-0.9807387978
-0.9600156335
-0.9619850752
-0.9550295621
-0.8438454965
-0.9241929465
-1.0976549286
-0.7803855274
-0.8442320378
-0.9326381431
-1.1108875276
-0.8670499610
-0.8991814138
-0.6827038536
-0.8321489189
-0.8809704466
-0.9509055083
-0.7607304934
-0.8323387373
-0.9163323400
-0.8683795150
-1.0080276287
-0.9441749300
-0.8902233953
-1.0778955928
-0.8817180358
-0.8208432544
-0.8800296586
-0.7926319305
-0.8837672201
-0.9633609557
-0.8667854609
-0.8786841437
-0.9203688366
-0.8781705653
-1.0779734918
-0.9534159882
-0.8458801569
-0.8178883539
-0.7630235661
-0.7320629077
-0.8692242914
-0.9400692052
-0.8390005911
-0.9425617285
-0.7772761353
-0.9511966245
-0.8969802415
-0.8999061530
-0.6899815716
-0.7841713360
-0.8856402852
-0.9592267387
-0.7691170768
-0.9238644718
-1.0416748801
-0.8970606004
-0.8764146417
-0.8132643540
-0.6863245526
-0.9172551236
-0.8578575712
-0.7388352855
-0.8101196497
-0.8517621860
-0.7696032695
-0.8265580633
-0.7513489648
-0.7333370696
-0.8158858595
-0.8274479368
-0.6869061342
-0.8323068093
-0.7059520526
-0.7431680237
-0.7215680770
-0.7374023485
-0.7508877066
-0.8911010147
-0.7819482977
-0.7262029845
-0.7648234429
-0.7447924002
-0.9017595748
-0.6610783192
-0.7674652889
-0.7628557333
-0.6773853464
-0.7914813774
-0.7223698801
-0.6083840957
-0.8463758211
-0.7833293901
-0.7377256447
-0.8143449026
-0.9409176931
-0.7364298387
-0.8311200697
-0.8107749461
-0.6437308491
-0.6852813177
-0.8347606436
-0.7694356898
-0.8301099680
-0.8537390791
-0.7308731011
-0.7294917334
-0.6321114497
-0.6802404139
-0.7050860055
-0.7989904446
-0.5622279225
-0.7339670808
-0.7607272657
-0.6992362266
-0.7052830406
-0.7205157956
-0.6989336389
-0.8484733786
-0.5016273700
-0.6231223355
-0.7169372739
-0.8280516679
-0.7356639032
-0.6256544728
-0.6410328955
-0.6158654932
-0.6001902163
-0.5309411055
-0.6400093672
-0.8009677732
-0.5771735069
-0.7777462976
-0.6272976468
-0.8526247704
-0.7413306142
-0.8842691499
-0.7996212813
-0.6158013248
-0.6976013493
-0.7486140550
-0.6749605893
-0.6473853477
-0.6931099469
-0.5857053058
-0.4963156941
-0.5775179956
-0.6632042342
-0.6373524587
-0.6386728081
-0.8222965110
-0.5485555004
-0.5544585548
-0.7284665925
-0.6881933371
-0.7149236758
-0.5194892632
-0.6140203338
-0.6498875223
-0.6176621605
-0.5624741523
-0.7234480694
-0.6664366346
-0.5681745513
-0.6238255735
-0.6692747888
-0.6546704983
-0.6123253495
-0.6615151144
-0.6297204870
-0.7128780956
-0.7098302419
-0.6763335978
-0.6803782096
-0.6674343459
-0.7175102051
-0.4827129138
-0.3737533446
-0.5318232075
-0.5890805627
-0.6129203268
-0.5343936304
-0.6701575050
-0.5549919082
-0.4721486772
-0.5915033969
-0.6128582002
-0.6680752978
-0.4021089114
-0.5489551686
-0.4117069212
-0.6272966676
-0.5502050109
-0.4954984739
-0.6482958997
-0.4884676807
-0.5929582418
-0.5369185420
-0.5701120009
-0.5920334589
-0.4504626569
-0.5823913104
-0.5269214165
-0.5649196459
-0.3761402989
-0.6723128939
-0.6174991637
-0.6209087957
-0.5954710295
-0.3816259558
-0.4477875772
-0.6102748768
-0.6163054234
-0.5104541943
-0.5339086170
-0.6219115298
-0.5318259565
-0.5128552897
-0.5322431594
-0.5120807943
-0.4787825498
-0.5200492986
-0.5392243384
-0.6527214770
-0.4935425312
-0.5108848947
-0.5885743367
-0.5084605059
-0.5501595381
-0.6178336423
-0.4306897453
-0.6160157262
-0.4539531216
-0.3868821322
-0.4891267245
-0.5990099047
-0.5190189891
-0.4238012153
-0.6187821143
-0.5204798715
-0.5789014744
-0.4978645655
-0.4650885033
-0.4888021336
-0.4546614021
-0.4367905953
-0.3621387385
-0.5612701321
-0.4024550129
-0.4167289286
-0.4141104599
-0.4828617908
-0.2819928240
-0.5408530443
-0.4916788693
-0.3935889389
-0.3408634402
-0.3623190039
-0.6172971710
-0.4580272455
-0.5542642949
-0.5250224745
-0.4184196495
-0.4264504263
-0.4227033701
-0.3553554557
-0.4824022273
-0.3954825484
-0.5441961027
-0.4053567494
-0.3087805865
-0.3941138618
-0.3541338156
-0.4062443824
-0.4285596049
-0.3752420123
-0.3299923365
-0.4344898350
-0.4673416737
-0.3973704920
-0.3861056106
-0.4989822149
-0.2952984814
-0.4647154207
-0.3775273392
-0.5028921265
-0.4523340388
-0.3899392532
-0.2999831465
-0.3735489064
-0.1834889915
-0.4341659986
-0.4082654997
-0.2773813942
-0.2989857017
-0.3352483483
-0.2945305102
-0.3986159474
-0.2781445167
-0.5472934607
-0.4068327222
-0.3294597080
-0.1952786442
-0.2339306839
-0.2987393742
-0.3237641736
-0.4151835673
-0.4674465775
-0.1614447147
-0.2487925638
-0.3913098641
-0.2383313844
-0.3135637590
-0.4007988766
-0.4259317909
-0.4397612620
-0.2946676707
-0.3020157574
-0.3248589872
-0.4753568260
-0.3861634413
-0.3852798514
-0.1381150306
-0.2169606753
-0.3183073722
-0.1962672546
-0.4064619743
-0.2048760138
-0.3347524990
-0.3610371452
-0.1298116484
-0.2743897073
-0.2944808646
-0.3612461830
-0.2924263999
-0.3202821661
-0.3730584246
-0.3011926436
-0.3893693931
-0.2290211922
-0.3720848650
-0.3611062681
-0.4031745559
-0.2305782488
-0.3212318590
-0.2668318416
-0.2400829545
-0.2861038985
-0.2071024534
-0.2581938120
-0.2337289833
-0.2409477183
-0.2713732708
-0.2754230098
-0.1470837460
-0.2005652723
-0.2390817566
-0.2185550881
-0.0703008011
-0.2531789061
-0.3314071241
-0.2735340871
-0.2387739205
-0.2787557321
-0.2428319367
-0.1490554457
-0.0996791928
-0.4066936177
-0.2197936534
-0.2209431990
-0.0624128210
-0.0584065156
-0.1595949291
-0.3308750216
-0.3373470753
-0.1943533060
-0.3277931104
-0.2148479644
-0.2373550748
-0.1512178787
-0.2541446474
-0.0807631496
-0.1490281390
-0.2205187489
-0.0506408021
-0.1399957302
-0.1630642768
-0.1514215513
-0.2355952917
-0.2044708981
-0.0879061655
-0.1303238012
-0.2475350587
-0.2286419124
-0.1673038095
-0.2107586604
-0.2295016252
-0.1339689896
-0.2019445819
0.0364553802
-0.2627590794
-0.0622430668
-0.1818592093
-0.2079256126
0.0194583574
-0.0135170974
-0.0759409711
-0.0454931284
-0.0998263973
-0.1525021933
-0.2096401407
-0.2241102002
-0.0592193457
-0.1482581095
-0.1760534865
-0.0590555066
-0.1199542439
-0.0918844312
-0.1626768130
-0.0698537777
0.0214532000
-0.1670795724
-0.0919307783
-0.1480543869
0.0016783537
-0.0481556947
-0.0400802390
-0.0220334562
-0.0466326222
-0.0650109683
-0.0528351325
-0.0673731747
-0.0227706437
-0.0367691190
-0.0037378005
0.0092132697
-0.0403231867
-0.0035022813
0.0513500002
-0.0727775447
-0.1246996348
-0.1295180418
-0.1468628877
-0.0263193259
-0.0222277086
-0.0339794585
-0.1176782007
0.1525926540
0.0204830688
0.0178203300
-0.0723445054
-0.0801001824
-0.2282779053
-0.0598742515
0.1090152892
-0.0075440413
0.0405234115
-0.1497727159
-0.0807858441
-0.0293794259
0.0182950814
-0.1394085050
-0.0485783199
-0.0415132310
-0.0260464170
-0.0248051538
0.0393474319
0.0405186789
-0.0110141189
0.0957039923
-0.0601324755
-0.1055915928
-0.1205016703
0.0875361817
0.0184738335
-0.0508474309
-0.0136175230
-0.0706620048
0.0648620227
0.0010891125
-0.0124461604
0.0829495528
-0.0851859283
0.0056526783
-0.0377103570
0.0530274914
0.1422548306
-0.1266520476
0.1105935082
0.0633961889
0.0148571723
0.0223073973
0.2160406188
0.0801877262
0.0192133205
0.1123757324
0.0935298301
0.0514565762
0.1976495676
0.1129002762
-0.0479790825
0.1380899483
0.2092582652
-0.0453393566
0.0657109455
0.1702854604
0.0721706966
0.2339674236
0.1155051014
-0.0151479714
0.0133432271
-0.0198617079
0.0165176531
-0.1525067303
0.0921689177
0.0439251790
0.0311817667
-0.0051767391
0.0099379453
0.2738601295
-0.0446332723
0.1392491236
-0.1300882927
-0.0824326020
0.0082652792
0.0865731179
0.1407647010
-0.0259971846
0.0987455770
0.1815890681
0.1902855993
0.1305349030
0.1436842464
0.0907132745
0.1409275182
0.1591460945
0.0686096761
0.2122318928
0.1545326481
0.1237013489
0.2998520677
0.1322337031
0.1963940129
0.1305941533
0.0456965798
0.3519491355
0.0952607174
0.1224335420
0.1784218056
0.0828460853
0.1980443183
0.2245587443
0.1573507395
0.1875949272
0.0912645287
0.2145474526
0.2022271350
0.0469413082
0.0523786773
0.1696332180
0.1663070650
0.1129032276
0.2189688239
0.1583005704
0.1659602141
0.2272239728
0.2283592892
0.2568063589
0.1032004934
0.2867134321
0.1140341405
0.4195573727
0.1440004427
0.2946171892
0.2712644239
0.1867703965
0.2496997648
0.2377724533
0.1118603589
0.4111981564
0.3153208911
0.1857738054
0.3056377015
0.1930977859
0.2466963656
0.1600430048
0.2356138528
0.2813272343
0.3069163597
0.0043412261
0.2138291124
0.2266924763
0.1986068029
0.2285037729
0.2501798850
0.2376416843
0.2242088831
0.3167861167
0.4374058531
0.2491307141
0.2271873825
0.1291777652
0.2666308879
0.3492715598
0.2259292081
0.2042945516
0.2416094879
0.3099928223
0.3360545249
0.3978392195
0.4642597871
0.2526260549
0.3556314501
0.2706059542
0.4047347900
0.4159417304
0.2938126886
0.2538386519
0.3423680078
0.1257646138
0.3087887885
0.3444870842
0.3875021034
0.3294198027
0.1326163842
0.3039889885
0.2934013765
0.2880205015
0.1486004707
0.2912157489
0.2184224778
0.2664010154
0.1339282074
0.2571907755
0.2643586342
0.2404992198
0.4445940987
0.2349199791
0.3747513248
0.4347214999
0.3050096435
0.3963826367
0.3240933050
0.4526876512
0.3188325383
0.3711169311
0.3659619026
0.3262955392
0.3983158335
0.3106892116
0.4152856273
0.2869984250
0.4565169897
0.3335837271
0.2949413961
0.4391685546
0.3564475190
0.5305346158
0.4880312476
0.3250203986
0.2887022139
0.3529630152
0.4012068731
0.3480524551
0.4076902720
0.3646972032
0.4646460528
0.4231680677
0.2400066785
0.1960308980
0.3857107847
0.5317045087
0.4540124887
0.4747205615
0.3338108930
0.3656757151
0.4757902986
0.3528511033
0.3602658913
0.2115909386
0.3843946095
0.3769507026
0.4235623586
0.4625828049
0.3614658644
0.5184377195
0.4814660363
0.4646881042
0.3823005692
0.4963051639
0.2846929958
0.4620164162
0.4310949475
0.4766136093
0.5161753453
0.4427998267
0.4906846095
0.4261590498
0.3122031195
0.4334472103
0.4295725747
0.3811373357
0.5176628630
0.4349865669
0.6313033579
0.3979839115
0.5146124172
0.4325593763
0.4481841244
0.4163839623
0.4850355694
0.5027907606
0.4212869416
0.5472446626
0.2849634392
0.4918171069
0.4490779195
0.5013647260
0.4637369958
0.4191020961
0.4805893566
0.4726419951
0.4570566292
0.4374166368
0.5124153562
0.4380532446
0.4440127932
0.4989819425
0.3963206553
0.4111736096
0.4922977092
0.3571205130
0.6246631693
0.4561726291
0.5959355704
0.5274197532
0.5007105609
0.5576101186
0.4793709958
0.3830168494
0.6378655344
0.3858182046
0.4759559285
0.4956302856
0.5204327868
0.5641402214
0.5019831817
0.6316524160
0.4848118823
0.5116658531
0.5932353887
0.4344528736
0.5873310828
0.5888038295
0.6233700674
0.5087573552
0.3837863798
0.6683930761
0.5514431737
0.5985474707
0.6288513938
0.5397707790
0.6472657023
0.4922186866
0.6438658030
0.6193876758
0.5590066138
0.6688647961
0.4830390923
0.5501445128
0.4805991564
0.5063174399
0.7010240585
0.5819125357
0.6228474210
0.6153538984
0.7057106690
0.6169283706
0.5561399946
0.6078294324
0.6694262560
0.6493033027
0.5991313422
0.6729475047
0.7831508168
0.4540300946
0.5950795774
0.6893483464
0.7470071576
0.5276194213
0.7164518710
0.5980847465
0.6040408351
0.5744581340
0.6400815379
0.6159208749
0.7625269984
0.8751366775
0.5189141169
0.6364575133
0.5379628168
0.6986564624
0.7393934517
0.7141826780
0.6147685308
0.6877082383
0.6983190108
0.5994951022
0.7411780673
0.7042823729
0.6955071853
0.8038745290
0.7358574397
0.6522628223
0.6866375222
0.7689186832
0.6859217423
0.7435084692
0.5940706835
0.5969672824
0.6559583220
0.6519478071
0.8272762906
0.7422827853
0.8501471094
0.7176881885
0.6912238659
0.6047183038
0.5168867056
0.6652460950
0.7289162758
0.8146899353
0.7442553909
0.4945624127
0.6627139068
0.8210665395
0.6992910630
0.8322667060
0.7612883531
0.7640448278
0.9012936800
0.6094524320
0.6796294137
0.8255603220
0.6815219360
0.7563019498
0.6978781207
0.7645358377
0.6153431818
0.8160492069
0.6867557750
0.5750858524
0.6404409203
0.7168414018
0.8012879250
0.7288815501
0.7469739888
0.7383337930
0.7707004472
0.8682148957
0.7350879361
0.7830705300
0.8344885250
0.7175886285
0.7848970662
0.7888043215
0.8049225958
0.8809295863
0.8118806899
0.7025047851
0.7434179103
0.7431721186
0.6802301200
0.8078943392
0.7160450686
0.8243862842
0.8251042164
0.8210538463
0.8162286250
0.9545995099
0.8492573764
0.9827503568
0.8531674445
0.6268570733
0.8054149844
0.7640145440
0.8406662728
0.8020223838
0.8069550866
0.8438244134
0.8799361117
0.7030895054
0.8190481393
0.9784834869
0.8435006197
0.9414074390
0.8279050068
0.9081591195
0.9515347926
0.7109731133
0.7562494611
0.8340926454
0.9416325461
0.8724844774
0.9607027613
0.9724134610
0.8243111880
0.7993546891
0.7511616261
0.8638336628
1.0554464417
0.9851172662
1.0161405742
0.8034376832
0.8846592274
0.9634535630
0.9693600644
0.8127974345
0.8888773294
0.8561497789
0.9052641895
0.8734488716
0.8395965164
1.0301938531
0.8587806487
1.1723478687
0.9895476855
0.8265159464
0.9740583257
1.0719245626
1.0265615354
0.9305051747
0.9188297556
0.8766798597
0.9901035303
0.8745210965
0.8920637427
0.9807015234
0.8234981660
0.9321973889
0.7855233812
0.9808986207
0.9669379543
1.0670392236
0.9842716346
0.8882168123
0.9061796480
0.8247380460
0.9275953172
1.0918969004
0.9319659895
1.0939663939
1.0486984287
1.0395526032
1.0929836107
1.0140074984
0.9346045480
1.0155586054
0.9950947597
1.0393055807
0.9245931039
1.1016247375
0.9551560899
1.0133810636
1.0702584199
1.1378931059
1.0496749132
0.9428587248
1.0687437356
0.9126415427
1.0322544277
1.1083610617
1.1222439123
