-0.9848048706
-0.9326932599
-1.0012027388
-0.9748649936
-1.0328297215
-0.9302069765
-1.0629503927
-1.0058289352
-0.9035378693
-0.9262108874
-0.9617028508
-0.9183763900
-1.0107446845
-0.9718467962
-1.1129429076
-0.9283403865
-0.9879051986
-0.9211091356
-0.9839899806
-1.0843688927
-1.0642449874
-0.8446214136
-0.8423727794
-0.9003510069
-0.8688666827
-0.9322962452
-1.0013595463
-0.8613147337
-0.9486907916
-1.0197200485
-0.8683933673
-0.8444970086
-0.9297161222
-0.6193664409
-0.9330398881
-0.8219327124
-0.7967076029
-0.9754613555
-0.8933819307
-0.9181737276
-0.9562283962
-0.9540517281
-0.7814195968
-0.9325519207
-0.9712563313
-0.8616676530
-0.7672144004
-0.7724235477
-0.9486279549
-0.8943834873
-0.9809430573
-0.8786865960
-0.7481554150
-0.8254680994
-0.9646753268
-0.9962696242
-0.7798453238
-0.9324103255
-0.8244179254
-0.9256751254
-0.7734380166
-0.9055984288
-0.8539717182
-0.8195434894
-0.7469023462
-0.8334709328
-0.9602793258
-0.8515803773
-0.9389222350
-0.8601970051
-0.8433679115
-0.7875783523
-0.8564625380
-0.8892313667
-0.9941306883
-1.0527104128
-0.9307284583
-0.8751838688
-0.9565279941
-0.9563298415
-0.8825123869
-0.7275742587
-0.7590069058
-0.8597051580
-0.7254461856
-0.8152829668
-0.9185033205
-0.8524371257
-0.7974099772
-0.8233010163
-0.9055182124
-0.8003919095
-0.8083295106
-0.8938711369
-0.7527236088
-0.6969157455
-0.7951726860
-0.8232524385
-0.8942789452
-0.9077016397
-0.9009789010
-0.8246666268
-0.7688810913
-0.6992348909
-0.7771117858
-0.7121947105
-0.6440145829
-0.7528353550
-0.7484985051
-0.8205511057
-0.7060411686
-0.7705395985
-0.7733889606
-0.7079675213
-0.8862299569
-0.6618203410
-0.7713945777
-0.7647593121
-0.6300796977
-0.8174678758
-0.6896021547
-0.6861709477
-0.6691911112
-0.7042669591
-0.5855927986
-0.8633823840
-0.7114094699
-0.7483817916
-0.9387200809
-0.7573226171
-0.7416516668
-0.6649792661
-0.7993483716
-0.8170017792
-0.7885851564
-0.6425093024
-0.6794669174
-0.7944939449
-0.7899003279
-0.8691966352
-0.6549502621
-0.7829446944
-0.6030558381
-0.7631591911
-0.6418339768
-0.7270279799
-0.6192309099
-0.7135738210
-0.8709986665
-0.6200573708
-0.5024722310
-0.6702680806
-0.8351464363
-0.7695746737
-0.6858639679
-0.7390774000
-0.5725153248
-0.7789636847
-0.7328384258
-0.5964031223
-0.7440061714
-0.7557944235
-0.7370869502
-0.6518991178
-0.5566776269
-0.6272619812
-0.6165667959
-0.5900354523
-0.6355795225
-0.7237718471
-0.7216224932
-0.5857352519
-0.6211513581
-0.6588794233
-0.6320654056
-0.5783632030
-0.5522793548
-0.7131382012
-0.7175740107
-0.5910700650
-0.6809775798
-0.6112894629
-0.6444762248
-0.6736667117
-0.5389992309
-0.5593067874
-0.8380410036
-0.5002838611
-0.6537815528
-0.6258684765
-0.6095937315
-0.5350797511
-0.5860431231
-0.6302159552
-0.7403559084
-0.7353529085
-0.6462381653
-0.7269204314
-0.6043018944
-0.5467082970
-0.5455712267
-0.7162091959
-0.5391941554
-0.5937339399
-0.5255949113
-0.6508164057
-0.6109677180
-0.5918457860
-0.5772131472
-0.5388564148
-0.5886176722
-0.4851985854
-0.4386629288
-0.6466863365
-0.5662846863
-0.6368029896
-0.4556542382
-0.5789355827
-0.6215330407
-0.6533343939
-0.5758468757
-0.4291137125
-0.5833065576
-0.5534028884
-0.5859254267
-0.5326196048
-0.5905685271
-0.6057103158
-0.4963689796
-0.7151028812
-0.5125173888
-0.5277568489
-0.4036502437
-0.6193452742
-0.4807050027
-0.6101700876
-0.4670486500
-0.5537209465
-0.5008453004
-0.7241588525
-0.6501876863
-0.6220876104
-0.4917688112
-0.6185170446
-0.5723997333
-0.5715468618
-0.3797276855
-0.4744884601
-0.4203233098
-0.4846812026
-0.4336979856
-0.4718169294
-0.4460616834
-0.4831819997
-0.4033858508
-0.5102585213
-0.5735688018
-0.4468885694
-0.4201542159
-0.4460564720
-0.4615636169
-0.4973999716
-0.3423694794
-0.5471447130
-0.4413736822
-0.4954376250
-0.4781883932
-0.4646675459
-0.5388478304
-0.5228053641
-0.3078072308
-0.4147477667
-0.4928916152
-0.5730814493
-0.4981913331
-0.4978292648
-0.3481963651
-0.3021887446
-0.5913330036
-0.4090270727
-0.4190122387
-0.4607137474
-0.4058797708
-0.4255723567
-0.3543182440
-0.3363528521
-0.3984157013
-0.4542775097
-0.4889931251
-0.3270489114
-0.4493850374
-0.3888819398
-0.2826512884
-0.3623719388
-0.4894464543
-0.5364189906
-0.3873463488
-0.3127593861
-0.4005608408
-0.4708757839
-0.4090468289
-0.3668452047
-0.4215999963
-0.5800315454
-0.3671680075
-0.5946684309
-0.4350460391
-0.3321247915
-0.3610230083
-0.4026243226
-0.4846663257
-0.4861052013
-0.3431867220
-0.4495917461
-0.2329367926
-0.4192896659
-0.3609038831
-0.4252165294
-0.3636357153
-0.3469963530
-0.3147419259
-0.4131086925
-0.4420725468
-0.2163789873
-0.4317046650
-0.4080791641
-0.3824926843
-0.4425748650
-0.2438909810
-0.3064549046
-0.2045674689
-0.3072620826
-0.2531064045
-0.3167083118
-0.3580239342
-0.3106175200
-0.2077256730
-0.3050657402
-0.3101820628
-0.2881185043
-0.2988941205
-0.2195979964
-0.2777759796
-0.4443583399
-0.2700305162
-0.3649884647
-0.2494580261
-0.4072080352
-0.2356454575
-0.3549520405
-0.2690116145
-0.4058594096
-0.3757704140
-0.3092315683
-0.3917586623
-0.2999373016
-0.2734058924
-0.3151665167
-0.2626764856
-0.3667215784
-0.2054730198
-0.4136755236
-0.2259068037
-0.1964208341
-0.2145095426
-0.2063825328
-0.3812819924
-0.2624260994
-0.0951259809
-0.3550436669
-0.1912538705
-0.2795264170
-0.1034430045
-0.2941465301
-0.2342849481
-0.2226422200
-0.3096445474
-0.2652234721
-0.1365507366
-0.2842888589
-0.1417858704
-0.1595603213
-0.1601865971
-0.0931752762
-0.2590951694
-0.2300508641
-0.2410145061
-0.0606724181
-0.3046410024
-0.3087029697
-0.1276971172
-0.2483435075
-0.2751218866
-0.2537979351
-0.2259280356
-0.1666718144
-0.2837784321
-0.2565476594
-0.3403971134
-0.1812005016
-0.2764102786
-0.2049353328
-0.1796444673
-0.3285832202
-0.0622349982
-0.1920486377
-0.0888372259
-0.2484451361
-0.3546079112
-0.1783491730
-0.0575377024
-0.2182930177
-0.0911487017
-0.2073309329
-0.0940565488
-0.1594760917
-0.2809883618
-0.0083300252
-0.2003474740
-0.2445257822
-0.2712478728
-0.1929563790
-0.0954168672
-0.3023137420
-0.0885584933
-0.2568620942
-0.1741389357
-0.1376047607
-0.2266466603
0.0021379964
-0.2421571339
-0.2645542995
-0.1852831307
0.0326814662
-0.0082186983
-0.0626927229
-0.1781605473
-0.0755859730
-0.1308586815
-0.0551815307
-0.0721818290
-0.1639623840
-0.2108267999
-0.2143537305
-0.2002103711
-0.0855316941
-0.1472540053
-0.0976029982
-0.0208429585
-0.1690810177
-0.1495754188
-0.1706931608
-0.0093701365
-0.1069275337
-0.0707085057
0.0387879413
0.1235481270
-0.0026352592
-0.0638316078
-0.0886323829
-0.0355248754
-0.1503910583
-0.2236531235
-0.0450617212
-0.0762080198
-0.0325363272
-0.0369894460
0.0887997388
0.0070205011
0.0119745189
0.0363392158
0.0073959200
-0.1497622926
-0.0322091642
-0.0179825506
0.0042843338
-0.0712608628
0.0659968084
-0.0608206626
-0.1389761897
-0.0533907596
-0.0696348668
-0.0923627172
0.0590878186
-0.1665022545
0.0484281588
0.1000255916
-0.1031647183
0.0775739067
0.0314504824
0.0663759123
0.1108357501
-0.0404869700
0.0741278057
0.0681936675
-0.0077594241
-0.0076083905
0.0132089719
0.0231293770
0.0594024260
0.0043886704
0.0565042371
-0.2107858743
0.0246571951
0.1274280971
0.0118276815
0.1202951888
0.1232448696
-0.1327577219
0.0247189087
0.1291185788
0.1431213702
0.0244848488
-0.0061328696
0.0968929451
0.2328300299
-0.1203285464
-0.0172870242
0.0532719496
0.0532384744
0.1821035896
-0.0092591073
0.0336491856
-0.1383092008
0.1868157661
0.0246556105
0.0395441175
0.0079157822
-0.0163165295
0.0742597744
0.0543725129
0.1529065226
0.1481557074
0.1716670331
-0.0142068680
0.0418227207
0.0814388108
0.0108296142
0.0878287364
0.0709790073
0.0419809631
0.1047835504
0.0720823724
0.1273799070
0.0079822600
0.0164328627
0.1788399258
0.0640790630
0.1193010586
0.1183321514
0.2190683672
0.1128696789
0.1745093435
0.0687939831
0.0789019444
0.1063658284
0.1275139113
0.1874434231
0.1619367437
0.1722113977
0.1011043652
0.2851595764
0.1165395543
0.0151830393
0.1330400387
0.1435119009
0.1023639289
0.1867026587
0.1421145531
0.1594963537
0.0790345379
0.0733416801
0.1557797258
0.2820178062
0.1176776483
0.1216081703
0.2063268907
0.1586639016
0.2016587167
0.1097381862
0.1645099566
0.1850945205
0.0587762417
0.1261743241
0.1612840253
0.1126217044
0.1594519780
-0.0527419368
0.2447334367
0.2788230946
0.0819388724
0.2368641459
0.1036927292
0.1004632458
0.1364638794
0.3484652487
0.1922371470
0.2372371893
0.3116710750
0.2189271635
0.1668688676
0.2586201188
-0.0084311627
0.3332082421
0.2192682815
0.2059426413
0.2584800989
0.3431932657
0.2977824613
0.2300860715
0.1637154896
0.2014001632
0.1034792668
0.2444787151
0.2363879264
0.2867753133
0.3247618982
0.3652459983
0.1201980252
0.0866284861
0.3101954105
0.2766226946
0.3307179449
0.1612286408
0.1577026091
0.3148124711
0.1893382770
0.2536686777
0.2948001169
0.2704394751
0.2201144058
0.2924396896
0.3384131577
0.3259726437
0.3689070630
0.2230500272
0.3119931703
0.2047088026
0.1963029506
0.1366368654
0.3514226830
0.1143527309
0.4083344266
0.1840017312
0.2708847218
0.4208489082
0.2353431703
0.3895350944
0.4046973401
0.4079735651
0.2467170842
0.1100913482
0.2952810780
0.1758080266
0.2666664262
0.2325841202
0.2947209083
0.2936186401
0.2590685484
0.3782442046
0.4110551720
0.4081343460
0.2782549347
0.5090224113
0.3205121994
0.4790789005
0.3612977574
0.2457497311
0.3860369118
0.3351214594
0.3176765775
0.4227931759
0.2091189846
0.2469462009
0.3781622219
0.4547293623
0.2849370512
0.4029174188
0.3574847167
0.2607349037
0.3066784627
0.4177063440
0.2928877396
0.3304789707
0.3682988868
0.4849435203
0.2484681401
0.1843070009
0.4145264106
0.3852019587
0.4476027613
0.2503001885
0.2795273507
0.3823981946
0.4041779255
0.3866600651
0.2848242959
0.4327006009
0.3157184694
0.3264365541
0.4513880921
0.4885647354
0.3495122321
0.3703371083
0.4097943679
0.2587244596
0.4298434358
0.4853870428
0.4426287068
0.3987469773
0.4117332477
0.4419663250
0.4806861010
0.3964604286
0.4266893794
0.5336515432
0.4581198390
0.3891119475
0.4639936227
0.4254998188
0.4058678452
0.5412582099
0.3717343462
0.4913122103
0.5024832211
0.3358594068
0.4680426531
0.4399328036
0.4897476755
0.4400755631
0.4608494489
0.4347448040
0.4135191335
0.4244569006
0.4507660236
0.4484867180
0.4800540037
0.3738456987
0.5222611210
0.5002904320
0.3171673177
0.3947336903
0.4609591254
0.4173227830
0.4153232480
0.5296468359
0.3463435664
0.4573174072
0.3981358681
0.5181846727
0.4640627802
0.5491820688
0.5837118981
0.4491866565
0.5476758594
0.5878035772
0.3911848168
0.4493506299
0.5579833382
0.6349275145
0.4394502143
0.6274650986
0.6317241276
0.4582304893
0.5244082954
0.6020733162
0.4636794213
0.4215428750
0.5351258163
0.4889598223
0.5156000285
0.5016060458
0.5000952481
0.6582793982
0.5286244395
0.5731196699
0.4363062443
0.5860701303
0.5050657848
0.5734787937
0.5248636588
0.6137469056
0.5470656232
0.5858052735
0.4387944727
0.6509095914
0.5411856304
0.5018553466
0.4740178768
0.6919943901
0.4505332117
0.6242553558
0.6029087845
0.6855664851
0.7517398825
0.5313799156
0.4818654551
0.5877448443
0.5390372980
0.6105430318
0.6233128141
0.5447402705
0.7919651000
0.6768094359
0.5542570621
0.6086859258
0.5810142088
0.6877375303
0.5915176980
0.6982394658
0.7821847264
0.5907308581
0.6021907351
0.5931310493
0.7371316559
0.8100251464
0.6131491051
0.6303530603
0.6613689789
0.6016415202
0.7624658788
0.6024199078
0.6638569207
0.6066201701
0.7617633268
0.7036866562
0.6438842780
0.6206608536
0.6150632408
0.8119330840
0.7219552568
0.6464499558
0.6840135160
0.5439346043
0.7322914794
0.6051170291
0.6220657425
0.7663084048
0.6281096120
0.6645924507
0.7153504131
0.7655729419
0.6699098812
0.8312068409
0.6552222024
0.6950637438
0.7360607401
0.5678020635
0.7842174754
0.7599649138
0.6375437933
0.6461752668
0.6066650361
0.6505277495
0.6120083363
0.6615234363
0.8013627148
0.7176723566
0.7024262481
0.7790320363
0.7405441256
0.7551458249
0.7496528933
0.7821610413
0.6888479633
0.7696581415
0.6259322081
0.8114577880
0.6759436797
0.6046466427
0.7698982153
0.7225907273
0.8428041741
0.7757594315
0.8462950731
0.7286752041
0.7101467850
1.0122398783
0.7025874433
0.8402521871
0.7547889480
0.8464779275
0.7372165798
0.7010924235
0.7587633854
0.8616686953
0.6215341445
0.6606377838
0.8342152103
0.8841224712
0.8416418736
0.7243967572
0.8659158374
0.7442901748
0.8268799706
0.7294637220
0.8509562054
0.8042629653
0.8611542781
0.9083073776
0.8027148845
0.8003938258
0.8277283673
0.6841754845
0.8196162302
0.8970887555
0.8151234143
0.8255082332
0.8033799496
0.7969533860
0.6726496863
0.7770632441
0.7947103027
0.9097940491
0.7829401756
0.8086757278
0.8883735532
0.8249904628
0.8634027902
0.7916995544
0.7127770901
0.7617051470
0.7269692822
0.8536237212
0.8472745678
0.8095517405
0.9671016251
0.7755852026
0.8443832116
0.7406448753
0.8590379111
0.8407929718
0.8877836483
0.7722918555
0.9398432609
0.8516770761
0.9930208103
0.9567801823
0.8189611340
0.8447573879
0.9140036174
1.0906050106
0.9417106610
0.8710713150
0.8607369729
1.0035021500
0.8125316020
0.8257919618
0.9346259035
0.9766264176
0.9349301607
0.9674296591
0.8547173592
0.9707693276
0.8857145479
0.7833515571
0.8271539839
0.9589477867
0.9671211657
0.8046149631
1.0521464632
0.7374051819
0.8761825898
1.0720685596
0.9788916172
1.0522266297
0.9870264170
1.0116884041
0.8552097281
0.9768218007
0.9074328970
1.1864190763
0.8864625466
0.8287452013
1.1047770008
0.9954948540
0.9895065999
0.9892845222
1.0578947167
0.9060890390
1.0172107383
1.0259185910
0.9494137853
0.8318679666
0.9595126500
0.8621447803
0.9121462576
0.9779129909
1.1123291259
0.9930916852
0.9912003369
1.0116952887
0.9995119261
0.8912999529
0.9312120822
0.9551828054
1.0022424494
1.0147743614
1.0741546816
0.9773186898
