-1.0791873527
-0.8971086836
-0.8418083756
-0.9582968812
-0.9666792707
-0.9791562489
-1.0375592709
-1.1067081127
-0.9258963879
-1.1193980890
-0.9766180774
-0.7889630559
-1.0300737151
-1.1344439265
-0.9948755965
-0.7739144653
-1.1170536463
-1.0602938246
-0.9450283107
-1.0355590900
-0.8636028937
-0.9448531260
-0.9630808584
-0.9894743519
-1.0307959528
-0.7515756197
-1.0778543916
-0.8630917500
-0.9434878664
-1.0159985517
-0.9833096244
-1.0971780661
-0.7265246158
-1.0426306139
-0.9122405542
-1.0139689799
-1.0609761698
-0.8904804650
-0.9323503550
-1.0160205332
-0.8458199870
-0.8877921923
-0.9917961043
-0.8621050677
-0.9348480562
-0.9047391320
-0.9605644067
-0.8180430827
-0.9165745554
-0.8259785860
-0.7060889189
-0.8610405581
-0.9319726760
-0.9266515633
-0.9815522312
-1.0034249821
-0.9801781713
-0.8357622654
-1.0805936492
-1.0130500640
-0.8283934659
-0.9152152795
-0.7314538713
-0.9018761976
-0.8211304089
-0.8196474304
-0.7691945980
-0.9735657023
-0.9208861826
-0.7647498733
-0.8329130053
-0.9345961186
-0.9042764240
-0.9572146196
-0.9132280868
-0.8751968046
-0.8593134784
-0.7758565905
-0.8712675768
-0.7994833915
-0.9031843214
-0.9162823875
-1.0725990317
-0.9039766671
-0.9039959028
-0.7806042512
-0.6386538338
-0.9050736174
-0.7034121990
-0.6809744557
-0.9906292029
-0.6908833458
-0.8820667274
-0.7793708147
-0.9093693127
-0.8240854382
-0.8548795911
-0.8062202872
-0.7266509532
-0.7460146216
-0.7719397060
-0.6479774057
-0.8602896095
-0.7543767057
-0.7773403520
-0.7443128648
-0.5642237122
-0.7807055364
-0.7394798803
-0.8253884138
-0.8416862007
-0.8028764996
-0.7182652198
-0.7369630107
-0.8316812998
-0.7861305827
-0.7778579748
-0.5460782684
-0.6902535639
-0.7542567926
-0.7737898751
-0.6412835896
-0.7247691584
-0.6480727408
-0.7789053705
-0.7863228588
-0.6865671644
-0.7411657593
-0.5943222964
-0.5966011865
-0.8740251121
-0.6918695759
-0.7702755429
-0.7130837842
-0.8142930638
-0.6380830074
-0.5460231536
-0.7202523160
-0.8965398969
-0.8267643158
-0.6936498738
-0.6782130951
-0.7137844728
-0.7118180986
-0.7077314442
-0.7326578357
-0.7214800240
-0.6238731573
-0.7847127647
-0.7803897122
-0.7648815085
-0.6873371189
-0.7662023101
-0.6163880611
-0.7108234529
-0.8616435007
-0.7158647195
-0.7489292653
-0.6220972945
-0.6568629918
-0.5774864461
-0.5967896518
-0.7910539449
-0.7381999607
-0.8389335826
-0.7168992526
-0.6429814565
-0.6357331877
-0.6913893679
-0.6108864311
-0.6987604309
-0.6199421859
-0.5532145063
-0.7020340977
-0.6587790107
-0.7377684355
-0.5290837491
-0.7525112855
-0.7711893714
-0.5442081574
-0.7230254223
-0.6687813083
-0.6380532531
-0.6485471256
-0.5690809097
-0.6388178886
-0.5879683265
-0.5342257812
-0.6645595334
-0.7303876137
-0.6312067738
-0.5224988323
-0.6508070453
-0.5455278765
-0.6615229213
-0.5403813397
-0.6005183847
-0.6409832218
-0.6852531175
-0.6080591598
-0.6090094593
-0.6877006715
-0.6945656706
-0.6515072126
-0.5453499098
-0.5702127856
-0.7306704695
-0.5982377595
-0.6455747309
-0.5945699486
-0.6668787960
-0.7239015001
-0.6360253182
-0.5982326031
-0.6927600611
-0.7125123616
-0.4372782467
-0.5997735632
-0.4587087376
-0.5804703905
-0.4459637988
-0.6458953369
-0.6156940181
-0.5602318189
-0.5700145862
-0.6296252732
-0.5742422155
-0.3613523624
-0.6657225364
-0.4591616608
-0.5550541521
-0.6319820724
-0.6733960402
-0.5393038108
-0.4866511955
-0.5189879539
-0.5508807533
-0.4801115682
-0.4822816996
-0.6019741999
-0.4312101928
-0.7662596243
-0.3469098656
-0.5210589779
-0.4806307022
-0.5600281463
-0.4550336492
-0.5705936172
-0.6156631144
-0.3539829756
-0.5396523447
-0.5991863736
-0.4478975781
-0.6367751681
-0.3596330510
-0.4654195385
-0.5161063021
-0.5145082605
-0.3433130789
-0.3636285479
-0.3518515583
-0.5147844970
-0.4963133490
-0.4530078264
-0.5794666160
-0.3189282388
-0.2749586917
-0.4192140069
-0.4604586500
-0.5930521488
-0.3110456888
-0.5474800327
-0.4847337917
-0.3821040507
-0.5094301389
-0.3413768141
-0.5224919343
-0.4411955893
-0.5001883168
-0.6077632535
-0.4578838772
-0.3243118556
-0.4888373499
-0.4737357151
-0.2991106246
-0.3498853328
-0.2382410015
-0.4176772649
-0.4934503635
-0.4281085726
-0.4049961288
-0.4763811071
-0.4284222787
-0.3702452856
-0.2781462847
-0.4277866202
-0.4440987884
-0.4384868838
-0.3553834388
-0.5368874268
-0.2651171467
-0.3826709973
-0.3552917527
-0.2621435671
-0.4716570396
-0.3824721640
-0.3894290074
-0.4813548794
-0.3503478218
-0.1107186927
-0.3303390986
-0.3745322340
-0.3303681263
-0.4014926924
-0.4570766812
-0.4658143925
-0.2226172064
-0.3537063477
-0.3762286648
-0.3592054499
-0.3623637298
-0.3457423907
-0.3473064046
-0.2086744021
-0.3441494103
-0.5600151467
-0.2780146642
-0.5236053163
-0.3185058146
-0.4626270116
-0.4271619611
-0.3438637315
-0.4145123855
-0.4120606186
-0.2935367007
-0.2564113374
-0.3423133685
-0.4104953799
-0.2524835084
-0.3400423878
-0.2480974808
-0.2216300106
-0.4369022387
-0.3938311370
-0.4293666055
-0.3074162753
-0.4573765525
-0.2864776712
-0.3231128224
-0.1183770752
-0.3345058676
-0.2936194691
-0.2012939535
-0.2993482161
-0.4399385945
-0.2816573605
-0.2091648122
-0.3810013519
-0.2668238216
-0.4483047833
-0.2955594672
-0.2262122117
-0.1657476994
-0.4472519327
-0.2926193586
-0.1890718161
-0.3838714737
-0.3476872115
-0.2764849763
-0.2107564546
-0.3105990225
-0.3426449729
-0.1849183263
-0.0926584016
-0.4202735157
-0.1845560387
-0.3053876092
-0.2642839443
-0.1569629987
-0.2512014382
-0.1362200706
-0.2484878518
-0.2118751680
-0.3928858273
-0.1709142242
-0.4147661794
-0.2980216362
-0.4540084282
-0.2378671388
-0.2041937067
-0.1139090009
-0.2181666995
-0.2984971661
-0.2337926083
-0.2218075746
-0.1449539437
-0.0669772542
-0.2277626306
-0.2898078151
-0.2079712450
-0.1724148960
-0.1681519757
-0.1967000244
-0.1985015233
-0.2380986960
-0.1380854025
-0.2268905936
-0.2232044169
-0.1203844916
-0.1804787744
-0.2392850152
-0.1773044373
-0.2223519426
-0.1475165670
-0.2468874967
-0.0758185988
-0.1500325517
-0.1319086285
-0.0876346374
-0.2520307063
-0.1562698577
-0.0222932941
-0.0641361994
-0.2106056682
-0.1089956735
-0.0917380882
-0.1623433799
-0.1970873900
-0.1694865962
-0.1481031073
-0.2244308804
-0.0469058284
-0.0624021033
-0.0275865696
-0.0371510604
-0.1581465123
-0.0107537571
-0.1131453572
-0.0745885863
-0.0866316396
-0.0446776836
-0.1497933989
-0.1080912168
0.0058355446
-0.2493160517
-0.1000828712
-0.0454914359
-0.1421288355
-0.1382520079
-0.0641478580
-0.1556875402
-0.0323073165
-0.2476180216
-0.1510131603
-0.1267494571
-0.0427208387
-0.1204099565
-0.0866209361
-0.0601780796
-0.1466745506
-0.1338831487
-0.1035437515
-0.1051960553
-0.1975691459
-0.0515562695
-0.1903960927
-0.0996914217
-0.0975979263
-0.0671751474
0.0954791353
-0.1778611926
-0.0506499882
-0.0653659650
0.0266415339
-0.0159570597
-0.0416228443
-0.1472467483
-0.0418389341
-0.0299304289
-0.0599193023
0.0413925076
-0.1002899057
-0.0502267092
-0.0504304998
0.1028588995
-0.2897472619
-0.0656671787
-0.0749889211
-0.1212311154
-0.0429137856
-0.1383422553
0.0104660346
0.0048663644
0.0291489678
0.0629356951
-0.0305057600
-0.1331698775
0.1475895335
-0.0357373514
0.0408455505
0.0429776004
-0.0444294438
0.0271331173
-0.0404678615
-0.0248880102
0.0860447390
-0.0313662347
-0.1593646792
0.1683306883
0.0103699909
0.1819838688
0.0780215490
0.0727615766
-0.0717564757
0.0373715621
-0.0026805423
-0.0274389747
0.1014640921
-0.0388064539
0.1322228287
0.0403533797
0.2300196940
0.2367052152
0.0819036810
0.1178038070
-0.0305397379
0.0492830898
-0.0315319584
-0.0236962267
0.1395120854
0.0142816250
0.0449697197
-0.0070390011
-0.0373337639
0.0327756375
0.0955253654
-0.0242655183
0.0341032262
0.0747411890
0.0880098338
0.0432283882
0.0730253270
0.0845892192
0.1402978991
0.0172838776
0.0351534137
0.0963526571
0.0016694421
-0.0170125902
0.1827899789
0.1549753816
0.1874314199
0.0751039010
-0.0020507751
0.0380450570
0.1429960844
0.1769966326
-0.0007744148
0.3470884315
-0.0333928885
0.0979311409
0.2365882902
0.0445879789
0.2429808397
0.2254618758
0.0923632280
0.1462300386
0.2437425136
0.1411587051
0.2265145139
0.1448457387
0.1382844725
0.0873539074
0.1447449354
0.2621494150
0.1562375289
0.2431445507
0.0665277297
0.1674608316
0.1198747046
0.1915233576
0.1040695876
0.2130872719
0.2240249480
0.1109723339
0.0605730380
0.2145268646
0.2830569751
0.1911893493
0.1443091976
0.1965136482
0.2821497173
0.0659239842
0.1050637253
0.2193205374
0.0862716637
0.1977285012
0.2778518546
0.1808437322
0.1593552862
0.2546836746
0.2471610762
0.1690375768
0.1221985264
0.0699841146
0.3790056214
0.1526624053
0.1863587086
0.2811277124
0.3725688824
0.3687066351
0.4153334543
0.1632260592
0.2296785632
0.0509413237
0.4294382990
0.2099560942
0.2143133162
0.2163234730
0.2330357923
0.2725045826
0.2214951149
0.2553120893
0.2116898344
0.2462842368
0.4256031687
0.1735784102
0.2164322012
0.1791934742
0.1732039209
0.2985735346
0.3467674025
0.2251653762
0.1693358862
0.3382095484
0.3496005514
0.1919587121
0.3393299092
0.3041068014
0.2035674445
0.3306632278
0.1593584706
0.3348980154
0.1402736590
0.1782105506
0.3631707376
0.2940561651
0.2762455395
0.2587857431
0.2598683307
0.4855165695
0.3669023426
0.4412760215
0.2870671686
0.2691150048
0.3002130470
0.2633748814
0.4162218554
0.2898908405
0.2155416967
0.2576583704
0.1963834749
0.4263977892
0.3726987808
0.2866836327
0.3306375311
0.3899292415
0.3406343919
0.2071480771
0.1437555807
0.1830176452
0.3415028199
0.4656491052
0.2685598926
0.3441128875
0.3490739330
0.3763271961
0.4192720458
0.4882517374
0.3922375570
0.3440860872
0.2329963548
0.4286770374
0.4779532277
0.4666848690
0.3133060891
0.4493578655
0.2958404253
0.3858178240
0.2446329717
0.2673857153
0.3413790037
0.3299818428
0.3894249106
0.1916078377
0.3703416237
0.3293403576
0.4075059700
0.3772715052
0.4219641886
0.4599568049
0.5244433747
0.4328228815
0.2510744317
0.3859963488
0.3735053787
0.5491924301
0.3886367384
0.4304353197
0.4500334342
0.4494455762
0.4773532800
0.4067256048
0.5838952241
0.4575853605
0.3556278088
0.2962673842
0.3701895533
0.3591049097
0.4654369835
0.4956721232
0.5056323475
0.4906255837
0.3444604495
0.4895056715
0.2594667153
0.3795281239
0.5800396175
0.5639288521
0.5777085774
0.3375102877
0.4541591152
0.3725907389
0.5328138441
0.3765716597
0.5341616556
0.3204942742
0.4388977932
0.3033110036
0.3996099560
0.4603324408
0.4814012478
0.2870308927
0.3934990879
0.4609317110
0.6151426921
0.5472111031
0.6027063435
0.5290123541
0.4503077529
0.6545113544
0.5445943750
0.4469737915
0.4896653100
0.3963475770
0.4576084590
0.4756538147
0.5178944578
0.5031813470
0.6848775078
0.4779103363
0.5865292254
0.5543353006
0.5361518981
0.4960900319
0.3425682126
0.3916091347
0.5792162060
0.4501083317
0.5130215106
0.3830206203
0.5544945563
0.4829847321
0.4961888688
0.6880382671
0.4821777111
0.4979632873
0.5486614695
0.6115207551
0.5448138802
0.6399019369
0.5146797497
0.6572402465
0.5260425260
0.5662705875
0.6559443894
0.5289984452
0.5742317177
0.5714823870
0.5453364987
0.4455066203
0.5447273409
0.5584543534
0.6209987996
0.5603634043
0.5589827524
0.6097073379
0.7191297697
0.6456412020
0.6743495511
0.6233443333
0.5250444624
0.6112460100
0.7382076642
0.6298269712
0.5811946498
0.7265783280
0.6247175572
0.6702678241
0.6551777530
0.6540038294
0.4800006281
0.6640574702
0.6803527212
0.8086871775
0.5152971527
0.6024263875
0.6852211772
0.7171725923
0.6408088733
0.6034263415
0.6614110791
0.7703119574
0.6271843749
0.6944725909
0.6773291235
0.5220670507
0.6853220492
0.6770769119
0.6792888550
0.6312660111
0.6302353556
0.6091397582
0.7604383718
0.7047869793
0.7766699646
0.7494030485
0.6427668560
0.6338212015
0.4913906818
0.7076805787
0.7208861525
0.8256937287
0.7296859568
0.6510247002
0.6545083357
0.7331993153
0.5803308063
0.5138304059
0.4697293211
0.7435538591
0.7123480846
0.6487558704
0.6482312853
0.4812955538
0.7214268226
0.9140970788
0.7111144478
0.7731514627
0.7874202592
0.7419853412
0.6736622764
0.8026546051
0.8231333159
0.6870902499
0.6498742997
0.7018173279
0.6913034302
0.7747472714
0.7430705083
0.7864630350
0.6914323467
0.7006393868
0.6990820471
0.6563218987
0.6484137940
0.7986238245
0.8123431856
0.7099567480
0.7015232330
0.6765968087
0.8176260479
0.6767835429
0.8228210453
0.7548683205
0.7004101917
0.6956021008
0.8435448746
0.7323431017
0.7532480370
0.8623432508
0.5950496171
0.8889642342
0.8367250233
0.8605957780
0.8445647292
0.7294179679
0.6876881808
0.8333247772
0.7525762362
0.7583035561
0.7065940098
0.7288086932
0.7857270427
0.7020479225
0.8615588937
0.8295933110
0.8251455997
0.7497103007
0.8603680122
0.9409580994
0.8627505574
0.8565549024
0.8812176273
0.8946203904
0.7296778963
0.8998418562
0.9320745242
0.7654579573
0.8636174713
0.8546299384
0.7809515249
1.0139693486
0.8818033837
0.7571496144
0.8706947773
0.7437466580
0.7419591379
0.8248391201
0.7871019698
0.7507431208
0.8755157876
0.8709011991
0.8913799084
0.8364525235
0.8600457641
0.9058699413
0.9015892191
0.8977656164
0.9899156622
0.8389578888
0.8934211053
0.8829044916
0.8127880409
0.9406191385
0.8236335794
1.0652037813
0.8581149200
0.8738756525
0.8394915805
0.9286573492
0.9305098722
0.9021002912
0.9429857125
0.8735049098
0.7960797013
0.8407726132
0.8406976833
0.6671945487
0.9282443774
1.1182536501
0.9662489827
0.9944215798
0.9112047704
0.8892642252
0.9447416337
0.9710434328
1.1369833283
0.8099116125
0.9480384064
1.0114139049
0.8893234161
0.8879537874
0.9220591602
0.9126317038
0.8919261532
0.9345413828
0.9128999603
0.7955894706
0.9762460396
1.0063799353
1.0482458997
0.9934723777
1.0011239441
0.8354976092
1.0123317175
1.0103376631
1.0520834908
1.0219685759
0.9215106517
0.8435303414
1.0591332170
1.1925607426
0.9414299631
0.7970275919
0.9369494024
0.9598041897
0.9383587574
1.0203936334
0.9344793670
