-0.9997082879
-0.9906208867
-1.0171146588
-1.0529788607
-1.0207960210
-1.1494395249
-1.1224815132
-1.0059256559
-1.0412946702
-1.0379886873
-0.9175520895
-1.1358126719
-1.0650315983
-0.9298246099
-0.9589170685
-0.8779328286
-1.0705890548
-1.0420459877
-0.9846344661
-0.9468235810
-0.9700951197
-0.7810175385
-1.0468785626
-0.9284722182
-0.9370700034
-0.9177639506
-1.0338786052
-0.9973206683
-0.9709282437
-0.9601202743
-0.8939034737
-0.8873637358
-0.9795184145
-0.9349846948
-0.9742489759
-0.9432064940
-0.9644912936
-1.1128574205
-1.0600551563
-0.9969921270
-0.9240420660
-0.8995434924
-0.9204328867
-1.0263079415
-0.8389667188
-0.9279329214
-1.0263547935
-0.9426988514
-0.8284153851
-0.8364490357
-0.9517880268
-0.9200263486
-1.0028409186
-0.8616475210
-0.9208021178
-0.9333437154
-1.1349458508
-0.9399746975
-0.9021459958
-0.9052528417
-0.8434819053
-0.9380194598
-0.8232356728
-0.9007656165
-0.8825344328
-0.8564224468
-0.8688248789
-0.8987547172
-0.8764836951
-0.9418903245
-0.7615744801
-1.0675311781
-0.8810050021
-0.7649057284
-0.6881466283
-0.8742117472
-0.7185423078
-0.8149427471
-0.9064436321
-0.9410531447
-0.9550182412
-0.9101921342
-0.7791911634
-0.8056324006
-0.7584529466
-0.8606009791
-0.8026114252
-0.7275504165
-0.8480072911
-0.7180539920
-0.7855993617
-0.6718550260
-0.7981830526
-0.9657401862
-0.8482608032
-0.8661327540
-1.0342771436
-0.6953080750
-0.8288358186
-0.7146860035
-0.7857929025
-0.9191860700
-0.7989910530
-0.8633345453
-0.7963552899
-0.8019408284
-0.8008635896
-0.9004007353
-0.8494659949
-0.9265300298
-0.6935299484
-0.8503130037
-0.7947412620
-0.6685134610
-0.7266609077
-0.8525074774
-0.7908439525
-0.8512122159
-0.7399713849
-0.8327857272
-0.7450215320
-0.6553462331
-0.6921467545
-0.7822747942
-0.6994692574
-0.8114348924
-0.7443720401
-0.6866035605
-0.8442875274
-0.7241052640
-0.7187505211
-0.6013117389
-0.7052914233
-0.8556639306
-0.8554290471
-0.7145348961
-0.7032100282
-0.7457340723
-0.6396380359
-0.9337104385
-0.7709860735
-0.7152612218
-0.7984787477
-0.6158687109
-0.6020960955
-0.8062227200
-0.6822102321
-0.6296791122
-0.6954742394
-0.6081528691
-0.5763088132
-0.8408959382
-0.8844733592
-0.6820147380
-0.8544044287
-0.7012467228
-0.6576756721
-0.6454186155
-0.7346776297
-0.7811316800
-0.7789073002
-0.7852499227
-0.7611716883
-0.6607588195
-0.7188496025
-0.4808092395
-0.6937242777
-0.5300938354
-0.5723627603
-0.6828385869
-0.6854557181
-0.7414440724
-0.6016628948
-0.8406564106
-0.5844739433
-0.7536679057
-0.6769020890
-0.8692488183
-0.7011147923
-0.6790013199
-0.6348369244
-0.5612295823
-0.4929040113
-0.6287474311
-0.4632265757
-0.7478156821
-0.6106533813
-0.7021276853
-0.5416627199
-0.8701989494
-0.5957350723
-0.6913565197
-0.6972792752
-0.6078377945
-0.5890464587
-0.6465569807
-0.7734926319
-0.6285267909
-0.6494191029
-0.7114261176
-0.5282059173
-0.6517076017
-0.6581564866
-0.7202107276
-0.5995319864
-0.6402070864
-0.5414682908
-0.4863094633
-0.4369492373
-0.7415585751
-0.5910237410
-0.5294153320
-0.6311092057
-0.5529735062
-0.4874452005
-0.6766823277
-0.6009940906
-0.7184690537
-0.4903228709
-0.6163989513
-0.5738281891
-0.6231462299
-0.4566683859
-0.5332786952
-0.4294645607
-0.5027315481
-0.4918673838
-0.5746580329
-0.5727485779
-0.4887449384
-0.4321681241
-0.5800702257
-0.6249398992
-0.6202820073
-0.5101090194
-0.5451334405
-0.6480221635
-0.5393911726
-0.5522283804
-0.6445013781
-0.5949146994
-0.4673036028
-0.5966240540
-0.5103109384
-0.6553129609
-0.5174190413
-0.5531728292
-0.3900293964
-0.5014084242
-0.6368536630
-0.6413971133
-0.5630853210
-0.4552353458
-0.5491729513
-0.4494987472
-0.5174326453
-0.5808436696
-0.3978586681
-0.3972106545
-0.5829098003
-0.3544320080
-0.4525573705
-0.4784486857
-0.4463094193
-0.3431392954
-0.4876503804
-0.4981588399
-0.3168027842
-0.3069662427
-0.3547685646
-0.4556597556
-0.4435480500
-0.4039974072
-0.4954770461
-0.3711388788
-0.5001811477
-0.4157186296
-0.3891363256
-0.4148403865
-0.4472987571
-0.4280208334
-0.3399899298
-0.4441410439
-0.4622982975
-0.3980024629
-0.3084657653
-0.4029083902
-0.5274052173
-0.5393430459
-0.3501718019
-0.4408461316
-0.4133562580
-0.3224941343
-0.4822860920
-0.4421545528
-0.3591357668
-0.4556707980
-0.4860889182
-0.4148025618
-0.4035567746
-0.3843550487
-0.5478754147
-0.4049617860
-0.2731937652
-0.5200216161
-0.3324067230
-0.3269476432
-0.4265448608
-0.4214780869
-0.4505684478
-0.3368311404
-0.4047594708
-0.3732184455
-0.4136870301
-0.4510554168
-0.3526760800
-0.4959262110
-0.4429695710
-0.1508072023
-0.3811958835
-0.2119909175
-0.4205677149
-0.3783628052
-0.2968483512
-0.5099681646
-0.3247341604
-0.4146298414
-0.3465472283
-0.2633648244
-0.4537213353
-0.3547723650
-0.2497262704
-0.2196543847
-0.3695152239
-0.4177551988
-0.3615273372
-0.3382861367
-0.3378415391
-0.1886714820
-0.4050638746
-0.3294754986
-0.2258669028
-0.3081753989
-0.3256448752
-0.6100278410
-0.4116464678
-0.3684707036
-0.3172650333
-0.1749875725
-0.2531048708
-0.1077755162
-0.3527443852
-0.3408272476
-0.3267906886
-0.4274995106
-0.4035687135
-0.1774482388
-0.2794525576
-0.3932591941
-0.1578316446
-0.2670688363
-0.3387576230
-0.3960826258
-0.1073459040
-0.2392239926
-0.2495228725
-0.2969763023
-0.2857883100
-0.2135964964
-0.2718845603
-0.2996547076
-0.2005137912
-0.3079610085
-0.1773586927
-0.2365891829
-0.2764753970
-0.2388098292
-0.3248235660
-0.2295906964
-0.2683858010
-0.2598670612
-0.3041506385
-0.3389554941
-0.3206448940
-0.2412733463
-0.2114066292
-0.2107570535
-0.1810906474
-0.1866440603
-0.1438172081
-0.3177466343
-0.2226727566
-0.1534727927
-0.1924530185
-0.1791283223
-0.3280405629
-0.2207006396
-0.2374208171
-0.3508918819
-0.2543550751
-0.3175818930
-0.2588031072
-0.2597748072
-0.2276041940
-0.2610119886
-0.1976815790
-0.2375877427
-0.3116287676
-0.2371435987
-0.1940107000
-0.0597982584
-0.3163165757
-0.0808197572
-0.2537050814
-0.0535221685
-0.0972998065
-0.0388245564
-0.1550954545
0.0645431021
-0.2098914960
-0.1205010270
-0.2071731470
-0.0534062211
-0.1824330777
-0.1924632315
-0.1508644575
-0.0249465108
-0.1142780316
-0.0905826536
-0.2234499952
-0.0950549004
-0.2434985988
-0.1086785956
-0.1266936369
-0.2094247896
-0.1388436165
-0.1135021878
-0.0261822933
-0.1225153995
-0.2389640573
-0.1463707178
-0.0347282633
-0.2081411192
-0.1006022901
-0.1275139939
-0.3019923236
-0.1283127284
-0.1327667158
-0.1168271091
-0.0537842252
-0.2319438244
-0.0562251658
0.0244383226
-0.2073080123
-0.0752956970
-0.1169283179
-0.0226190109
0.0695644844
-0.0470276296
-0.1126348859
-0.1278970067
-0.1177450760
-0.1277592241
-0.0005338010
-0.0228575525
-0.1230675368
-0.2398477336
-0.0182033479
-0.2478661044
0.0003146454
-0.0226123465
-0.0964763078
-0.0036858500
0.0189936302
-0.2178981055
-0.1400278024
-0.0158621166
0.0114532740
0.0408173738
-0.1296014627
0.1067321224
-0.1050033975
-0.0193864932
-0.0344905512
0.0688520012
0.0054853823
0.0035815681
-0.0949530978
0.0827958573
0.0133630235
-0.1199340949
0.1002348561
0.1186367820
-0.0239634697
-0.1100638398
-0.0259495916
-0.0460445719
0.0259058274
0.0236989670
-0.0583002299
0.0203963481
0.1146325393
-0.0123432657
0.0893184121
-0.0329408871
0.0001315444
-0.1116348006
-0.0566640471
-0.0147241984
0.0014211862
-0.0893052823
-0.0119625284
0.0285571150
0.1942641882
0.0656988353
0.1856110615
0.0242719732
-0.0096293506
-0.0698799992
0.0462558529
-0.0224297576
0.1282554407
0.1986161763
0.1430728391
-0.0389716492
-0.0349372873
-0.0165296857
-0.0433362295
-0.1245488288
-0.1287560438
0.1174082695
0.1448572604
-0.0400945039
0.1430078547
0.1061971286
0.1071276121
0.1948074372
0.1481305600
0.0723860187
0.0636661797
-0.0252635027
0.1739587934
-0.0185480834
-0.0270160647
0.0365424220
0.0988332555
0.1592539067
0.1779999683
0.1199113903
0.0829042907
0.0118191888
0.0150096049
0.0441593724
0.0044693777
0.0429843129
0.1012419189
0.2481569640
0.1679953206
0.1568307756
0.3466800747
0.1828929144
0.1138042000
0.2053743647
0.0539574588
0.0108337795
0.1765532900
0.2219261593
0.1019888931
0.2271470967
0.1844839341
0.0943639050
0.1588935991
0.0346958735
0.2133815912
0.0856331190
0.2332122671
0.1486546005
0.2116777687
0.0568569325
0.2556629342
0.2026591866
-0.0659742082
0.1279071926
-0.0090238403
0.1572275692
0.1415465959
0.2049426571
0.3661009507
0.1269301162
0.0922284368
0.1504681257
0.0229453487
0.0938230439
0.2168034743
0.2237588693
0.3410746444
0.1656443930
0.1442611298
0.3047894568
0.1946672856
0.1573456744
0.1236291858
0.2339719398
0.2769393052
0.4078500441
0.2135255298
0.2849551123
0.3331635959
0.0748000288
0.2227154275
0.1908461755
0.2676747085
0.2504136800
0.1337944646
0.0974401378
0.1267118413
0.1624445940
0.2350341707
0.2353281547
0.3066383271
0.1533449053
0.1934121186
0.2689437201
0.2995656167
0.1018967029
0.2218815585
0.1887691048
0.2039133609
0.1403313242
0.2215527552
0.1184316584
0.0914235465
0.3397106242
0.3532459600
0.2271525082
0.3563069622
0.2847658208
0.1501118051
0.2002762245
0.2934013708
0.3857070044
0.3089597724
0.4966686889
0.2920119394
0.3392250284
0.3391700227
0.2482599901
0.3764331002
0.3181365228
0.3986437822
0.4733251470
0.3136990714
0.1933704264
0.3438227600
0.3219210659
0.4487977116
0.3338117773
0.2609725040
0.4648288640
0.3313840885
0.3948044812
0.4144364120
0.2912273430
0.4807800262
0.3237390378
0.4113255276
0.3311754327
0.1749405258
0.3011179461
0.3142486319
0.4077380590
0.1698267380
0.4395867186
0.1368435906
0.4210764560
0.2640495029
0.2816520289
0.4612216813
0.3045254063
0.2309591037
0.3456906940
0.4077518074
0.4428663268
0.3846974164
0.4433974272
0.4447184235
0.3534824197
0.4175113691
0.3251780883
0.3850806903
0.3701244154
0.2978622493
0.4085121430
0.3887688504
0.2674389132
0.3778909349
0.3798042860
0.3833044379
0.4612951067
0.3264221419
0.3933720590
0.3984596412
0.4780543115
0.4609718909
0.4235693257
0.4523790223
0.4970294546
0.4887357912
0.3097058113
0.5257058621
0.5352256292
0.4678545797
0.4346344456
0.3456330053
0.4538187828
0.5160531738
0.3441190076
0.4308921402
0.4150598511
0.5635851899
0.5706640012
0.4365628436
0.3914286284
0.3618051128
0.4532439767
0.4603192278
0.5164597028
0.5102433536
0.5514297201
0.5702090583
0.4142566554
0.4544621619
0.4857102240
0.4003886486
0.4824547253
0.5030565286
0.5571719190
0.4667626065
0.3097007898
0.3704078935
0.6159563389
0.4637484873
0.5810309763
0.6272814928
0.3213669894
0.3853673601
0.5387259497
0.6681726182
0.4914517796
0.4754759747
0.3843741538
0.5673738082
0.4956308066
0.4745897636
0.4514835186
0.5319377281
0.2825610883
0.4362135286
0.5694497171
0.7592322093
0.5670490684
0.4576710333
0.5374987141
0.5144608932
0.6515908534
0.5844510140
0.4470175901
0.4510698014
0.5847040366
0.5372757450
0.5286026695
0.6424394924
0.5338425233
0.5550603485
0.7434667617
0.6061320724
0.5699550236
0.6083574122
0.5402541733
0.4031531796
0.5641041175
0.7163458093
0.6603112651
0.5053498925
0.5617180858
0.5351151070
0.5339968988
0.7466343942
0.5832484135
0.5756974524
0.7038979969
0.5805278727
0.4527283701
0.6411159669
0.6721500663
0.5589592262
0.5187432982
0.8467199462
0.7223048269
0.7452579820
0.6804759610
0.5472391579
0.6973101475
0.5449437925
0.6546960916
0.6190707847
0.6598385185
0.5549995656
0.6268333497
0.5758961086
0.6396438807
0.6194399274
0.6126245619
0.6688667685
0.6757119711
0.6780435987
0.7108773088
0.5324967748
0.5712535463
0.6066084560
0.6345654440
0.6154831319
0.6393625595
0.5850802626
0.6906809253
0.6010315821
0.6322563562
0.7365158495
0.5484501009
0.6047783057
0.6868279452
0.6145005056
0.5881047598
0.6500020485
0.5312239852
0.5295564279
0.6919355749
0.6588926897
0.8755516202
0.5818839148
0.5599421579
0.5795991943
0.6381505193
0.6581566709
0.6371171229
0.6827507302
0.7040237871
0.6756660415
0.7008645445
0.6088102996
0.7365370927
0.8752258398
0.7265143746
0.6345871879
0.7834246267
0.8441011117
0.7511963061
0.7256947571
0.8184882604
0.6932370883
0.7253563026
0.7872890183
0.7551349619
0.6444018277
0.8316468439
0.7834114210
0.7982272555
0.7585289971
0.6354144532
0.6584831249
0.5356314661
0.7819755852
0.6871836885
0.7647902238
0.8656928680
0.8498851081
0.8354509766
0.6221868519
0.7482841623
0.8461544868
0.8658940977
0.8213799979
0.7263016270
0.7569532519
0.8126692866
0.8476367258
0.6362219544
0.7828779545
0.8122419962
0.7649892142
0.7943339970
0.6912125643
0.7619113465
0.7100612642
0.7544175550
0.8804083827
0.7817449483
0.7243794872
0.8557137970
0.7953510697
0.8621361762
0.7455969771
0.9469515851
0.8841918996
0.8319563171
0.7578229305
0.7012884392
0.8176406338
0.8560322254
0.8570618887
0.6952940538
0.7080713681
0.7393074899
0.7993018603
0.6981470444
0.8025717951
0.8095361250
1.0133966557
0.8844949560
0.8088224515
0.8357831249
0.9768287534
0.8274288446
0.9096626389
0.8755085565
1.0182165042
0.6808480789
0.9155974212
0.8158853367
0.7810900390
0.9312355212
0.7707875636
0.8158972038
0.7840772763
0.9274152430
0.9661938035
0.8557026386
0.7924566314
0.8227703048
0.9799148247
0.9232811270
0.8854290618
0.9916012310
0.9207831444
0.8846930267
0.9265756722
0.7728743052
0.7608930205
0.8740126076
0.7932609695
0.7496231390
0.8308267535
0.6831249886
0.8974623822
0.9869027376
0.9973932599
0.9521919285
0.8676234809
0.9706552602
1.0556044103
0.8963045474
1.0305912410
0.9244138404
0.9268031553
0.9293498465
0.7103536453
0.9054604819
1.0995823234
0.7576256782
0.9525374179
0.9962061476
0.7969622775
0.9687001725
0.9304822355
1.0223071315
0.9681747678
0.9555309399
0.8770186951
0.9727277522
0.9613987306
1.0614105547
0.9467674139
0.9981903963
1.0307210010
0.9652328239
0.9105365282
0.8582236336
0.8756090441
0.8130958080
0.9534318869
1.0444848725
0.9100077158
0.9400106630
0.9863609275
0.9344008718
0.9222503832
0.9965897147
1.0851266131
1.0390553975
0.9658928217
