-1.0206117770
-0.9767855465
-0.9998220656
-1.0417551151
-1.0088475729
-1.1347869967
-1.1280849015
-1.0070774898
-1.0486304481
-1.0481926626
-0.9245785282
-1.1146511609
-1.0674992586
-0.9658426729
-0.9336734029
-0.8865247978
-1.0830878533
-1.0420926716
-0.9936731895
-0.9281414738
-0.9494653875
-0.7902976253
-1.0658935252
-0.9062005526
-0.9148018081
-0.9318876439
-1.0291249776
-0.9732996199
-1.0039453968
-0.9736041897
-0.8991090464
-0.8933169103
-0.9572717718
-0.9181069537
-0.9795551776
-0.9308392500
-0.9695436215
-1.1057602906
-1.0556574700
-0.9849802058
-0.9188278321
-0.9053695330
-0.8984404649
-1.0288919395
-0.8515106482
-0.9438331593
-1.0235881489
-0.9423843778
-0.8276959343
-0.8296750230
-0.9586171915
-0.9185065804
-0.9948451986
-0.8861172304
-0.9075266488
-0.9246266437
-1.1344132949
-0.9493878499
-0.8916744865
-0.9042566159
-0.8392018949
-0.9056539540
-0.8447271106
-0.9168317924
-0.8765611442
-0.8592056088
-0.8695218032
-0.9215406993
-0.8678087797
-0.9298233178
-0.7405640626
-1.0609931079
-0.8695842955
-0.7759925364
-0.6763651114
-0.8476470952
-0.7050105022
-0.7963367645
-0.9231199812
-0.9353613239
-0.9783436484
-0.8931217850
-0.7611873284
-0.8082297265
-0.7725012199
-0.8474302414
-0.8162747127
-0.7280592279
-0.8517618480
-0.7141186369
-0.7954437315
-0.6585221874
-0.8214548793
-0.9521112581
-0.8433024035
-0.8496156534
-1.0400131891
-0.6800318874
-0.8411177210
-0.7047989261
-0.7898731000
-0.9284421536
-0.7924541231
-0.8497923242
-0.8184553450
-0.8067646298
-0.8260029050
-0.8993390095
-0.8682898978
-0.9191799905
-0.7046647861
-0.8462333950
-0.7893234889
-0.6708455891
-0.7195433827
-0.8674348615
-0.8051644666
-0.8628308396
-0.7272649589
-0.8227573274
-0.7546286147
-0.6533418542
-0.6756038566
-0.7725576563
-0.6869442913
-0.7894187512
-0.7633028833
-0.7056304489
-0.8392877729
-0.7133002147
-0.7092632226
-0.6333469061
-0.7253209307
-0.8783264971
-0.8471933018
-0.7104202794
-0.6765980516
-0.7341811929
-0.6588947498
-0.9323456861
-0.7727763185
-0.7193129037
-0.7882039509
-0.5879677090
-0.6238043971
-0.8063172790
-0.7156276628
-0.6617380179
-0.6947381114
-0.6217679058
-0.5864636082
-0.8657316364
-0.8843374378
-0.6542945089
-0.8587244466
-0.6987191193
-0.6376208346
-0.6641872736
-0.7294620877
-0.7864303141
-0.7647960072
-0.7698967570
-0.7497124481
-0.6578685879
-0.7181068344
-0.4839720011
-0.6679906383
-0.5425386990
-0.6094120814
-0.6904460044
-0.7018569656
-0.7406941031
-0.6271238224
-0.8129790307
-0.5698657776
-0.7636559956
-0.6815192150
-0.8898087798
-0.6990612953
-0.6543263130
-0.6405362937
-0.5736224373
-0.5241139006
-0.6341724027
-0.4478383329
-0.7575580643
-0.6209826387
-0.7202662828
-0.5471612738
-0.8639422738
-0.6180110967
-0.6976919947
-0.6988533115
-0.5846344750
-0.5944089563
-0.6064935192
-0.8106178428
-0.6425768469
-0.6416584277
-0.6882811845
-0.4997445431
-0.6328250792
-0.6311670234
-0.7224787962
-0.5879072388
-0.6563174587
-0.5364029956
-0.4935521269
-0.4339372515
-0.7307456684
-0.6005240040
-0.5134535974
-0.6457454690
-0.5646451971
-0.4816152780
-0.6533242782
-0.6374770468
-0.6953015978
-0.4804158207
-0.5988365140
-0.5731759960
-0.6020207623
-0.4428576620
-0.5412476760
-0.4467252900
-0.4967276092
-0.4844722519
-0.5421684955
-0.5900709280
-0.4888182250
-0.4126336594
-0.5977402177
-0.6235538681
-0.6179451423
-0.5148259022
-0.5602716018
-0.6323003495
-0.5392002229
-0.5504021342
-0.6306428634
-0.5960472698
-0.4949342463
-0.5804230826
-0.5058328678
-0.6357336044
-0.5553505549
-0.5729148199
-0.3780017781
-0.4973888445
-0.6273902035
-0.6135454225
-0.5631092520
-0.4641126746
-0.5853200417
-0.4304230963
-0.5255738527
-0.5932160576
-0.3810462171
-0.4132154434
-0.5888846532
-0.3702539672
-0.4426347383
-0.4846609918
-0.4556227856
-0.3657714922
-0.4752091603
-0.5009482613
-0.3161150824
-0.3257355451
-0.3390028559
-0.4690870958
-0.4421995689
-0.3905677004
-0.5102778371
-0.3877586261
-0.5052729091
-0.4357460141
-0.3984391558
-0.4282214964
-0.4396979891
-0.4306252835
-0.3447100306
-0.4287469661
-0.4634954920
-0.3989575666
-0.2966339131
-0.4177653892
-0.5293178947
-0.5189473484
-0.3543931467
-0.4393373947
-0.4280985546
-0.3181590936
-0.4663978035
-0.4430772605
-0.3789709196
-0.4589237752
-0.4845194152
-0.4312692425
-0.4048155370
-0.3948508004
-0.5400907169
-0.3928732508
-0.2808014202
-0.5180917565
-0.3386406856
-0.3339988323
-0.4060862203
-0.4308101297
-0.4569543660
-0.3352201339
-0.4330885906
-0.3684921782
-0.4327049992
-0.4406317298
-0.3558030249
-0.5080026497
-0.4087198181
-0.1608786737
-0.3536804675
-0.2180135371
-0.4168618902
-0.3985228323
-0.2787261082
-0.5074708273
-0.3016734707
-0.4165386355
-0.3656922002
-0.2600109462
-0.4673048122
-0.3441031875
-0.2352026213
-0.2180920707
-0.3764963338
-0.4279287119
-0.3603772188
-0.3392172192
-0.3380053354
-0.1829654371
-0.4096412711
-0.3445965657
-0.2238743619
-0.3142232092
-0.3151494679
-0.5977096993
-0.3998796272
-0.3709689445
-0.3072590938
-0.1683144441
-0.2620384987
-0.1203716169
-0.3464199129
-0.3587827653
-0.3236984055
-0.4013808987
-0.4022228077
-0.1898893482
-0.2831468694
-0.3743023058
-0.1646183846
-0.2661178901
-0.3503909258
-0.3725998815
-0.1169019584
-0.2286978802
-0.2362177361
-0.3047956291
-0.2894106653
-0.1930454697
-0.2678581269
-0.2973836241
-0.1668519378
-0.2926825726
-0.1722467420
-0.2215085250
-0.2827119788
-0.2396285676
-0.3196982324
-0.2419740588
-0.2690569465
-0.2546875192
-0.2986350374
-0.3393138366
-0.3095651079
-0.2219412324
-0.1985953395
-0.2032914538
-0.1602181699
-0.1994228774
-0.1519996837
-0.3258546088
-0.2085396662
-0.1532421525
-0.1742723508
-0.1953204548
-0.3337642509
-0.2040504610
-0.2417930055
-0.3469479299
-0.2754160761
-0.3095366458
-0.2487686554
-0.2598723266
-0.2314284046
-0.2721546083
-0.2242594648
-0.2491715148
-0.3201565980
-0.2322397233
-0.1862769842
-0.0601496958
-0.3247451590
-0.0981228060
-0.2442593029
-0.0650518100
-0.0972478759
-0.0215376614
-0.1384823318
0.0491813851
-0.2242350968
-0.1118096466
-0.2199303692
-0.0555162791
-0.1821470186
-0.1876777141
-0.1571009169
-0.0209842063
-0.1170725949
-0.0876834303
-0.2088255629
-0.0693644629
-0.2688297415
-0.1116446588
-0.1800520173
-0.2007122654
-0.1234870745
-0.1077126099
-0.0644334776
-0.1378106692
-0.2542670676
-0.1368817468
-0.0064504595
-0.1750656657
-0.0802862172
-0.1164453485
-0.3167633280
-0.1262500726
-0.1400814693
-0.1261558510
-0.0374362897
-0.2409407683
-0.0594514053
0.0192583688
-0.2230282518
-0.0993094262
-0.1297252552
-0.0497079507
0.0886829463
-0.0748459468
-0.1054928972
-0.1364857121
-0.1040667507
-0.1542490134
-0.0068252843
-0.0348560670
-0.1263109486
-0.2134830808
-0.0272488672
-0.2396964909
0.0007986366
-0.0285964673
-0.1030636990
-0.0257839133
0.0316856210
-0.2347644607
-0.1354253098
-0.0281188490
0.0304192823
0.0542209168
-0.1324098723
0.1027329082
-0.0640805113
-0.0156154262
-0.0429695502
0.0613815434
0.0065658468
0.0142886761
-0.0910684159
0.0922177647
0.0001815110
-0.1243386311
0.1093595005
0.1022085595
-0.0137121880
-0.1036980460
-0.0352386820
-0.0536123226
0.0051622444
0.0201251863
-0.0671449012
0.0465000480
0.1130579026
-0.0226211959
0.0997877910
-0.0338566439
0.0223486412
-0.1314671873
-0.0624213372
-0.0265434095
0.0211906769
-0.0723256159
0.0033633020
0.0374852817
0.1549141993
0.0570084587
0.1615383507
0.0291714652
0.0111445748
-0.0437949345
0.0521914675
0.0076144439
0.1243590942
0.2148389642
0.1283375007
-0.0461673613
-0.0274508086
-0.0130343003
-0.0664820541
-0.1167564497
-0.1296965373
0.1013111085
0.1355546241
-0.0241982906
0.1443388553
0.0999166945
0.0909959789
0.2205580130
0.1303687641
0.0517082472
0.0731600936
-0.0472445081
0.1623249593
-0.0449899494
-0.0114474639
0.0178289484
0.0907936766
0.1393249398
0.1698275782
0.1076736738
0.0808294013
0.0040842487
0.0246285629
0.0758417589
0.0013632600
0.0538445270
0.1127113534
0.2400214434
0.1847773527
0.1583838469
0.3435540540
0.1616498471
0.1344005133
0.2251764940
0.0349882446
-0.0099805059
0.1657404406
0.2177478530
0.1289874913
0.2232903137
0.1819594770
0.0952114491
0.1445707086
0.0267252636
0.1987260328
0.0765454067
0.2329219005
0.1542876270
0.2355330063
0.0635258198
0.2622691782
0.2068421247
-0.0873827774
0.1282587977
0.0064524271
0.1543555296
0.1521949011
0.2239378978
0.3880278883
0.1282746228
0.0732487187
0.1495142220
0.0265260299
0.1035465854
0.2174903731
0.2114837158
0.3171220653
0.1653135995
0.1669700699
0.2810586569
0.1960695679
0.1523427360
0.1347262499
0.2441689127
0.2751501112
0.4115625264
0.2192085364
0.2989157859
0.3356870740
0.0819668250
0.1968597564
0.1758844987
0.2634657295
0.2459627541
0.1340143747
0.0959306786
0.1036937561
0.1436092952
0.2296891243
0.2362578204
0.2679955156
0.1476576910
0.2006082134
0.2596372037
0.2813520403
0.1190211033
0.2244173790
0.2022945381
0.1835031041
0.1268315763
0.2120734479
0.1310999361
0.0876820783
0.3466554260
0.3380549537
0.2099848098
0.3573477056
0.2598938457
0.1659665171
0.1980695627
0.2904624403
0.3892625793
0.3155506001
0.5164623932
0.2718523421
0.3506025942
0.3568669543
0.2738700791
0.3786732663
0.3243295883
0.3933754967
0.4716932637
0.3225274983
0.1866465837
0.3362337945
0.3207063669
0.4217049306
0.3030913893
0.2641908163
0.4816363448
0.3150846489
0.4039957234
0.3999839295
0.3239612864
0.4731441118
0.3270543064
0.4002523941
0.3252117139
0.1755826566
0.3238997140
0.3153322782
0.3976912027
0.1461298530
0.4479987191
0.1402564049
0.4043447002
0.2625306447
0.2883980450
0.4840655063
0.3004120948
0.2168439258
0.3655520707
0.4076703045
0.4434244546
0.3590290681
0.4662099871
0.4478625727
0.3425283498
0.4210866438
0.3155684019
0.3760822979
0.3840489600
0.2736884636
0.4184168858
0.3867134806
0.2828674093
0.3528443677
0.3807102717
0.3848776280
0.4640861102
0.2984691735
0.3778849722
0.4113197947
0.4904903998
0.4580425738
0.4122746852
0.4652361047
0.4837819194
0.4710485468
0.2734955909
0.5427812828
0.5231788859
0.4873649496
0.4455315571
0.3570918531
0.4414199568
0.4942777854
0.3237047839
0.4152277865
0.4469301970
0.5696022104
0.5525800761
0.4294001666
0.3849561667
0.3678706746
0.4698646325
0.4668965383
0.5067212089
0.5122104848
0.5630490355
0.5696432644
0.3985347845
0.4603686010
0.5144859677
0.3997645242
0.4826844759
0.5080440984
0.5526761831
0.4726520412
0.3186967236
0.3617758334
0.6173084575
0.4254375284
0.5772560710
0.6219404819
0.3296905107
0.3803781564
0.5573944343
0.7030765123
0.5010922057
0.4779248564
0.4075101152
0.5539076611
0.4995964542
0.4594468020
0.4632630584
0.5524096642
0.2752908389
0.4459633584
0.5739523405
0.7456216950
0.5595169921
0.4727038068
0.5249314604
0.5017179063
0.6432034925
0.5924437663
0.4660563918
0.4653835069
0.5729265067
0.5063624855
0.5464638444
0.6278733207
0.5635086274
0.6058782613
0.7163696098
0.6005509131
0.5754634125
0.6310214838
0.5432990952
0.4145733473
0.5910885198
0.7237785742
0.6417987769
0.4980990883
0.5647742747
0.5389578914
0.5364060845
0.7546347081
0.5806022090
0.5907986731
0.7087774533
0.5477963649
0.4428087732
0.6454942814
0.6549404791
0.5763006669
0.5249344834
0.8410192190
0.7334513364
0.7396857420
0.6763621586
0.5568333882
0.6999491882
0.5537345635
0.6615065383
0.6052730194
0.6570005728
0.5585592068
0.6208467274
0.5922773674
0.6585832089
0.6062267225
0.6342426366
0.6623115788
0.6559247776
0.6821100478
0.6990921202
0.5304064506
0.5732340473
0.6023660237
0.6304836417
0.6175863601
0.6301369086
0.6020920865
0.6946302678
0.6079160539
0.6402764493
0.7518517250
0.5462459051
0.6002384842
0.6987986673
0.6171611073
0.5563497793
0.6257358702
0.5273232424
0.5072431217
0.6786642881
0.6683240839
0.8744612122
0.5833767009
0.5598049005
0.6068802182
0.6318518422
0.6672676943
0.6039710588
0.6891483352
0.7077185495
0.6938971279
0.6952180346
0.5842569522
0.7365770711
0.8892084574
0.7143774110
0.6237721169
0.7784075441
0.8508087277
0.7485528333
0.7209583632
0.7911106837
0.7074446519
0.7261442088
0.7835411292
0.7512182873
0.6110119479
0.8267206409
0.7864780958
0.8111286908
0.7359004885
0.6453653756
0.6454850356
0.5574891553
0.7733054820
0.6894914143
0.7557157549
0.8670728644
0.8534953620
0.8262729640
0.6231395725
0.7352468917
0.8440588654
0.8395312575
0.8185406508
0.7091078437
0.7453603845
0.7936665104
0.8632945502
0.6381944776
0.7891266419
0.8068246804
0.7636694310
0.7691166181
0.6790566482
0.7718590056
0.6997310184
0.7617979487
0.8545168565
0.7855228337
0.7293731676
0.8336687303
0.8017808932
0.8748966204
0.7539536852
0.9532353685
0.8500895829
0.8461660550
0.7508425892
0.7378300521
0.8232881768
0.8595360697
0.8703923355
0.7013058447
0.7086891024
0.7338765872
0.8244685283
0.7029334336
0.7997169400
0.8208750518
1.0241304839
0.8658783467
0.8201102363
0.7895281721
0.9717381177
0.8576616524
0.9156206479
0.8895242506
1.0261967523
0.6643001219
0.9039111413
0.8153032068
0.8010416017
0.9163906564
0.7632406617
0.8172379784
0.7879589476
0.9396263668
0.9827668617
0.8575320161
0.7680043050
0.8249041438
0.9975461157
0.8975855298
0.8693688120
0.9787852233
0.9124268079
0.8943811693
0.9211964329
0.7789048980
0.7723737533
0.8849549067
0.7778242968
0.7727864356
0.8302910647
0.6778120557
0.9058574736
0.9821764042
0.9832696650
0.9364803655
0.8691983904
0.9764002604
1.0757316334
0.8991546832
1.0316491856
0.9151512238
0.9341867458
0.9495641862
0.7097323770
0.9066432551
1.1108313850
0.7829432376
0.9597282662
1.0064142814
0.8124134578
0.9761453651
0.9272543514
1.0180679634
0.9572180415
0.9576419170
0.8703927595
0.9624717919
0.9653822735
1.0677189609
0.9439274193
0.9990376198
1.0369464291
0.9581268122
0.9041341322
0.8585681532
0.8824778372
0.8196592170
0.9595145574
1.0431109202
0.9014633022
0.9502110612
0.9895035309
0.9317591205
0.9328099888
1.0097218747
1.0961869860
1.0251919747
0.9588922438
