-0.9837676303
-0.9512298208
-1.0061168134
-0.9846448221
-1.0549209510
-0.9352985509
-1.0468841057
-0.9899159551
-0.9002476621
-0.9191487202
-0.9762455748
-0.9244598650
-0.9891888322
-1.0023520709
-1.1044928165
-0.9360417773
-0.9801801768
-0.9166449954
-0.9794289742
-1.0920340928
-1.0706533559
-0.8473426557
-0.8594260131
-0.8875594262
-0.8721523333
-0.9476730098
-0.9953883752
-0.8692280981
-0.9308101717
-1.0346943049
-0.8963763051
-0.8337892581
-0.9268845525
-0.6247654380
-0.9488364987
-0.8265617859
-0.7877476451
-0.9818208097
-0.9028154169
-0.9243757948
-0.9478009743
-0.9444449335
-0.7934128093
-0.9423452143
-0.9815340560
-0.8625374573
-0.7616340218
-0.7577798083
-0.9301234079
-0.9104536573
-0.9693729539
-0.8861596544
-0.7520161064
-0.8099797788
-0.9491616257
-0.9881179216
-0.8130412847
-0.9246967570
-0.8240877743
-0.9454995755
-0.7902088372
-0.9043875118
-0.8448042376
-0.8198873981
-0.7572018294
-0.8333445841
-0.9467575800
-0.8601874697
-0.9132802435
-0.8599474147
-0.8503791650
-0.8154531047
-0.8553781407
-0.8782348536
-1.0015134076
-1.0477212554
-0.9172992162
-0.8890692888
-0.9831264619
-0.9696726228
-0.8990335542
-0.7281142237
-0.7617244342
-0.8497329384
-0.7267377160
-0.7971544377
-0.9088741016
-0.8320603657
-0.8193851926
-0.8318531017
-0.8911954805
-0.7572130429
-0.8276652658
-0.9070008190
-0.7719409824
-0.7319123240
-0.8057040669
-0.8662137501
-0.9045196448
-0.9256022930
-0.8859962183
-0.8166248825
-0.7446417302
-0.7083521056
-0.7792716894
-0.7172785871
-0.6344722833
-0.7707908898
-0.7450484369
-0.8076318418
-0.6857564911
-0.7980030433
-0.7728283267
-0.7153350689
-0.8872154546
-0.6565010457
-0.7606813784
-0.7841138528
-0.6289204499
-0.8616871391
-0.6893806318
-0.7098311642
-0.6941181630
-0.6824102545
-0.5977235055
-0.8673086945
-0.7218011183
-0.7506683819
-0.8997404334
-0.7640126825
-0.7290101046
-0.6585188705
-0.7981462035
-0.7944168769
-0.7835417723
-0.6539361409
-0.6811321358
-0.8004827419
-0.8074483101
-0.8619487339
-0.6505702271
-0.7710648284
-0.6089375619
-0.7544645094
-0.6293793978
-0.7421791048
-0.6301494107
-0.7374136857
-0.8702074698
-0.6272028254
-0.5171122594
-0.6664461262
-0.8551036877
-0.7599860096
-0.7078391609
-0.7415149957
-0.5848862197
-0.7749582868
-0.7269999133
-0.5994284479
-0.7519655161
-0.7539298870
-0.7364427015
-0.6508292105
-0.5394452763
-0.6507989889
-0.6248283170
-0.5847950311
-0.6417426719
-0.7003463773
-0.7290672171
-0.6063215307
-0.6122853142
-0.6673926748
-0.6242774259
-0.5868880314
-0.5384170605
-0.7178303550
-0.7075177868
-0.5756301823
-0.6921804005
-0.6207276716
-0.6498617060
-0.6483016059
-0.5439694447
-0.5978187749
-0.8312867098
-0.4891303317
-0.6688738993
-0.5990277053
-0.6192192839
-0.5126489414
-0.5885225299
-0.6259251457
-0.7398349324
-0.7707176463
-0.6662976510
-0.7213922432
-0.6234346930
-0.5757287882
-0.5337910956
-0.6845880601
-0.5373604004
-0.5964375150
-0.5407676778
-0.6460760443
-0.6166685992
-0.5658588955
-0.5964604506
-0.5117098591
-0.5662059169
-0.4637576850
-0.4553761979
-0.6253346350
-0.5525665904
-0.6292839071
-0.4403942013
-0.5755026630
-0.6332369224
-0.6186792324
-0.5699291668
-0.4281483662
-0.5900224951
-0.5513432008
-0.5650944832
-0.5320615337
-0.5849553389
-0.6028798615
-0.4955978972
-0.7155994830
-0.5112314839
-0.5359181405
-0.4332034369
-0.6229137914
-0.4818461032
-0.6290246783
-0.4436913096
-0.5610006343
-0.4908021934
-0.7196010243
-0.6469824268
-0.6193828833
-0.4934558739
-0.6319573424
-0.5738007510
-0.5909625854
-0.3910826062
-0.4977772301
-0.4134331934
-0.4885969221
-0.4491776721
-0.4728799800
-0.4524045627
-0.4871631848
-0.4139971344
-0.4918739457
-0.5938852595
-0.4532561564
-0.3967145799
-0.4560726322
-0.4830867957
-0.4978679047
-0.3363962546
-0.5297460177
-0.4635888813
-0.5006496836
-0.4896337282
-0.4537405092
-0.5300762310
-0.5174938420
-0.3185964382
-0.4022511883
-0.4801122166
-0.5592536195
-0.4969220159
-0.4769375236
-0.3668764742
-0.2940664224
-0.6054105835
-0.4162864869
-0.4237862384
-0.4830412615
-0.3972297549
-0.4082156291
-0.3571337592
-0.3616165565
-0.4212005256
-0.4690107269
-0.4764560812
-0.3481326327
-0.4226476153
-0.3877390541
-0.3080034932
-0.3498015313
-0.4996079017
-0.5449471929
-0.3768466403
-0.3170605215
-0.4045152901
-0.4597291020
-0.3990063445
-0.3448111501
-0.4174536922
-0.5391164654
-0.3978188578
-0.5808150698
-0.4395980788
-0.3233366849
-0.3682451712
-0.4028248180
-0.4684901939
-0.4819090762
-0.3206698849
-0.4660558790
-0.2431354314
-0.4584768320
-0.3417231316
-0.4137846919
-0.3752368568
-0.3579072335
-0.3107267236
-0.4027659439
-0.4401045197
-0.2206301832
-0.4399475841
-0.3953109795
-0.3812524917
-0.4401946437
-0.2384284661
-0.3258198271
-0.2081394233
-0.3039484649
-0.2608493069
-0.3214591547
-0.3566163345
-0.3038507721
-0.2278302662
-0.2924242161
-0.3129993436
-0.3121481330
-0.2862723950
-0.2175100142
-0.2741187593
-0.4561240102
-0.2683958591
-0.3533554871
-0.2490674880
-0.3992164566
-0.2414612511
-0.3695907492
-0.2874167977
-0.3917923838
-0.3677987922
-0.3104006927
-0.3874414353
-0.2873898289
-0.2556261192
-0.2944064312
-0.2699417981
-0.3477228938
-0.2056180738
-0.4130367801
-0.2292577579
-0.2406693092
-0.2299874401
-0.1828783853
-0.3768839649
-0.2550299913
-0.0995186392
-0.3559559709
-0.1943628394
-0.2813272535
-0.1238181101
-0.3032481035
-0.2544391269
-0.2231244293
-0.2969937520
-0.2543723416
-0.1397428569
-0.2740676982
-0.1296579172
-0.1520876719
-0.1931710537
-0.0723709091
-0.2396530338
-0.2388241162
-0.2286672468
-0.0490184027
-0.2744471784
-0.2833759503
-0.1270096633
-0.2618388941
-0.2931665005
-0.2384941759
-0.2384829929
-0.1608275028
-0.2811006293
-0.2562587912
-0.3102685642
-0.1943502576
-0.2849627835
-0.1915739803
-0.2039054859
-0.3494082923
-0.0498188391
-0.2233039231
-0.0653386672
-0.2534577847
-0.3589810223
-0.1664707592
-0.0392345830
-0.2157990026
-0.1106390593
-0.2159178560
-0.1078240023
-0.1974255882
-0.2818383713
-0.0260417793
-0.2132819551
-0.2423536110
-0.2623729078
-0.2235897977
-0.0918593611
-0.2963686599
-0.0636517607
-0.2609163388
-0.1715096480
-0.1518786180
-0.2173814746
-0.0049328535
-0.2360192358
-0.2712197287
-0.1823951127
-0.0023230589
-0.0442976838
-0.0753358206
-0.1936900919
-0.0704030707
-0.1382731973
-0.0583867680
-0.0532734993
-0.1510032284
-0.1903579027
-0.2118743574
-0.1969630738
-0.1332877408
-0.1592030752
-0.0801034549
-0.0034072237
-0.1678301229
-0.1737112149
-0.1619023826
-0.0039936579
-0.1205589736
-0.0758930870
0.0566857298
0.1269919086
0.0208050060
-0.0547312854
-0.0893478350
-0.0234278518
-0.1115900016
-0.2216537843
-0.0405097930
-0.0876049632
-0.0199872840
-0.0520310744
0.0696965820
-0.0051219948
-0.0105709156
0.0602220327
0.0139917383
-0.1352913747
-0.0451006950
-0.0328239004
-0.0108504341
-0.0480411232
0.0487407846
-0.0459275819
-0.1415331901
-0.0548283751
-0.0808731398
-0.0976410977
0.0895104407
-0.1596021583
0.0497019983
0.1051832178
-0.1271831892
0.0809196657
0.0482010862
0.0703209567
0.1255207772
-0.0464819818
0.0883726050
0.0565834317
-0.0015866467
-0.0386961436
0.0008715938
0.0182510142
0.0296643246
0.0102024696
0.0675840020
-0.1890517372
0.0662389200
0.1264716414
-0.0019916384
0.1528899549
0.1238262401
-0.1477471785
0.0233257749
0.1214275028
0.1345191680
0.0387875832
0.0224191100
0.0852269898
0.2372330813
-0.1060871767
-0.0048266011
0.0495298056
0.0410604222
0.1878240913
0.0176231520
0.0647075280
-0.1500484790
0.2150824621
0.0250609101
0.0072493616
0.0131621351
0.0045068821
0.0654247015
0.0558606005
0.1178383805
0.1651360270
0.1743864906
-0.0189462871
0.0488486621
0.0895653172
-0.0015476757
0.0926944634
0.0548314969
0.0288783323
0.1046391068
0.0724626839
0.1590164092
-0.0030747881
0.0018575026
0.1713340820
0.0744620636
0.0863589875
0.1090876128
0.2396662893
0.1164353758
0.1773812492
0.0751567827
0.0595876953
0.1201697261
0.1331069159
0.2057964162
0.1526380740
0.1472516542
0.1092686681
0.2841275401
0.1183426187
-0.0100557708
0.1380474977
0.1423275929
0.0842748155
0.1626930544
0.1369736471
0.1396703766
0.0666803182
0.0768998176
0.1464625699
0.2725450439
0.0867293276
0.1247296342
0.1996615764
0.1450003725
0.2041849201
0.1300033288
0.1423768490
0.1911502762
0.0556242345
0.1286085572
0.1146286443
0.1217687846
0.1607058784
-0.0683467255
0.2301880014
0.2862747829
0.0741219710
0.2237523625
0.1020804761
0.0971662837
0.1187801325
0.3349362459
0.2061324579
0.2342043660
0.3326725009
0.2163334181
0.1696759212
0.2536977525
0.0143530487
0.3072358695
0.2074682202
0.1998993672
0.2794551021
0.3445058621
0.2809214433
0.2330120913
0.1441159532
0.1786958976
0.0809449120
0.2480001588
0.2060559543
0.3002001607
0.3354775679
0.3641106200
0.1036175979
0.0740805120
0.3030299242
0.2865424128
0.3348127460
0.1855934865
0.1566074512
0.3089616000
0.1662045759
0.2442779261
0.2765412399
0.2726657088
0.2137724136
0.3156209505
0.3512562797
0.3221978666
0.3623081493
0.2119763912
0.3273650714
0.2069961515
0.1808277864
0.1441444947
0.3520591552
0.0842343719
0.4081958551
0.1633262780
0.2931355439
0.4174629135
0.2402163914
0.3997458780
0.3881234581
0.3972195621
0.2657169309
0.1079628822
0.2661260625
0.1885050020
0.2503423148
0.2155732882
0.3037435727
0.3121317804
0.2844505522
0.4051165860
0.3904590658
0.3846227556
0.2628381854
0.5103314841
0.3442709656
0.4772581756
0.3434618692
0.2525496953
0.3949626600
0.3291443911
0.2988395830
0.4143135306
0.2097604000
0.2485846220
0.3793436086
0.4452326260
0.3162940664
0.4030558748
0.3581090681
0.2594881292
0.3349293012
0.4269066018
0.3029871792
0.3348717588
0.3817431072
0.4635152975
0.2494838570
0.1833476474
0.4169255892
0.4154984218
0.4332006025
0.2498501537
0.2851161037
0.3804240972
0.4009798977
0.3887057669
0.2825354902
0.4531843141
0.3341735289
0.3171176648
0.4262547957
0.4656199027
0.3611822568
0.3675405771
0.4207548744
0.2798410751
0.4509927139
0.4876291465
0.4659070805
0.3891000943
0.4012579295
0.4473783622
0.4806781627
0.4057570557
0.4096472549
0.5215056841
0.4404749154
0.3895146617
0.4771870158
0.4406177009
0.4029284840
0.5269501157
0.3905601936
0.4711137289
0.4880268011
0.3307436233
0.4708371089
0.4414555576
0.4974084212
0.4539980780
0.4512883100
0.4160636421
0.4333020945
0.4333528069
0.4569848880
0.4589961479
0.4822808856
0.4041248347
0.5221987469
0.4697922088
0.3182227130
0.3723207952
0.4531454324
0.3944038965
0.4184114002
0.4955100167
0.3304503406
0.4343460510
0.3786873792
0.5075631314
0.4653744488
0.5550903925
0.6045970640
0.4455897990
0.5415541168
0.5805957589
0.4011149094
0.4623556107
0.5798973894
0.6545859760
0.4552506948
0.6458863694
0.6061545761
0.4961382388
0.5595052692
0.6015856724
0.4567785217
0.4332562713
0.5507447581
0.4762852964
0.4991699195
0.5072299640
0.4993110052
0.6453642569
0.5129703164
0.5594541670
0.4427378069
0.5721474191
0.5196280656
0.5490670133
0.5129622186
0.6092679573
0.5561588038
0.5902900291
0.4341216316
0.6299358289
0.5272614735
0.5022103205
0.4728395465
0.7166703950
0.4723714109
0.6060166298
0.5888738527
0.7010000274
0.7259764027
0.5455743950
0.4495291195
0.5832683473
0.5573772960
0.6090532555
0.6129875883
0.5498785090
0.7730970980
0.6824152213
0.5629940630
0.5953737441
0.5882252694
0.6662803383
0.5876411395
0.7172880563
0.7835271888
0.6054076771
0.5899958361
0.5891766653
0.7242629946
0.8078507158
0.6176695353
0.6256829471
0.6717198737
0.5882783303
0.7607198379
0.6104412987
0.6391396698
0.6302224839
0.8000727071
0.7040490633
0.6806946310
0.6107990948
0.6287646481
0.7978363640
0.7447417970
0.6538875063
0.6718271815
0.5265669967
0.7358866024
0.6020508821
0.6364961589
0.7794547989
0.6214985421
0.6729467132
0.7197949953
0.7315761838
0.6628425159
0.8317922850
0.6419706130
0.7009835563
0.7303626146
0.5611367080
0.8073880285
0.7712591072
0.6385464368
0.6486810838
0.6323923361
0.6406178913
0.6195240677
0.6355962638
0.8030657552
0.7322003170
0.6997496723
0.7969008489
0.7440903895
0.7487026735
0.7770729252
0.7924681204
0.6806781265
0.7639074373
0.6317264915
0.7955695981
0.7036205153
0.6001601442
0.7364691001
0.6939793301
0.8625409235
0.7702566012
0.8180072512
0.7114392149
0.7152570034
1.0288939439
0.7133821705
0.8512277300
0.7633888603
0.8444399435
0.7320543097
0.6986043916
0.7510582549
0.8593282546
0.6476096202
0.6695322815
0.8323752508
0.8800199270
0.8299896944
0.7012935776
0.8518671737
0.7449001897
0.8194333891
0.7119003520
0.8484137289
0.7844993270
0.8702651449
0.8920385488
0.8022954624
0.7906668088
0.8641899443
0.6910685396
0.8056395281
0.8660304076
0.8237068893
0.8063051340
0.8068471081
0.7804145277
0.6847418746
0.7602670258
0.7940548158
0.9197627392
0.8167019925
0.8134453899
0.8894235879
0.8450583794
0.8533373767
0.7961814478
0.7122560070
0.7693693301
0.7301342644
0.8590480505
0.8467172393
0.8085968917
0.9553856864
0.7476827230
0.8500023093
0.7336297657
0.8639823658
0.8536109597
0.8814479855
0.7620060287
0.9521413477
0.8514790376
0.9775826331
0.9421269856
0.8076216553
0.8522684486
0.9264696487
1.1006081236
0.9377137938
0.8670618838
0.8490724858
1.0007363091
0.8069929354
0.8319331825
0.9390362776
0.9867205510
0.9477460458
0.9706499263
0.8522811182
0.9627817353
0.8993523518
0.7801695876
0.7975165076
0.9477443258
0.9584186149
0.7961868804
1.0406474176
0.7338956358
0.8581305186
1.0926028693
0.9800870302
1.0571595729
0.9763789207
1.0016440170
0.8537196541
0.9788839044
0.9151313469
1.1737094748
0.8778291623
0.8586403992
1.1144111914
1.0021821664
0.9995761186
0.9887772913
1.0813268671
0.9408811294
1.0103476862
1.0378286696
0.9588290609
0.8362430440
0.9579263289
0.8520741293
0.9058351130
0.9923479705
1.0674948170
0.9929637358
0.9885050392
1.0264107959
0.9846821539
0.8831057107
0.9206847057
0.9696291194
0.9921414045
0.9958165343
1.0941033282
0.9853557042
