-1.0654749719
-0.8678621189
-0.8402531968
-0.9792269851
-0.9528262873
-0.9733520276
-1.0414748681
-1.1411476955
-0.9176682524
-1.1147212800
-0.9862577979
-0.7971250908
-1.0207916993
-1.1073588515
-0.9755267792
-0.7884896293
-1.1349176877
-1.0714999394
-0.9571530803
-1.0265028602
-0.8844191194
-0.9461450277
-0.9889785409
-1.0069270871
-1.0603375257
-0.7454019288
-1.0890927146
-0.8707037041
-0.9576167134
-1.0158859969
-0.9662749107
-1.0994813832
-0.7097587970
-1.0421253696
-0.9024832761
-1.0021620562
-1.0427251330
-0.8728594157
-0.9397118727
-0.9974972626
-0.8486524903
-0.8982870712
-1.0065657669
-0.8684340682
-0.9679630448
-0.9209952920
-0.9361705462
-0.8296349428
-0.9121553277
-0.8441841753
-0.6902136844
-0.8550652342
-0.9183105300
-0.9268600712
-0.9946030879
-1.0038219019
-0.9780959453
-0.8180191059
-1.0988339321
-1.0204441170
-0.8248768888
-0.9277381993
-0.7295744061
-0.9217425655
-0.8259773185
-0.8046241764
-0.7711047358
-0.9932301082
-0.9192708514
-0.7558205182
-0.8355586357
-0.9245883962
-0.8987374363
-0.9653283848
-0.9242889723
-0.8570089890
-0.8837436641
-0.7925874316
-0.8573795746
-0.7652669826
-0.9154489659
-0.9064416118
-1.0873525637
-0.8970778388
-0.9174697292
-0.7529462968
-0.6295486370
-0.8831025002
-0.6947659324
-0.6843130386
-0.9876266987
-0.6925805720
-0.9074445600
-0.7837662458
-0.9230164824
-0.8377627740
-0.8678326122
-0.8035705261
-0.7214325583
-0.7367691771
-0.7536574361
-0.6833381561
-0.8373515872
-0.7395728860
-0.7664112213
-0.7090800855
-0.5435671876
-0.7991548565
-0.7545992467
-0.8106036704
-0.8536425243
-0.7995481957
-0.7134138552
-0.7394512185
-0.8114481332
-0.7798775280
-0.7841639318
-0.5322675601
-0.7123732688
-0.7563155497
-0.7657538353
-0.6082728771
-0.7151946668
-0.6462942867
-0.7926499100
-0.7543899970
-0.6655578636
-0.7393972586
-0.6244586850
-0.5940962420
-0.8705794568
-0.7077549968
-0.7601047065
-0.7323451552
-0.7845113266
-0.6171903503
-0.5470103799
-0.7217177051
-0.8798385555
-0.8286700370
-0.7004580772
-0.6811258169
-0.6758114339
-0.6809538129
-0.7156837202
-0.7173898569
-0.7184924136
-0.6084981693
-0.7956716818
-0.7657010325
-0.7594714474
-0.6666715137
-0.7607023720
-0.6101583183
-0.7118153439
-0.8572658056
-0.7214817208
-0.7421363428
-0.6023064624
-0.6689619621
-0.5812069531
-0.5908301992
-0.8007283964
-0.7566312070
-0.8472857238
-0.7200043368
-0.6364660126
-0.6427042693
-0.6946925471
-0.5968685955
-0.6736543368
-0.6095474915
-0.5518163497
-0.7090355197
-0.6628933343
-0.7468058979
-0.5329672556
-0.7363425461
-0.7543628272
-0.5315016637
-0.7231948346
-0.6737990617
-0.6437307687
-0.6495278132
-0.5514988906
-0.6503724603
-0.5765496674
-0.5525485102
-0.6519392454
-0.7354085743
-0.6302189772
-0.5351531149
-0.6268026668
-0.5315505191
-0.6689201639
-0.5454567747
-0.5872775536
-0.6470846124
-0.6758116238
-0.5888186307
-0.5941351955
-0.6905698633
-0.6802618403
-0.6473482954
-0.5824261251
-0.5472320010
-0.7367879699
-0.5963895215
-0.6724271410
-0.6280606366
-0.6741524608
-0.7253529419
-0.6171258920
-0.6167737007
-0.6660074471
-0.6981646903
-0.4129377749
-0.5995857817
-0.4878014560
-0.5898945588
-0.4531712336
-0.6222401310
-0.6314299160
-0.5597567923
-0.6066689035
-0.6285014816
-0.5791003935
-0.3848327897
-0.6515231364
-0.4561203378
-0.5438661604
-0.6209311255
-0.6540587736
-0.5623900559
-0.4908744339
-0.5136106415
-0.5412510255
-0.4833301041
-0.4775680627
-0.5705592331
-0.4438737662
-0.7650477530
-0.3526874629
-0.5112055698
-0.4798553953
-0.5381212486
-0.4663042053
-0.5778123769
-0.5999906943
-0.3627600500
-0.5484788897
-0.5956921958
-0.4589580209
-0.6485641126
-0.3651959357
-0.4481466181
-0.5241477617
-0.5211535523
-0.3474620745
-0.3610779218
-0.3606330125
-0.4958873128
-0.5041692181
-0.4163937891
-0.5761487333
-0.3224495307
-0.2543543447
-0.4180723234
-0.4728360881
-0.5757216686
-0.3276967169
-0.5485953241
-0.4809152139
-0.3919593161
-0.5081479670
-0.3446419833
-0.5164057917
-0.4387293952
-0.4987543390
-0.6075553084
-0.4340800770
-0.3377061309
-0.5000098675
-0.4988155870
-0.3123339721
-0.3395720538
-0.2239357530
-0.4211607934
-0.4991679966
-0.4597680928
-0.4204526387
-0.4696301548
-0.4362252098
-0.3888325693
-0.3026969933
-0.4459672243
-0.4483990033
-0.4401927816
-0.3560315806
-0.5270914278
-0.2537497136
-0.3713971973
-0.3599583808
-0.2750888500
-0.4855462330
-0.3927313231
-0.3870367024
-0.4720730325
-0.3551540980
-0.0993161045
-0.3596413313
-0.3524646203
-0.3356556625
-0.4262052734
-0.4444354192
-0.4767474488
-0.2208841326
-0.3623476511
-0.4037380900
-0.3415853195
-0.3592592278
-0.3335245741
-0.3232941204
-0.1973826964
-0.3474537292
-0.5448427888
-0.2683188657
-0.5203658452
-0.2914244978
-0.4842337943
-0.4258281723
-0.3643413345
-0.4153027765
-0.3992533507
-0.2787542308
-0.2302397821
-0.3196750911
-0.4235274450
-0.2694446174
-0.3658455847
-0.2500767602
-0.2361244106
-0.4372538274
-0.4045030007
-0.4471792424
-0.3033052917
-0.4392175920
-0.2869851175
-0.3019075666
-0.1209396874
-0.3300192339
-0.2908394312
-0.1951019180
-0.3229237192
-0.4432883305
-0.2728009655
-0.2086775313
-0.3793014325
-0.2751729417
-0.4530666557
-0.2921254728
-0.2345293204
-0.1486504008
-0.4465564596
-0.2824453446
-0.2095147508
-0.3773627684
-0.3763608693
-0.2912934585
-0.2266418387
-0.3145591498
-0.3382780065
-0.1682013769
-0.1246902583
-0.4142763482
-0.1793041063
-0.2972026861
-0.2545430346
-0.1640609184
-0.2525929505
-0.1595186434
-0.2417087453
-0.1926704491
-0.3912546000
-0.1861814134
-0.3957572131
-0.2770262579
-0.4536486863
-0.2639822294
-0.2115734497
-0.0717347701
-0.2090329405
-0.3070161704
-0.2455293089
-0.2174858554
-0.1584071356
-0.0561021025
-0.2079641781
-0.2772987146
-0.1932480270
-0.1764502209
-0.1700856738
-0.2239154610
-0.2180835116
-0.2213275874
-0.1561000063
-0.2338262871
-0.2280271972
-0.1166039223
-0.1730905612
-0.2477383180
-0.1640446986
-0.2194737965
-0.1344460020
-0.2699691739
-0.0811414408
-0.1621695789
-0.1217908454
-0.0844088704
-0.2802286732
-0.1621728588
-0.0209366218
-0.0567061822
-0.2311034453
-0.1096668261
-0.1074374465
-0.1556785913
-0.2278138639
-0.1696541264
-0.1261983067
-0.2181277528
-0.0286670301
-0.0750756371
-0.0048604775
-0.0239514662
-0.1519745152
-0.0142820588
-0.1044372900
-0.0769352526
-0.1042527967
-0.0343669034
-0.1425291253
-0.1170878229
-0.0139673159
-0.2546380601
-0.1355687860
-0.0597043104
-0.1153239248
-0.1370280044
-0.0863386240
-0.1478834553
-0.0351096266
-0.2476762230
-0.1388988428
-0.1227139014
-0.0289582984
-0.1375567311
-0.0995264746
-0.0381988297
-0.1681216909
-0.1451062687
-0.1121087988
-0.1066564553
-0.2000073183
-0.0431675527
-0.1904193891
-0.0813445912
-0.1064733885
-0.0618089888
0.0787913991
-0.1617912954
-0.0658789304
-0.0513880723
0.0404152928
-0.0221311771
-0.0386996582
-0.1409445815
-0.0384337433
-0.0263444946
-0.0579619440
0.0526042892
-0.0689217552
-0.0394402616
-0.0712982567
0.1000175796
-0.2885927079
-0.0710396952
-0.0549898522
-0.0913395471
-0.0409960720
-0.1189617653
-0.0002823126
0.0129345556
0.0298728481
0.0741628605
-0.0312252934
-0.1193717442
0.1353354937
-0.0129837764
0.0593882626
0.0411966354
-0.0424110658
0.0345355195
-0.0190792242
-0.0158434248
0.0995567781
-0.0039670675
-0.1581913619
0.1780412333
0.0150408392
0.1665100753
0.0435174652
0.0829428563
-0.0432757601
0.0335658627
0.0000154764
-0.0202126305
0.0815215389
-0.0277249831
0.1364718417
0.0272797021
0.2246926447
0.2570472458
0.0995046294
0.1159667779
-0.0346217485
0.0522928382
-0.0441961846
-0.0353383253
0.1246438516
0.0218823854
0.0697520605
0.0048553260
-0.0448424159
0.0214718777
0.0877445778
-0.0369978965
0.0115667120
0.0863591742
0.0999346189
0.0331921497
0.0764764974
0.0859385333
0.1423126657
0.0175487821
0.0217743178
0.0906280680
-0.0289814435
-0.0179656089
0.1818909798
0.1633745505
0.1804159849
0.0851397023
0.0101910619
0.0409928750
0.1515066381
0.1827742030
-0.0209232638
0.3803999093
-0.0281645706
0.1241670247
0.2524462163
0.0445400910
0.2310154950
0.2459725356
0.0869056098
0.1558477757
0.2456036758
0.1408320647
0.2180011238
0.1462214050
0.1583193839
0.0891179460
0.1595487582
0.2768595725
0.1509826034
0.2281574688
0.0594590268
0.1698483362
0.1171914331
0.1872856861
0.0820561135
0.1916627765
0.2111242847
0.1187182980
0.0672264876
0.1941961381
0.2911476627
0.1922742296
0.1196624784
0.2097175132
0.2877979471
0.0338867439
0.0956781246
0.2219203275
0.0819864900
0.1833049759
0.2897263170
0.1924616101
0.1374382622
0.2762460620
0.2428721616
0.1545155116
0.1307907033
0.0910869938
0.3673602332
0.1332444076
0.1763524865
0.2578428875
0.3680847468
0.3821944826
0.4288444729
0.1717022129
0.2140556026
0.0641333415
0.4051272893
0.1788185306
0.2163263668
0.2241030178
0.2378670870
0.2527496737
0.2361543996
0.2112054542
0.1948579571
0.2424338745
0.4250319436
0.1711275056
0.2307970539
0.1577114742
0.1694454445
0.3287145930
0.3248640871
0.2342258158
0.1634954491
0.3527996268
0.3352882102
0.1918445909
0.3330833441
0.2821968494
0.2264242312
0.3053958667
0.1584918371
0.3523057900
0.1475404184
0.1791629099
0.3544840303
0.3070216233
0.2787684749
0.2411514563
0.2802325005
0.4845388020
0.3520021762
0.4439429621
0.2932059763
0.2872470001
0.3005598770
0.2465801378
0.3958595995
0.3054400188
0.1852161140
0.2817196441
0.1919596743
0.4336112530
0.3357877440
0.2759970343
0.3283208618
0.3761104868
0.3473726880
0.2127235726
0.1436644510
0.1880224468
0.3732396566
0.4743079589
0.2754780537
0.3463857160
0.3401312420
0.3626943846
0.4276636512
0.4960273337
0.3691642727
0.3586765895
0.2147127257
0.4292592703
0.4917905482
0.4682311544
0.3269392015
0.4319654322
0.2848764652
0.3951176769
0.2776284038
0.2806363880
0.3462876929
0.3426832350
0.3855526705
0.2041624523
0.3487930281
0.3222022903
0.3962742977
0.3577307421
0.4132030804
0.4720829959
0.5102349014
0.4487726715
0.2665391741
0.3747195699
0.3835940261
0.5534716953
0.4098235141
0.4066201394
0.4346727396
0.4566730369
0.4631812703
0.4040117346
0.5886259899
0.4394248195
0.3630553953
0.2821676568
0.3860233334
0.3764039277
0.4457852272
0.4917326900
0.4887178276
0.5074921516
0.3296950258
0.4729511341
0.2568277791
0.3947643043
0.5884929560
0.5642097814
0.5682984558
0.3201260589
0.4562627564
0.3855232899
0.5463651521
0.3657569041
0.5334617212
0.3368226683
0.4531654556
0.3116105175
0.4140468900
0.4694768078
0.4912022728
0.2977334540
0.3889931534
0.4397841930
0.6114882876
0.5487525295
0.6004875863
0.5391554895
0.4166059449
0.6470941699
0.5398578669
0.4436486595
0.4762039717
0.4082657399
0.4537185737
0.4982228329
0.5278121760
0.5251856875
0.6819481598
0.4549789487
0.6031689541
0.5516466597
0.5251414137
0.5051203992
0.3334623059
0.4032516929
0.5739225740
0.4376810459
0.5259858199
0.4119221173
0.5675183649
0.5136709992
0.4801413163
0.6757990419
0.5003655871
0.4894479398
0.5497459634
0.6013322038
0.5511347614
0.6314876005
0.5266731677
0.6780017323
0.5341644955
0.5532561942
0.6589411926
0.5458541083
0.5605978532
0.5748771145
0.5382727559
0.4431762323
0.5404623419
0.5422482910
0.6224173700
0.5617855095
0.5584377443
0.6278233880
0.7135587915
0.6616976238
0.6804763799
0.6067740915
0.5595535984
0.6239043690
0.7509101274
0.6315617451
0.5662615699
0.7202256792
0.6369359792
0.6712827119
0.6457357502
0.6537023895
0.4932425918
0.6717304488
0.6852062390
0.8225022683
0.5075036766
0.6154829695
0.6548777804
0.6946368373
0.6602814524
0.5692575509
0.6668040310
0.7515469570
0.6243154830
0.6810246531
0.6676857794
0.5448639476
0.7205205669
0.6758584410
0.6815960503
0.6178162487
0.6172885176
0.6319367856
0.7599094028
0.7152344174
0.7717198796
0.7574556520
0.6431428911
0.6399145968
0.5007358573
0.7111152259
0.7449141243
0.8212525715
0.7285900304
0.6522542137
0.6389275393
0.7112306671
0.5686795419
0.5229429512
0.4689193877
0.7385479108
0.7281672078
0.6421883839
0.6443408670
0.4766312398
0.7454992734
0.9338555964
0.7034285413
0.7632363716
0.7986474920
0.7267522300
0.6781616267
0.8033674240
0.8282505688
0.6927331313
0.6018006921
0.7009906997
0.6867771071
0.7594307609
0.7319128109
0.7760614846
0.7076826301
0.6774587846
0.6896503642
0.6532425651
0.6541379022
0.8045382682
0.8134846430
0.6789284781
0.6946681833
0.7048223981
0.7979378592
0.6809110371
0.7927808455
0.7511702985
0.6996956432
0.6868580147
0.8484385907
0.7228241736
0.7760899473
0.8786687579
0.5902351227
0.8865214626
0.8278196593
0.8674269116
0.8481895277
0.7151926995
0.6974785235
0.8503428885
0.7437401712
0.7701230899
0.6995383950
0.7283419165
0.7660607526
0.7185438959
0.8728186121
0.8422304923
0.8441557650
0.7662779930
0.8611470670
0.9340771039
0.8653638253
0.8661835587
0.8729290546
0.8936799809
0.7341180879
0.9143845367
0.9301246973
0.7800664011
0.8635933038
0.8723620541
0.7657369834
1.0097031718
0.8807093201
0.7845735839
0.8669458108
0.7237271237
0.7124153401
0.8162256628
0.7952445859
0.7339362480
0.8524334277
0.8824139431
0.8907354785
0.8293740117
0.8530541162
0.9203201507
0.9037649837
0.9236604249
0.9947224358
0.8485370575
0.8818697968
0.8876424005
0.8063257457
0.9426485731
0.8199362346
1.0596143270
0.8476565340
0.8741320883
0.8431003584
0.9785844277
0.9247660287
0.8995976093
0.9518431713
0.8532183872
0.8074988196
0.8387648772
0.8450263493
0.6837650853
0.9274655846
1.0964163639
0.9741286380
0.9874942310
0.9022616700
0.8840995943
0.9532629591
0.9780283750
1.1388258445
0.8022953883
0.9277035489
1.0166561301
0.8689024322
0.8790687535
0.9254650789
0.9014198908
0.8928381271
0.9189607209
0.9300715085
0.8021917418
1.0018509069
1.0087935844
1.0484492849
0.9912956257
0.9950344750
0.8367419954
1.0150657102
0.9783470183
1.0598494182
0.9943241367
0.9250779683
0.8375668852
1.0635550129
1.1896418143
0.9594009695
0.8140868626
0.9262381974
0.9417060377
0.9053856009
1.0014335644
0.9266575994
