-1.0239134222
-0.9720073585
-1.0281243610
-1.0528359476
-1.0333210226
-1.1556197669
-1.1130165687
-1.0091489996
-1.0608077552
-1.0220575412
-0.9360524398
-1.1463954958
-1.0541365105
-0.9796936236
-0.9422622002
-0.8928312860
-1.0656317248
-1.0295202345
-1.0007952878
-0.9399873200
-0.9588978455
-0.7983571086
-1.0535563336
-0.9018140986
-0.9107569775
-0.9233939879
-1.0557833138
-0.9962457549
-0.9679631212
-0.9850659614
-0.8963236814
-0.8890873328
-0.9667059297
-0.9092946817
-0.9792117196
-0.9277634715
-0.9596213526
-1.1067481676
-1.0649464405
-0.9852752662
-0.9286128313
-0.8979317932
-0.9107194539
-1.0351539108
-0.8664092021
-0.9552153510
-1.0556654773
-0.9289445477
-0.8351180032
-0.8392906876
-0.9425944803
-0.9255742562
-0.9966376855
-0.8903271897
-0.9055185324
-0.9411592632
-1.1488164940
-0.9344160458
-0.8875800641
-0.8990260765
-0.8317513776
-0.9334179358
-0.8452779150
-0.9001026145
-0.8853253761
-0.8533575164
-0.8793216068
-0.9099225369
-0.8582096896
-0.9261131836
-0.7727582573
-1.0444591852
-0.8687526506
-0.7900830611
-0.6772927742
-0.8623309104
-0.7225896733
-0.7992523911
-0.9018490814
-0.9606437493
-0.9636886519
-0.9059694566
-0.7638761282
-0.7910934559
-0.7582101867
-0.8553572138
-0.8025511512
-0.7290725905
-0.8488248687
-0.7058072478
-0.7939598813
-0.6782179092
-0.8242483039
-0.9627463272
-0.8592951753
-0.8614931252
-1.0413495986
-0.6888169354
-0.8451512848
-0.7286059492
-0.7925082156
-0.9361351333
-0.8111114797
-0.8624518955
-0.8026073104
-0.8188093600
-0.8181248649
-0.8981674245
-0.8534015971
-0.9038680174
-0.6846522466
-0.8521694660
-0.7911906811
-0.6475804586
-0.7138853222
-0.8656241946
-0.7846819819
-0.8605668365
-0.7289460541
-0.8129560935
-0.7493697730
-0.6749392669
-0.6793061255
-0.7519611608
-0.6841452661
-0.8194019820
-0.7590471388
-0.7010258929
-0.8462617306
-0.7192477723
-0.7211707165
-0.6218562816
-0.7193605698
-0.8742507152
-0.8558855861
-0.7135906732
-0.7007586357
-0.7496553976
-0.6353419087
-0.9213841638
-0.7710762513
-0.7333654580
-0.7872085521
-0.5965409108
-0.6057646545
-0.8056068741
-0.6926620413
-0.6396656223
-0.6893463420
-0.6127805668
-0.5679562824
-0.8705265206
-0.8895045546
-0.6802370348
-0.8531324722
-0.7182519491
-0.6518279255
-0.6515000335
-0.7162670756
-0.7806336596
-0.7633562326
-0.7909440109
-0.7486036005
-0.6494696888
-0.7309603013
-0.5056591442
-0.6786120750
-0.5245870657
-0.5929197442
-0.6673568758
-0.6791269037
-0.7310130220
-0.6093881268
-0.8330170154
-0.5854029122
-0.7598126953
-0.6802854400
-0.8861357873
-0.6835282933
-0.6569008480
-0.6384792221
-0.5652863101
-0.4927931718
-0.6450649931
-0.4698773370
-0.7209780556
-0.6177357693
-0.7036904179
-0.5148827094
-0.8759429889
-0.6020549183
-0.6589711610
-0.7180807764
-0.6006629781
-0.6068391715
-0.6233933825
-0.7835968425
-0.6194956226
-0.6685252170
-0.7118266573
-0.5217149224
-0.6334579168
-0.6361796456
-0.7006203614
-0.5858166325
-0.6399767866
-0.5269398563
-0.4916429022
-0.4593922741
-0.7483552132
-0.5768339592
-0.5320022440
-0.6632794967
-0.5683410043
-0.4681499686
-0.6737845194
-0.6120820742
-0.7125858759
-0.4911739703
-0.6089834182
-0.5930829842
-0.6035446166
-0.4607339053
-0.5406127298
-0.4272812915
-0.5032191668
-0.4927328206
-0.5685562606
-0.5779042516
-0.4859461623
-0.4115006408
-0.5520807526
-0.6161394783
-0.6239708931
-0.5110711787
-0.5560610355
-0.6314531059
-0.5300482505
-0.5498587686
-0.6211947035
-0.5976232057
-0.4725726469
-0.5710245381
-0.5090028483
-0.6389402038
-0.5516880239
-0.5787702055
-0.4078840003
-0.5047529107
-0.6466658607
-0.6299793117
-0.5654315716
-0.4739642199
-0.5643766875
-0.4374112574
-0.5075587271
-0.5833090661
-0.3733256444
-0.3891413885
-0.5908668545
-0.3500464293
-0.4380318500
-0.4874482013
-0.4303284396
-0.3547816992
-0.4901868779
-0.5031871928
-0.3091250990
-0.3089562597
-0.3543160470
-0.4726368266
-0.4520289424
-0.3850413767
-0.4911930049
-0.3946178037
-0.4911138372
-0.4368946754
-0.3897005859
-0.4085276658
-0.4431129007
-0.4371667541
-0.3465030566
-0.4407494196
-0.4614485769
-0.3889002227
-0.3118116444
-0.4248134681
-0.5413136240
-0.5115543339
-0.3672872986
-0.4362594250
-0.4013145323
-0.3105925814
-0.4716146818
-0.4401867892
-0.3573418058
-0.4425066655
-0.4695274933
-0.4373165317
-0.3977126701
-0.3920955221
-0.5455851032
-0.3844838507
-0.2789844194
-0.5017576778
-0.3373715152
-0.3437596525
-0.3920820583
-0.4218125724
-0.4435271879
-0.3337591366
-0.4352787912
-0.3846674757
-0.4039437422
-0.4501888912
-0.3473917092
-0.5312320703
-0.4118713779
-0.1589498892
-0.3607564906
-0.2248950229
-0.4125034121
-0.4019267429
-0.2891623420
-0.5226123236
-0.3175843843
-0.4226673091
-0.3335342119
-0.2587763581
-0.4646391761
-0.3546717080
-0.2309355488
-0.2402322480
-0.3594198544
-0.4257038733
-0.3651668993
-0.3562958403
-0.3282250572
-0.2085616501
-0.4251491931
-0.3424764230
-0.2129421760
-0.3086107401
-0.3123237026
-0.6105781340
-0.3894405697
-0.3533451376
-0.2866730396
-0.1573687067
-0.2662846184
-0.1393140429
-0.3536431522
-0.3725164866
-0.3299170661
-0.4136542640
-0.4003448189
-0.1821205591
-0.2756392912
-0.3915714431
-0.1945438892
-0.2618757987
-0.3375622454
-0.3957601160
-0.1117715173
-0.2316946139
-0.2344306952
-0.3098705661
-0.2986336662
-0.2158760807
-0.2709055603
-0.3098222656
-0.1779216632
-0.2945425676
-0.1909954252
-0.2234962668
-0.2712028649
-0.2449917786
-0.3358908846
-0.2450714085
-0.2740905869
-0.2590576067
-0.3042753227
-0.3229285706
-0.3107009469
-0.2381056432
-0.2138681455
-0.1999041962
-0.1765379630
-0.1913801338
-0.1416568945
-0.2877905481
-0.2082359391
-0.1252215032
-0.1845936715
-0.1973544536
-0.3136744316
-0.1941540972
-0.2291535717
-0.3284452705
-0.2605001412
-0.3193231172
-0.2494891206
-0.2546241424
-0.2083317857
-0.2678159618
-0.2089327022
-0.2398284648
-0.3253945909
-0.2175440602
-0.2031731658
-0.0460849130
-0.2953432845
-0.0820286410
-0.2701468118
-0.0663233735
-0.1119914839
-0.0240856656
-0.1483674551
0.0503870884
-0.2373903652
-0.1220412736
-0.1934773345
-0.0507891840
-0.1962069305
-0.1854448474
-0.1446331996
-0.0371083812
-0.0868328419
-0.1052710488
-0.2367779665
-0.0706563392
-0.2471310702
-0.1164167479
-0.1387089390
-0.2183838842
-0.1263753434
-0.1048611221
-0.0457638062
-0.1366298866
-0.2382528518
-0.1522279374
-0.0223728036
-0.1951391249
-0.0909101022
-0.1223253475
-0.3367895352
-0.1201756726
-0.1322988512
-0.1180224439
-0.0484256837
-0.2079754475
-0.0681526918
0.0169625271
-0.1952920988
-0.0962842298
-0.1205149388
-0.0410624852
0.0768385990
-0.0592847039
-0.0745645390
-0.1225867544
-0.0936386367
-0.1596692049
-0.0181333032
-0.0404382756
-0.1379781806
-0.2332188289
-0.0168600504
-0.2382254488
0.0107274649
-0.0169653926
-0.1097261147
-0.0105095145
0.0277645208
-0.2144547195
-0.1438873254
-0.0204710196
0.0223807139
0.0683509834
-0.1289025308
0.1036114225
-0.0526274666
-0.0309191036
-0.0450941637
0.0781446271
-0.0173304536
0.0044499601
-0.0727813039
0.0863196686
-0.0025715557
-0.1095975033
0.0936775711
0.0849759651
-0.0218966490
-0.1182719415
-0.0383881329
-0.0582401237
0.0545936427
0.0171135973
-0.0604646812
0.0370633833
0.1312827650
-0.0163777657
0.1017850366
-0.0365296885
-0.0091058845
-0.1345687528
-0.0807221684
-0.0151657906
0.0045227574
-0.0944888218
-0.0060949179
0.0358352180
0.1632228031
0.0682571892
0.1680713481
0.0442341126
-0.0108092119
-0.0610391180
0.0646983641
-0.0023887399
0.1246060000
0.2073647595
0.1348684507
-0.0475001537
-0.0492191759
-0.0286511367
-0.0623222953
-0.1247347292
-0.1382908111
0.1016297486
0.1557807159
-0.0358498648
0.1359783210
0.0989413236
0.0924345024
0.2203812517
0.1329247791
0.0717332099
0.0604506048
-0.0469488651
0.1493630510
-0.0143335505
-0.0028452607
0.0071955847
0.0753772909
0.1372916044
0.1666504203
0.1149496920
0.0847434237
0.0030235095
0.0277650254
0.0624308775
0.0233319639
0.0279388121
0.0984943311
0.2652747646
0.1920960809
0.1527032480
0.3505509636
0.1753414065
0.1176654222
0.2064533177
0.0521974936
0.0058406082
0.1855688322
0.2069074028
0.1022021396
0.2318935781
0.1710491198
0.1059472768
0.1508653168
0.0359711735
0.2255125590
0.0848853371
0.2362670566
0.1428465714
0.2245408494
0.0412445937
0.2424036369
0.2098779555
-0.0669451302
0.1280621421
-0.0079333859
0.1604556138
0.1388713902
0.2336243723
0.3680558018
0.1078160361
0.1002256981
0.1593274403
0.0305528972
0.0934941225
0.2142661010
0.2268106763
0.3089312792
0.1573224601
0.1449834053
0.3052794222
0.1974494974
0.1551859326
0.1387411205
0.2254736874
0.2703159357
0.3903434031
0.2413254703
0.3050127606
0.3410506961
0.0693539512
0.2275017538
0.1802026003
0.2699818296
0.2353022528
0.1452322620
0.0879245572
0.1031736147
0.1668875088
0.2585069066
0.2641274332
0.2973211626
0.1568115452
0.1831290078
0.2661210599
0.3092507090
0.0972535343
0.2103012344
0.1889568940
0.1971423202
0.1387867107
0.2340807078
0.1381825412
0.0879782710
0.3483630189
0.3519266022
0.2241548494
0.3477251856
0.2823484138
0.1638459008
0.2176438263
0.2800398374
0.4050431083
0.3017878418
0.4926151587
0.2874304576
0.3311852313
0.3596611382
0.2459097692
0.3663786994
0.3217582716
0.4116677569
0.4741029258
0.3115271153
0.1980876572
0.3550147100
0.3217741228
0.4416646614
0.3286562880
0.2634906467
0.4693201727
0.3232121654
0.4091308277
0.3920610062
0.3084524941
0.4969343113
0.3226446333
0.4277462518
0.3437230994
0.1557809336
0.3169028976
0.3029498685
0.3879487408
0.1477857753
0.4661725651
0.1500052146
0.4019657242
0.2908740050
0.2993535017
0.4838647309
0.3098566580
0.2121027144
0.3588095025
0.4096511849
0.4378308355
0.3532449220
0.4559378172
0.4689974594
0.3366816210
0.4213048963
0.3342082276
0.3930380055
0.3814766508
0.3148015860
0.4051207732
0.3819157939
0.2489049270
0.3614335477
0.3874239029
0.3870119722
0.4603749101
0.3291786856
0.3853150437
0.3967578547
0.5055598574
0.4467877422
0.4226657789
0.4822464652
0.5085796892
0.4682915019
0.3058193014
0.5358693577
0.5334748460
0.4875256321
0.4270980310
0.3454096456
0.4531959230
0.4910011689
0.3315098711
0.4105037678
0.4223624043
0.5518238402
0.5827584073
0.4198278293
0.3936936572
0.3480436613
0.4891022368
0.4657715684
0.5244138758
0.5325761006
0.5567546151
0.5725934484
0.4190935844
0.4553999826
0.5102890743
0.3988199247
0.4670857254
0.4980697675
0.5490687059
0.4865708571
0.3129774924
0.3608894202
0.6028640370
0.4277030930
0.5655139858
0.6255439116
0.3263610689
0.3637623017
0.5518000445
0.6702970335
0.4856632920
0.4686467189
0.4174454342
0.5465704053
0.5037279187
0.4566798737
0.4513732221
0.5392550081
0.2763643171
0.4237303640
0.5574623631
0.7593682100
0.5807905552
0.4625952110
0.5212513748
0.4877738219
0.6488121679
0.5844833406
0.4531183656
0.4505908003
0.5621552319
0.5261213363
0.5428938294
0.6245987809
0.5400900906
0.5648308206
0.7290982654
0.6018170039
0.5666161634
0.6168546294
0.5430458504
0.4209162757
0.5556283433
0.7044859365
0.6586198362
0.5095721096
0.5649951751
0.5213025638
0.5227094241
0.7752215909
0.5963768239
0.5717136076
0.7000157541
0.5669848398
0.4389854321
0.6314275485
0.6684387015
0.5994390416
0.5360940863
0.8556853246
0.7302083249
0.7375146241
0.6729302633
0.5504297502
0.6961344924
0.5554718922
0.6651218176
0.6108336083
0.6617743192
0.5416873462
0.6402736685
0.5870638978
0.6888928316
0.6210797243
0.6187812915
0.6697173902
0.6740640790
0.6856816875
0.7189353260
0.5436285967
0.5673524795
0.5994061593
0.6391700491
0.6102329154
0.6422914285
0.5962859319
0.6984966152
0.6078360708
0.6474799675
0.7321629613
0.5519175076
0.6008760738
0.6917030771
0.6059886219
0.5757438311
0.6547055259
0.5061830115
0.5284449466
0.6830687890
0.6450953550
0.8738361908
0.5878288374
0.5609637849
0.5972974061
0.6571656738
0.6508030290
0.6054274569
0.6748176543
0.6592188099
0.6856174675
0.6744362196
0.6048070101
0.7402151906
0.8721397049
0.7096085330
0.6219441609
0.7695339383
0.8247723516
0.7585066238
0.7243752322
0.8054262115
0.6939970305
0.7272464197
0.7963131191
0.7411794413
0.6434970065
0.8186871933
0.7917095658
0.8045473219
0.7299087862
0.6191567279
0.6358086522
0.5431556957
0.7775364373
0.6874680927
0.7427515080
0.8721939845
0.8402114321
0.8242592348
0.6183092513
0.7351768204
0.8408339587
0.8498620030
0.8261282922
0.7241119806
0.7602780547
0.7997045911
0.8570509606
0.6142583395
0.7873413254
0.7985143593
0.7432619004
0.7866797770
0.6871066106
0.7603904553
0.7011432277
0.7787893813
0.8708128811
0.7877223277
0.7155102694
0.8423376683
0.8107297875
0.8649407918
0.7345195056
0.9324389795
0.8572025699
0.8464421326
0.7468587155
0.7409733337
0.8065832703
0.8600373047
0.8558451843
0.6871473944
0.7000139786
0.7225255310
0.8205461069
0.6952093808
0.8270014004
0.8343191855
1.0112019426
0.8777768085
0.7975312123
0.8093692627
0.9861255189
0.8452978463
0.9010791102
0.9016655357
1.0021055150
0.6818824653
0.9116591296
0.8022233471
0.7916022382
0.9160720245
0.7897546081
0.8215768601
0.7786212998
0.9061513404
0.9635831114
0.8624867917
0.7978357962
0.8281773563
0.9956447684
0.9177534970
0.8546125833
0.9952879434
0.9190839862
0.8960391760
0.9391092052
0.7760611268
0.7759365047
0.8985119163
0.7728580328
0.7625200197
0.8349515138
0.6711923820
0.9047239379
1.0000079160
0.9872678337
0.9369170091
0.8599649314
0.9499958908
1.0700801958
0.8885803445
1.0309211266
0.9039986976
0.9443508162
0.9480336547
0.7019672030
0.9175214414
1.0980877403
0.7781146437
0.9481553646
0.9987302575
0.8095592010
0.9790946691
0.9567152138
1.0213590246
0.9628365398
0.9791211069
0.8793562096
0.9950691186
0.9512387319
1.0646565852
0.9324650502
1.0135939396
1.0167628166
0.9776881500
0.9147216967
0.8737118460
0.8591370835
0.8178584245
0.9518111201
1.0486636436
0.9205837673
0.9375335212
0.9788263028
0.9271468508
0.9331877217
1.0003098758
1.0836407363
1.0531002064
0.9774226974
