-0.9800238918
-0.9341493406
-0.9719288715
-0.9781359442
-1.0391030619
-0.9095745760
-1.0535054340
-0.9983703917
-0.8977413551
-0.9247904654
-0.9568425643
-0.9311997948
-0.9957444637
-0.9668178602
-1.1076491936
-0.9234028111
-0.9989562287
-0.9110084861
-0.9775675505
-1.0812132949
-1.0659368336
-0.8481728104
-0.8617804285
-0.8949550895
-0.8692522501
-0.9376517808
-1.0210932069
-0.8901251014
-0.9197739804
-1.0205850558
-0.8903017476
-0.8324870541
-0.9254258725
-0.6149870868
-0.9238134745
-0.8254738897
-0.7981573024
-1.0036741803
-0.8891596494
-0.9308171908
-0.9574747652
-0.9619607908
-0.7953920493
-0.9415908353
-0.9784418386
-0.8668234023
-0.7618362175
-0.7465108168
-0.9455817173
-0.8840836115
-0.9748493039
-0.8973325145
-0.7525233990
-0.8073160824
-0.9338235456
-0.9977861718
-0.8148271549
-0.9371982157
-0.8441461406
-0.9432936156
-0.7936930829
-0.9052016739
-0.8504868616
-0.8140808363
-0.7629092067
-0.8289557487
-0.9570894019
-0.8599108024
-0.9447369668
-0.8625723747
-0.8344478469
-0.7885909516
-0.8701815353
-0.8601149659
-1.0053193943
-1.0433904485
-0.9264154710
-0.8676424303
-0.9722896936
-0.9616601103
-0.8875101712
-0.7680551689
-0.7440319130
-0.8575777501
-0.7076685547
-0.8300900334
-0.9099737621
-0.8286658606
-0.8130111198
-0.8165009167
-0.9041173939
-0.7772201556
-0.8113673470
-0.8841882346
-0.7937263523
-0.7073194475
-0.8019545242
-0.8417213449
-0.8922316465
-0.9142088243
-0.9073226286
-0.8344842273
-0.7644033969
-0.7218773894
-0.7770591107
-0.7019566920
-0.6527463360
-0.7497366175
-0.7596643377
-0.7900126819
-0.7009352066
-0.7876003142
-0.7696983315
-0.7074612631
-0.8563759321
-0.6673400745
-0.7800377701
-0.7757795528
-0.6457696674
-0.8323271065
-0.6851279465
-0.7159859739
-0.7012195230
-0.6933930666
-0.5772625930
-0.8588936720
-0.7205901767
-0.7423064644
-0.9236550032
-0.7843905236
-0.7254256182
-0.6546559109
-0.7921532934
-0.7939854621
-0.7573255459
-0.6767237858
-0.6747733158
-0.7736124439
-0.7926616077
-0.8763782171
-0.6702307576
-0.7677765587
-0.6029746636
-0.7470737655
-0.6163320363
-0.7209577154
-0.6365890540
-0.7346079634
-0.8605870927
-0.6371457585
-0.5244446852
-0.6598029486
-0.8698743648
-0.7634541399
-0.6837727812
-0.7455725695
-0.5713051433
-0.7964411753
-0.7272981006
-0.6105846314
-0.7403790356
-0.7364747235
-0.7447801103
-0.6269581436
-0.5153677012
-0.6249314543
-0.6068342735
-0.5971537100
-0.6101397064
-0.7241389080
-0.7109462259
-0.5953020922
-0.6254342022
-0.6585964346
-0.6503877707
-0.5765819434
-0.5618935362
-0.6800808335
-0.7149751703
-0.5526039860
-0.6872411788
-0.6262392369
-0.6551289117
-0.6737189793
-0.5740693889
-0.5938923877
-0.8211039409
-0.4955652910
-0.6638949555
-0.6266664057
-0.6182409043
-0.5088452515
-0.6018438362
-0.6293131379
-0.7398145070
-0.7516923700
-0.6757133141
-0.7321636144
-0.6197201576
-0.5626139106
-0.5550024123
-0.7045606708
-0.5449636068
-0.6026817957
-0.5445636411
-0.6612211718
-0.6265065887
-0.5836586130
-0.5994272368
-0.5298597438
-0.5701152164
-0.4519243531
-0.4505206897
-0.6199969456
-0.5565308352
-0.6309601983
-0.4423248441
-0.5739561120
-0.6233540483
-0.6499478973
-0.5529888488
-0.4272956201
-0.5646505575
-0.5499224339
-0.5611296102
-0.5243706002
-0.5781465347
-0.5860054330
-0.4940472563
-0.7272922162
-0.4997084527
-0.5125923065
-0.4044501353
-0.6485576686
-0.4806429029
-0.6269264191
-0.4391670393
-0.5483889740
-0.4802352299
-0.7259671301
-0.6574971039
-0.6274309932
-0.5039660315
-0.6457400447
-0.5701655106
-0.5484462426
-0.3752393671
-0.4698541602
-0.4073008640
-0.4953931184
-0.4464423547
-0.4835421344
-0.4603741375
-0.4852750772
-0.3974247190
-0.4863545823
-0.5927405133
-0.4677826313
-0.4212289535
-0.4513043846
-0.4654755560
-0.5073596976
-0.3375350770
-0.5450776294
-0.4394695633
-0.4945745882
-0.5034897148
-0.4685200821
-0.5301539838
-0.5060502647
-0.3093164840
-0.4224998330
-0.4745452656
-0.5508174089
-0.5135665251
-0.4944223872
-0.3607589890
-0.3172307846
-0.6077159326
-0.4086298670
-0.4316823113
-0.4659241636
-0.3865119829
-0.3951998226
-0.3484822484
-0.3612231692
-0.4204760359
-0.4836982503
-0.4939814919
-0.3577342891
-0.4536328457
-0.4232041377
-0.2868481756
-0.3607401383
-0.4796590823
-0.5249654820
-0.3751713880
-0.3128284376
-0.4143141288
-0.4597928260
-0.3864396714
-0.3581449227
-0.4070824026
-0.5647230551
-0.3749476629
-0.5982152308
-0.4197330128
-0.3088737811
-0.3508373333
-0.4079620082
-0.4962647521
-0.4859383623
-0.3137054408
-0.4604164681
-0.2309117376
-0.4296490082
-0.3462548326
-0.4027968583
-0.3738454169
-0.3452738644
-0.3182410197
-0.4195526824
-0.4409340951
-0.2283422234
-0.4346292934
-0.3970966452
-0.3853266087
-0.4236135267
-0.2557966776
-0.2968307459
-0.1768290516
-0.3081124247
-0.2546953146
-0.3320498955
-0.3666382841
-0.3046262915
-0.2325338150
-0.3097751070
-0.3057644700
-0.2691770006
-0.2819499826
-0.2343148823
-0.2621949237
-0.4568857809
-0.2827047270
-0.3452727830
-0.2619597133
-0.4064675168
-0.2496012390
-0.3663287184
-0.2648329005
-0.3849988731
-0.3570156576
-0.2823598878
-0.4045387155
-0.2928976434
-0.2573536595
-0.2975567654
-0.2441267902
-0.3698088514
-0.2101533424
-0.4158952754
-0.2353396351
-0.2471467560
-0.2075337536
-0.1868418126
-0.3917009386
-0.2732907132
-0.0679029817
-0.3812061872
-0.1854326584
-0.2547955511
-0.0986941978
-0.2934915988
-0.2237960534
-0.2057260257
-0.3093616767
-0.2700008198
-0.1366617056
-0.2866058892
-0.1531081600
-0.1537904885
-0.1821916659
-0.0759068256
-0.2335116515
-0.2468934766
-0.2436560742
-0.0649735898
-0.3128226883
-0.3044192125
-0.1168014278
-0.2654630149
-0.2893217262
-0.2353470798
-0.2413397293
-0.1609719631
-0.2652556133
-0.2614465798
-0.3308166635
-0.1765899878
-0.2691495744
-0.1803619689
-0.1711792027
-0.3456216877
-0.0758041887
-0.1925758613
-0.0650889213
-0.2690023370
-0.3525327578
-0.1854935767
-0.0613142945
-0.2140564278
-0.1093335964
-0.2070813909
-0.0986080888
-0.1830862323
-0.2717423704
-0.0411026707
-0.2171204909
-0.2403919690
-0.2718235755
-0.1856266025
-0.0956413297
-0.3258004132
-0.0955848465
-0.2473136123
-0.2074994280
-0.1602130214
-0.2086367697
-0.0204735458
-0.2135473876
-0.2772019806
-0.1935743424
0.0040587400
-0.0185128451
-0.0820084655
-0.1744340636
-0.0785623453
-0.1259062383
-0.0500237115
-0.0358743626
-0.1620441833
-0.2039313169
-0.2130568094
-0.1819877194
-0.1120468230
-0.1516036972
-0.0932942422
0.0043923241
-0.1507923017
-0.1538137868
-0.1536712966
-0.0012213166
-0.1075112298
-0.0543569747
0.0463120927
0.1126154052
-0.0076062919
-0.0525019991
-0.0946649218
-0.0185778690
-0.1382473766
-0.2303478099
-0.0441329586
-0.0884041218
-0.0170876232
-0.0432971258
0.0565559062
-0.0004084743
0.0247459044
0.0644049922
0.0132207592
-0.1313921814
-0.0459741071
-0.0242262471
-0.0186618443
-0.0723023332
0.0479226100
-0.0539866305
-0.1400414328
-0.0948909068
-0.0690954344
-0.0848964469
0.0832757943
-0.1501927673
0.0641403907
0.1157371290
-0.1214973787
0.0802906888
0.0482937026
0.0655011887
0.1119155339
-0.0513285706
0.0827208786
0.0555455474
0.0087185132
-0.0287965919
0.0149989207
0.0111602246
0.0514953553
0.0259338017
0.0906616737
-0.2011337780
0.0492711860
0.1050396034
-0.0066133565
0.1407959231
0.1332248587
-0.1495146079
0.0532962695
0.1296589218
0.1495751430
0.0447475426
0.0026467207
0.0888023852
0.2186753754
-0.1130290038
-0.0101731383
0.0458495776
0.0214583314
0.1981831879
-0.0021615283
0.0623253079
-0.1195618658
0.1754797163
0.0178057973
0.0233646644
0.0230707866
-0.0096247052
0.0945647654
0.0580441656
0.1676668738
0.1291991268
0.1584788373
-0.0009924065
0.0432140029
0.1043804734
-0.0009318049
0.0874903427
0.0414678549
0.0461505082
0.1051080445
0.0767482797
0.1386706823
-0.0208078948
0.0002952778
0.1757788583
0.0560118831
0.0895489828
0.1116590454
0.2427442032
0.1064370274
0.1916572486
0.0635594902
0.0831702200
0.0935140332
0.1235811042
0.1854293620
0.1858127205
0.1684586187
0.1155784031
0.2702054179
0.1265557886
0.0136646902
0.1435839788
0.1412560683
0.1110923196
0.1738939572
0.1420514711
0.1463920711
0.0783287025
0.1087034307
0.1498109317
0.2786943176
0.0778430857
0.1239586800
0.1734992520
0.1375026311
0.2059818754
0.1078836739
0.1583878029
0.1834987795
0.0528924713
0.1176738178
0.1257758568
0.1076298101
0.1626335264
-0.0817640223
0.2470037431
0.3029966059
0.0798917017
0.2192374545
0.1091417344
0.0839924691
0.1142208587
0.3528350793
0.1981383973
0.2312780161
0.3245405595
0.2191298597
0.1795083849
0.2563893056
0.0223006543
0.3199870332
0.2177464388
0.2200949255
0.2655144009
0.3393587360
0.2811304867
0.2424280984
0.1498866186
0.1863589953
0.0926462560
0.2454836396
0.2090345590
0.2935309978
0.3169563390
0.3504890252
0.1377832229
0.0976282786
0.3225495974
0.2758986607
0.3411998411
0.1996349405
0.1333008710
0.2911430839
0.1971795863
0.2564365848
0.2867180192
0.2609453513
0.2157144249
0.3052161359
0.3455493211
0.3473038208
0.3593069842
0.2017046513
0.3149751235
0.2154767532
0.1881445388
0.1444856432
0.3432654792
0.0887120627
0.4152231740
0.1890401607
0.2764709975
0.4390035478
0.2188512477
0.4124498403
0.3798656449
0.3994214356
0.2438243277
0.1185272529
0.2644578615
0.1740563052
0.2595585404
0.2176114332
0.3014234785
0.2817030932
0.2695830592
0.4055210327
0.4067906069
0.3944814638
0.2845094369
0.5021927223
0.3117445151
0.4873264998
0.3629692634
0.2449188857
0.4067310694
0.3287833412
0.2984226283
0.4175251883
0.1931961890
0.2692512113
0.3660490408
0.4494878827
0.2896992872
0.4034539779
0.3568064357
0.2545577170
0.3484036442
0.4246384794
0.3085576776
0.3371595747
0.3682998450
0.4892122888
0.2563957369
0.1912820263
0.4013209116
0.3934803440
0.4281050564
0.2776810477
0.2988303796
0.3880802302
0.4135908938
0.3855892839
0.3060918198
0.4561183486
0.3220590007
0.3324947360
0.4470825551
0.4543384896
0.3605028269
0.3655462573
0.4153133634
0.2501931063
0.4480573475
0.4934482116
0.4572414749
0.4135024663
0.3921618786
0.4385548630
0.4801176202
0.3932611094
0.3919158081
0.5358735419
0.4390629495
0.3999518187
0.4733438860
0.4299637841
0.4010895342
0.5292928194
0.3787438860
0.4704972893
0.4881758994
0.3456136852
0.4549349835
0.4309416740
0.5055268342
0.4503573352
0.4578214086
0.4261255164
0.4361132922
0.4205205362
0.4538944477
0.4504126585
0.5110358638
0.3662226625
0.5412453620
0.4813122277
0.3374594165
0.3779942104
0.4726313898
0.3982983029
0.4235641451
0.4980082286
0.3613740545
0.4508725303
0.3730026145
0.5335488803
0.4485738671
0.5615358438
0.5863898270
0.4543239121
0.5605006938
0.5914368001
0.4137572419
0.4629417456
0.5700912301
0.6570105427
0.4530492450
0.6307848060
0.5955055817
0.4752420100
0.5386976381
0.5816280017
0.4508650211
0.4374871663
0.5538158705
0.4954058376
0.5258592628
0.5184257146
0.4896114509
0.6472418519
0.5237320773
0.5683517905
0.4421389189
0.5751358378
0.5099878613
0.5544217700
0.5334985747
0.6098444678
0.5630196945
0.5962544189
0.4444020431
0.6359582594
0.5586804812
0.5072123932
0.4514961800
0.6897842407
0.4637106311
0.5787844787
0.6264671841
0.7119161087
0.7297869147
0.5349783068
0.4719684396
0.6056240953
0.5511088832
0.5912712897
0.6046792596
0.5508278545
0.8034032574
0.6943540851
0.5514323196
0.6072403155
0.5809245757
0.6762475035
0.5906687797
0.7221895237
0.7611040629
0.6192215358
0.5848513582
0.5843143216
0.7373786090
0.8049354537
0.6083181686
0.6313586896
0.6522041652
0.5954591203
0.7657181932
0.5867183370
0.6332301954
0.5974188007
0.7721051631
0.6982138184
0.6612116493
0.6156510663
0.6264379366
0.8213467160
0.7360112385
0.6600781619
0.6652642135
0.5431386971
0.7244134539
0.6157350903
0.6414488935
0.7763258261
0.6108240659
0.6770497965
0.6887914791
0.7244690609
0.6879140748
0.8417609719
0.6356033889
0.7041170690
0.7312655590
0.5480389254
0.8083176291
0.7602987521
0.6146688617
0.6542669828
0.6463226480
0.6312082168
0.6318524807
0.6286788511
0.8084469573
0.7140892733
0.6786926230
0.7770301507
0.7421111641
0.7869480238
0.7559932418
0.8003321943
0.6768189666
0.7604677336
0.6040278953
0.7705950846
0.7021905570
0.6050720479
0.7601086475
0.6787210431
0.8372196215
0.7610022466
0.8129099762
0.7219038512
0.7162358732
1.0283524535
0.7107756912
0.8395404690
0.7643770093
0.8545515039
0.7162460543
0.6998258821
0.7590814357
0.8690503627
0.6294708040
0.6659000737
0.8390161760
0.8725920787
0.8414593789
0.7040267549
0.8397168223
0.7724715032
0.8426773573
0.7025068414
0.8556862113
0.7970553074
0.8753184528
0.8918719435
0.7782300202
0.7896441768
0.8562094179
0.7154165388
0.8072283391
0.8782400716
0.8211596180
0.8200569223
0.7866265090
0.7796242592
0.6814953634
0.7793674809
0.7979813979
0.9111458659
0.8024828539
0.8188097096
0.8920394693
0.8517528491
0.8578167234
0.8006935670
0.7131309890
0.7743490170
0.7327096970
0.8540718330
0.8442889733
0.8022584944
0.9460102659
0.7394038966
0.8657415085
0.7509200599
0.8657787495
0.8547556065
0.8775061771
0.7777364068
0.9483035613
0.8445396173
0.9723081978
0.9579973765
0.8234724668
0.8482062112
0.9414287161
1.0494690759
0.9314235927
0.8835289096
0.8686411371
1.0117449561
0.8005158164
0.8322160054
0.9180791015
0.9652532295
0.9326926526
0.9883401458
0.8362915835
0.9871415535
0.8752158095
0.7915268524
0.8209754283
0.9413734615
0.9555053144
0.8150573719
1.0470621843
0.7241796703
0.8539428365
1.0663059850
0.9978869384
1.0423785844
0.9935111284
0.9986403819
0.8442645494
0.9714771186
0.9222355711
1.1919454858
0.9050826444
0.8327886135
1.1053429855
1.0024699904
1.0021182091
0.9875681649
1.0440985360
0.9399399130
0.9885358053
1.0484403619
0.9551512936
0.8382188799
0.9766321356
0.8573040199
0.8978014271
0.9594774095
1.0794417622
0.9983033314
0.9906496290
1.0341018539
0.9899125282
0.8713591892
0.9220695682
0.9664103540
0.9875750054
1.0179712476
1.0681903965
0.9888229784
