-1.0595693133
-0.8707943752
-0.8517669207
-0.9589063480
-0.9659142756
-0.9980489249
-1.0382690446
-1.1296019802
-0.9337718437
-1.1173169819
-0.9674270583
-0.7938935996
-1.0379459292
-1.1437484990
-0.9641662669
-0.7893787072
-1.1216826837
-1.0778900102
-0.9660756594
-1.0349830109
-0.8714984940
-0.9394937166
-0.9717563980
-0.9785126103
-1.0270602328
-0.7456072155
-1.0521709961
-0.8579916420
-0.9432735098
-1.0095077504
-0.9781967347
-1.1043421984
-0.7042660976
-1.0537277913
-0.9189699520
-1.0195983815
-1.0330257270
-0.8975780356
-0.9525299137
-0.9950267554
-0.8392451150
-0.9002527516
-0.9919563324
-0.8535428846
-0.9611481527
-0.9188077821
-0.9845306425
-0.8388477613
-0.9044767638
-0.8458336654
-0.6946330881
-0.8445703612
-0.9367438386
-0.9298911223
-0.9773380579
-1.0020014875
-0.9676748810
-0.8341357789
-1.0764721751
-1.0256442630
-0.8418991306
-0.9105691439
-0.7246426391
-0.9151367407
-0.8193984872
-0.8069125061
-0.7730394837
-0.9763305274
-0.9093957364
-0.7682016716
-0.8355696261
-0.9295117232
-0.9221343444
-0.9503355231
-0.9479359240
-0.8826950138
-0.8837760330
-0.7853606208
-0.8449814993
-0.7924276966
-0.8934000337
-0.9167504548
-1.0861660804
-0.8955831404
-0.9113187595
-0.7482921955
-0.6508487732
-0.8942861176
-0.7299403495
-0.6953404698
-0.9889354135
-0.7095034605
-0.9006502969
-0.7750899844
-0.9004267862
-0.8420639839
-0.8597343870
-0.8039063268
-0.7316340405
-0.7576399961
-0.7500182284
-0.6567789509
-0.8463737253
-0.7366992340
-0.7671824160
-0.7263187625
-0.5372687764
-0.8034247685
-0.7595925278
-0.8167767774
-0.8636650987
-0.7893729281
-0.7101271970
-0.7446307695
-0.8195702321
-0.7932789273
-0.7827248816
-0.5539785543
-0.6978302809
-0.7618896945
-0.7560073644
-0.6397214832
-0.7176036405
-0.6623133789
-0.7926611182
-0.7702223211
-0.6688197066
-0.7560733541
-0.6055576309
-0.5744383471
-0.8520921038
-0.6947104907
-0.7648435526
-0.7300962117
-0.8087137597
-0.6188120514
-0.5412909879
-0.7163904018
-0.9045069432
-0.8320708476
-0.7134735782
-0.7087356552
-0.6882301149
-0.7071631799
-0.7147275129
-0.7146489899
-0.7004447257
-0.6206851123
-0.7793600706
-0.7587233954
-0.7735035075
-0.6847935658
-0.7641091922
-0.6187650628
-0.7000108533
-0.8658113673
-0.7245228108
-0.7564368038
-0.6223722738
-0.6592128915
-0.5985054883
-0.5915920147
-0.7852675253
-0.7693273462
-0.8340052986
-0.7002878815
-0.6371767667
-0.6358635850
-0.7007048116
-0.5932859189
-0.6906798524
-0.6098914907
-0.5547503101
-0.7096995347
-0.6571700894
-0.7306438420
-0.5193194825
-0.7438003461
-0.7644034359
-0.5449628113
-0.7160376239
-0.6667724339
-0.6416901947
-0.6434397888
-0.5694191007
-0.6531463422
-0.5779164941
-0.5304055059
-0.6655204579
-0.7365409829
-0.6454650314
-0.5072213555
-0.6397961896
-0.5507987153
-0.6680128528
-0.5412112400
-0.5914481676
-0.6592917719
-0.6696016990
-0.5851931178
-0.6015550733
-0.6959145518
-0.7036293524
-0.6427743605
-0.5919364757
-0.5367568154
-0.7541128171
-0.5832313031
-0.6520186480
-0.6156463270
-0.6920540142
-0.7145856454
-0.6261188170
-0.6075328733
-0.6667534462
-0.7000352550
-0.4456609292
-0.6007059905
-0.4923505886
-0.5950890960
-0.4585280923
-0.6252509020
-0.6061415616
-0.5707378982
-0.5634634057
-0.6248283178
-0.5677736462
-0.3971235560
-0.6584881063
-0.4606805990
-0.5541205129
-0.6339421711
-0.6545216592
-0.5537782293
-0.4802926466
-0.5252225570
-0.5688193075
-0.4851701427
-0.4726707732
-0.5817847426
-0.4274834372
-0.7589355069
-0.3440503977
-0.4940874434
-0.4729893511
-0.5599309717
-0.4626111319
-0.5827135846
-0.5854517900
-0.3637258055
-0.5167032555
-0.6044292708
-0.4416343362
-0.6312451650
-0.3575132345
-0.4605018710
-0.5369713728
-0.5206554145
-0.3641284331
-0.3705731966
-0.3629712187
-0.4921434086
-0.5387512277
-0.4330857596
-0.5726495670
-0.3288734828
-0.2728206035
-0.4346305197
-0.4662458453
-0.5688101482
-0.3275953383
-0.5508597977
-0.4816132626
-0.3938247588
-0.5093633490
-0.3482125030
-0.5164959796
-0.4372169868
-0.4901883155
-0.6029010818
-0.4656903490
-0.3311598324
-0.4880637692
-0.4953698536
-0.2847809502
-0.3581553613
-0.2259156278
-0.4354989111
-0.4872042018
-0.4476544070
-0.3956149418
-0.4944172192
-0.4377449014
-0.3927709663
-0.2980164201
-0.4244383640
-0.4438123810
-0.4106567502
-0.3547573212
-0.5327526146
-0.2515966884
-0.3776680678
-0.3536683488
-0.2563012493
-0.4622588911
-0.3872548233
-0.3849228681
-0.4935816813
-0.3408318112
-0.0932805869
-0.3368354921
-0.3608355501
-0.3639940169
-0.4088230465
-0.4498842714
-0.4767568307
-0.2138105578
-0.3678499117
-0.3641272221
-0.3365822642
-0.3722108807
-0.3520507122
-0.3221386320
-0.1809773006
-0.3419378381
-0.5536784522
-0.3010018973
-0.5158820675
-0.3128385290
-0.4780002819
-0.4421914027
-0.3758465546
-0.4204581515
-0.3852680913
-0.2806749670
-0.1987842146
-0.3231613550
-0.4264582487
-0.2767330284
-0.3599192537
-0.2330245375
-0.2026338501
-0.4148874471
-0.4017099583
-0.4597397962
-0.3064961346
-0.4256646058
-0.2766519532
-0.2996896967
-0.1198111515
-0.3266223984
-0.2838282733
-0.2071403433
-0.2929494135
-0.4334134050
-0.2665365683
-0.2086501907
-0.3736197191
-0.2997663153
-0.4503837472
-0.2871814662
-0.2522451126
-0.1763961153
-0.4614072957
-0.2749039844
-0.1898601302
-0.3939188457
-0.3703462422
-0.2716245342
-0.2295792889
-0.3225840558
-0.3473365519
-0.1802307042
-0.0903323118
-0.4080137814
-0.1825631903
-0.3119953234
-0.2617123569
-0.1659817045
-0.2710372582
-0.1854204094
-0.2734438473
-0.1909822678
-0.3758565738
-0.1891521115
-0.4125174110
-0.2839320129
-0.4479356536
-0.2516682190
-0.1973152906
-0.0900159272
-0.1992238681
-0.3045451326
-0.2111030076
-0.2418321578
-0.1322370803
-0.0658036249
-0.2231475172
-0.2618003443
-0.2120417358
-0.1762239416
-0.1671848974
-0.1991651368
-0.2214248733
-0.2443886630
-0.1261753389
-0.2272059409
-0.2315986047
-0.1210755145
-0.1694782817
-0.2406686723
-0.1618503899
-0.2086326655
-0.1486114562
-0.2539990746
-0.0700492811
-0.1892120245
-0.1326731818
-0.0957422046
-0.2606578723
-0.1688333293
-0.0048615215
-0.0703765387
-0.2054037615
-0.1051710444
-0.1145289323
-0.1560953886
-0.2079938547
-0.1654475962
-0.1371386561
-0.2222002669
-0.0513572294
-0.0583417665
-0.0112808656
-0.0322231025
-0.1439131675
-0.0142785371
-0.1024532831
-0.1011532896
-0.0802334370
-0.0306040960
-0.1566708750
-0.1036803822
0.0386227770
-0.2414469487
-0.1393143435
-0.0621905802
-0.1278727848
-0.1353745834
-0.0694253301
-0.1651549758
-0.0225492954
-0.2347408655
-0.1440971879
-0.1076689704
-0.0370112263
-0.1421195888
-0.0780067883
-0.0585106896
-0.1690745026
-0.1367690741
-0.0931583248
-0.1021739675
-0.1832319878
-0.0403288637
-0.2119415235
-0.0857749956
-0.1075404228
-0.0723552775
0.0721282993
-0.1875051171
-0.0582139956
-0.0613477443
0.0261784270
-0.0171857854
-0.0147663723
-0.1494382321
-0.0325079253
-0.0331415962
-0.0726479763
0.0638331897
-0.1005782039
-0.0577501601
-0.0658565955
0.0913876908
-0.2790436289
-0.0601972587
-0.0840513382
-0.1079409147
-0.0482119156
-0.1156997553
-0.0169453183
0.0145037050
0.0261153470
0.0866390859
-0.0167903777
-0.1230431791
0.1399279787
-0.0345519150
0.0572343256
0.0511078357
-0.0594064587
0.0317438104
-0.0498834534
-0.0311361466
0.0823455556
-0.0208474195
-0.1836824862
0.1499806781
0.0331370772
0.1794559551
0.0560061515
0.0987957997
-0.0636312162
0.0695166415
0.0159327108
-0.0147202792
0.0917545374
-0.0563758746
0.1470105057
0.0560436392
0.2317332631
0.2508700185
0.0989746540
0.1288045359
-0.0442055666
0.0822015621
-0.0406363275
-0.0339569843
0.1411167237
0.0153671380
0.0534623405
-0.0067110648
-0.0434645685
0.0365585753
0.1011807499
-0.0293041795
0.0170675015
0.0917331902
0.0977068926
0.0266851670
0.0647302399
0.0942816259
0.1325127761
0.0212655757
0.0148434971
0.0983485930
-0.0245748253
-0.0330882922
0.1577169581
0.1366553296
0.1863469827
0.0907226363
0.0192475348
0.0547966302
0.1585141350
0.1730496863
-0.0123549458
0.3760730079
-0.0217124510
0.1069711109
0.2640963410
0.0406155962
0.2569480950
0.2187119098
0.0876423068
0.1576203369
0.2565136958
0.1416972832
0.2376329040
0.1266987278
0.1555980383
0.0906078878
0.1496241943
0.2663486667
0.1595212905
0.2335666098
0.0661703482
0.1771438304
0.1308879051
0.1857921624
0.0898329587
0.1886351868
0.2208331697
0.1098705058
0.0455684850
0.1851462101
0.3027149446
0.1972624396
0.1145061479
0.1964524090
0.3011984032
0.0716011247
0.1051101104
0.2214681564
0.0849250608
0.1748117470
0.2930151403
0.1713554907
0.1635281488
0.2437121824
0.2333420743
0.1572862285
0.1393248265
0.0953017216
0.3582690472
0.1565985221
0.1840276958
0.2669670617
0.3688900778
0.3787850029
0.4149676364
0.1533818579
0.2280604169
0.0701646445
0.4009632803
0.1850690208
0.2029878782
0.2236824873
0.2208676764
0.2617201755
0.2053486055
0.2408123310
0.2358921522
0.2512801054
0.4062001038
0.1757174005
0.2433127744
0.1629856132
0.1847275934
0.3173776470
0.3372082072
0.2241347026
0.1397846970
0.3395914010
0.3487437344
0.2071250064
0.3371296364
0.2746716074
0.2114571203
0.3186252139
0.1526040915
0.3748527238
0.1423813894
0.1950890981
0.3705801291
0.2942239655
0.2581256891
0.2488874336
0.2566983174
0.4881719381
0.3654396858
0.4351066130
0.3052324358
0.2990500197
0.2949816991
0.2392889672
0.3937768607
0.3149658635
0.2035541356
0.2552774298
0.1888660722
0.4575498949
0.3522819122
0.3058392321
0.3254101829
0.3887660249
0.3524483737
0.2363723103
0.1324373378
0.1819017001
0.3442516942
0.4798240483
0.2836867416
0.3743410549
0.3673181940
0.3675141132
0.4203977389
0.4974958970
0.3705830593
0.3418690057
0.2372268880
0.4277651169
0.4771491879
0.4647491251
0.3486023245
0.4435282621
0.2888694921
0.3645488345
0.2389694719
0.2710621167
0.3450561691
0.3399653388
0.3826876512
0.2150683970
0.3703476927
0.3158467899
0.3909992126
0.3409927250
0.4391895716
0.4438801722
0.5116658782
0.4277961669
0.2589362686
0.3784662286
0.3748261943
0.5483855947
0.4026736739
0.4175862298
0.4515514539
0.4367448143
0.4860296065
0.3983216202
0.5929590241
0.4437051534
0.3576823705
0.2888469652
0.3742092739
0.3767826863
0.4563136682
0.5011280171
0.4967558939
0.4882914217
0.3301720874
0.4895123311
0.2709683753
0.3904794585
0.5532870131
0.5603662098
0.6038737491
0.3287922399
0.4361480670
0.3720071635
0.5636194120
0.3597863574
0.5237011597
0.2937480774
0.4691435471
0.3281433802
0.4151317302
0.4488043966
0.4895004842
0.3277549263
0.3993621488
0.4343773812
0.5910659332
0.5602329939
0.5929129555
0.5298438843
0.4474391376
0.6340608671
0.5472664467
0.4280860401
0.4902576054
0.4006376128
0.4393665847
0.4930605638
0.5320568556
0.5067683784
0.6771550692
0.4806197532
0.5975478891
0.5692114479
0.5279841961
0.5111054851
0.3429096861
0.3842253145
0.5716847156
0.4542190212
0.5252115992
0.3891952186
0.5790293820
0.4802719150
0.5152597253
0.6887969803
0.4967035071
0.4795105032
0.5418613247
0.6019206058
0.5332424086
0.6401772114
0.5219844380
0.6614924394
0.5426295661
0.5420422753
0.6351044520
0.5274185844
0.5641034343
0.5571430493
0.5448621731
0.4653042280
0.5220051170
0.5611083154
0.6046106382
0.5416081348
0.5638007078
0.6157259684
0.7132062292
0.6590220582
0.6818221633
0.6038911584
0.5437995069
0.6202637521
0.7407924907
0.6459479063
0.5735639756
0.7284529297
0.6372528267
0.6650859355
0.6279823311
0.6388677247
0.4987077116
0.6787499012
0.6909638345
0.8336065934
0.5113985441
0.6343058793
0.6599954263
0.7009969239
0.6728740330
0.5909219313
0.6616672888
0.7783965037
0.6280997953
0.6884996507
0.6716810491
0.5145301139
0.7118749537
0.6735356865
0.6712221640
0.6230663280
0.6187424836
0.6373170949
0.7419111976
0.7002436428
0.7707114393
0.7355388585
0.6260991651
0.6087152228
0.4870693063
0.7078048315
0.7103789936
0.8274183123
0.7128552853
0.6238743437
0.6398788206
0.6990780133
0.5715298211
0.5053876893
0.4818209420
0.7503973224
0.7164605291
0.6405576383
0.6241236566
0.4784127371
0.7379073391
0.9193919858
0.7131287038
0.7707049772
0.8090686976
0.7488467984
0.6767387822
0.8176100588
0.8292743144
0.6915235626
0.6369896673
0.7091531349
0.7156913379
0.7586263552
0.7479667037
0.7868639245
0.7086961171
0.6700064076
0.7218520627
0.6533867889
0.6430463914
0.8099734599
0.8215563537
0.6984138754
0.7192703382
0.6943589375
0.8165714096
0.6792987187
0.8151324208
0.7432863306
0.6980611179
0.6938240681
0.8429782842
0.7231642000
0.7658935777
0.8717831198
0.5984513052
0.8969027115
0.8233547268
0.8546367991
0.8352992749
0.7346083593
0.6907735512
0.8599917300
0.7560009478
0.7537951274
0.7038847994
0.7227872648
0.7628345108
0.7183141759
0.8633384062
0.8410992601
0.8344338290
0.7750905047
0.8465950312
0.9374238376
0.8902870767
0.8533418390
0.8983769971
0.8965304569
0.7235282739
0.9245568699
0.9142270517
0.7782110711
0.8452871151
0.8543671789
0.7731407123
1.0064952787
0.8839389477
0.7769914175
0.8473731776
0.7487523360
0.7399058485
0.8187899808
0.7893993766
0.7545766507
0.8566975269
0.8764822352
0.8979949001
0.8355168557
0.8695319228
0.9052648039
0.9022412718
0.9151416211
0.9910336955
0.8438150474
0.8806164384
0.9024212943
0.8204405738
0.9402922849
0.8144606797
1.0591644093
0.8554468910
0.8686515155
0.8319935823
0.9465841800
0.9400877962
0.8947504203
0.9534716726
0.8724076898
0.7930443735
0.8444708093
0.8535728875
0.6569820657
0.9297134746
1.1151393147
0.9873995887
0.9639084786
0.9008001707
0.8940371287
0.9621783191
0.9734691794
1.1129941321
0.7944029677
0.9415611732
1.0224533076
0.8733895144
0.8766422984
0.9382193114
0.9294257638
0.8965721017
0.9313117522
0.9066868517
0.8165865253
0.9817941340
0.9913987870
1.0332235025
0.9887904179
0.9971803392
0.8217835618
0.9962165084
1.0058828155
1.0640495329
1.0163895665
0.9192809836
0.8557443866
1.0727075609
1.1867269092
0.9606884395
0.8207529816
0.9132445274
0.9483349374
0.9233221312
1.0259477447
0.9404829336
