-1.1427833538
-1.0840016904
-1.0032315526
-1.0059769274
-1.0015593537
-1.0846929957
-1.0876664374
-0.9004896054
-1.0614183626
-1.0032254762
-0.9188123864
-0.8088008260
-0.9053380129
-1.0365011567
-1.0370086230
-0.9196683171
-0.9274957000
-0.8793067231
-1.0483254859
-0.9827670815
-0.9059461314
-0.9249254812
-1.0281282322
-0.7932408638
-0.9384750499
-0.8274508280
-1.0264298417
-0.9949816942
-0.9368709612
-0.9578886840
-0.9501677675
-0.8345073122
-0.9435276683
-1.1053811332
-0.7984885143
-0.8298301712
-0.9334183962
-1.1281403925
-0.8894743898
-0.9126835903
-0.6769200284
-0.8299226214
-0.9097628032
-0.9482428302
-0.7791496764
-0.8678911115
-0.8913965562
-0.8989867346
-1.0108517119
-0.9341621514
-0.8909169726
-1.0817224529
-0.8847607851
-0.8222488999
-0.8806163978
-0.8144360748
-0.8792764166
-0.9675124278
-0.8508205809
-0.8793057272
-0.9036523418
-0.8801202875
-1.0749556846
-0.9701593859
-0.8486504265
-0.8076934315
-0.7751235409
-0.7536483903
-0.8887540928
-0.9346080344
-0.8076842597
-0.9413543566
-0.7835350049
-0.9562875796
-0.9073642079
-0.8933960792
-0.7302872106
-0.7856928864
-0.8872016296
-0.9461522656
-0.7816834047
-0.9528120224
-1.0296256417
-0.8864427403
-0.8660055607
-0.8036255192
-0.6729763712
-0.9124552757
-0.8614720091
-0.7615395648
-0.8186138638
-0.8573370048
-0.7597420596
-0.8096756291
-0.7703639904
-0.7416299207
-0.8163609988
-0.8526786362
-0.6684618928
-0.8526608189
-0.7104928363
-0.7406918371
-0.7296576328
-0.7490745100
-0.7522315914
-0.9221553980
-0.7687861614
-0.7306588349
-0.7871307229
-0.7263407651
-0.9130529687
-0.6437557848
-0.7819566119
-0.7654927333
-0.6460888565
-0.8214372209
-0.7423138885
-0.6189490414
-0.8659205245
-0.7890978797
-0.7442321052
-0.8125031655
-0.9286560377
-0.7289482240
-0.8466129518
-0.7964275213
-0.6501430225
-0.6975852990
-0.8170499374
-0.7966790888
-0.8353704829
-0.8486054555
-0.7210430291
-0.7357964284
-0.6283845561
-0.7075978512
-0.6897458272
-0.8078132689
-0.5565738567
-0.7394604922
-0.7386690877
-0.7236877930
-0.6936358395
-0.7343749374
-0.6861656170
-0.8725671884
-0.5201915743
-0.6281130392
-0.7175888900
-0.8367105136
-0.7261955248
-0.6162640568
-0.6294875847
-0.6029296196
-0.6042642808
-0.5545846324
-0.6409926681
-0.8006341228
-0.5910795533
-0.7708278919
-0.6249187407
-0.8606900255
-0.7367460385
-0.8788330518
-0.8004862643
-0.6044169023
-0.7170832607
-0.7352110789
-0.6602897766
-0.6469415135
-0.6979521307
-0.5979679866
-0.5154159384
-0.5792060283
-0.6545929932
-0.6364054175
-0.6319966159
-0.8320183555
-0.5570279153
-0.5375835959
-0.7354394531
-0.7003551163
-0.7042596706
-0.4971845102
-0.6321592794
-0.6390154798
-0.6068636748
-0.5675116415
-0.7205383826
-0.6344705533
-0.5812517169
-0.6373358540
-0.6765704063
-0.6477283784
-0.6144561472
-0.6737736780
-0.6299438031
-0.6944334669
-0.6984484182
-0.6631673242
-0.6705638338
-0.6809864495
-0.6975206761
-0.4902075380
-0.3580594431
-0.5236731911
-0.5955018717
-0.6019510283
-0.5433359926
-0.6581163986
-0.5532408828
-0.4869588892
-0.5773018771
-0.5932254031
-0.6623272396
-0.4064814664
-0.5129767794
-0.4121839095
-0.6427780458
-0.5479013917
-0.5104216740
-0.6651917209
-0.4910507733
-0.5876426662
-0.5502045998
-0.5834604356
-0.6070551675
-0.4659339797
-0.5927532869
-0.5616983046
-0.5815841753
-0.3655283872
-0.6757253986
-0.6096837566
-0.6019770758
-0.5868323204
-0.4179087843
-0.4502646842
-0.6133815173
-0.6126156533
-0.4954641466
-0.5101336284
-0.6143202969
-0.5402219886
-0.5205933085
-0.5160660886
-0.4782371350
-0.4704878999
-0.5231883819
-0.4991771120
-0.6668328051
-0.5083642479
-0.5247315374
-0.5620961859
-0.5164027486
-0.5457353257
-0.6293983937
-0.4244973007
-0.5992530773
-0.4567695897
-0.3824268151
-0.5076354220
-0.5939482857
-0.5384417499
-0.4380547254
-0.6129124345
-0.5105835834
-0.5679621872
-0.4915273083
-0.4864051425
-0.5025102360
-0.4377126783
-0.4454942964
-0.4003274526
-0.5530160776
-0.3819434850
-0.4274903813
-0.4010577065
-0.4936079197
-0.2986020705
-0.5577490928
-0.4914922842
-0.4059579107
-0.3515196533
-0.3476627206
-0.6252363878
-0.4221626821
-0.5604110250
-0.5304270834
-0.4271567819
-0.4232495973
-0.3894940274
-0.3483282691
-0.4657818926
-0.3915947961
-0.5540328930
-0.3947388485
-0.3002909661
-0.4062265435
-0.3628522867
-0.4261431659
-0.4322546906
-0.3761789877
-0.3365483017
-0.4535742961
-0.4414727546
-0.3973974954
-0.3777017638
-0.5089116492
-0.3002969520
-0.4871158756
-0.3793212035
-0.5073877300
-0.4390224763
-0.4072325957
-0.2908369993
-0.3863348141
-0.2039926388
-0.4233268564
-0.4194919617
-0.2617604107
-0.2977504533
-0.3396237842
-0.3004618830
-0.4079283559
-0.2825085713
-0.5348106161
-0.4261772538
-0.3562924724
-0.2175643241
-0.2485155672
-0.3008620473
-0.3058114970
-0.4150403837
-0.4697244516
-0.1378202259
-0.2175218506
-0.3827463353
-0.2722377261
-0.3370871595
-0.3839192842
-0.4404346829
-0.4409468137
-0.2932381616
-0.3045288860
-0.3281850765
-0.4569849489
-0.3601203459
-0.3928222632
-0.1335750281
-0.2245183819
-0.3573250847
-0.1795708543
-0.4015451520
-0.2417451053
-0.3184503895
-0.3789028083
-0.1285199547
-0.2691060943
-0.2960631871
-0.3373378666
-0.2954682605
-0.3326874092
-0.3729908636
-0.3083377365
-0.3985744489
-0.2255950362
-0.3517844983
-0.3643260393
-0.4147205793
-0.2328685066
-0.3259475852
-0.2746584857
-0.2489833147
-0.3062422237
-0.2088079649
-0.2395620317
-0.2337825922
-0.2453715276
-0.2754213835
-0.2697222043
-0.1505440776
-0.2148722326
-0.2445852335
-0.2046819276
-0.0813973878
-0.2569313855
-0.3248890133
-0.2760728746
-0.2527505600
-0.2636322115
-0.2385200760
-0.1457202593
-0.1002345570
-0.3895809863
-0.2164793482
-0.2247933671
-0.0708016367
-0.0557527482
-0.1537391518
-0.3385745104
-0.3376664000
-0.2199772096
-0.3449800359
-0.2092585748
-0.2174079626
-0.1340817717
-0.2437043234
-0.0761668562
-0.1652414861
-0.2406468056
-0.0706697989
-0.1448731621
-0.1786535153
-0.1462193177
-0.2454924262
-0.1897619233
-0.1165134268
-0.1276591627
-0.2554870445
-0.2331508517
-0.1754927683
-0.2087357283
-0.2517282912
-0.1451222619
-0.1997321476
0.0292773314
-0.2847625469
-0.0715695444
-0.1567195739
-0.2097873207
0.0068940451
-0.0436277772
-0.0936271692
-0.0529300614
-0.1055461924
-0.1442582515
-0.1868762624
-0.2322145720
-0.0485288718
-0.1631906012
-0.1795179999
-0.0616491890
-0.1081816171
-0.0780291970
-0.1763189512
-0.0613870422
0.0213541616
-0.1455582650
-0.0784842865
-0.1451806860
0.0126898191
-0.0557210638
-0.0510415058
-0.0283524754
-0.0701158631
-0.0698332173
-0.0881287401
-0.0361558121
-0.0295727969
-0.0453251352
0.0109294989
0.0203914674
-0.0254072716
-0.0050800783
0.0440865938
-0.1054560583
-0.1406919518
-0.1445603364
-0.1248360361
-0.0439163539
-0.0254281227
-0.0280872348
-0.1447605981
0.1424727385
0.0166211584
-0.0008694835
-0.0633678127
-0.0798457932
-0.2261535884
-0.0449726560
0.1105799210
-0.0249214264
0.0481048157
-0.1683002830
-0.0896541910
-0.0194117118
0.0190224402
-0.1226433142
-0.0594228403
-0.0593099157
-0.0058247586
-0.0366796723
0.0267295076
0.0289218367
-0.0063437741
0.0916687307
-0.0298054984
-0.0940576652
-0.0993371948
0.0771946386
0.0099909522
-0.0539013815
-0.0213588322
-0.0611645030
0.0655726588
-0.0024019122
-0.0280594381
0.0724689424
-0.0949548936
0.0394618681
-0.0156030778
0.0520235290
0.1584036495
-0.1293022089
0.1143817803
0.0438448549
0.0127794680
0.0259956541
0.2203317680
0.0720383576
0.0218484632
0.1410133941
0.0928356175
0.0686567680
0.1827052497
0.1074936387
-0.0189065932
0.1183935413
0.2049290082
-0.0423308500
0.0495681732
0.1573384873
0.0720853548
0.2593685623
0.1121817759
-0.0123656256
0.0010483189
-0.0087004866
0.0331654116
-0.1416418516
0.0827308070
0.0489817439
0.0205536950
0.0109548566
-0.0015848380
0.2715028069
-0.0427943968
0.1392535443
-0.1177124174
-0.1027503347
0.0283745549
0.0919056331
0.1264917751
-0.0338718957
0.0811446799
0.1825158429
0.2135211831
0.1468499230
0.1303422607
0.1007945356
0.1299035214
0.1541186767
0.0861569123
0.2054163813
0.1579324099
0.1223866794
0.3208980787
0.1432239166
0.2211826958
0.1358180015
0.0421572698
0.3326182320
0.0974873965
0.1368391725
0.1869199858
0.1144184556
0.1681335492
0.2133275829
0.1429285066
0.1728258939
0.0858914523
0.2268520184
0.2116581698
0.0405539104
0.0638236317
0.1839828807
0.1641693309
0.0873323403
0.2187339837
0.1515830478
0.1483685902
0.2260934445
0.2396309358
0.2403741940
0.0930070333
0.2987771199
0.1102753917
0.4030807238
0.1494827320
0.2705007543
0.2728786105
0.1475707111
0.2587402008
0.2519101531
0.1340599865
0.4296473120
0.3109193731
0.2159136602
0.3126623268
0.2161592142
0.2260734358
0.1800676756
0.2419937158
0.2635696958
0.3254906723
0.0094292383
0.2263223224
0.2116635723
0.1843004913
0.2130783667
0.2579002681
0.2577310235
0.2559575121
0.2993466457
0.4393987403
0.2375667437
0.2224769179
0.1241418173
0.2738099383
0.3582693739
0.2210689438
0.1904765413
0.2208927629
0.3166062253
0.3292419682
0.3628052867
0.4836370302
0.2386733139
0.3676756025
0.2982499261
0.4144032615
0.4147389001
0.2816952274
0.2319874846
0.3764471756
0.1105343140
0.2788623742
0.3283983928
0.3810692697
0.3159540471
0.1390877017
0.3037239325
0.2841877519
0.3081129762
0.1477827156
0.2774241396
0.2085509881
0.2660399967
0.1419592450
0.2624979382
0.2643637136
0.2526496844
0.4542610110
0.2379463475
0.3827839886
0.4169702200
0.3044995402
0.4103734005
0.3283127940
0.4661895201
0.3049960309
0.3724376931
0.3472774449
0.3130233870
0.4071722248
0.3137942010
0.4108247500
0.2797708595
0.4440828793
0.3419390682
0.2930490967
0.4240948425
0.3498908722
0.5312640150
0.4817201315
0.3266292260
0.2859896719
0.3221609191
0.4146690619
0.3271702851
0.3975157934
0.3604326497
0.4412548085
0.4239453915
0.2384585251
0.1933194060
0.3955180229
0.5398757190
0.4478987715
0.4860282996
0.3318320038
0.3608074219
0.4875523246
0.3456812802
0.3739132969
0.2106741518
0.3997701755
0.3774498313
0.4280117686
0.4426365927
0.3497401645
0.5498974335
0.4540078678
0.4532572211
0.3883550068
0.4890606036
0.2710510435
0.4909780132
0.4371388979
0.4810576324
0.5252456214
0.4182560220
0.4808372310
0.4088282660
0.3142578511
0.3950910813
0.4313551702
0.3497185945
0.5399090548
0.4181369429
0.6241619287
0.3789478661
0.5346046175
0.4098754542
0.4593925752
0.4288675797
0.4778880194
0.4944192570
0.4221368425
0.5704068074
0.2941776589
0.4804437889
0.4657844294
0.4878872733
0.4343295299
0.4463307085
0.5040599267
0.4789013597
0.4734632467
0.4507750479
0.5224632901
0.4460583564
0.4380337235
0.5071213943
0.3755509366
0.4123804485
0.4807569441
0.3678776283
0.6238657226
0.4533946667
0.6071410967
0.5391245692
0.5063663559
0.5565718598
0.4767230392
0.4197116686
0.6431052391
0.3841186748
0.4811738438
0.5099783107
0.5320907899
0.5249964195
0.5280719833
0.6497855053
0.4808344212
0.5117911988
0.6103200430
0.4417894656
0.5866188350
0.6005347831
0.6194858879
0.4974015972
0.4178367495
0.6738953261
0.5558654428
0.6191906266
0.6282880239
0.5352472371
0.6486701797
0.5015411191
0.6567018586
0.6073589805
0.5805697127
0.6832140583
0.5259785442
0.5526724501
0.4854085319
0.4858766752
0.7200185180
0.6051672751
0.6114211021
0.6044938312
0.6980364825
0.6371328777
0.5743447068
0.6047133392
0.6569394504
0.6324211607
0.6111619892
0.6786762476
0.8002843759
0.4647481655
0.6044104507
0.6978759887
0.7669983394
0.5416772719
0.6916775749
0.5944635789
0.5976213879
0.5764638511
0.6453128768
0.6059296878
0.7507287157
0.8598956046
0.5264545725
0.6545019824
0.5147940867
0.7042904167
0.7616325520
0.7256438446
0.6175596853
0.6647983909
0.6865530552
0.5960354478
0.7561238715
0.7071316432
0.6791519962
0.7995037853
0.7359378573
0.6237763508
0.6992820049
0.7550799340
0.6973816048
0.7387632344
0.6065288120
0.6001680556
0.6871267015
0.6592293338
0.8217701751
0.7404461627
0.8513906059
0.6870617135
0.7044974279
0.6116684527
0.5256415433
0.6666280235
0.7449744121
0.8183816590
0.7527315059
0.4897389532
0.6541866440
0.8299804013
0.7150128432
0.8366707840
0.7424758050
0.7698297401
0.9096953248
0.6354783480
0.7040266949
0.8266267004
0.6725709551
0.7476989738
0.6955771368
0.7688234747
0.6220022108
0.8184634445
0.7058310159
0.6054327499
0.6590022865
0.7070328068
0.7847299674
0.6914478866
0.7362743606
0.7317325932
0.7647074146
0.8777677993
0.7215276544
0.7893614650
0.8342722539
0.7206833323
0.7966353058
0.7983911436
0.8193524015
0.8752099149
0.8093465565
0.6946249430
0.7382212922
0.7460894870
0.6914039259
0.7985957662
0.7090907803
0.8237860313
0.8381368395
0.8143100807
0.8209614009
0.9651938241
0.8278418400
0.9642933300
0.8471174625
0.6423160760
0.7931100755
0.7650838906
0.8550060644
0.7815967786
0.8004388089
0.8360579841
0.8758149960
0.7194299296
0.8220557395
0.9616031421
0.8540062526
0.9581809351
0.8153370002
0.9094413546
0.9435671571
0.7008410657
0.7477700435
0.8343202203
0.9414577174
0.8543772977
0.9487407095
0.9604010329
0.8371586395
0.8037143687
0.7612878403
0.8435661899
1.0390665737
0.9783071968
1.0112703329
0.8175244666
0.8723719649
0.9675914098
0.9795081212
0.8300734120
0.9027986006
0.8369798335
0.8743654811
0.8840905156
0.8188747769
1.0311427996
0.8481625233
1.1865274801
0.9796820451
0.8203602611
0.9674110170
1.0760180586
1.0377767286
0.9177000070
0.9219771085
0.8579194148
0.9771720500
0.8740779002
0.8622018245
0.9853473072
0.8261946286
0.9315570451
0.7826209574
0.9759552514
0.9419274247
1.0700407058
0.9993952199
0.8780712609
0.9115565443
0.8080269369
0.9355721782
1.1032611558
0.9347749717
1.0885036438
1.0536394240
1.0554377216
1.0988865290
0.9795901488
0.9421580784
1.0189057556
0.9904081251
1.0566619875
0.9211396648
1.1001276897
0.9630588678
1.0254959489
1.0659315437
1.1506168751
1.0399162807
0.9436917410
1.0433153702
0.9135532283
1.0263662527
1.1208579004
1.0991139689
