-1.1422653949
-1.0696368809
-1.0143076402
-0.9851600728
-1.0012063012
-1.0814132392
-1.0935827590
-0.9018228085
-1.0530084031
-0.9980282970
-0.9209938992
-0.8082493685
-0.8935067561
-1.0434055066
-1.0397592218
-0.9184118500
-0.9196581497
-0.8743679685
-1.0367903762
-0.9748607576
-0.9279270627
-0.9344763282
-1.0182259681
-0.8030959348
-0.9464677542
-0.8500471281
-1.0155388957
-0.9924301827
-0.9402954315
-0.9474721283
-0.9381972595
-0.8305924170
-0.9471108965
-1.1169232721
-0.7947847861
-0.8560990820
-0.9563502508
-1.1158374518
-0.8723633232
-0.9082797561
-0.6810290425
-0.8267701653
-0.8925870808
-0.9624984288
-0.7783374147
-0.8498353286
-0.9076476995
-0.8731884281
-1.0005834385
-0.9257253581
-0.9218130525
-1.0873492716
-0.8821874989
-0.8206571926
-0.8778752847
-0.7982280770
-0.9149694458
-0.9825797229
-0.8645955932
-0.8919735060
-0.9263635494
-0.8712892334
-1.0765638326
-0.9782282993
-0.8280376701
-0.8030590704
-0.7497586431
-0.7518512980
-0.8795514511
-0.9357446761
-0.8028601094
-0.9439764570
-0.7951699000
-0.9567767908
-0.8987691869
-0.9021156139
-0.7263418798
-0.7956336460
-0.8881918937
-0.9699260808
-0.7740974446
-0.9487362031
-1.0468853376
-0.9052975513
-0.8783881476
-0.8071727470
-0.6943755105
-0.9031637905
-0.8509995619
-0.7456563750
-0.8074360210
-0.8636017334
-0.7841027015
-0.8261092143
-0.7670398885
-0.7373443359
-0.8190937361
-0.8346548667
-0.6693873343
-0.8410186071
-0.7082252524
-0.7667943305
-0.7076228934
-0.7502176729
-0.7457792674
-0.8854004503
-0.7790724787
-0.7211442071
-0.7855118760
-0.7559286344
-0.9136898877
-0.6492630059
-0.7799026835
-0.7575750609
-0.6613241375
-0.8020913129
-0.7248942028
-0.6153177388
-0.8583702536
-0.7807019593
-0.7486610834
-0.8083518356
-0.9098703702
-0.7385057045
-0.8355214100
-0.8041232490
-0.6504149754
-0.6998474588
-0.8106442825
-0.7865351328
-0.8418105056
-0.8461996758
-0.7133219699
-0.7168995730
-0.6387420310
-0.7017566468
-0.6940433284
-0.8008037793
-0.5760110330
-0.7345979987
-0.7342268667
-0.7304183144
-0.6873303762
-0.7508570114
-0.6842137172
-0.8688725279
-0.5108656531
-0.6328536343
-0.7181156343
-0.8131854564
-0.7147195716
-0.6140462744
-0.6314397186
-0.5959461048
-0.6004653112
-0.5378459521
-0.6244713148
-0.8052268705
-0.5913992113
-0.7752468437
-0.6261863321
-0.8357157842
-0.7629356381
-0.8743236666
-0.7953010897
-0.6000637433
-0.7130833037
-0.7401290918
-0.6558144036
-0.6457809273
-0.7034629717
-0.5867756419
-0.5080353961
-0.5730785126
-0.6430410213
-0.6283673390
-0.6296488791
-0.8266521004
-0.5696914754
-0.5615721204
-0.7360657832
-0.6957607008
-0.7046468967
-0.5162499835
-0.6217011398
-0.6328652262
-0.6168355041
-0.5688498346
-0.7336253604
-0.6546163251
-0.5800803020
-0.6409986174
-0.6656168792
-0.6416899132
-0.6039043383
-0.6649087652
-0.6367450310
-0.7135047780
-0.6971782684
-0.6657227778
-0.6533446545
-0.6763262260
-0.6975997420
-0.5050392890
-0.3474282677
-0.5503765377
-0.5877764667
-0.5986464598
-0.5293880485
-0.6675375664
-0.5463254141
-0.4862235833
-0.5586224348
-0.6033487240
-0.6612165113
-0.3981635004
-0.5308408740
-0.4082649429
-0.6634663281
-0.5575279019
-0.5049219336
-0.6322399308
-0.4773836478
-0.5856774284
-0.5266442945
-0.5640845980
-0.6021927922
-0.4715474291
-0.5678072155
-0.5451732939
-0.5746309716
-0.3590482412
-0.6832983959
-0.6121738828
-0.6102695940
-0.5992309936
-0.4045644572
-0.4614642636
-0.6171081797
-0.6152099685
-0.5080937606
-0.5465376394
-0.5957259048
-0.5246092177
-0.5076199396
-0.5208039985
-0.4977793023
-0.4663515320
-0.5085695315
-0.4949370439
-0.6538815152
-0.5157998778
-0.5207283243
-0.5914283948
-0.5082678244
-0.5540647641
-0.6264090171
-0.4381953522
-0.5980922225
-0.4525344314
-0.3508542115
-0.4970274360
-0.5817221814
-0.5222896394
-0.4163707566
-0.6197423570
-0.5115604143
-0.5692138625
-0.4786164403
-0.4863397007
-0.4899445243
-0.4157634829
-0.4260038180
-0.3803412600
-0.5445871750
-0.3874438281
-0.4036041954
-0.4181775580
-0.4876816296
-0.2984808269
-0.5667608463
-0.5014041843
-0.3902153033
-0.3381884125
-0.3630607508
-0.6232436103
-0.4474080692
-0.5648014860
-0.5168088503
-0.4124672752
-0.4229105251
-0.4223534664
-0.3611831545
-0.4770136702
-0.3823159894
-0.5472855383
-0.4291321003
-0.3293987539
-0.3955899821
-0.3466470900
-0.4134717528
-0.4122929578
-0.3710192915
-0.3343381153
-0.4312562957
-0.4634830051
-0.4098099581
-0.3602016750
-0.4991141627
-0.2908276789
-0.4766913432
-0.3698526334
-0.5077233752
-0.4747322961
-0.3922280406
-0.3118115329
-0.3797282927
-0.2155031604
-0.4283642172
-0.4172458949
-0.2781427246
-0.2929557857
-0.3331534169
-0.2863671030
-0.4095781521
-0.2592093526
-0.5253541673
-0.4271353702
-0.3503223502
-0.2097672798
-0.2621470217
-0.3108467094
-0.3088226492
-0.4288255531
-0.4608629593
-0.1474454973
-0.2472505736
-0.3705000027
-0.2749925802
-0.3192217275
-0.3953748622
-0.4401543357
-0.4285865110
-0.3088145110
-0.3134446358
-0.3203164142
-0.4585470125
-0.3957157598
-0.3798306628
-0.1401680196
-0.2136046128
-0.3257695019
-0.2040491143
-0.3985187950
-0.2314971731
-0.3262427204
-0.3917980304
-0.1462570311
-0.2643988407
-0.3085481524
-0.3295403994
-0.2985993183
-0.3108969089
-0.3760023821
-0.3076914847
-0.4104459386
-0.2204280487
-0.3702677863
-0.3753420124
-0.3882303382
-0.2398046907
-0.3218643667
-0.2878560446
-0.2300760115
-0.2834879694
-0.1759441733
-0.2427550457
-0.2425340072
-0.2497517658
-0.2815823297
-0.2854948723
-0.1495696670
-0.2034577805
-0.2432346989
-0.2166335041
-0.0832372740
-0.2547371823
-0.3189799938
-0.2626584162
-0.2497033008
-0.2725393379
-0.2420698148
-0.1500183688
-0.1192174079
-0.3923455652
-0.2168127274
-0.2171655071
-0.0641541609
-0.0486783918
-0.1672222168
-0.3365495882
-0.3279359509
-0.1945509821
-0.3352649936
-0.2062722067
-0.2159860702
-0.1490771757
-0.2690275198
-0.0722755268
-0.1594953715
-0.2303990219
-0.0369496857
-0.1657359356
-0.1667363746
-0.1617008674
-0.2275048461
-0.2175877849
-0.0913466107
-0.1376958032
-0.2530504140
-0.2296905217
-0.1772914230
-0.2007543661
-0.2329741757
-0.1313506973
-0.1886930303
0.0209440161
-0.2555641561
-0.0654205229
-0.1686777081
-0.2122198198
0.0149554279
-0.0209163015
-0.0917054138
-0.0439905382
-0.0942732756
-0.1387082440
-0.1893455542
-0.2311597972
-0.0621640220
-0.1539936732
-0.1841609489
-0.0604581489
-0.1104997988
-0.0888810482
-0.1658295074
-0.0458847473
0.0094110628
-0.1601101463
-0.0686158954
-0.1414579380
0.0092277700
-0.0782120691
-0.0450637457
-0.0094209025
-0.0381287910
-0.0598348529
-0.0561999697
-0.0409223923
-0.0230488786
-0.0381436471
0.0066098128
-0.0043484590
-0.0374550394
-0.0304462386
0.0598625136
-0.0992346852
-0.1280454589
-0.1268389827
-0.1285674187
-0.0348517370
-0.0250156317
-0.0116064579
-0.1399938814
0.1393734670
0.0017890723
0.0006507303
-0.0776640864
-0.0597008601
-0.2308911706
-0.0519378302
0.1184542067
-0.0347059358
0.0629279708
-0.1441365613
-0.0806069816
-0.0438995154
0.0142278350
-0.1086787911
-0.0627383569
-0.0734560943
-0.0211399252
-0.0367887895
0.0269360633
0.0118817303
-0.0202196818
0.0868759063
-0.0725559196
-0.1057096056
-0.1099644740
0.1026304864
0.0253692664
-0.0407872248
-0.0161628564
-0.0885701389
0.0490218217
0.0122090463
-0.0220973754
0.0778388666
-0.0866869619
0.0248334231
-0.0213336913
0.0562266438
0.1475632983
-0.1099362731
0.1415955230
0.0366494316
-0.0053925829
0.0294006035
0.2278314504
0.0783202620
0.0223760534
0.1347088327
0.0769344390
0.0628273061
0.1786748592
0.1374425291
-0.0494136518
0.1318824605
0.1960133837
-0.0356017297
0.0614723369
0.1642276196
0.0798809136
0.2507588440
0.0956058650
-0.0011279403
0.0250489752
-0.0065485258
0.0297797832
-0.1421517418
0.0780071036
0.0419559763
0.0479900125
0.0028344336
0.0172043040
0.2486240950
-0.0363923835
0.1295159816
-0.1220872056
-0.0797047738
0.0299464627
0.1113950519
0.1329649500
-0.0339582648
0.0962621014
0.1905015450
0.1990960954
0.1576188668
0.1395438986
0.0966446657
0.1309003557
0.1335520651
0.0880198179
0.2201218273
0.1501438796
0.1418452988
0.3004586985
0.1584703990
0.2152545386
0.1306176051
0.0663050117
0.3420823697
0.0846851364
0.1293579324
0.1888573301
0.0754573819
0.1766245062
0.2212998918
0.1530995061
0.1901947520
0.0726847002
0.2156221501
0.2242869800
0.0636990963
0.0284935867
0.1921397922
0.1690716460
0.1052475322
0.2190556560
0.1588701893
0.1704552142
0.2046284987
0.2177071792
0.2485844015
0.1074803490
0.2746242536
0.0917556817
0.4126329441
0.1446180038
0.2734812964
0.2654513254
0.1791118959
0.2523323476
0.2136152808
0.1134863977
0.4242984000
0.3149726533
0.2112730095
0.3108222949
0.1893877249
0.2506068725
0.1590394479
0.2329949716
0.2888339095
0.3243155512
0.0068115255
0.2239493794
0.1914423097
0.1980705982
0.1976514515
0.2511527790
0.2422192833
0.2429208608
0.3005547115
0.4358122443
0.2503787391
0.2262563836
0.1262580763
0.2651230737
0.3516603305
0.2177708502
0.2050816334
0.2341102622
0.3182851034
0.3219896310
0.3623383068
0.4652861797
0.2450065579
0.3715401043
0.2863755593
0.4166569265
0.3838073851
0.2890805353
0.2502897083
0.3565999651
0.1376751533
0.2993938204
0.3295056131
0.3515603460
0.3084270041
0.1402897060
0.2948254224
0.2927905820
0.2880824664
0.1571320492
0.2893762705
0.2303885819
0.2908110937
0.1502163820
0.2563842006
0.2657135639
0.2491051213
0.4397109931
0.2417433156
0.3764453148
0.4257977914
0.2946457736
0.4005251465
0.3225941605
0.4552010442
0.3026565833
0.3722254367
0.3483533050
0.3191195577
0.4105031816
0.3447008278
0.4147531424
0.2769728017
0.4618626497
0.3345891912
0.2905306783
0.4425353279
0.3518896193
0.5463771252
0.4633212020
0.3278970910
0.2895439788
0.3371846926
0.4110355882
0.3479264471
0.3835497302
0.3575565169
0.4470345970
0.4284785500
0.2398345980
0.1789443519
0.3753469237
0.5410713969
0.4421595973
0.4912082645
0.3176588614
0.3697257731
0.4581332676
0.3506331233
0.3494278925
0.2140696447
0.3934368315
0.3702020098
0.4433337129
0.4602324999
0.3723337072
0.5465494046
0.4470476678
0.4712724788
0.3935344001
0.5031713619
0.2655287238
0.4714251977
0.4224574881
0.4611695887
0.5161314107
0.4199455872
0.4909180267
0.4339219042
0.3403692290
0.4273487518
0.4396089735
0.3663761545
0.5028018470
0.4209259999
0.6283752811
0.3907840227
0.5250936704
0.4096257117
0.4449364633
0.4532812622
0.4879343923
0.4779902614
0.4204659806
0.5728870667
0.3161477782
0.4846855667
0.4473449794
0.5029454348
0.4570597422
0.4531572578
0.4865018402
0.4814040976
0.4673732426
0.4547310757
0.5199190805
0.4262371966
0.4502752624
0.4991515453
0.3816422911
0.4111826666
0.4921628803
0.3677484210
0.6400598951
0.4623217841
0.5940568904
0.5407055931
0.5147024681
0.5622796864
0.4809335548
0.4060024034
0.6328337115
0.3802426921
0.4759093841
0.5055327089
0.5350494480
0.5369701258
0.5364394278
0.6574491026
0.4678298481
0.4911783276
0.6081282371
0.4772268445
0.5961176364
0.5830646031
0.6130022006
0.5208208029
0.3941021264
0.6740446938
0.5538060652
0.5959942959
0.6307725790
0.5620591377
0.6487945085
0.4985136986
0.6553944380
0.6037601388
0.5707559367
0.6976043481
0.4792365273
0.5483543691
0.4733546775
0.4868885601
0.7001982900
0.6005442661
0.6254433841
0.6079970720
0.7130330601
0.6486096294
0.5623528919
0.6042814493
0.6680225774
0.6436696961
0.5845648405
0.6764897091
0.7595484446
0.4565694711
0.6131222039
0.6867001804
0.7434712443
0.5190749548
0.7121842155
0.5871947224
0.6005425339
0.5522400350
0.6423117584
0.6062548187
0.7556101724
0.8670467630
0.5528080305
0.6306634634
0.5146527812
0.6860114739
0.7581722515
0.7280200798
0.6065730647
0.6722297287
0.6864256427
0.6043444746
0.7385290882
0.7183775045
0.6804327135
0.8029076254
0.7526653491
0.6443099006
0.7025056628
0.7588628035
0.7019344231
0.7467125700
0.6045380311
0.5887558611
0.6638633278
0.6644508781
0.8296201966
0.7328105457
0.8600712529
0.6964653157
0.6898483377
0.5988610444
0.5259351839
0.6782014636
0.7228925659
0.8047024767
0.7244948762
0.4938162565
0.6489344723
0.8386794259
0.7140976868
0.8281461779
0.7515684812
0.7717376299
0.8945056719
0.6270800384
0.6870798348
0.8213269948
0.6822409648
0.7490107639
0.7268559115
0.7708924243
0.6263322606
0.8424146998
0.7136181933
0.5809273804
0.6562678739
0.7134644524
0.8089211635
0.7030543938
0.7311932402
0.7499222109
0.7753869981
0.8652520670
0.7301866087
0.8070921590
0.8321989063
0.7136524617
0.8065065924
0.7988771745
0.8158156066
0.8722719567
0.7971137585
0.6922504363
0.7319083062
0.7329397238
0.7033682352
0.7975211885
0.7311586969
0.8415237463
0.8297492501
0.8068532289
0.7989106351
0.9446877250
0.8407860801
0.9765999672
0.8564385457
0.6172951698
0.8004404540
0.7871178428
0.8351264300
0.7858778118
0.8019439468
0.8347668283
0.8807988217
0.7449486128
0.8152579598
0.9743648905
0.8600943718
0.9392430085
0.8267524141
0.9369392241
0.9110798867
0.7248195848
0.7522738266
0.8410072174
0.9378743312
0.8802986754
0.9492204339
0.9582989264
0.8227021167
0.7905016645
0.7546408164
0.8474804919
1.0433251412
0.9704416138
0.9904738486
0.8161510356
0.8722078181
0.9655825723
0.9722403453
0.8194916592
0.8967698164
0.8459861747
0.8889841616
0.8574507425
0.8327216680
1.0277535604
0.8739890560
1.1781629900
0.9900986122
0.8326081026
0.9675533065
1.0716260828
1.0391070412
0.9503784549
0.9189870241
0.8580401603
0.9957823735
0.8836009343
0.8742181105
0.9638401651
0.8383905758
0.8927398926
0.7961084690
0.9823884515
0.9696201955
1.0714230807
0.9932877900
0.9047675371
0.9147603320
0.8256770223
0.9331950786
1.1068597017
0.9161313026
1.0973780920
1.0477936804
1.0518608471
1.0881761462
0.9893471138
0.9540357798
1.0038159631
1.0027764151
1.0491941527
0.9330986355
1.0930597902
0.9704204035
1.0234459328
1.0899340121
1.1482397571
1.0273638441
0.9699715935
1.0701479453
0.9233639154
1.0402964094
1.1022766486
1.1162209020
