-1.1279802364
-1.0956755850
-1.0144350295
-1.0020822284
-0.9972459545
-1.0934604396
-1.0944408082
-0.8793358642
-1.0590256759
-1.0019183083
-0.9431247669
-0.7930057127
-0.9075088996
-1.0256462295
-1.0326594798
-0.9017571905
-0.9129636311
-0.8640274127
-1.0435891778
-0.9744377520
-0.9183891040
-0.9143691615
-1.0279160102
-0.7998169985
-0.9508556507
-0.8259438579
-1.0060482687
-0.9820084355
-0.9548616846
-0.9547215444
-0.9484473389
-0.8383641727
-0.9349876085
-1.1186879233
-0.7880216786
-0.8395977337
-0.9468986591
-1.1225017335
-0.8728391783
-0.8801948801
-0.6761654363
-0.8259879824
-0.8825593165
-0.9590096749
-0.7679347357
-0.8392415557
-0.8929041226
-0.8722957955
-0.9947467735
-0.9163822268
-0.8975482936
-1.0957286156
-0.8738113279
-0.8275935504
-0.8719446250
-0.8011622694
-0.8883704053
-0.9837921809
-0.8582755756
-0.8953920785
-0.9200282385
-0.8730826566
-1.0586642749
-0.9529181252
-0.8474744445
-0.8144753179
-0.7793178716
-0.7450923730
-0.9005410583
-0.9404012288
-0.8077778293
-0.9401085659
-0.8085203542
-0.9452545282
-0.8850289697
-0.9092990745
-0.7501021305
-0.7791305752
-0.8972390381
-0.9640871737
-0.7720531049
-0.9582884781
-1.0518201865
-0.9075577014
-0.8717707761
-0.8008743293
-0.6705249748
-0.8836523939
-0.8592139358
-0.7609366762
-0.8167328893
-0.8806892259
-0.7680811171
-0.8167640027
-0.7618855947
-0.7514977707
-0.8384023559
-0.8533479013
-0.6584248193
-0.8340328314
-0.7093068910
-0.7719550450
-0.7321290944
-0.7517089553
-0.7518869192
-0.8888649106
-0.7894811374
-0.7269355124
-0.7735797587
-0.7499725498
-0.9285768052
-0.6475342307
-0.7656258981
-0.7542888854
-0.6511433662
-0.8091081975
-0.7344457748
-0.6057256562
-0.8699293333
-0.7780982023
-0.7531929647
-0.7972465982
-0.9254512438
-0.7202416309
-0.8433517447
-0.7883425304
-0.6549896922
-0.7119658715
-0.8208055759
-0.7633127705
-0.8288832158
-0.8547843277
-0.7211699571
-0.7400561667
-0.6234988065
-0.6942021933
-0.6855905430
-0.8154681495
-0.5837174583
-0.7233235133
-0.7225246019
-0.7270325712
-0.6879408241
-0.7059981899
-0.6773327205
-0.8424245260
-0.4977203124
-0.6356015278
-0.7122844896
-0.8118175908
-0.7170306567
-0.6312408149
-0.6313641944
-0.6117297290
-0.6168257657
-0.5671552671
-0.6251469352
-0.8057504456
-0.5812489515
-0.7546182383
-0.6290313849
-0.8431975745
-0.7534592329
-0.8922235367
-0.8048741556
-0.5949881574
-0.7190861485
-0.7426688397
-0.6453698046
-0.6819084402
-0.6980659813
-0.5914313619
-0.4932019675
-0.5684084808
-0.6494987272
-0.6509305053
-0.6343543262
-0.8126200761
-0.5609753674
-0.5518943379
-0.7265713824
-0.6889304478
-0.6991137406
-0.5049257551
-0.6169217820
-0.6446653107
-0.6145607352
-0.5888220445
-0.7224939119
-0.6419111804
-0.5797898853
-0.6291946461
-0.6770211219
-0.6525865154
-0.5878613148
-0.6687229230
-0.6285588181
-0.7080717204
-0.7125858399
-0.6716238857
-0.6791426349
-0.6836807841
-0.6969577711
-0.4902166251
-0.3625024232
-0.5190477383
-0.6042882692
-0.6020188016
-0.5231276962
-0.6582624948
-0.5413703180
-0.4853073073
-0.5683238265
-0.6130966058
-0.6761061950
-0.3986111578
-0.5428911237
-0.4137326133
-0.6384751157
-0.5339428751
-0.4826942940
-0.6277829766
-0.5053880852
-0.5850995648
-0.5194801419
-0.5652211528
-0.5838037349
-0.4527739935
-0.5760285845
-0.5512295206
-0.5897362258
-0.3598139463
-0.6860855235
-0.6066579230
-0.6048507422
-0.6040038719
-0.4157779766
-0.4709438138
-0.6038845897
-0.6176698760
-0.5012811416
-0.5255109362
-0.6152990871
-0.5396252877
-0.5086215867
-0.5138784026
-0.5059718745
-0.4588433696
-0.5149418277
-0.5252722001
-0.6449091005
-0.5292056990
-0.5111773728
-0.5708821976
-0.5255297234
-0.5290537858
-0.6283435095
-0.4237321462
-0.6150463554
-0.4626347863
-0.3805697816
-0.5009938208
-0.5957377265
-0.5025814922
-0.4226489034
-0.6208486440
-0.5060833847
-0.5802796520
-0.4886584541
-0.5029811116
-0.5048167226
-0.4362799249
-0.4443818338
-0.4069944699
-0.5540535896
-0.3834691689
-0.4199946399
-0.4431890783
-0.4881190476
-0.2889888869
-0.5650446305
-0.4993016826
-0.3829516071
-0.3462069497
-0.3721409902
-0.6225582223
-0.4547452796
-0.5481398179
-0.5214675607
-0.4231589323
-0.4181973816
-0.3981694978
-0.3714643449
-0.4715740469
-0.3929785979
-0.5399629951
-0.4106805989
-0.3162322944
-0.3999372217
-0.3419650630
-0.4170714976
-0.4196717971
-0.3611453991
-0.3143798363
-0.4312169691
-0.4524616415
-0.3971344081
-0.3873057374
-0.4984034207
-0.2993367066
-0.4817314389
-0.3836157744
-0.5064676215
-0.4514422545
-0.3928090354
-0.2979732837
-0.3975625393
-0.2045373674
-0.4565990020
-0.4139353090
-0.2722231897
-0.2845918228
-0.3322734010
-0.2889312497
-0.4124536707
-0.2660208211
-0.5188906850
-0.4369405249
-0.3420821737
-0.1949297710
-0.2405555016
-0.2992147907
-0.3222678900
-0.4225061201
-0.4708244441
-0.1571987585
-0.2348440621
-0.3699984023
-0.2580832990
-0.3440582832
-0.3768363553
-0.4039565892
-0.4249613145
-0.2951691090
-0.3176220759
-0.3179484553
-0.4373013071
-0.3848226154
-0.3741808771
-0.1286680755
-0.2331342866
-0.3432350701
-0.2037256941
-0.3930118033
-0.2211117358
-0.3301579002
-0.3727058240
-0.1224837279
-0.2858587317
-0.3037560971
-0.3493975085
-0.2960211073
-0.3224029380
-0.3727356734
-0.2994352140
-0.3935200237
-0.2369696791
-0.3647271171
-0.3738467468
-0.3937810680
-0.2237227250
-0.3308024921
-0.2663570365
-0.2432011938
-0.3056194416
-0.1886733607
-0.2480352857
-0.2574732838
-0.2304207214
-0.2789470581
-0.2421852236
-0.1549481694
-0.2228386467
-0.2366339129
-0.1858400924
-0.0710435795
-0.2467643684
-0.3442202287
-0.2836579852
-0.2404559792
-0.2873575410
-0.2452276291
-0.1642255445
-0.1031754249
-0.4141288453
-0.2137819368
-0.2270736709
-0.0610853455
-0.0441895962
-0.1630560489
-0.3057451688
-0.3185678096
-0.1992963072
-0.3297025221
-0.2065048174
-0.2167839784
-0.1301011140
-0.2600296951
-0.0880835190
-0.1548262814
-0.2331152255
-0.0417092039
-0.1436512322
-0.1685564996
-0.1617181911
-0.2257868351
-0.1992634618
-0.1011228387
-0.1541581618
-0.2708571283
-0.2278699997
-0.1588485942
-0.2088040358
-0.2327149408
-0.1368886011
-0.1891519726
0.0164643618
-0.2771949585
-0.0731385243
-0.1595491986
-0.2156534543
0.0187568393
-0.0451536710
-0.0617143334
-0.0472908153
-0.0955312763
-0.1327320104
-0.1757022446
-0.2200035765
-0.0414263630
-0.1641458629
-0.1955767833
-0.0501953832
-0.0924521367
-0.0925317130
-0.1519117101
-0.0453163672
0.0169713192
-0.1579438521
-0.0816535769
-0.1579473409
0.0034210841
-0.0594004997
-0.0556476813
-0.0023819299
-0.0493901379
-0.0464809078
-0.0474996061
-0.0422530507
-0.0305477658
-0.0124867418
0.0052737434
0.0220682407
-0.0496297385
-0.0177521772
0.0505190702
-0.1029264077
-0.1511763885
-0.1220743563
-0.1569285516
-0.0493623191
-0.0332381913
-0.0296116118
-0.1340955801
0.1362436958
0.0250650533
0.0344728635
-0.0876039516
-0.0602548005
-0.2237931512
-0.0538623639
0.1174282419
-0.0267075804
0.0376380141
-0.1510275132
-0.0996411512
-0.0244278830
0.0155404007
-0.1130181587
-0.0424136635
-0.0588051456
-0.0133176490
-0.0302727712
0.0353923934
0.0393771760
-0.0125588932
0.0827475300
-0.0618153561
-0.0831952706
-0.0963185815
0.0784197869
0.0164511325
-0.0457550322
-0.0330516568
-0.0771513818
0.0689307350
-0.0018824644
-0.0293870725
0.0742206985
-0.0605887305
0.0004037947
-0.0367554273
0.0365060323
0.1382907431
-0.1252874225
0.1235220007
0.0705089914
0.0211523643
0.0311642122
0.1806819196
0.0933181548
0.0114730061
0.1337343469
0.0881286678
0.0699391173
0.1839188727
0.1180697206
-0.0675787532
0.1384916498
0.2128686624
-0.0458226770
0.0534597706
0.1660347558
0.0696862892
0.2570277797
0.1067764220
-0.0214599793
0.0111097826
-0.0038927249
0.0178498062
-0.1249303920
0.0851531699
0.0546637738
0.0208042935
-0.0060920332
0.0094708984
0.2742170712
-0.0567569445
0.1521891404
-0.1331193727
-0.0799065351
0.0338806742
0.0851185284
0.1157673106
-0.0217572361
0.0865654325
0.1820426074
0.2078354675
0.1674362084
0.1498500150
0.0974531691
0.1279511007
0.1319982497
0.0881945555
0.2019326143
0.1581199915
0.1272724673
0.3214534682
0.1600034331
0.1976724789
0.1308110784
0.0467055163
0.3543681694
0.0942438273
0.1182153733
0.1861269115
0.0908841599
0.1636517340
0.2358784905
0.1639801162
0.1952099655
0.0795121629
0.2190269819
0.2422571911
0.0428144406
0.0282543061
0.1565332177
0.1737498035
0.0911570531
0.2254506570
0.1290226072
0.1692650538
0.1942965939
0.2299714673
0.2609066026
0.0926210468
0.2908134871
0.1254165864
0.4203520327
0.1369516762
0.2815464807
0.2666173224
0.1917698531
0.2733506626
0.2577706125
0.1406293433
0.4289482980
0.3194288865
0.1873089078
0.2848884206
0.1827162369
0.2487444846
0.1949656942
0.2553588937
0.2766785794
0.3151773342
0.0144895193
0.2230473754
0.2298818280
0.1896138376
0.1989374491
0.2514422705
0.2592745589
0.2592704168
0.3053335711
0.4279798794
0.2458707420
0.2297706962
0.1276577296
0.2757743821
0.3616372488
0.2244450600
0.1993062790
0.2326070366
0.3354153126
0.3116077185
0.3726318353
0.4726098002
0.2403561427
0.3570210018
0.3065234929
0.4307186610
0.4156900348
0.2965708946
0.2618762451
0.3599283666
0.1453905568
0.3056607132
0.3244920970
0.3904911488
0.3087101020
0.1369149724
0.2995973942
0.2899666524
0.2802475147
0.1346669380
0.2738198079
0.1976212984
0.2843668594
0.1436041903
0.2362973608
0.2796726647
0.2466989857
0.4285855618
0.2339309121
0.3750168536
0.4363088079
0.3121462309
0.4078649111
0.3106744907
0.4447122992
0.3136448789
0.3850724411
0.3463542891
0.3152490251
0.4016650337
0.3340732116
0.4102571575
0.2601130043
0.4735404564
0.3248525748
0.2796829794
0.4267350068
0.3526275138
0.5470936606
0.4912335895
0.3092817709
0.2794052055
0.3462914973
0.3936113080
0.3580680095
0.3846866067
0.3633933717
0.4210115122
0.4317903623
0.2286173886
0.1985890102
0.3770495377
0.5321909919
0.4202632133
0.4737999693
0.3311313842
0.3536521255
0.4868682570
0.3306087320
0.3816170723
0.2227788058
0.3894898519
0.3796929825
0.4440603260
0.4558896248
0.3845840299
0.5461616975
0.4613191797
0.4560428512
0.3810381923
0.4943492621
0.2657982096
0.4782872053
0.4060069600
0.4688715271
0.5330078500
0.4472169989
0.4888920828
0.4212121273
0.3440179356
0.4318708809
0.4227841433
0.3780684506
0.5066030342
0.4461147090
0.6248529422
0.4108671784
0.5272843540
0.4243124614
0.4352458724
0.4266060187
0.5023633957
0.4898878026
0.4366146348
0.5501015158
0.2841951771
0.4740219003
0.4523387530
0.5012827446
0.4678632166
0.4563457431
0.5082824296
0.4745889811
0.4557821198
0.4592734685
0.5253326002
0.4371433516
0.4399622213
0.5026098883
0.3841481466
0.4162035041
0.4779363842
0.3519507389
0.6317427235
0.4590790135
0.5964376039
0.5297281090
0.5159266003
0.5518934510
0.4825232342
0.3778052823
0.6555071388
0.4015870879
0.4693898232
0.5123259098
0.5134368142
0.5594025691
0.5404718271
0.6469877383
0.4445777210
0.5085721514
0.6169426286
0.4664193264
0.5830843336
0.5982094617
0.6118680987
0.5067357402
0.4033028384
0.6827106514
0.5616173864
0.6145124647
0.6452315212
0.5446890655
0.6394315066
0.5077226192
0.6588464368
0.5989658321
0.5580318094
0.6901268543
0.4770217375
0.5523983921
0.4833055208
0.4969583623
0.7126888451
0.6119604374
0.5886737932
0.5859906335
0.6969674335
0.6351113229
0.5702108005
0.6012983059
0.6639074840
0.6213573231
0.5794772994
0.6518413150
0.7877866230
0.4657813614
0.6171758492
0.6961479758
0.7324863441
0.5282381752
0.7056085013
0.5999008152
0.5974926503
0.5894103502
0.6487486252
0.6048188447
0.7568643683
0.8690143760
0.5452494720
0.6222195852
0.5242424636
0.6809122306
0.7529283898
0.7185185165
0.6584906118
0.6627366886
0.6921469447
0.5892153358
0.7428435742
0.7333199812
0.6854002506
0.8136513602
0.7320542760
0.6282528787
0.7122928638
0.7828457334
0.6930796941
0.7552300118
0.5877378187
0.6237097772
0.6693595919
0.6674562992
0.8233333734
0.7572903190
0.8317829817
0.6740480607
0.7036811845
0.6149984006
0.5418190701
0.6696010500
0.7479812150
0.8038803809
0.7372216363
0.4882279340
0.6585450323
0.8331536288
0.7158115371
0.8169983216
0.7393899092
0.7512826840
0.9110854541
0.6434780057
0.6767060932
0.8465661548
0.6896362547
0.7558949972
0.6725769886
0.7473035092
0.6221975957
0.8185958064
0.7121601314
0.5596261875
0.6561193607
0.6987778736
0.8050336038
0.7371082244
0.7318622390
0.7400965231
0.7853433502
0.8982739280
0.7316225381
0.7995288195
0.8610688675
0.7145395465
0.7975091775
0.7862436348
0.8056727734
0.8837014150
0.8108070056
0.6965515073
0.7297810431
0.7561749679
0.6699967722
0.8021238248
0.7188480362
0.8246017664
0.8278475167
0.8077634999
0.8178287524
0.9262276296
0.8453340973
0.9877608338
0.8685574482
0.6160731208
0.7826230082
0.7990361284
0.8563552463
0.7761664720
0.8011681604
0.8430907693
0.8871645385
0.7137442023
0.8183267137
0.9741926476
0.8651980805
0.9572760599
0.8197220531
0.9269105084
0.9290034985
0.7203599140
0.7849117253
0.8278731657
0.9473511912
0.8604187335
0.9506436116
0.9626872979
0.8415309994
0.7922377456
0.7655343124
0.8532624254
1.0469683332
0.9754445318
1.0161532875
0.8366674769
0.8700771507
0.9668420617
0.9700794591
0.8332920185
0.9173842489
0.8370658392
0.8965349865
0.8590811528
0.8285158563
1.0007594006
0.8504567971
1.1801321100
1.0040079961
0.8266731156
0.9713435190
1.0780267909
1.0488557525
0.9215553381
0.9279608800
0.8662166694
0.9881951018
0.8528709313
0.8767764145
0.9785242162
0.8349158367
0.9120161272
0.7976028415
0.9883456572
0.9524838944
1.0920925575
0.9923397568
0.8794770847
0.9203032920
0.8016786326
0.9273555876
1.0933472710
0.9299182387
1.1076138841
1.0691508483
1.0480338546
1.0936101768
0.9829765054
0.9395295144
0.9892214145
1.0119606583
1.0367838010
0.9343003585
1.0966750935
0.9558712901
1.0423291891
1.0646555907
1.1449841203
1.0328004735
0.9579904697
1.0589223801
0.8982674812
1.0376515088
1.1007168286
1.1040074789
