-1.0122353852
-0.9633618182
-1.0147577701
-1.0357638966
-1.0292363721
-1.1380631538
-1.1353829312
-0.9991719340
-1.0483509052
-1.0448304876
-0.9070674690
-1.1275426969
-1.0579353870
-0.9543514877
-0.9335338212
-0.8778253860
-1.0554250157
-1.0312292986
-0.9961835831
-0.9500406442
-0.9543075916
-0.7957298502
-1.0693919999
-0.9107613320
-0.9080151641
-0.9073660742
-1.0344004888
-0.9745961822
-0.9878410114
-0.9902722983
-0.8953173906
-0.8844787610
-0.9511370830
-0.9100636735
-0.9860376741
-0.9140962641
-0.9649846170
-1.1011224564
-1.0519135424
-0.9881880006
-0.9229537151
-0.9012692835
-0.9148690768
-1.0315077749
-0.8482838157
-0.9273327341
-1.0235820655
-0.9255504124
-0.8110112333
-0.8157201484
-0.9503170030
-0.9174858292
-1.0048654697
-0.8847149119
-0.9111663219
-0.9361917275
-1.1408960443
-0.9486847455
-0.8925253420
-0.8951740443
-0.8141251024
-0.9297714711
-0.8343348772
-0.9162316216
-0.8771621222
-0.8406366457
-0.8784459434
-0.9114446945
-0.8863401105
-0.9286176233
-0.7543105427
-1.0476957165
-0.8526583783
-0.7914477974
-0.6823950782
-0.8498284342
-0.7426679841
-0.8252584992
-0.9315195958
-0.9372149993
-0.9696730828
-0.8878258606
-0.7583148378
-0.8108254569
-0.7806341977
-0.8368103318
-0.8233860036
-0.7453056550
-0.8417338298
-0.7168902439
-0.7920629552
-0.6727366759
-0.8272427442
-0.9482951936
-0.8496798087
-0.8412922542
-1.0232427338
-0.7061310222
-0.8338721198
-0.7034919077
-0.7790127020
-0.9278593756
-0.7984965506
-0.8451805235
-0.8083605837
-0.8026265032
-0.8008580591
-0.9028324572
-0.8571719274
-0.9132353691
-0.7068920659
-0.8567181993
-0.7894233014
-0.6530189953
-0.7318813718
-0.8518396592
-0.7859620626
-0.8461906031
-0.7162955599
-0.8343008200
-0.7509549608
-0.6776627634
-0.6845612937
-0.7652486120
-0.7025353828
-0.7954552405
-0.7457185193
-0.6971803678
-0.8260025009
-0.7243908372
-0.7177792721
-0.6235986685
-0.7191726261
-0.8590057112
-0.8390784047
-0.7050729495
-0.6768106000
-0.7700682996
-0.6543146784
-0.9147105079
-0.7813993608
-0.7365229406
-0.7754532790
-0.6230130720
-0.6193549709
-0.7884283285
-0.6948514595
-0.6451389198
-0.6890333328
-0.6232053883
-0.5651922302
-0.8760461934
-0.8832089969
-0.6658847895
-0.8624745096
-0.6975412127
-0.6329351223
-0.6609779313
-0.7314052402
-0.7811356212
-0.7759820728
-0.7696360395
-0.7664687398
-0.6653212585
-0.7093038388
-0.4820798069
-0.6912948576
-0.5123282906
-0.5920073829
-0.6859874374
-0.6917522534
-0.7271141320
-0.6098109685
-0.8452214383
-0.5843826836
-0.7584256541
-0.6824032322
-0.8785511117
-0.6892061274
-0.6625429334
-0.6390969786
-0.5663747248
-0.5022748498
-0.6335343628
-0.4627278564
-0.7078930896
-0.6077236996
-0.7023694087
-0.5227792880
-0.8521334866
-0.6015095225
-0.6702868993
-0.7018325685
-0.6040225703
-0.6009411859
-0.6370556157
-0.7959393092
-0.6185419483
-0.6437088727
-0.7061335587
-0.5330600940
-0.6469833540
-0.6410114937
-0.7037548873
-0.5792666958
-0.6601462502
-0.5193661728
-0.4970119574
-0.4433613488
-0.7427739953
-0.5883438265
-0.5285883100
-0.6569769803
-0.5584719213
-0.4658112177
-0.6698534157
-0.6154536658
-0.7162083749
-0.4834911157
-0.6084038337
-0.5885426024
-0.6199930153
-0.4300184254
-0.5529845094
-0.4295643279
-0.4977416169
-0.4810071321
-0.5646118099
-0.5831032388
-0.5006888240
-0.4411848493
-0.5804722408
-0.6202777091
-0.6368857100
-0.5186133299
-0.5512024305
-0.6445084889
-0.5527915367
-0.5624160565
-0.6465167816
-0.6063778136
-0.4604141892
-0.5840672921
-0.5064886835
-0.6509992803
-0.5371826033
-0.5654839906
-0.3884897861
-0.5051971963
-0.6628323065
-0.6413484647
-0.5838431560
-0.4582149374
-0.5600658545
-0.4376065984
-0.5161780579
-0.5907538943
-0.4008540883
-0.3728828814
-0.6071395229
-0.3791602790
-0.4457985772
-0.4921802607
-0.4263893120
-0.3532979897
-0.4738874248
-0.4899651000
-0.3020525635
-0.3094421594
-0.3625943183
-0.4637975555
-0.4686091527
-0.3843932222
-0.4970436217
-0.3734866192
-0.4818998166
-0.4202965498
-0.4127904706
-0.4145556042
-0.4299427686
-0.4388674918
-0.3345982035
-0.4231224126
-0.4754412240
-0.3960661124
-0.3040884413
-0.4084941063
-0.5207540063
-0.5312371462
-0.3456398150
-0.4364051855
-0.4257648091
-0.3199595232
-0.4649956691
-0.4282561172
-0.3505627329
-0.4646163177
-0.4944735246
-0.4398440599
-0.3970861685
-0.3965286667
-0.5429859934
-0.3927112152
-0.2648627750
-0.5176790911
-0.3325864571
-0.3468938297
-0.4169101084
-0.4397740188
-0.4529807719
-0.3284737736
-0.4399501697
-0.3731421114
-0.4182063977
-0.4383986475
-0.3711910043
-0.5053239655
-0.4024904341
-0.1727994492
-0.3697637116
-0.2293005144
-0.4260042112
-0.4027218390
-0.2641573158
-0.5161205568
-0.3013805279
-0.4314809996
-0.3634125202
-0.2598793081
-0.4580933532
-0.3438571989
-0.2360837578
-0.2172343524
-0.3693665884
-0.4284021828
-0.3539113308
-0.3385307742
-0.3375163519
-0.1817277444
-0.4102767720
-0.3429249715
-0.1871593245
-0.2936144381
-0.3165948666
-0.5908564878
-0.3942149640
-0.3480242168
-0.2976794092
-0.1738140075
-0.2565089186
-0.1069618830
-0.3386668041
-0.3648259176
-0.3208609910
-0.4070657719
-0.3893685556
-0.1798470340
-0.2878752715
-0.3872965126
-0.1742695070
-0.2760717454
-0.3630198980
-0.4002972387
-0.1276317696
-0.2332951393
-0.2402412202
-0.2999690835
-0.2756972072
-0.2113876744
-0.2600227091
-0.2946180795
-0.1849283978
-0.2827747003
-0.1763370160
-0.2313843018
-0.3020150833
-0.2476032099
-0.3278574700
-0.2554883142
-0.2821575758
-0.2367348075
-0.3329441379
-0.3332933563
-0.3333789579
-0.2254085154
-0.1952437739
-0.2069172812
-0.1702098239
-0.1814428717
-0.1560691159
-0.3004166983
-0.2066404013
-0.1436893291
-0.1892422385
-0.1963032106
-0.2919108252
-0.1978816474
-0.2464870437
-0.3443084430
-0.2599633246
-0.3203667973
-0.2562486659
-0.2596576310
-0.2437764079
-0.2743399300
-0.2072114373
-0.2395522425
-0.3320709556
-0.2374954569
-0.2011041478
-0.0638498156
-0.2722695980
-0.0987363364
-0.2435112191
-0.0512822218
-0.1024069265
-0.0268845601
-0.1396738744
0.0524827976
-0.2328197834
-0.1043369341
-0.1804460215
-0.0553876885
-0.1750240011
-0.1687092803
-0.1290999124
-0.0309512565
-0.1001486946
-0.0812025373
-0.2235319866
-0.0762465446
-0.2391110327
-0.1171969602
-0.1222533137
-0.2061179215
-0.1335271029
-0.1204464147
-0.0498030136
-0.1063243731
-0.2350362836
-0.1457956079
-0.0249919103
-0.1875348523
-0.0712271648
-0.1322874399
-0.3166113422
-0.1375659880
-0.1456351688
-0.1222069897
-0.0555574919
-0.2501505047
-0.0547641412
0.0073581289
-0.2094454068
-0.0792244476
-0.1281075455
-0.0266988990
0.0863932740
-0.0618516397
-0.0934346991
-0.1373690206
-0.1080075387
-0.1450321655
0.0027410789
-0.0430139890
-0.1271678888
-0.2180823974
-0.0216056030
-0.2474727638
0.0066965975
-0.0101787572
-0.0819655370
-0.0187599226
0.0108933736
-0.2012883446
-0.1316423927
-0.0274701960
0.0194476347
0.0514696497
-0.1402455453
0.0838759702
-0.0664903347
-0.0325956626
-0.0622514967
0.0728589427
0.0083874645
0.0357208704
-0.0730914687
0.0972779322
-0.0023789621
-0.1231113940
0.1219280503
0.1147592460
-0.0089830703
-0.1152494100
-0.0402251700
-0.0380626749
0.0361917009
0.0273657698
-0.0585428905
0.0427961168
0.1338757372
-0.0164940904
0.1219565951
-0.0517924182
-0.0012882075
-0.1311368277
-0.0760952466
-0.0167033317
0.0277758089
-0.0787449105
0.0161955718
0.0522869654
0.1932694718
0.0697899599
0.1568704242
0.0348506080
0.0107553005
-0.0551287483
0.0644702155
-0.0010658644
0.1140634037
0.2226305272
0.1428727172
-0.0519803603
-0.0360948765
0.0096981664
-0.0669601001
-0.1177956674
-0.1338915037
0.1114469936
0.1195989625
-0.0556812312
0.1254346973
0.0992718352
0.1068087550
0.1986450703
0.1315653785
0.0695450449
0.0791382618
-0.0487533331
0.1850031268
-0.0418232545
-0.0046153167
0.0159145796
0.0666352370
0.1675738703
0.1754483599
0.1022825185
0.0934955896
0.0044653347
0.0470023913
0.0738688721
0.0132920276
0.0493515336
0.1101025728
0.2610294923
0.1641445252
0.1652206931
0.3442696857
0.1704024122
0.1216415856
0.2113599864
0.0576792273
-0.0047487568
0.1705099933
0.2388324558
0.1056526655
0.2114138438
0.1923821327
0.0970538145
0.1536496259
0.0585501812
0.2065237333
0.1059382431
0.2378649279
0.1349530547
0.2102678437
0.0618297573
0.2404876966
0.2067875330
-0.0630808761
0.1208456329
0.0005233361
0.1510849929
0.1550855508
0.2462602145
0.3625845747
0.1269600379
0.1026529209
0.1329545948
0.0377903734
0.1077961804
0.2156985048
0.2188753713
0.3292815909
0.1635381766
0.1511967449
0.3065829967
0.1937496406
0.1376495983
0.1343933461
0.2375588905
0.2814770244
0.3806857094
0.2199510528
0.3027421475
0.3160107611
0.0802830153
0.2086374445
0.1671464017
0.2816260934
0.2465093126
0.1203738424
0.0946230406
0.1249423841
0.1674907642
0.2409597551
0.2549623277
0.2868032062
0.1596624207
0.1908652687
0.2680248949
0.3037098022
0.0987556991
0.2229686066
0.1845262158
0.2033002429
0.1430945957
0.2412993644
0.1314273125
0.0844960509
0.3526676864
0.3540315556
0.2113112173
0.3669231231
0.2571243639
0.1591862085
0.2082681131
0.2953687464
0.3696614522
0.3066351062
0.4989996003
0.2793304920
0.3606617789
0.3521677896
0.2738931193
0.4042909288
0.3207866114
0.4034576699
0.4757079502
0.3220112787
0.1765928882
0.3504900362
0.3054091265
0.4319980508
0.3251725841
0.2542986233
0.4660744567
0.3219261630
0.3993877122
0.3881330547
0.3145177721
0.4870047679
0.3118740898
0.4279941534
0.3465269871
0.1644770126
0.3185335406
0.3040460485
0.3867771142
0.1676847377
0.4438137688
0.1454866957
0.4166055064
0.2850262984
0.2988268592
0.4624842277
0.3364990514
0.2368456987
0.3552776222
0.4194269318
0.4406387236
0.3701237657
0.4264393692
0.4550445617
0.3229890642
0.4291231281
0.3273466267
0.3768110572
0.3709206996
0.2869426631
0.4163939967
0.3979805904
0.2709297188
0.3527898500
0.3818812161
0.3764040979
0.4259598876
0.3261983507
0.3697499958
0.4126597007
0.4755373089
0.4415326395
0.4371440673
0.4638383030
0.4935275601
0.4623216277
0.3076988657
0.5186636024
0.5364231169
0.4724470782
0.4246181784
0.3370424435
0.4405540099
0.5131183840
0.3475712524
0.4030509615
0.4416256655
0.5473684793
0.5663667119
0.4338161831
0.3856784290
0.3692938807
0.4754561689
0.4796666323
0.5050240469
0.5186822034
0.5545708704
0.5387202554
0.4179706428
0.4491923838
0.5131886872
0.3708127488
0.4650723267
0.4927765003
0.5420681412
0.4667963904
0.3003179597
0.3660781635
0.6200564113
0.4446419439
0.5689877242
0.5930216090
0.3377782642
0.3835991582
0.5538232922
0.6990771847
0.5238174758
0.4685801156
0.4238394138
0.5671210851
0.4937152975
0.4666996264
0.4588407881
0.5579438973
0.2986019326
0.4353305659
0.5723393382
0.7426848134
0.5525541869
0.4603975057
0.5313461845
0.5096522804
0.6428988011
0.5685157768
0.4687714252
0.4316798034
0.5747665761
0.5347248081
0.5329546785
0.6354787706
0.5448381287
0.5830299089
0.7319252915
0.5745772509
0.5578232894
0.6204106659
0.5585905056
0.4068142919
0.5885167650
0.7030997116
0.6579393923
0.5147023303
0.5686133186
0.5362447620
0.5481424622
0.7812417527
0.6073581267
0.5832080467
0.7121821023
0.5663075101
0.4516711439
0.6509286589
0.6344981102
0.5919731069
0.5188963794
0.8489120743
0.7396868801
0.7251863021
0.6481939305
0.5480314797
0.7027219537
0.5535165433
0.6626216683
0.6225368639
0.6625363336
0.5613749288
0.6392530945
0.5934724497
0.6748175195
0.6238599954
0.6247327075
0.6761468233
0.6486034980
0.6860985185
0.7135817941
0.5233019382
0.5639739549
0.6025908706
0.6334505383
0.5912707127
0.6179155280
0.6101583417
0.7083108409
0.6247391898
0.6369312149
0.7192798111
0.5472609413
0.5881519462
0.6896340173
0.5889541177
0.5638418302
0.6154032759
0.5246754104
0.5197875726
0.6930799124
0.6459028987
0.8857214808
0.5767167000
0.5518065303
0.5816493300
0.6336556148
0.6679695600
0.5982770092
0.7029623484
0.6927116048
0.6870611733
0.6716945938
0.5937788977
0.7032300704
0.8729837087
0.7364750245
0.6303098367
0.7930425096
0.8420129187
0.7500837884
0.7069140120
0.8138762699
0.7079859776
0.7149837148
0.7733954071
0.7481850733
0.6370422911
0.8248399435
0.7937455039
0.8147705815
0.7460920351
0.6292925873
0.6583086474
0.5425689392
0.7703168472
0.6742888488
0.7511375301
0.8813841525
0.8099406116
0.8265221411
0.5879027683
0.7267034504
0.8292135049
0.8553411702
0.8210729136
0.7142257323
0.7509743721
0.7933496677
0.8460592323
0.6240183353
0.7808322965
0.8053193382
0.7706234610
0.8106486162
0.7164350591
0.7561861658
0.6995908897
0.7688939835
0.8616292802
0.7867327285
0.7273015926
0.8356116957
0.8185370977
0.8767754735
0.7367170228
0.9512188438
0.8626935950
0.8458389005
0.7452663072
0.7432555537
0.8138118499
0.8680910272
0.8478090802
0.7116596819
0.6969240073
0.7281432502
0.8303661972
0.6982623298
0.8104351365
0.8216079121
1.0088761982
0.8791755151
0.8071620913
0.8219063496
0.9926023886
0.8233319029
0.9042130095
0.8721539154
1.0084785774
0.6881090248
0.9294303015
0.7845801400
0.7858767590
0.9185758876
0.7823644091
0.8180588263
0.7827218026
0.9160205543
0.9797208685
0.8461073325
0.8089375261
0.8393744198
1.0015827246
0.9216992296
0.8653826375
1.0002709835
0.9322110985
0.8869455861
0.9133243873
0.7693118165
0.7716110192
0.9006086620
0.8184165122
0.7642866784
0.8069501583
0.6808465880
0.8950059063
1.0047408792
0.9961653517
0.9394382599
0.8456785029
0.9572866670
1.0475761654
0.9077883438
1.0524578761
0.9109807724
0.9211555513
0.9256887261
0.7218570014
0.9011806798
1.1118335309
0.7640361210
0.9653113356
1.0123614582
0.8085890438
0.9746146080
0.9336824569
1.0150021527
0.9543311332
0.9570117354
0.8879898407
0.9767084171
0.9696905839
1.0530202940
0.9220024445
1.0004066868
1.0267759591
0.9643909677
0.8894637674
0.8719082983
0.8760109778
0.8069328824
0.9549855532
1.0654178435
0.9124942976
0.9258470373
0.9834169250
0.9465216082
0.9328825417
1.0112426141
1.0976717264
1.0251090802
0.9699076370
