-1.1305877799
-1.0853675097
-1.0066353867
-0.9777466804
-0.9862305104
-1.0995614975
-1.0832312128
-0.9045886590
-1.0649578934
-0.9959404723
-0.9387790240
-0.8007894788
-0.9006000134
-1.0543978529
-1.0261750258
-0.9165136727
-0.9262182189
-0.8645213993
-1.0231289575
-0.9647608923
-0.9228369679
-0.9431886819
-1.0053695367
-0.8206070267
-0.9362221067
-0.8348218456
-0.9968806681
-0.9836414314
-0.9561732169
-0.9660362109
-0.9264017923
-0.8267425462
-0.9493842666
-1.1077529381
-0.8002197438
-0.8597569231
-0.9460161260
-1.1187403449
-0.8764009673
-0.8790312806
-0.6800701285
-0.8362354882
-0.8883886258
-0.9541340465
-0.7545431159
-0.8600633292
-0.8897012826
-0.8866837393
-1.0009784197
-0.9207234613
-0.9156771794
-1.0891617056
-0.8692292489
-0.8300798477
-0.8778991494
-0.8114550831
-0.9125169724
-0.9703844075
-0.8631180435
-0.8739541252
-0.9080610975
-0.8807577425
-1.0709410884
-0.9704314558
-0.8371628889
-0.8271577310
-0.7744708474
-0.7541600567
-0.8978408216
-0.9304227794
-0.8147255222
-0.9343500102
-0.7971842199
-0.9433607695
-0.8930570541
-0.9105485996
-0.7166264364
-0.7696253603
-0.8801795512
-0.9763279467
-0.7793999737
-0.9763605549
-1.0207465197
-0.8581400395
-0.8720980053
-0.7935794008
-0.6834137435
-0.9100550914
-0.8578762294
-0.7449043538
-0.8276355357
-0.8584640737
-0.7608494328
-0.8257607802
-0.7596571851
-0.7504755532
-0.8199775115
-0.8369427093
-0.6850067299
-0.8515362857
-0.6956030445
-0.7581293434
-0.6945337664
-0.7159986689
-0.7463973033
-0.9022834266
-0.7796970733
-0.7409627403
-0.7747227042
-0.7461208058
-0.9169370266
-0.6781770230
-0.7748135074
-0.7514820179
-0.6735777548
-0.8152267386
-0.7233668993
-0.6305638255
-0.8531389438
-0.7976034355
-0.7473748959
-0.7977072520
-0.9443035050
-0.7522572445
-0.8338212820
-0.8048549316
-0.6566026885
-0.6894494314
-0.8513101755
-0.7844234862
-0.8306183659
-0.8600886688
-0.7514297329
-0.7279661718
-0.6332121025
-0.6983571610
-0.6962621833
-0.8153385695
-0.5757601087
-0.7300386358
-0.7305114883
-0.7398222096
-0.7162404313
-0.7172438130
-0.6766924067
-0.8657817202
-0.5182604066
-0.6265275674
-0.7135357785
-0.8129790613
-0.7221130113
-0.6309271369
-0.6179741186
-0.6011594356
-0.5971803234
-0.5611882302
-0.6477258252
-0.8060671079
-0.5650641129
-0.7806608855
-0.6442637304
-0.8383189924
-0.7393938753
-0.8917581084
-0.7729277303
-0.5908089201
-0.7062225067
-0.7491786190
-0.6636567105
-0.6646627239
-0.7145420959
-0.6083427175
-0.4992262476
-0.5702799701
-0.6481945738
-0.6254789383
-0.6389761405
-0.8129394908
-0.5365187673
-0.5476986586
-0.7347826983
-0.7034670903
-0.7087069723
-0.5076732754
-0.6163208633
-0.6298376079
-0.6133795446
-0.5674916321
-0.7247374009
-0.6378729774
-0.5746346335
-0.6278082759
-0.6472485615
-0.6595065513
-0.5944163815
-0.6589212985
-0.6321359863
-0.6920782032
-0.6940385907
-0.6500149273
-0.6705626259
-0.6571773515
-0.7057176972
-0.4970531367
-0.3476843442
-0.5490365870
-0.5824627131
-0.5870031175
-0.5311682041
-0.6826410700
-0.5270701617
-0.4840864996
-0.5808162453
-0.6064772039
-0.6602447389
-0.3977362216
-0.5496742521
-0.4124727063
-0.6571618432
-0.5354849956
-0.4842564109
-0.6409005823
-0.5077281061
-0.5798885687
-0.5188762158
-0.5794752882
-0.5729129808
-0.4579958419
-0.5898786827
-0.5505607343
-0.5716358907
-0.3653414011
-0.6747813063
-0.6149268146
-0.6082756235
-0.5876769265
-0.4006286130
-0.4571392845
-0.6206193043
-0.5974088681
-0.4921926429
-0.5124144547
-0.6037750118
-0.5321199583
-0.5264937430
-0.5331144305
-0.4999786534
-0.4819614286
-0.5125142020
-0.5095618482
-0.6482908246
-0.5155736635
-0.5201613598
-0.5862713638
-0.5167483245
-0.5473790168
-0.6257513681
-0.4149084071
-0.5850046434
-0.4548726990
-0.3747605466
-0.5038482653
-0.6080639588
-0.5421277623
-0.4342819318
-0.6118981196
-0.5000364712
-0.5505945312
-0.4716654404
-0.4947264388
-0.5119996586
-0.4200380377
-0.4303709194
-0.3909892741
-0.5787423041
-0.3794352510
-0.4140484506
-0.4382967830
-0.4841218809
-0.2935025109
-0.5551569933
-0.5115273264
-0.3930708764
-0.3564592796
-0.3476283719
-0.6188753743
-0.4335589743
-0.5446514206
-0.5162881120
-0.3995923252
-0.4138518408
-0.3948267859
-0.3312465912
-0.4757496195
-0.3891449353
-0.5437601833
-0.3991811366
-0.3157280373
-0.3892030928
-0.3557989411
-0.4266156797
-0.4193076847
-0.3758026737
-0.3118145533
-0.4404214904
-0.4558785200
-0.4066862730
-0.3786757754
-0.5020403715
-0.3045106439
-0.4709237748
-0.3828033317
-0.4998330291
-0.4683812301
-0.4048145713
-0.3065963094
-0.3734871546
-0.1943157236
-0.4363019251
-0.4133240312
-0.2481814190
-0.2949986106
-0.3206956150
-0.2990647796
-0.4051504061
-0.2745332909
-0.5276104345
-0.4210716056
-0.3538536231
-0.2044872410
-0.2409237997
-0.3019402337
-0.2957544658
-0.4094164786
-0.4507327989
-0.1589183094
-0.2376995330
-0.3786869473
-0.2907399199
-0.3380713892
-0.3740788373
-0.4120360873
-0.4376442969
-0.2996076639
-0.3159538887
-0.3294051846
-0.4642645729
-0.3718933654
-0.3758142924
-0.1243154261
-0.2251400430
-0.3372330040
-0.2123755918
-0.3930949982
-0.2248924735
-0.3179350527
-0.3745541283
-0.1402506086
-0.2730994345
-0.2896665361
-0.3639749414
-0.2800649598
-0.3244233070
-0.3833957845
-0.3197178964
-0.3899887485
-0.2130202769
-0.3784789875
-0.3414260505
-0.4045250988
-0.2448473406
-0.3417204331
-0.2718217412
-0.2291838099
-0.3028308683
-0.1825484487
-0.2423344552
-0.2448518787
-0.2640511502
-0.2833357504
-0.2878783342
-0.1574289489
-0.2099164134
-0.2300797672
-0.2160492058
-0.0826749697
-0.2516430338
-0.3239955431
-0.2706365557
-0.2485214713
-0.2786376737
-0.2519345368
-0.1336931694
-0.1052928676
-0.4138801509
-0.2143758448
-0.2236331506
-0.0670807601
-0.0427629874
-0.1605858155
-0.3191799250
-0.3267794215
-0.2196585195
-0.3327628791
-0.1969564350
-0.2421347206
-0.1552052488
-0.2398623902
-0.0915122758
-0.1661018078
-0.2207584915
-0.0522313043
-0.1498634087
-0.1586216752
-0.1589626601
-0.2530514990
-0.1832484426
-0.1014862288
-0.1262579707
-0.2611721238
-0.2388726864
-0.1814094733
-0.1870887343
-0.2299296474
-0.1337042990
-0.1956095856
0.0114687755
-0.2804415233
-0.0584979116
-0.2001953396
-0.2069631565
0.0270152609
-0.0333050412
-0.0645293383
-0.0346593987
-0.0926484487
-0.1607406455
-0.1953443467
-0.2267108666
-0.0440203841
-0.1589411625
-0.1771832278
-0.0471327775
-0.1069959117
-0.0831210658
-0.1618011162
-0.0640153387
0.0335045973
-0.1751587050
-0.0770094671
-0.1533573491
0.0077060067
-0.0679019393
-0.0463837325
-0.0129461828
-0.0380572491
-0.0722645468
-0.0601256496
-0.0502284722
-0.0223641631
-0.0333365381
-0.0082610728
0.0021038030
-0.0437664804
-0.0210004142
0.0613713613
-0.0969289387
-0.1546478411
-0.1237389292
-0.1598897645
-0.0311165207
-0.0293305265
-0.0174832282
-0.1420512263
0.1225342993
0.0073197132
-0.0069474170
-0.0785500703
-0.0567884601
-0.2252531417
-0.0478780179
0.1086184564
-0.0327116839
0.0624712818
-0.1750375261
-0.1006163774
-0.0342891398
0.0010504449
-0.1131247403
-0.0435142687
-0.0671317193
-0.0143025164
-0.0142791643
0.0265647956
0.0260193584
-0.0333959112
0.0878342462
-0.0516291339
-0.0820967346
-0.1050183002
0.1035164071
0.0183296167
-0.0490284345
-0.0190921262
-0.0631082109
0.0525749790
0.0026593989
-0.0184083985
0.0774915258
-0.0795461653
0.0147693138
-0.0238527172
0.0748044847
0.1267016176
-0.1110098147
0.1142188967
0.0422345462
-0.0218328356
0.0234999395
0.2075282494
0.0715886603
0.0222988108
0.1414055719
0.0951126792
0.0717316742
0.1850923687
0.1262920269
-0.0493472771
0.1451383932
0.2201497642
-0.0497284033
0.0554440851
0.1797558430
0.0790859555
0.2385754883
0.1001259395
-0.0010684140
0.0096403523
0.0088449157
0.0143283561
-0.1562511762
0.0983320893
0.0451021597
0.0323642289
0.0161373608
-0.0143231493
0.2691925277
-0.0424590861
0.1317461521
-0.1213522470
-0.0736789152
0.0168053364
0.1167798252
0.1139971308
-0.0196889829
0.0920238153
0.1719672443
0.2002659329
0.1584401664
0.1364302294
0.1069657426
0.1506910147
0.1372874523
0.0864821696
0.2034958090
0.1378695949
0.1277298797
0.3158971018
0.1569440901
0.2180492392
0.1310734661
0.0642523083
0.3546720436
0.0785630388
0.1166832872
0.1725667998
0.0918218631
0.1890846103
0.2294917658
0.1627550909
0.2013334625
0.0887722058
0.2085648172
0.2184965588
0.0453052183
0.0285651324
0.1666922539
0.1430236590
0.1178204945
0.2237955542
0.1549089088
0.1622964144
0.2088289574
0.2141790663
0.2469310004
0.1039953348
0.2806217112
0.1099850519
0.4062196718
0.1349207891
0.2738469458
0.2738614551
0.1553175035
0.2740067404
0.2564657306
0.1239223150
0.4093753906
0.3116270910
0.1996489870
0.2873199794
0.1831662249
0.2334625729
0.1615428487
0.2263831728
0.2954810418
0.3144900883
0.0413120328
0.2095024925
0.2199711997
0.1727267867
0.1934113153
0.2678179049
0.2488052773
0.2480335052
0.3102523005
0.4381639697
0.2430619861
0.2185118476
0.1249860287
0.2709285649
0.3449513552
0.2097216981
0.1917340556
0.2182750930
0.3137844703
0.3216481138
0.3644176465
0.4541465843
0.2456818812
0.3692244531
0.2857377016
0.4077884981
0.4033101191
0.2903122462
0.2454842073
0.3784475630
0.1471376605
0.2894762487
0.3351905957
0.3785659653
0.3104763653
0.1508233652
0.3143066782
0.2614888747
0.3052212233
0.1446577962
0.2927460413
0.1979321624
0.2822077053
0.1536891058
0.2704350751
0.2751721830
0.2583509246
0.4597838477
0.2420014688
0.3838441574
0.4435006474
0.3083758745
0.4027725530
0.3175238694
0.4521062350
0.3027728011
0.3749013831
0.3521623210
0.3250727168
0.3933631729
0.3292437915
0.4263392128
0.2823205795
0.4462757098
0.3250815695
0.2918859181
0.4395436269
0.3721123889
0.5512463292
0.4805024707
0.3249367902
0.2850767020
0.3371021938
0.4030667183
0.3311590119
0.3938102693
0.3690019910
0.4387597999
0.4240216830
0.2303192953
0.2018849164
0.3789283793
0.5552366335
0.4535306606
0.4741104263
0.3227196299
0.3824724526
0.4727766845
0.3456404887
0.3635354374
0.2067127335
0.4007493115
0.3735229722
0.4373948131
0.4447426543
0.3818943644
0.5548801846
0.4361030929
0.4605291710
0.3995265829
0.4940992081
0.2743264689
0.4869899928
0.4338607364
0.4738191102
0.5301364577
0.4428828110
0.4994457341
0.4261836039
0.3133921424
0.4161942195
0.4426353021
0.3653099030
0.5170334164
0.4504463354
0.6356538497
0.4218094282
0.5284837508
0.4269009453
0.4387401204
0.4264789423
0.4856525176
0.5171680815
0.4126337156
0.5704304270
0.2998978361
0.4634267684
0.4549458613
0.4962601689
0.4733138734
0.4560259834
0.4814152548
0.4631384571
0.4620738452
0.4279978010
0.5193240791
0.4303279139
0.4639138274
0.4982673640
0.3761604337
0.4152528031
0.4979077243
0.3655775482
0.6124682679
0.4573434939
0.6064820036
0.5187125787
0.5144387276
0.5703696666
0.4741481584
0.4050635094
0.6513473528
0.3974655363
0.4769746191
0.4802579004
0.5172099050
0.5361720984
0.5478998770
0.6416711967
0.4899734401
0.4891749614
0.6251434205
0.4705277618
0.6026364864
0.5952018472
0.6371935879
0.5011294485
0.3914328239
0.6871986905
0.5647687209
0.6254112095
0.6129075312
0.5172912655
0.6437781247
0.5238679498
0.6653714256
0.6061682395
0.5577600278
0.7088531410
0.4996046507
0.5389621054
0.4971301735
0.5142789272
0.7031784356
0.6091534407
0.6230369060
0.6009484927
0.7061495633
0.6158543689
0.5527434796
0.6111403666
0.6603664371
0.6316711109
0.5881955803
0.6593056483
0.7936560955
0.4797604281
0.6035398624
0.6908813166
0.7369091041
0.5324393137
0.6949329984
0.5857456033
0.5903856503
0.5743225560
0.6434253887
0.5911011616
0.7491657499
0.8869613584
0.5474374979
0.6208675771
0.5207621088
0.7035694748
0.7517148291
0.7246138559
0.6206907622
0.6763185475
0.6872785198
0.6034482443
0.7364478772
0.6948600371
0.6732920361
0.7980166037
0.7340301292
0.6321843555
0.6908947360
0.7613798216
0.7003467695
0.7457167370
0.6044725432
0.5985892047
0.6751564086
0.6537698844
0.8337767542
0.7310917594
0.8529797341
0.7037580138
0.7010924076
0.6113120429
0.5254031612
0.6717601154
0.7407599594
0.8256385450
0.7398602169
0.4921206822
0.6569292955
0.8083453723
0.7022773357
0.8218176623
0.7561972158
0.7574809149
0.8900745894
0.6421282009
0.6987876390
0.8239596356
0.6760715197
0.7374120981
0.6843703214
0.7433698520
0.6150458229
0.8118881515
0.6920503458
0.5765237284
0.6450163558
0.7019941912
0.8043126682
0.7052736164
0.7318080820
0.7363143575
0.7801440756
0.8887976972
0.7210318897
0.7645554538
0.8054365659
0.7114689811
0.8148512679
0.7934555944
0.8154451267
0.8735321555
0.8112057403
0.6925440465
0.7575623577
0.7229728085
0.6805075425
0.7955051808
0.7199587684
0.8428734647
0.8223735596
0.8052256793
0.8198206999
0.9724989172
0.8292549908
0.9675746549
0.8698395459
0.6232003932
0.8084856083
0.7741047996
0.8547665412
0.7812097447
0.7996997961
0.8379881667
0.8857784202
0.7159698137
0.8018260668
0.9610758446
0.8437261245
0.9594452967
0.8207031790
0.9082070000
0.9404995317
0.6953436549
0.7624115509
0.8328989350
0.9416358125
0.8583811621
0.9526859519
0.9769791446
0.8453961156
0.8239587018
0.7824978381
0.8571867536
1.0465291167
0.9771909825
0.9985586121
0.8217347769
0.8665738782
0.9787859890
0.9763465260
0.8319450076
0.8942107435
0.8338157393
0.9081951673
0.8560877617
0.8266130080
1.0027877885
0.8700244174
1.2011833877
0.9907834643
0.8172117177
0.9730127215
1.0649498518
1.0378622022
0.9354468242
0.9226881738
0.8453330518
0.9727472274
0.8531097738
0.8851904158
0.9857021963
0.8270035202
0.8968736535
0.7953236433
0.9779086184
0.9600314993
1.0834248412
1.0029135265
0.8862346948
0.9093496506
0.8121077104
0.9116605806
1.0624822769
0.9270914491
1.1225527425
1.0461857147
1.0740804010
1.0810081817
0.9935847213
0.9510249099
1.0101770263
0.9838119956
1.0402714036
0.9140914803
1.1086418836
0.9497848391
1.0160824094
1.0613408504
1.1481030243
1.0559690060
0.9730869203
1.0708219406
0.9167744682
1.0540465668
1.1045428986
1.0990319193
