-0.9875312995
-0.9300276050
-1.0071896970
-0.9876409564
-1.0500638248
-0.9153976597
-1.0525627528
-1.0148168475
-0.9117410347
-0.9466008243
-0.9799598127
-0.9241704061
-0.9954049601
-0.9598458320
-1.1021723814
-0.9222252726
-0.9996807115
-0.9358252925
-0.9732523114
-1.0836795652
-1.0494262296
-0.8281143782
-0.8427722470
-0.8771772079
-0.8663832511
-0.9236691263
-0.9889651528
-0.8610894344
-0.9273247637
-1.0324135152
-0.8872544373
-0.8581031292
-0.9128576495
-0.6119199230
-0.9376073233
-0.8406852662
-0.8042451252
-0.9622956990
-0.9102781359
-0.9608122817
-0.9496568949
-0.9434044693
-0.7955240504
-0.9066898009
-0.9759917156
-0.8696099789
-0.7628107923
-0.7646676809
-0.9089029358
-0.9011803641
-0.9876724943
-0.8517192125
-0.7546478531
-0.8053591730
-0.9488085092
-1.0009323483
-0.8017144679
-0.9216568214
-0.8323680312
-0.9211081022
-0.7855880000
-0.9102013968
-0.8630410662
-0.8154659369
-0.7371188168
-0.8249761597
-0.9486064625
-0.8564030468
-0.9506560104
-0.8596418445
-0.8329992431
-0.7930525752
-0.8530853739
-0.8711641149
-1.0021517508
-1.0451044487
-0.9220312658
-0.8707369034
-0.9926316179
-0.9757520815
-0.8877214776
-0.7439321949
-0.7484929430
-0.8349335184
-0.7184638327
-0.8109031956
-0.9175373282
-0.8631700966
-0.8262237967
-0.8408910792
-0.8951322454
-0.7743277705
-0.8333359699
-0.8876936301
-0.7667688293
-0.7191498907
-0.7902932989
-0.8531377984
-0.8897306743
-0.9091403296
-0.9002711129
-0.8588098074
-0.7735507444
-0.7121127149
-0.7767188813
-0.7232217919
-0.6419210731
-0.7793204554
-0.7557195161
-0.8021158459
-0.6809774476
-0.7927875528
-0.7866743371
-0.7176943489
-0.8669500712
-0.6515213675
-0.7753841623
-0.7879705602
-0.6274166829
-0.8414356868
-0.7097074124
-0.7083623284
-0.7007305631
-0.6840076593
-0.6003947614
-0.8641363715
-0.7191837128
-0.7450534669
-0.9560126622
-0.7687521313
-0.7301275729
-0.6544858915
-0.8017811050
-0.7994596661
-0.7842169613
-0.6463802880
-0.6638897038
-0.7908439730
-0.7959739388
-0.8352711336
-0.6652474587
-0.7660369442
-0.6156856273
-0.7889670291
-0.6359029312
-0.7211909041
-0.6245711117
-0.7365213144
-0.8759749402
-0.6247285959
-0.5288628193
-0.6653268338
-0.8483907086
-0.7682595957
-0.6874811730
-0.7317124378
-0.5746011279
-0.7671226630
-0.7344378551
-0.6015057613
-0.7489394939
-0.7506479635
-0.7514193479
-0.6481346819
-0.5427210192
-0.6278780148
-0.6022871608
-0.5848443800
-0.6061463136
-0.7106106868
-0.7084926929
-0.6105089646
-0.6063848473
-0.6462359511
-0.6382812311
-0.5831102606
-0.5525439691
-0.7051470148
-0.6990092179
-0.5722065190
-0.7064906999
-0.6221398648
-0.6263825941
-0.6786534561
-0.5676196361
-0.5781469188
-0.8201085096
-0.4831925158
-0.6509482119
-0.6091641188
-0.6061906057
-0.5129700616
-0.5990108313
-0.6299443109
-0.7400744612
-0.7452729680
-0.6372510395
-0.7368741150
-0.6314569578
-0.5768273671
-0.5432744405
-0.7128442647
-0.5397566910
-0.6068042767
-0.5354404780
-0.6515661532
-0.6245431544
-0.5700776423
-0.6142263070
-0.5220418916
-0.5853502513
-0.4593357348
-0.4706282230
-0.6241608512
-0.5691799996
-0.6107462615
-0.4673503590
-0.5743573966
-0.6358044292
-0.6564985639
-0.5680631388
-0.4463168115
-0.5784294910
-0.5413246309
-0.5773474257
-0.5432193708
-0.5889909977
-0.5923514159
-0.5026912951
-0.7189968760
-0.5034871659
-0.5284718409
-0.4165562727
-0.6228261058
-0.4778464686
-0.6167641297
-0.4352910004
-0.5580968952
-0.4751691795
-0.7480510002
-0.6700218348
-0.6109924296
-0.5036338425
-0.6124730906
-0.5970662511
-0.5783208566
-0.3732836489
-0.4747914477
-0.4030565564
-0.4839378797
-0.4564120916
-0.4808781322
-0.4485225106
-0.4906207011
-0.4169822744
-0.5085972461
-0.5816663035
-0.4494688589
-0.4340716895
-0.4417720346
-0.4681383810
-0.5155397684
-0.3182517925
-0.5303024519
-0.4387936039
-0.4966503290
-0.4805938752
-0.4557292976
-0.5413150286
-0.5109755950
-0.3286271532
-0.4060171391
-0.4656016939
-0.5619678908
-0.4969593574
-0.4693870465
-0.3717848387
-0.2966815679
-0.5974685497
-0.4201146810
-0.4167246560
-0.4668551025
-0.3912852745
-0.3871702974
-0.3603189590
-0.3534087072
-0.4265903123
-0.5121365580
-0.4692799100
-0.3706843369
-0.4361031930
-0.4151295336
-0.2983276864
-0.3569744316
-0.4904948851
-0.5392500325
-0.3646474102
-0.3120011706
-0.4077973796
-0.4811098133
-0.3935867087
-0.3638551859
-0.4091589024
-0.5684384323
-0.3842429311
-0.5970192282
-0.4259351037
-0.3391952292
-0.3474310156
-0.4126710167
-0.4865899138
-0.5038413285
-0.3130647020
-0.4570161988
-0.2394021346
-0.4297604852
-0.3448390758
-0.4200364564
-0.3768850449
-0.3492697039
-0.3125640829
-0.4276072264
-0.4254614143
-0.2095310260
-0.4350901796
-0.4065568178
-0.3912461298
-0.4380463450
-0.2408949741
-0.3175168107
-0.1862694632
-0.3023288887
-0.2764177108
-0.3266460692
-0.3681556213
-0.2925819154
-0.2076551614
-0.3110249722
-0.3067733530
-0.3028302060
-0.2794015541
-0.2231916311
-0.2694282423
-0.4263169009
-0.2849496797
-0.3361281315
-0.2557594883
-0.3847178372
-0.2491810033
-0.3560144223
-0.2687937367
-0.3835531199
-0.3678733065
-0.2926888526
-0.3985007621
-0.2849804011
-0.2523664511
-0.3080295081
-0.2606951735
-0.3310957614
-0.2178919849
-0.4401603132
-0.2397229399
-0.2376431672
-0.2377332358
-0.2072246202
-0.4013897232
-0.2767717526
-0.0614829598
-0.3701827928
-0.1691138719
-0.2961850345
-0.1135243165
-0.2952537390
-0.2445749498
-0.2445123970
-0.3171628393
-0.2460362075
-0.1328903639
-0.2809906565
-0.1533056150
-0.1464310944
-0.1857716243
-0.0895270946
-0.2412971893
-0.2206878301
-0.2482526852
-0.0731538048
-0.3062361397
-0.3013167492
-0.1342433867
-0.2618588491
-0.2839289233
-0.2289375084
-0.2212604474
-0.1782688826
-0.2825325022
-0.2495281806
-0.3182208420
-0.1970047125
-0.2757617144
-0.2010231463
-0.1823457579
-0.3341667295
-0.0592498698
-0.1904186410
-0.0732732440
-0.2550834838
-0.3747266449
-0.1861043740
-0.0572885259
-0.2001442678
-0.0864355076
-0.2124128570
-0.1010360268
-0.1990015740
-0.2968052743
-0.0017431699
-0.1815242401
-0.2750016677
-0.2676482867
-0.1992925294
-0.0859713507
-0.3007917469
-0.0659891608
-0.2712554231
-0.1709100161
-0.1826605426
-0.2173706614
-0.0066892977
-0.2204153047
-0.2672487106
-0.1748852753
0.0056176000
-0.0068216247
-0.0634471859
-0.1814307022
-0.0676872249
-0.1314904266
-0.0466606284
-0.0680905947
-0.1544763334
-0.1807935581
-0.1940022142
-0.1892859430
-0.1101142103
-0.1663201258
-0.0896878845
0.0081658779
-0.1573941225
-0.1536938729
-0.1552347664
-0.0136771673
-0.1055471696
-0.0756152949
0.0342030661
0.1298620538
-0.0041706304
-0.0341842333
-0.1219005258
-0.0281431513
-0.1253882727
-0.2387677251
-0.0367686548
-0.0730653141
-0.0129638074
-0.0382692579
0.0847626023
-0.0178611537
0.0227076939
0.0554205214
-0.0084677685
-0.1183118285
-0.0473594316
-0.0301490701
-0.0036272051
-0.0682842235
0.0431443695
-0.0700273646
-0.1407535402
-0.0723600906
-0.0691823316
-0.0881862347
0.0669493327
-0.1690709008
0.0590056615
0.1078170056
-0.0949273706
0.0886444510
0.0458054781
0.0834107100
0.0902079861
-0.0201449612
0.0490572949
0.0669944542
0.0041906239
-0.0121870092
0.0044676598
0.0319752876
0.0497513164
0.0039006793
0.0558297528
-0.2105214932
0.0581927299
0.1395546839
0.0099988586
0.1534222700
0.1241268322
-0.1306795579
0.0467520224
0.1197656716
0.1414277000
0.0500310114
-0.0031394980
0.0820210181
0.2184129176
-0.1296006046
-0.0208356926
0.0356858177
0.0463532171
0.2011268304
0.0125079947
0.0662876917
-0.1344820988
0.1688924553
0.0088496196
0.0376141591
0.0198404974
-0.0149125397
0.0638697849
0.0549052623
0.1584639740
0.1429076343
0.1706886022
-0.0205091966
0.0482866555
0.0751015085
-0.0045581296
0.1043371758
0.0538133102
0.0554247044
0.0897954795
0.0500726346
0.1425371311
0.0088801576
0.0180862541
0.1704898942
0.0665092645
0.0949749098
0.1107003436
0.2477791553
0.1179250115
0.1851247120
0.0683878303
0.0803386768
0.0994742618
0.1327113706
0.2009482157
0.1514096562
0.1575219702
0.0899365645
0.2779751084
0.1390489316
-0.0192987339
0.1384700934
0.1408471625
0.1087378066
0.1702825296
0.1451591699
0.1478650568
0.0798996743
0.0715354088
0.1471083911
0.2710136098
0.0968859141
0.1417638916
0.1800305914
0.1498662175
0.1989712614
0.1047001037
0.1531484455
0.1806603718
0.0505454875
0.1058183741
0.1413724463
0.1083436865
0.1761571080
-0.0644786693
0.2470476638
0.3026998170
0.0853723826
0.2272597328
0.1293260056
0.0772044681
0.1325152748
0.3333254284
0.1832017567
0.2460075372
0.3026220926
0.2254674715
0.1878453066
0.2452323218
0.0287110484
0.3034499766
0.2084450495
0.2029121895
0.2531840349
0.3266441448
0.2862210806
0.2504460710
0.1662513242
0.1668572679
0.0946136017
0.2495690670
0.2288581638
0.2856933255
0.3222456321
0.3570072537
0.1135926301
0.0810276050
0.3166804139
0.2883979456
0.3435181196
0.1867654353
0.1507572479
0.3156598904
0.2128756166
0.2368697522
0.2814095509
0.2545154880
0.2286828413
0.2946748924
0.3363132299
0.3469852422
0.3638625983
0.2150177668
0.3181659356
0.2076180684
0.1799361527
0.1356719201
0.3453452196
0.1062681555
0.4235626543
0.1815635744
0.2741152428
0.4276840442
0.2403974341
0.3956001467
0.3951572375
0.4069342464
0.2645260035
0.1344992261
0.3049070535
0.1671884724
0.2630117965
0.2366083631
0.2997051281
0.2970195612
0.2592919881
0.4056776363
0.4145469489
0.3952342412
0.2586957031
0.5074268679
0.3100174891
0.4620366718
0.3503247732
0.2429182921
0.3940165075
0.3340549986
0.2927552680
0.4239838794
0.1957145756
0.2611889707
0.3620598382
0.4291566453
0.2961203669
0.3703206089
0.3531219305
0.2623228104
0.3174122250
0.4211281213
0.2997734192
0.3166715947
0.3899804556
0.5061156041
0.2384572093
0.1626200849
0.4121256034
0.4049850324
0.4208096883
0.2454903178
0.2729789388
0.3802247501
0.3964753739
0.3754875541
0.2812776378
0.4577205032
0.3085749534
0.3435312443
0.4216811288
0.4812695429
0.3543358598
0.3446813950
0.4058082622
0.2775258756
0.4723052702
0.4786107986
0.4591537882
0.3935210033
0.4012309042
0.4234072871
0.4980499867
0.4185924647
0.4100489392
0.5243338453
0.4700750749
0.3760205814
0.4665473409
0.4166126779
0.4089280535
0.5173828318
0.4026626630
0.4802977887
0.4953504654
0.3275763953
0.4621989011
0.4438310559
0.5241859149
0.4518887690
0.4605991761
0.4190297599
0.4276347412
0.4499478742
0.4586272454
0.4348334505
0.4852077889
0.3774063196
0.5268485662
0.4735848679
0.3166473665
0.3766617905
0.4795998810
0.3998904071
0.4338505975
0.5063625852
0.3355147036
0.4512010509
0.3791930364
0.5160864983
0.4917371284
0.5579896081
0.5952869889
0.4667528509
0.5348428702
0.5969347635
0.3920332657
0.4527775696
0.5454148069
0.6595521658
0.4414242363
0.6204495449
0.5820824561
0.4906542330
0.5383768622
0.6030323185
0.4411951489
0.4153293068
0.5279928191
0.4651460393
0.5011343553
0.4947743162
0.4781603880
0.6410892265
0.5181032600
0.5633802487
0.4592331358
0.5755085190
0.5104906921
0.5707664876
0.5259220910
0.6220994886
0.5331020001
0.5774128974
0.4224550711
0.6369693651
0.5469190700
0.4913000515
0.4523994169
0.7186434180
0.4749500925
0.5773205226
0.5986656082
0.7002711227
0.7467761515
0.5442276114
0.4742812360
0.5603587741
0.5430031268
0.5960749664
0.6146165851
0.5657757791
0.7928238923
0.7096088131
0.5506279919
0.6061416085
0.5837242479
0.6775125862
0.6027276726
0.7162768944
0.7688145273
0.6045163443
0.5853899912
0.5925847652
0.7325163367
0.7846863777
0.6315599764
0.6229033781
0.6507356778
0.6101532730
0.7834441125
0.5943929262
0.6253880386
0.6107634370
0.7613556823
0.7165324117
0.6737323020
0.6267104357
0.6281919895
0.8095711918
0.7277889210
0.6508002177
0.6718888243
0.5264679469
0.7133772981
0.6268126018
0.6460135459
0.7603041105
0.5944902130
0.6622806371
0.6903479398
0.7271691247
0.6629100954
0.8428045540
0.6488157246
0.7295928559
0.7060305740
0.5392901990
0.8140334849
0.7632506003
0.6252947389
0.6663632174
0.6362372897
0.6347224930
0.6141287004
0.6171201198
0.7952048445
0.7327565502
0.7026287353
0.7940151285
0.7669039473
0.7737837339
0.7617010388
0.7878028771
0.6626681857
0.7468637369
0.6092243901
0.7956138588
0.7117478166
0.5989564941
0.7443531534
0.7088415630
0.8714204389
0.7558733054
0.8336778878
0.7058892420
0.7188890625
1.0203755193
0.7184129034
0.8458919138
0.7588706925
0.8401462982
0.7334388205
0.7051034714
0.7646134875
0.8607884257
0.6574756546
0.6793374524
0.8352105150
0.8881707580
0.8384059540
0.7088310310
0.8413577781
0.7514252949
0.8248936859
0.7142526356
0.8560077927
0.7970186237
0.8806826964
0.8965482967
0.8066433042
0.7799478798
0.8614259317
0.6996125285
0.7912640734
0.8695062840
0.8309753320
0.8124608422
0.8061804836
0.7845091325
0.6947034119
0.7787605655
0.7789628191
0.9159359293
0.7976757829
0.8053914398
0.8438934670
0.8267161051
0.8718401232
0.7878788971
0.7024306528
0.7767545082
0.7378827363
0.8672474000
0.8603408219
0.8189829038
0.9523658934
0.7637921579
0.8708534322
0.7546929675
0.8590657288
0.8444787792
0.8786373128
0.7855859441
0.9675415153
0.8428007460
0.9637136530
0.9313701686
0.8072641717
0.8553726848
0.9397226946
1.0920631868
0.9208404318
0.8721193247
0.8519948636
1.0110719561
0.8166166947
0.8272233433
0.9425369089
0.9753425727
0.9329662119
0.9792814960
0.8567914537
0.9804939046
0.8539352730
0.8015091876
0.8112271404
0.9391946793
0.9537044208
0.8105775701
1.0442965307
0.7367160120
0.8748401277
1.0858377076
0.9882329261
1.0705994436
0.9737027582
1.0213531971
0.8487183603
0.9860187299
0.9240873606
1.1847346528
0.8713256020
0.8425559846
1.1002454727
0.9967108351
0.9951651764
0.9953367790
1.0596256475
0.9305228366
1.0187758780
1.0371079198
0.9571326238
0.8101487154
0.9268662163
0.8627686637
0.9267744218
0.9847590868
1.0644314069
1.0159221215
0.9847687061
1.0476392431
0.9916272277
0.8845701655
0.9195606696
0.9735808651
0.9953099347
0.9938391598
1.0684890531
0.9781021253
