-0.9921726922
-0.9435266389
-0.9827118174
-0.9873084744
-1.0558231560
-0.9136647210
-1.0524466639
-0.9980430306
-0.9141657028
-0.9177662591
-0.9604372450
-0.9362979128
-1.0055259858
-0.9813237887
-1.1015387812
-0.9139228650
-0.9984222528
-0.9254514660
-0.9771103438
-1.1010669995
-1.0651614128
-0.8279685135
-0.8478931465
-0.8971218090
-0.8773949847
-0.9185992997
-1.0137889946
-0.8783497815
-0.9456735516
-1.0131491406
-0.8942006590
-0.8341409622
-0.9216594826
-0.6092239728
-0.9419293872
-0.8376947509
-0.8171939361
-0.9761132672
-0.8899836167
-0.9384125814
-0.9701340966
-0.9918366991
-0.7735171722
-0.9155791079
-0.9737312956
-0.8638660769
-0.7415835352
-0.7488060346
-0.9335681013
-0.9004866773
-0.9794080180
-0.8617146030
-0.7459702449
-0.8329901242
-0.9383023348
-0.9948187967
-0.8219942336
-0.9331789445
-0.8439900643
-0.9283182979
-0.7869490249
-0.8944394224
-0.8599115260
-0.8128130893
-0.7746538513
-0.8403663579
-0.9415751635
-0.8622013448
-0.9409603684
-0.8603133317
-0.8234504784
-0.7930693996
-0.8674583317
-0.8787159456
-0.9852722933
-1.0537603419
-0.9322616995
-0.8820543483
-0.9934336781
-0.9767412648
-0.8673166881
-0.7450882995
-0.7361387203
-0.8637118484
-0.7208938680
-0.8071005181
-0.9149412142
-0.8391517414
-0.8105462627
-0.8300793514
-0.9043973411
-0.7832146409
-0.8186753682
-0.9044453977
-0.7874310265
-0.7242045201
-0.7983792467
-0.8475033170
-0.8859669938
-0.9302941958
-0.8918229320
-0.8331135651
-0.7776125175
-0.7055711983
-0.7678210218
-0.7186875371
-0.6461559793
-0.7744786898
-0.7552884925
-0.7869299791
-0.7190980535
-0.7973424071
-0.7958883697
-0.7061293321
-0.8708663529
-0.6608723353
-0.7653047699
-0.7862625232
-0.6303857963
-0.8176702305
-0.6626387175
-0.6964359031
-0.6751516092
-0.6900101663
-0.5832882090
-0.8874634702
-0.7140328219
-0.7245097492
-0.9272634505
-0.7923848250
-0.7508010188
-0.6482546930
-0.7939378879
-0.8061620128
-0.7822476199
-0.6480244417
-0.6786831944
-0.7796034984
-0.8008394849
-0.8486065415
-0.6622123244
-0.7803109972
-0.5997082021
-0.7751155374
-0.6282348411
-0.7207664707
-0.6477235262
-0.7332498174
-0.8710453458
-0.6418758542
-0.5205835267
-0.6734644868
-0.8433346701
-0.7647729070
-0.7042381443
-0.7304620782
-0.5766213957
-0.7784042728
-0.7503086637
-0.6109859086
-0.7494694522
-0.7414438666
-0.7434682492
-0.6443217192
-0.5540721554
-0.6367259699
-0.6079847607
-0.6025997822
-0.6129405384
-0.6878130738
-0.6990982383
-0.5925803237
-0.6062940668
-0.6493179639
-0.6364358012
-0.5841361584
-0.5563763426
-0.7004212506
-0.6845071410
-0.5702972073
-0.6944283402
-0.6048309420
-0.6427329310
-0.6616118082
-0.5407836760
-0.5650394471
-0.8100483885
-0.5169228234
-0.6695399448
-0.6003513386
-0.6182725293
-0.5267547599
-0.5912942614
-0.6109182189
-0.7318977246
-0.7545302180
-0.6419423540
-0.7257117576
-0.6175523192
-0.5748542702
-0.5599959871
-0.6893105600
-0.5493008934
-0.6261802562
-0.5364813065
-0.6508921466
-0.6212430344
-0.5805846856
-0.5788768114
-0.5288268422
-0.5647592271
-0.4584313390
-0.4689455881
-0.6205714547
-0.5694406974
-0.6355578082
-0.4430349830
-0.5889887341
-0.6400412436
-0.6393911265
-0.5752212895
-0.4255371859
-0.5823044647
-0.5382855837
-0.5673972814
-0.5354468394
-0.5812785921
-0.6212183825
-0.5042063025
-0.7098103015
-0.4980618933
-0.5550846978
-0.4331506407
-0.6257049802
-0.4655630924
-0.6191777092
-0.4398208543
-0.5604822286
-0.4908750206
-0.7270781270
-0.6602656354
-0.6341024007
-0.5015412128
-0.6353182186
-0.5477403238
-0.5868082781
-0.3633227506
-0.4845905514
-0.4036243273
-0.5039354739
-0.4488642523
-0.4798318914
-0.4487527998
-0.5001664464
-0.4029522826
-0.4946691512
-0.5736194115
-0.4537709163
-0.4307565552
-0.4456698463
-0.4692533365
-0.5119897503
-0.3376742465
-0.5461882324
-0.4466297108
-0.4947417655
-0.4980112460
-0.4671833347
-0.5529596449
-0.5077507849
-0.3115956625
-0.4013781245
-0.5047570103
-0.5896330848
-0.4944763413
-0.4869423038
-0.3651417667
-0.2993829005
-0.5898754250
-0.4042692026
-0.4355026715
-0.4662530060
-0.4044163629
-0.4068842508
-0.3606149748
-0.3472613960
-0.4138757442
-0.4885954417
-0.4727111875
-0.3486974563
-0.4309821831
-0.4261910182
-0.3011580892
-0.3549561483
-0.4868304581
-0.5322728764
-0.4000820848
-0.3029837162
-0.3922837255
-0.4881314459
-0.3894850851
-0.3588932615
-0.4116431519
-0.5392106012
-0.3793805041
-0.5934894029
-0.4355365507
-0.3290360302
-0.3644998561
-0.4103645716
-0.4814166694
-0.4746327843
-0.3345697109
-0.4539259832
-0.2324900005
-0.4306111893
-0.3355677061
-0.4204129861
-0.3705536147
-0.3715470729
-0.3213805872
-0.4104805500
-0.4316322209
-0.2016055800
-0.4329687358
-0.4151783270
-0.3868666854
-0.4540909026
-0.2598314362
-0.2990297851
-0.2094357916
-0.2953687101
-0.2443841465
-0.3283964531
-0.3486020172
-0.3095088475
-0.2231534782
-0.2992740805
-0.3136964727
-0.2879305504
-0.2785811001
-0.2199846709
-0.2670228819
-0.4582389195
-0.2768192003
-0.3373815239
-0.2515683194
-0.3794900852
-0.2400621918
-0.3599702595
-0.2650506935
-0.4182729580
-0.3565473364
-0.3214235683
-0.3913652777
-0.2896860928
-0.2595574086
-0.3143829623
-0.2436380411
-0.3680147325
-0.2022742274
-0.4227066205
-0.2420797547
-0.2180886346
-0.2182418183
-0.1701377289
-0.3838569967
-0.2654213875
-0.0892743620
-0.3483373107
-0.1905274163
-0.2739834806
-0.1144360764
-0.3040675819
-0.2338943000
-0.2221789220
-0.3105523563
-0.2659577904
-0.1176979272
-0.2875328093
-0.1476687103
-0.1507764651
-0.1585856490
-0.0709350871
-0.2424428107
-0.2191245777
-0.2333553982
-0.0524667343
-0.3000524236
-0.3015386828
-0.1244497103
-0.2561542336
-0.2706566732
-0.2559113808
-0.2425633860
-0.1675375535
-0.2878592363
-0.2545806352
-0.3128346806
-0.1909826694
-0.2748935187
-0.1934379270
-0.1814504729
-0.3414341057
-0.0766821647
-0.2010550594
-0.0846924692
-0.2430009495
-0.3652476135
-0.1769593248
-0.0333590973
-0.1994924841
-0.1116577932
-0.2222028021
-0.0861921383
-0.1768427433
-0.2633224011
-0.0197791404
-0.1970436304
-0.2527057207
-0.2645863667
-0.1810457592
-0.1042817932
-0.3100462987
-0.0679564883
-0.2575521766
-0.1636694779
-0.1669643180
-0.1926441049
0.0142014753
-0.2290650086
-0.2654346822
-0.1605108120
0.0177296655
-0.0332469585
-0.0723475920
-0.1800225269
-0.0760976795
-0.1373320723
-0.0656581389
-0.0578603883
-0.1539840771
-0.2177952866
-0.2352754864
-0.1985585312
-0.1043448304
-0.1495400623
-0.0877076614
-0.0243064231
-0.1795760360
-0.1477467856
-0.1835301733
-0.0072792275
-0.1349572865
-0.0829202869
0.0456452092
0.1252124483
-0.0052436617
-0.0347768613
-0.1073080713
-0.0277836368
-0.1430811665
-0.2357657163
-0.0559125570
-0.0814553104
-0.0215959072
-0.0410882625
0.0753594328
-0.0022598569
0.0037794939
0.0466346917
-0.0011207718
-0.1414509098
-0.0512322598
-0.0365987520
-0.0214234932
-0.0469678066
0.0634881210
-0.0531339501
-0.1494738991
-0.0661111968
-0.0673519727
-0.0903792938
0.0627899541
-0.1640219317
0.0564429091
0.1116060641
-0.1276894247
0.0913846138
0.0449044527
0.0706029891
0.1021272843
-0.0441590145
0.0853286460
0.0806463089
0.0085653033
-0.0063460180
0.0055536029
0.0185044961
0.0275780383
0.0082980174
0.0921361161
-0.1860834992
0.0580346008
0.1185800286
0.0022530860
0.1304999004
0.1125901780
-0.1038967786
0.0268637133
0.1389886410
0.1358468015
0.0442093509
-0.0011593019
0.0779587645
0.2329169850
-0.1235007292
-0.0097404381
0.0329561527
0.0339093129
0.2090881900
0.0003594486
0.0514343895
-0.1733195551
0.1845380044
0.0054340704
0.0291758359
0.0079460146
0.0148773952
0.0770956781
0.0558009875
0.1500524406
0.1414760300
0.1861721604
-0.0271733983
0.0547664639
0.0924776324
0.0163830768
0.1084307581
0.0446130891
0.0425395107
0.1050946667
0.0712524095
0.1601587433
0.0023512114
0.0228544005
0.1686669908
0.0633414311
0.0939890200
0.1134829793
0.2241115382
0.1164595748
0.1816689497
0.0804100079
0.0902337273
0.1005004581
0.1523970760
0.2003388603
0.1621416743
0.1445456572
0.0983181958
0.2995425997
0.1167224428
-0.0023947802
0.1267557040
0.1372792911
0.0911690125
0.1745982898
0.1552486090
0.1457967290
0.0891247492
0.0947121407
0.1411923723
0.2830802737
0.1165245743
0.1207736060
0.1753044405
0.1494549284
0.1864905339
0.1132016125
0.1425770813
0.1926322594
0.0546298229
0.1361050909
0.1497050596
0.1157849391
0.1477812032
-0.0660242675
0.2347609614
0.2802108105
0.0828672742
0.2408434790
0.1144588319
0.0964521143
0.1346516542
0.3243716884
0.2135601328
0.2421877907
0.3141445799
0.2228485917
0.1833649566
0.2535009111
0.0196257095
0.3053335181
0.2302931374
0.1997690529
0.2644449121
0.3283101148
0.2949740351
0.2350536715
0.1520199325
0.1708667431
0.0813375051
0.2430310876
0.2131533967
0.2755095760
0.3178907845
0.3670479618
0.1115629147
0.0830536166
0.3142801232
0.2671872133
0.3555028855
0.1644420815
0.1433643915
0.2940619230
0.1862958477
0.2756871096
0.2686116711
0.2575161529
0.2225151194
0.3043157223
0.3410045411
0.3329691587
0.3593044164
0.2183604104
0.3157822130
0.2069468306
0.1810208248
0.1460815474
0.3570546776
0.1074823675
0.4209525849
0.1867484031
0.2776043874
0.4318353309
0.2130531897
0.4039262807
0.3745584653
0.4054886465
0.2676000109
0.1279669855
0.2775995315
0.1734670019
0.2733388425
0.2378501313
0.3010769532
0.2950667318
0.2597224531
0.3937342535
0.4056468409
0.3988398635
0.2658837194
0.4842874069
0.3135991392
0.4699125471
0.3584954998
0.2545371774
0.3899779308
0.3508797420
0.2981451120
0.4383899711
0.1731257847
0.2727423717
0.3599493016
0.4596016517
0.3153508114
0.3800134103
0.3733378492
0.2662522766
0.3315600593
0.4400384725
0.3035425587
0.3132328823
0.3801561848
0.5041955029
0.2503474406
0.1980841404
0.3909449505
0.4210898284
0.4340610213
0.2711360698
0.2630821270
0.3834658015
0.4137580196
0.3709071778
0.2855284832
0.4491412073
0.3203535547
0.3407288202
0.4303767252
0.4564331634
0.3369393196
0.3494906269
0.4370402008
0.2795242957
0.4427625526
0.4891460693
0.4645171974
0.3952693631
0.3915624221
0.4520972356
0.4747844977
0.4222119978
0.4046471991
0.5327184309
0.4558150412
0.3910049453
0.4885256496
0.4393435898
0.4259816445
0.5024366067
0.3937880161
0.4793941852
0.5078346283
0.3532807714
0.4622079930
0.4402853274
0.5079199570
0.4517128241
0.4551018519
0.4132057798
0.4294386565
0.4523944943
0.4584126571
0.4509548490
0.4856659720
0.3846078132
0.5332015510
0.4859658432
0.3268863411
0.3813578558
0.4405117076
0.4041841516
0.4209425984
0.5234797747
0.3307803239
0.4444385516
0.3708314796
0.5088987977
0.4554448390
0.5610621431
0.5848176000
0.4444244419
0.5334377148
0.6144710869
0.3915540690
0.4727423424
0.5657621859
0.6374318782
0.4504537055
0.6430972909
0.6010437015
0.4921401555
0.5719735805
0.5920445192
0.4618532700
0.4333773120
0.5474533344
0.4864612982
0.5350904709
0.5190647178
0.4914784863
0.6617438088
0.5180680471
0.5601316918
0.4600360777
0.5746718381
0.5044648848
0.5678893901
0.5063396193
0.6257733752
0.5550652347
0.5759677525
0.4343123272
0.6578168361
0.5272643540
0.4971694074
0.4457658169
0.7015000388
0.4676807876
0.6097125174
0.6058166376
0.6978192762
0.7177573563
0.5599530201
0.4766413214
0.6059382364
0.5444510187
0.5927959029
0.6044285835
0.5784390410
0.7907399605
0.6849297912
0.5657569445
0.6220633547
0.5583413959
0.6717451069
0.6148296821
0.6972019492
0.7697438554
0.6035514534
0.5700861733
0.5748641125
0.7277653112
0.7887796997
0.6223913227
0.6295700046
0.6526298292
0.5998319957
0.7662136209
0.5949609379
0.6487248723
0.6086406203
0.7826457633
0.7102494109
0.6717231779
0.6005519346
0.6117796731
0.7843201358
0.6943271443
0.6427535011
0.6658836896
0.5371176701
0.7360478777
0.6071911343
0.6350378054
0.7945739609
0.5959351128
0.6757449874
0.6853075469
0.7550498987
0.6627284860
0.8473864079
0.6603233356
0.7078938221
0.7179643751
0.5312214420
0.7881875614
0.7486951122
0.6408997754
0.6620426357
0.6265133979
0.6377587377
0.6172224094
0.6335207417
0.8005394573
0.7262513211
0.7137544029
0.7934833405
0.7441401574
0.7742508135
0.7665205697
0.7929926256
0.6916212374
0.7688691892
0.6270500531
0.8041559740
0.6867845163
0.5889592276
0.7650633909
0.7112610170
0.8708476012
0.7560765597
0.8303029204
0.7586063986
0.7037518180
1.0238308401
0.7089983499
0.8408408633
0.7632093984
0.8501786942
0.7375961989
0.7062890806
0.7585326818
0.8589300583
0.6271737203
0.6761844462
0.8376841569
0.8769050760
0.8386088397
0.7248834667
0.8438789638
0.7454992907
0.8408657188
0.6988062071
0.8808416956
0.7930576197
0.8721275667
0.8953753517
0.8030355331
0.7762835285
0.8360619306
0.6905477222
0.7936186977
0.8955054594
0.8005274386
0.8265940562
0.7951490048
0.7867220201
0.6675370602
0.7827085616
0.8051757751
0.9097958833
0.7955855433
0.7920202509
0.8824003807
0.8053171394
0.8613863970
0.7820634150
0.6999025904
0.7668099713
0.7348413101
0.8567872371
0.8451518270
0.7954801356
0.9770361784
0.7610574310
0.8420812287
0.7432377871
0.8658033077
0.8540062721
0.8670951608
0.7685153122
0.9465952990
0.8444716140
0.9610546686
0.9297247246
0.8139289396
0.8439598424
0.9248243665
1.0816496357
0.9402621413
0.8669658586
0.8501435287
1.0130450257
0.7924038265
0.8433690988
0.9456883338
0.9716654952
0.9258148592
0.9656824466
0.8600224867
0.9663576026
0.8733934280
0.7821143606
0.8012782304
0.9517102146
0.9606326496
0.8329650274
1.0549585994
0.7386579140
0.8794546066
1.0667443129
0.9916614034
1.0524770783
0.9762690341
1.0211045694
0.8400767343
0.9714916247
0.9280215587
1.1837287954
0.8863548084
0.8391674752
1.0876975824
1.0169459044
1.0011962397
0.9923746486
1.0340355495
0.9369798832
1.0391098058
1.0477570342
0.9565989133
0.8408142610
0.9552347965
0.8507995250
0.9056025642
0.9954423897
1.0746943648
0.9968500873
1.0104736202
1.0496211854
0.9799918417
0.8676967883
0.9326488538
0.9658805717
1.0036657346
1.0039567348
1.0817611495
0.9744210661
