-0.9820955392
-0.9409308980
-1.0049446532
-0.9761087545
-1.0271632843
-0.9180465978
-1.0477363020
-0.9946025702
-0.9313036546
-0.9383212600
-0.9594725726
-0.9192938263
-1.0075841246
-0.9747084260
-1.1167086715
-0.9257605923
-0.9780389148
-0.9339790690
-0.9546175322
-1.0860365996
-1.0624001251
-0.8429252913
-0.8490738841
-0.9065225994
-0.8730041863
-0.9152528924
-1.0118980827
-0.8596381206
-0.9549165961
-1.0327630798
-0.8866696110
-0.8367780931
-0.9052452601
-0.6194652796
-0.9514436490
-0.8235176249
-0.7870572982
-0.9788304923
-0.8954311663
-0.9438337608
-0.9537482657
-0.9567441943
-0.7930515469
-0.9380623015
-0.9729996141
-0.8387840286
-0.7726898145
-0.7697941502
-0.9332085802
-0.9245256194
-0.9773023017
-0.8503033051
-0.7545358075
-0.8210937262
-0.9395531123
-0.9934302959
-0.8234940152
-0.9333221527
-0.8442572994
-0.9369460052
-0.7761125385
-0.8990872421
-0.8501318974
-0.8145105527
-0.7437298254
-0.8363381974
-0.9593203270
-0.8685565106
-0.9473636328
-0.8626149612
-0.8169950603
-0.8027018544
-0.8641440132
-0.8794119621
-1.0068834824
-1.0334981263
-0.9383566715
-0.8728210935
-0.9847008880
-0.9840288333
-0.8826493147
-0.7290502689
-0.7654536284
-0.8702023275
-0.7186968887
-0.7828849784
-0.9205160371
-0.8569965854
-0.8173435297
-0.8370618622
-0.9029938779
-0.7540275147
-0.8297930294
-0.8819313958
-0.7794474650
-0.7152951509
-0.8085540380
-0.8535370849
-0.8988548217
-0.9297235755
-0.8832321653
-0.8354747719
-0.7548833462
-0.6967781125
-0.7756660637
-0.7160454808
-0.6360730294
-0.7660290253
-0.7675019523
-0.8179298707
-0.7120542332
-0.7945317991
-0.7982762754
-0.7037485845
-0.8844490449
-0.6633461694
-0.7722717840
-0.7778759859
-0.6231272592
-0.8387841003
-0.7109927573
-0.6940490781
-0.7043995197
-0.6897369690
-0.5861583271
-0.8843394155
-0.7142724562
-0.7380143748
-0.9401765685
-0.7715526005
-0.7439607965
-0.6389246593
-0.7743096873
-0.8331752130
-0.8085185086
-0.6520532383
-0.6751135032
-0.7839778759
-0.8040853728
-0.8616692100
-0.6632070272
-0.7660132651
-0.6119145223
-0.7532583244
-0.6384266812
-0.7381344496
-0.6399873232
-0.7285042077
-0.8800649493
-0.6167866935
-0.5039974050
-0.6812895584
-0.8612443150
-0.7663993427
-0.6852186751
-0.7657674401
-0.5676402283
-0.8092915213
-0.7270153410
-0.6127566944
-0.7438580966
-0.7362772004
-0.7458096891
-0.6503471302
-0.5634639362
-0.6377460326
-0.5836053676
-0.5878968450
-0.6205740334
-0.7175519623
-0.7054833226
-0.5984913566
-0.6123124795
-0.6659906647
-0.6555712055
-0.5735221391
-0.5573474180
-0.7035929559
-0.7287668967
-0.5859803306
-0.6791463683
-0.6114628435
-0.6620153766
-0.6512382957
-0.5550141773
-0.5576087684
-0.8236222515
-0.4884210807
-0.6509522315
-0.5993403691
-0.6044792747
-0.5115334413
-0.5840501841
-0.6432563490
-0.7395914499
-0.7362083299
-0.6600243385
-0.7071747134
-0.6145603088
-0.5816919169
-0.5600827770
-0.7251226341
-0.5475665425
-0.6070713812
-0.5537991982
-0.6490895672
-0.6233692222
-0.5763937103
-0.5999093151
-0.5289679963
-0.5885856890
-0.4591430961
-0.4532673136
-0.6049633170
-0.5571085153
-0.6306035994
-0.4524057943
-0.5622608130
-0.6079244647
-0.6539730421
-0.5720600307
-0.4206621415
-0.5750044025
-0.5566040052
-0.5722761332
-0.5390223840
-0.5786637675
-0.6201415756
-0.4948573127
-0.7161447598
-0.4783617668
-0.5437495066
-0.4117538305
-0.6218103520
-0.4789541626
-0.6221083620
-0.4605422624
-0.5736701699
-0.5076453029
-0.7305180005
-0.6522667382
-0.6391131569
-0.5028736011
-0.6461946175
-0.5811294313
-0.5673083024
-0.3674521627
-0.4786347771
-0.4287606538
-0.4995576554
-0.4515831577
-0.4826176114
-0.4548543209
-0.4789318206
-0.4039994736
-0.5098518576
-0.5855160076
-0.4495997303
-0.4143792876
-0.4641854930
-0.4742802672
-0.5186004394
-0.3418346566
-0.5452994092
-0.4489991046
-0.5053540940
-0.4840986766
-0.4709523240
-0.5392850280
-0.5020530584
-0.3189911439
-0.3951553059
-0.4878888316
-0.5715669467
-0.5068471881
-0.4980159186
-0.3610436898
-0.3303088265
-0.6155067160
-0.3892451029
-0.4260751428
-0.4639483217
-0.3884784790
-0.4052765366
-0.3816525054
-0.3447704226
-0.4065780943
-0.4733175262
-0.4782388647
-0.3490881830
-0.4508717569
-0.4028106151
-0.2903253207
-0.3354931041
-0.4879952704
-0.5308492267
-0.3872793874
-0.3222054934
-0.4027722330
-0.4809119331
-0.4030405641
-0.3575990322
-0.4305547279
-0.5653749085
-0.3908160538
-0.5890290513
-0.4517988469
-0.3154133217
-0.3492178933
-0.4029507252
-0.4890884114
-0.4915452073
-0.3132633728
-0.4428158504
-0.2533707345
-0.4307677360
-0.3643859677
-0.4218993929
-0.3754210719
-0.3745794890
-0.3055219061
-0.3984928495
-0.4398544777
-0.1946702336
-0.4349679619
-0.4120368935
-0.3935403692
-0.4412315241
-0.2337029371
-0.3037343597
-0.2051072859
-0.3118887032
-0.2714441573
-0.3324274970
-0.3551317127
-0.3109727182
-0.2292649769
-0.3231733611
-0.2983240291
-0.2937419015
-0.2920674882
-0.2242448101
-0.2772375682
-0.4623299227
-0.2774276467
-0.3500292819
-0.2492968076
-0.3912657331
-0.2412727951
-0.3809881365
-0.2804936811
-0.4049517589
-0.3701399113
-0.3132447065
-0.3908835896
-0.2833478923
-0.2535292058
-0.2979577544
-0.2528857184
-0.3814066162
-0.2044422723
-0.4185623714
-0.2268307662
-0.2195117918
-0.2207222292
-0.1848630799
-0.3772126293
-0.2672735239
-0.0926109062
-0.3501672845
-0.1696532532
-0.2792362644
-0.1121539598
-0.3017198017
-0.2299414899
-0.2392631023
-0.3178931249
-0.2573653963
-0.1403183397
-0.3004299878
-0.1479866645
-0.1439272459
-0.1574699681
-0.0881307293
-0.2531030821
-0.2216661201
-0.2357781583
-0.0811126845
-0.2919454880
-0.2974208051
-0.1340557487
-0.2465808764
-0.2981227808
-0.2438588262
-0.2486546703
-0.1779764177
-0.2660537835
-0.2626011320
-0.3127132045
-0.1763554287
-0.2772410523
-0.2275651571
-0.1886376606
-0.3211279323
-0.0619492368
-0.1839264591
-0.0941791681
-0.2597231627
-0.3607927223
-0.1642403406
-0.0549459692
-0.1978064625
-0.1027841377
-0.2284541517
-0.1093714965
-0.2000864892
-0.2843115167
-0.0028050039
-0.1905788388
-0.2630135710
-0.2655930248
-0.2048692276
-0.1014318081
-0.3065503593
-0.0587580995
-0.2669136024
-0.1804645433
-0.1566450463
-0.2295178693
0.0009820083
-0.2267328023
-0.2806766920
-0.1718308581
0.0135959726
-0.0364454867
-0.0730078810
-0.1728322299
-0.0833362240
-0.1242553986
-0.0629985738
-0.0758561053
-0.1528311496
-0.2116176890
-0.2124100527
-0.1968438745
-0.1070106375
-0.1554490671
-0.0964755354
-0.0065532052
-0.1877592858
-0.1459508605
-0.1681272208
-0.0137574200
-0.1017302815
-0.0867382543
0.0378475555
0.1208272840
0.0082355574
-0.0463439674
-0.1209679629
-0.0408982477
-0.1211460512
-0.2256034055
-0.0446461562
-0.0929029644
-0.0077379754
-0.0426729391
0.0608320388
0.0279573312
-0.0139686754
0.0788344015
-0.0037940634
-0.1286935737
-0.0323185209
-0.0056401061
-0.0232267226
-0.0603324058
0.0563343701
-0.0795137019
-0.1357098454
-0.0644477839
-0.0713501366
-0.0936372092
0.0659095244
-0.1590159529
0.0481319652
0.1086193776
-0.1287433377
0.0809309834
0.0526511113
0.0652530338
0.0977466829
-0.0432837857
0.0755686075
0.0757940967
0.0132050444
-0.0233149797
0.0020645015
0.0110077942
0.0547204551
0.0119944198
0.0736139150
-0.1860418820
0.0492266898
0.1187210748
0.0051822283
0.1277403112
0.1248239722
-0.1220596266
0.0323172888
0.1244595121
0.1493991837
0.0288509712
-0.0043849941
0.1046800326
0.2326339074
-0.1065169766
-0.0001567697
0.0381876955
0.0433900938
0.1862442796
0.0049362927
0.0490710315
-0.1424056881
0.1842163294
-0.0022198366
0.0162584611
0.0220915636
0.0011608384
0.0669319087
0.0626063037
0.1438453572
0.1676835411
0.1685186232
-0.0276667721
0.0536877104
0.0938307811
0.0167341415
0.1042289979
0.0596430550
0.0633179569
0.1155887452
0.0558968778
0.1390956708
0.0012505297
-0.0001850270
0.1817416015
0.0430538627
0.0840306560
0.1240710156
0.2260969950
0.1163585684
0.1870737353
0.0842294335
0.0860983579
0.0960364080
0.1440856829
0.2036379567
0.1599212674
0.1645954730
0.0780611132
0.2701122908
0.1148492352
-0.0201906360
0.1310150719
0.1532828083
0.0921299499
0.1517661049
0.1598221177
0.1610061249
0.0831414603
0.0850993474
0.1448911642
0.2750717469
0.1011031799
0.1390997013
0.1891442001
0.1511474069
0.2054312284
0.1083614045
0.1524868686
0.1888863259
0.0557514245
0.1488336754
0.1365304191
0.1112539511
0.1366609393
-0.0530126545
0.2388090461
0.2858906051
0.0745530743
0.2326541471
0.1196784913
0.0879495326
0.1338259752
0.3306948320
0.2061653158
0.2405715363
0.2965701216
0.2107973585
0.1705665806
0.2506449914
0.0060060936
0.3116358667
0.2200741383
0.2183871766
0.2615409574
0.3548642844
0.2752237930
0.2500519361
0.1545247296
0.1670273431
0.0830410448
0.2433195222
0.2326798814
0.2787319513
0.3216421732
0.3439582408
0.1035948312
0.0832219486
0.3176332158
0.2767536218
0.3501491202
0.1743751594
0.1421374955
0.3163039338
0.1874421095
0.2728621530
0.3055552746
0.2481588131
0.2010607137
0.3148358993
0.3352926705
0.3306113156
0.3457434729
0.2214486343
0.3067912568
0.2022013984
0.1850238154
0.1411004322
0.3397900335
0.0960628511
0.4054455892
0.1690200055
0.2694879311
0.4249626365
0.2339666936
0.3813969348
0.3846058589
0.3988744795
0.2361622334
0.1035781830
0.2860958077
0.1782462080
0.2589099950
0.2434085987
0.3005074862
0.3097921220
0.2666865219
0.4074750157
0.4067352594
0.3901585631
0.2619913065
0.5097439624
0.3073961895
0.4948141023
0.3760561340
0.2410030704
0.3730993562
0.3343068931
0.3219331472
0.4274133755
0.1879117517
0.2453955931
0.3686089014
0.4598569166
0.2924819697
0.4021324057
0.3548694444
0.2658967945
0.3307568228
0.4314547880
0.3097372860
0.3145090930
0.3724176758
0.4722388401
0.2578080187
0.1822300908
0.4155823477
0.3990363456
0.4532553095
0.2499043203
0.2712808331
0.3867377537
0.4066833215
0.3793939179
0.2900990194
0.4195760815
0.3402842427
0.3295782373
0.4214719051
0.4721654096
0.3492600069
0.3707209343
0.4171990707
0.2591711701
0.4441026726
0.4803357773
0.4754985679
0.3909195351
0.4116333379
0.4528206129
0.4976234373
0.4013165447
0.3750870883
0.5365081556
0.4560358638
0.3852818998
0.4829165245
0.4363898907
0.4138196362
0.5408220478
0.3791227741
0.4824520956
0.4833878093
0.3471552589
0.4743359265
0.4370994410
0.5056018144
0.4544748300
0.4557662977
0.4246316715
0.4276684348
0.4254210441
0.4374547337
0.4515687666
0.4882426565
0.3657896987
0.5300343124
0.4860769186
0.3153731547
0.3804018561
0.4572077876
0.4105445058
0.4115360999
0.5037498957
0.3462013874
0.4385558038
0.3861587005
0.5037122315
0.4751425535
0.5582931398
0.5980702440
0.4457811828
0.5430439992
0.6251813593
0.4030753265
0.4674360443
0.5725309939
0.6558161159
0.4187154584
0.6136393523
0.5983469470
0.4570047917
0.5447039241
0.6012441302
0.4545630441
0.4317585346
0.5437120349
0.4971337209
0.5241659269
0.5041976543
0.4763023643
0.6381247476
0.5267697105
0.5647367505
0.4397670312
0.5648871699
0.5238439904
0.5616418655
0.5122927328
0.6269830753
0.5583835252
0.5796938384
0.4550990546
0.6299460030
0.5524014614
0.4967435151
0.4384027274
0.6843470084
0.4764556931
0.5981825743
0.5941504310
0.6918797486
0.7326763858
0.5609928917
0.4829943367
0.5974713566
0.5379586147
0.6186839162
0.6220801776
0.5714323827
0.7854568043
0.6848892047
0.5486305407
0.5941895275
0.5788462001
0.6747458673
0.6141956964
0.7121315361
0.7763585374
0.5929981234
0.5947899662
0.5981733655
0.7301455115
0.7884787268
0.6032381086
0.6103832491
0.6470637328
0.5882594372
0.7630204765
0.6047186651
0.6331522882
0.6320923692
0.7864525436
0.7014476294
0.6295078054
0.5891989627
0.6170097668
0.8244776635
0.7367696325
0.6482932086
0.6751732412
0.5376296948
0.7326701034
0.6290657775
0.6327363690
0.7689401408
0.6246782289
0.6681439107
0.6982024272
0.7335595575
0.6681544317
0.8240867502
0.6499152225
0.7172408741
0.7302489857
0.5601592722
0.7873112699
0.7631367190
0.6303931505
0.6520633916
0.6242717211
0.6520242933
0.6165678082
0.6403063234
0.8003501005
0.7438014892
0.6993344531
0.7910044320
0.7820045421
0.7707445459
0.7633809557
0.7787244730
0.6810607058
0.7396645297
0.6023660920
0.7930061279
0.7069417797
0.5936622168
0.7642499721
0.7000185895
0.8516926585
0.7783792922
0.8208961222
0.7218723549
0.7130545233
1.0073716549
0.7295189779
0.8400091357
0.7651462758
0.8412964356
0.7159144273
0.6777368308
0.7574592761
0.8661446008
0.6465713865
0.6684909475
0.8258852604
0.8879631044
0.8451635458
0.7120920290
0.8455960759
0.7708669933
0.8182823185
0.7041603151
0.8518801881
0.7943050410
0.8609052470
0.8844378395
0.8151646983
0.7858122955
0.8549770423
0.7000927059
0.8014431450
0.8958756680
0.7989679827
0.8228494024
0.7940121963
0.7931387604
0.6874154365
0.7885794860
0.7935109502
0.9172501569
0.7989680962
0.8050027708
0.8881187450
0.8389033850
0.8751238192
0.8044435768
0.6909164079
0.7797920785
0.7031880224
0.8644218508
0.8452049313
0.8077030497
0.9673628275
0.7414229091
0.8736357077
0.7473117159
0.8677827859
0.8665852520
0.8802643836
0.7670882091
0.9332895134
0.8461823959
0.9729688762
0.9585751618
0.8202896934
0.8612501190
0.9151757596
1.0852814843
0.9285694039
0.8762167590
0.8517048557
1.0165667524
0.8111264930
0.8391226254
0.9303297838
0.9712660831
0.9108578670
0.9714735222
0.8523934360
0.9798711437
0.8717885582
0.8067873054
0.8009385311
0.9522126473
0.9611189396
0.8246410906
1.0688316906
0.7272888280
0.8824329302
1.0788908509
0.9725497222
1.0639787257
0.9905091612
1.0208069847
0.8479679339
0.9693578953
0.9200989718
1.1796566869
0.9059834083
0.8314158364
1.1177999772
1.0143910130
0.9803875285
0.9954142245
1.0542171349
0.9382211363
1.0114785663
1.0423828546
0.9590453431
0.8361932448
0.9561518292
0.8741743413
0.9068089073
0.9959601745
1.0904255341
1.0071684757
0.9925947372
1.0359157858
0.9740551772
0.8817226126
0.9357545186
0.9490679512
0.9814372861
0.9822501806
1.0684601140
0.9735618612
