-0.9907135632
-0.9380064606
-1.0077111716
-0.9886108956
-1.0379682034
-0.9486761920
-1.0603811957
-0.9998798530
-0.9157138802
-0.9262399658
-0.9645246659
-0.9124829323
-1.0093920065
-0.9735642506
-1.1186678358
-0.9178764469
-0.9987556481
-0.9327213070
-0.9985510945
-1.0884844506
-1.0749635509
-0.8654668343
-0.8486087162
-0.8931769772
-0.8486797332
-0.9251087103
-1.0086368017
-0.8633967789
-0.9306858051
-1.0282608010
-0.8729210933
-0.8420940901
-0.9209303494
-0.6061050466
-0.9295528752
-0.8299261127
-0.8061035355
-0.9705869872
-0.8957920786
-0.9525827622
-0.9676726620
-0.9789068860
-0.8051518990
-0.9360862574
-0.9708568201
-0.8522179954
-0.7649611370
-0.7634309804
-0.9270179008
-0.9267791053
-0.9914815272
-0.8520316173
-0.7523192995
-0.8050462694
-0.9517015372
-1.0026780103
-0.8061310870
-0.9337322852
-0.8358255926
-0.9394732421
-0.7902930374
-0.9111264592
-0.8574632313
-0.8435072909
-0.7588365543
-0.8297543369
-0.9559257962
-0.8608992734
-0.9351282896
-0.8739787578
-0.8117028086
-0.7907303341
-0.8642847255
-0.8912357318
-0.9748897082
-1.0477962418
-0.9347081359
-0.8898650086
-0.9792518194
-0.9705493102
-0.8736431458
-0.7371071772
-0.7367465736
-0.8644351534
-0.7263961601
-0.8131385587
-0.9316311945
-0.8255993859
-0.8187271783
-0.8266017888
-0.9126086593
-0.7852225421
-0.8332471150
-0.8987328911
-0.7801239111
-0.7178848629
-0.7943961274
-0.8360117454
-0.8803506766
-0.9136982450
-0.8779199921
-0.8312175174
-0.7546646803
-0.7103548965
-0.7804313673
-0.7195208352
-0.6544709069
-0.7597255728
-0.7548761221
-0.7855338225
-0.6887381380
-0.7912426930
-0.7732131306
-0.7177191814
-0.8771301012
-0.6697482927
-0.7677858039
-0.7776464133
-0.6104348513
-0.8297530384
-0.6779171612
-0.6905585512
-0.6804196217
-0.6939620438
-0.5955788725
-0.8615585717
-0.7325825114
-0.7475133447
-0.9221561422
-0.7751188425
-0.7427122067
-0.6392928008
-0.7863215564
-0.7881120990
-0.7868436449
-0.6499130216
-0.6716432326
-0.7880688760
-0.8028921121
-0.8568088538
-0.6541757678
-0.7838100286
-0.6086475245
-0.7589370861
-0.6216206048
-0.7201913541
-0.6134430228
-0.7289311175
-0.8807277576
-0.6184330400
-0.5182986214
-0.6748156725
-0.8516408844
-0.7724165507
-0.6806811068
-0.7313703420
-0.5826758741
-0.7892988214
-0.7356609475
-0.5907623673
-0.7524980326
-0.7378752416
-0.7474743128
-0.6221364622
-0.5354053007
-0.6415018309
-0.6038529356
-0.5849813884
-0.6312858496
-0.7349384280
-0.7168917618
-0.6014953255
-0.6041506757
-0.6635507468
-0.6405579664
-0.6027113581
-0.5700714225
-0.7077471040
-0.6897915412
-0.5623712768
-0.6844573215
-0.6233344069
-0.6527401187
-0.6666168379
-0.5386516278
-0.5773035036
-0.8359159979
-0.4820771721
-0.6608040126
-0.6028852549
-0.5955228296
-0.5185262996
-0.5998453328
-0.6309738914
-0.7348970359
-0.7484868145
-0.6466787061
-0.7118666663
-0.6306942892
-0.5693359620
-0.5344385528
-0.6971961243
-0.5545117820
-0.6175193191
-0.5440622419
-0.6437649187
-0.6081033558
-0.5846887879
-0.5921234557
-0.5106986340
-0.5767140037
-0.4694928952
-0.4621773242
-0.6147080903
-0.5520814534
-0.6202083617
-0.4323076307
-0.5946151506
-0.6472962982
-0.6630285964
-0.5793596551
-0.4182457220
-0.5704500328
-0.5621314585
-0.5766631585
-0.5167094761
-0.5866590966
-0.6124609915
-0.4966639791
-0.7252084618
-0.4887964077
-0.5197824697
-0.3934596858
-0.6227732706
-0.4907982057
-0.6072148499
-0.4571355082
-0.5662342413
-0.4912456591
-0.7195739881
-0.6432490012
-0.6212951263
-0.4912527431
-0.6167487582
-0.5635147794
-0.5654316829
-0.3923650164
-0.4699889002
-0.4234261521
-0.4831874509
-0.4455486744
-0.4781959789
-0.4543959252
-0.4721498741
-0.3968606163
-0.4957402019
-0.5833431699
-0.4646311748
-0.4334780227
-0.4635923887
-0.4799320414
-0.5244039974
-0.3416009814
-0.5422131903
-0.4622749528
-0.4906473509
-0.4800856213
-0.4576015646
-0.5414374556
-0.5097044953
-0.3262690162
-0.4213039455
-0.4712297368
-0.5595429479
-0.5030752780
-0.4860890124
-0.3606876254
-0.3107713194
-0.5779505454
-0.4250378453
-0.4220491630
-0.4596647403
-0.4033767721
-0.3936230758
-0.3864440135
-0.3727633561
-0.4075273329
-0.4751040606
-0.4974669462
-0.3455858247
-0.4352860728
-0.4158926428
-0.2893879078
-0.3430628993
-0.5031625362
-0.5195537777
-0.3855286799
-0.3220815610
-0.3909736335
-0.4787332066
-0.4173153310
-0.3554609376
-0.4422626697
-0.5499910477
-0.3744309495
-0.5836827441
-0.4436886062
-0.3199344414
-0.3735855235
-0.3903632965
-0.5157665132
-0.4934123264
-0.3324065701
-0.4712406810
-0.2351355744
-0.4375420262
-0.3570515852
-0.4117006833
-0.3616719790
-0.3601031241
-0.2956786777
-0.3971171096
-0.4540385969
-0.2206143292
-0.4194817151
-0.4132840938
-0.4033234570
-0.4276248001
-0.2514553166
-0.3113937549
-0.2061574858
-0.3003604941
-0.2486143694
-0.3279900781
-0.3409446775
-0.3103696729
-0.2207600335
-0.3063097654
-0.3283086489
-0.2792149620
-0.2751543345
-0.2406541747
-0.2764293216
-0.4474902388
-0.2919728005
-0.3427860673
-0.2350709632
-0.3943439097
-0.2472477855
-0.3859638500
-0.2769836717
-0.4080822691
-0.3693246073
-0.2889960321
-0.3946055702
-0.2817397841
-0.2568897771
-0.3138925251
-0.2421744693
-0.3824257373
-0.1962011611
-0.4213277529
-0.2251207060
-0.2532221912
-0.2176895969
-0.1796780961
-0.3909934854
-0.2713571262
-0.0904764112
-0.3687269136
-0.1981588466
-0.2867031363
-0.1088349359
-0.2861633854
-0.2227783959
-0.2223423062
-0.3039728193
-0.2468740798
-0.1414595359
-0.2737897430
-0.1316030238
-0.1395869844
-0.1762072634
-0.0833643792
-0.2426972089
-0.2236188091
-0.2345477959
-0.0769939752
-0.3056933497
-0.2945694549
-0.1204284049
-0.2686850449
-0.2845136227
-0.2432697189
-0.2313411300
-0.1692732733
-0.2643440579
-0.2466107126
-0.3004350849
-0.1761227792
-0.2696239039
-0.1792243912
-0.2031281495
-0.3351482689
-0.0660194345
-0.2056363996
-0.0671769381
-0.2605328950
-0.3753190476
-0.1742426953
-0.0291582922
-0.1983307301
-0.0938954579
-0.2225157078
-0.1119858360
-0.1793254551
-0.2871801378
-0.0286332413
-0.2242293450
-0.2405601238
-0.2884366159
-0.1903195839
-0.0865543719
-0.3089422339
-0.0609905485
-0.2591893977
-0.1783178536
-0.1649270428
-0.2090083950
-0.0056486042
-0.2233748470
-0.2687227152
-0.1791865811
0.0090127704
-0.0307948007
-0.0666599022
-0.1726185456
-0.0601836187
-0.1405499347
-0.0448878631
-0.0719404506
-0.1765054156
-0.2067916585
-0.1986078534
-0.2061684337
-0.0928085166
-0.1570098529
-0.1046120036
-0.0098219038
-0.1542055744
-0.1631177263
-0.1603423773
-0.0136332781
-0.1123336478
-0.0540615028
0.0389623195
0.1015214958
0.0006316608
-0.0601355208
-0.1143606100
-0.0290343748
-0.1422074583
-0.2149880312
-0.0202037644
-0.0785896469
-0.0342538368
-0.0373386075
0.0851703301
0.0420863879
-0.0157409328
0.0334106421
0.0053422341
-0.1249386054
-0.0436160495
-0.0138167383
-0.0041876976
-0.0697673920
0.0459910874
-0.0454734514
-0.1415207403
-0.0735447354
-0.0676570985
-0.0808451251
0.0620326394
-0.1749241082
0.0603714808
0.1117223115
-0.1074935830
0.0649806090
0.0540144909
0.0662895674
0.1021830254
-0.0453623866
0.0730848789
0.0768700012
-0.0011550283
-0.0135606202
0.0180774398
0.0275108802
0.0573652707
0.0329771541
0.0929575653
-0.2109928005
0.0393974830
0.1257246428
0.0267135663
0.1285432545
0.1097417222
-0.1356576350
0.0476540515
0.1452049151
0.1493741335
0.0392972614
-0.0160433888
0.0917426959
0.2354719296
-0.0973380654
0.0089262669
0.0449348770
0.0410882886
0.1951037314
0.0094084169
0.0694808040
-0.1369719160
0.1889420639
0.0104432692
0.0353314884
0.0210209805
-0.0023401276
0.0792058345
0.0617111995
0.1469765133
0.1318469849
0.1647939784
-0.0356530651
0.0552804297
0.0804096946
0.0234966446
0.1081010864
0.0677015242
0.0492698030
0.1172165794
0.0689511708
0.1634565266
-0.0071327985
0.0098024237
0.1771061000
0.0626041469
0.0905472571
0.1084793224
0.2378705055
0.1116738520
0.1797411277
0.0668778668
0.0759385458
0.1089206880
0.1412497607
0.1898603627
0.1607442899
0.1570256847
0.1012824759
0.2694164156
0.1250573725
0.0096490932
0.1127741408
0.1535336141
0.0963886794
0.1760114146
0.1497646144
0.1533523010
0.0584148239
0.0824829113
0.1387095401
0.2756944539
0.0899784728
0.1212106958
0.1803337149
0.1519075427
0.1999334252
0.1055518905
0.1481634185
0.1688860273
0.0320806384
0.1452390644
0.1411796583
0.1172443219
0.1765024380
-0.0758737724
0.2260593266
0.2852454801
0.0669288817
0.2375124671
0.1150696905
0.0996505123
0.1202104302
0.3311582242
0.2083682087
0.2350398691
0.2897469595
0.2190069349
0.1625187989
0.2500818742
0.0019979443
0.2713751033
0.2111837671
0.2184016319
0.2887605667
0.3413072310
0.2866856764
0.2439688678
0.1633687154
0.1925842157
0.0696737443
0.2414764343
0.2278251033
0.3000673404
0.3269972001
0.3628145383
0.1086123887
0.0917671593
0.3219949870
0.2947008425
0.3531931631
0.1748894490
0.1517088053
0.3215542251
0.1963843942
0.2545287533
0.2699625631
0.2398351036
0.2302192121
0.2911080392
0.3533645511
0.3315073831
0.3548556215
0.2112640362
0.3082506836
0.2002030324
0.1929055613
0.1429700166
0.3430689636
0.0933684402
0.4196685322
0.1601856846
0.2956677984
0.4238404812
0.2326086460
0.3700340360
0.3787512673
0.3957340859
0.2544868222
0.1257858344
0.2826155939
0.1852350325
0.2594167302
0.2406608565
0.2981163609
0.2967265967
0.2672844118
0.4027713340
0.4034501744
0.3804662892
0.2762708110
0.4862074209
0.3001572987
0.4920707613
0.3465619950
0.2305732354
0.4146594470
0.3271313952
0.3005992120
0.4413009804
0.1865659331
0.2362270703
0.3659730567
0.4624043143
0.3059348646
0.4129238025
0.3674410411
0.2649589347
0.3395536934
0.4024584882
0.3112360955
0.3334329753
0.3665896762
0.5060979074
0.2462239425
0.1807976642
0.3893919275
0.4061057095
0.4546058911
0.2497734714
0.2673742774
0.3696947144
0.3976591859
0.3797379418
0.2897475306
0.4374051453
0.3048156604
0.3250407523
0.4446148416
0.4735222332
0.3670500287
0.3774394288
0.4019830389
0.2712759212
0.4564476915
0.5060563345
0.4464738179
0.3884345370
0.4186425453
0.4408829187
0.4909623554
0.4077756297
0.3983503654
0.5330269402
0.4355405190
0.3828183469
0.4767828211
0.4242562278
0.3945341588
0.5226005813
0.3788506839
0.4918584339
0.4842965850
0.3236128233
0.4523948410
0.4543269583
0.5035734999
0.4474831050
0.4492558165
0.4390133849
0.4190480494
0.4293406264
0.4543399329
0.4333803749
0.4737751622
0.3782571415
0.5337814947
0.4776513840
0.3156599180
0.3802780323
0.4695986791
0.4055640698
0.4084143570
0.4943797881
0.3496492151
0.4468422967
0.3630871544
0.5036175220
0.4645994661
0.5560478551
0.6043568528
0.4504844101
0.5373360287
0.6033065844
0.4014572935
0.4545029440
0.5494197417
0.6659196062
0.4521464452
0.6243513546
0.6089972653
0.4784896669
0.5370444551
0.5873546862
0.4724666888
0.4429993145
0.5498094819
0.4845747678
0.5103821513
0.5003200988
0.5099897529
0.6560767112
0.5305711823
0.5525678612
0.4468790171
0.5589011980
0.5237004117
0.5530495553
0.5136606972
0.6371715170
0.5297737231
0.6021178837
0.4425299636
0.6639393610
0.5427663716
0.5091161050
0.4664008064
0.7146447339
0.4605976845
0.5991280408
0.6043614795
0.6849485112
0.7484194597
0.5581157443
0.4819742730
0.5807028663
0.5343842563
0.5921501548
0.5985651384
0.5703763210
0.7639284453
0.6853345754
0.5469051161
0.6106178532
0.5630400699
0.6723928055
0.6001083253
0.7323590020
0.7702587154
0.6156115718
0.5830961777
0.5992009467
0.7287193352
0.7973992169
0.6225958401
0.6330945760
0.6628293424
0.6279361750
0.7650999279
0.6089029775
0.6428656403
0.6177892116
0.7826356033
0.7041673334
0.6781198396
0.6415410154
0.6194922051
0.8051588091
0.7177784310
0.6543014745
0.6316338151
0.5569932307
0.7417413837
0.6083154543
0.6397472322
0.7505099778
0.6211422719
0.6616292806
0.7044097295
0.7200099317
0.6754509242
0.8393372112
0.6417381132
0.7183131272
0.7136709001
0.5510787063
0.8006453448
0.7662174628
0.6249930563
0.6663392920
0.6256845425
0.6561297997
0.6173524939
0.6471411638
0.8280089453
0.7399576533
0.7094386272
0.7785656980
0.7398536538
0.7702739168
0.7608238329
0.7887380630
0.6639086088
0.7593844334
0.6021878532
0.8116729557
0.7048869099
0.5755877874
0.7758862310
0.7241910658
0.8585770721
0.7710775939
0.8304932840
0.7164707165
0.6991042237
1.0048565465
0.6944260716
0.8518423239
0.7564662551
0.8459983080
0.7282379927
0.6964399044
0.7545640750
0.8650902871
0.6458253880
0.6815880973
0.8245018827
0.8868223658
0.8282177785
0.7178283008
0.8533569315
0.7718495973
0.8184931370
0.7142898249
0.8758047143
0.8062416588
0.8663835098
0.8934764413
0.8072068218
0.7849800658
0.8472312745
0.6945000543
0.8018442927
0.8825705130
0.8112624938
0.8280094321
0.8091486280
0.7926981158
0.6843903095
0.7962217336
0.7663085605
0.9004879660
0.8012947784
0.8209563262
0.8661893441
0.8327934893
0.8426227912
0.7895785654
0.7057030193
0.7617277453
0.7110422494
0.8582243921
0.8454201084
0.8015024599
0.9627632018
0.7518757237
0.8758070718
0.7317174076
0.8535036316
0.8373496798
0.8959992060
0.7798414342
0.9470435116
0.8463717993
0.9738411520
0.9451925755
0.8162478077
0.8730691044
0.9424662669
1.0811585691
0.9578176263
0.8878115995
0.8716340077
0.9766402747
0.8104831497
0.8149561689
0.9409836007
0.9835619069
0.9291674473
0.9742186201
0.8479280855
0.9670044934
0.8772818864
0.8122775750
0.8227652497
0.9548455277
0.9461540394
0.8213585803
1.0517218183
0.7176956332
0.8959509562
1.0718856179
0.9847985241
1.0701115680
0.9756907671
1.0223177748
0.8506096074
0.9745815821
0.9063718058
1.1834330422
0.8910603761
0.8333358959
1.0828426712
1.0076881774
0.9674504228
1.0087643279
1.0647628936
0.9324091412
1.0043723703
1.0154041269
0.9530154179
0.8258622760
0.9495021282
0.8631876705
0.9017284298
0.9842236459
1.1003438231
0.9992615817
0.9952811639
1.0212667339
0.9796058435
0.8891791770
0.9128702804
0.9498476620
1.0147698723
1.0066945584
1.0632675257
0.9697170411
