-1.0565771281
-0.8850771501
-0.8377895038
-0.9675082451
-0.9370390513
-0.9846618810
-1.0477886459
-1.1364650399
-0.9296446056
-1.1175928709
-0.9868041060
-0.8017772392
-1.0118612606
-1.1378675920
-0.9745432521
-0.7854452722
-1.1289804238
-1.0559350688
-0.9538151943
-1.0240732537
-0.8714656078
-0.9583477992
-0.9752220273
-1.0217636244
-1.0432946115
-0.7314079998
-1.0613387545
-0.8475256737
-0.9389722188
-1.0176365175
-0.9699765692
-1.0852950180
-0.7097459558
-1.0195612566
-0.9159475254
-0.9990802286
-1.0464020836
-0.9005863909
-0.9475353167
-1.0078870615
-0.8499372002
-0.8818495007
-1.0059307690
-0.8714701967
-0.9583240572
-0.9259770820
-0.9575864742
-0.8371021357
-0.9245685739
-0.8618230272
-0.6870730417
-0.8263375014
-0.9446351797
-0.9191872709
-0.9915991162
-1.0050607796
-0.9658906478
-0.8472974103
-1.0758011092
-1.0083661841
-0.8508578324
-0.9201339548
-0.7170749470
-0.9373257407
-0.8306796417
-0.7965016842
-0.7733947033
-0.9944105655
-0.9292969221
-0.7777607078
-0.8240158115
-0.9325507637
-0.8929456777
-0.9678768435
-0.9278379916
-0.8710983549
-0.8681545247
-0.7915838198
-0.8700236487
-0.7847201569
-0.9100177703
-0.9172152641
-1.0698107685
-0.9047749859
-0.8796846048
-0.7205907941
-0.6421684186
-0.8793120676
-0.7106428999
-0.6871744999
-0.9832738275
-0.6788879913
-0.8999382723
-0.7724633022
-0.9077192505
-0.8281396526
-0.8630920936
-0.7862727993
-0.7455069684
-0.7497070638
-0.7728427536
-0.6860753271
-0.8452317740
-0.7266381671
-0.7583771645
-0.7283636751
-0.5525101278
-0.7843592207
-0.7417439980
-0.8084260108
-0.8448044641
-0.7928774688
-0.7149643944
-0.7371503235
-0.8291982166
-0.7845437565
-0.7874979380
-0.5377942970
-0.7166812271
-0.7602967030
-0.7770488202
-0.6167146708
-0.7304496747
-0.6418495933
-0.7974137175
-0.7818468224
-0.6861974247
-0.7345388825
-0.5834811881
-0.5846126582
-0.8927068223
-0.6867781583
-0.7711725843
-0.7355254079
-0.7973332118
-0.6193830443
-0.5486877902
-0.7395639612
-0.9010170178
-0.8367754028
-0.6968794145
-0.6704172854
-0.7081663669
-0.6821419041
-0.7299281917
-0.7278821835
-0.7178332878
-0.6352303181
-0.7945061596
-0.7694864114
-0.7520301975
-0.6826920695
-0.7739495592
-0.6125338371
-0.7053327873
-0.8489853600
-0.7044122163
-0.7228232614
-0.6160062739
-0.6625186820
-0.5926561014
-0.5980211055
-0.8038890492
-0.7722366820
-0.8299059182
-0.7082848260
-0.6285712379
-0.6358680370
-0.7041842293
-0.5957134007
-0.6753482355
-0.6016016690
-0.5701955447
-0.7011292520
-0.6477285147
-0.7253970362
-0.5369130596
-0.7350487345
-0.7831352062
-0.5301157490
-0.7386395938
-0.6868875112
-0.6523783753
-0.6643500925
-0.5604680884
-0.6351575093
-0.5963442740
-0.5352176059
-0.6868249381
-0.7284847935
-0.6419373765
-0.5183981717
-0.6376758376
-0.5474163649
-0.6798826644
-0.5325241255
-0.5883963049
-0.6445293251
-0.6780219785
-0.6086034239
-0.5979285792
-0.6943956889
-0.6911830664
-0.6627366734
-0.5656757584
-0.5386598910
-0.7492414360
-0.6026943145
-0.6401275420
-0.6091183344
-0.6685498995
-0.7197077169
-0.6224594126
-0.6083048616
-0.6722662480
-0.6744961881
-0.4374853572
-0.5969234971
-0.4541528795
-0.5985760013
-0.4756661609
-0.6281006744
-0.6129583698
-0.5676545240
-0.5733542543
-0.6155158460
-0.5816296680
-0.3901632729
-0.6685914461
-0.4423160725
-0.5634393613
-0.6206313516
-0.6548691878
-0.5510602358
-0.4721085476
-0.5255813399
-0.5575948874
-0.4878802727
-0.4878839920
-0.5850323222
-0.4252732958
-0.7671104382
-0.3734462659
-0.5115697213
-0.4672780610
-0.5553880179
-0.4712916086
-0.5837683719
-0.6055816632
-0.3621337435
-0.5282394832
-0.5967768163
-0.4523294607
-0.5998097237
-0.3610216001
-0.4620646881
-0.5258706088
-0.5120676788
-0.3495323393
-0.3692335001
-0.3767997152
-0.5134120770
-0.5313101492
-0.4307548412
-0.5535804528
-0.3489621871
-0.2682564790
-0.4234887236
-0.4661539285
-0.5606168667
-0.3082748185
-0.5422694208
-0.4725520876
-0.3868264300
-0.4718168683
-0.3539071208
-0.5262219411
-0.4517883075
-0.5056711450
-0.5783399653
-0.4506989093
-0.3462372451
-0.4841274109
-0.4701808412
-0.2895284241
-0.3403466772
-0.2160280360
-0.4339175683
-0.4862705306
-0.4435255348
-0.3985083604
-0.4823887918
-0.4417869834
-0.4082693480
-0.2959028546
-0.4209583277
-0.4316187096
-0.4329753863
-0.3705504747
-0.5372406093
-0.2512081422
-0.3701560691
-0.3606246417
-0.2556458783
-0.4602279278
-0.3925978971
-0.3931506402
-0.4875785705
-0.3372950766
-0.1062156031
-0.3603310716
-0.3643121197
-0.3354811003
-0.3950285093
-0.4529788629
-0.4699380546
-0.2098872547
-0.3793677606
-0.3780698565
-0.3442371981
-0.3788505927
-0.3318722565
-0.3420539909
-0.2088825721
-0.3573190543
-0.5582357425
-0.2839395139
-0.5207256518
-0.3188955413
-0.4584296922
-0.4337089180
-0.3674609394
-0.4132530428
-0.4006305321
-0.2858524696
-0.2163620310
-0.3080688114
-0.4082493718
-0.2818100896
-0.3574218389
-0.2283280455
-0.2262912016
-0.4365861159
-0.4129449632
-0.4556946430
-0.2999224045
-0.4466074085
-0.2774052481
-0.3272538995
-0.1105436223
-0.3096357277
-0.2763268132
-0.2108961280
-0.2789370504
-0.4553434697
-0.2954001948
-0.1894007745
-0.3817381541
-0.2964578442
-0.4321042297
-0.2908677882
-0.2564163138
-0.1496541678
-0.4611382528
-0.2771132877
-0.1988856342
-0.3838992599
-0.3612772968
-0.2555597668
-0.2155482523
-0.2974890623
-0.3250315713
-0.1678943882
-0.1028028271
-0.4145744137
-0.1601463704
-0.3085613702
-0.2697481534
-0.1664930296
-0.2553864478
-0.1544484446
-0.2604343243
-0.1826786080
-0.3880467246
-0.1856303138
-0.3977814682
-0.2765785983
-0.4448194786
-0.2427088787
-0.2226171725
-0.0999314753
-0.1961357023
-0.3120446248
-0.2482634053
-0.2266614060
-0.1498748150
-0.0582205962
-0.2395976498
-0.2869314743
-0.2057015351
-0.1756178022
-0.1650039538
-0.1895499861
-0.2222016326
-0.2266228560
-0.1508260601
-0.2290323390
-0.2293335613
-0.1113553641
-0.1742290454
-0.2540780811
-0.1932509202
-0.2379206381
-0.1353813227
-0.2428641804
-0.0702744108
-0.1604160901
-0.1169029567
-0.1073118470
-0.2502875130
-0.1370249430
-0.0217551306
-0.0624399320
-0.2104897755
-0.0952545960
-0.1167174044
-0.1708977412
-0.1974253734
-0.1977665506
-0.1377146199
-0.2132050821
-0.0441928410
-0.0642590942
-0.0119051262
-0.0347340627
-0.1583291625
-0.0106699231
-0.0965959448
-0.0964703260
-0.0804547811
-0.0256306519
-0.1202986915
-0.1128615366
0.0301512646
-0.2404013020
-0.1279219349
-0.0756413304
-0.1340454821
-0.1547130462
-0.0842722885
-0.1568706280
-0.0105787781
-0.2584929265
-0.1517797224
-0.1182805464
-0.0364005798
-0.1473882908
-0.0945613082
-0.0348390190
-0.1651278056
-0.1402051623
-0.0818070279
-0.0925672866
-0.2184518666
-0.0636382996
-0.1808832108
-0.0831372751
-0.1171682016
-0.0627012118
0.0659527531
-0.1764761634
-0.0767690360
-0.0867195100
0.0338763386
-0.0184566361
-0.0479769252
-0.1628369789
-0.0298149991
-0.0305681421
-0.0707546931
0.0707230722
-0.0973098631
-0.0504485995
-0.0782036225
0.1054416129
-0.2935638554
-0.0561039653
-0.0862831056
-0.0944444864
-0.0365004457
-0.1372057330
-0.0328466781
0.0279563801
0.0337783106
0.0789417117
-0.0170217017
-0.1330189165
0.1373398836
-0.0101901279
0.0463943527
0.0462853965
-0.0354966584
0.0228936213
-0.0310604138
-0.0293396389
0.0856682222
-0.0375220694
-0.1657717585
0.1840811707
0.0194195080
0.1647419714
0.0667105522
0.0653573555
-0.0705600183
0.0469324436
-0.0101113051
-0.0155339643
0.0984951749
-0.0432707192
0.1353823945
0.0458829718
0.2335990837
0.2456097602
0.0773716203
0.1518722250
-0.0351308761
0.0451926757
-0.0317426988
-0.0462547510
0.1441727290
0.0206321407
0.0927195996
0.0092804308
-0.0376089867
0.0239344354
0.1051636862
-0.0518491070
0.0277114562
0.0632191637
0.1156354906
0.0391784167
0.0709903304
0.0906079288
0.1417052329
0.0045657076
0.0319064510
0.1095923454
-0.0048850812
0.0040629108
0.1697547652
0.1698300684
0.1846100762
0.0934610905
0.0029935340
0.0439654831
0.1539296576
0.1777785699
-0.0072777756
0.3827873113
-0.0339547407
0.1452406303
0.2534149681
0.0319621369
0.2594044603
0.2356757197
0.1037360356
0.1473232654
0.2526211680
0.1171128995
0.2197108270
0.1399796378
0.1479802186
0.0950263478
0.1341998109
0.2701512445
0.1530117859
0.2392740313
0.0484702219
0.1689301256
0.1093900973
0.1940681579
0.0887420292
0.2221486039
0.2275585723
0.1102181778
0.0507798281
0.1847250722
0.2823481132
0.1912456440
0.1345983213
0.2093690656
0.2905171383
0.0485928637
0.1238039184
0.2211689340
0.0933765783
0.1894148227
0.2834432525
0.2005648868
0.1688362398
0.2512951517
0.2243995472
0.1620960656
0.1322951568
0.0837995668
0.3728765197
0.1348937251
0.2058428707
0.2555563657
0.3587230098
0.3635215986
0.3978779854
0.1779511018
0.2198489263
0.0579328640
0.4203937635
0.1831350934
0.2191609933
0.2191822191
0.2271940729
0.2804681407
0.1885666593
0.2175774429
0.2251674372
0.2346817587
0.4340221948
0.1606825081
0.2450270898
0.1898561024
0.1855943595
0.2991435639
0.3462004048
0.2114996900
0.1493827853
0.3453324904
0.3436852527
0.1713878116
0.3383837125
0.2899849154
0.2223239317
0.3108881934
0.1491057154
0.3601585770
0.1550265634
0.1952038340
0.3499552211
0.3125628008
0.2666258338
0.2531505411
0.2756579788
0.4736312747
0.3448936945
0.4468338726
0.3067010573
0.2904266792
0.3226835810
0.2719877653
0.4050241604
0.3187097653
0.2139952391
0.2581482568
0.2006367680
0.4202745383
0.3821480575
0.2868158503
0.3182474480
0.4015366149
0.3424415281
0.2151393660
0.1628304700
0.1847581903
0.3533461981
0.4745019748
0.2846783668
0.3545012489
0.3494850685
0.3616437671
0.4360052513
0.4829403132
0.3803454334
0.3331362496
0.2406893943
0.4293822466
0.5140417594
0.4469379590
0.3432778991
0.4572685229
0.2757425464
0.3603603560
0.2487545399
0.2848884236
0.3565593922
0.3290033469
0.3751165431
0.2222121965
0.3766658322
0.3236465814
0.3973904875
0.3544131887
0.4240546806
0.4402655810
0.5262337304
0.4467625143
0.2725428395
0.3771273729
0.4059167171
0.5377697010
0.3939314112
0.4189341397
0.4553686668
0.4408300573
0.4734550482
0.4086870296
0.5779103463
0.4719453016
0.3494952818
0.2798566754
0.3859626018
0.3509427062
0.4724267575
0.4782138744
0.4819763102
0.4876646044
0.3315814887
0.4913307315
0.2616486248
0.3962410400
0.5566478748
0.5749918391
0.6093131114
0.3351299765
0.4530658090
0.3637194859
0.5374738667
0.3646802758
0.5368919909
0.3276764941
0.4645772701
0.3102584593
0.4068921357
0.4755330989
0.4653792674
0.3016014833
0.3627182828
0.4550477170
0.6137792986
0.5374671996
0.5815967654
0.5327740259
0.4525550694
0.6366570840
0.5301073609
0.4464053474
0.5075147932
0.3970120738
0.4575805749
0.5004518927
0.5284359069
0.5040796332
0.6881331592
0.4689613148
0.6063268672
0.5658587975
0.5149226256
0.4882271802
0.3510433000
0.4052635261
0.5651935388
0.4466589126
0.5108358611
0.3977470790
0.5620336291
0.4890997071
0.4914785636
0.6806968613
0.5040583207
0.4951611675
0.5528086843
0.6109148000
0.5315333830
0.6244473983
0.5443572485
0.6540128540
0.5254318464
0.5659917706
0.6329820646
0.5367401633
0.5603460014
0.5653473667
0.5671153769
0.4536602279
0.5432343704
0.5508976411
0.6193579807
0.5474344898
0.5686378713
0.6182991323
0.7250661786
0.6503323359
0.6596269226
0.6194677016
0.5467248822
0.6156736270
0.7197280077
0.6511575554
0.5653177049
0.7185395941
0.6289834801
0.6825666772
0.6333852918
0.6357845985
0.4915560558
0.6708423649
0.6824515316
0.8130970506
0.5136730913
0.6320785146
0.6932189054
0.7135152004
0.6424709045
0.5874168963
0.6682213024
0.7877099817
0.6274562979
0.6718022921
0.6677902352
0.5382313683
0.7235746567
0.6687807942
0.6754754953
0.6324584400
0.6254120747
0.6402101924
0.7540256423
0.6896851933
0.7829145030
0.7413954668
0.6089472465
0.6019500026
0.4869432099
0.7042488560
0.7338805261
0.8179626058
0.7364601323
0.6508569368
0.6387614087
0.7174807177
0.5715867165
0.5077619935
0.4673493809
0.7387181773
0.7089215928
0.6481202873
0.6276414676
0.4941055613
0.7315567488
0.8887283516
0.7064310530
0.7524157411
0.8004337710
0.7480182613
0.6839693507
0.8177545677
0.8357297450
0.7003915837
0.6136506004
0.7088936022
0.6827803206
0.7662620092
0.7177222036
0.7971564408
0.6874069779
0.6759355158
0.7042036088
0.6615906853
0.6465724170
0.8059017904
0.8121913960
0.6867240219
0.7181854012
0.6901803576
0.8042743008
0.6950643906
0.8068114240
0.7638585271
0.7066485320
0.6985120381
0.8472562955
0.7191815859
0.7728849893
0.8704034657
0.5807840743
0.8908756586
0.8329499023
0.8700525994
0.8444443328
0.7338818373
0.6942381328
0.8524226407
0.7503116032
0.7198677353
0.7195903379
0.7480355187
0.7624846439
0.6981939794
0.8558221406
0.8259006420
0.8226052568
0.7850682523
0.8463696342
0.9589287169
0.8674120813
0.8541666866
0.8945763896
0.9023919428
0.7293944077
0.9273249507
0.9243498822
0.7808082088
0.8598291374
0.8735040209
0.7658768544
1.0067085436
0.8750411277
0.7734062983
0.8576384022
0.7385042016
0.7549301085
0.8279198963
0.8048191850
0.7573052136
0.8634045736
0.8637070841
0.9075617925
0.8159245506
0.8613958114
0.9058051818
0.9070741020
0.9080675808
0.9833429283
0.8359210972
0.8784889614
0.8830220642
0.8199056154
0.9521375106
0.8314150209
1.0707812025
0.8478933307
0.8527730599
0.8474634888
0.9486597790
0.9110144389
0.8943960293
0.9452083325
0.8643470098
0.7969224967
0.8359117252
0.8550212110
0.6806243462
0.9330926542
1.1008420125
0.9802651277
0.9951655229
0.9268776877
0.8890217516
0.9538217083
0.9903488474
1.1394555227
0.7988866989
0.9359078303
1.0004661767
0.8985687391
0.8856229378
0.9206309944
0.9126820723
0.9009127319
0.9382912254
0.9177956893
0.7990559754
0.9724042214
1.0151092435
1.0545601211
0.9860550235
1.0005109390
0.8310681683
0.9828726517
0.9965803614
1.0581496833
1.0302762511
0.9159784208
0.8509265653
1.0813623572
1.1976193892
0.9567181453
0.8305091459
0.9266444172
0.9852389104
0.9454832478
1.0174087271
0.9673850738
