-1.1346421878
-1.0900232369
-1.0059862724
-0.9874444055
-0.9939533640
-1.0915629061
-1.0768958347
-0.8921134853
-1.0733665608
-0.9793662895
-0.9255693083
-0.8089249911
-0.8927968412
-1.0405030940
-1.0295369915
-0.9099524971
-0.9244555569
-0.8615788232
-1.0478810089
-0.9572670196
-0.9032222016
-0.9392770148
-1.0213894294
-0.7962748987
-0.9304577201
-0.8469258947
-1.0262807743
-0.9965975999
-0.9585014935
-0.9269385736
-0.9603942970
-0.8339058649
-0.9458656563
-1.1088112117
-0.7883070989
-0.8562329927
-0.9280399711
-1.1246043378
-0.8640786493
-0.8806894970
-0.6876141634
-0.8263507934
-0.8978683921
-0.9518304965
-0.7778394196
-0.8546748499
-0.9257057139
-0.8788971808
-0.9991587489
-0.9268423333
-0.9027421582
-1.0933622600
-0.8801137507
-0.8328927672
-0.8720032048
-0.8094820743
-0.9037146928
-0.9851041136
-0.8578307558
-0.9005498768
-0.9029604784
-0.8747649557
-1.0800709534
-0.9472879222
-0.8510007744
-0.8179583320
-0.7683113116
-0.7419206828
-0.8803557187
-0.9248430499
-0.8242605138
-0.9396827983
-0.8023065349
-0.9614498858
-0.8862149005
-0.9091477768
-0.7212930782
-0.7977940420
-0.8818353337
-0.9596560256
-0.7693412530
-0.9606999989
-1.0460122732
-0.8973485952
-0.8671147550
-0.7789963766
-0.7008061846
-0.8890846296
-0.8646186283
-0.7373367840
-0.8186065936
-0.8736662096
-0.7545682564
-0.8047765832
-0.7445481381
-0.7378287779
-0.8004754633
-0.8366927320
-0.6789405101
-0.8368086969
-0.6993635641
-0.7594898200
-0.7192301187
-0.7295923370
-0.7264673005
-0.8956324858
-0.7808722944
-0.7269220264
-0.7807338247
-0.7526824927
-0.9154311327
-0.6621770061
-0.7630211309
-0.7720934900
-0.6578473490
-0.8115719274
-0.7226914190
-0.6175200653
-0.8564610166
-0.7840320554
-0.7526175634
-0.8095191232
-0.9353441870
-0.7295769545
-0.8241857701
-0.8100078520
-0.6398145256
-0.7235163595
-0.8484813885
-0.7779119203
-0.8237275991
-0.8450559381
-0.7390256516
-0.7181775401
-0.6324802954
-0.7081767365
-0.7189989549
-0.8192682426
-0.5865379216
-0.7257008934
-0.7406046218
-0.7274812115
-0.7094020806
-0.7361593858
-0.6673683002
-0.8585794448
-0.5163121031
-0.6253214036
-0.7282541593
-0.8132970981
-0.7377412143
-0.6162308897
-0.6226174822
-0.6026358408
-0.6169940115
-0.5580281691
-0.6394933664
-0.8180898859
-0.5747817838
-0.7716101454
-0.6358030659
-0.8521831846
-0.7576961578
-0.8767979030
-0.7790274311
-0.5875000941
-0.7012719222
-0.7284273369
-0.6647506866
-0.6782909983
-0.6911564312
-0.5914251710
-0.4799802566
-0.5587939235
-0.6408588489
-0.6435772206
-0.6453329967
-0.8079252069
-0.5431078195
-0.5514022405
-0.7198038940
-0.6907155565
-0.7034419860
-0.5020528158
-0.6020994657
-0.6239933388
-0.6153973770
-0.5721808286
-0.7262145700
-0.6570431738
-0.5998658624
-0.6227741829
-0.6607521885
-0.6592031212
-0.6163939176
-0.6560720665
-0.6162105982
-0.7006124440
-0.7035144180
-0.6787175095
-0.6739150662
-0.6814389136
-0.6983830556
-0.4766365562
-0.3530878102
-0.5304723214
-0.6016920661
-0.6144315388
-0.5457671632
-0.6765551634
-0.5730341832
-0.4959105603
-0.5796314253
-0.6018426884
-0.6855605063
-0.3709449377
-0.5469955256
-0.4022514620
-0.6684793745
-0.5383960652
-0.4929342631
-0.6404750376
-0.4959980574
-0.5835619910
-0.5397139081
-0.5778189694
-0.5733741342
-0.4524934208
-0.5695478842
-0.5458845770
-0.5692315068
-0.3713564569
-0.6861882978
-0.5986133849
-0.6172120726
-0.5795808604
-0.4025681426
-0.4588201558
-0.6173229089
-0.6211435431
-0.5043227362
-0.5259706712
-0.5947030598
-0.5434768896
-0.5261461127
-0.5076080621
-0.4949713731
-0.4441706818
-0.5196250642
-0.5121509759
-0.6466926270
-0.5158359696
-0.5235945764
-0.5748023096
-0.5277707250
-0.5556012924
-0.6168309236
-0.4347035911
-0.6051291873
-0.4480059849
-0.3912534291
-0.4831199705
-0.5809616771
-0.5177555646
-0.4076454720
-0.6155762736
-0.5333147236
-0.5712709125
-0.4832177022
-0.4633032517
-0.5008848838
-0.4468634024
-0.4231748532
-0.4069672370
-0.5641128993
-0.3783344111
-0.4086551759
-0.4235832429
-0.4826680269
-0.3077320200
-0.5478714143
-0.4987466783
-0.3859344293
-0.3514364341
-0.3670312102
-0.6212902941
-0.4416696048
-0.5571155852
-0.5347981742
-0.3864357652
-0.4190239265
-0.3989033658
-0.3449192231
-0.4656542974
-0.3686264636
-0.5528956067
-0.4100300083
-0.2974638539
-0.3827873814
-0.3490098978
-0.4259844006
-0.4273315850
-0.3740059003
-0.3371700916
-0.4362206045
-0.4655699296
-0.4048733406
-0.3644301984
-0.5049138368
-0.2841000014
-0.4729417223
-0.3898786969
-0.5030627350
-0.4664608642
-0.3867805701
-0.3094231937
-0.3916051985
-0.2157443780
-0.4528107139
-0.4225297175
-0.2707504597
-0.2968054309
-0.3111629872
-0.3038805527
-0.3990548074
-0.2752278279
-0.5111045282
-0.4257068955
-0.3441917941
-0.2066259434
-0.2299556303
-0.3157144629
-0.3002279590
-0.4144314589
-0.4738193063
-0.1339280462
-0.2319351311
-0.4044057563
-0.2702924635
-0.3434128619
-0.3784394793
-0.4343388622
-0.4455715371
-0.3090247082
-0.2912685555
-0.3484423620
-0.4658867884
-0.3950070537
-0.3643645850
-0.1219973259
-0.1996873744
-0.3330589524
-0.1985112793
-0.4013165810
-0.2251712909
-0.3145770256
-0.3891959828
-0.1329848555
-0.2904387549
-0.2948048122
-0.3574281223
-0.2955927048
-0.3195656756
-0.3785278666
-0.3063428890
-0.3863209900
-0.2231773613
-0.3585504674
-0.3527753051
-0.3939755072
-0.2440342889
-0.3407461438
-0.2600150596
-0.2413577781
-0.2788128312
-0.2038386685
-0.2326724614
-0.2358251619
-0.2561865662
-0.2691362062
-0.2688091957
-0.1551547347
-0.2024766863
-0.2519877779
-0.2028663560
-0.0716879122
-0.2686877428
-0.3430049856
-0.2688570361
-0.2389303629
-0.2888088653
-0.2355581792
-0.1544973962
-0.1098862536
-0.4007759709
-0.2112290572
-0.2477543072
-0.0804555894
-0.0566369691
-0.1669027249
-0.3237531676
-0.3395619931
-0.1956868664
-0.3371530928
-0.2002441619
-0.2285391799
-0.1471067981
-0.2444638648
-0.0800974660
-0.1622775348
-0.2279311879
-0.0481459015
-0.1593977203
-0.1702215637
-0.1645279979
-0.2564235499
-0.1884571118
-0.0986954180
-0.1350988253
-0.2476582035
-0.2364616435
-0.1760034710
-0.1998948908
-0.2296540822
-0.1300330165
-0.1849000385
0.0058654241
-0.2924849922
-0.0619602743
-0.1665359508
-0.2094088212
0.0029262628
-0.0309400346
-0.0624843883
-0.0381147492
-0.0948362738
-0.1292055537
-0.1999590893
-0.2347344003
-0.0533346245
-0.1352816817
-0.2028502011
-0.0690795520
-0.1097142177
-0.0787575807
-0.1612173304
-0.0741003906
0.0149184987
-0.1513407888
-0.0767436245
-0.1383850973
0.0193656461
-0.0462573926
-0.0393328762
-0.0099341180
-0.0365918621
-0.0758213753
-0.0614608822
-0.0494227028
-0.0337213087
-0.0386118795
-0.0083368249
0.0018012302
-0.0256804014
-0.0254393096
0.0580104430
-0.1043595115
-0.1281326858
-0.1275567147
-0.1740148086
-0.0573175738
0.0009696633
-0.0116644393
-0.1321919400
0.1398466342
0.0169728625
0.0022741538
-0.0988743246
-0.0729333219
-0.2128568547
-0.0478749303
0.1105215890
-0.0127684675
0.0796884129
-0.1510592290
-0.0830200173
-0.0421758086
0.0200179456
-0.1283157958
-0.0595044307
-0.0387641204
-0.0092802578
-0.0501696991
0.0294557573
0.0280507221
0.0049989693
0.0809964698
-0.0327145214
-0.1008744952
-0.0848827889
0.0902936946
0.0420638772
-0.0635275429
-0.0177641731
-0.0811696594
0.0693078652
0.0049529783
-0.0383993648
0.0924410095
-0.0887283117
0.0008866714
-0.0498200594
0.0545915885
0.1348409092
-0.1137282868
0.1077098509
0.0421949352
-0.0045629763
0.0273348657
0.2248470742
0.0522373794
0.0271527940
0.1436734761
0.1005552057
0.0840528999
0.1813335150
0.1089277110
-0.0706698529
0.1372109571
0.2120131728
-0.0684428719
0.0294174399
0.1558376773
0.0808427130
0.2476452956
0.1199575773
0.0032603848
0.0280579171
-0.0109977738
0.0322089326
-0.1282810248
0.0897434255
0.0449067380
0.0164662798
-0.0141341624
0.0128590927
0.2503238916
-0.0385401200
0.1497276162
-0.1492488347
-0.0886824080
0.0165825687
0.0837640009
0.1371922528
-0.0108401235
0.1016807530
0.1916341707
0.1886156549
0.1341170930
0.1482928460
0.1047199099
0.1435768859
0.1537823777
0.1047381505
0.2198296242
0.1476945287
0.1336579581
0.2919062379
0.1663102750
0.1989012378
0.1275625050
0.0396964489
0.3203703739
0.1046240769
0.1419654790
0.1911934213
0.0933715498
0.1859912133
0.1967826093
0.1616465389
0.1926120401
0.0979148611
0.2141150728
0.2104662810
0.0491060422
0.0318905277
0.1845447702
0.1719261424
0.1036192401
0.2151958541
0.1596633537
0.1649981553
0.2153610514
0.2361310633
0.2479334067
0.1268383390
0.2833557712
0.1399656318
0.4177305497
0.1307616255
0.2877548869
0.2848141419
0.1736002528
0.2446838693
0.2344704014
0.1274127364
0.4303229154
0.3067157415
0.1916848670
0.3035565621
0.2071259209
0.2519247505
0.1753560223
0.2378369956
0.2798533424
0.3137496477
0.0369932603
0.2150268442
0.2216308623
0.1842864978
0.1962755355
0.2275569364
0.2553574254
0.2247807376
0.3172030196
0.4259496449
0.2397974005
0.2095229338
0.1143894862
0.2758817593
0.3463535153
0.2021510841
0.2091829891
0.2294702437
0.3318822845
0.3252451078
0.3948934558
0.4607672254
0.2407855633
0.3448269315
0.2893033761
0.3956862497
0.4130950063
0.2885449929
0.2406980976
0.3736748666
0.1377029116
0.2951821566
0.3348228996
0.3809744577
0.2929322681
0.1546338414
0.3061897938
0.2530626631
0.3102842124
0.1312722111
0.2850481874
0.2029603191
0.2610402423
0.1410543836
0.2400727050
0.2735265678
0.2670683678
0.4475435450
0.2565089165
0.3802556792
0.4359634322
0.3012205655
0.3826101179
0.3349738967
0.4639155930
0.3064484207
0.3851588524
0.3462200341
0.3112353551
0.3909510957
0.3328851955
0.4022315287
0.2849327008
0.4407250309
0.3521507750
0.3010460268
0.4248921667
0.3537500358
0.5377716120
0.4786349495
0.3345455491
0.2846075123
0.3308624842
0.3961778969
0.3534071366
0.4056558902
0.3821384333
0.4535487444
0.4194488655
0.2329202049
0.2023480949
0.3843244397
0.5364306571
0.4403794692
0.4749348663
0.3201957637
0.3592360150
0.4735939628
0.3603121712
0.3717211768
0.2174028587
0.4071836456
0.3531953754
0.4284486041
0.4616786222
0.3796074616
0.5573571822
0.4609642094
0.4828317744
0.3912187132
0.4934261087
0.2867674212
0.4606658499
0.4164796884
0.4536227544
0.5409572320
0.4437085109
0.4862023434
0.4030427928
0.3200623284
0.4370685007
0.4299048779
0.3605762346
0.5124723658
0.4290581024
0.6208477738
0.3968139495
0.5337224394
0.4139298642
0.4510141474
0.4084425888
0.4777869223
0.4912403642
0.4092941301
0.5697676006
0.3087978577
0.4569475956
0.4314438342
0.5003003634
0.4547060412
0.4405095425
0.4964455442
0.4793974511
0.4851342066
0.4427531593
0.5119057882
0.4187593820
0.4440653117
0.5060237318
0.3930715744
0.4066449498
0.4714920895
0.3731112001
0.6173646375
0.4497415667
0.6052540194
0.5188057721
0.5198673343
0.5677841651
0.4808475814
0.3939820210
0.6434245897
0.3917025826
0.4585382169
0.5057924758
0.5325166357
0.5403192454
0.5328986206
0.6445819515
0.4887291289
0.5063445228
0.6085325134
0.4452586981
0.5819479850
0.5857601621
0.6135149490
0.5022764872
0.4081427952
0.6710907042
0.5687574643
0.6089429905
0.6062018467
0.5389747559
0.6499424580
0.5044961804
0.6590222047
0.5988950481
0.5817117757
0.6890032992
0.4835043794
0.5365679983
0.4869294678
0.4854405034
0.7146655912
0.6134898800
0.6210229049
0.5878788223
0.6955914798
0.6027745561
0.5746291532
0.5970388388
0.6544970168
0.6354257772
0.5958826889
0.6714479415
0.7850898988
0.4704572346
0.6031565924
0.6942121524
0.7383510274
0.5287761620
0.7041289536
0.6076814575
0.5814719232
0.5781932724
0.6575354734
0.5948281360
0.7536282041
0.8895098202
0.5146935608
0.6231675366
0.5124824077
0.6955930966
0.7504020405
0.7266704197
0.6270633062
0.6830057105
0.6873397089
0.5949206422
0.7462251152
0.7081118344
0.6968914898
0.8238545364
0.7357680884
0.6351807840
0.6970723526
0.7659091416
0.6952368183
0.7218575564
0.6014572660
0.5895011887
0.6665073831
0.6635578268
0.8261431805
0.7601448956
0.8337551093
0.6913467020
0.6972393010
0.6194288262
0.5388976363
0.6497826934
0.7314638114
0.8124086907
0.7373569960
0.4901575187
0.6796915751
0.8470087358
0.6947868598
0.8099379696
0.7361851035
0.7492606060
0.8777905872
0.6196057058
0.6767336475
0.8202193692
0.6826769056
0.7396592126
0.6805672343
0.7515022744
0.6134386038
0.8017938580
0.7009749524
0.5564845048
0.6461899686
0.7201211073
0.7994099257
0.7173293891
0.7331121605
0.7542828632
0.7664985850
0.8788526001
0.7276393142
0.7912244504
0.8332714679
0.7134739162
0.7814988260
0.7920389419
0.8037860558
0.8768943950
0.8120198291
0.7133198720
0.7454255416
0.7520281472
0.6864465929
0.7916303568
0.7108095128
0.8304071240
0.8469626822
0.8068823101
0.7973262445
0.9460402802
0.8313510996
0.9881436433
0.8366341539
0.6318574695
0.7955106099
0.7860839595
0.8388696895
0.7984280693
0.8163542281
0.8493159955
0.8709262644
0.7251053923
0.8072583194
0.9582950001
0.8422375859
0.9702250095
0.8252846839
0.9095183218
0.9561525225
0.7335504371
0.7428427514
0.8289668919
0.9439922622
0.8572002472
0.9605471179
0.9733723943
0.8165792588
0.8140952001
0.7666704832
0.8517153940
1.0256500836
0.9790037055
1.0022742292
0.8383440314
0.8750900501
0.9835548888
0.9803923690
0.8159703720
0.9218765973
0.8536886556
0.8933582574
0.8675528885
0.8003016235
1.0011639443
0.8610641913
1.1826035168
0.9967519814
0.8139016294
0.9736432979
1.0633773860
1.0297116239
0.9288769454
0.9131366558
0.8641711313
0.9701107736
0.8775892979
0.8755664641
0.9786644741
0.8441042032
0.9140390103
0.8059583209
0.9642639674
0.9585541336
1.0890200150
0.9977558772
0.8729887154
0.9129064245
0.8209658569
0.9337614598
1.0923057812
0.9294446789
1.1108757310
1.0648588820
1.0598339713
1.0940528602
0.9936224761
0.9364943056
1.0093823285
0.9965740781
1.0387317841
0.9114323671
1.0987833460
0.9676505769
1.0269934065
1.0652445453
1.1360514000
1.0439718995
0.9586981608
1.0573350593
0.9185436219
1.0395569667
1.1159473377
1.1014184899
