-0.8954073377
-0.9976789614
-0.9809813615
-0.9544439790
-0.9713852995
-0.9512120118
-1.0401058430
-0.9119411184
-0.9657933029
-0.9855433527
-1.0566969535
-0.9987381647
-1.0761253974
-0.9957171401
-0.9534223832
-0.9509699174
-1.0252239915
-1.0388645392
-0.9019475211
-0.7475643631
-0.9997036119
-0.8787883451
-0.9096690306
-1.0180103414
-0.9233582332
-0.8897814364
-0.9839569307
-0.8131240735
-0.9811712115
-0.8979966183
-0.9720585232
-0.8646265212
-0.8082666761
-1.0579912404
-0.8463465584
-1.0325101040
-0.9251817596
-0.8131766845
-0.7768141065
-0.7890994205
-0.8705361469
-0.7713998843
-1.0363043806
-0.9162544161
-0.9179832407
-0.7085517295
-0.8606279150
-0.8748487924
-0.9568633940
-0.8079555414
-0.8106059889
-0.9297113016
-0.9507959216
-0.8407287763
-0.8848792791
-0.9844690517
-1.0297621515
-0.8235314474
-0.9688138072
-0.7596490291
-0.8581843258
-0.9745204639
-0.8525452976
-0.7960631150
-0.9380820212
-0.8938792372
-0.8480064007
-0.9470187405
-0.8976653841
-0.8247986361
-0.9289239057
-0.7749913580
-0.7140587703
-0.7533955583
-0.9664510877
-0.9439751811
-0.8070687010
-0.8642070356
-0.8661304118
-0.7887144046
-0.7900247018
-0.7525957044
-0.7952628720
-0.9768093230
-0.7305608200
-0.7303041923
-0.7967781553
-0.9500941850
-0.9453996107
-0.7932230960
-0.8108781013
-0.5056369207
-0.6772805771
-0.8719018737
-0.9259971534
-0.7713806074
-0.8026811785
-0.8116940970
-0.8245335154
-0.8376746898
-0.8537359102
-0.8180562557
-0.7735941584
-0.8583704919
-0.8556810712
-0.8068100984
-0.9007334743
-0.9977021875
-0.8926190275
-0.7350619254
-0.8240449397
-0.8466729887
-0.7568430021
-0.8158460717
-0.8481276182
-0.6777895787
-0.6979004402
-0.6107661560
-0.8241728521
-0.5970640315
-0.6167750802
-0.6997571258
-0.8171924300
-0.6658729117
-0.7486457432
-0.5683687735
-0.5967971214
-0.6108015401
-0.9177138409
-0.7059683391
-0.6951897904
-0.6644207829
-0.7138136615
-0.7424505061
-0.7192499991
-0.7883980127
-0.6159583871
-0.7099116935
-0.7379679033
-0.6556247333
-0.7901978982
-0.6901020467
-0.7027660168
-0.7900180830
-0.6321757302
-0.7909414965
-0.6956810786
-0.7304176055
-0.7844806075
-0.5028533867
-0.7059650492
-0.8083110341
-0.5918169775
-0.6480536378
-0.6670956399
-0.6600064040
-0.7187020010
-0.5912030703
-0.7176218159
-0.7937799801
-0.8261032980
-0.6054256950
-0.5252233780
-0.6772874166
-0.5832689305
-0.7322185504
-0.7189050055
-0.6926532033
-0.6309055985
-0.7931097917
-0.7307052880
-0.6716640458
-0.7121917200
-0.6289135849
-0.6126680267
-0.6749489472
-0.6339441037
-0.6323873514
-0.6518204980
-0.5886349116
-0.6229150223
-0.5266451714
-0.6934468899
-0.5757502041
-0.7044142155
-0.7231619843
-0.5159441062
-0.6333279286
-0.5897618695
-0.6917224633
-0.7020501934
-0.6952573300
-0.7111837797
-0.6933891454
-0.6695260362
-0.5721749662
-0.6417784070
-0.4610257661
-0.6157305403
-0.5855303123
-0.5187693092
-0.5640811306
-0.4950265212
-0.5425318551
-0.6066406381
-0.5555446603
-0.6841922236
-0.4862087294
-0.5495918144
-0.5450684567
-0.8218691579
-0.6506611455
-0.6288038359
-0.6234656850
-0.3890704721
-0.4512872317
-0.5547253970
-0.5368330087
-0.5518503795
-0.5993844016
-0.6124519426
-0.6327214315
-0.4947960623
-0.5475414353
-0.6138451820
-0.5112300504
-0.6609985290
-0.5068808907
-0.5691365674
-0.5359727169
-0.3338965270
-0.6056492889
-0.5962556825
-0.5914506770
-0.6173241684
-0.5290214005
-0.5088594161
-0.5023014277
-0.5779504406
-0.5372143604
-0.5410393388
-0.6065697521
-0.4570640209
-0.4998529691
-0.4894376551
-0.5535764349
-0.5464649823
-0.5168179667
-0.4718414461
-0.5355123204
-0.4500361872
-0.5396274865
-0.4465265812
-0.5017744233
-0.5554681787
-0.4877713297
-0.2997644090
-0.4452824367
-0.5885489278
-0.3986435431
-0.3425113999
-0.4635335348
-0.4565337052
-0.3830876551
-0.5361695339
-0.5820308935
-0.4991144492
-0.5211430162
-0.3796065126
-0.3979647202
-0.3818993989
-0.3804716504
-0.4354675414
-0.4397985732
-0.5426405293
-0.5097746621
-0.3752183725
-0.4450941873
-0.4288558314
-0.3584949224
-0.3329896055
-0.5304107038
-0.3461783626
-0.3444957866
-0.4873110379
-0.4131234275
-0.4198944063
-0.3862661124
-0.4690903910
-0.4166086892
-0.5128685689
-0.4863152992
-0.5256291043
-0.3784962433
-0.5501907905
-0.3275634131
-0.3349786164
-0.4553480321
-0.2945848843
-0.3857549571
-0.3868771729
-0.4290469546
-0.4209659714
-0.3287100094
-0.2662958652
-0.4405507430
-0.3625250804
-0.4420580429
-0.3654631721
-0.2962201736
-0.4772185204
-0.4015849990
-0.4866452094
-0.3359544603
-0.3539094430
-0.2929334291
-0.5354317566
-0.2771056820
-0.4048307996
-0.2460156480
-0.2941028065
-0.3340017603
-0.2725434077
-0.2944408196
-0.2770980080
-0.3841202922
-0.3984585893
-0.5213837076
-0.3614961544
-0.2914019936
-0.2724950323
-0.4231171684
-0.3605643656
-0.4213522315
-0.3415346270
-0.2179887378
-0.4146245205
-0.3386322666
-0.2619729567
-0.3449967069
-0.3510597137
-0.1785477088
-0.2163936164
-0.1134991334
-0.4587165671
-0.3714965942
-0.2834691374
-0.3214889587
-0.2945232307
-0.3189519555
-0.2982923992
-0.3554111937
-0.2237175740
-0.1982990748
-0.3775201969
-0.1814106023
-0.4599774447
-0.3344724108
-0.3767539926
-0.2795071443
-0.3182240265
-0.3157355744
-0.2311066176
-0.3819511617
-0.4706155658
-0.4535472089
-0.2582093261
-0.3404904144
-0.1126980696
-0.3020218442
-0.1896608901
-0.2209732339
-0.2120670766
-0.2251882195
-0.3037895866
-0.1872936128
-0.2409423096
-0.3292002204
-0.2101671270
-0.2120329513
-0.3527604218
-0.0916555972
-0.3212968730
-0.3895085918
-0.3009906843
-0.2631810687
-0.1443092675
-0.1287503035
-0.1386818207
0.0005932223
-0.3039492147
-0.3465490104
-0.1605108419
-0.2888006331
-0.1653007767
-0.2472011023
-0.1962944476
-0.2468659180
-0.2937073953
-0.3407873530
-0.2796457292
-0.1853728333
-0.0972784239
-0.1746844818
-0.1052938380
-0.1185199605
-0.2856460222
-0.0157598620
-0.1947363342
-0.1173108421
-0.1887752134
-0.1419734708
-0.0842773909
-0.0701490241
-0.2617868970
-0.2391896226
-0.1028278948
-0.3039549100
-0.1764673029
-0.2298184941
-0.2990199570
-0.2270373428
-0.0584346213
-0.1049102184
-0.0021069049
-0.1902477294
-0.2334769770
-0.0943156561
-0.0885648445
-0.0853941483
-0.1616625099
-0.1847094263
-0.0962891842
-0.0661156714
-0.0319205752
-0.1536299604
-0.0332816014
-0.0157073179
-0.2837252477
-0.0805711098
-0.0218109368
-0.1119131616
-0.1138916397
-0.0400597574
-0.0243836409
-0.1299817682
-0.0740777149
-0.0654375932
-0.1259155408
-0.0179009082
-0.0438795311
-0.1189522582
-0.1613840794
0.0071693471
-0.1205056640
-0.1217250429
-0.1368765058
0.0183808969
0.0195400634
-0.1297049203
-0.1037635425
-0.0677844869
-0.1243928431
-0.1619151600
-0.0834231106
-0.1466507931
0.0010610845
-0.0180945620
-0.0642156641
-0.1232919752
-0.1773618962
-0.1517234264
-0.1436888099
-0.1547888046
-0.1263004989
-0.0469161387
-0.0134397095
0.1055924547
-0.0383020158
0.0301116683
0.2305042099
-0.0104018443
0.0255621600
0.0705438190
0.0337429855
-0.1655091671
-0.1425550839
-0.1121105952
-0.0186342779
0.0680887442
-0.0894849681
0.0756334231
0.0186274066
0.0017717950
0.0648465380
-0.0170962836
-0.0231940551
-0.0062834285
-0.1594146844
-0.0884786037
-0.0737893036
0.0538106995
0.1366340581
-0.0173945130
-0.0933834652
0.0481627771
-0.0906766979
0.1154324236
-0.1533551944
0.0555777977
0.0248475722
0.1766574348
-0.0062138063
0.0413019530
0.0096356209
0.1048788464
-0.0148534768
-0.1429549897
0.1063339576
-0.1416906191
-0.0519301538
0.0035031932
0.1270171148
-0.2378638752
-0.1062000095
-0.0168030467
-0.1061995268
0.1051300723
-0.0666824183
0.0300802962
0.1143157172
-0.0517170031
-0.0118827287
-0.0826299085
0.0698518468
0.0930525877
0.0376076505
-0.0133194087
-0.0059884902
0.0962930430
0.0947419534
0.0976836505
0.0723410918
0.3122229702
-0.0884279527
0.2273385300
0.1547535628
0.1526605529
0.0210421081
0.0675362743
0.1595739589
0.0188704691
0.0871388129
-0.0306846233
0.1100799278
-0.0522352869
0.1383740444
0.1383475181
0.0981289242
0.1200407484
0.0784552460
0.1342095266
0.1498847158
0.1491403864
0.0930640946
0.1045855163
0.1467789665
0.0569298511
0.1679918158
0.1133919468
0.2868672794
0.0390482486
0.1959419632
0.1798992590
0.0096597644
0.1311521863
0.0573387402
0.1475115724
0.1967137583
0.2576087710
0.1243893351
0.1692268382
0.1699184951
0.2200918959
0.0816463799
0.1051500012
0.2730820425
0.1813441695
0.0838939058
0.1722623436
0.2160105193
0.3237897268
0.2758968255
0.1768224296
0.2607650040
0.0503207222
0.2413563014
0.2845454427
0.2662437120
0.1854016416
0.0200467462
0.2427232669
0.1800451379
0.3090188690
0.2660992600
0.1157955591
0.1701105203
0.2829505043
0.0941029761
0.2425554527
0.1445080622
0.1438668544
0.3200061287
0.2923196303
0.2556408125
0.1772091802
0.2513466933
0.0805952151
0.2741813218
0.3977565442
0.3795625910
0.1033856448
0.3874929654
0.2100994709
0.2809050477
0.1917185444
0.1795192292
0.1610457601
0.2282503090
0.2700217818
0.4054874721
0.2407945180
0.1358748886
0.2022267120
0.3062327644
0.2540082041
0.3333605107
0.2929573822
0.3677018136
0.2565859117
0.2621924986
0.1481133057
0.2722113536
0.1499076405
0.2698105292
0.4102684132
0.3755531060
0.1841207274
0.3553178783
0.4688738408
0.1964842918
0.2944709531
0.1350070357
0.2829159319
0.1864212327
0.2411639696
0.3456403697
0.2066208541
0.2921154610
0.2755431508
0.3101077322
0.4008696840
0.2789807657
0.2207759311
0.2684815627
0.3065482677
0.3311305306
0.3220188877
0.2173525199
0.3477828504
0.4367341210
0.2797233673
0.3641423890
0.3105145054
0.2309917883
0.3248669561
0.4422933008
0.2961574044
0.3416830021
0.4096774157
0.3897282161
0.3192402433
0.2481356683
0.3096294601
0.4173142560
0.3676169789
0.4552654307
0.4118315820
0.5105407785
0.4108836882
0.3289003053
0.4276050172
0.3163422212
0.4039853896
0.2306949816
0.4477542023
0.4110908042
0.3517044398
0.4777912274
0.3016653757
0.4309342620
0.3484645963
0.5074764701
0.4098196490
0.3086223740
0.5202958458
0.3974232880
0.3693170898
0.4312987024
0.4184766639
0.4364964892
0.3802853515
0.3613242001
0.4228814080
0.3581049335
0.2577350257
0.4437743394
0.4166234526
0.4381284708
0.4463000466
0.4896618869
0.4160938988
0.3996956042
0.5819586967
0.5102011308
0.4817358359
0.4754676000
0.5178780779
0.5395626487
0.3570872883
0.4684867621
0.5241597711
0.3498698861
0.5299270265
0.6107426058
0.5488505383
0.3047929919
0.3865903844
0.4924809563
0.5648901755
0.6376556338
0.5051365069
0.5333996367
0.4268824366
0.3909507816
0.5196313526
0.5579961954
0.4749775237
0.6358047149
0.5531371927
0.4070737216
0.6660938765
0.5381900912
0.5015732333
0.5484675286
0.4792346066
0.5333310109
0.6504174238
0.5560441331
0.4071396298
0.5345915360
0.5412023458
0.5316391707
0.5927241571
0.5395034184
0.7679681785
0.5146492347
0.5468621961
0.3817750151
0.5041531607
0.4748742832
0.5254839709
0.5681133797
0.6043037813
0.4060803826
0.6407756098
0.5741074578
0.4729474771
0.7134372225
0.5912009159
0.6238700185
0.7200280070
0.5235570678
0.5958924511
0.5843195823
0.4856642439
0.6195164111
0.6021987134
0.6574917875
0.6452700612
0.5110496704
0.4578684078
0.5578934322
0.4819486397
0.4609004605
0.6821651118
0.4259243517
0.5223893676
0.4544102685
0.5730981830
0.6301917484
0.5761652215
0.6365958852
0.6731505976
0.5091711212
0.5461941972
0.6890323466
0.5987564296
0.5458794861
0.5377610394
0.7418532961
0.5694719584
0.5558336938
0.6429904690
0.6422547108
0.4683118628
0.6175459137
0.6111086254
0.6617717457
0.7736537926
0.4440032419
0.6101287784
0.7254820617
0.7637738815
0.5732508006
0.5222800753
0.5801452939
0.8789613859
0.6394888069
0.6346423085
0.7549547744
0.5343858471
0.7372199945
0.7603686523
0.6345867481
0.6789977541
0.6617157394
0.5880596945
0.7248748102
0.7671210895
0.7405729983
0.6485914292
0.5838405930
0.6745276864
0.5637818214
0.7726145289
0.6864021203
0.7108511705
0.7642070441
0.8089402526
0.6720974293
0.7567762706
0.6508196623
0.5533131840
0.7313682107
0.6082187931
0.6946522508
0.6349167411
0.7354711459
0.8046546542
0.7451356614
0.6913102047
0.6396635842
0.6634355655
0.8385032776
0.7373870800
0.8561103386
0.9282943554
0.8139664861
0.7585085945
0.6609236807
0.7002393863
0.6288265543
0.7160676266
0.8672480205
0.8637144346
0.8158242149
0.6712629889
0.6515093956
0.8307130115
0.7788803669
0.7256558386
0.7554813319
0.7895465398
0.8060963469
0.7093672704
0.9147362232
0.7855015241
0.8309712867
0.7356017248
0.8322996483
0.9325147030
0.6855003038
0.7351936775
0.8221822765
0.7980699658
0.6737325064
0.7867557971
0.7852815533
0.8244415501
0.7092002162
0.6836714009
0.8170309056
0.7549247047
0.7944121662
0.9598807511
0.7744952421
0.8309891465
0.9256178306
0.7882095837
0.9286280193
0.7867921786
0.9280363910
1.0223784322
0.7946856394
0.7971031640
0.8109260565
0.9098612982
0.8816421997
0.8006735944
0.8217212949
0.7746407428
0.8963127664
0.8220167156
0.8607924466
0.9578485252
0.8893410890
0.7919317161
0.9407140234
0.8546086711
0.8095667989
0.7498028183
0.9735974395
0.7757289037
0.9070011264
0.8900976364
0.8449809736
0.9041197763
0.9561857091
0.9033147123
1.0167307209
0.8352666304
0.8193522672
0.9184202753
0.8009783689
0.8874064335
0.7437871370
0.9395724326
0.9783766948
0.8107681764
0.8275033290
0.9792353384
0.8857862514
0.9591176381
0.9094021585
0.8059438699
0.8420283975
0.8535046920
0.8312769839
0.9638695931
0.9340768662
1.0266354835
0.8912475695
0.8758690962
1.0202292386
1.0900980591
0.9811589490
0.9024436703
0.8691691264
1.0088317610
0.9185642127
0.9499509104
0.9015459916
0.8862701712
0.8946607769
0.8799433933
1.0066540513
1.0034634648
0.9143684082
1.0654285696
0.8542005921
0.9470870798
0.8923181854
1.0363432128
0.9420415469
0.9066199970
0.9992362846
0.9554305795
1.0171976909
0.9888180580
1.0802709825
1.1055403393
1.0336983564
0.9893418674
1.0298632775
0.9097293530
1.0762738357
1.0566457344
1.0264764418
1.1222120865
