-1.0060197984
-0.9799381805
-0.9973084857
-1.0390724658
-1.0124553211
-1.1343482522
-1.1333512695
-1.0061686913
-1.0430171931
-1.0207859642
-0.9204849608
-1.1061504821
-1.0533291160
-0.9542239897
-0.9443512559
-0.8683364794
-1.0759303234
-1.0274053703
-1.0031658879
-0.9283188912
-0.9919293270
-0.7769653304
-1.0583033127
-0.9096308204
-0.9306544711
-0.9110539086
-1.0529936820
-1.0017971949
-0.9873021740
-0.9875142408
-0.8958231714
-0.8944132454
-0.9732583548
-0.9125281813
-0.9775592143
-0.9449360436
-0.9530611926
-1.0995227074
-1.0551680623
-1.0103096900
-0.9188222847
-0.9176423043
-0.9172948695
-1.0448714929
-0.8489837171
-0.9360065136
-1.0218218675
-0.9307756715
-0.8297608826
-0.8077251547
-0.9498094011
-0.9058282071
-1.0313070783
-0.8887569587
-0.9149374405
-0.9434881318
-1.1483215602
-0.9294444672
-0.9002829742
-0.9134272085
-0.8503610635
-0.9186051442
-0.8246391010
-0.9046671829
-0.8759919459
-0.8435123759
-0.8826357431
-0.9197824463
-0.8643904247
-0.9083054279
-0.7669989832
-1.0712278948
-0.8686331402
-0.7944538226
-0.6883934044
-0.8657153472
-0.7168115082
-0.8080187592
-0.9214587323
-0.9544780417
-0.9638532820
-0.8932520807
-0.7450832754
-0.7941901707
-0.7664092671
-0.8353972161
-0.8085841922
-0.7253688405
-0.8313508671
-0.7266603902
-0.7932868734
-0.6882555579
-0.8119434773
-0.9675504264
-0.8549505305
-0.8512540547
-1.0425467789
-0.6838073573
-0.8272185918
-0.7106417390
-0.7858577756
-0.9208359077
-0.8268252619
-0.8640848676
-0.7959918418
-0.8186407747
-0.8158627327
-0.9053642620
-0.8340944538
-0.8982118967
-0.6880714252
-0.8406867385
-0.7753670677
-0.6721726730
-0.7222688580
-0.8502777829
-0.7912332896
-0.8493641732
-0.7307554371
-0.8231629823
-0.7537045904
-0.6746450081
-0.6988695113
-0.7668600790
-0.6829447654
-0.8123618886
-0.7429452987
-0.6993003366
-0.8269404957
-0.7158664347
-0.7088001593
-0.6173903727
-0.7247900227
-0.8736693813
-0.8545842222
-0.7085390177
-0.6721205653
-0.7573683276
-0.6590174233
-0.9270192913
-0.7861245392
-0.7336225966
-0.7777300622
-0.6076259258
-0.6192658174
-0.8067686283
-0.7024384750
-0.6454505193
-0.6837248381
-0.6112894536
-0.5690963242
-0.8514439594
-0.8663822957
-0.6738006601
-0.8496774702
-0.6954376296
-0.6594492867
-0.6515778071
-0.7283199887
-0.7910565702
-0.7774606404
-0.7693819149
-0.7663193633
-0.6736375535
-0.7175717430
-0.4821588845
-0.6966011270
-0.5123004751
-0.5717416303
-0.6848658437
-0.6719084145
-0.7244115549
-0.6262165195
-0.8349322714
-0.5786482997
-0.7580649379
-0.6721055164
-0.8938871667
-0.6993864461
-0.6660456612
-0.6257564522
-0.5764572317
-0.4901884554
-0.6256219105
-0.4678779921
-0.7273236027
-0.6398788235
-0.7207477289
-0.5196829500
-0.8582085749
-0.5922180442
-0.6678148838
-0.6932080782
-0.6332948084
-0.5917724515
-0.6293430115
-0.8032365816
-0.6387025987
-0.6585328602
-0.7119051081
-0.5329676983
-0.6397340017
-0.6394083470
-0.7033162872
-0.5779851614
-0.6550781134
-0.5534454672
-0.5009594261
-0.4496070864
-0.7181616392
-0.5859588954
-0.5175266346
-0.6499516064
-0.5663804569
-0.4631715102
-0.6482801921
-0.6119310012
-0.7093390526
-0.4983478544
-0.6185758937
-0.5836383371
-0.6079361233
-0.4266822001
-0.5318297392
-0.4442816681
-0.4957937695
-0.4708244536
-0.5726638236
-0.5902413849
-0.4885811375
-0.4188206163
-0.5723214307
-0.6134360352
-0.6275731055
-0.4944709186
-0.5646891194
-0.6392711670
-0.5510351525
-0.5770083399
-0.6250148422
-0.6008114481
-0.4790020770
-0.5774830043
-0.5280887687
-0.6565285241
-0.5265826410
-0.5630689514
-0.3989492944
-0.5049446975
-0.6296471806
-0.6334004118
-0.5749671103
-0.4844241092
-0.5681678501
-0.4476743878
-0.5015060114
-0.5661216981
-0.3918451684
-0.4103232155
-0.5936276740
-0.3731475830
-0.4415831882
-0.4682345244
-0.4497922502
-0.3636572708
-0.4689249993
-0.4689099310
-0.2954392889
-0.3034109642
-0.3544069823
-0.4472332475
-0.4609723520
-0.4211618446
-0.4795764224
-0.3811970482
-0.4898137002
-0.4282868163
-0.4074206327
-0.4254324594
-0.4243960682
-0.4322892650
-0.3293585515
-0.4295930141
-0.4805047669
-0.4039465642
-0.2859774523
-0.4029210469
-0.5237599419
-0.5378912180
-0.3621175082
-0.4377200207
-0.4203279822
-0.3288487110
-0.4853482217
-0.4220182217
-0.3626003542
-0.4630673255
-0.4843397254
-0.4147443833
-0.3950822568
-0.3901010696
-0.5306737003
-0.4042558611
-0.2737093858
-0.5097131888
-0.3499031352
-0.3526375685
-0.4029344894
-0.4421303347
-0.4710101785
-0.3194502027
-0.4266701312
-0.3759451321
-0.4140844239
-0.4379998598
-0.3413714659
-0.5268498487
-0.4137736878
-0.1538175606
-0.3760083314
-0.2226230772
-0.3930232175
-0.3911173732
-0.2968348663
-0.5196976212
-0.3091863815
-0.4405661557
-0.3503861360
-0.2516507431
-0.4759555100
-0.3508114547
-0.2371222005
-0.2142398744
-0.3772407982
-0.4152770684
-0.3568653544
-0.3377331311
-0.3498953997
-0.2015013844
-0.4081695789
-0.3330218443
-0.2095000564
-0.3148104067
-0.3350820663
-0.6052671905
-0.4009235836
-0.3526263981
-0.2825559639
-0.1707544802
-0.2494515124
-0.1211373440
-0.3522128476
-0.3750899631
-0.3195741223
-0.4055461077
-0.3888230648
-0.1719866869
-0.2938686457
-0.3970729042
-0.1685559574
-0.2777047192
-0.3605103974
-0.4061308481
-0.1329288586
-0.2330316851
-0.2514365231
-0.3132751789
-0.2709805297
-0.2127904275
-0.2727829616
-0.2849408836
-0.1736444831
-0.3030289913
-0.1684421529
-0.2160462180
-0.2979059564
-0.2381128460
-0.3278349789
-0.2175690119
-0.2847926663
-0.2476826851
-0.3054578832
-0.3424342758
-0.3044227961
-0.2314611505
-0.2096176289
-0.2072953109
-0.1812968953
-0.1773508276
-0.1428046088
-0.3024242877
-0.2152192711
-0.1321434675
-0.2084519179
-0.1803769429
-0.3209198858
-0.2121232456
-0.2414064656
-0.3337751634
-0.2843923512
-0.3261154737
-0.2836225619
-0.2778410851
-0.2469354339
-0.2804267948
-0.2188249893
-0.2423980455
-0.3313220555
-0.2301001379
-0.1950761189
-0.0293715472
-0.3280111519
-0.0974606265
-0.2777498163
-0.0598933408
-0.1006033655
-0.0280954748
-0.1454593564
0.0655718244
-0.2123785168
-0.1290136041
-0.1861074929
-0.0563265750
-0.1852031924
-0.1622651238
-0.1468262328
-0.0322125615
-0.1065566787
-0.0959829435
-0.2205212642
-0.0709773594
-0.2404858916
-0.0989156170
-0.1500900157
-0.2205190069
-0.1347901832
-0.1176469802
-0.0581361079
-0.1170132562
-0.2679365635
-0.1317858133
-0.0441969551
-0.1876793833
-0.0567089100
-0.1293404792
-0.3300646530
-0.1236086572
-0.1370756065
-0.1264538343
-0.0514337022
-0.2286752531
-0.0539579257
0.0102383569
-0.2125343255
-0.1006272107
-0.1422996667
-0.0412649538
0.0642279506
-0.0680589442
-0.0896954648
-0.1094984706
-0.1119384339
-0.1540786805
0.0022016334
-0.0112012521
-0.1145285617
-0.2234867148
-0.0101472108
-0.2549279723
0.0021724333
-0.0360175058
-0.0882336003
-0.0138998645
0.0284213137
-0.2258345016
-0.1367121609
-0.0121966924
0.0254264167
0.0644555063
-0.1453093238
0.0874081710
-0.0734607915
-0.0039733417
-0.0560941353
0.0769668910
-0.0073480399
0.0137594195
-0.0865643094
0.0905476255
-0.0179615795
-0.0910783062
0.1157441744
0.0883733010
-0.0114046538
-0.1089441725
-0.0289375058
-0.0427804219
0.0228219436
0.0335359624
-0.0506928136
0.0334603798
0.1096252033
-0.0087470816
0.1166086260
-0.0453035049
0.0006525440
-0.1287875133
-0.0977523335
-0.0393788864
0.0196440315
-0.0783370062
-0.0009228273
0.0467825103
0.1732480912
0.0757120684
0.1562138892
0.0194658155
-0.0004602401
-0.0449475527
0.0625384304
0.0082918528
0.1071883692
0.2170125501
0.1404688242
-0.0506694684
-0.0552254401
-0.0145863428
-0.0704184749
-0.1077924912
-0.1324432357
0.1051290057
0.1337691036
-0.0181664059
0.1152954138
0.0809984554
0.0715525239
0.2033301116
0.1289861034
0.0444239605
0.0668665052
-0.0419720558
0.1592088450
-0.0283384620
-0.0056551840
0.0360965397
0.0914354360
0.1530201947
0.1860570720
0.1109513966
0.0755304545
0.0106498537
0.0144425899
0.0789207844
0.0013233058
0.0618616096
0.0770500020
0.2251643060
0.1810312200
0.1446867423
0.3542458941
0.1575382007
0.1198276273
0.2142685485
0.0582231676
0.0001587150
0.1773412972
0.2326150845
0.0774310250
0.2204979381
0.1798228251
0.1058264848
0.1518053050
0.0313385527
0.2017503629
0.0985055956
0.2449002660
0.1349213608
0.2331709269
0.0480123471
0.2486683951
0.2085776832
-0.0489613010
0.1315560921
0.0019733190
0.1550496779
0.1404201271
0.2080233864
0.3622981613
0.1108782419
0.0768690623
0.1633136828
0.0395197807
0.1197849350
0.1975139902
0.2342637419
0.3164186382
0.1603931218
0.1372704925
0.3000999115
0.2008817862
0.1413286410
0.1316164471
0.2491023179
0.2803712865
0.4151968272
0.2291122856
0.2972843599
0.3393515848
0.0613102493
0.2067436577
0.1700573236
0.2763435699
0.2380583057
0.1430706224
0.0793488040
0.1071361388
0.1434893560
0.2518827185
0.2624787115
0.2873705058
0.1655542526
0.2040212960
0.2758350431
0.2803369736
0.0906176504
0.2436617978
0.2073446159
0.2019805366
0.1419414678
0.2263118859
0.1283753438
0.1098390470
0.3438032795
0.3397808243
0.2115463211
0.3467579671
0.2694239455
0.1718716910
0.2085182409
0.2927900884
0.3797461732
0.3132766409
0.5060394602
0.2744662709
0.3458004263
0.3683411021
0.2461247650
0.3803016205
0.3266880407
0.3970068498
0.4727200124
0.3273165565
0.1773984045
0.3557729911
0.3194559410
0.4345520518
0.3150438227
0.2484746972
0.4637342456
0.3223524962
0.4188343515
0.3714407586
0.3056413381
0.4754746326
0.3308343814
0.4133654653
0.3205666566
0.1723757688
0.3094983968
0.2962800454
0.3930001746
0.1513982091
0.4523718547
0.1526215584
0.4198677727
0.2920598528
0.2864325476
0.4765929475
0.3192886577
0.2077524974
0.3529878071
0.4209563244
0.4408914651
0.3679022637
0.4266389175
0.4481104204
0.3309918967
0.4045761126
0.3154488425
0.3847714425
0.3825736920
0.2955266168
0.4171020010
0.3971225811
0.2659527327
0.3717343134
0.3740445312
0.3756689791
0.4447666047
0.3340679839
0.3941743883
0.4076660237
0.4790658980
0.4527181857
0.4252355138
0.4819962450
0.4910648935
0.4840616279
0.3048476318
0.5270819122
0.5460298800
0.4812580193
0.4191874156
0.3485376203
0.4358140725
0.5120624568
0.3486784635
0.4079401390
0.4488493657
0.5708137835
0.5808379573
0.4236762840
0.3965642116
0.3675587280
0.4766508810
0.4773573961
0.5184486872
0.5116667576
0.5443180549
0.5532058825
0.4259549534
0.4403370110
0.5019915625
0.3926390154
0.4785388132
0.5221257728
0.5378281182
0.4872257509
0.3158772671
0.3575500405
0.6146293903
0.4340626284
0.5576051102
0.6096620411
0.3174540763
0.3601648724
0.5257486851
0.6899646458
0.4818904753
0.4829871225
0.3864543628
0.5541708996
0.5136868793
0.4581429885
0.4501876765
0.5399808545
0.2927857451
0.4339935031
0.5595754906
0.7474712955
0.5728277039
0.4592163847
0.5342235459
0.5177434093
0.6650291386
0.5866715255
0.4516146276
0.4281538460
0.5623789118
0.5459202600
0.5315527046
0.6110537161
0.5417233007
0.5777436405
0.7223672319
0.5797355512
0.5760790683
0.6055487467
0.5452659401
0.4161959946
0.5673825701
0.7088966607
0.6430948086
0.4979608080
0.5728500328
0.5081394538
0.5326292062
0.7355640171
0.5895791915
0.5970491435
0.7050140500
0.5482000197
0.4279535099
0.6457350070
0.6221398645
0.5721332594
0.5222687412
0.8401520375
0.7307276002
0.7282589296
0.6698055347
0.5807285706
0.7175836726
0.5481708927
0.6496312832
0.6093508233
0.6591116224
0.5575251144
0.6416321346
0.5727804694
0.6565395269
0.6093458868
0.6187883806
0.6663215673
0.6743176208
0.6706815056
0.7336064696
0.5163249656
0.5767242670
0.5948237935
0.6507071411
0.6316804215
0.6273933241
0.5993101832
0.6959892855
0.5893847967
0.6511531345
0.7484023938
0.5636546405
0.5909044661
0.7039359467
0.6078165730
0.5748922282
0.6390349987
0.5155533618
0.5240192714
0.6995842444
0.6569342468
0.8947426145
0.5808709243
0.5686605805
0.5814761219
0.6436675830
0.6362637316
0.6200472035
0.6853783628
0.6803016370
0.6770553714
0.6883116001
0.6070870103
0.7334987090
0.8718533314
0.7150922191
0.6428013088
0.7872870898
0.8486322524
0.7493386198
0.7262173031
0.8217418460
0.7185173484
0.7156808682
0.7843882407
0.7432425666
0.6499729798
0.8208668794
0.7845355993
0.7898339396
0.7376316035
0.6315877303
0.6550125929
0.5503916353
0.7747127459
0.6917049500
0.7675751965
0.8595512582
0.8706871923
0.8320059146
0.6108729381
0.7297124545
0.8568705068
0.8530504492
0.8080259457
0.7036569636
0.7475396319
0.8065480324
0.8680393253
0.6257902044
0.8001313672
0.8166068007
0.7639093048
0.7766142619
0.7071491195
0.7799525469
0.6973378917
0.7763059463
0.8704356881
0.7783310480
0.7179738982
0.8521559434
0.7941448159
0.8704879981
0.7536869771
0.9401667811
0.8651110625
0.8512598634
0.7397005738
0.7305926449
0.8221919404
0.8624091490
0.8621858704
0.6806155157
0.7353658389
0.7336324139
0.8090766429
0.6914011800
0.8143186580
0.8399313516
1.0088753856
0.8550519698
0.8116948592
0.8080972296
0.9779596029
0.8365800315
0.9056709411
0.8775483349
1.0322391620
0.6590772204
0.9232106399
0.8194876035
0.8008997265
0.9161359670
0.7952847095
0.8460068105
0.7857224941
0.9296281987
0.9777719671
0.8502075394
0.7974115423
0.8360061151
0.9757311347
0.9181800027
0.8643083442
1.0033947182
0.9084788718
0.8891804713
0.9311600031
0.7707976086
0.7799633988
0.8751824893
0.7894840100
0.7658579005
0.8212528540
0.6826012915
0.8981083864
0.9734332989
0.9725489256
0.9494121507
0.8687588934
0.9634383375
1.0615084517
0.9002688488
1.0280754731
0.9230507623
0.9268168194
0.9241521948
0.7110130050
0.9082661015
1.1036863804
0.7764134285
0.9571643567
1.0042959709
0.7888962709
0.9767084434
0.9346809006
1.0128400113
0.9670661430
0.9640758440
0.8942947064
0.9892230670
0.9560901620
1.0540468993
0.9318159022
1.0147281614
1.0212501784
0.9592827085
0.9138679078
0.8502203515
0.8700325722
0.8137801405
0.9466833485
1.0507331160
0.9079550596
0.9291084264
0.9932526530
0.9458147937
0.9325645566
1.0215764407
1.1010788483
1.0221450747
0.9701203054
