-0.9881308121
-0.9731073341
-1.0010768458
-1.0464507705
-0.9996386597
-1.1275883907
-1.1088898040
-0.9929560892
-1.0276444105
-1.0326709081
-0.9425257268
-1.1131437512
-1.0595158289
-0.9676517775
-0.9389017041
-0.8901307644
-1.0710448040
-1.0368714585
-0.9995123850
-0.9471248559
-0.9767932028
-0.7870374812
-1.0709020280
-0.8994268400
-0.9098881061
-0.9203212295
-1.0322482043
-0.9902740086
-0.9743365136
-1.0027381700
-0.8855489770
-0.8771613574
-0.9674255914
-0.9342742179
-0.9854008835
-0.9175094300
-0.9579234997
-1.1083047719
-1.0637911448
-0.9950999233
-0.9097022211
-0.8972584784
-0.9176746178
-1.0578969404
-0.8302879986
-0.9379089758
-1.0234960138
-0.9233705678
-0.8208044727
-0.8273054416
-0.9388663949
-0.8936803410
-0.9908016337
-0.8698437640
-0.8938112536
-0.9256477735
-1.1531794048
-0.9333198184
-0.8836878816
-0.8893409747
-0.8632837447
-0.9236821927
-0.8388862735
-0.8990939357
-0.8900751975
-0.8360160800
-0.8769603290
-0.8958610761
-0.8624783761
-0.9195470391
-0.7476854704
-1.0574232231
-0.8760000132
-0.8014883825
-0.6949262176
-0.8713981634
-0.7170410125
-0.8208437690
-0.9089851693
-0.9424982328
-0.9479615622
-0.8883463467
-0.7252567846
-0.8009827277
-0.7627055416
-0.8428815923
-0.8070680983
-0.7203350016
-0.8363843249
-0.7278424098
-0.7998067962
-0.6738652816
-0.8331484139
-0.9852099804
-0.8572245063
-0.8474666353
-1.0299249063
-0.6872238456
-0.8308772568
-0.7165429298
-0.7710673575
-0.9203879114
-0.8038669151
-0.8444436426
-0.7989871773
-0.8087397918
-0.8087995502
-0.9115614301
-0.8652566116
-0.9244533101
-0.6890530876
-0.8620792403
-0.7895322419
-0.6538680954
-0.6963110017
-0.8593561740
-0.7908908523
-0.8671254134
-0.7337759419
-0.8222121002
-0.7565112732
-0.6552526123
-0.6826332954
-0.7697689055
-0.6886862041
-0.8337145201
-0.7439354055
-0.6974806067
-0.8252297100
-0.7158236768
-0.7007480011
-0.6054624664
-0.7212333491
-0.8804159764
-0.8641837694
-0.7004358776
-0.6861529541
-0.7409945950
-0.6423153931
-0.9199757230
-0.7869142083
-0.7342992937
-0.7781251843
-0.5931868154
-0.6051704818
-0.8117956082
-0.6995196312
-0.6462868072
-0.6826823491
-0.6274084520
-0.5667662349
-0.8575446348
-0.8849227931
-0.6734097710
-0.8417830258
-0.6933752626
-0.6480849753
-0.6349935809
-0.7320359719
-0.7944218154
-0.7725368421
-0.7867328770
-0.7673874294
-0.6788542792
-0.7328219172
-0.4722647491
-0.6697738110
-0.5291927721
-0.5683193443
-0.6679051163
-0.7017267830
-0.7308764267
-0.6216548314
-0.8326756602
-0.5922565136
-0.7683235261
-0.6610946069
-0.9080782397
-0.6981914568
-0.6583894806
-0.6264474682
-0.5627537583
-0.4995235241
-0.6323183658
-0.4666383890
-0.7152700024
-0.6280673164
-0.7260020535
-0.5352426488
-0.8621818781
-0.6102812730
-0.6619496382
-0.6893320911
-0.5959180546
-0.5987459365
-0.6453591396
-0.7720216355
-0.6129801383
-0.6489835689
-0.6909542953
-0.5236362138
-0.6433662901
-0.6481391869
-0.7160441633
-0.5849369117
-0.6541206339
-0.5458925170
-0.5057800081
-0.4507120338
-0.7237235068
-0.5825062011
-0.5210741733
-0.6662128993
-0.5563044123
-0.4669960471
-0.6668985493
-0.6136033815
-0.7099843386
-0.4928104321
-0.6167421210
-0.5827218976
-0.6306360286
-0.4426096811
-0.5468443942
-0.4409439237
-0.5058617601
-0.4758488599
-0.5558551188
-0.5869023287
-0.4779499082
-0.4538771625
-0.5801659386
-0.6216861213
-0.6266838766
-0.4845609529
-0.5487921313
-0.6475051266
-0.5524421689
-0.5633642668
-0.6300667028
-0.5837466148
-0.4729017597
-0.5905457529
-0.5188943706
-0.6445913771
-0.5404842608
-0.5618348103
-0.3920248582
-0.4924791283
-0.6375528432
-0.6319726881
-0.5543167234
-0.4875067162
-0.5679703519
-0.4451404995
-0.5347300315
-0.5699098512
-0.3901441923
-0.3942255643
-0.6015745223
-0.3520382862
-0.4517375026
-0.4946146776
-0.4437024760
-0.3625220427
-0.4839518307
-0.5104945262
-0.3106082479
-0.3075267385
-0.3575288585
-0.4902743703
-0.4364845493
-0.3860533236
-0.4999042687
-0.3852310289
-0.4774064786
-0.4277879936
-0.4117519681
-0.4110763492
-0.4505928323
-0.4455225207
-0.3368080688
-0.4211443929
-0.4566628013
-0.3976960717
-0.3070504612
-0.4019718874
-0.5406571572
-0.5194912699
-0.3509869912
-0.4200981024
-0.4110973422
-0.3261794388
-0.4795572085
-0.4332664262
-0.3764935418
-0.4416931484
-0.5055030657
-0.4270550541
-0.4002308071
-0.3928046299
-0.5359562120
-0.3901243389
-0.2565342616
-0.5073053084
-0.3360518056
-0.3543945011
-0.3854075554
-0.4399496207
-0.4394893827
-0.3045762304
-0.4230625044
-0.3800137711
-0.3961275380
-0.4401576356
-0.3569732003
-0.4989063966
-0.4111001457
-0.1696102500
-0.3655950990
-0.2210680314
-0.3922193764
-0.4079485697
-0.2988237647
-0.5075154019
-0.3022895808
-0.4260496670
-0.3248353906
-0.2724746403
-0.4878636674
-0.3351358418
-0.2479318144
-0.2181424995
-0.3633392632
-0.4398147928
-0.3578515941
-0.3094754648
-0.3324017872
-0.1753465787
-0.4226405139
-0.3277227337
-0.1941173993
-0.3041233235
-0.3346608698
-0.5989843176
-0.4102361142
-0.3501027495
-0.2968864731
-0.1611229633
-0.2594759106
-0.1159672678
-0.3533195601
-0.3509977221
-0.3025841740
-0.3881019079
-0.3884194687
-0.1915235586
-0.2597859465
-0.3733680765
-0.1588703311
-0.2639077537
-0.3360459896
-0.3856363678
-0.1084454453
-0.2276059778
-0.2479820183
-0.3020155456
-0.2875879059
-0.2192391558
-0.2558198417
-0.2980363680
-0.1874792056
-0.3000520528
-0.1816270640
-0.2246301960
-0.2726613980
-0.2355039097
-0.3442713673
-0.2405254559
-0.2873099082
-0.2625909098
-0.2967835857
-0.3450899864
-0.3167466012
-0.2251878431
-0.2184501339
-0.2177325126
-0.1632903618
-0.1793883706
-0.1546201775
-0.3051773650
-0.2332835755
-0.1517919975
-0.1919505285
-0.2031619466
-0.3188445211
-0.2110606258
-0.2180442477
-0.3561817995
-0.2597052850
-0.3015109504
-0.2842427786
-0.2710420165
-0.2471564875
-0.2673384666
-0.1891596164
-0.2409808934
-0.3101481250
-0.2398839598
-0.1835025715
-0.0738638226
-0.2984104942
-0.0929557286
-0.2537978817
-0.0487442259
-0.1079170180
-0.0258238301
-0.1555176640
0.0691904718
-0.2333736765
-0.1160785082
-0.2226523816
-0.0723276022
-0.1751687539
-0.1735909740
-0.1553500474
-0.0235444347
-0.1058196315
-0.0814287092
-0.2083023169
-0.0417150876
-0.2633372079
-0.1197784862
-0.1350970785
-0.2138525055
-0.1157360306
-0.1284514117
-0.0693837277
-0.1229349878
-0.2419871301
-0.1469990743
-0.0382831097
-0.1905579892
-0.0639123929
-0.1083292708
-0.3032061931
-0.1412041385
-0.1383190783
-0.1353191047
-0.0445999097
-0.2275226906
-0.0696791789
0.0170100295
-0.2123286805
-0.0877914041
-0.1196630420
-0.0184644570
0.0724094008
-0.0648123983
-0.0861679668
-0.1184799274
-0.1178386388
-0.1553846834
-0.0340236853
-0.0397555811
-0.1314511152
-0.2375299648
-0.0193048032
-0.2427804893
-0.0039813240
-0.0365505964
-0.1180364527
-0.0084484576
0.0134671909
-0.2184827420
-0.1372555347
-0.0336806310
0.0263107636
0.0651937947
-0.1306458530
0.0736908667
-0.0769239924
-0.0252579789
-0.0423486495
0.0724917333
-0.0281644224
-0.0075737314
-0.0869779970
0.0726220440
0.0250840920
-0.1292562526
0.0954569543
0.0943605731
-0.0176296764
-0.1086611757
-0.0309033179
-0.0410664982
0.0201115055
0.0192244972
-0.0538843894
0.0349177322
0.1215579991
0.0170511091
0.1183659810
-0.0405725075
0.0001035403
-0.1278781376
-0.0868957873
-0.0141851306
0.0116635077
-0.0698965630
-0.0031054852
0.0508490212
0.1761012123
0.0746274416
0.1629218599
0.0401770826
-0.0039773126
-0.0645263951
0.0477829766
0.0067667727
0.1199437118
0.2164570147
0.1504304517
-0.0515681025
-0.0480957610
-0.0262367807
-0.0696750292
-0.1113704182
-0.1178777707
0.1351356635
0.1495028253
-0.0343892518
0.1167338486
0.1029134941
0.0942728506
0.2340570156
0.1275307122
0.0512994349
0.0633903051
-0.0306278595
0.1698795781
-0.0245547089
-0.0321363760
0.0177218273
0.0919745552
0.1635016440
0.1681065647
0.1123421432
0.0835484347
0.0087559830
0.0228550802
0.0809060040
0.0098412748
0.0696478309
0.1045556208
0.2423758236
0.1609380578
0.1686458653
0.3566680976
0.1783744530
0.1246191105
0.2090336444
0.0621672823
0.0026002623
0.1975983953
0.2265238537
0.0915933548
0.2457402628
0.1860712579
0.1090051683
0.1508282094
0.0318021678
0.2371881463
0.0853413385
0.2373296914
0.1605620104
0.2250122800
0.0530651447
0.2640170430
0.2100364898
-0.0756575307
0.1184412149
0.0121016385
0.1681319673
0.1323862903
0.2244942650
0.3729396726
0.1237533843
0.0863217975
0.1347212935
0.0220194373
0.0940531499
0.1957345097
0.2356387849
0.3299451564
0.1570692792
0.1433876473
0.2902026002
0.1958223249
0.1536748165
0.1527236058
0.2266388051
0.2808598705
0.4078862201
0.2315640305
0.2834917254
0.3302840808
0.0799171003
0.2004943190
0.1774759410
0.2788329199
0.2342484538
0.1372086862
0.1112427437
0.1234414132
0.1570424115
0.2587939963
0.2582854881
0.2822410847
0.1486880971
0.1962149955
0.2696900525
0.3062899780
0.1044389084
0.2202337084
0.2055407247
0.1845235714
0.1348000380
0.2055315318
0.1229233634
0.1012557142
0.3669659856
0.3444478881
0.2166593089
0.3622274504
0.2684831031
0.1545389827
0.2242125550
0.2866249759
0.3694144232
0.3148946367
0.5088732360
0.2551146067
0.3651430351
0.3559574939
0.2699360908
0.3804210992
0.3428554127
0.4140007509
0.4797878068
0.3117494156
0.1790832494
0.3686540370
0.3204774471
0.4491753415
0.3239123421
0.2702953361
0.4705634036
0.3280939184
0.3866775452
0.3788922946
0.3312955313
0.4730919276
0.3262635447
0.4261215903
0.3231733330
0.1579650017
0.3141258357
0.2997640192
0.3858939569
0.1551071838
0.4376120536
0.1313003782
0.4146947215
0.2804362048
0.3007140154
0.4891224027
0.3078146184
0.2186354955
0.3559492941
0.4075296111
0.4330371391
0.3755089885
0.4354972296
0.4546752659
0.3321768159
0.4186797861
0.3228923851
0.3906749960
0.3577106935
0.3013635056
0.3899693003
0.3921585723
0.2487753347
0.3613277833
0.3902463997
0.4054412493
0.4536729127
0.3111541763
0.3858917888
0.4221338131
0.4889071071
0.4698044945
0.4527755434
0.4533178612
0.4975823284
0.4871446950
0.3222822295
0.5158959956
0.5391168532
0.4601385622
0.4297406819
0.3395435566
0.4387281169
0.5070680423
0.3327266651
0.4246384587
0.4392158075
0.5738852756
0.5549483784
0.4119081895
0.3967527610
0.3604474937
0.4736854367
0.4857677144
0.4967709624
0.5382877538
0.5527869840
0.5583369200
0.4256475472
0.4608582558
0.4882293016
0.3841972222
0.4838509286
0.5010944775
0.5428839127
0.4715238356
0.3126172470
0.3701305323
0.6300073828
0.4584204469
0.5536769498
0.6195260345
0.3346695834
0.3585722276
0.5580153846
0.6855037868
0.4911578910
0.4662154310
0.3970610950
0.5638894521
0.4965596760
0.4492377820
0.4523008232
0.5427604614
0.2839872037
0.4337872966
0.5676480860
0.7338805033
0.5591049288
0.4675838507
0.5255495486
0.4986704063
0.6386190681
0.5744605827
0.4617827113
0.4605725446
0.5746126084
0.5335630220
0.5212800607
0.6337757725
0.5298101047
0.5581762872
0.7247000688
0.5963120735
0.5775644896
0.6238351658
0.5497529832
0.4354866539
0.5590922057
0.7037112546
0.6603438026
0.5045120173
0.5776514745
0.5196227092
0.5533548705
0.7553498241
0.5888434083
0.5812595204
0.6980655432
0.5406777985
0.4491136813
0.6574787446
0.6470491675
0.5771466874
0.5188341542
0.8472597581
0.7294477255
0.7189057973
0.6896133474
0.5699522668
0.7002094612
0.5633516880
0.6592663487
0.6245137039
0.6587158806
0.5368056024
0.6355692016
0.5811484822
0.6517337968
0.6089041922
0.6274548831
0.6602861535
0.6931306235
0.6900463139
0.6981695053
0.5319445184
0.5861559476
0.6231938532
0.6368870399
0.6363196909
0.6441937824
0.5962645123
0.6923580825
0.6237000073
0.6344251573
0.7589548416
0.5496132785
0.5863727235
0.6868420732
0.6004433668
0.5820797139
0.6429769689
0.5201110141
0.5257748545
0.6976787550
0.6647244102
0.8862148223
0.5859220691
0.5685198461
0.5806695558
0.6426017356
0.6372843250
0.6105689577
0.6796079266
0.6829360054
0.6806110832
0.6699437246
0.6191899762
0.7370196522
0.8567118667
0.7257792139
0.6195239584
0.7838740262
0.8482742134
0.7445382662
0.7096505076
0.8004895535
0.7272983949
0.7268716568
0.7853132364
0.7519224744
0.6383066794
0.8122146073
0.7909343153
0.8119709931
0.7504496905
0.6436703277
0.6361160935
0.5563379028
0.7968611599
0.6966382251
0.7513457842
0.8947706017
0.8458849355
0.8095573387
0.6046729798
0.7485469087
0.8530837019
0.8716089023
0.8282084230
0.7260432197
0.7490480995
0.7840582736
0.8509158004
0.6335596056
0.7787066337
0.7998002771
0.7598783218
0.7861095006
0.6968715690
0.7597599560
0.6940302433
0.7594339774
0.8866410686
0.7845392073
0.7247024831
0.8445692471
0.8014870303
0.8544350255
0.7244806484
0.9423300910
0.8666402081
0.8324041676
0.7277055059
0.7253399496
0.8313491483
0.8554025382
0.8492273228
0.6859008164
0.7152951604
0.7149234589
0.8172257933
0.6863083321
0.8115155766
0.8353281148
1.0305109733
0.8638250018
0.8072799651
0.8085110565
0.9702576732
0.8394389538
0.9073435753
0.8672035705
1.0346486219
0.6806495321
0.9177572980
0.7936261270
0.7697841580
0.9140147857
0.7802916713
0.8227802905
0.7849418009
0.9505973140
0.9593704061
0.8611309108
0.7820367502
0.8173410957
0.9950240408
0.9024978619
0.8602144724
0.9953540564
0.9159391591
0.8930751078
0.9417769691
0.7775180689
0.7757887623
0.8954749207
0.8045646554
0.7540327694
0.8215080301
0.6550058928
0.8935211409
0.9688908664
0.9760474918
0.9172779388
0.8503623649
0.9589272144
1.0504655488
0.8999412114
1.0444556813
0.9130565013
0.9256144717
0.9349718129
0.7131531964
0.9162716167
1.1000962626
0.7468574685
0.9499459230
1.0155602046
0.7980320388
0.9675700741
0.9315746654
0.9947371731
0.9773711024
0.9410778852
0.8850062251
0.9917307058
0.9548225806
1.0523072334
0.9308759389
0.9901855802
1.0188456448
0.9675290894
0.9138075826
0.8615066688
0.8724436388
0.8073683092
0.9512763516
1.0417635164
0.9014326078
0.9298384748
0.9840052884
0.9247255211
0.9223814329
0.9956754522
1.0973080993
1.0113421439
0.9558761184
