-0.9901526346
-0.9434467948
-1.0019756613
-0.9695414857
-1.0480358913
-0.9178648281
-1.0485886201
-0.9891526787
-0.8998483713
-0.9323244381
-0.9613466479
-0.9062411073
-0.9930882073
-0.9758538516
-1.1111941860
-0.9183154678
-1.0054342759
-0.9240358719
-0.9596951885
-1.0938586566
-1.0425075853
-0.8467643311
-0.8513628235
-0.8831856462
-0.8581199917
-0.9249669848
-0.9959779639
-0.8682397201
-0.9355253670
-1.0236630667
-0.8872202749
-0.8384462729
-0.9292465491
-0.6201151287
-0.9471838609
-0.8332199042
-0.8178836785
-0.9905384674
-0.9070753452
-0.9381007448
-0.9731381146
-0.9610614041
-0.7886204561
-0.9358600442
-0.9890200561
-0.8699365903
-0.7764007942
-0.7663121108
-0.9296359916
-0.8868714563
-0.9682183665
-0.8807402059
-0.7502838405
-0.8033785612
-0.9426732069
-0.9936210581
-0.8051281091
-0.9426045449
-0.8453932381
-0.9453993427
-0.7706548643
-0.8982280855
-0.8714313156
-0.8082032438
-0.7417318218
-0.8500127851
-0.9348483832
-0.8604842916
-0.9422272063
-0.8711419770
-0.8355395054
-0.7994581814
-0.8656574991
-0.8885021413
-1.0033745129
-1.0499052328
-0.9329750759
-0.8619781336
-0.9858102259
-0.9609208540
-0.8916670125
-0.7447276672
-0.7400569497
-0.8591783701
-0.7140239287
-0.8413650827
-0.9205300491
-0.8486738964
-0.8229618246
-0.8234188142
-0.9012163163
-0.7720983893
-0.8161447534
-0.9022179317
-0.7864832543
-0.7290731103
-0.7897123191
-0.8328628980
-0.9055242843
-0.9272914583
-0.8764270233
-0.8581429759
-0.7683966603
-0.7227142723
-0.7763807044
-0.7049991521
-0.6568198020
-0.7741976979
-0.7769348661
-0.8181001687
-0.6900135203
-0.7896863268
-0.7813318422
-0.7018158861
-0.8846218663
-0.6521668112
-0.7759100129
-0.7585892622
-0.6331445254
-0.8486662948
-0.6776970813
-0.7123648685
-0.6975446802
-0.6875268569
-0.5851357849
-0.8656190327
-0.6958051210
-0.7416195904
-0.9268979268
-0.7693364985
-0.7189695457
-0.6559658445
-0.7936382669
-0.8010952520
-0.7759450810
-0.6634238294
-0.6771610453
-0.7955416409
-0.7951848162
-0.8380742575
-0.6620579202
-0.7517019020
-0.6023068679
-0.7831375953
-0.6199867079
-0.7270216324
-0.6254866717
-0.7293497929
-0.8911637370
-0.6267034221
-0.5239028059
-0.6902532639
-0.8509449851
-0.7708339184
-0.6680817221
-0.7427990526
-0.5800075046
-0.7997822423
-0.7425426264
-0.6047949364
-0.7497720576
-0.7401525881
-0.7328706515
-0.6458626247
-0.5394003172
-0.6306210793
-0.6139748008
-0.6000961801
-0.6238296660
-0.7058626955
-0.7244251655
-0.6249265716
-0.6164478943
-0.6610770195
-0.6400994319
-0.5879386634
-0.5656443595
-0.7078676503
-0.6879215136
-0.5632777587
-0.6748291069
-0.6212254415
-0.6343347310
-0.6789069819
-0.5552047687
-0.5538394472
-0.8090075288
-0.5165620154
-0.6583976103
-0.6183344630
-0.6136715124
-0.5240286860
-0.5770758009
-0.6322241617
-0.7324479192
-0.7584802226
-0.6439402414
-0.7322609103
-0.6027019996
-0.5740362848
-0.5350955861
-0.7001796175
-0.5391609353
-0.6132451917
-0.5528677057
-0.6320160010
-0.6122990755
-0.5865767323
-0.5910512310
-0.5158956597
-0.5789506481
-0.4621258740
-0.4690990764
-0.6195146063
-0.5720938713
-0.6301157532
-0.4277805258
-0.5801711857
-0.6202223711
-0.6372433227
-0.5823041083
-0.4235367503
-0.5911884751
-0.5640012965
-0.5786407941
-0.5180976567
-0.5718815217
-0.6107457372
-0.4959466578
-0.7078610110
-0.4887803005
-0.5470269960
-0.4185480345
-0.6297623607
-0.4651760665
-0.6078051281
-0.4463875186
-0.5650898009
-0.4961044213
-0.7410273858
-0.6473149595
-0.6351258921
-0.4854485556
-0.6364983925
-0.5843301094
-0.5690344889
-0.3710546530
-0.4957316885
-0.4212801247
-0.4922926954
-0.4483600068
-0.4789736767
-0.4712004671
-0.4833775884
-0.3905575882
-0.5004785722
-0.5907460507
-0.4630981826
-0.4381226527
-0.4585715390
-0.4646404978
-0.5298530511
-0.3382230141
-0.5343778241
-0.4524420321
-0.4996073687
-0.5114007154
-0.4745948740
-0.5400333591
-0.5007872741
-0.3312942926
-0.4032158442
-0.4832698244
-0.5776824113
-0.4849976026
-0.4833607218
-0.3716013245
-0.3167532217
-0.5822640248
-0.3923169351
-0.4197970558
-0.4476970191
-0.4105246912
-0.3997457921
-0.3800791982
-0.3491818902
-0.4103083567
-0.4807102536
-0.4880682051
-0.3402547843
-0.4364100902
-0.3894883753
-0.2917843050
-0.3519374285
-0.4808529146
-0.5313959331
-0.3860742125
-0.3123874930
-0.3929133757
-0.4656717056
-0.3822749587
-0.3648679858
-0.4239957896
-0.5284425384
-0.3802421769
-0.5953546713
-0.4231283037
-0.3257801979
-0.3507588783
-0.3978292339
-0.5132190154
-0.5086215660
-0.3166832279
-0.4454309738
-0.2467865216
-0.4281966543
-0.3455595952
-0.4302555046
-0.3826160948
-0.3446532248
-0.3049590039
-0.3974262626
-0.4305725329
-0.2100019817
-0.4349086839
-0.4279776720
-0.3934692479
-0.4353414380
-0.2419598042
-0.3183247699
-0.2026706572
-0.3063354946
-0.2572978751
-0.3384229472
-0.3498420983
-0.3262915329
-0.2343501400
-0.3110641733
-0.3154204852
-0.2820944244
-0.2913993449
-0.2311329816
-0.2915018119
-0.4414149580
-0.3007417517
-0.3480576692
-0.2655339554
-0.4110120913
-0.2191525222
-0.3647388950
-0.2763575134
-0.3962897535
-0.3690099747
-0.2967089868
-0.4036594518
-0.3092197123
-0.2649998250
-0.3259576427
-0.2594596312
-0.3877829685
-0.2182203051
-0.4279505076
-0.2299887335
-0.2240795360
-0.2314011837
-0.1732044497
-0.3848894960
-0.2736741879
-0.0921530542
-0.3619258013
-0.1885788992
-0.2905287783
-0.1150640765
-0.2873442038
-0.2232113588
-0.2301427632
-0.3029820821
-0.2614637789
-0.1307585204
-0.2693043937
-0.1350011818
-0.1729983033
-0.1761420742
-0.0963568850
-0.2335322228
-0.2119723117
-0.2331566649
-0.0821455454
-0.2865913597
-0.3001962753
-0.1311478383
-0.2531642566
-0.2751539589
-0.2399508704
-0.2082906473
-0.1785902554
-0.2836560028
-0.2511774441
-0.3052443937
-0.1937662288
-0.2703595758
-0.1973767753
-0.1823120739
-0.3204975035
-0.0739037138
-0.1977477906
-0.0714030791
-0.2559526315
-0.3616525790
-0.1773877008
-0.0483437423
-0.2129329139
-0.0913161683
-0.2206293058
-0.1033736059
-0.1768338515
-0.2722459968
-0.0238977077
-0.2182504729
-0.2534872069
-0.2885011502
-0.1831394624
-0.0918902753
-0.3115035148
-0.0889516770
-0.2616390989
-0.1674556951
-0.1688105234
-0.2105102794
0.0092483480
-0.2147354816
-0.2630466344
-0.1705568504
0.0173306525
-0.0227407413
-0.0793670337
-0.1819389392
-0.0940520203
-0.1527909835
-0.0484070002
-0.0739543656
-0.1690166138
-0.2063524581
-0.1937276333
-0.1873357668
-0.1069407372
-0.1585015043
-0.0842493683
-0.0035381651
-0.1719710801
-0.1571963697
-0.1745213793
-0.0145286599
-0.1128410661
-0.0617503933
0.0336316489
0.1157341609
0.0007924204
-0.0360651044
-0.0994181772
-0.0371411092
-0.1297690230
-0.2303037577
-0.0458869600
-0.0826317035
-0.0082411388
-0.0358037019
0.0809294421
0.0008523682
0.0093646137
0.0350252186
0.0077982457
-0.1445097534
-0.0388513169
-0.0267642550
0.0027627452
-0.0631402741
0.0739270943
-0.0555662906
-0.1328492457
-0.0528540385
-0.0780720526
-0.0880792960
0.0656181456
-0.1753053378
0.0544051403
0.1223880633
-0.1066269811
0.0574443595
0.0367918576
0.0602662987
0.1120859273
-0.0285069069
0.0619196645
0.0827408752
0.0094034216
-0.0330530120
0.0141457196
0.0082652016
0.0462389019
0.0103808647
0.0769293840
-0.1983831108
0.0660927069
0.1140858711
0.0153979044
0.1381928562
0.1198331844
-0.1257804065
0.0449563641
0.1320735760
0.1260549788
0.0305178676
0.0039760901
0.0879230739
0.2226168362
-0.1203628596
-0.0090205028
0.0259044769
0.0280358805
0.1987305415
-0.0046630307
0.0613934292
-0.1341696175
0.1836622090
-0.0020397050
0.0477116307
0.0006841422
-0.0064001085
0.0737578650
0.0636203307
0.1407659562
0.1322624514
0.1754278718
-0.0190707035
0.0546951203
0.0916540895
-0.0041330720
0.0990495765
0.0724478695
0.0524412667
0.1126680490
0.0745974590
0.1478214581
0.0063622462
0.0050370369
0.1666739322
0.0622588954
0.0971879828
0.1125961697
0.2371688741
0.1120303267
0.1713119650
0.0830587135
0.1028245848
0.1040010162
0.1427841576
0.1971871606
0.1432451518
0.1498486447
0.0940901603
0.2607070607
0.1195057499
-0.0142070596
0.1242560274
0.1421165785
0.0968494772
0.1570975132
0.1245589852
0.1688913585
0.0552409361
0.0794900259
0.1519613175
0.2704920476
0.0950504485
0.1378150178
0.1766667664
0.1512705228
0.2052399811
0.0976525554
0.1372383924
0.1784863198
0.0588673390
0.1443191468
0.1243432075
0.1150790081
0.1600046372
-0.0597091632
0.2394428574
0.2890265647
0.0850500045
0.2417132003
0.1044910415
0.0882600502
0.1322112025
0.3311707249
0.2145377459
0.2160646376
0.3178372505
0.2120731875
0.1763603074
0.2716786628
0.0048319843
0.3014156767
0.2125766634
0.2092116977
0.2873271037
0.3501400492
0.2833023008
0.2342692975
0.1796522999
0.1850935241
0.0633557778
0.2491254791
0.2229830431
0.2824108694
0.3167718566
0.3709615380
0.1171874642
0.0828547052
0.2934670091
0.2685670362
0.3386715057
0.1580191313
0.1586529770
0.3074095127
0.1980186506
0.2712611836
0.2777835438
0.2765729265
0.2233006191
0.3068374385
0.3568468748
0.3512300933
0.3549229207
0.2342453255
0.2966838064
0.1943973781
0.1774041341
0.1207606153
0.3338959846
0.1028215117
0.4185932607
0.1506836658
0.2941712382
0.4491227344
0.2334722660
0.3984573798
0.3889585523
0.3920596876
0.2549289759
0.1295078353
0.2792865483
0.1810542629
0.2663221320
0.2346081705
0.2798782923
0.3047679502
0.2498130700
0.3969380956
0.4016739165
0.3807157643
0.2505760141
0.5052103967
0.3151846422
0.4793580094
0.3459077322
0.2492448146
0.3942446021
0.3482550807
0.3293468623
0.4211973010
0.2076450218
0.2597232540
0.3728401161
0.4684144259
0.3009703121
0.4078720510
0.3573207859
0.2707097101
0.3359413836
0.4279124686
0.2987601139
0.3495994605
0.3835268247
0.4844526012
0.2498987163
0.1993243968
0.3859889847
0.4045059468
0.4414632751
0.2581301284
0.2646355161
0.3823401339
0.4251839318
0.3730888866
0.2911189447
0.4470092940
0.3401553532
0.3278478502
0.4390873356
0.4715169282
0.3816185875
0.3432745547
0.4085842813
0.2686475377
0.4466738479
0.4919103724
0.4579312435
0.3822775988
0.4006965193
0.4249977675
0.4923513401
0.4073611050
0.4075964090
0.5266196922
0.4458221753
0.4109459508
0.4790009031
0.4247569645
0.4239920053
0.5080166807
0.3749028246
0.4789201252
0.4790437730
0.3443533129
0.4612339880
0.4321818810
0.5200270338
0.4520434011
0.4580197409
0.4255824559
0.4452245913
0.4442684266
0.4749137238
0.4521557746
0.5021236218
0.4020417190
0.5481570358
0.4830318128
0.3218716716
0.4111918864
0.4516238540
0.4013200087
0.4060275272
0.4987476853
0.3607510559
0.4376288412
0.3773293963
0.5082890791
0.4640776187
0.5489726622
0.5948625587
0.4292592442
0.5295019726
0.6021850950
0.3880002672
0.4620944509
0.5714721182
0.6421890688
0.4378684985
0.6387102172
0.5902076763
0.4872786276
0.5494875035
0.6062453299
0.4622752827
0.4250463269
0.5621216926
0.4990354140
0.5236688952
0.5116560819
0.5000268502
0.6513199450
0.5292820416
0.5624994397
0.4340547025
0.5833366131
0.5084703772
0.5592991551
0.5053954987
0.6198405381
0.5536804823
0.5929067429
0.4325829629
0.6488365367
0.5341142359
0.4841174995
0.4621701955
0.7119526202
0.4659942485
0.5950618781
0.6115261513
0.6945332383
0.7423452403
0.5390368589
0.4646358146
0.5731440870
0.5571729807
0.6048628237
0.6132284338
0.5689663824
0.7780472735
0.7026625358
0.5336804383
0.6138643201
0.5780041887
0.6823491286
0.6045729658
0.7283817587
0.7689932131
0.6033538976
0.5705191253
0.5813156928
0.7294270932
0.7993929715
0.6255075122
0.6248139223
0.6758359828
0.5882886560
0.7787224226
0.6119236422
0.6437649649
0.6040267345
0.7608114373
0.7076113917
0.6597265480
0.6203580201
0.6268122741
0.8148070242
0.7309547941
0.6394338480
0.6678669073
0.5480463710
0.7439440214
0.6164478079
0.6385060245
0.7563086677
0.6331714456
0.6749910117
0.7039662239
0.7305380803
0.6534699245
0.8650054041
0.6206139648
0.6962329263
0.7209057530
0.5596770970
0.8243954991
0.7806491774
0.6381449347
0.6448686928
0.6161345049
0.6532919155
0.6324680024
0.6485527469
0.8168915416
0.7266517239
0.6922786378
0.7827249576
0.7461734663
0.7595721503
0.7573356433
0.7995919895
0.6755225470
0.7496629765
0.6095608564
0.8241578462
0.7105633968
0.6172930524
0.7706800631
0.7095811002
0.8494929910
0.7506220348
0.8180223270
0.7193821212
0.7205739932
0.9999339637
0.7014074974
0.8423376953
0.7514392554
0.8245005068
0.7143893190
0.7062099801
0.7474524168
0.8488608219
0.6351152412
0.6667095283
0.8299611130
0.8909805936
0.8422984020
0.7148089143
0.8319378032
0.7500750470
0.8374828592
0.6938812425
0.8555139943
0.7737293605
0.8809371967
0.9136194387
0.8181822666
0.7715918320
0.8383343348
0.7143051562
0.8124436363
0.8787786644
0.8143341136
0.8269159279
0.8070371255
0.7808692412
0.6890494190
0.7706677848
0.7849205934
0.9228928398
0.8005445993
0.8195305285
0.8668491381
0.8127763592
0.8541304042
0.8022311607
0.7144981910
0.7848364720
0.7264322674
0.8522516676
0.8546721978
0.7889950797
0.9693981715
0.7409044714
0.8642985206
0.7373238530
0.8817253057
0.8262003677
0.8614467488
0.7866456511
0.9505293151
0.8478497351
0.9830981534
0.9201480120
0.8061494291
0.8445732245
0.9263803229
1.0794315828
0.9248648556
0.8758319037
0.8410464818
1.0151563421
0.8053299605
0.8349722532
0.9434433544
0.9780572140
0.9364178185
0.9510296213
0.8727284718
0.9770633662
0.8644606229
0.8083696225
0.8120808234
0.9336800621
0.9417386398
0.8223187973
1.0644038900
0.7470737567
0.8616323168
1.0677953408
0.9783060342
1.0643162046
0.9783585485
1.0328530317
0.8448414167
0.9914048538
0.9060158653
1.1919425458
0.8869982871
0.8272347229
1.1116995742
0.9958258770
0.9916741385
0.9904601903
1.0533284949
0.9105143681
1.0278920799
1.0397851387
0.9486419423
0.8397975438
0.9554164308
0.8349945430
0.9044020278
1.0054727636
1.0892363008
1.0094455896
0.9981385899
1.0202821237
0.9861034648
0.8846927244
0.9227909261
0.9644992105
1.0192037917
1.0110390947
1.0905528260
0.9669284676
