-0.8689912172
-1.0073370045
-0.9668185378
-0.9241761407
-0.9822823323
-0.9358089679
-1.0348512943
-0.9199666692
-0.9519148900
-0.9939591566
-1.0533644766
-0.9913274443
-1.0846726042
-0.9947075128
-0.9684878143
-0.9562289567
-1.0106075020
-1.0334230615
-0.9133130894
-0.7251006801
-1.0015853842
-0.8881867353
-0.9278874881
-1.0014556532
-0.9334246301
-0.9038404853
-0.9863555216
-0.8023145747
-0.9892424229
-0.9172728691
-0.9715542945
-0.8699302628
-0.7904674119
-1.0571847441
-0.8721802049
-1.0131687110
-0.9260491734
-0.8232119069
-0.7614083045
-0.8158969090
-0.9094780590
-0.7483523086
-1.0307431902
-0.9277387919
-0.9323905793
-0.6884773073
-0.8385770061
-0.8427410679
-0.9209440955
-0.8036653013
-0.7964165209
-0.9041678795
-0.9500798910
-0.8429198196
-0.8832979834
-0.9781628169
-1.0531613521
-0.8294883029
-0.9692931707
-0.7741890826
-0.8590793994
-0.9734895266
-0.8408481984
-0.8047556789
-0.9349340046
-0.9139406357
-0.8513877974
-0.8991652446
-0.9170131929
-0.8319752951
-0.9535584331
-0.7680055273
-0.7245456447
-0.7595522159
-0.9535002817
-0.9391063645
-0.7920688460
-0.8728940721
-0.8427836372
-0.7945790063
-0.8072309029
-0.7533746937
-0.7924244695
-0.9862706963
-0.7378447683
-0.7409666068
-0.8095073420
-0.9576847751
-0.9612288920
-0.8011189814
-0.8462777321
-0.5548889692
-0.6703303852
-0.8671253908
-0.9142581467
-0.7736171870
-0.7934000744
-0.8184168557
-0.8380800485
-0.8362191502
-0.8625798337
-0.8489750452
-0.7435673111
-0.8349007581
-0.8556983385
-0.7975396727
-0.9062151442
-0.9738599424
-0.8862320512
-0.7379690580
-0.7999652136
-0.8566772624
-0.7746314588
-0.8318924922
-0.8309698823
-0.6686555352
-0.6698246666
-0.6242538370
-0.8097410694
-0.6068071051
-0.6097005893
-0.6821217834
-0.8119514482
-0.6695191422
-0.7387327866
-0.5813606000
-0.5946760061
-0.6198381125
-0.9157808532
-0.7040345081
-0.6758234556
-0.6739984265
-0.7197595929
-0.7514726812
-0.7269961637
-0.7790977027
-0.6325152665
-0.6782848343
-0.7325182360
-0.6494021612
-0.7854103120
-0.6525596661
-0.6958082519
-0.7722059210
-0.6170187283
-0.7795466452
-0.6767296505
-0.7437645065
-0.7788961400
-0.5233620838
-0.7172101391
-0.7990219275
-0.5594663598
-0.6631869768
-0.6503223835
-0.6693911755
-0.7262843108
-0.5990972343
-0.7162465640
-0.7938519815
-0.8056823667
-0.5942713123
-0.5075785282
-0.6615602677
-0.5738560229
-0.7394703573
-0.7403112818
-0.6708345702
-0.6406318325
-0.7915844464
-0.7276834479
-0.6503315982
-0.6968028795
-0.6469163279
-0.6015441802
-0.6715805578
-0.6441425435
-0.6167649298
-0.6663652684
-0.5980516701
-0.6206153152
-0.5349464675
-0.7077612443
-0.5807206926
-0.7099313695
-0.7313033573
-0.5257734683
-0.6361790528
-0.5888602055
-0.6740389368
-0.6718683436
-0.6845923204
-0.6934254180
-0.7090626850
-0.6759324136
-0.5817536019
-0.6253231537
-0.4674744863
-0.6190558866
-0.5762861873
-0.5131209867
-0.5516497095
-0.4730418210
-0.5331589101
-0.5923948659
-0.5631653287
-0.6865593822
-0.5155383513
-0.5588190408
-0.5278709641
-0.8199807874
-0.6523997012
-0.6304829167
-0.6004692293
-0.3774098629
-0.4471820828
-0.5344975753
-0.5353491929
-0.5412772575
-0.5942610619
-0.6313552549
-0.6238984077
-0.4861577178
-0.5664198128
-0.5986562373
-0.4865846939
-0.6473795075
-0.4873214928
-0.5805596553
-0.5206751112
-0.3480865214
-0.5913807533
-0.5894950130
-0.6156693636
-0.6300641043
-0.5122670591
-0.5071580906
-0.4811726708
-0.5554570792
-0.4870283426
-0.5534465128
-0.5995984750
-0.4481942686
-0.5038485986
-0.5107724303
-0.5277764297
-0.5665329545
-0.5334545807
-0.4455931154
-0.5314957021
-0.4482930837
-0.5442275282
-0.4482841341
-0.4852802793
-0.5477732376
-0.5113738225
-0.3059255021
-0.4603000001
-0.5716851055
-0.3991390242
-0.3482750750
-0.4586521982
-0.4566189887
-0.3634061417
-0.5372239165
-0.5921569284
-0.4838074806
-0.5277514839
-0.3920319349
-0.3781405669
-0.3737331807
-0.3842198678
-0.4156310998
-0.4190965802
-0.5884227864
-0.5153769437
-0.3741667418
-0.4358296031
-0.4285249201
-0.3531412298
-0.3210149942
-0.5608079582
-0.3681062721
-0.3629329637
-0.4644419237
-0.4250564394
-0.4109986184
-0.4232758267
-0.4663887071
-0.4063548379
-0.4929668084
-0.4851644902
-0.5451750995
-0.3903975606
-0.5517802239
-0.3217302514
-0.3510460373
-0.4380943424
-0.2845930377
-0.3728636883
-0.3721261452
-0.4300518736
-0.4139747625
-0.3128348134
-0.2607431582
-0.4435481384
-0.3732334988
-0.4175292659
-0.3465608646
-0.3102700007
-0.4811449859
-0.3906315571
-0.4665453357
-0.3197297143
-0.3496758321
-0.2964499774
-0.5161861164
-0.2577983098
-0.4115801535
-0.2446867012
-0.2873093438
-0.3439008748
-0.2499928709
-0.2980021328
-0.2750219939
-0.3901331082
-0.3702756902
-0.5131807995
-0.3825878171
-0.2842205303
-0.2780136634
-0.4389824288
-0.3503314349
-0.4160654222
-0.3328073577
-0.2287076174
-0.4216188451
-0.3334943737
-0.2622748035
-0.3237452362
-0.3504419473
-0.1951494833
-0.1971401224
-0.1055478306
-0.4581113747
-0.3636583148
-0.2963738758
-0.3293092814
-0.2819138572
-0.3097319842
-0.2801651493
-0.3636523370
-0.2213861591
-0.1882911047
-0.3878924414
-0.1936006109
-0.4249976067
-0.3206789928
-0.3706885932
-0.2886136302
-0.3128705488
-0.3087662314
-0.2113807536
-0.3765330100
-0.4821491513
-0.4172220272
-0.2449448230
-0.3235735615
-0.1052755199
-0.3149990836
-0.2053242217
-0.2111141074
-0.1952454640
-0.2228811138
-0.2986200554
-0.1901599853
-0.2439401523
-0.3083826702
-0.2147711155
-0.2263999935
-0.3598396760
-0.0919487237
-0.3127304186
-0.3916894823
-0.3017736258
-0.2463053034
-0.1496538993
-0.1353109267
-0.1371604768
0.0066810725
-0.3092055262
-0.3518910010
-0.1805069997
-0.2898609964
-0.1706465773
-0.2349851230
-0.1825215303
-0.2504977671
-0.2952429798
-0.3289670168
-0.2690633743
-0.2128836681
-0.1081563026
-0.1712531710
-0.1199874651
-0.1250973812
-0.3092637434
-0.0229864559
-0.1968964649
-0.1300249887
-0.1915020377
-0.1290193564
-0.0743337166
-0.0757064673
-0.2809055399
-0.2298618895
-0.1142885087
-0.3090768049
-0.1861278295
-0.2334378920
-0.3059170933
-0.2126190536
-0.0792310047
-0.1027624606
-0.0140794669
-0.2130866759
-0.1954236445
-0.0987525972
-0.0943451669
-0.0873958337
-0.1494777122
-0.1638323866
-0.1047055148
-0.0567672717
-0.0463804588
-0.1584113704
-0.0446913388
-0.0241734944
-0.2522925169
-0.0803575194
-0.0157074200
-0.0989489635
-0.0933055733
-0.0093717814
-0.0379250712
-0.1239786612
-0.0669163575
-0.0673475386
-0.1205224432
-0.0228196019
-0.0321742778
-0.1162127810
-0.1418097782
-0.0032027765
-0.1121837035
-0.1057357718
-0.1144095080
0.0200848373
0.0442076615
-0.1323334838
-0.1124385621
-0.0773877000
-0.1273055012
-0.1469826612
-0.0992809653
-0.1267865889
-0.0112481738
-0.0147886458
-0.0573275943
-0.1297581027
-0.1721903102
-0.1490169011
-0.1352927298
-0.1446995364
-0.1303931016
-0.0480598770
-0.0092969948
0.1082478952
-0.0520234570
0.0204058972
0.2465068632
0.0001684858
0.0026171240
0.0878044478
0.0359567621
-0.1686330683
-0.1582686496
-0.1234238972
-0.0150222492
0.0654205563
-0.0881187925
0.0638734518
0.0174514915
-0.0002547878
0.0545209936
-0.0345575392
-0.0128656823
0.0250130511
-0.1423059162
-0.0638790176
-0.0841403172
0.0490483139
0.1442757977
-0.0032534533
-0.0841504171
0.0547402545
-0.0898130243
0.1177978478
-0.1538014242
0.0466630237
0.0182896811
0.1844077915
0.0209917709
0.0243438910
0.0185361825
0.0989637917
-0.0077162354
-0.1513640361
0.1010895692
-0.1521192303
-0.0399293045
0.0019404443
0.1307564908
-0.2336372223
-0.1238614933
-0.0351568657
-0.1021376935
0.0907707973
-0.0445017393
0.0275105687
0.1006609130
-0.0574975747
-0.0373156553
-0.0815704391
0.0857666924
0.1100884579
0.0296297686
-0.0324872831
-0.0007992418
0.0879346813
0.0989957191
0.0905807020
0.0643552322
0.3140537909
-0.0766664327
0.2413876712
0.1658739211
0.1637819907
0.0135402680
0.0915158568
0.1700438085
0.0053908176
0.0792539526
-0.0426971986
0.0955508210
-0.0423051950
0.1424364297
0.1286563176
0.0929137168
0.1115138269
0.0910930818
0.1281030595
0.1528182342
0.1352658558
0.0866716784
0.1010740681
0.1605578128
0.0464729115
0.1727001494
0.1249790381
0.2994894469
0.0209801984
0.2141148321
0.1691643204
0.0237468141
0.1563371447
0.0462841106
0.1318416571
0.2055509676
0.2816054010
0.1363781603
0.1954136684
0.1612343535
0.1994421610
0.0556783478
0.1170178025
0.2666344207
0.1664175621
0.0595485832
0.1724488777
0.2051204337
0.3107893328
0.2593071687
0.1813627861
0.2536159284
0.0712564975
0.2181855361
0.2715657834
0.2365790705
0.1829725034
0.0661565413
0.2402299700
0.1684454184
0.3288484111
0.2650218624
0.1181984881
0.1777286085
0.2940551748
0.0859439438
0.2605009742
0.1427819992
0.1404865834
0.3093136006
0.3001879333
0.2530030177
0.1780769502
0.2721600968
0.0571279629
0.2753709408
0.3636245074
0.3863080013
0.1102828744
0.4168754046
0.2030034355
0.2907606671
0.2085959783
0.1732833427
0.1425986963
0.2318024746
0.2588118897
0.4159477511
0.2315725957
0.1487220585
0.2183301498
0.3047035323
0.2562339833
0.3616164309
0.3118492939
0.3397712304
0.2559611208
0.2789895750
0.1422298612
0.2549155231
0.1797573285
0.2692606745
0.4342924978
0.3896615652
0.2072524893
0.3435288648
0.4780036519
0.1789543862
0.2985590962
0.1445963912
0.2930676711
0.1799724128
0.2548250207
0.3304986511
0.2121349650
0.3006984788
0.2557897630
0.2959444791
0.3809607729
0.2599855773
0.2098255373
0.2495519845
0.2862678805
0.3414032186
0.3070827737
0.2232239550
0.3376119062
0.4179763289
0.2981911338
0.3767077170
0.3064405853
0.2254643643
0.3021424818
0.4608289326
0.2890961912
0.3444022896
0.3929537856
0.3794076597
0.3170228144
0.2680259956
0.3119881975
0.4116165659
0.3898366297
0.4885346544
0.3941569191
0.5216425890
0.3914248133
0.3445815881
0.4215378997
0.2964289628
0.4313214109
0.2204596615
0.4490702637
0.3971092800
0.3546702226
0.4533080559
0.3108643791
0.4301692350
0.3430306688
0.5036842228
0.4453428502
0.2866954840
0.5216153893
0.4204727306
0.3842455453
0.4345749701
0.4069412058
0.4451401441
0.3805368635
0.3731471631
0.4456831060
0.3626913112
0.2727410702
0.4487241038
0.4244857888
0.4333574922
0.4372147869
0.5008345442
0.4118555850
0.4067073778
0.5978831637
0.5139472574
0.4850283828
0.4561834683
0.5044871045
0.5082837982
0.3605501254
0.4781630036
0.5312678750
0.3345080419
0.5485541119
0.5952636620
0.5363118326
0.3060986952
0.3864648726
0.4934693814
0.5734783738
0.6103236254
0.5291566839
0.5056584117
0.4166338489
0.4088669622
0.5223922534
0.5706390375
0.4952375380
0.6106145728
0.5642143658
0.4040245960
0.6469447223
0.5167985166
0.5172404030
0.5637753104
0.5006708559
0.5198768599
0.6604801935
0.5312461620
0.4322441740
0.5415892301
0.5420023707
0.5242143256
0.5793336395
0.5512231491
0.7551017200
0.5147427196
0.5273519000
0.3720265447
0.4930289774
0.4718352096
0.5415997084
0.5578088745
0.5925891247
0.4226188479
0.6401344563
0.5610038023
0.4626636867
0.7187557677
0.5986388005
0.5938826302
0.7295794339
0.5025800913
0.5760876982
0.5795003427
0.4919146403
0.5952592832
0.5825912679
0.6633708160
0.6394392845
0.5372246045
0.4596496916
0.5358373139
0.4891093870
0.4560832796
0.6972893647
0.4381911368
0.5344211021
0.4244640049
0.5786303387
0.6621213040
0.5656801700
0.6403730284
0.6636073136
0.4960766597
0.5619410278
0.7011403564
0.5793830890
0.5512846339
0.5626385330
0.7724356212
0.5685958239
0.5921144618
0.6377042956
0.6602348763
0.4640680324
0.6139714718
0.6476308723
0.6564401839
0.7742975271
0.4649876680
0.5946601505
0.7171268944
0.7622391156
0.5980046167
0.5275287425
0.6019075320
0.8915150902
0.6305044448
0.6267819039
0.7476523211
0.5383728737
0.7080738388
0.7414654292
0.6529152423
0.6708076078
0.6721792269
0.5944158466
0.7338002354
0.7748079271
0.7437013817
0.6377645894
0.5655155459
0.6823539293
0.5769937474
0.7591404707
0.6825130600
0.7023182754
0.7681132446
0.8277479965
0.6814621711
0.7526816427
0.6434861797
0.5369931596
0.7219364067
0.6316681923
0.7052818239
0.6315951813
0.7257710237
0.8010404621
0.7421711829
0.6649001223
0.6288218077
0.6433859934
0.8393547368
0.7457654173
0.8552606672
0.9380831731
0.8102002339
0.7694195549
0.6554305885
0.7273707512
0.6107747637
0.6975960071
0.8443278149
0.8577867711
0.8263483802
0.6653494893
0.6334973771
0.8297228009
0.7696925082
0.7546577993
0.7625764757
0.7745907223
0.8185880542
0.7208853805
0.9172621061
0.8023664642
0.8272661359
0.7355244083
0.8068288641
0.9405309495
0.7009746601
0.7766775110
0.8020186707
0.7793150369
0.6808256119
0.7726524121
0.7925145081
0.8463652790
0.7047345980
0.6962555236
0.7999793960
0.7521911773
0.7974106701
0.9610573809
0.7771858298
0.8534222076
0.8961035089
0.8115459989
0.9219713103
0.7722196031
0.9149230261
0.9963583866
0.7876026878
0.7996068666
0.8158234137
0.9202504404
0.8748250290
0.8161598306
0.8433140062
0.7847210099
0.8872581157
0.8143841506
0.8329813646
0.9493063995
0.8781220656
0.7765854182
0.9474409476
0.8316295031
0.8429050058
0.7691877491
0.9862504875
0.7694245589
0.9108854695
0.8721576080
0.8334821604
0.9136358395
0.9619467995
0.8788083064
0.9862527513
0.8269425642
0.8074079332
0.9123916316
0.8026851249
0.9068452198
0.7484500118
0.9442328823
0.9909086201
0.8212033520
0.8159996210
0.9886229207
0.8921179131
0.9513140065
0.9184582414
0.8051439993
0.8486441805
0.8574039028
0.8387807698
0.9452395347
0.9509615835
1.0039196988
0.8917759839
0.8743781972
1.0364566087
1.0727998113
0.9728052302
0.9083593188
0.8711897666
1.0190721610
0.9116005833
0.9507639357
0.9086720379
0.9181934734
0.9233576246
0.8930064846
1.0089477997
0.9979273894
0.9364222433
1.0571121146
0.8644619498
0.9078220453
0.9015004068
1.0346704001
0.9455278610
0.8924918303
1.0285207558
0.9523826583
1.0342234708
0.9975399518
1.0640384208
1.1287543069
1.0680885808
0.9988642696
1.0666771228
0.8979001282
1.0546792848
1.0357551311
1.0267709599
1.1307105931
