-1.1496280946
-1.0788239193
-1.0138039448
-0.9964056968
-0.9972902028
-1.0934989143
-1.0892649733
-0.9086730611
-1.0643011668
-0.9895443667
-0.9183949091
-0.8147371570
-0.9095286017
-1.0320821889
-1.0393644296
-0.8996883324
-0.9241334070
-0.8853482251
-1.0348861609
-0.9584581380
-0.9076011946
-0.9065911974
-1.0271352103
-0.8051187713
-0.9456958776
-0.8403956975
-1.0062518933
-0.9941354698
-0.9509361311
-0.9383603906
-0.9443989345
-0.8439871668
-0.9314207418
-1.1096253537
-0.8151581625
-0.8639217645
-0.9423848941
-1.1185923374
-0.8764923705
-0.8914338906
-0.6729375071
-0.8374073815
-0.9017129385
-0.9653909199
-0.7916863596
-0.8551926093
-0.9097493460
-0.8681393127
-0.9886709131
-0.9442501089
-0.8926741473
-1.0756204661
-0.8840112547
-0.8352154250
-0.8732599398
-0.8113226443
-0.8905753732
-0.9896374282
-0.8619841556
-0.8851646085
-0.9237702223
-0.8582301350
-1.0663161173
-0.9623659864
-0.8527410360
-0.8017660155
-0.7547615506
-0.7408611266
-0.8825248825
-0.9259946477
-0.8290043676
-0.9430935292
-0.7914841773
-0.9481954353
-0.8937532750
-0.9195650437
-0.7198858637
-0.7868544355
-0.8922160174
-0.9665675115
-0.7587450556
-0.9534179216
-1.0261907691
-0.8838685144
-0.8722583137
-0.7877749210
-0.6842925370
-0.8900071973
-0.8617374637
-0.7476217787
-0.8386347692
-0.8772824859
-0.7644892805
-0.8123710004
-0.7434551442
-0.7191312733
-0.8235503758
-0.8514701722
-0.6784343102
-0.8400943831
-0.7312574222
-0.7514416856
-0.7299406643
-0.7296043509
-0.7249050485
-0.9070486119
-0.7848956439
-0.7243084823
-0.7680999111
-0.7355094995
-0.9157406385
-0.6443833277
-0.7884574961
-0.7501143394
-0.6616444360
-0.8118605524
-0.7438233945
-0.6095907899
-0.8550319034
-0.7994616523
-0.7440249999
-0.7874632454
-0.9335715721
-0.7287474867
-0.8126535063
-0.8122988804
-0.6656977511
-0.6939820566
-0.8422576481
-0.7810159108
-0.8310405194
-0.8287460245
-0.7498184863
-0.7460629388
-0.6419774719
-0.6873788640
-0.6814345700
-0.8232504262
-0.5684983011
-0.7435345448
-0.7465500932
-0.7125551755
-0.7025708994
-0.7369858121
-0.6872515217
-0.8529097962
-0.5158532737
-0.6106649611
-0.7011268087
-0.8295115552
-0.7237302309
-0.6229758694
-0.6200294224
-0.5936487077
-0.6003654941
-0.5599516322
-0.6391337851
-0.8011730865
-0.5847760909
-0.7682918574
-0.6198990235
-0.8508480094
-0.7612069226
-0.8728396279
-0.7984168601
-0.5767778557
-0.7096883337
-0.7136995945
-0.6732001194
-0.6714516921
-0.7067984243
-0.5922086911
-0.5061592373
-0.5850332154
-0.6390383708
-0.6325426236
-0.6366226619
-0.8148727728
-0.5578054421
-0.5583665145
-0.7356153345
-0.7000357028
-0.7089758661
-0.5228450264
-0.6274283103
-0.6509519681
-0.6096423404
-0.5552643938
-0.7349371441
-0.6474734138
-0.5898611261
-0.6174050182
-0.6653924434
-0.6542577404
-0.6095983155
-0.6575425408
-0.6245031970
-0.6938869888
-0.7018690979
-0.6441251833
-0.6663692335
-0.6820080623
-0.7071600156
-0.4841076355
-0.3460830031
-0.5512732182
-0.5817375303
-0.6058389682
-0.5402386480
-0.6674251822
-0.5493050265
-0.4777272046
-0.5593955134
-0.6062391166
-0.6909663874
-0.4121058381
-0.5572592341
-0.4170845173
-0.6424813551
-0.5356524728
-0.4944354954
-0.6484748681
-0.4896475008
-0.5763159848
-0.5299413446
-0.5565939595
-0.5883644659
-0.4455455358
-0.5897946723
-0.5444619356
-0.5886265860
-0.3800089984
-0.6670456839
-0.6145991218
-0.5947247106
-0.5897625200
-0.3970284630
-0.4521068583
-0.6129640431
-0.6306097872
-0.5041714129
-0.5140198266
-0.6035788293
-0.5489505842
-0.5210244601
-0.5175671969
-0.5002356069
-0.4829671592
-0.5173175760
-0.5387354500
-0.6767161157
-0.5267027438
-0.5228199901
-0.5771315265
-0.5014249153
-0.5536772705
-0.6102996898
-0.4379173683
-0.6100150097
-0.4473282264
-0.3838026423
-0.4919524797
-0.5931183667
-0.5126923722
-0.3936784979
-0.6120187534
-0.5056666294
-0.5601760661
-0.4784429853
-0.4917465505
-0.4991417960
-0.4494969221
-0.4177149095
-0.3867185562
-0.5696684373
-0.4034126478
-0.4172145445
-0.4047303351
-0.5054487442
-0.3010614911
-0.5730379487
-0.5042671745
-0.3822233928
-0.3489232618
-0.3522534634
-0.6234823196
-0.4458915578
-0.5577076114
-0.5123275394
-0.4042587362
-0.4191032584
-0.4032843174
-0.3401204377
-0.4604541603
-0.3684693524
-0.5470421947
-0.4098999934
-0.2943366649
-0.4036940294
-0.3598382561
-0.4216754169
-0.4213212119
-0.3718402229
-0.3244155267
-0.4418727652
-0.4474524424
-0.3922468554
-0.3868947636
-0.5003005896
-0.2921898415
-0.4793645835
-0.3799704835
-0.5088892689
-0.4628354039
-0.3951568375
-0.3094587753
-0.3942946395
-0.2027090748
-0.4335345064
-0.4137578735
-0.2511623790
-0.2970940046
-0.3352127556
-0.3058031920
-0.3912993747
-0.2675847959
-0.5404557332
-0.4120728961
-0.3553502423
-0.1973850197
-0.2465787826
-0.2988945997
-0.3105334960
-0.4318306854
-0.4716642832
-0.1588071374
-0.2275573257
-0.3840161522
-0.2634549597
-0.3262046554
-0.3818000206
-0.4150370559
-0.4223512590
-0.3083643053
-0.3107325983
-0.3160738752
-0.4579850527
-0.3497237830
-0.3831995680
-0.1476193306
-0.2072032990
-0.3555892334
-0.1992775685
-0.4011129380
-0.2275445951
-0.3312351247
-0.3837632875
-0.1480820121
-0.2623630660
-0.2883294651
-0.3477348714
-0.2726779876
-0.3245149746
-0.3820900856
-0.3102163306
-0.4002300377
-0.2357337182
-0.3492417751
-0.3601226805
-0.3909753123
-0.2373058198
-0.3187716868
-0.2591532328
-0.2406973220
-0.2970749060
-0.2066792037
-0.2378862462
-0.2378647654
-0.2453753721
-0.2685427036
-0.2943686150
-0.1554888471
-0.2151411462
-0.2435973790
-0.2221616958
-0.0773589067
-0.2456631588
-0.3370128944
-0.2684725620
-0.2418076048
-0.2842730332
-0.2264037803
-0.1417069871
-0.1194205683
-0.4104165623
-0.2304113274
-0.2389822514
-0.0608694869
-0.0530739065
-0.1625196180
-0.3365361835
-0.3542955043
-0.2065134547
-0.3123262049
-0.2168828681
-0.2097621282
-0.1414707062
-0.2587553074
-0.0763416819
-0.1332711923
-0.2249687482
-0.0424199853
-0.1425369431
-0.1639357850
-0.1695705095
-0.2596036290
-0.1864650042
-0.0964566105
-0.1276535927
-0.2314540255
-0.2351809304
-0.1669859893
-0.2067558956
-0.2400576584
-0.1363198740
-0.2038961602
0.0184734034
-0.2787860149
-0.0834606314
-0.1615919238
-0.2142290679
0.0207000134
-0.0072205628
-0.0790834804
-0.0414394143
-0.1115808228
-0.1483304127
-0.1794315755
-0.2284901727
-0.0469470467
-0.1469234386
-0.2031894125
-0.0734389954
-0.1206437586
-0.0803994809
-0.1627586944
-0.0614617599
0.0004634554
-0.1625979453
-0.1020636547
-0.1389264150
0.0002439587
-0.0694613316
-0.0470070833
-0.0165250864
-0.0645631032
-0.0447686835
-0.0813660565
-0.0269374547
-0.0519658522
-0.0340206044
0.0093623573
0.0068960624
-0.0585987402
-0.0190940525
0.0581067141
-0.1043416472
-0.1394311153
-0.1166384841
-0.1609443706
-0.0413318509
0.0020305657
-0.0273807636
-0.1342131091
0.1389224208
0.0118905158
0.0170477957
-0.1037784201
-0.0790935754
-0.2285018308
-0.0672751790
0.1008895563
-0.0190383501
0.0461780120
-0.1705008049
-0.0923454678
-0.0313041914
0.0093892655
-0.1270724672
-0.0662293549
-0.0451924586
-0.0218601533
-0.0134954105
0.0340422615
0.0230941990
-0.0171037059
0.0859476621
-0.0547677844
-0.0877589721
-0.1031910177
0.1037112444
0.0072521791
-0.0546233203
-0.0194962524
-0.0784699579
0.0415550051
0.0110584548
-0.0114961249
0.0691376289
-0.0954927889
0.0466877824
-0.0273871258
0.0623099234
0.1428270730
-0.1374023316
0.1277507765
0.0471092757
0.0004789069
0.0238732819
0.2139513378
0.0856579930
0.0267781258
0.1432986087
0.0947310648
0.0730285297
0.1759212994
0.1175042065
-0.0689632955
0.1266765303
0.2026993392
-0.0463200943
0.0611942863
0.1554708220
0.0818699454
0.2295912284
0.1222104238
-0.0134256491
-0.0154322338
-0.0084464099
0.0292990000
-0.1219742881
0.0783079221
0.0327399608
0.0375182380
0.0002907884
-0.0090376073
0.2576255160
-0.0343813136
0.1389058443
-0.1251627570
-0.0731962937
-0.0008797252
0.0968005222
0.1456966551
-0.0263580046
0.0882679635
0.1883125200
0.1821237800
0.1616388066
0.1593501621
0.0925255393
0.1330812455
0.1468241639
0.0900200093
0.2017947587
0.1501558812
0.1462585862
0.3070174440
0.1723928095
0.2000704480
0.1201234705
0.0438367412
0.3453823457
0.0929233958
0.1429454477
0.1896681745
0.0901973597
0.1633693222
0.2153789695
0.1425225604
0.1977120729
0.0928546064
0.2303420221
0.2283853651
0.0367823204
0.0617555520
0.1779663892
0.1576768590
0.1039534477
0.2383196789
0.1501406504
0.1663658866
0.2189193123
0.2421176432
0.2414097816
0.1161237130
0.2848258760
0.1297341963
0.4248559616
0.1574904537
0.2769305133
0.2769322822
0.1866355188
0.2600695506
0.2393796484
0.1393425988
0.4238342450
0.3194891117
0.1927737540
0.3126200576
0.1924944094
0.2548787999
0.1517362868
0.2163894983
0.2902466083
0.3408022357
0.0103394569
0.2070721616
0.2297065347
0.1905772666
0.2096873706
0.2578339961
0.2498492366
0.2365622321
0.2984286843
0.4284802003
0.2636809530
0.2168598962
0.1276905610
0.2769287000
0.3566818865
0.2205225789
0.2121546171
0.2105060896
0.3381039571
0.3077996048
0.3798484381
0.4696987708
0.2508102256
0.3425694469
0.2812987120
0.3957755782
0.4302170305
0.2906751877
0.2445267316
0.3621638926
0.1479090453
0.2967349560
0.3300206605
0.3917589412
0.3226780892
0.1557892448
0.3090272101
0.2755802525
0.2744682223
0.1602984041
0.3122908801
0.2226444996
0.2713382836
0.1665793065
0.2405480338
0.2678503989
0.2678030574
0.4515997146
0.2425389142
0.3777611365
0.4329211433
0.3088308372
0.4054092967
0.3222415000
0.4676134112
0.3146470389
0.3710855475
0.3357125915
0.3156537603
0.3844149553
0.3392390872
0.3940991586
0.2711661336
0.4549202549
0.3312462420
0.2925079678
0.4272905832
0.3612010826
0.5355585756
0.4721677478
0.3136899695
0.2939297443
0.3475532837
0.4238762845
0.3413089623
0.3777398606
0.3623123015
0.4357612119
0.4284337022
0.2462652022
0.2008488592
0.3936164049
0.5412596957
0.4460794526
0.4673405029
0.3294794604
0.3546060989
0.4715338313
0.3529323007
0.3767144298
0.2229414429
0.4119307165
0.3547181973
0.4235361784
0.4569881908
0.3612256800
0.5465607132
0.4575306632
0.4565258041
0.3912534245
0.4928573388
0.2878331129
0.4751784817
0.4162528379
0.4759602188
0.5283978507
0.4495890443
0.4960867198
0.4236544748
0.3214219230
0.4386420605
0.4376095512
0.3719643835
0.5166049099
0.4233636531
0.6304777005
0.3931094786
0.5273043280
0.4195141774
0.4505687436
0.4180798057
0.4613172494
0.5033550396
0.4279932017
0.5534657852
0.2988577190
0.4931543101
0.4766153601
0.4977317487
0.4655551767
0.4373963260
0.4765680692
0.4836770815
0.4531524868
0.4553418530
0.5087212395
0.4453628772
0.4505644390
0.5086480686
0.3923040009
0.4136477448
0.4952755955
0.3724464282
0.6091744732
0.4553312927
0.6048749161
0.5241225311
0.5061254872
0.5503230250
0.4713345267
0.3993796203
0.6476778703
0.3710890989
0.4716934941
0.4974397485
0.5229141472
0.5420667614
0.5263372388
0.6384098858
0.4833716708
0.5052903276
0.5977061520
0.4634182229
0.5822092329
0.5850027990
0.6194706282
0.5038460022
0.4100416279
0.6968742253
0.5590519456
0.6102971252
0.6327678368
0.5610988115
0.6362341055
0.5012950284
0.6609312393
0.6050668810
0.5653047739
0.6978541230
0.4921925811
0.5469726436
0.4871779712
0.5006195692
0.7075026403
0.6005802478
0.6158625831
0.6020966619
0.6916078783
0.6263696630
0.5616212801
0.5695146719
0.6512197044
0.6239773794
0.5896958071
0.6437345804
0.7737276211
0.4588100179
0.6207070355
0.6972016196
0.7493250550
0.5269640912
0.7044141935
0.6016917039
0.5792217412
0.5695963166
0.6468611155
0.5997362283
0.7789924038
0.8901230351
0.5365131944
0.6387396867
0.5121161937
0.6909696307
0.7606970675
0.7200211011
0.6111367915
0.6794507942
0.6923726821
0.6003198583
0.7623637391
0.7214804841
0.6767226650
0.7901633845
0.7405238836
0.6248250020
0.7086793856
0.7652779656
0.7030162122
0.7368858884
0.5930350355
0.6038309136
0.6692056821
0.6845469229
0.8328442888
0.7509428638
0.8216068368
0.6832447590
0.7225656640
0.6032362571
0.5455501436
0.6558797615
0.7209460623
0.8102975917
0.7474394551
0.4969336075
0.6541653809
0.8235876368
0.6921629808
0.8326024537
0.7496630259
0.7689509292
0.9298112308
0.6627945600
0.6895672509
0.8124736510
0.6751886064
0.7645052060
0.6865947522
0.7460870966
0.6109859442
0.8360565375
0.7050028459
0.5689675174
0.6533814495
0.6992276984
0.7782856399
0.7166073899
0.7389892969
0.7410965345
0.7642273147
0.8980783935
0.7293511100
0.8087943682
0.8292849854
0.7016584113
0.7796749023
0.7891531379
0.8023430952
0.8690873241
0.8043576405
0.6872804657
0.7315793209
0.7318852573
0.6851314620
0.8073985996
0.7110811237
0.8407693047
0.8243061430
0.8205736298
0.8120062041
0.9649420628
0.8176413428
0.9850533136
0.8597355570
0.6374536245
0.7893602809
0.7714201171
0.8624316197
0.8039312790
0.7862858774
0.8494486107
0.8739787459
0.7168821124
0.7974992316
0.9858955117
0.8583062722
0.9363314510
0.8404008595
0.9224002696
0.9225422926
0.6920453217
0.7633720894
0.8292779287
0.9601028281
0.8584442549
0.9422182095
0.9444802300
0.8271080915
0.8229086698
0.7866147762
0.8424729895
1.0630608709
0.9935921870
0.9848977658
0.8179899421
0.8772811749
0.9662982861
0.9685643924
0.8352484341
0.9116715392
0.8362852680
0.9026066864
0.8539108024
0.8352737289
1.0164154132
0.8609798322
1.1756080215
1.0094727082
0.8153765185
0.9689738027
1.0782603228
1.0305988090
0.9415630361
0.9167823279
0.8375204510
0.9891192550
0.8514404978
0.8672669606
0.9899801915
0.8394033791
0.9232899089
0.8061869580
0.9630299078
0.9762206528
1.0758013830
1.0104224237
0.8875230656
0.9144645406
0.8112014350
0.9194302804
1.0913152709
0.9461407460
1.0977033856
1.0690622417
1.0716572885
1.0853961101
0.9845324901
0.9543154186
1.0163519049
0.9948964948
1.0652904275
0.9127670656
1.0958676792
0.9769080850
1.0239860526
1.0676548226
1.1433374456
1.0502132062
0.9635820082
1.0679243533
0.9142435311
1.0265198941
1.1289179764
1.1026292234
