-1.0284178996
-0.9637107767
-1.0130303099
-1.0482911133
-1.0254851752
-1.1500180491
-1.1446094733
-0.9982416573
-1.0469954691
-1.0540917253
-0.9071385420
-1.1324263297
-1.0741753473
-0.9517150233
-0.9223874657
-0.8576705404
-1.0553058851
-1.0446900509
-0.9803355836
-0.9293450312
-0.9584713736
-0.7874500815
-1.0588427920
-0.8952190654
-0.9376544364
-0.9288179360
-1.0094777116
-0.9861101831
-0.9623089725
-0.9794451153
-0.8742316463
-0.8800800482
-0.9494367587
-0.9174098690
-0.9920701793
-0.9145598806
-0.9479140339
-1.0808516308
-1.0663851730
-1.0092549944
-0.9267839670
-0.9254566279
-0.9295714785
-1.0350064899
-0.8249528959
-0.9310071513
-1.0299442499
-0.9129742116
-0.8149440073
-0.8150177938
-0.9590063750
-0.9275162402
-1.0107611920
-0.8842726761
-0.8967416377
-0.9339257881
-1.1400441532
-0.9297958380
-0.8967162172
-0.8962549093
-0.8562901233
-0.9260761286
-0.8312299724
-0.8868826140
-0.8564668926
-0.8672678986
-0.8601527355
-0.9089654077
-0.8713857204
-0.9406704975
-0.7540624922
-1.0420272993
-0.8572096278
-0.7862383555
-0.6855554124
-0.8516612427
-0.7370939852
-0.8254295061
-0.9252234924
-0.9433556597
-0.9602263092
-0.9067911595
-0.7641425762
-0.7983881057
-0.7676386944
-0.8474591507
-0.8074692430
-0.7195340806
-0.8540359604
-0.7230118515
-0.8004342024
-0.6689329009
-0.8079251279
-0.9696717119
-0.8440672378
-0.8704228170
-1.0382598614
-0.6959924414
-0.8474934282
-0.7102856710
-0.7880449702
-0.9002483316
-0.8034764183
-0.8702895934
-0.7954413568
-0.7970330817
-0.8035102630
-0.9081800009
-0.8581877615
-0.9192680340
-0.6928220103
-0.8707001696
-0.7837703799
-0.6628189089
-0.7278149710
-0.8621162424
-0.7916022480
-0.8451295249
-0.7323562267
-0.8033981060
-0.7367358511
-0.6730106130
-0.6737887990
-0.7672228077
-0.6723555036
-0.8092157858
-0.7598298989
-0.6858958108
-0.8456676504
-0.7074655839
-0.7061807025
-0.6152632745
-0.7209258909
-0.8830826454
-0.8613670002
-0.7159941124
-0.6969479351
-0.7467120058
-0.6652884822
-0.9165846458
-0.7799069654
-0.7289900731
-0.7943402795
-0.6065993608
-0.6175865198
-0.8098504191
-0.7020243015
-0.6441354809
-0.6944011347
-0.6291864314
-0.5797916188
-0.8669784117
-0.9018758288
-0.6819936329
-0.8729938489
-0.7063861396
-0.6391846497
-0.6322244994
-0.7251071505
-0.7895161322
-0.7655760269
-0.8001295550
-0.7431471812
-0.6711718524
-0.7127017508
-0.4910253001
-0.6747776221
-0.5213488885
-0.5856808800
-0.6764858822
-0.6881022067
-0.7366529019
-0.6340207950
-0.8285719920
-0.5646917865
-0.7686431379
-0.6761271668
-0.8722317396
-0.6864585008
-0.6656357818
-0.6238330189
-0.5666560510
-0.4961461955
-0.6482240260
-0.4601370406
-0.7184094614
-0.6376674582
-0.7154840532
-0.5535530934
-0.8523359725
-0.6167699963
-0.6633545914
-0.6953276469
-0.5970716606
-0.5751493679
-0.6226642148
-0.7851292039
-0.6348851410
-0.6621083486
-0.7040609796
-0.5212949355
-0.6349567884
-0.6540407456
-0.7165209486
-0.5745233362
-0.6535231708
-0.5554491926
-0.5037018623
-0.4650354444
-0.7431636348
-0.5756808001
-0.5318491170
-0.6454822920
-0.5578931911
-0.4786662060
-0.6530242711
-0.6198869843
-0.7298904451
-0.5032461414
-0.6112107676
-0.5773282120
-0.6021134970
-0.4429270898
-0.5408649686
-0.4320591150
-0.5031010697
-0.4775975868
-0.5528054967
-0.5997061183
-0.5107504187
-0.4290412630
-0.5585170304
-0.6188700232
-0.6051264710
-0.4995723508
-0.5488163073
-0.6410887359
-0.5382159022
-0.5686184642
-0.6453037416
-0.5962574462
-0.4841976036
-0.5846273292
-0.5212800508
-0.6472686961
-0.5393441756
-0.5448332323
-0.3914584233
-0.5140465768
-0.6501772288
-0.6331200134
-0.5838701621
-0.4550579172
-0.5739345739
-0.4613631080
-0.5166915460
-0.5907209950
-0.3956531865
-0.4048552643
-0.5906918514
-0.3567687327
-0.4515263503
-0.4658122580
-0.4233398212
-0.3516220970
-0.4833617801
-0.5107226861
-0.3137153051
-0.3327237702
-0.3503360807
-0.4668165143
-0.4620664796
-0.4036195866
-0.4761342145
-0.3730523227
-0.4819338838
-0.4307319632
-0.3824416374
-0.4091495563
-0.4521703644
-0.4335008569
-0.3304556020
-0.4506975347
-0.4919190817
-0.4077445741
-0.3308076385
-0.4019772661
-0.5283870173
-0.5303980692
-0.3618903147
-0.4241610854
-0.4190645524
-0.3537641058
-0.4913333398
-0.4167794956
-0.3583128741
-0.4857684029
-0.4934447346
-0.4152390256
-0.4098380349
-0.3850011160
-0.5342257543
-0.3863401730
-0.2750946442
-0.5128528044
-0.3405997974
-0.3455878307
-0.3987514415
-0.4238588060
-0.4591677874
-0.3374236954
-0.4132548116
-0.3715236049
-0.3907118245
-0.4206377664
-0.3481768011
-0.5254723477
-0.3957601900
-0.1524079144
-0.3748341109
-0.2025136448
-0.4083854766
-0.3926003118
-0.2971563713
-0.5341005898
-0.3049556994
-0.4260634750
-0.3350054942
-0.2340313111
-0.4669456013
-0.3515750596
-0.2252135348
-0.2247925146
-0.3617570328
-0.4349479037
-0.3649743094
-0.3321011013
-0.3437974170
-0.1717645962
-0.4261111910
-0.3543555808
-0.2035022511
-0.3064532260
-0.3239893843
-0.6153158744
-0.3992495578
-0.3677945676
-0.2924477337
-0.1723518164
-0.2670760705
-0.1216583475
-0.3583787855
-0.3520610730
-0.3258439532
-0.4268785957
-0.3961738613
-0.1752599896
-0.2890018129
-0.3863350386
-0.1637425486
-0.2598995483
-0.3573724660
-0.4050137290
-0.1104506210
-0.2458841912
-0.2559931181
-0.3013962465
-0.2887741802
-0.2213468862
-0.2860457236
-0.2790452088
-0.2070811954
-0.2912332401
-0.1696007946
-0.2355485977
-0.2678194433
-0.2463072259
-0.3161321416
-0.2580804991
-0.2748355286
-0.2446305098
-0.2855634678
-0.3521859093
-0.3156388643
-0.2411766385
-0.2160469634
-0.2100810545
-0.1704563645
-0.1898414910
-0.1512703715
-0.3173557967
-0.2169621653
-0.1242314072
-0.1894432909
-0.1865263349
-0.3307984604
-0.2001083573
-0.2426003713
-0.3271230725
-0.2658042686
-0.3032132380
-0.2558623901
-0.2438464800
-0.2252483977
-0.2725792429
-0.2207750531
-0.2400853599
-0.3538893746
-0.2335237637
-0.1959490732
-0.0671003691
-0.3000589342
-0.1048508752
-0.2659528047
-0.0838263989
-0.1075938186
-0.0038625285
-0.1443105253
0.0403367754
-0.2271297383
-0.1070768030
-0.2072568383
-0.0577401180
-0.1684173247
-0.1895687984
-0.1372623212
-0.0423125202
-0.0860268505
-0.0907336913
-0.2098075240
-0.0718565912
-0.2658847137
-0.1006107369
-0.1325788563
-0.2166440948
-0.1237273562
-0.1099942036
-0.0443241589
-0.1231066160
-0.2387744703
-0.1353844865
-0.0236230012
-0.1848796736
-0.0727209110
-0.1230400145
-0.3195099123
-0.1251432159
-0.1371847535
-0.1275983350
-0.0433815479
-0.2468105115
-0.0767222813
0.0126831582
-0.1997881678
-0.0908435133
-0.1254051097
-0.0100835596
0.0763366556
-0.0797988636
-0.1013540952
-0.1228914217
-0.1105783928
-0.1517452160
-0.0093370075
-0.0426253666
-0.1282165334
-0.2348908430
-0.0236371506
-0.2560184477
0.0082265997
-0.0231713972
-0.0914008092
-0.0227384288
0.0242903680
-0.2116433468
-0.1338066762
-0.0289776320
0.0216815300
0.0662173738
-0.1372111184
0.0881999405
-0.0681344138
-0.0172429558
-0.0492541901
0.0567371679
-0.0089356694
-0.0048207905
-0.0767705178
0.0895173299
-0.0002707761
-0.1306763837
0.0992852602
0.0845501778
0.0097820889
-0.1042624236
-0.0472169616
-0.0425197002
0.0141961001
0.0331065965
-0.0628690902
0.0451975756
0.1001672277
0.0054909238
0.1031430044
-0.0326008100
-0.0076368546
-0.1483869016
-0.0786411320
-0.0278377181
0.0248598867
-0.0885311989
0.0055329047
0.0265390130
0.1715631010
0.0737156890
0.1592684531
0.0473426273
0.0074035382
-0.0487914038
0.0712214062
0.0049087718
0.1234147469
0.2162863044
0.1368512910
-0.0607810980
-0.0306998854
-0.0201418310
-0.0892514509
-0.1066724363
-0.1332875877
0.1207971255
0.1493971787
-0.0286467886
0.1270711323
0.0916995827
0.0784998781
0.2255955143
0.1329330724
0.0511988011
0.0790124982
-0.0544384926
0.1571527805
-0.0319829618
-0.0113980059
0.0204126815
0.0833088757
0.1315535982
0.1992343992
0.1108246569
0.0746560447
0.0302509924
0.0252686519
0.0813111113
0.0094338117
0.0633851408
0.1048752932
0.2316439577
0.1660499716
0.1719892120
0.3635467557
0.1659048681
0.1210966087
0.2133879516
0.0493897586
-0.0122273315
0.1866363773
0.2342172443
0.0920319886
0.2242299926
0.1847169773
0.1117328331
0.1444236292
0.0385245367
0.2010175621
0.0838937033
0.2527504093
0.1482326663
0.2452813956
0.0586460827
0.2567095454
0.1907087705
-0.0559248885
0.1218411148
-0.0030998252
0.1625668269
0.1488931775
0.2158298715
0.3622568442
0.0892842117
0.0728775436
0.1480192846
0.0378141690
0.0885686799
0.2207821655
0.2183302292
0.3229705814
0.1519532560
0.1547470086
0.2999005593
0.1818872662
0.1532415287
0.1272245862
0.2503158478
0.2690845575
0.4004355731
0.2171765697
0.2786293888
0.3365785424
0.0756526347
0.2251188116
0.1696024300
0.2741916915
0.2476932273
0.1487479929
0.1026038586
0.1040523176
0.1577176349
0.2652394873
0.2400428419
0.2961457002
0.1616865159
0.2010629860
0.2677571788
0.2967499367
0.1130797681
0.2219343764
0.1900324433
0.2119139402
0.1460614591
0.2214721482
0.1284806481
0.0875768320
0.3466227222
0.3383743093
0.2163510045
0.3682739140
0.2710042935
0.1647435365
0.2128942342
0.2844933847
0.3917051358
0.3323188046
0.5100791890
0.2773342987
0.3505803884
0.3392567064
0.2561590303
0.3746593288
0.3145912325
0.4106421720
0.4727159340
0.3141060958
0.1724498767
0.3458520786
0.3351467805
0.4392497982
0.3080046772
0.2841461590
0.4645707010
0.3217412867
0.4168553331
0.3866689427
0.3084616414
0.4864695778
0.3057322485
0.3878314577
0.3385673728
0.1619401302
0.3098952356
0.3007667578
0.3859633736
0.1581993921
0.4541850824
0.1548382511
0.4147513066
0.2849305427
0.3026919316
0.4747042952
0.3132441221
0.2163324194
0.3574444190
0.4179114775
0.4274472941
0.3682881346
0.4453450154
0.4357308510
0.3294048521
0.4235245067
0.3339079596
0.3946640684
0.3591191675
0.2909192370
0.4223411301
0.4104932499
0.2611796808
0.3644591612
0.3782343412
0.3692119311
0.4665574960
0.3363805624
0.3837136331
0.3989367408
0.4825346715
0.4514682451
0.4468361002
0.4806695124
0.5000014988
0.4511026572
0.3111850760
0.5317884204
0.5545113302
0.4683544746
0.4455606117
0.3364916292
0.4394117166
0.5111176597
0.3405063529
0.4080707481
0.4308415479
0.5688335911
0.5558308071
0.4329509511
0.4062831936
0.3622637432
0.4815295718
0.4896735167
0.5030148089
0.5260375269
0.5422139441
0.5466644866
0.4134529824
0.4522237657
0.5058719207
0.3938482532
0.4780357125
0.5049265067
0.5691381345
0.4835933300
0.3092151767
0.3640767440
0.6156380482
0.4357643671
0.5722392161
0.6194970224
0.3280505556
0.3700237926
0.5448679338
0.6871525851
0.4903782974
0.4797704839
0.3898397198
0.5577757470
0.5211084136
0.4646792474
0.4478993098
0.5436907137
0.2691910101
0.4265135198
0.5790534941
0.7609534468
0.5748170360
0.4443493119
0.5290534274
0.4969769039
0.6549044829
0.5955902048
0.4600512483
0.4303609751
0.5620192924
0.5060717976
0.5400028199
0.6185685305
0.5329585725
0.5749114662
0.7285156192
0.5802462285
0.5620913711
0.6147199322
0.5497788572
0.4282661639
0.5746919685
0.7250928206
0.6417558368
0.5196878929
0.5642038660
0.5198066593
0.5458764905
0.7534004991
0.5884581114
0.5721749143
0.6963069481
0.5523515661
0.4463651309
0.6698575719
0.6456458008
0.5824812186
0.5187868332
0.8354517250
0.7216513756
0.7147160977
0.6948063265
0.5588208470
0.7093345066
0.5596757801
0.6761427374
0.6037998267
0.6666434133
0.5561085455
0.6463890382
0.5684975602
0.6745244223
0.5970661482
0.6205536774
0.6832985958
0.6618492838
0.6687943357
0.7150176970
0.5340406268
0.5602910029
0.6147659011
0.6558533816
0.6289467826
0.6288795171
0.5826015534
0.7040774048
0.5917727014
0.6133677302
0.7357007539
0.5496592961
0.6077588911
0.6745489418
0.5924078805
0.5725289745
0.6393653442
0.5292589216
0.5163724621
0.7088635724
0.6559506058
0.8879448012
0.5853581559
0.5777260991
0.5898888841
0.6332173066
0.6479881132
0.5964498564
0.6935757761
0.6716239998
0.6794192667
0.6895419632
0.6060838625
0.7311407092
0.8762458222
0.7301799960
0.6390504495
0.8034796861
0.8271298280
0.7358456092
0.7177896112
0.7907867533
0.7251218597
0.7271232294
0.7843109544
0.7279722199
0.6294855327
0.8245447658
0.7814668490
0.8018858546
0.7411663793
0.6372011314
0.6490256597
0.5488623362
0.7796972252
0.6869476681
0.7607663369
0.8648804124
0.8439243427
0.8309240506
0.6225306695
0.7373117803
0.8438910933
0.8533092973
0.8194482658
0.7108283667
0.7380877542
0.8123428904
0.8480534484
0.6316945445
0.7951427329
0.7978772298
0.7638988046
0.7922039812
0.7079397374
0.7929201801
0.7051902043
0.7632290679
0.8533097242
0.7595281053
0.7265706400
0.8351854700
0.8021314507
0.8749075723
0.7643188674
0.9466304366
0.8640499111
0.8462773943
0.7461357209
0.7180877988
0.8365009789
0.8744269792
0.8608075952
0.6859034966
0.7210360470
0.7395553564
0.8114071067
0.6996890145
0.8098320690
0.8223913647
1.0079917487
0.8546178049
0.7884985280
0.8072434595
0.9883664714
0.8265062595
0.9064731469
0.8584759027
1.0405488637
0.6696399673
0.9220151193
0.8026846978
0.7910146781
0.9031943927
0.7687322484
0.8202995526
0.7913379740
0.9230594206
0.9646175105
0.8639800897
0.7943833007
0.8314037806
1.0068596109
0.9240081533
0.8764717248
1.0029444884
0.9134399326
0.8909790239
0.9474390586
0.7712485541
0.7589755196
0.9019499463
0.7749638613
0.7706424604
0.8242070758
0.6758776215
0.8965814182
0.9729602312
0.9860578669
0.9455601309
0.8613672304
0.9566828179
1.0676635933
0.8906246850
1.0349439563
0.9291127550
0.9309387567
0.9328393716
0.7157770427
0.9004577247
1.0995165861
0.7708922699
0.9512332701
0.9945141642
0.8011518297
0.9560793820
0.9354317050
1.0027394910
0.9693078993
0.9572203163
0.8895110176
0.9816532564
0.9571614764
1.0692105912
0.9180503924
1.0168299528
1.0439771782
0.9816297162
0.9154184771
0.8549816332
0.8833157187
0.8195671860
0.9618981714
1.0503606048
0.9083625814
0.9556644556
0.9798364242
0.9538011102
0.9319890198
1.0041802394
1.1007503092
1.0391527192
0.9714328056
