-0.9655215161
-0.9372715770
-1.0133504040
-0.9923163162
-1.0604244765
-0.9225051747
-1.0718421595
-1.0098678601
-0.9121044771
-0.9112876070
-0.9563821909
-0.9167124152
-1.0126306246
-0.9941155152
-1.1078173858
-0.9174358859
-1.0084397995
-0.9033560112
-0.9738158637
-1.1045734814
-1.0616055504
-0.8450411252
-0.8572977565
-0.8783361262
-0.8733159066
-0.9251865542
-1.0025804898
-0.8717766040
-0.9365271645
-1.0230292989
-0.8784510934
-0.8475991641
-0.9172054393
-0.6088819143
-0.9523517166
-0.8440614513
-0.7915626573
-0.9846874119
-0.9024618589
-0.9173109802
-0.9473371206
-0.9547436526
-0.7728757206
-0.9149900485
-0.9808434129
-0.8684714454
-0.7678393802
-0.7426169533
-0.9163110556
-0.8897012653
-0.9591346985
-0.8838739325
-0.7420783669
-0.8100204800
-0.9465697711
-0.9881892687
-0.8198914152
-0.9295664471
-0.8375935371
-0.9341775247
-0.7747942887
-0.9062307692
-0.8493593091
-0.8030152582
-0.7908357765
-0.8329480227
-0.9333036120
-0.8683146966
-0.9459633293
-0.8414075747
-0.8402210603
-0.7973909626
-0.8603985455
-0.8694096640
-0.9948416174
-1.0404134899
-0.9359586497
-0.8816054585
-0.9791948108
-0.9836363135
-0.8785722455
-0.7342077061
-0.7637539909
-0.8333897559
-0.7347762466
-0.8118648306
-0.9167417431
-0.8444148447
-0.8140095255
-0.8209917040
-0.8997003879
-0.7766136807
-0.8098633437
-0.8963751660
-0.7746929155
-0.7091508587
-0.7980787644
-0.8473205886
-0.8866521743
-0.9053157444
-0.8625258769
-0.8365381908
-0.7762440898
-0.7078922989
-0.7913923663
-0.7169766183
-0.6407130083
-0.7610682119
-0.7637208411
-0.7860564789
-0.7234219744
-0.7877571164
-0.7702741128
-0.7081978878
-0.8885463828
-0.6457854072
-0.7711460030
-0.7972174615
-0.6229308785
-0.8344277405
-0.6997553298
-0.6925944483
-0.6935009792
-0.6791150788
-0.6001081264
-0.8440947584
-0.7088761767
-0.7311696162
-0.9153308270
-0.7950359043
-0.7269719464
-0.6422183054
-0.7818411292
-0.8256198510
-0.7743078076
-0.6423263522
-0.6693642384
-0.7830955582
-0.8024771978
-0.8459175013
-0.6686497699
-0.7603882017
-0.6032445335
-0.7474772730
-0.6190244311
-0.7422576071
-0.6310604232
-0.7392391882
-0.8795541914
-0.6386267150
-0.4976393208
-0.6864505098
-0.8504259710
-0.7528504514
-0.6647562034
-0.7579259322
-0.5605189574
-0.8064211964
-0.7493257239
-0.6020166373
-0.7324819969
-0.7269523636
-0.7417450523
-0.6443446237
-0.5395753300
-0.6293427541
-0.6246994065
-0.5897485609
-0.6247538359
-0.7131138292
-0.7130393533
-0.6031896654
-0.6184518534
-0.6660736809
-0.6310661598
-0.5836715684
-0.5478740393
-0.6962920773
-0.7027518766
-0.5919925938
-0.6867079913
-0.6200544447
-0.6499766175
-0.6656193263
-0.5564055405
-0.5686155547
-0.8160290849
-0.5076057143
-0.6612591541
-0.6257773536
-0.6153996798
-0.5134888921
-0.5822279721
-0.6257769714
-0.7283300961
-0.7552847881
-0.6551425517
-0.7271155736
-0.6328760408
-0.5616359262
-0.5287365282
-0.6979020239
-0.5360125246
-0.6142235512
-0.5610436954
-0.6333697874
-0.6214493889
-0.5719025388
-0.5964654876
-0.5277082440
-0.5647889152
-0.4920497053
-0.4638144284
-0.6179117767
-0.5416884125
-0.6125842101
-0.4422724793
-0.5618622249
-0.6359050304
-0.6498341943
-0.5803858634
-0.4376004121
-0.5858005203
-0.5510447741
-0.5536304489
-0.5275138806
-0.5795808039
-0.6246188152
-0.4785421367
-0.7092786678
-0.5069187362
-0.5316029344
-0.4155930386
-0.6416683035
-0.4829964036
-0.6227777290
-0.4380332439
-0.5488501899
-0.5128486798
-0.7232873877
-0.6517547215
-0.6261169679
-0.4977907391
-0.6261421035
-0.5788638795
-0.5789183930
-0.3815811635
-0.4994480196
-0.4149811839
-0.4901586121
-0.4341487543
-0.4741907966
-0.4614530866
-0.4938951511
-0.4036850587
-0.5071368357
-0.5764014663
-0.4585342835
-0.4129435050
-0.4432092877
-0.4674089401
-0.5163959389
-0.3245092809
-0.5310665699
-0.4378152354
-0.5021575608
-0.5021701131
-0.4562417054
-0.5389765566
-0.5147473543
-0.3252833639
-0.3888105463
-0.4701060939
-0.5663216219
-0.4860666040
-0.4705098377
-0.3754564200
-0.2920847922
-0.6096461532
-0.4098288040
-0.4012615820
-0.4623469114
-0.3946841480
-0.4079507502
-0.3498370213
-0.3468597363
-0.4081741505
-0.5055564048
-0.4779601332
-0.3491330911
-0.4309879839
-0.4164961960
-0.3130872168
-0.3557341239
-0.5002010461
-0.5360265616
-0.3862514655
-0.3134697861
-0.4095202026
-0.4725124435
-0.3893839225
-0.3595349149
-0.4267917482
-0.5497778372
-0.3858445499
-0.5866149918
-0.4360491205
-0.3416478362
-0.3526935147
-0.4195461260
-0.4930071614
-0.4891531185
-0.3377673108
-0.4649042073
-0.2370768181
-0.4489215594
-0.3343860726
-0.4125213714
-0.3867798334
-0.3555913209
-0.3178802710
-0.4092505917
-0.4417907252
-0.2022148475
-0.4241776315
-0.3983991142
-0.3768640469
-0.4319438766
-0.2224794328
-0.3082443876
-0.2109647325
-0.2889902214
-0.2775025071
-0.3163254282
-0.3487616761
-0.3080580283
-0.2221049155
-0.3111570169
-0.3126622473
-0.2908113545
-0.2976351739
-0.2389565425
-0.2877699075
-0.4679958375
-0.2826169858
-0.3518333962
-0.2603438385
-0.3860552223
-0.2462998136
-0.3578264002
-0.2798149938
-0.3896417262
-0.3540718119
-0.2844984507
-0.3817853016
-0.2574739919
-0.2578063284
-0.2975881413
-0.2550834693
-0.3965511998
-0.2094712568
-0.4164057865
-0.2355979759
-0.2299773943
-0.2414235432
-0.1818270694
-0.3896027470
-0.2833285028
-0.0718869522
-0.3805471218
-0.1880701498
-0.2741634087
-0.1058131441
-0.3007814654
-0.2422841710
-0.2161498053
-0.3212953664
-0.2595797808
-0.1352915154
-0.2751168663
-0.1377296763
-0.1616086607
-0.1719106780
-0.0878930801
-0.2634332684
-0.2146923299
-0.2307421428
-0.0740056645
-0.2996137075
-0.2826125349
-0.1162633182
-0.2602807061
-0.2662049498
-0.2538306459
-0.2374627691
-0.1830279621
-0.2704036461
-0.2595270720
-0.3058488715
-0.1884294250
-0.2860091403
-0.2010242612
-0.1769782373
-0.3512214180
-0.0741270170
-0.2152508649
-0.0562798499
-0.2436075178
-0.3678641400
-0.1540502118
-0.0667381613
-0.2178671048
-0.1125462630
-0.2103401401
-0.0871519760
-0.1769180075
-0.2924795275
-0.0138446337
-0.2151642913
-0.2582117572
-0.2694028500
-0.1754112149
-0.0839330437
-0.3060191957
-0.0609886697
-0.2541341729
-0.1766055315
-0.1482073025
-0.2094548359
-0.0055720209
-0.2164002401
-0.2737586949
-0.1858632396
0.0209848866
-0.0029512865
-0.0778980351
-0.1749328651
-0.0737777461
-0.1134569317
-0.0738256859
-0.0635491381
-0.1610542551
-0.2001605277
-0.2075167666
-0.1931234160
-0.1155616517
-0.1638383243
-0.0889530102
-0.0061773395
-0.1950655799
-0.1337452200
-0.1835231155
-0.0374951749
-0.1212200229
-0.0723673044
0.0447728349
0.1123348405
-0.0008810767
-0.0491208247
-0.0961320569
-0.0321624514
-0.1247820786
-0.2216661426
-0.0430745768
-0.0697759764
-0.0097844957
-0.0540740977
0.0710295176
0.0061062344
0.0031820200
0.0528233468
0.0043893342
-0.1478259976
-0.0289297255
-0.0221479095
-0.0037560035
-0.0562041522
0.0530694535
-0.0521778155
-0.1336309737
-0.0479859342
-0.0803298162
-0.0966738380
0.0762883671
-0.1533108730
0.0470049407
0.1021190054
-0.1318438480
0.0955357700
0.0363212669
0.0628939614
0.1130253717
-0.0304362477
0.0701072665
0.0545732284
-0.0038027270
-0.0162474566
0.0039091327
0.0313972793
0.0548949751
0.0166963819
0.0614935954
-0.1882286756
0.0768234808
0.1025243822
0.0229870038
0.1306180087
0.1155097327
-0.1234747386
0.0249128388
0.1164291897
0.1403249782
0.0384764564
0.0151856278
0.0756510770
0.2245189577
-0.1190286908
-0.0272642137
0.0460463486
0.0305378179
0.1877784879
-0.0080122748
0.0547095612
-0.1484312966
0.1854912450
0.0363551397
0.0441592380
0.0074229999
0.0247255424
0.0728169543
0.0452438673
0.1348321700
0.1414752342
0.1747418104
-0.0177374268
0.0481728631
0.0954659161
-0.0026051384
0.1076159489
0.0427764071
0.0542424048
0.0931920126
0.0762231422
0.1541225426
-0.0078784139
-0.0066079865
0.1741132293
0.0717054455
0.0841768210
0.1137025210
0.2523394607
0.1145729828
0.1726514520
0.0798994111
0.0780244709
0.1178400498
0.1483587313
0.1824116510
0.1502172643
0.1697915687
0.1145637769
0.2858068895
0.1222151565
0.0125582642
0.1385802910
0.1296443009
0.0697450636
0.1529893206
0.1338480644
0.1522441650
0.0811050978
0.0829845959
0.1500691153
0.2799954873
0.0751239085
0.1357954837
0.1915987727
0.1507262259
0.1946200821
0.1161826758
0.1568453028
0.1846521377
0.0426280625
0.1199856642
0.1212679399
0.1130617235
0.1581835972
-0.0629494498
0.2518196487
0.2957050677
0.0927540440
0.2269426060
0.1056028818
0.0955846719
0.1483490680
0.3326091700
0.1982387230
0.2390477278
0.3005373393
0.2204129351
0.1727683817
0.2512239660
0.0195008821
0.2983428966
0.2265828266
0.2177486473
0.2739320880
0.3396990132
0.2738597969
0.2279799241
0.1455755801
0.1894568249
0.0736383775
0.2487309087
0.2171241816
0.2903632522
0.3212356334
0.3606015560
0.1128635590
0.0976175212
0.3013397714
0.2962508302
0.3224441457
0.1755736937
0.1514800954
0.3099091782
0.1851019583
0.2228985281
0.2741812916
0.2641159325
0.2155273998
0.3017047202
0.3546740798
0.3395474553
0.3586741644
0.2083894985
0.2929629041
0.2053646250
0.1590391527
0.1565297377
0.3450525476
0.0859949237
0.4126339341
0.1866310236
0.2833650029
0.4317802278
0.2376611959
0.4053723554
0.3925886424
0.3975517588
0.2539667960
0.1203261783
0.2825070826
0.1729419829
0.2635148168
0.2465355216
0.2886397465
0.3010153862
0.2673587511
0.3931926514
0.4085481901
0.3876286785
0.2547802384
0.5047184232
0.3167477089
0.4723841740
0.3242279129
0.2532893315
0.4082618958
0.3360767605
0.3111429700
0.4145527207
0.2050097282
0.2719806670
0.3615827143
0.4554201348
0.3063173449
0.4111464924
0.3494448574
0.2813052784
0.3255636922
0.4180000471
0.2814906169
0.3148323556
0.3638827017
0.4866077560
0.2552796441
0.1689244974
0.4176587847
0.4013692417
0.4379229514
0.2587409354
0.2636590772
0.3810228060
0.4172360862
0.3759206818
0.2889589578
0.4577061066
0.3134783017
0.3272508268
0.4384897242
0.4739226953
0.3419064989
0.3600089366
0.3989069157
0.2688139876
0.4507129649
0.4925936527
0.4492806815
0.4031672064
0.3930975156
0.4437900117
0.4797541872
0.3941891096
0.4060358447
0.5333533140
0.4506130566
0.4009420466
0.4759385312
0.4260184327
0.4073772215
0.5165405416
0.3876873524
0.4869995595
0.4589772192
0.3398727928
0.4768709649
0.4440023186
0.5058999743
0.4504125099
0.4499741041
0.4179772351
0.4316980371
0.4286739284
0.4497048206
0.4488969537
0.4982821473
0.3707051202
0.5172516956
0.4816664332
0.3050531134
0.3933718623
0.4602995981
0.3853722416
0.3855910847
0.5254323063
0.3380071045
0.4379102728
0.3698420629
0.5290452630
0.4734678147
0.5616869369
0.5912599853
0.4535939588
0.5368103469
0.6026898932
0.4003718816
0.4616065306
0.5752077367
0.6502448825
0.4301595263
0.6526626224
0.6100431939
0.4843188118
0.5338726464
0.5895763605
0.4572846733
0.4313167806
0.5478746902
0.4820296555
0.5163384283
0.5148464144
0.4978690120
0.6773487784
0.5227447477
0.5529307345
0.4271027047
0.5770607679
0.5147688478
0.5645094562
0.5149925772
0.6144848351
0.5471853824
0.5884677909
0.4286637350
0.6442518215
0.5489867869
0.4991986752
0.4758109840
0.6982412970
0.4726306334
0.5743308539
0.6111296791
0.6841893224
0.7526870866
0.5377513854
0.4697052816
0.5821879830
0.5439464997
0.6077608046
0.6118006428
0.5696917505
0.7696532551
0.6823238145
0.5706950777
0.5986827721
0.5792636838
0.6707360646
0.6022328994
0.7100928232
0.7602796579
0.6139614160
0.5734986907
0.5769411112
0.7337281950
0.7827308502
0.6185348088
0.6303650954
0.6620757775
0.5981999178
0.7896066326
0.5984197057
0.6493395324
0.6298165905
0.7942759672
0.7097291700
0.6775839070
0.6262477718
0.6195320734
0.8077050526
0.7278366681
0.6456163571
0.6819166709
0.5446520178
0.7293206621
0.6167321860
0.6530344994
0.7805690587
0.6239438415
0.6595603939
0.6843320529
0.7345160661
0.6688091879
0.8482553973
0.6361454122
0.7040398422
0.7108234658
0.5612921709
0.7965125845
0.7565272362
0.6182271201
0.6400928202
0.6395516919
0.6731877268
0.6161324490
0.6469614867
0.8207435713
0.7180841195
0.7125527558
0.7811266430
0.7482948348
0.7547734172
0.7632541109
0.7810319700
0.6796551818
0.7516271184
0.6054120449
0.7918979693
0.7124855029
0.5969270213
0.7737029989
0.6841432730
0.8619836288
0.7716286060
0.8311403812
0.7082653212
0.7082099880
1.0032394422
0.6998926305
0.8467399080
0.7548523117
0.8399685477
0.7267441263
0.7166232214
0.7679883571
0.8551156493
0.6306671454
0.6677871022
0.8366721913
0.8830511965
0.8270235211
0.7142076239
0.8566557008
0.7789958798
0.8350395299
0.6969448121
0.8455312239
0.8166990192
0.8893679258
0.8863760503
0.8119108516
0.7756847310
0.8544905182
0.6907088452
0.8069194181
0.8917754933
0.8185365363
0.8183922230
0.8070451791
0.7734279417
0.6944417024
0.7875408462
0.7925063831
0.9173863486
0.7960838020
0.8095944416
0.8780221755
0.8221125534
0.8504083837
0.7917394391
0.7143771813
0.7818146046
0.7051786115
0.8599090638
0.8514506892
0.7886261038
0.9374049297
0.7367723105
0.8695706460
0.7534818510
0.8727215809
0.8495717080
0.8866803750
0.7907643569
0.9549438591
0.8476680060
0.9731908334
0.9489785580
0.8085912063
0.8681923320
0.9213223426
1.0583602255
0.9441785170
0.8772008687
0.8651180484
1.0143708654
0.8110249463
0.8225278723
0.9366466796
0.9583801857
0.9523931034
0.9747499701
0.8531513957
0.9801742404
0.8789528197
0.7844715152
0.8077036583
0.9439247592
0.9429673484
0.8209133122
1.0622052531
0.7499877026
0.8721005205
1.0841814184
0.9612689026
1.0759943928
0.9863489524
1.0197463231
0.8684137366
0.9716412032
0.8948494761
1.1879720705
0.9011864964
0.8461361335
1.0939012711
1.0119380313
0.9866535283
0.9812628786
1.0571208931
0.9353866708
1.0152997445
1.0401505253
0.9597290188
0.8236864823
0.9511196298
0.8542342672
0.9223882969
0.9984512098
1.0984688065
1.0084690886
0.9896722360
1.0265322904
0.9771529984
0.8918848818
0.9288123512
0.9542571101
1.0056788910
0.9935110832
1.0713757168
0.9870764526
