-0.9895819231
-0.9479224079
-0.9893827930
-0.9805421765
-1.0246845265
-0.9096658134
-1.0584779007
-1.0165612725
-0.9027853242
-0.9156751248
-0.9582666880
-0.9354225860
-0.9919118502
-0.9737061396
-1.1003841993
-0.9234890699
-0.9955715296
-0.9200181672
-0.9898442460
-1.0960531551
-1.0609831134
-0.8559876185
-0.8547116484
-0.8893483044
-0.8740363273
-0.9335057018
-1.0064520776
-0.8556419676
-0.9345669991
-1.0255469828
-0.8739586572
-0.8175365409
-0.9158655847
-0.6162345588
-0.9500753781
-0.8305586657
-0.7951523360
-0.9982427684
-0.9011837604
-0.9593279169
-0.9557932158
-0.9766845076
-0.7689309453
-0.9391300995
-0.9667752791
-0.8766841152
-0.7425134457
-0.7710071077
-0.9171062993
-0.9136643811
-0.9739420252
-0.8698634224
-0.7558940134
-0.8064977714
-0.9476940510
-1.0012669957
-0.8047464387
-0.9168896554
-0.8242929434
-0.9519947736
-0.7660300153
-0.9213689057
-0.8556825032
-0.8304409268
-0.7657225107
-0.8387794247
-0.9425827997
-0.8538697075
-0.9421349769
-0.8518745551
-0.8372574563
-0.8112071007
-0.8646580673
-0.8885751081
-0.9920599033
-1.0336540149
-0.9299530781
-0.8883509106
-0.9759555060
-0.9811622587
-0.8773866043
-0.7401872858
-0.7558747082
-0.8437604807
-0.7303573270
-0.8114701141
-0.9195458490
-0.8377379339
-0.8086493163
-0.8337921275
-0.8904176611
-0.7734138150
-0.8272891379
-0.9139884540
-0.7837305192
-0.7162839675
-0.7859118725
-0.8469232838
-0.9032599046
-0.8981808265
-0.8863235323
-0.8439182097
-0.7572381342
-0.7203706284
-0.7714729466
-0.7222695271
-0.6243945880
-0.7743993779
-0.7524692054
-0.7879636685
-0.6956052263
-0.7814163099
-0.7952318009
-0.7217953778
-0.8969040127
-0.6543634667
-0.7524576524
-0.7808609494
-0.6137730708
-0.8725854640
-0.6939976971
-0.6837428285
-0.7050226930
-0.7033100325
-0.5928602595
-0.8557331989
-0.7070979523
-0.7314757961
-0.9233966561
-0.7919030794
-0.7259613462
-0.6573141498
-0.7855006216
-0.7974149583
-0.7667545358
-0.6511123894
-0.6748307753
-0.7912501871
-0.7826374194
-0.8661257003
-0.6588380993
-0.7832776897
-0.6108555016
-0.7566109973
-0.6332610981
-0.7361384378
-0.6305999045
-0.7261309229
-0.8731200433
-0.6233900823
-0.5275153661
-0.6773609108
-0.8697454730
-0.7769689257
-0.6944129666
-0.7473143588
-0.5667071653
-0.7820643895
-0.7308366557
-0.6028210419
-0.7432921200
-0.7369672775
-0.7395300290
-0.6486518077
-0.5524100432
-0.6256019492
-0.6120591059
-0.5930319115
-0.6273174419
-0.6910414988
-0.7218649700
-0.6015494031
-0.6218748331
-0.6735286431
-0.6380899059
-0.5984413720
-0.5446460593
-0.7067538800
-0.6896622894
-0.5742403426
-0.6925710594
-0.6183162256
-0.6462695486
-0.6750245312
-0.5621342922
-0.5774922464
-0.8103401120
-0.4787799105
-0.6491681784
-0.6148672869
-0.5975617452
-0.5103828646
-0.5965191138
-0.6190971468
-0.7468496802
-0.7502297513
-0.6646003871
-0.7185001253
-0.6339406841
-0.5719633651
-0.5397314217
-0.6937435209
-0.5505262327
-0.6126983337
-0.5671112187
-0.6598585631
-0.6176850214
-0.5716619620
-0.5893111972
-0.5259329076
-0.5745926616
-0.4601950996
-0.4372387760
-0.6364869794
-0.5620103553
-0.6258935487
-0.4213232800
-0.5816343160
-0.6468733115
-0.6539404923
-0.5837823520
-0.4119981951
-0.5743828392
-0.5393571055
-0.5722492293
-0.5316688344
-0.5975810603
-0.6133466545
-0.5075241426
-0.7348394408
-0.4929284237
-0.5277348866
-0.4106147123
-0.6255725079
-0.4866979121
-0.6205448821
-0.4591360433
-0.5605689967
-0.5069715493
-0.7516852062
-0.6557344351
-0.6288158545
-0.4881822948
-0.6309142304
-0.5607348027
-0.5905670005
-0.3837075132
-0.4876478197
-0.3969016103
-0.4971624173
-0.4466732409
-0.4869148624
-0.4463460540
-0.4789737715
-0.4031518893
-0.4898008459
-0.5879255438
-0.4436138436
-0.3989053029
-0.4500107722
-0.4700023390
-0.5074623100
-0.3308429415
-0.5205727825
-0.4682102011
-0.4986248362
-0.4979646928
-0.4429489693
-0.5342006389
-0.5106273320
-0.3097562103
-0.3911668471
-0.4655488519
-0.5662535736
-0.5013832974
-0.5013135590
-0.3944650343
-0.3146341064
-0.5820293882
-0.4008410298
-0.4254978489
-0.4676702623
-0.4067086628
-0.4060925456
-0.3673757418
-0.3517612706
-0.4130050706
-0.4767560801
-0.4783609710
-0.3579609315
-0.4202669288
-0.4022731588
-0.2845729393
-0.3616831441
-0.4775348500
-0.5190932858
-0.3808089829
-0.3077642595
-0.3972976383
-0.4727486145
-0.3832708005
-0.3527314835
-0.4201398952
-0.5517203417
-0.3865342725
-0.5869746673
-0.4402851273
-0.3181092882
-0.3603334039
-0.3931952221
-0.4775343362
-0.4965563206
-0.3264973237
-0.4472307812
-0.2367827747
-0.4447056862
-0.3432687647
-0.4310452206
-0.3597792343
-0.3629666646
-0.3169169644
-0.4221376983
-0.4376677411
-0.2087916892
-0.4546525371
-0.4027949166
-0.3893326161
-0.4414456036
-0.2396436749
-0.3202429141
-0.1989245603
-0.3166690486
-0.2635234557
-0.3427154941
-0.3719005080
-0.3194635562
-0.2107668422
-0.3052089040
-0.3025762016
-0.2964372000
-0.2838246926
-0.2279804883
-0.2575715194
-0.4639872058
-0.2758447154
-0.3368023911
-0.2536676871
-0.3960277040
-0.2580972706
-0.3704929626
-0.2642890883
-0.4134906473
-0.3665518545
-0.3095583639
-0.3793285166
-0.2873386099
-0.2487083029
-0.2898278916
-0.2524539911
-0.3726445568
-0.1973948079
-0.4197131000
-0.2471033508
-0.2479647503
-0.2114270842
-0.1731535807
-0.3819983428
-0.2764004381
-0.0844446246
-0.3666707936
-0.1720453349
-0.2790665511
-0.1106674880
-0.2988286049
-0.2329485688
-0.2144066225
-0.3277945885
-0.2662796999
-0.1367517629
-0.2819580761
-0.1328925577
-0.1567112442
-0.1785515436
-0.1035512011
-0.2365193252
-0.2559475390
-0.2421494326
-0.0771884154
-0.2975690125
-0.3031520038
-0.1266263998
-0.2602723403
-0.2902148325
-0.2565734894
-0.2425036757
-0.1810645904
-0.2876901633
-0.2357362087
-0.3194501804
-0.1576720316
-0.2864035410
-0.1916833920
-0.1801270530
-0.3248168839
-0.0702505700
-0.1948773553
-0.0690557360
-0.2579939968
-0.3661359515
-0.1764027504
-0.0538550905
-0.2184106295
-0.0816584335
-0.2243103183
-0.1055189136
-0.1866351448
-0.2712627242
-0.0333069276
-0.2111383453
-0.2337155161
-0.2597973340
-0.1865296502
-0.1102208131
-0.2804232574
-0.0754548468
-0.2567494048
-0.1827639396
-0.1635352642
-0.2354341327
0.0134546917
-0.2281477803
-0.2740142060
-0.1729891269
-0.0042164121
-0.0318815877
-0.0767245398
-0.1803541245
-0.0760136705
-0.1286488591
-0.0510466427
-0.0756756588
-0.1554490031
-0.1763114050
-0.2014849026
-0.1776204075
-0.0916750708
-0.1587885944
-0.1007655137
-0.0123128970
-0.1821018114
-0.1521524735
-0.1643451623
-0.0062543128
-0.1139851790
-0.0580366318
0.0402291645
0.1175927731
-0.0049220543
-0.0418682053
-0.0995053950
-0.0170472051
-0.1210556236
-0.2268366174
-0.0465876367
-0.0925185925
-0.0077015659
-0.0288187688
0.0829652476
-0.0088640884
-0.0313785093
0.0390538948
-0.0056076949
-0.1312236669
-0.0480487680
-0.0231105674
-0.0152092110
-0.0630323420
0.0697163261
-0.0444962137
-0.1422516062
-0.0728595245
-0.0761186776
-0.0877510064
0.0649502741
-0.1362974309
0.0630190723
0.1110315608
-0.1195361771
0.0679868570
0.0344006074
0.0546350234
0.1215374693
-0.0259992880
0.0466880641
0.0640062288
0.0098830141
-0.0101356404
0.0084638149
0.0348319612
0.0624252557
0.0088386071
0.0790981739
-0.1824116827
0.0674132562
0.1359319466
0.0228956515
0.1346333001
0.1219205196
-0.1392536027
0.0472281666
0.1351659098
0.1564147035
0.0042663720
-0.0209659988
0.0743892486
0.2241969407
-0.1104975606
0.0013170604
0.0097501563
0.0498174116
0.1927467483
0.0027037358
0.0738733393
-0.1478107060
0.1999692052
0.0172424121
0.0232575062
-0.0002846710
0.0080638336
0.0852535294
0.0632750759
0.1453606955
0.1556089346
0.1917988907
-0.0009389353
0.0386970323
0.0990486905
0.0222533149
0.0911804700
0.0542984143
0.0711261390
0.0934197878
0.0805263894
0.1471602819
-0.0010780554
-0.0052449114
0.2064210779
0.0595940554
0.1014413027
0.1121701084
0.2449144039
0.1270263637
0.1930278350
0.0701465089
0.1002228294
0.1080043166
0.1369247565
0.1890198139
0.1491461652
0.1525096289
0.0963002763
0.2639484606
0.1372723288
-0.0047982780
0.1345870069
0.1471321784
0.0930032700
0.1535072797
0.1374942075
0.1444194678
0.0723710899
0.0988822615
0.1226226052
0.2831965675
0.0922951084
0.1202358731
0.1750951793
0.1465404488
0.2068562131
0.1127084061
0.1539331519
0.1805035049
0.0289872635
0.1441793725
0.1426867194
0.1222503433
0.1713329725
-0.0591422298
0.2475070322
0.2900651016
0.1070510219
0.2381086204
0.1198127638
0.0841044119
0.1348344893
0.3282906051
0.1967855792
0.2331480616
0.2989839036
0.2166386895
0.1934866845
0.2602583490
0.0208157713
0.3083350624
0.1942047219
0.2082608195
0.2744664054
0.3447611762
0.2656610066
0.2393144304
0.1636282306
0.1838199281
0.0837329380
0.2307043608
0.2167247111
0.2919797078
0.3148154264
0.3615919882
0.1189088438
0.1141744670
0.3225891489
0.2728505335
0.3344820984
0.1844961504
0.1525493964
0.3168125104
0.1786823027
0.2432695169
0.2864687872
0.2624067994
0.2101921612
0.2947274293
0.3497666663
0.3277347219
0.3527148783
0.2335593765
0.3280362396
0.2039462929
0.1787109487
0.1269216383
0.3571318830
0.1243449195
0.4106496965
0.1816190453
0.3028739288
0.4202087207
0.2211314115
0.3739528982
0.3729998412
0.4082154627
0.2499048989
0.1320318906
0.2835003650
0.1683205926
0.2578405581
0.2245552845
0.3104058625
0.2669577229
0.2509740006
0.3864982745
0.3999921257
0.3812187902
0.2610697682
0.5008371901
0.3185101506
0.4522044256
0.3518646920
0.2537690953
0.3981295313
0.3488576965
0.3150681166
0.4269630292
0.1932646362
0.2661665390
0.3599310285
0.4596960544
0.3252046736
0.3996054243
0.3516878937
0.2740644285
0.3240064206
0.4292029242
0.3158643189
0.3679771130
0.3697199130
0.4959150511
0.2514332233
0.1734620395
0.4078382214
0.3976175765
0.4355950652
0.2711745133
0.2646612594
0.3743801884
0.4154858056
0.3857350017
0.2746659095
0.4583974340
0.3081097152
0.3156840331
0.4188265895
0.4610350320
0.3587486056
0.3837807549
0.4251840106
0.2529059970
0.4564028576
0.4915306730
0.4536206383
0.3696070474
0.4088506526
0.4476055767
0.4746751128
0.4126415402
0.4088570372
0.5335800621
0.4379246789
0.4000439138
0.4909608632
0.4380786882
0.4162758461
0.5273301508
0.3986415931
0.4728408537
0.4754969496
0.3480038466
0.4786559604
0.4440668583
0.5122063876
0.4455854764
0.4383223616
0.4255206726
0.4201154725
0.4493996238
0.4751968077
0.4599955912
0.4875927102
0.3872815581
0.5412111118
0.4653778332
0.3184082309
0.3708425966
0.4592651444
0.4083370493
0.4303568092
0.5285806607
0.3343743919
0.4433853192
0.3708688799
0.5122471447
0.4858516611
0.5478355893
0.5998174780
0.4520464595
0.5400774460
0.6069144581
0.3908718176
0.4700053901
0.5613281146
0.6615791769
0.4434954664
0.6306576621
0.6001396782
0.4707055581
0.5458017160
0.6041482940
0.4693815815
0.4498239792
0.5623554179
0.4977615337
0.4966399932
0.5114892071
0.4902236093
0.6485354073
0.5258998044
0.5545369919
0.4276215467
0.5715343960
0.5129492656
0.5457175962
0.5044095873
0.6013007578
0.5504370884
0.5877919420
0.4373781839
0.6476767319
0.5207963049
0.4817708609
0.4475619466
0.6923458169
0.4975729608
0.6012844339
0.6046574650
0.6972402842
0.7481202327
0.5475639200
0.4634868545
0.5846790472
0.5262512680
0.5863262652
0.6044916382
0.5613914037
0.7975333793
0.6904257121
0.5449786654
0.6291098411
0.5692977486
0.6904901440
0.6010143650
0.7123602468
0.7759737645
0.5992349870
0.5901789949
0.5676743137
0.7217052284
0.7932999289
0.6068605826
0.6268673627
0.6516645808
0.5933549500
0.7670327647
0.5985509182
0.6506744233
0.6160725847
0.7838092349
0.6944364720
0.6697033015
0.6191035325
0.6248690494
0.7886580552
0.7104341083
0.6267043371
0.6521438505
0.5395855171
0.7606342084
0.6215665709
0.6311162225
0.7928117782
0.5936558465
0.6780574906
0.6995111074
0.7448565032
0.6563074947
0.8360232777
0.6506828372
0.7096736183
0.7064233690
0.5600381407
0.8177145523
0.7514722779
0.6282297769
0.6698521136
0.6464109263
0.6621002713
0.6169977501
0.6373755385
0.8002911003
0.7334318540
0.7001537874
0.7831926579
0.7507390773
0.7676743913
0.7563478722
0.7921548425
0.6667279891
0.7524291435
0.6329633993
0.8081239733
0.7080665546
0.6131652178
0.7658107085
0.6914245920
0.8323597104
0.7776116388
0.8143074710
0.7201806035
0.7055909250
1.0195581359
0.7023324293
0.8249637049
0.7459741443
0.8390503034
0.7178963699
0.7056249203
0.7515074365
0.8534741218
0.6378878951
0.6819908722
0.8390356767
0.8834384388
0.8328365906
0.7087855219
0.8471475947
0.7456457842
0.8337279280
0.7012004956
0.8489616765
0.8022412039
0.8607547792
0.8938492851
0.8039970467
0.7877507097
0.8343068896
0.6984034504
0.8064167837
0.8540540659
0.8042125639
0.8254295108
0.8066408154
0.7826109831
0.6857743657
0.7593724626
0.7910214386
0.9190584017
0.8113435786
0.8164402418
0.9008835841
0.8096090946
0.8375439159
0.7747676948
0.7204763199
0.7737963494
0.7191210462
0.8635533814
0.8199436853
0.7795181569
0.9710139989
0.7593868073
0.8634993601
0.7688440029
0.8691746454
0.8379698955
0.8781822639
0.7690615271
0.9613926068
0.8266609170
0.9835246751
0.9293745166
0.8335696077
0.8450761944
0.9268387664
1.0797020605
0.9331878427
0.8750321310
0.8456028630
1.0076743012
0.8188886405
0.8335761838
0.9379322574
0.9769420541
0.9436833490
0.9750619980
0.8535545719
0.9711009838
0.8563379413
0.8060494823
0.8058799999
0.9430157915
0.9393764563
0.8198174798
1.0453146318
0.7481706623
0.8744813030
1.0741224706
0.9861468980
1.0673528453
1.0142575278
1.0113017286
0.8245929332
0.9982242386
0.9136292576
1.1875466727
0.8924991817
0.8609017930
1.0764678396
0.9960424388
0.9672311401
0.9797469490
1.0567177805
0.9369697209
1.0341653131
1.0273022154
0.9545259477
0.8152889664
0.9635499834
0.8635654941
0.8993226292
0.9839167291
1.0735294807
0.9933422899
1.0113573714
1.0221528945
0.9909715569
0.8706500218
0.9016214602
0.9675439450
1.0233461186
1.0174347305
1.0602047948
0.9648032068
