-1.1526551731
-1.0806061587
-1.0286157134
-0.9996508036
-1.0057309934
-1.1040085722
-1.0927281065
-0.8939654387
-1.0747759151
-1.0005876800
-0.9390294031
-0.7911907077
-0.8889700479
-1.0473627280
-1.0292950303
-0.9063536313
-0.9201617521
-0.8413666107
-1.0071430772
-0.9780377813
-0.9073236588
-0.9145362518
-1.0135239080
-0.7929867008
-0.9398239072
-0.8241806954
-1.0378962948
-0.9645972208
-0.9600042859
-0.9488991056
-0.9441613854
-0.8358649358
-0.9537187554
-1.0908602231
-0.8206226306
-0.8569069198
-0.9312436064
-1.1305368710
-0.8626552936
-0.9019082883
-0.6748935905
-0.8330687779
-0.9122453434
-0.9515107611
-0.7562922687
-0.8582631597
-0.9136985668
-0.8954938574
-0.9997629341
-0.9267078436
-0.9079033327
-1.0748711285
-0.8891713537
-0.8175837012
-0.8832333773
-0.7801972809
-0.8999906923
-0.9880479831
-0.8593520040
-0.9010365968
-0.9162607431
-0.8945144693
-1.0788258067
-0.9547068177
-0.8561692399
-0.8266204057
-0.7659569254
-0.7347654547
-0.8858928738
-0.9311365836
-0.8084321590
-0.9210171671
-0.7819395231
-0.9535977412
-0.8917832149
-0.9089494296
-0.7252676144
-0.7886862343
-0.8757288255
-0.9557370951
-0.7795820995
-0.9351942741
-1.0396567153
-0.8812560689
-0.8670487090
-0.7919234323
-0.6908471588
-0.8938753648
-0.8833707633
-0.7549650698
-0.8343662496
-0.8907705197
-0.7620493024
-0.8289535246
-0.7551256718
-0.7369986782
-0.8302360463
-0.8392094727
-0.6811089233
-0.8506878212
-0.6967063387
-0.7413033925
-0.7202123441
-0.7279008561
-0.7507554480
-0.9013625049
-0.7748008901
-0.7207974283
-0.7839598928
-0.7339663703
-0.9423233752
-0.6468695750
-0.7744089141
-0.7787031780
-0.6605940049
-0.7978178500
-0.7248695036
-0.6143159301
-0.8571245383
-0.7983451368
-0.7323069813
-0.8027020621
-0.9171231978
-0.7165271025
-0.8121619760
-0.8110001306
-0.6665203012
-0.7345441448
-0.8084776682
-0.7897760914
-0.8332189180
-0.8470799515
-0.7509836541
-0.7249249680
-0.6321803993
-0.6836174687
-0.6983510887
-0.8183746129
-0.5833692789
-0.7282694246
-0.7534161611
-0.7323701911
-0.7044165475
-0.7214821590
-0.6855116655
-0.8436841058
-0.5094943022
-0.6003870137
-0.7069546504
-0.8304948309
-0.7317114894
-0.6191932723
-0.6064914897
-0.6069451958
-0.6107360867
-0.5571682310
-0.6487588994
-0.7895415937
-0.5662929477
-0.7681024606
-0.6082660779
-0.8575593038
-0.7536154368
-0.8740274995
-0.7891453323
-0.5908843528
-0.7034710155
-0.7492734293
-0.6523838227
-0.6858709822
-0.7030483436
-0.5878465021
-0.5123319745
-0.5957623454
-0.6503037150
-0.6351647738
-0.6281217418
-0.8121976607
-0.5593454263
-0.5472814676
-0.7306994758
-0.6928335330
-0.7120011094
-0.5091305116
-0.6166106263
-0.6490696964
-0.6205169020
-0.5841455044
-0.7243129057
-0.6539017633
-0.5702501159
-0.6094214314
-0.6531816196
-0.6570780566
-0.6027462711
-0.6601210762
-0.6249376391
-0.7252798125
-0.6982723901
-0.6593869169
-0.6687994690
-0.6797375939
-0.7075113206
-0.5080684966
-0.3553772604
-0.5393055302
-0.5759976978
-0.6162773509
-0.5157331634
-0.6779637785
-0.5509404815
-0.4994344878
-0.5879026126
-0.6069385724
-0.6752058438
-0.3825962059
-0.5365347083
-0.4109260723
-0.6538038127
-0.5298220984
-0.4893031127
-0.6385893038
-0.5080722488
-0.5923374072
-0.5275333822
-0.5488895949
-0.5918434982
-0.4523500762
-0.5672936579
-0.5435887293
-0.5699180185
-0.3753922290
-0.6691500086
-0.6123325585
-0.5989627375
-0.6063695544
-0.3904598593
-0.4592159974
-0.6293482874
-0.6163556836
-0.5049436303
-0.5094019241
-0.5913360124
-0.5469404853
-0.5180005730
-0.5156001545
-0.5104418002
-0.4720582132
-0.5221684859
-0.5145352653
-0.6461538357
-0.5337537181
-0.5276544475
-0.5738941181
-0.5226091706
-0.5371535261
-0.6221479631
-0.4248976575
-0.6073300850
-0.4343818160
-0.3635119283
-0.5061840923
-0.5936208957
-0.5177829688
-0.4338362509
-0.6358880711
-0.5014342154
-0.5806352101
-0.4688080183
-0.4808907417
-0.4879781710
-0.4487141296
-0.4332706916
-0.3929867902
-0.5853533636
-0.3760990746
-0.3957575337
-0.4307900258
-0.4925126574
-0.2954459995
-0.5406889364
-0.4879611195
-0.3770594822
-0.3519449333
-0.3493071063
-0.6032048380
-0.4381400528
-0.5534236409
-0.5080795964
-0.3961536311
-0.4054438644
-0.3940755600
-0.3397139774
-0.4546046848
-0.4080441556
-0.5581569776
-0.4130252323
-0.3054816179
-0.3962888643
-0.3724162152
-0.4100244866
-0.4343728104
-0.3788373389
-0.3249728809
-0.4361754304
-0.4512651751
-0.4068929672
-0.3798961657
-0.5035634847
-0.2908476813
-0.4773645848
-0.3751561110
-0.5078914608
-0.4665449689
-0.3933610060
-0.3061191012
-0.3786868216
-0.1946758341
-0.4340651313
-0.4017109708
-0.2663315504
-0.3018218548
-0.3330487275
-0.3052353219
-0.3913456563
-0.2956029364
-0.5351908743
-0.4236684151
-0.3317439956
-0.2162446443
-0.2402812800
-0.3108219371
-0.2984619040
-0.4108328972
-0.4701324932
-0.1498555808
-0.2308584193
-0.3868085851
-0.2567184035
-0.3283038790
-0.3795684210
-0.4347982696
-0.4366609234
-0.2928323265
-0.3109646013
-0.3394690818
-0.4369211083
-0.3665739733
-0.3831134342
-0.1277354277
-0.2097445323
-0.3521317010
-0.1920743936
-0.4173065704
-0.2216903455
-0.3414363685
-0.3727186607
-0.1172061429
-0.2635127975
-0.3116504665
-0.3672969921
-0.2928809446
-0.3238291322
-0.3712711103
-0.2981347488
-0.3983824484
-0.2413922645
-0.3618463707
-0.3416221047
-0.4020149622
-0.2236588214
-0.3203105914
-0.2601285070
-0.2307246023
-0.3037167770
-0.1790154944
-0.2428733248
-0.2248179887
-0.2640741268
-0.2673785693
-0.2818980442
-0.1617132969
-0.1971867507
-0.2217448320
-0.2138547686
-0.0830349149
-0.2385428611
-0.3321081444
-0.2640794675
-0.2523089593
-0.2993074374
-0.2404751546
-0.1454302672
-0.1204982224
-0.3954975191
-0.2346946430
-0.2339651846
-0.0790101661
-0.0824300557
-0.1495206920
-0.3273981698
-0.3503201210
-0.2119711955
-0.3253486911
-0.2087657124
-0.2061606311
-0.1411439707
-0.2503637283
-0.0941037056
-0.1601552859
-0.2368996681
-0.0375481365
-0.1463903633
-0.1533852634
-0.1633589044
-0.2270572824
-0.1712428175
-0.0974252155
-0.1451913190
-0.2462979663
-0.2368452905
-0.1715833690
-0.2055160869
-0.2466711957
-0.1155826114
-0.1880453554
0.0072136443
-0.2558723436
-0.0700062626
-0.1752400211
-0.2157677698
-0.0000842323
-0.0370902778
-0.0773591041
-0.0457507154
-0.1050036307
-0.1480662456
-0.1957531120
-0.2162766423
-0.0348324951
-0.1317256754
-0.1745955457
-0.0412789999
-0.1123222843
-0.0952283858
-0.1779315742
-0.0421731940
0.0166519760
-0.1553856090
-0.0993105851
-0.1384679266
-0.0092277166
-0.0472603652
-0.0663760349
-0.0171287190
-0.0451143749
-0.0577830019
-0.0617189098
-0.0468625793
-0.0248439675
-0.0196145664
-0.0116538546
0.0102920293
-0.0392874872
-0.0067593992
0.0527273252
-0.1122656589
-0.1172595012
-0.1648595121
-0.1457435270
-0.0425898867
-0.0257476971
-0.0134573289
-0.1314490213
0.1516740133
0.0132158314
0.0141676419
-0.0659690885
-0.0675772840
-0.2101891646
-0.0463701554
0.1280901459
-0.0041335830
0.0324618299
-0.1422442188
-0.0712613390
-0.0308810466
0.0209360650
-0.1272840784
-0.0493255525
-0.0538619513
-0.0354150629
-0.0256824035
0.0302713322
0.0484083887
-0.0132582899
0.1158533635
-0.0596712769
-0.0950893397
-0.0857151435
0.0991708709
-0.0125612223
-0.0518121061
0.0052436676
-0.0832901665
0.0691868566
-0.0006122005
-0.0004992022
0.0747727356
-0.0852191834
0.0396797289
-0.0203801873
0.0537966672
0.1381329634
-0.1231134576
0.1325123615
0.0439660079
-0.0121296149
0.0398143391
0.2060770938
0.0761761426
0.0221109780
0.1278434094
0.0858726409
0.0783787831
0.2062767733
0.1083944119
-0.0597435549
0.1259297854
0.2175411246
-0.0394974136
0.0556373248
0.1583845861
0.0833769842
0.2326906081
0.1111932414
-0.0193629786
0.0084530879
-0.0011018589
0.0343023462
-0.1462149742
0.0920319565
0.0409332698
0.0251840196
-0.0251178262
0.0087490802
0.2639336302
-0.0436157888
0.1462079957
-0.1326713879
-0.0783390393
0.0212404754
0.0880121449
0.0992683876
-0.0268183080
0.1043856907
0.1812451426
0.2164798162
0.1516056641
0.1490931479
0.0948313991
0.1423848403
0.1408953143
0.0843119221
0.2055369954
0.1332683376
0.1437643419
0.2840613260
0.1359460256
0.2016042013
0.1258377062
0.0536250980
0.3437917551
0.0978332969
0.1223952018
0.1867005147
0.0869854512
0.1903151396
0.2277921542
0.1704407304
0.2051440292
0.0913783527
0.2326711858
0.2334722731
0.0398116005
0.0482308733
0.1825744105
0.1687790899
0.0966318009
0.2261879023
0.1632046337
0.1507722653
0.2078099649
0.2469064439
0.2667691297
0.1068112396
0.2843714904
0.1147094525
0.4207869663
0.1331914143
0.2881856239
0.2686352652
0.1917842356
0.2743943241
0.2573277772
0.1158613679
0.4184370743
0.2953881586
0.2193994980
0.3093430144
0.1872142131
0.2650636724
0.1663270514
0.2324774720
0.2665621085
0.3037788007
0.0151123729
0.2410117002
0.2162483596
0.1818424960
0.2171204093
0.2436196248
0.2555892946
0.2300289177
0.3122280448
0.4204684298
0.2347509420
0.2158549849
0.1366219912
0.2542050710
0.3532306520
0.2066362709
0.1971496354
0.2282689812
0.3326741565
0.3430932923
0.3992386429
0.4444487635
0.2561494655
0.3503693684
0.2957669995
0.4083573001
0.4202271560
0.2755794922
0.2467389500
0.3524123209
0.1404642188
0.2778825319
0.3209122140
0.3997975635
0.3148744260
0.1379099571
0.3279843469
0.2770231684
0.3073276265
0.1299969693
0.2884607213
0.2168261501
0.2638486261
0.1251274168
0.2547044826
0.2535361487
0.2399346188
0.4360801892
0.2504334145
0.3633516417
0.4498746965
0.3050188048
0.4161200578
0.3083734087
0.4415445452
0.3148836678
0.3753019665
0.3749643552
0.3069146485
0.3937875258
0.3411883437
0.4128147960
0.2779218359
0.4554012735
0.3495325919
0.2792920354
0.4319584815
0.3663817588
0.5269863654
0.4762994512
0.3075933578
0.2968730735
0.3400866190
0.4225377314
0.3578834834
0.3855403659
0.3416192519
0.4488501103
0.4102781373
0.2282645962
0.1953425221
0.3882020398
0.5320802013
0.4401618125
0.4769358510
0.3257368453
0.3488191903
0.4761686413
0.3576688950
0.3664863543
0.2206367522
0.3976341903
0.3836292346
0.4231128863
0.4583819169
0.3715620966
0.5433904339
0.4544044617
0.4576121197
0.3885696540
0.4980082384
0.2661641475
0.4780096563
0.4116379293
0.4636627483
0.5401742578
0.4348796499
0.4968350840
0.4136795680
0.3053243202
0.4149180113
0.4412017639
0.3668923882
0.5225608604
0.4311469092
0.6568197273
0.3973347342
0.5244685018
0.4227347296
0.4391466442
0.4203258950
0.4596525939
0.4922873191
0.4265582198
0.5514395185
0.2739903200
0.4985758541
0.4619423016
0.5010267133
0.4622823660
0.4371247473
0.4870757858
0.4991206970
0.4499549628
0.4535607352
0.4961632841
0.4175534313
0.4447444587
0.5031517396
0.4011296283
0.3925988868
0.4874904050
0.3717304638
0.6225635568
0.4624662070
0.5982449925
0.5260221655
0.5342987911
0.5511367286
0.4540115194
0.4093290444
0.6416949450
0.3828302766
0.4962042519
0.5175684931
0.5186671936
0.5425199479
0.5229660116
0.6426092966
0.4709291160
0.5136361242
0.6110255043
0.4694693007
0.5632585624
0.5835689267
0.6243324178
0.5112444875
0.4098205912
0.6872103310
0.5587614604
0.6060426747
0.6371195117
0.5367056042
0.6460258078
0.5166920812
0.6423478477
0.6162115802
0.5809585172
0.6868164824
0.4937414576
0.5342414473
0.5047409909
0.5002587272
0.7139277927
0.6036095456
0.6085516509
0.5893323085
0.6828045069
0.6434323057
0.5740236845
0.6136458974
0.6506101299
0.6344772884
0.5933175877
0.6608807440
0.7882167307
0.4574394329
0.5993114874
0.7002839984
0.7507951588
0.5201610242
0.7049322176
0.5948379518
0.6070016005
0.5473517690
0.6520179811
0.5941781817
0.7849382578
0.8762120895
0.5588950670
0.6203974251
0.4998194374
0.6783616884
0.7623677333
0.7103874217
0.6124863592
0.6584166498
0.6612281175
0.5926169442
0.7519478517
0.7150597543
0.6821293940
0.7946800322
0.7422022290
0.6523536247
0.6960174621
0.7580190323
0.6913304541
0.7228226698
0.5712036739
0.6011223309
0.6743882062
0.6575271171
0.8457089836
0.7603197399
0.8568409354
0.6882376700
0.7296842038
0.6243347923
0.5384930431
0.6587185155
0.7270384273
0.8051459295
0.7263541104
0.4865654250
0.6701857479
0.8360181901
0.6922541449
0.8286891155
0.7487275617
0.7498313704
0.8741422876
0.6577622653
0.6623510645
0.8076786423
0.6811710480
0.7493667162
0.7011585946
0.7577451519
0.6185542716
0.8255469525
0.7121879116
0.5911025376
0.6687689533
0.6991077518
0.8059193363
0.7042512194
0.7499144478
0.7536319367
0.7901345279
0.8771594593
0.7203299154
0.7778938398
0.8290373039
0.7067990918
0.7930962148
0.8066155709
0.8081890135
0.8895120705
0.7903552666
0.7125558122
0.7414805482
0.7380581397
0.6918254406
0.7707700934
0.7282935623
0.8410714587
0.8394182672
0.8072572386
0.7949461973
0.9458416451
0.8396664555
0.9906072344
0.8674484561
0.6243132155
0.7775588489
0.7664712851
0.8470430115
0.7883679311
0.7928173654
0.8358752230
0.8905628016
0.7295291179
0.8178911187
0.9670192406
0.8344648171
0.9603321990
0.8498365488
0.9332008322
0.9263067531
0.6833739851
0.7483311559
0.8201782904
0.9450278006
0.8535876239
0.9568912424
0.9795602506
0.8317547665
0.8074695376
0.7559229911
0.8521895225
1.0584984404
0.9862244640
1.0037701880
0.8260961393
0.8808207698
1.0038174678
0.9568764294
0.8291656227
0.9074968537
0.8391702899
0.8978202156
0.8704528933
0.8256845684
1.0213693561
0.8679218690
1.1817203332
0.9954896385
0.8108675252
0.9561209259
1.0713387047
1.0424746149
0.9138719521
0.9203533081
0.8513839698
0.9720375368
0.8771941735
0.8614242759
0.9456189514
0.8143796643
0.9236849114
0.7789077217
0.9651136083
0.9565243531
1.0766074603
0.9880613015
0.8800979123
0.9340422784
0.8211388424
0.9386306061
1.0753646578
0.9247000878
1.0799837404
1.0675897026
1.0566564085
1.0858343445
0.9941281485
0.9634305864
1.0046946405
1.0040214356
1.0417427926
0.9127666180
1.0848908551
0.9724509991
1.0209377532
1.0785930543
1.1347995581
1.0323539607
0.9621628679
1.0689666178
0.9064152255
1.0482755409
1.1177916113
1.0928568530
