-1.0778273659
-0.8911132040
-0.8346799391
-0.9721499566
-0.9527179775
-0.9837925347
-1.0381851927
-1.1375046715
-0.9429162326
-1.1206599744
-0.9762257864
-0.7907457249
-1.0230015717
-1.1279116228
-0.9942132975
-0.7793067160
-1.1391019176
-1.0840446693
-0.9544182281
-1.0253608622
-0.8701865443
-0.9473913428
-0.9695384229
-0.9840512601
-1.0647822614
-0.7569162878
-1.0814364135
-0.8630223493
-0.9532381869
-1.0233328555
-0.9740838335
-1.0887010754
-0.7005782877
-1.0286963520
-0.9344773333
-1.0219456759
-1.0410675713
-0.8949675722
-0.9422851307
-1.0062441066
-0.8554043015
-0.8830351530
-0.9881235579
-0.8639730095
-0.9698372735
-0.9073129064
-0.9708487893
-0.8188616136
-0.9157987705
-0.8366153387
-0.6984429930
-0.8372285062
-0.9204110773
-0.9020166848
-0.9872210740
-1.0084589311
-0.9758277999
-0.8315176510
-1.0880232349
-1.0205914443
-0.8291824496
-0.9357346496
-0.7323424457
-0.9278133859
-0.8425775566
-0.8043782228
-0.7552266844
-0.9811771476
-0.9299905128
-0.7416737573
-0.8247784156
-0.9422220042
-0.8889826887
-0.9695679421
-0.9321629459
-0.8548569801
-0.8564972609
-0.7862650291
-0.8687927842
-0.7759388279
-0.8941468511
-0.9064012064
-1.0602238857
-0.9012501255
-0.9127372913
-0.7485712552
-0.6269800211
-0.8986192967
-0.7274478417
-0.7080675645
-0.9951532030
-0.6839222946
-0.9074756081
-0.7781189190
-0.9031814201
-0.8352486447
-0.8706782616
-0.8162188533
-0.7280967241
-0.7529886542
-0.7599695654
-0.6460271541
-0.8409260161
-0.7425112155
-0.7567695188
-0.7331552842
-0.5402276744
-0.8181250289
-0.7404256155
-0.8446628358
-0.8470271361
-0.7771356920
-0.7340254506
-0.7184916467
-0.8151740988
-0.7965353586
-0.7834117227
-0.5495866334
-0.7115755796
-0.7886496516
-0.7608524023
-0.6135964716
-0.7203963539
-0.6589584574
-0.7828164849
-0.7695490431
-0.6798025446
-0.7408496867
-0.5995656192
-0.5817753672
-0.8734623734
-0.6928144910
-0.7762835402
-0.7108625394
-0.8002610639
-0.6072945835
-0.5344356176
-0.7234424748
-0.8753479492
-0.8270455206
-0.6959144775
-0.6739231122
-0.7008461704
-0.6928301363
-0.7257151872
-0.6990534266
-0.7085683613
-0.6153172246
-0.7991834432
-0.7634917474
-0.7791315124
-0.6882578837
-0.7726484451
-0.6021090145
-0.7010443318
-0.8524339399
-0.7139005624
-0.7358208344
-0.6325681781
-0.6742129431
-0.6001670328
-0.5942455891
-0.7977308349
-0.7570007038
-0.8282534878
-0.7108569154
-0.6150944169
-0.6362315393
-0.7053314803
-0.6039080997
-0.6766526675
-0.6210275369
-0.5589188268
-0.6840864473
-0.6533985094
-0.7432330840
-0.5291187142
-0.7560055176
-0.7714595468
-0.5453952149
-0.7028428672
-0.6678570855
-0.6358574018
-0.6856882140
-0.5459717350
-0.6576996092
-0.5565267715
-0.5541270625
-0.6752358856
-0.7314080896
-0.6216877660
-0.5039538748
-0.6350780091
-0.5394810754
-0.6555765991
-0.5199201032
-0.5946299183
-0.6471271036
-0.6661864583
-0.6013195825
-0.6038805429
-0.6982653692
-0.6951867577
-0.6540909955
-0.5756265485
-0.5567286790
-0.7464205680
-0.6115018702
-0.6500106619
-0.5995254447
-0.6544376773
-0.7201689685
-0.6348630523
-0.6060019210
-0.6595939127
-0.6843336286
-0.4498642942
-0.5921090970
-0.4571764890
-0.5908170301
-0.4504364913
-0.6075153483
-0.6377680481
-0.5595187066
-0.5700325148
-0.6162907407
-0.5516647831
-0.3873900635
-0.6832636646
-0.4562104563
-0.5572270811
-0.6292545859
-0.6499525165
-0.5442395380
-0.4670712934
-0.5116318323
-0.5537757512
-0.4886014472
-0.4815312118
-0.5892050088
-0.4575592835
-0.7685480446
-0.3531740375
-0.4998058391
-0.4946602047
-0.5469046902
-0.4807953007
-0.5674934004
-0.5862761140
-0.3518085978
-0.5427669602
-0.6183413635
-0.4582836863
-0.6311459226
-0.3706170503
-0.4317737126
-0.5317362039
-0.5005207531
-0.3503267307
-0.3590425043
-0.3528704738
-0.5079332247
-0.5097890699
-0.4496057645
-0.5665487270
-0.3219651747
-0.2526632340
-0.4449264770
-0.4822589536
-0.5762213330
-0.3192616870
-0.5476203008
-0.4527568323
-0.3809826226
-0.4935485756
-0.3511987684
-0.5233905754
-0.4384269267
-0.4888216813
-0.5925935337
-0.4617457903
-0.3701081637
-0.4873251416
-0.4848892477
-0.3040294788
-0.3400918408
-0.2124270233
-0.4103362335
-0.5052359094
-0.4285787745
-0.4342208962
-0.4852767941
-0.4288372472
-0.3875131384
-0.2873489841
-0.4263456764
-0.4527947933
-0.4384174005
-0.3556262182
-0.5351979620
-0.2458888487
-0.3646873564
-0.3441330573
-0.2688746916
-0.4882338560
-0.3789565039
-0.3917225172
-0.4861155982
-0.3298755495
-0.0947901441
-0.3692940338
-0.3790931816
-0.3618537778
-0.4040911892
-0.4533589261
-0.4647036524
-0.2161488131
-0.3657838345
-0.3973881089
-0.3582407741
-0.3739534110
-0.3432132200
-0.3570346978
-0.2079940720
-0.3463361035
-0.5422268856
-0.2823410818
-0.5109098460
-0.3086742043
-0.4510998525
-0.4367611469
-0.3578159665
-0.4097578509
-0.4139975555
-0.2845946114
-0.2327602737
-0.3218900382
-0.4078038024
-0.2645713424
-0.3480967353
-0.2266026847
-0.2204431179
-0.4343444432
-0.3909014925
-0.4619080902
-0.3048058688
-0.4268875005
-0.2829388600
-0.3229787134
-0.1256001519
-0.3177900203
-0.2941400080
-0.1935081302
-0.3087389648
-0.4377992483
-0.2783801085
-0.2096764773
-0.3712316435
-0.2926858479
-0.4509768117
-0.2963202491
-0.2343952051
-0.1661659015
-0.4293334064
-0.3012319763
-0.2103851051
-0.3972588375
-0.3728738436
-0.2586348752
-0.2397215772
-0.3109115352
-0.3498420770
-0.1896941814
-0.0986949643
-0.4293294650
-0.1893440867
-0.2915325900
-0.2674293555
-0.1601679060
-0.2617571382
-0.1507526823
-0.2574873042
-0.2033585092
-0.3924156802
-0.1835376870
-0.4124918929
-0.2752909778
-0.4537024940
-0.2445885605
-0.2112732163
-0.0773476074
-0.1988681165
-0.2983176555
-0.2265654099
-0.2552313705
-0.1364504296
-0.0532127340
-0.2268963863
-0.2725579435
-0.2240817259
-0.1970036397
-0.1844951945
-0.2140803002
-0.2129987847
-0.2296396791
-0.1525226876
-0.2240650206
-0.2157863852
-0.1195120329
-0.2021186672
-0.2628275404
-0.1878621560
-0.2229658123
-0.1419694180
-0.2443139251
-0.0659602360
-0.1286780787
-0.1336963754
-0.0983957743
-0.2437803323
-0.1493064110
-0.0344762557
-0.0632525713
-0.2278662670
-0.0941669753
-0.1122888225
-0.1573259991
-0.2034655765
-0.1895380368
-0.1321080973
-0.2189200885
-0.0375981488
-0.0661705629
-0.0035585869
-0.0263977264
-0.1461624276
-0.0154985658
-0.1215175831
-0.1016934538
-0.0921249896
-0.0559669758
-0.1260577097
-0.0975203253
-0.0001296466
-0.2439423589
-0.1297176266
-0.0826101041
-0.1327502364
-0.1338710453
-0.0925654216
-0.1638175758
-0.0354552696
-0.2402123048
-0.1383957863
-0.1363773282
-0.0270537453
-0.1211843780
-0.0895630456
-0.0248537319
-0.1696439626
-0.1292372539
-0.0882481704
-0.1193107348
-0.1872912895
-0.0499585743
-0.1809272391
-0.0772787794
-0.1232508118
-0.0631813765
0.0625446296
-0.1755517155
-0.0797344110
-0.0507603530
0.0041613441
-0.0150496001
-0.0140309811
-0.1545145048
-0.0347543819
-0.0071341552
-0.0796629402
0.0591459817
-0.0949287508
-0.0567281075
-0.0562259242
0.1158063010
-0.2896101303
-0.0692156890
-0.0760676307
-0.0950377747
-0.0601593072
-0.1307123437
-0.0093989315
0.0256341213
0.0394110400
0.0875845853
-0.0357204490
-0.1186752248
0.1305437556
-0.0187850438
0.0397332880
0.0608681047
-0.0430417526
0.0348010558
-0.0450139003
-0.0199523860
0.0515731383
-0.0290149361
-0.1475439152
0.1687128346
0.0236564946
0.1786958605
0.0636974319
0.0760971791
-0.0658991458
0.0595317476
0.0039440992
-0.0038842216
0.0787303282
-0.0545972932
0.1430522508
0.0386091734
0.2372741113
0.2331953648
0.1069367099
0.1493211563
-0.0413980727
0.0461998356
-0.0625387046
-0.0397334077
0.1436082507
0.0069833723
0.0585042158
-0.0081764303
-0.0350755995
0.0302342253
0.0951914953
-0.0303755848
0.0272057892
0.0869219699
0.1171818411
0.0393046629
0.0833512239
0.0815207741
0.1432089775
0.0174046104
0.0381038452
0.1237451075
-0.0216092768
-0.0189553500
0.1539659189
0.1740142226
0.1894336453
0.0850100353
0.0261027911
0.0447729591
0.1646172544
0.1951083461
-0.0031098066
0.3702335946
-0.0163216075
0.1121957816
0.2435251114
0.0383781178
0.2576341422
0.2387323583
0.0823088278
0.1518475593
0.2476470713
0.1599388842
0.2382357756
0.1391149572
0.1393157563
0.0766982224
0.1331703015
0.2715900061
0.1291393946
0.2417832767
0.0360008968
0.1734338669
0.1322578145
0.1709842812
0.0986571417
0.1867133353
0.2396699404
0.1026097022
0.0772708587
0.1764397866
0.2992777460
0.1935464751
0.1447310291
0.2092714111
0.2606516222
0.0698999095
0.1017104600
0.2365890657
0.0745927127
0.1906450891
0.2918351418
0.1889587703
0.1623554627
0.2528220208
0.2331746743
0.1547020915
0.1310034433
0.0820286786
0.3706744477
0.1296733927
0.1815348493
0.2590010474
0.3643236801
0.4061126669
0.4135440034
0.1734645155
0.2199488655
0.0532166914
0.4378809220
0.1970455065
0.1951417598
0.2217888157
0.2091566224
0.2691582236
0.2123779658
0.2376391718
0.2200874063
0.2442034109
0.4152861741
0.1775077272
0.2186552717
0.1439424516
0.1706923394
0.3099232852
0.3303897250
0.2341334887
0.1509566168
0.3724140055
0.3157894277
0.2029371724
0.3279817008
0.2836323525
0.2172169948
0.3202645882
0.1445538593
0.3440989885
0.1514540679
0.1926324625
0.3465561296
0.3049752518
0.2811166709
0.2470298479
0.2660272490
0.4597094911
0.3509842736
0.4307629549
0.3036143676
0.2715214881
0.2942387020
0.2564001133
0.4158926162
0.3101627788
0.2170562901
0.2617905861
0.1957118341
0.4535614461
0.3503144366
0.2817881542
0.3059770133
0.3815457395
0.3288863668
0.2205320369
0.1487058119
0.1628739736
0.3584334658
0.4660459477
0.2850839391
0.3505296311
0.3520948241
0.3687788124
0.4111864030
0.4960036706
0.3804808438
0.3615686994
0.2515650731
0.4270958753
0.4763026261
0.4679447641
0.3172880797
0.4632537144
0.3041445633
0.3657663237
0.2298969349
0.2751782665
0.3566668030
0.3468552447
0.3697389084
0.2088610591
0.3718848554
0.3191611973
0.4058117972
0.3663767884
0.4215666179
0.4728108213
0.5174082495
0.4591722495
0.2662091216
0.3758986334
0.3647956172
0.5376408432
0.4082564722
0.4220125998
0.4428078077
0.4374409306
0.4663457706
0.4057424133
0.5933526959
0.4613655199
0.3578749037
0.2832877225
0.3684858090
0.3781120741
0.4760181253
0.4941334395
0.4837787637
0.4920952861
0.3204401395
0.4873178412
0.2661247878
0.3829989281
0.5734839310
0.5729777419
0.5716233586
0.3325303217
0.4519640217
0.3883603948
0.5509519248
0.3410945593
0.5354995112
0.3134125581
0.4317456521
0.3155775142
0.4075745666
0.4686373994
0.4766860281
0.3099818286
0.3686934338
0.4829184551
0.6036335083
0.5423331770
0.5973757801
0.5256991541
0.4288255391
0.6451554583
0.5334143751
0.4270485845
0.5027497861
0.3744308834
0.4374995151
0.5048964958
0.5170706221
0.5004393914
0.6726921543
0.4972960385
0.6041526049
0.5572653121
0.5249684148
0.5359507505
0.3524575957
0.3865130885
0.5633642108
0.4476484221
0.5002385941
0.4065133663
0.5534989277
0.4995226766
0.5114927381
0.6945212718
0.5027748533
0.5107210644
0.5381938644
0.6185122395
0.5546394455
0.6397585337
0.5381065392
0.6545667985
0.5413224092
0.5533577635
0.6444634024
0.5250423132
0.5685856493
0.5737349024
0.5456377283
0.4325683148
0.5440022306
0.5552157777
0.6246439016
0.5553473183
0.5664450042
0.6064900552
0.6988179979
0.6538440391
0.6703166075
0.5960936239
0.5673618777
0.6145018491
0.7287059823
0.6629659905
0.5653116061
0.7158611010
0.6381869618
0.6730606266
0.6492689341
0.6514909181
0.4822222192
0.6779545213
0.6690428320
0.8158833225
0.5122879190
0.6259292006
0.6831629307
0.7129195322
0.6437807126
0.5843390690
0.6848727435
0.7837811793
0.6352826934
0.7041762878
0.6695534223
0.5241382227
0.6947923275
0.6779002992
0.6657316965
0.6183262255
0.6190987878
0.6206287177
0.7587564153
0.6911699401
0.7733545131
0.7497443879
0.6260634054
0.6259964289
0.5219785510
0.7093513576
0.7195296875
0.8102787343
0.7088807983
0.6500850855
0.6476106914
0.6902656065
0.5707876724
0.5124876398
0.4668058325
0.7149098195
0.6936495042
0.6507484906
0.6185639768
0.4792906735
0.7243851203
0.9143076690
0.6852225615
0.7600430844
0.7984379288
0.7327986947
0.6709615233
0.8225707549
0.8385947316
0.6888697708
0.6114473142
0.7132774793
0.7175913193
0.7711518634
0.7389661476
0.7870140496
0.7054396996
0.6927934453
0.6834026748
0.6365254091
0.6448917859
0.7991450656
0.7913309332
0.6770007576
0.6981421146
0.7066877763
0.8201131715
0.7013284389
0.8092994737
0.7441225127
0.6903717712
0.6938094490
0.8489368392
0.7231944165
0.7793021710
0.8993095964
0.5978885619
0.9003843224
0.8337432739
0.8725115454
0.8306422451
0.7161800465
0.7086556942
0.8435013807
0.7475684659
0.7544950982
0.7041806980
0.7269374632
0.7542643656
0.7037117959
0.8690540208
0.8313910544
0.8338080047
0.7725173329
0.8564905919
0.9348172311
0.8624423922
0.8414304349
0.8927974796
0.8955124665
0.7307974245
0.9359186375
0.9324321703
0.7792726881
0.8559375371
0.8675960660
0.7833123997
1.0057331397
0.8933096834
0.7939322993
0.8707196132
0.7475459880
0.7233779769
0.8206269640
0.7953164228
0.7555792438
0.8685478530
0.8727121589
0.8829648932
0.8074763100
0.8660282253
0.8885384686
0.8994752014
0.9279003852
0.9815614552
0.8485335828
0.8785639487
0.8810326014
0.8176138115
0.9491086406
0.8275591153
1.0456157069
0.8585358218
0.8634770598
0.8459725938
0.9648055332
0.9249141409
0.9069256936
0.9502525471
0.8696920698
0.7699583221
0.8410173052
0.8517119727
0.6743154911
0.9208897807
1.1034854928
0.9795675056
1.0030171207
0.9117860233
0.9025603821
0.9808104207
0.9568336023
1.1440223634
0.7928253073
0.9609924738
1.0211535794
0.9056817200
0.8764707225
0.9302812682
0.9136967936
0.8855285708
0.9273305804
0.9179474761
0.8181163140
0.9910500362
0.9995769085
1.0449080565
1.0017782253
1.0147948000
0.8376649056
0.9889255038
0.9997859420
1.0695318079
1.0246710304
0.8917272504
0.8534068831
1.0787599897
1.1868283555
0.9644168748
0.8341371359
0.9063639756
0.9652319965
0.9363472253
1.0118733227
0.9459981665
