-1.1422358917
-1.0791484583
-0.9964813354
-0.9891623010
-0.9989088813
-1.1012029466
-1.0778145373
-0.9067026146
-1.0781925683
-0.9766799689
-0.9424561552
-0.8181530071
-0.8971978484
-1.0462713647
-1.0162010231
-0.9174696874
-0.9218421218
-0.8635368147
-1.0334754695
-0.9703273004
-0.9121491931
-0.9176551624
-1.0208828074
-0.8082575398
-0.9420918875
-0.8359978285
-1.0144388645
-0.9668012991
-0.9579297078
-0.9616221865
-0.9342136161
-0.8316383591
-0.9313605026
-1.1301509639
-0.7963643929
-0.8539045367
-0.9435505204
-1.1244796398
-0.8624491231
-0.9013086486
-0.7069384550
-0.8284362952
-0.9041730066
-0.9539184114
-0.7630773038
-0.8472690487
-0.9063691052
-0.8792487206
-1.0014245447
-0.9171356170
-0.8893201132
-1.0817970244
-0.8728482415
-0.8322209687
-0.8767548237
-0.7867238972
-0.9096548250
-0.9945769976
-0.8323852888
-0.8994416393
-0.9197320358
-0.8590031437
-1.0545366508
-0.9478044644
-0.8529104153
-0.8047797614
-0.7509424282
-0.7394566059
-0.8617718611
-0.9559569149
-0.8168089748
-0.9390627062
-0.8040978080
-0.9521314894
-0.9064455213
-0.9017096468
-0.7049093018
-0.7876601323
-0.8756617654
-0.9636887601
-0.7585324956
-0.9473469348
-1.0281593672
-0.9040993865
-0.8783975547
-0.8081484467
-0.6830444821
-0.8865537603
-0.8667520181
-0.7654293591
-0.8161190481
-0.8549723743
-0.7611517441
-0.8351572293
-0.7651827011
-0.7404490002
-0.8189178312
-0.8461068170
-0.6693299837
-0.8423501849
-0.7109479105
-0.7570214088
-0.7297678259
-0.7446979533
-0.7610258835
-0.9144842554
-0.7698133472
-0.7328004342
-0.7814970518
-0.7488857375
-0.9208226244
-0.6651730544
-0.8026245876
-0.7409697724
-0.6765066751
-0.8337154238
-0.7369899224
-0.6158043164
-0.8740545849
-0.7838803844
-0.7651902254
-0.8106767852
-0.9182080299
-0.7300481355
-0.8299311231
-0.8210555308
-0.6371425393
-0.6977684629
-0.8396527826
-0.7842573373
-0.8324763015
-0.8535917444
-0.7400086249
-0.7213397261
-0.6585835490
-0.7063624818
-0.6922481134
-0.8054273289
-0.5610922401
-0.7260653179
-0.7268887472
-0.7247637375
-0.7165232074
-0.7300796383
-0.6866205369
-0.8710061561
-0.5121141920
-0.6260123431
-0.7100780093
-0.8244677561
-0.7120354040
-0.6213942589
-0.6411624115
-0.5972180197
-0.5978313202
-0.5401890234
-0.6192497991
-0.7914225486
-0.5859079368
-0.7766960033
-0.6368771210
-0.8552972546
-0.7648096875
-0.8894992223
-0.7978185416
-0.6067200889
-0.6908316334
-0.7275134789
-0.6634426843
-0.6473295688
-0.7165636464
-0.6100983890
-0.5050004742
-0.5745435714
-0.6696190738
-0.6479287482
-0.6211396726
-0.7874899625
-0.5505664237
-0.5646691136
-0.7116097390
-0.6745214936
-0.7205803977
-0.5177129978
-0.6393291557
-0.6229195208
-0.6167876345
-0.5641326566
-0.7376264446
-0.6456524706
-0.5789417955
-0.6247384378
-0.6907921629
-0.6631210826
-0.5949641305
-0.6525462594
-0.6305539118
-0.7054939057
-0.6778050031
-0.6627685195
-0.6582860573
-0.6732724464
-0.7245072196
-0.4985036791
-0.3621672925
-0.5375928660
-0.5948430128
-0.5893993399
-0.5285603401
-0.6581993201
-0.5528602338
-0.4837771230
-0.5803083332
-0.5995099239
-0.6613990122
-0.3958812165
-0.5370911417
-0.4004894250
-0.6441908301
-0.5626282791
-0.4887530597
-0.6354558811
-0.4764747026
-0.5836369973
-0.5380209750
-0.5783899375
-0.5876434038
-0.4517588603
-0.5908138218
-0.5368561262
-0.5647199536
-0.3595953073
-0.6571321758
-0.6177491727
-0.6090295201
-0.6014539930
-0.4087658430
-0.4613512131
-0.6228779839
-0.6061329233
-0.4968948439
-0.5340159975
-0.6076160252
-0.5280364845
-0.4913568990
-0.5133291190
-0.5210056452
-0.4653488409
-0.5011872624
-0.5347054022
-0.6229003610
-0.5173870227
-0.5187893456
-0.5800244849
-0.5186247697
-0.5564929370
-0.6303834452
-0.4472455772
-0.6053072322
-0.4687240068
-0.3797139852
-0.5043488433
-0.5949760459
-0.5306265799
-0.4388032293
-0.6121799848
-0.5006261141
-0.5688729538
-0.4833931108
-0.4815773853
-0.4890729167
-0.4415879300
-0.4319279159
-0.3969218457
-0.5795482333
-0.3940916157
-0.3960625407
-0.4221379489
-0.4938784848
-0.2910073792
-0.5484791998
-0.5021403745
-0.3975636041
-0.3507609687
-0.3594253107
-0.6195694427
-0.4247510194
-0.5634903466
-0.5270463023
-0.4098913605
-0.4144329060
-0.4066371769
-0.3465354678
-0.4879990392
-0.3838397380
-0.5513485541
-0.4038090196
-0.3126577614
-0.3997070344
-0.3804069211
-0.4252323671
-0.4442715480
-0.3592935996
-0.3387341000
-0.4296022385
-0.4671010365
-0.3928331924
-0.3794755436
-0.5031570286
-0.3042224047
-0.4646345196
-0.3804988738
-0.5041017371
-0.4505950900
-0.3906208266
-0.2962148003
-0.3921614276
-0.2137303382
-0.4504684512
-0.4267423943
-0.2781858755
-0.2813703263
-0.3150556693
-0.2944199705
-0.3755317098
-0.2571841389
-0.5151906502
-0.4260707682
-0.3371309376
-0.2126529007
-0.2335848952
-0.3104322112
-0.3154532365
-0.4158835839
-0.4559111517
-0.1541726767
-0.2584058646
-0.3752415675
-0.2468154900
-0.3344404046
-0.3792645648
-0.4348641421
-0.4295663866
-0.3103736097
-0.3075899402
-0.3133468675
-0.4628719913
-0.3817386643
-0.3706857815
-0.1322385817
-0.2203609773
-0.3285221150
-0.1868606348
-0.4009262679
-0.2215306668
-0.3144931417
-0.3882846158
-0.1263666179
-0.2835951992
-0.2994333348
-0.3496091663
-0.2815530581
-0.3253627058
-0.3532308421
-0.3020595247
-0.3726695821
-0.2361852951
-0.3639898103
-0.3657067351
-0.4071834342
-0.2442529880
-0.3372343691
-0.2621012178
-0.2505397291
-0.3137586931
-0.1868171428
-0.2422605846
-0.2291625768
-0.2307023170
-0.2659749734
-0.2633345384
-0.1294716675
-0.2132636762
-0.2442312271
-0.1937674930
-0.0722600346
-0.2404211306
-0.3163245891
-0.2631970477
-0.2412092282
-0.2734863048
-0.2440895105
-0.1375462216
-0.0993024996
-0.4018921730
-0.2326768925
-0.2299525956
-0.0770531471
-0.0540350933
-0.1561641325
-0.3201428212
-0.3223577017
-0.2113841100
-0.3204373841
-0.1981795770
-0.2334883164
-0.1381895477
-0.2529015921
-0.0810992031
-0.1526817499
-0.2134199708
-0.0508951538
-0.1419446971
-0.1683493921
-0.1485431207
-0.2467824814
-0.2015027931
-0.0919950932
-0.1311193719
-0.2470802149
-0.2261082648
-0.1703602431
-0.2165369900
-0.2360504758
-0.1362391066
-0.1858827628
0.0063827547
-0.2757926387
-0.0544528659
-0.1779907596
-0.2091719426
0.0187404281
-0.0261396013
-0.0823181706
-0.0555365830
-0.1013056845
-0.1431221450
-0.2012429675
-0.2391649299
-0.0581851674
-0.1697829498
-0.1710171091
-0.0552691581
-0.0968874442
-0.0756702621
-0.1708863824
-0.0456073299
0.0205875526
-0.1680219358
-0.0945629893
-0.1294256526
0.0145684830
-0.0451799766
-0.0519196014
-0.0194056163
-0.0307149364
-0.0718323105
-0.0671440631
-0.0393549268
-0.0297721514
-0.0623557340
-0.0056621222
0.0016305192
-0.0392101258
-0.0019991565
0.0634411776
-0.0984303877
-0.1387107642
-0.1328252956
-0.1410235741
-0.0442500681
-0.0115189570
-0.0047826888
-0.1377173047
0.1375554480
0.0197291527
0.0017485515
-0.0618260001
-0.0871610523
-0.2141296781
-0.0669779469
0.1356801690
-0.0104573401
0.0731529927
-0.1478367323
-0.0961160246
-0.0298721708
0.0223846275
-0.1165631621
-0.0582759975
-0.0443427717
-0.0116244375
-0.0422350728
0.0137577261
0.0380823825
-0.0069678106
0.0921434080
-0.0708813878
-0.0855948656
-0.1181507977
0.0854580028
0.0300126334
-0.0571089410
-0.0242836219
-0.0718348122
0.0585341271
0.0186643555
-0.0404145820
0.0741529540
-0.0814018386
0.0139321447
-0.0229614596
0.0557088660
0.1443300062
-0.1386508820
0.1360000258
0.0624994296
0.0009474855
0.0336048152
0.1958107540
0.0870797238
0.0099606823
0.1529492970
0.0842826466
0.0587513361
0.1873306411
0.1035603656
-0.0587384349
0.1312598722
0.2067606565
-0.0365208662
0.0475888985
0.1840228804
0.0886251273
0.2456441835
0.1399529359
0.0145682838
0.0221747804
-0.0174601043
0.0257481497
-0.1248321070
0.0942986227
0.0428108735
0.0073685902
-0.0050893022
0.0041401247
0.2847687266
-0.0617702399
0.1415489734
-0.1220171014
-0.0870920028
0.0241910828
0.1095178506
0.1189334679
-0.0406631370
0.1010897232
0.1892747286
0.2012477812
0.1632219371
0.1347841923
0.0861822921
0.1535956674
0.1591192788
0.0980264458
0.2274918985
0.1517317854
0.1222065620
0.2800231557
0.1842474429
0.1981265879
0.1296910315
0.0557259626
0.3428471878
0.1000830694
0.1234536700
0.1810276992
0.0985440338
0.1762531008
0.2051651620
0.1566973424
0.2104493179
0.0939505251
0.2146457344
0.2303652442
0.0420489039
0.0345377588
0.1619268259
0.1874817070
0.1185180842
0.2355135888
0.1592178893
0.1717102676
0.2270506637
0.2213426425
0.2613520785
0.0985704365
0.2824463341
0.1073157529
0.3968678209
0.1462894246
0.2760732380
0.2563628004
0.1836542312
0.2816925204
0.2446880580
0.1452392221
0.4377661831
0.2963974538
0.2067852227
0.2942422641
0.1890423340
0.2630819131
0.1713483236
0.2428442092
0.2975928310
0.3010811536
0.0089418595
0.2399001233
0.2067851905
0.2002709641
0.2250329222
0.2660262543
0.2447257250
0.2330737156
0.2928779536
0.4318005712
0.2398292258
0.2095177045
0.1238596311
0.2694575729
0.3578962451
0.2225256577
0.2080569217
0.2385093157
0.3396940537
0.3300340054
0.3814597789
0.4553263781
0.2398281099
0.3604096423
0.2947984372
0.4043614960
0.3960275003
0.2898129966
0.2594385066
0.3540053475
0.1406704526
0.3020392326
0.3175216706
0.3596695385
0.3137916788
0.1455929125
0.3218460189
0.2844139676
0.2778479403
0.1486905893
0.2962441144
0.2064715664
0.2796914729
0.1174464193
0.2566068821
0.2602814466
0.2756927413
0.4513979028
0.2428686725
0.3932145377
0.4245919759
0.3230683329
0.3935272915
0.3068549812
0.4625136428
0.3121372451
0.3945373519
0.3367218662
0.3292512386
0.4029467476
0.3286291598
0.4064456009
0.2620358469
0.4658089730
0.3451037427
0.2857832870
0.4271268743
0.3730496731
0.5470575832
0.4809288105
0.3371450317
0.2954565649
0.3094024872
0.4281407734
0.3321193142
0.3735609469
0.3562893786
0.4292967387
0.4177912091
0.2348832091
0.1876110635
0.3964221183
0.5233108266
0.4146338499
0.4855371815
0.3473514303
0.3563443026
0.4674454521
0.3764831816
0.3718228529
0.1970806110
0.3730700202
0.3733200100
0.4190102177
0.4516691395
0.3738365651
0.5505926771
0.4602175611
0.4496762827
0.3750497731
0.4923517827
0.2563369545
0.4774300668
0.4181976061
0.4684932805
0.5266875874
0.4316976804
0.4820769144
0.3998576494
0.3137967270
0.4162432461
0.4484973543
0.3624958181
0.5195028694
0.4209864199
0.6434403225
0.3964098398
0.5222006135
0.4139607584
0.4494047598
0.4172427931
0.4721327892
0.5110530146
0.4292850196
0.5508969545
0.2770982704
0.4676869243
0.4597285084
0.5055856865
0.4628442246
0.4362750435
0.4910666153
0.4614223479
0.4764449911
0.4601821228
0.5151621836
0.4350575264
0.4453351225
0.5233540381
0.4044113220
0.4132783244
0.4920464332
0.3429285055
0.6250756896
0.4623429405
0.5890539732
0.5296110077
0.5116421474
0.5584803760
0.4935394331
0.3741989234
0.6653751666
0.3856212713
0.4835214836
0.4945848790
0.5271639088
0.5436093545
0.5405298448
0.6505534238
0.4925197164
0.5152744705
0.6171533407
0.4455820492
0.5666525502
0.5746159828
0.6181409479
0.4956455739
0.3977049971
0.6836791568
0.5666353964
0.6013051578
0.6221046536
0.5440432004
0.6407677906
0.5152041746
0.6461420390
0.6199705200
0.5801288302
0.6971424271
0.4718455207
0.5479948705
0.4901822821
0.4837186900
0.7004005934
0.5970886323
0.6232632946
0.6112677382
0.7045209140
0.6367384233
0.5691041884
0.6075396948
0.6646351763
0.6474359214
0.5829554598
0.6574699713
0.7853566482
0.4740368488
0.6031193842
0.6883703967
0.7530771884
0.5391812252
0.7017530714
0.5905965870
0.5934664580
0.5712543280
0.6520647914
0.6299740649
0.7617188638
0.8740353578
0.5316976346
0.6314613176
0.5162838704
0.6916509047
0.7440515001
0.7100629443
0.6372040316
0.6689493428
0.6799323003
0.6013355474
0.7256752771
0.7057947448
0.6809300998
0.8174582533
0.7467170753
0.6417705096
0.7103826538
0.7717920550
0.6710877062
0.7251022055
0.5852178120
0.6212026171
0.6773870473
0.6631443864
0.8277955209
0.7325556132
0.8692397167
0.7093484261
0.6873157225
0.5934507896
0.5373563560
0.6507306188
0.7206750524
0.8145624383
0.7354111144
0.5033534654
0.6590205145
0.8270421785
0.7101142791
0.8028416435
0.7286621529
0.7487451698
0.8978682250
0.6403813151
0.6904937840
0.8408257240
0.6918975779
0.7492062431
0.6911202953
0.7602458779
0.6176314595
0.7948603451
0.7049400715
0.5634982145
0.6449535492
0.6877204179
0.7927248727
0.7110102461
0.7160262511
0.7386069626
0.7775140162
0.8918757710
0.7411683991
0.7818962380
0.8320203117
0.7042091995
0.7977303318
0.8078297650
0.8099114495
0.8658154639
0.8166335934
0.7022833572
0.7248986707
0.7321511165
0.6908585279
0.7977929193
0.7238391617
0.8332666817
0.8325334371
0.8081982796
0.8055724051
0.9688474658
0.8316382134
0.9708802553
0.8490025846
0.6193451490
0.8008183224
0.7657566201
0.8469742318
0.7829914800
0.8122446497
0.8502205536
0.8697308522
0.7189254760
0.8106156495
0.9441343372
0.8370562331
0.9344405127
0.8375683606
0.9167520127
0.9410176589
0.7059994459
0.7685552058
0.8173747994
0.9418503147
0.8621544011
0.9474048532
0.9776055708
0.8336871226
0.8181484257
0.7651345848
0.8514967258
1.0503368028
0.9906931459
1.0146630868
0.8204813215
0.8639454967
0.9710190503
0.9791778641
0.8417500597
0.8997744668
0.8565495246
0.8879259482
0.8681873888
0.8234954303
1.0215035985
0.8604217698
1.1759737646
1.0017545981
0.8259013416
0.9507048853
1.0575000806
1.0145367754
0.9264510779
0.9068249327
0.8800926286
0.9815573337
0.8499732277
0.8807301156
0.9759998160
0.8376584168
0.9055844617
0.7846688962
0.9771774176
0.9726796475
1.0630547970
0.9903569576
0.8777752950
0.9160066829
0.8141412632
0.9256587683
1.0833856335
0.9305987819
1.1299018694
1.0732450517
1.0475677497
1.0947100577
1.0102976823
0.9430872920
1.0111790451
0.9968403423
1.0366232320
0.9138149301
1.1040239457
0.9632137349
1.0238792138
1.0677893658
1.1417869239
1.0300645334
0.9566265610
1.0640460026
0.9248573280
1.0423047576
1.1085290706
1.0925016952
