-0.9846459077
-0.9334048800
-1.0084605584
-0.9895764985
-1.0438651223
-0.9352345390
-1.0458087379
-1.0027151051
-0.9109394122
-0.9388791771
-0.9745795796
-0.9343195252
-0.9652817088
-0.9809764035
-1.1212619685
-0.9153022251
-0.9961132567
-0.9208339815
-0.9800182873
-1.0929864447
-1.0637475764
-0.8542770880
-0.8469407352
-0.8998388337
-0.8676849971
-0.9295413484
-1.0136668720
-0.8793844240
-0.9428673941
-1.0282766436
-0.8843939493
-0.8483762956
-0.9187585699
-0.6163147456
-0.9487634166
-0.8263176092
-0.8062224351
-0.9585498113
-0.9019965161
-0.9357962316
-0.9468965262
-0.9605395465
-0.7875722091
-0.9252966211
-0.9904075327
-0.8700363795
-0.7500580246
-0.7492556643
-0.9270803123
-0.9061388708
-0.9880560282
-0.8581381188
-0.7529714655
-0.8111601841
-0.9410776105
-0.9818397612
-0.8197304732
-0.9204145337
-0.8307001915
-0.9471905243
-0.7885352431
-0.8995354566
-0.8491624779
-0.8132814884
-0.7547609276
-0.8299500209
-0.9513086291
-0.8619960145
-0.9587792758
-0.8476266484
-0.8240810990
-0.7919626913
-0.8619779376
-0.8476325023
-1.0043861041
-1.0410870560
-0.9306051110
-0.8874732354
-0.9702978363
-0.9723789151
-0.8679971897
-0.7354729212
-0.7416183502
-0.8473828855
-0.7232601950
-0.8142226887
-0.9095820730
-0.8428162420
-0.8173806612
-0.8390371951
-0.9078863366
-0.7799996213
-0.8391358556
-0.9048279749
-0.7913461062
-0.7358844372
-0.7931000605
-0.8584823975
-0.8948571383
-0.9191189183
-0.8820906494
-0.8252218962
-0.7636156044
-0.7241329657
-0.7943212884
-0.7102405891
-0.6512807666
-0.7699870628
-0.7629699359
-0.7887860956
-0.7001070794
-0.7875640136
-0.7886793785
-0.7186771382
-0.8807361748
-0.6579238796
-0.7841177616
-0.7940528704
-0.6295489968
-0.8341021360
-0.6970533230
-0.6981797363
-0.6828016195
-0.6724209736
-0.5989331417
-0.8704971001
-0.7112122237
-0.7486311934
-0.9373784097
-0.7839186449
-0.7253502209
-0.6421534112
-0.7931023508
-0.7947179501
-0.7854211741
-0.6448479778
-0.6769165515
-0.7770025832
-0.8137192829
-0.8543661444
-0.6663756824
-0.7721490308
-0.6021099367
-0.7594969245
-0.6235023699
-0.7166168156
-0.6219714254
-0.7297165258
-0.8975161966
-0.6210153196
-0.5042546175
-0.6639149099
-0.8665085663
-0.7601246266
-0.6911622626
-0.7413777149
-0.5688817690
-0.7844736481
-0.7648372029
-0.6055387981
-0.7400803535
-0.7476581402
-0.7378575441
-0.6623680140
-0.5318788364
-0.6236867658
-0.5932064295
-0.5858927051
-0.6525003523
-0.7167125483
-0.7146545874
-0.5991940532
-0.6239102360
-0.6586334732
-0.6438819260
-0.5945593852
-0.5515312143
-0.7219196878
-0.6919975326
-0.5698284119
-0.6933322634
-0.6125033457
-0.6443626751
-0.6517136582
-0.5454295645
-0.5801548607
-0.8165479202
-0.5042332669
-0.6510033675
-0.6208290263
-0.6065064476
-0.5111552779
-0.5847255206
-0.6487891522
-0.7443423159
-0.7519453724
-0.6563089814
-0.7246351551
-0.6192311445
-0.5865073296
-0.5425344079
-0.6998184156
-0.5587729049
-0.6027889063
-0.5313979164
-0.6386015577
-0.6095529878
-0.6018377340
-0.6044065955
-0.5258474418
-0.5866617673
-0.4534813101
-0.4602334177
-0.6393693492
-0.5570906013
-0.6258616904
-0.4553284720
-0.5718876496
-0.6283093145
-0.6564944993
-0.5700888171
-0.4233601805
-0.5806233568
-0.5391262685
-0.5818435187
-0.5305396376
-0.5835289339
-0.6040432781
-0.5093415726
-0.7326109807
-0.4972710831
-0.5399616538
-0.3990585267
-0.6457475758
-0.4749562126
-0.6141901160
-0.4473897690
-0.5613828567
-0.4773622736
-0.7441494155
-0.6669979449
-0.6426747003
-0.5081185548
-0.6287391193
-0.5817152883
-0.5830415505
-0.3740459748
-0.4687801346
-0.4131106451
-0.4879663571
-0.4608410937
-0.4853803923
-0.4564165924
-0.4917926094
-0.3750882818
-0.5003202465
-0.5640460388
-0.4676069539
-0.4088429698
-0.4580903431
-0.4672091548
-0.5196539179
-0.3367096959
-0.5292328265
-0.4575624157
-0.4966575682
-0.4844652968
-0.4531311038
-0.5461043358
-0.4903992537
-0.3353294954
-0.3974873941
-0.4871630863
-0.5665881828
-0.4931933256
-0.4594857366
-0.3801621958
-0.3290564658
-0.6014522772
-0.4232652048
-0.4155409245
-0.4502326679
-0.4068686406
-0.3832798018
-0.3742639939
-0.3433976811
-0.4024044976
-0.4814095835
-0.4847828217
-0.3615593813
-0.4434361942
-0.4218501506
-0.2981163237
-0.3657541620
-0.4830186689
-0.5398391773
-0.3972532983
-0.3072286869
-0.3976511320
-0.4736704700
-0.4121589451
-0.3450771108
-0.3988999620
-0.5776158522
-0.3795414716
-0.5855174466
-0.4315459199
-0.3125091656
-0.3407086611
-0.4059759101
-0.4780002492
-0.4858279127
-0.3234829585
-0.4510837656
-0.2151841362
-0.4259165182
-0.3264228691
-0.4074921608
-0.3639392492
-0.3635362233
-0.3215706933
-0.4051473874
-0.4474391527
-0.2086464687
-0.4310182980
-0.3967628248
-0.3962174738
-0.4209246526
-0.2573804329
-0.3202847816
-0.1976311649
-0.3057321949
-0.2562301407
-0.3433551318
-0.3527799512
-0.3065740258
-0.2193935320
-0.3095967535
-0.3148993403
-0.3005150030
-0.2828081368
-0.2467811106
-0.2796994908
-0.4526507781
-0.2694984416
-0.3397182351
-0.2567397525
-0.3771562417
-0.2542719451
-0.3678351934
-0.2558663824
-0.4113219102
-0.3575613090
-0.3073059612
-0.3749889725
-0.2694840793
-0.2490258451
-0.3157445122
-0.2625561418
-0.3589580068
-0.1804981549
-0.4308557345
-0.2377028229
-0.2403513155
-0.2311141823
-0.1667287118
-0.3535966127
-0.2725160821
-0.0719806625
-0.3526592445
-0.1936578825
-0.2570338374
-0.1144209205
-0.2860925193
-0.2389256627
-0.2076077506
-0.3160991464
-0.2486291437
-0.1520024639
-0.2664294602
-0.1472173996
-0.1656218286
-0.1579571780
-0.0967488098
-0.2540451582
-0.2266386057
-0.2230762518
-0.0568131932
-0.2886003473
-0.3143160483
-0.1201949632
-0.2612077777
-0.2825085558
-0.2364469761
-0.2279067727
-0.1918630850
-0.2886751046
-0.2441131090
-0.3096550173
-0.1694192212
-0.2732980393
-0.2067774561
-0.2017197688
-0.3349205843
-0.0937844672
-0.2089690243
-0.1001403912
-0.2429041917
-0.3523905659
-0.1554766396
-0.0456614079
-0.2256365282
-0.0944249887
-0.2163244350
-0.0927471564
-0.1616129310
-0.2726459228
-0.0322744587
-0.2052960654
-0.2501240101
-0.2678994593
-0.1794359132
-0.0890032430
-0.3234588947
-0.0761580807
-0.2625724196
-0.1460762194
-0.1639180587
-0.2244723817
0.0092534126
-0.2135286924
-0.2745536057
-0.1778641881
0.0134378433
-0.0251092520
-0.0753624619
-0.1947146917
-0.0655437141
-0.1481052787
-0.0621867773
-0.0600902148
-0.1446535823
-0.2002580184
-0.2167698124
-0.1991017652
-0.1181487386
-0.1573605600
-0.0857152438
-0.0084051924
-0.1820227534
-0.1521056805
-0.1738859902
-0.0037187262
-0.1299147603
-0.0750040892
0.0320057698
0.1419684215
-0.0114369124
-0.0575132761
-0.0930128894
-0.0142770087
-0.1338947089
-0.2363829090
-0.0385906739
-0.0911816722
-0.0062813309
-0.0517454722
0.0611251377
-0.0106689343
0.0055136042
0.0464574649
-0.0031856338
-0.1224106904
-0.0332024543
-0.0193440362
-0.0013433413
-0.0565130508
0.0565921829
-0.0532835984
-0.1261681302
-0.0571798926
-0.0599460693
-0.0940272135
0.0801619487
-0.1516391402
0.0587472828
0.1031354380
-0.1091881273
0.0737589061
0.0397522148
0.0650728515
0.0957231528
-0.0453352366
0.0817384242
0.0483232605
0.0065420389
-0.0280965691
0.0049261668
0.0137778410
0.0599702211
0.0224315208
0.0817184963
-0.1869530314
0.0534799883
0.1117338971
0.0233242659
0.1278725139
0.1030953378
-0.1162300303
0.0533975099
0.1214218669
0.1558749281
0.0449006657
-0.0194703036
0.0688500856
0.2214442905
-0.1104310565
-0.0105375151
0.0449117373
0.0461294797
0.1999442789
-0.0214942477
0.0477131107
-0.1493785813
0.1689723319
0.0233572642
0.0481644782
0.0050527156
0.0122268144
0.0909213965
0.0595288156
0.1448831372
0.1445083123
0.1870531879
-0.0167652047
0.0575929493
0.0885370766
-0.0011693973
0.0972338111
0.0722425825
0.0514611857
0.1064370143
0.0680378461
0.1506866755
-0.0206976432
-0.0161117261
0.1873488860
0.0709767023
0.0857142812
0.1056429590
0.2420107619
0.1232034027
0.2116464615
0.0859503022
0.0839430453
0.1063538690
0.1422426397
0.1941485631
0.1840699137
0.1716571298
0.1002177644
0.2774887909
0.0966605921
-0.0024143633
0.1377248986
0.1515448429
0.0874412190
0.1703207400
0.1353712054
0.1621384919
0.0824695113
0.0756957850
0.1285149228
0.2726194851
0.0975070530
0.1142435567
0.2069881749
0.1662328588
0.2105668652
0.1094013724
0.1633386064
0.1892710544
0.0504397068
0.1171323056
0.1316012579
0.1306973882
0.1702379879
-0.0624864804
0.2556432872
0.2973878706
0.0695902806
0.2248186353
0.1252768003
0.0772091657
0.1360334998
0.3360935545
0.2136876165
0.2336552380
0.3055857285
0.2069423323
0.1706092812
0.2750875658
0.0031147396
0.3110895064
0.1930216130
0.2102652836
0.2775031096
0.3416570830
0.2805595571
0.2406353555
0.1501507939
0.1910234400
0.0749788798
0.2572817319
0.2273058265
0.2946711574
0.3300597906
0.3794924754
0.1133090152
0.1079423813
0.3060825479
0.2796625254
0.3528375778
0.1787678773
0.1464562564
0.2973157242
0.1879086078
0.2454672749
0.2613178703
0.2421290213
0.2426729469
0.2885893665
0.3512612491
0.3128572482
0.3698804335
0.2354595230
0.3174580729
0.2021573812
0.1973825843
0.1498882450
0.3513091211
0.1094350993
0.4138263935
0.1639400860
0.2636477441
0.4214961664
0.2372311795
0.3892227974
0.4151206271
0.3975145095
0.2563489747
0.1159241224
0.2879852073
0.1735037793
0.2680841042
0.2332487574
0.3106234669
0.2825532607
0.2659555961
0.3934847360
0.4088960703
0.3816580724
0.2699451316
0.4931368436
0.3306609950
0.4814361658
0.3293263382
0.2507425242
0.3907903603
0.3375059779
0.2952170941
0.4361684788
0.2055789108
0.2770624576
0.3808030186
0.4481438333
0.2877185553
0.3971858096
0.3489310008
0.2514616331
0.3446807726
0.4290717869
0.2891906670
0.3418010368
0.3706713625
0.4940709093
0.2522517898
0.1931688933
0.3916159979
0.3968305513
0.4350891671
0.2640684596
0.2627667201
0.3928069189
0.4157590539
0.3942157027
0.2945330901
0.4450164648
0.3145990612
0.3223215831
0.4283532250
0.4611984499
0.3605778441
0.3657932790
0.4137775812
0.2745693900
0.4497183500
0.5040992580
0.4485654410
0.3846115624
0.3984404170
0.4303997724
0.4860251942
0.4135235016
0.3941870936
0.5264944527
0.4442118149
0.3761930003
0.4656363329
0.4319213208
0.4080011544
0.5233506688
0.3835194670
0.4754050655
0.4950869884
0.3267837913
0.4520182657
0.4272341684
0.5203191159
0.4460123597
0.4484980407
0.4106926249
0.4423053173
0.4271780959
0.4820504274
0.4506721325
0.5034682089
0.3676336915
0.5259175384
0.4755243303
0.3116427491
0.3885987317
0.4605901199
0.3968638314
0.4182582617
0.5056710776
0.3245853551
0.4561849945
0.3742789969
0.5270527765
0.4775808581
0.5519609116
0.5946073844
0.4350403364
0.5414051471
0.5898208894
0.3940889974
0.4671785513
0.5631581224
0.6636414699
0.4313599388
0.6366740508
0.6028314823
0.4919010522
0.5367981754
0.5897072358
0.4621154802
0.4228214022
0.5405834432
0.4862026179
0.5066823130
0.4917021013
0.4805806245
0.6681364671
0.5054822625
0.5707976755
0.4289963167
0.5821224090
0.5140923552
0.5598389639
0.5213919950
0.6129977004
0.5370852068
0.5896634928
0.4290144531
0.6302890741
0.5432715338
0.4909472108
0.4519907571
0.7011398481
0.4634545854
0.5842082647
0.5969402326
0.6806477287
0.7482066263
0.5459823860
0.4790249759
0.5785333597
0.5426868761
0.5781634924
0.5773295751
0.5560475400
0.7977933201
0.7067623267
0.5542959292
0.6238889936
0.5827672945
0.6772427058
0.5962952613
0.7477210359
0.7795254595
0.6171918457
0.5874383903
0.5837870816
0.7342386299
0.8100638060
0.6146234622
0.6245639089
0.6536804154
0.5881655827
0.7776857394
0.6035947184
0.6383487949
0.5940617368
0.7898489132
0.7063134072
0.6529281244
0.6419314721
0.6120700375
0.8172999391
0.7364114111
0.6487998745
0.6664837388
0.5397884441
0.7533759721
0.6093117804
0.6463356246
0.7507521657
0.6173048419
0.6714601898
0.6830403992
0.7308329404
0.6850677950
0.8574691840
0.6396104497
0.7143126365
0.7083275463
0.5501795365
0.8231889121
0.7584384092
0.6125051368
0.6480649308
0.6131123507
0.6491569159
0.6128188614
0.6539452732
0.8241454212
0.7136611565
0.6971288937
0.7866986275
0.7535876637
0.7669613628
0.7748515032
0.7823951401
0.6683560091
0.7405413023
0.6088029387
0.8139494986
0.6968673417
0.5916690877
0.7763156475
0.7018589739
0.8639405616
0.7505120585
0.8427443763
0.7099755218
0.7265018982
1.0065819029
0.7094415482
0.8278993079
0.7650845441
0.8495360589
0.7223047853
0.7114199427
0.7351744919
0.8503425905
0.6113917840
0.6718577983
0.8363059034
0.8660297721
0.8398724530
0.7275549781
0.8468653795
0.7487180099
0.8419388915
0.6983158110
0.8743005160
0.7904604438
0.8607341646
0.9046569461
0.7999501033
0.7816372596
0.8803993195
0.6818301292
0.7844511700
0.8866141106
0.8231054424
0.8174754958
0.8035682978
0.7848946586
0.6864598617
0.7686474455
0.7926601802
0.9056576290
0.7909131767
0.8103580030
0.8906423400
0.8243356443
0.8463916920
0.7745247585
0.6956329172
0.7789979319
0.7177755615
0.8549316507
0.8422168491
0.8158851183
0.9713465140
0.7414074611
0.8601369162
0.7593721958
0.8648032805
0.8471192872
0.8639505088
0.7900236123
0.9493376142
0.8309723444
0.9673045119
0.9499876667
0.8123138713
0.8366655344
0.9347624714
1.0784254347
0.9406303367
0.8748584230
0.8558799139
1.0188022637
0.7944698513
0.8206532444
0.9178944230
0.9767237880
0.9485885128
0.9618999632
0.8650770956
0.9799951873
0.8795662240
0.7954995517
0.8007811836
0.9347268003
0.9672263569
0.8264062351
1.0544728475
0.7389367803
0.8835295114
1.0745216519
0.9933206954
1.0474804422
0.9703518000
1.0276346405
0.8619993295
0.9696092121
0.9064269854
1.1755231419
0.8960105525
0.8462488296
1.0948889490
1.0148570424
0.9753528402
0.9896370642
1.0563634371
0.9359670111
1.0082800496
1.0384720432
0.9469119800
0.8416551466
0.9689622542
0.8418083057
0.8787732404
0.9656919353
1.0952936911
0.9913632262
1.0011022366
1.0233757687
0.9949216355
0.8791758569
0.9246427988
0.9698835723
1.0085491223
1.0035341653
1.0880109677
0.9770064671
