-1.1316150395
-1.0819338301
-1.0119291795
-0.9970815881
-0.9919161623
-1.0875479790
-1.0778074030
-0.9007784624
-1.0592172208
-0.9996154319
-0.9075756728
-0.8112178371
-0.8927889334
-1.0242079723
-1.0396716277
-0.9129028476
-0.9254239499
-0.8852669358
-1.0402958739
-0.9742928420
-0.9010687493
-0.9442861533
-0.9889017327
-0.8030741545
-0.9448806368
-0.8488518782
-1.0263916416
-0.9876117993
-0.9538269488
-0.9520957173
-0.9546914538
-0.8203755781
-0.9379545334
-1.1101419164
-0.7994667918
-0.8453819153
-0.9420940509
-1.1184479609
-0.8691464830
-0.8954985042
-0.6815794905
-0.8313646781
-0.8957818996
-0.9611456649
-0.7416148236
-0.8574447881
-0.9067962700
-0.8745059307
-1.0004990859
-0.9154548396
-0.8941105382
-1.0858400277
-0.8744669349
-0.8409586172
-0.8634486430
-0.7876594137
-0.8943205645
-0.9782091018
-0.8616077910
-0.8866742010
-0.9323101984
-0.8596666726
-1.0955518221
-0.9377516143
-0.8422566031
-0.8152826967
-0.7428191233
-0.7567437546
-0.8684335985
-0.9391783107
-0.8328469866
-0.9267251399
-0.7864526002
-0.9565434807
-0.8781259808
-0.8981824161
-0.7207092452
-0.7799138872
-0.8730943435
-0.9630226631
-0.7510676734
-0.9446986367
-1.0416146610
-0.9032738401
-0.8882572999
-0.8019740513
-0.6916939837
-0.9026968919
-0.8614798851
-0.7622671450
-0.8165051677
-0.8696690537
-0.7702745579
-0.8151568788
-0.7655876202
-0.7558543507
-0.8080078988
-0.8327237311
-0.6933269090
-0.8285759210
-0.7093150022
-0.7754283255
-0.7249400074
-0.7315864552
-0.7271872406
-0.8924751022
-0.7664376904
-0.7295858958
-0.7901675158
-0.7504044406
-0.9252000185
-0.6300335134
-0.7677660686
-0.7684722425
-0.6811067422
-0.8084847507
-0.7250806140
-0.5885894618
-0.8659426926
-0.7855825028
-0.7342573538
-0.7936736193
-0.9429622402
-0.7366441750
-0.8342108973
-0.8079191995
-0.6530233901
-0.6876995892
-0.8200228070
-0.7652774217
-0.8488571286
-0.8678255574
-0.7213829168
-0.7421303097
-0.6378936206
-0.6898490445
-0.7000702002
-0.7989478790
-0.5671372988
-0.7355473998
-0.7375627139
-0.7189434125
-0.7012680606
-0.7261129947
-0.6854311531
-0.8803515155
-0.5034777532
-0.6284294377
-0.7140822575
-0.8354265015
-0.7201234707
-0.6440283038
-0.6244169702
-0.5972688535
-0.6107297417
-0.5382789634
-0.6586230186
-0.7934678887
-0.5772380622
-0.7758258389
-0.6055794924
-0.8384904468
-0.7693848613
-0.8735179850
-0.7831291795
-0.5859660958
-0.7030150532
-0.7293280145
-0.6676399966
-0.6735288363
-0.6934348925
-0.5857434591
-0.4888759558
-0.5807460334
-0.6265192239
-0.6410933583
-0.6309789495
-0.8128715306
-0.5320786163
-0.5398809039
-0.7295231306
-0.6973601334
-0.6940573080
-0.4926854937
-0.6322455073
-0.6169302220
-0.6093644233
-0.5682907314
-0.7272969230
-0.6386865048
-0.5795733614
-0.6345818612
-0.6624864682
-0.6489604875
-0.6008571921
-0.6560079259
-0.6215429609
-0.7354148982
-0.6881773028
-0.6619383555
-0.6858256892
-0.6653926571
-0.6907026448
-0.5144835990
-0.3640138655
-0.5154320868
-0.5808847086
-0.6058322609
-0.5219509112
-0.6596784766
-0.5554146286
-0.4917979251
-0.5927494399
-0.6015412764
-0.6691645341
-0.4027302489
-0.5370845805
-0.4100775606
-0.6521307961
-0.5205288936
-0.5024525678
-0.6485363109
-0.4934884822
-0.5748775947
-0.5291656738
-0.5736456121
-0.5817241165
-0.4557068270
-0.5730707955
-0.5506155356
-0.5908134466
-0.3665848139
-0.6780002117
-0.6260955905
-0.6049598169
-0.6096185984
-0.3872545449
-0.4363378963
-0.6032817113
-0.6009961134
-0.5139059183
-0.5301099039
-0.6317954913
-0.5446222764
-0.5064812669
-0.5162097971
-0.5057649409
-0.4716952262
-0.5115221377
-0.5279087123
-0.6570083312
-0.5256880045
-0.5136907811
-0.5715980579
-0.5016224082
-0.5315606993
-0.6066490838
-0.4113592080
-0.6040095897
-0.4414534261
-0.3822702890
-0.4945803024
-0.5829353142
-0.5187619174
-0.4247195106
-0.6300033683
-0.5193006953
-0.5794601083
-0.4801664478
-0.4823956525
-0.4859699952
-0.4410692527
-0.4137773306
-0.3933937129
-0.5506923075
-0.3803106248
-0.4153467524
-0.4366741293
-0.4811629854
-0.2908203443
-0.5456873783
-0.4963979656
-0.3993871004
-0.3487073035
-0.3503041816
-0.6484486910
-0.4411301641
-0.5583303145
-0.5261300676
-0.4346306309
-0.4129343089
-0.4052573948
-0.3556764968
-0.4694662063
-0.3815176959
-0.5327780732
-0.4015341354
-0.3148857807
-0.3940748424
-0.3547468192
-0.4077577558
-0.4295464149
-0.3785700423
-0.3241034659
-0.4495285668
-0.4622399382
-0.3791201471
-0.3975993856
-0.5175976715
-0.3118729867
-0.4552535123
-0.3951313711
-0.4985315623
-0.4542122121
-0.3999618505
-0.3060471065
-0.3916387235
-0.2102260245
-0.4305969981
-0.3972994345
-0.2709751297
-0.2998422900
-0.3179723933
-0.2963865300
-0.4082224438
-0.2657590069
-0.5311938784
-0.4220052494
-0.3472539624
-0.2058461808
-0.2411402168
-0.3060719159
-0.2936511426
-0.4143790243
-0.4585879121
-0.1537842377
-0.2333226920
-0.4005579954
-0.2563343693
-0.3317501240
-0.3697705922
-0.4325877586
-0.4100536339
-0.2971388619
-0.3010902545
-0.3282988154
-0.4499326409
-0.3715916735
-0.3668333199
-0.1365105831
-0.2486723811
-0.3376360396
-0.2052434151
-0.3904457024
-0.2106240685
-0.3248173675
-0.3607887385
-0.1408139612
-0.2672619941
-0.3077760369
-0.3526129159
-0.3020821312
-0.3201261225
-0.3840453319
-0.3068387054
-0.4027140858
-0.2403273628
-0.3516835461
-0.3471911202
-0.4096700084
-0.2314706868
-0.3425414105
-0.2804326570
-0.2462207330
-0.2977732220
-0.1955124552
-0.2219982093
-0.2461473197
-0.2475681210
-0.2774865361
-0.2881945319
-0.1526686576
-0.2199291354
-0.2448904497
-0.2015796267
-0.0835355135
-0.2519743382
-0.3405164503
-0.2746255560
-0.2417571431
-0.2832952061
-0.2627073277
-0.1512938880
-0.1100407607
-0.4117959818
-0.2080645748
-0.2319819451
-0.0910020722
-0.0370365397
-0.1475447675
-0.3435619522
-0.3397204805
-0.2089205108
-0.3256974684
-0.2038795940
-0.2245302942
-0.1284874854
-0.2568571957
-0.0937991049
-0.1682742521
-0.2523811016
-0.0503373193
-0.1315813615
-0.1506404350
-0.1580780644
-0.2302593432
-0.1770364001
-0.0851793059
-0.1337485297
-0.2496219658
-0.2406865168
-0.1512939519
-0.2065340598
-0.2323187545
-0.1269711634
-0.1976915243
0.0148638943
-0.2891069570
-0.0665643755
-0.1829943714
-0.2002986352
0.0194493544
-0.0361620121
-0.0865625034
-0.0449341195
-0.0903518859
-0.1441988823
-0.1802982981
-0.2362808807
-0.0528254554
-0.1611965597
-0.1775541732
-0.0531639824
-0.1120920551
-0.0865712619
-0.1529625018
-0.0470977747
0.0131670080
-0.1463573750
-0.0734732929
-0.1299156462
-0.0183583666
-0.0589234079
-0.0618156159
0.0004970292
-0.0386869650
-0.0781015666
-0.0781723046
-0.0367563462
-0.0340700415
-0.0186694382
0.0017121463
0.0038435701
-0.0379489975
-0.0195406056
0.0542307905
-0.1051589636
-0.1253084631
-0.1276246740
-0.1658994824
-0.0236586636
-0.0286523607
-0.0185683830
-0.1411500373
0.1521678669
0.0012045397
0.0196049416
-0.0681115788
-0.0669727093
-0.2207121448
-0.0493227848
0.1164785446
-0.0215504884
0.0536978606
-0.1389848297
-0.0971655725
-0.0336230166
0.0035513914
-0.1421649183
-0.0489545064
-0.0624326415
-0.0091274875
-0.0406374559
0.0238977874
0.0386541985
-0.0144063048
0.0853633674
-0.0470771396
-0.1251747536
-0.0918999918
0.0698011496
0.0197531843
-0.0366477190
0.0071504868
-0.0490941852
0.0513019248
0.0059122218
-0.0246458668
0.0833745422
-0.0698027617
0.0289060998
-0.0313865693
0.0494245375
0.1318668427
-0.1255242713
0.0999884582
0.0484298228
-0.0031591868
0.0396476345
0.2108275940
0.0615844593
0.0166454650
0.1396132857
0.0859110380
0.0567946648
0.1896245695
0.1109653655
-0.0554667792
0.1193160953
0.2116104156
-0.0283148097
0.0509886310
0.1618400790
0.0777227072
0.2278464591
0.1245712916
-0.0147533517
0.0152543483
-0.0244027770
0.0146176920
-0.1348706697
0.0873000504
0.0563978174
0.0340575350
-0.0084418422
0.0055550116
0.2590921990
-0.0337235506
0.1369620133
-0.1145967382
-0.0839234789
0.0151620210
0.0965003340
0.1231806432
-0.0253314711
0.1002827115
0.1865039307
0.2168191106
0.1609769907
0.1254117208
0.1037379977
0.1395576872
0.1772955442
0.0845926227
0.2239781542
0.1183754160
0.1220935115
0.2994481095
0.1527952521
0.1931013192
0.1321316544
0.0670403498
0.3365730339
0.0867319581
0.1470508201
0.2018133959
0.0968314494
0.1757274190
0.2171475356
0.1599707074
0.1953080782
0.0920644999
0.2298142755
0.2230203819
0.0546614730
0.0300198823
0.1684007132
0.1648748004
0.0951978264
0.2189861886
0.1811324151
0.1599884772
0.2152574550
0.2268016712
0.2618786938
0.1152160263
0.2763475725
0.1170659956
0.4144869870
0.1440267757
0.2833957181
0.2647281302
0.1672302851
0.2538254027
0.2522783464
0.1381902536
0.4154161231
0.3166694784
0.1845635271
0.2998927219
0.1985437320
0.2550748333
0.1771888845
0.2374104195
0.2844747043
0.3125284641
0.0147514201
0.2282317656
0.2184693525
0.1836921302
0.1971040659
0.2425788084
0.2541569468
0.2456773651
0.2961116814
0.4379414834
0.2558948429
0.2146969352
0.1179943704
0.2830795520
0.3458655475
0.1944098526
0.1986871080
0.2022644720
0.3299519491
0.3304930877
0.3714011513
0.4728373101
0.2275265355
0.3560536277
0.2936327645
0.4083972452
0.4235219639
0.2880271473
0.2623932115
0.3563794068
0.1641234484
0.3098865409
0.3269450608
0.3699140701
0.3204561974
0.1400352108
0.3028492690
0.2815783425
0.3062445529
0.1643147688
0.2675609988
0.2227885722
0.2428856781
0.1527220268
0.2637622958
0.2640277583
0.2496313388
0.4389747248
0.2506456990
0.3837008621
0.4296495396
0.3053821139
0.3821391522
0.3215149882
0.4514849352
0.3229609755
0.3847271485
0.3453676021
0.2968900706
0.4124561216
0.3459717014
0.3814427554
0.2746130002
0.4603455488
0.3388354684
0.2884001189
0.4557251947
0.3795503415
0.5428693792
0.4714996381
0.3138085502
0.3008345873
0.3308701354
0.4215576932
0.3489925313
0.3901572139
0.3758688630
0.4284391650
0.4335418179
0.2491503508
0.2092538642
0.3723330690
0.5685017915
0.4353047965
0.4932102855
0.3378465510
0.3708485683
0.4693028287
0.3408145843
0.3798933492
0.2165115272
0.3901326225
0.3675086951
0.4244112786
0.4749300902
0.3825048518
0.5431786364
0.4662601224
0.4565350791
0.3878199279
0.5174298511
0.2703562902
0.4809877223
0.4458584136
0.4490180532
0.5249997965
0.4510726589
0.4865886181
0.4080041909
0.3260867017
0.4187136556
0.4361842449
0.3920810693
0.5197291722
0.4427685656
0.6221072387
0.3908792327
0.5292502274
0.4097503571
0.4382166863
0.4173088992
0.4711509267
0.5056795746
0.4135512415
0.5535718189
0.2862562150
0.4597599414
0.4440734154
0.4849223106
0.4544848014
0.4331795946
0.5012474149
0.4704208870
0.4724706584
0.4551982145
0.5133193812
0.4382068416
0.4480270442
0.4912027791
0.3819081500
0.4074059986
0.4857360559
0.3786584482
0.6044084716
0.4552106070
0.5969283079
0.5183046395
0.5273223351
0.5492108399
0.4843106681
0.3919794332
0.6443340323
0.4054828186
0.4822436720
0.4886578747
0.5114443966
0.5377206408
0.5229759794
0.6330679151
0.4650652452
0.5107027032
0.6126876520
0.4595681611
0.5777247528
0.5981074505
0.6277060012
0.5153994070
0.4243886015
0.6875480722
0.5578095637
0.6189034103
0.6354677810
0.5515017511
0.6534683114
0.5064837425
0.6555763391
0.6007093350
0.5792969191
0.6729958741
0.4954181793
0.5619023186
0.4851247734
0.4987328171
0.7077518447
0.6129766041
0.6008094288
0.5834543338
0.7042334456
0.6170313664
0.5615392359
0.5966206737
0.6639798798
0.6302745812
0.6195701985
0.6516959456
0.7758834034
0.4582246226
0.5877350719
0.7002464387
0.7397863148
0.5311320639
0.7036734036
0.6066149765
0.5884126647
0.5726749874
0.6569408548
0.6177888000
0.7823112389
0.8759010015
0.5421486105
0.6178284375
0.5488598124
0.6800494755
0.7386445751
0.7156856363
0.6096138418
0.6742738497
0.6814723965
0.6052006918
0.7490534620
0.6984287073
0.6982989578
0.8006824318
0.7372755384
0.6128071289
0.6733959695
0.7637514268
0.6893882998
0.7276540620
0.5833449750
0.5934640910
0.6834660702
0.6618209716
0.8286338483
0.7548336144
0.8395688806
0.6812277536
0.6970920207
0.6183764312
0.5199586122
0.6635771644
0.7505128610
0.8196051681
0.7338964870
0.4936372318
0.6479460810
0.8242179529
0.6923091497
0.8330638951
0.7398863531
0.7456875323
0.9143296978
0.6124721419
0.6928021770
0.8335732780
0.6786860890
0.7096778969
0.7047725895
0.7636199583
0.6172568864
0.8346617959
0.6926484891
0.5914304407
0.6511100087
0.7087418670
0.7876114320
0.7237160520
0.7269153726
0.7388025056
0.7661937581
0.9004777884
0.7211095696
0.7880112835
0.8387482676
0.7172817954
0.7885058328
0.7742577623
0.7957977742
0.9054879290
0.7740896765
0.6922574544
0.7313516929
0.7298557097
0.6790720476
0.7991613864
0.7206628799
0.8242469401
0.8391682380
0.7893462392
0.7955707356
0.9397115477
0.8373571741
0.9936730585
0.8703675984
0.6119750140
0.7954830465
0.7604204696
0.8459358296
0.7821311646
0.8129131338
0.8546673508
0.8778644524
0.7326917730
0.8260334671
0.9753829618
0.8433508120
0.9457296367
0.8153752966
0.9324057499
0.9440500770
0.7113857702
0.7588091049
0.8274430007
0.9489901841
0.8763399767
0.9643040951
0.9576378614
0.8237919546
0.8195070070
0.7716784484
0.8628347597
1.0493856996
0.9763292478
0.9928766061
0.8455894147
0.8727202365
0.9674403134
0.9757953109
0.8213207433
0.9063571738
0.8332484109
0.8993146498
0.8426699514
0.8424551682
0.9985916143
0.8680622839
1.1798487830
0.9895917986
0.8346377805
0.9721295616
1.0685007646
1.0249913342
0.9186294660
0.9238527178
0.8763016281
0.9744669687
0.8734817965
0.8675150895
0.9817671241
0.8310686604
0.9037813190
0.7924483199
0.9693711738
0.9610449667
1.0821667412
0.9842602870
0.8812046537
0.9058059609
0.8169401357
0.9197554196
1.1178127720
0.9374575207
1.0979850663
1.0489645576
1.0521171109
1.0875680054
1.0014982804
0.9508985854
1.0096724295
0.9996912335
1.0408774574
0.9192496310
1.1055827391
0.9649797007
1.0122220983
1.0581760819
1.1460088602
1.0367746858
0.9580136532
1.0421306343
0.9064421433
1.0315582813
1.1185783826
1.1179997576
