-1.0660728379
-0.8725218213
-0.8441177468
-0.9641376214
-0.9692605379
-0.9958798816
-1.0435626211
-1.1443501843
-0.9191810766
-1.1196076745
-0.9666388688
-0.8059899928
-1.0130255387
-1.1339541198
-0.9843788497
-0.7906958858
-1.1344827942
-1.0748285386
-0.9595037722
-1.0309078595
-0.8811315863
-0.9577705769
-0.9711154097
-0.9942345810
-1.0532715627
-0.7496484868
-1.0666485797
-0.8578185984
-0.9689054307
-1.0244545415
-0.9891527806
-1.1043451772
-0.7171844007
-1.0350103788
-0.9274163517
-1.0194659430
-1.0544918181
-0.8924666833
-0.9411690398
-1.0164620637
-0.8407534181
-0.8960098720
-0.9846237164
-0.8495866234
-0.9632151393
-0.9225360285
-0.9415044702
-0.8488923621
-0.9057118032
-0.8458714446
-0.6878869665
-0.8391942652
-0.9231829330
-0.9249741364
-0.9948272424
-1.0016585366
-0.9684503215
-0.8151965827
-1.0988276972
-1.0213184123
-0.8403175312
-0.9340393038
-0.7510016039
-0.9235702651
-0.8191574345
-0.8071492666
-0.7664087862
-0.9918552671
-0.9153912816
-0.7705143378
-0.8391399238
-0.9371582293
-0.9051850112
-0.9555405099
-0.9308703755
-0.8661535122
-0.8387463637
-0.7869568275
-0.8668850561
-0.7669283158
-0.9092830317
-0.9122554814
-1.0805616514
-0.9064941671
-0.9111538143
-0.7593299151
-0.6391262086
-0.8922751651
-0.7142082502
-0.6841410386
-0.9994587844
-0.7015130578
-0.9146231206
-0.7730872245
-0.9036172625
-0.8231862158
-0.8707513834
-0.8092106303
-0.7238431948
-0.7449408043
-0.7727399322
-0.6569956113
-0.8388877216
-0.7573977642
-0.7349636264
-0.7365625589
-0.5534746621
-0.7815729472
-0.7474473085
-0.8286676026
-0.8438327330
-0.7978116851
-0.7363726433
-0.7357548600
-0.8263183536
-0.8100304527
-0.7806803837
-0.5611583930
-0.7082600737
-0.7603074002
-0.7621079000
-0.5930220879
-0.7206701476
-0.6614835197
-0.7905690696
-0.8015027208
-0.6882317426
-0.7466558518
-0.6149172098
-0.5774304194
-0.8887476858
-0.7006724294
-0.7734441802
-0.7319768226
-0.8138779192
-0.6211047723
-0.5399610632
-0.7217048532
-0.8929059664
-0.8378648449
-0.7193532929
-0.6663193974
-0.7056926295
-0.7042946233
-0.7078000107
-0.7277915412
-0.6996162783
-0.6390516574
-0.8081962027
-0.7392636712
-0.7773094823
-0.6982946220
-0.7829982111
-0.6151322429
-0.6961694956
-0.8471420262
-0.6916398616
-0.7303661109
-0.6103914088
-0.6441288340
-0.6008328987
-0.5871794841
-0.8080462606
-0.7646569752
-0.8252724095
-0.6963643522
-0.6239252442
-0.6252001588
-0.6732222449
-0.5915793976
-0.7024925235
-0.5960511398
-0.5558879649
-0.7052356629
-0.6610581031
-0.7368700150
-0.5321436576
-0.7377555230
-0.7669649421
-0.5441876554
-0.7275041424
-0.6712315441
-0.6386365502
-0.6611465022
-0.5588474081
-0.6546684799
-0.5859397581
-0.5528749505
-0.6701625028
-0.7236555050
-0.6298579403
-0.5200308606
-0.6459642018
-0.5227911104
-0.6579799588
-0.5299837111
-0.5966594650
-0.6607090382
-0.6666905556
-0.5991702915
-0.5888419111
-0.6774359268
-0.7101687074
-0.6512903892
-0.5638280703
-0.5685610819
-0.7416642545
-0.5874848998
-0.6474733889
-0.6074569111
-0.6759423271
-0.7019172469
-0.6382964370
-0.5935663522
-0.6736083162
-0.6999827831
-0.4382408771
-0.5951906799
-0.4781253696
-0.5920033082
-0.4629949102
-0.6456448496
-0.6236808766
-0.5669687659
-0.5875133795
-0.6419786733
-0.5807983390
-0.3830847461
-0.6796796879
-0.4279105010
-0.5552859447
-0.6433072448
-0.6568354852
-0.5504518121
-0.4606642163
-0.5121526858
-0.5428353334
-0.4948770267
-0.4792906740
-0.5909900690
-0.4553813931
-0.7627583547
-0.3548168266
-0.4986013024
-0.4905593959
-0.5405965268
-0.4785586132
-0.5669965798
-0.5788130305
-0.3928028151
-0.5412028232
-0.5931714180
-0.4381646426
-0.6226737263
-0.3717753047
-0.4508031189
-0.5061620006
-0.5101242921
-0.3414611842
-0.3883689412
-0.3510191999
-0.5048645645
-0.5167442798
-0.4135190900
-0.5752578460
-0.3265585903
-0.2658252985
-0.3968152530
-0.4587422493
-0.5808810459
-0.3215523557
-0.5347994687
-0.4832710848
-0.3837631250
-0.5147472118
-0.3606598238
-0.5128505949
-0.4272609282
-0.4971718315
-0.5815737237
-0.4641597733
-0.3267635661
-0.4848878889
-0.4797230337
-0.2913801500
-0.3506171794
-0.2293643020
-0.4341087059
-0.4721122556
-0.4430286822
-0.3983035468
-0.4778247909
-0.4320514837
-0.3815872234
-0.3056639612
-0.4290838957
-0.4450060575
-0.4453732152
-0.3740329388
-0.5283141866
-0.2523390195
-0.3732161910
-0.3676136311
-0.2700483788
-0.4676743338
-0.3745622605
-0.3999408553
-0.4922974708
-0.3428315115
-0.0918770312
-0.3571650187
-0.3696790734
-0.3371712862
-0.3900156306
-0.4569403267
-0.4545331582
-0.2013196059
-0.3553180197
-0.3783682348
-0.3468278053
-0.3770575392
-0.3335483392
-0.3280296072
-0.2113256277
-0.3372290936
-0.5574063494
-0.2599194630
-0.5242623480
-0.3087798407
-0.4739281239
-0.4459317696
-0.3681323032
-0.4181558068
-0.4174289526
-0.2660094974
-0.2273542221
-0.3349035613
-0.4132912373
-0.2668307857
-0.3541393970
-0.2233827872
-0.2161100424
-0.4400349209
-0.4189777915
-0.4377569166
-0.2953567278
-0.4483750844
-0.2662262348
-0.3200313236
-0.1337660554
-0.3265905246
-0.2800668370
-0.1973418603
-0.3011609484
-0.4322163930
-0.2832216148
-0.1967232287
-0.3612786067
-0.2723134420
-0.4510168963
-0.2853907330
-0.2485694300
-0.1804093018
-0.4650339073
-0.3069617807
-0.1919166488
-0.3878542290
-0.3845062593
-0.2781628026
-0.2239439705
-0.3237596473
-0.3531451915
-0.1780282639
-0.0904189878
-0.4173224056
-0.1889955929
-0.2867472673
-0.2671319253
-0.1693151872
-0.2477520621
-0.1481651745
-0.2562304057
-0.1818381478
-0.3866055917
-0.1914630983
-0.3969375792
-0.2992954517
-0.4568129396
-0.2392602043
-0.2211993031
-0.0881588209
-0.2129795788
-0.3141981660
-0.2345526705
-0.2318086103
-0.1336351496
-0.0713398884
-0.2151420192
-0.2678529320
-0.1893563118
-0.2077820035
-0.1752275716
-0.2087741540
-0.2080318718
-0.2078067267
-0.1590967982
-0.2356753222
-0.2110731005
-0.1202082704
-0.1838445291
-0.2364519564
-0.1735697603
-0.2434446438
-0.1256807209
-0.2457790221
-0.0688145675
-0.1651116622
-0.1227177502
-0.1063545599
-0.2483095793
-0.1682178951
-0.0181514785
-0.0744548466
-0.2287201592
-0.1174431017
-0.1066343377
-0.1651247365
-0.2216779512
-0.1897741215
-0.1392082139
-0.2026865202
-0.0283549922
-0.0691500602
-0.0154455717
-0.0107003814
-0.1586700029
-0.0331503515
-0.1130158359
-0.0770638240
-0.0830931492
-0.0612795319
-0.1475104264
-0.0919354629
0.0005223738
-0.2342148953
-0.1144814973
-0.0425850273
-0.1204514516
-0.1485180581
-0.0722903162
-0.1674186971
-0.0333261018
-0.2245415025
-0.1317538778
-0.1210633143
-0.0270869738
-0.1168204493
-0.0957207836
-0.0353759667
-0.1671449636
-0.1308317883
-0.0818808224
-0.0688261404
-0.2005326446
-0.0535855698
-0.1764656473
-0.0865287363
-0.1066833458
-0.0558710935
0.0662865790
-0.1670326401
-0.0553696949
-0.0596641425
0.0171350075
-0.0373675181
-0.0269646693
-0.1309525727
-0.0369302437
-0.0129898893
-0.0826849027
0.0801880209
-0.0879295640
-0.0734348352
-0.0707664922
0.1058841779
-0.2881539728
-0.0441402101
-0.0585083371
-0.1257793171
-0.0442350710
-0.1188081973
0.0239169505
0.0201501655
0.0349427936
0.0939530621
-0.0310793254
-0.1190645195
0.1550564847
-0.0452914403
0.0391645684
0.0281672640
-0.0450508032
0.0482625063
-0.0514631146
-0.0425221728
0.0992989192
-0.0437850914
-0.1510975592
0.1785775583
0.0117343664
0.1747965868
0.0725290766
0.0889755128
-0.0771293618
0.0631887566
0.0110427298
-0.0128586830
0.0954004930
-0.0384528178
0.1391597384
0.0445708741
0.2289327739
0.2357204838
0.0826377350
0.1444127996
-0.0375185921
0.0778714799
-0.0471088367
-0.0222109174
0.1498775562
-0.0011330632
0.0647139052
-0.0129464723
-0.0140903301
0.0234815636
0.1060245982
-0.0380600881
0.0393066489
0.0657198282
0.0909801549
0.0365784336
0.0792982857
0.0676276790
0.1383731533
0.0099863582
0.0368919367
0.1104058709
-0.0070261432
-0.0178077294
0.1706723965
0.1576957940
0.1786770574
0.0881844483
0.0165154710
0.0351014932
0.1483747481
0.1715193620
-0.0122474158
0.3656033806
-0.0496490062
0.1366899090
0.2472958503
0.0345664984
0.2498949633
0.2347726497
0.0808381212
0.1649989382
0.2491993773
0.1471577500
0.2301361046
0.1460582517
0.1496555109
0.1075925594
0.1423505887
0.2666760905
0.1585471082
0.2405924917
0.0653172037
0.1607578650
0.1171402784
0.1938150648
0.1001863028
0.1946977949
0.2280952242
0.0940074288
0.0526958713
0.2061327293
0.2965348614
0.1898294170
0.1300354568
0.2087262242
0.2710742798
0.0669531620
0.1125986221
0.2262081031
0.0742013235
0.1845422945
0.2892255712
0.1937926120
0.1621552551
0.2662392823
0.2375992383
0.1716450854
0.1563453938
0.1146273657
0.3590635438
0.1382028672
0.1698440023
0.2567365092
0.3689888852
0.3877974405
0.4013450256
0.1685362728
0.2323303120
0.0501428029
0.4195043372
0.1999595976
0.2022977527
0.2141640583
0.2149210918
0.2695130253
0.2197930496
0.2339520033
0.2181907253
0.2494357088
0.4165704952
0.1667119757
0.2323376486
0.1606960601
0.1816844364
0.3149511441
0.3317752384
0.2279560714
0.1446404334
0.3451639570
0.3379604163
0.1836902171
0.3376896863
0.2890240494
0.2123159268
0.3259094794
0.1456350609
0.3433742945
0.1300083190
0.1852255053
0.3534639885
0.3006274704
0.2620242274
0.2434909584
0.2453671271
0.4918542356
0.3649381667
0.4293573402
0.2928303945
0.2820843579
0.2994876644
0.2620692604
0.3990260591
0.3043305018
0.2237569355
0.2562491814
0.1947196684
0.4385005794
0.3451581932
0.2852072236
0.2995116492
0.3939733541
0.3437325478
0.2332805582
0.1424569915
0.1683099921
0.3712593429
0.4872603981
0.2790163776
0.3587600951
0.3553055070
0.3725417562
0.4250606059
0.4910796905
0.3819854700
0.3485891080
0.2358334890
0.4210692761
0.4839848120
0.4538385852
0.3521070746
0.4309829283
0.2714582790
0.3541734055
0.2186829299
0.2859034165
0.3541526570
0.3369235522
0.3714997779
0.2244193470
0.3584116063
0.3274645961
0.3910060220
0.3584650853
0.4321249642
0.4453112832
0.5235237561
0.4638633850
0.2465977274
0.3644899632
0.3669804987
0.5368727632
0.4000028576
0.4120655671
0.4575528248
0.4401877599
0.4733313869
0.3963461240
0.5779865243
0.4673598095
0.3549838767
0.2656812424
0.3858217957
0.3552829544
0.4667545046
0.5040603676
0.5019384977
0.4939187365
0.3177540646
0.4671801289
0.2755405492
0.3703553835
0.5759192737
0.5761799902
0.5991306987
0.3277189202
0.4351322957
0.3565439716
0.5609229842
0.3598426187
0.5296625243
0.3178151186
0.4596507765
0.2998297589
0.4179025760
0.4641216142
0.4929668924
0.2927159217
0.3796118464
0.4668157824
0.6087746681
0.5587433362
0.5904154751
0.5187582576
0.4334157735
0.6238064158
0.5453714992
0.4592233111
0.4778085456
0.4062975360
0.4294101903
0.4962562908
0.5258986232
0.4985797234
0.6773298005
0.4803178350
0.6059310105
0.5562499529
0.5357238308
0.5023441054
0.3296414819
0.3903495142
0.5687898775
0.4389351916
0.5221049931
0.3988266132
0.5692741062
0.4948672223
0.4986538396
0.7027207903
0.5057704678
0.4794976946
0.5469962888
0.5958168027
0.5467328182
0.6605443088
0.5262975251
0.6508684911
0.5453897641
0.5610139798
0.6466142013
0.5240208320
0.5340355857
0.5542400856
0.5697823679
0.4436980065
0.5474550409
0.5602274634
0.6274563475
0.5438254064
0.5641641366
0.6122962826
0.7090882441
0.6389955163
0.6720315253
0.5996133781
0.5732896857
0.6189391059
0.7441381218
0.6551828693
0.5715399867
0.7277113193
0.6247672590
0.6738231769
0.6507746575
0.6497590629
0.4714517821
0.6696521113
0.6988054040
0.8327060502
0.5240354394
0.6228313392
0.6700769951
0.7143373570
0.6376642459
0.5789536149
0.6927843641
0.7535933768
0.6279095553
0.7017389921
0.6784768650
0.5301235132
0.6887409699
0.6500129444
0.6817339992
0.6184945025
0.6392074914
0.6209891567
0.7606183450
0.6940755713
0.7472177353
0.7467017933
0.6316439685
0.6279351860
0.5039617558
0.7155589216
0.7037769443
0.8322632660
0.7304245149
0.6185553436
0.6589408933
0.7097289869
0.5560815025
0.5252720275
0.4765934058
0.7268081534
0.7025427317
0.6373061803
0.6232532349
0.4844426375
0.7497277059
0.9067761453
0.7202040863
0.7911170429
0.8020478473
0.7268921176
0.6591602497
0.8093452936
0.8449261569
0.7056748671
0.6157015049
0.7071483231
0.6852966598
0.7658776032
0.7275363051
0.7953336551
0.6904376982
0.6885033164
0.7092517385
0.6377192338
0.6489649204
0.8024075853
0.8269443848
0.6884893295
0.7138725509
0.6964247440
0.8050225813
0.6814993145
0.7900088099
0.7644323441
0.7216745389
0.6828220836
0.8791141482
0.7396221908
0.7718747846
0.8667607093
0.5872923486
0.8843788228
0.8467229368
0.8689617999
0.8471188976
0.7266125464
0.6954743458
0.8542779939
0.7561712103
0.7550292126
0.6932178043
0.7161894610
0.7794180688
0.7066339617
0.8713964711
0.8253652477
0.8218642235
0.7696715632
0.8696894375
0.9462105508
0.8552987809
0.8671943001
0.8708526655
0.8935222855
0.7307526221
0.9347821666
0.9437915377
0.7780245196
0.8497298215
0.8539561762
0.7696583561
1.0159266559
0.8681352733
0.7791928443
0.8627336435
0.7541006573
0.7319515270
0.8175939794
0.7933680732
0.7645622268
0.8659943833
0.8536737336
0.9070673367
0.8210718952
0.8613793930
0.9318467220
0.9083170900
0.9219058798
0.9731091555
0.8461763166
0.8799195606
0.8764189381
0.8118420690
0.9581832438
0.8149134254
1.0694319243
0.8364384918
0.8654684022
0.8079831106
0.9519821843
0.9202429871
0.8765145672
0.9633288621
0.8314760070
0.8049126731
0.8374417311
0.8547509355
0.6625656079
0.9208703872
1.1086804723
0.9758603456
0.9915676284
0.9135821965
0.8818851222
0.9572435984
0.9768865532
1.1499050449
0.7950379465
0.9416847322
1.0130449742
0.8745062461
0.8696966014
0.9270339015
0.8979249981
0.8933622591
0.9299803101
0.9204690249
0.8054643164
0.9816707614
0.9938736551
1.0418085184
1.0051725530
1.0134783381
0.8333321862
1.0172681635
1.0063767678
1.0648475963
1.0250593366
0.9102045416
0.8515055692
1.0729092728
1.1774822162
0.9577170580
0.8244238160
0.9103870875
0.9563790037
0.9288506305
1.0207788416
0.9489803976
