-0.9675789461
-0.9263125714
-1.0020203404
-0.9785132990
-1.0552995424
-0.9250372408
-1.0722072012
-0.9920623236
-0.9341200702
-0.9296102161
-0.9363310622
-0.9400184422
-0.9940070936
-0.9470233177
-1.1325301857
-0.9085601243
-0.9968597437
-0.9371787492
-0.9716200238
-1.0718646575
-1.0590784612
-0.8413504894
-0.8439964415
-0.8755143198
-0.8601831855
-0.9423385220
-1.0277344567
-0.8718154465
-0.9408748853
-1.0208685612
-0.8720735955
-0.8326038425
-0.9240405035
-0.6122721548
-0.9390481720
-0.8417779650
-0.7823537326
-0.9802820986
-0.8982892311
-0.9203704745
-0.9547079793
-0.9430315365
-0.7964673866
-0.9050204387
-0.9685211982
-0.8657202896
-0.7531253263
-0.7447164079
-0.9298324223
-0.8988206821
-0.9625645974
-0.8533113493
-0.7802768352
-0.8098858534
-0.9555693470
-0.9758691690
-0.8010560803
-0.9395403636
-0.8291053037
-0.9220227242
-0.7922071175
-0.8987793484
-0.8641229044
-0.8161260759
-0.7669484784
-0.8292946583
-0.9578722755
-0.8772627933
-0.9263066577
-0.8568805765
-0.8352218306
-0.7916953463
-0.8718000516
-0.8876965260
-0.9938680764
-1.0447430718
-0.9151310404
-0.8902861756
-0.9636833060
-0.9830162449
-0.8913140665
-0.7367885259
-0.7449190080
-0.8452584902
-0.7101499810
-0.8193907881
-0.9018133655
-0.8515776931
-0.8031631206
-0.8258491945
-0.8864174285
-0.7743625686
-0.8344370698
-0.8845634709
-0.7553105519
-0.7172103964
-0.8078812531
-0.8387995515
-0.8720103255
-0.8997802570
-0.8818000717
-0.8354337768
-0.7689547254
-0.6926031303
-0.7758296477
-0.7023875871
-0.6672140626
-0.7444419849
-0.7704565682
-0.7808594364
-0.7022188828
-0.7980704636
-0.7848483253
-0.7183594839
-0.8860081402
-0.6754402414
-0.7846650061
-0.7843480560
-0.6465390638
-0.8519294826
-0.6902396172
-0.6903845300
-0.7005294561
-0.7064205060
-0.5957401762
-0.8583902023
-0.7060638042
-0.7539058723
-0.9277166829
-0.7821436518
-0.7349303474
-0.6416824916
-0.8032776235
-0.7975834706
-0.7786326716
-0.6372160531
-0.6853506698
-0.7882483591
-0.7891685736
-0.8769959665
-0.6816114774
-0.7870360845
-0.6284362599
-0.7677299872
-0.6208708228
-0.7269393637
-0.6281203641
-0.7233617867
-0.8935616948
-0.6188220777
-0.5124347112
-0.6723056779
-0.8639012380
-0.7748061810
-0.6762805479
-0.7374565309
-0.5566134535
-0.7704837776
-0.7215308877
-0.6031307962
-0.7303878563
-0.7713518611
-0.7328001484
-0.6493372252
-0.5269868312
-0.6320197559
-0.6172989966
-0.5904791904
-0.6293192708
-0.7155202173
-0.7312299663
-0.5905273788
-0.6276392029
-0.6584157940
-0.6497738865
-0.5620849477
-0.5638249032
-0.6979682190
-0.6926134057
-0.5686197550
-0.6772674651
-0.6268870015
-0.6616758884
-0.6539352146
-0.5455314385
-0.5639564645
-0.8246310104
-0.4952228580
-0.6542921647
-0.6264466817
-0.6173337585
-0.5225239135
-0.5832486537
-0.6277817468
-0.7525785221
-0.7354093396
-0.6468835776
-0.7354148189
-0.6275336083
-0.5829390155
-0.5577073753
-0.6825930934
-0.5191125207
-0.6112100258
-0.5365156938
-0.6435242857
-0.6214468732
-0.5786230924
-0.5901971348
-0.5186674216
-0.5699554961
-0.4755232023
-0.4609564579
-0.6471282675
-0.5684223510
-0.6383331733
-0.4305738375
-0.5671003101
-0.6453674211
-0.6602117767
-0.5538106315
-0.4251518596
-0.5694447944
-0.5585974991
-0.5562291322
-0.5478112218
-0.5888831589
-0.6207066353
-0.4952126509
-0.7029447579
-0.5037664150
-0.5276468371
-0.4226903555
-0.6259605015
-0.4648816171
-0.6090621417
-0.4531235001
-0.5704996795
-0.4964164988
-0.7359493267
-0.6448039483
-0.6294446972
-0.4849471032
-0.6365891720
-0.5351905589
-0.5713687629
-0.3729520598
-0.4824314482
-0.4295234414
-0.4778949206
-0.4396295552
-0.4707965035
-0.4305578021
-0.4857455014
-0.4054380333
-0.5084052072
-0.5886967455
-0.4542110740
-0.4206257306
-0.4513936398
-0.4583096426
-0.4890857701
-0.3166581185
-0.5268721009
-0.4346954944
-0.5072434795
-0.5025550471
-0.4758603489
-0.5284076864
-0.5117354119
-0.3161467947
-0.4122182703
-0.4762739466
-0.5633996525
-0.4963995690
-0.4737761354
-0.3500155109
-0.3217428667
-0.5956729088
-0.4239533072
-0.4090320467
-0.4690296916
-0.3996524784
-0.4251412070
-0.3476017207
-0.3520580917
-0.4297795037
-0.4881872774
-0.4956613146
-0.3484516910
-0.4426064453
-0.4112341212
-0.2981457926
-0.3523902915
-0.4922513453
-0.5315988540
-0.3979578256
-0.2895481587
-0.3895474860
-0.4751234331
-0.3976200139
-0.3502623073
-0.4226547018
-0.5455273099
-0.3907071248
-0.5857159970
-0.4179373015
-0.3223503552
-0.3568784869
-0.4022407267
-0.4911755009
-0.5030257351
-0.3243858706
-0.4634308689
-0.2534260182
-0.4454304379
-0.3281289765
-0.4216899768
-0.3653688555
-0.3648235590
-0.2921895193
-0.4072634128
-0.4303320739
-0.2110053895
-0.4304390164
-0.4336500256
-0.4109851545
-0.4479987674
-0.2535504223
-0.3227012390
-0.2091341849
-0.3001795004
-0.2468741718
-0.3325207620
-0.3521773880
-0.3030219864
-0.2420779407
-0.2992335348
-0.2879828112
-0.2820326649
-0.2637230207
-0.2172985205
-0.2803767604
-0.4483532728
-0.2741261157
-0.3689773863
-0.2635509613
-0.4316222960
-0.2738676001
-0.3764726011
-0.2709551021
-0.3880897202
-0.3480121695
-0.3041862361
-0.3969195295
-0.2851944760
-0.2630178664
-0.3070304590
-0.2490902231
-0.3660482799
-0.2211195728
-0.4275557033
-0.2395604828
-0.2272306717
-0.2472734173
-0.1795299945
-0.3591361195
-0.2814329283
-0.0731567802
-0.3567085770
-0.1951227092
-0.2786123431
-0.1066913399
-0.2825495766
-0.2479470069
-0.2118303671
-0.3030201351
-0.2572166515
-0.1490657528
-0.3030426736
-0.1391958652
-0.1608759218
-0.1856718866
-0.1062760005
-0.2323681883
-0.2332594770
-0.2313838850
-0.0762038402
-0.3071313927
-0.3060898096
-0.1224850629
-0.2475276255
-0.2785768541
-0.2579690653
-0.2188599641
-0.1750769517
-0.2607157233
-0.2438528396
-0.2894981902
-0.1932399455
-0.2765197353
-0.1801757463
-0.1707576239
-0.3269027960
-0.0678858846
-0.2097529428
-0.0976050790
-0.2510698273
-0.3545426537
-0.1802652349
-0.0748706746
-0.2061409216
-0.1097144755
-0.2069587173
-0.1123772069
-0.1762300775
-0.2901519397
-0.0173027140
-0.1988675259
-0.2591446218
-0.2611691518
-0.1934410717
-0.0859895689
-0.2958568765
-0.0949436770
-0.2581909394
-0.1951273798
-0.1557862182
-0.2123460312
-0.0162068552
-0.2255646923
-0.2702844834
-0.1830997334
-0.0042179833
-0.0451034044
-0.0567516767
-0.1642924299
-0.0737658157
-0.1460917065
-0.0577886638
-0.0378670586
-0.1634662128
-0.2139664931
-0.2104460260
-0.1910162297
-0.1113524444
-0.1570085891
-0.0726213310
-0.0182314427
-0.1640646820
-0.1641611204
-0.1658420500
-0.0227547737
-0.1396961698
-0.0814777886
0.0408529121
0.1158533151
-0.0040830511
-0.0614831679
-0.1007333604
-0.0224063296
-0.1225007290
-0.2257927394
-0.0265773911
-0.0820539303
-0.0295145032
-0.0355787002
0.0543668557
-0.0100790487
-0.0155945860
0.0523714068
-0.0012189156
-0.1358903442
-0.0494459056
-0.0291660083
-0.0268198537
-0.0643629298
0.0553716649
-0.0489282441
-0.1477390081
-0.0604382825
-0.0678303656
-0.0727991764
0.0780871792
-0.1613269404
0.0502994396
0.1134454723
-0.1068756696
0.0860682696
0.0428436367
0.0544683860
0.0941620931
-0.0252792104
0.0840941051
0.0642546271
-0.0122810305
-0.0264337208
0.0005359026
0.0209876368
0.0562873845
0.0071978119
0.0640734446
-0.2061062108
0.0338424686
0.1167313067
0.0120554153
0.1533023941
0.1176309034
-0.1299422578
0.0203564327
0.1348836557
0.1330049641
0.0459298651
0.0071009292
0.0858419554
0.2209340711
-0.1207275692
-0.0154477777
0.0438859751
0.0354262922
0.1815396846
0.0020265359
0.0490021089
-0.1559347371
0.2069541585
-0.0037669014
0.0331135829
0.0089738841
-0.0004316369
0.0765259615
0.0686215836
0.1522156175
0.1569666817
0.1755431479
-0.0158826303
0.0481290328
0.0936700339
0.0131987130
0.0875099164
0.0754059161
0.0598073938
0.1266420826
0.0722537370
0.1564825719
-0.0292530143
0.0090189832
0.1777538043
0.0576489714
0.0858395937
0.1193201454
0.2518637390
0.1029957423
0.2005009885
0.0704655521
0.0715195385
0.1194831123
0.1406462499
0.1924502879
0.1489561104
0.1818433748
0.1099906714
0.2792168791
0.1001952681
-0.0056931942
0.1361703205
0.1380851662
0.1014596861
0.1740849016
0.1403660585
0.1418883459
0.0640840602
0.0835717977
0.1499443658
0.2800509278
0.0968806898
0.1322514508
0.1902698214
0.1544575637
0.1943339660
0.1313639570
0.1646863379
0.1782571735
0.0676860256
0.1246662573
0.1243687119
0.1191898698
0.1691976879
-0.0691218316
0.2408729065
0.2853403611
0.0731140679
0.2374246778
0.1300908849
0.0810737497
0.1202548027
0.3268131409
0.2140709310
0.2570776068
0.3158317136
0.2170319487
0.1697380490
0.2561575206
0.0383750095
0.3122180367
0.2005329988
0.1976356118
0.2603925873
0.3622569466
0.2803191151
0.2382879696
0.1778699505
0.1934912912
0.0698781831
0.2779468271
0.1983005497
0.2928714659
0.3471935030
0.3632925382
0.0984003867
0.0861408175
0.2854701008
0.2740926060
0.3317521529
0.1711782220
0.1574107248
0.3060688130
0.1848912810
0.2603203328
0.2875551517
0.2488318650
0.2048362453
0.2916380498
0.3384073654
0.3373086923
0.3521681684
0.2198406918
0.3315717729
0.2101070544
0.1658442957
0.1309737935
0.3362989747
0.1059920421
0.4147088558
0.1794717703
0.2725092738
0.4232811128
0.2239770208
0.4028117639
0.3881886242
0.4025727573
0.2756171978
0.1272519754
0.2872135646
0.1720281967
0.2621620033
0.2350723091
0.2729789691
0.2907633923
0.2689594888
0.3821705311
0.4091150787
0.3865348441
0.2626039026
0.5197152533
0.3094913188
0.4827875281
0.3388296783
0.2477073079
0.3929914112
0.3457660051
0.3183441732
0.4201443710
0.1726351669
0.2452663430
0.3843142459
0.4409757803
0.3258616785
0.3814584791
0.3410014820
0.2416899503
0.3595975682
0.4325600644
0.2952374129
0.3311930384
0.3865273167
0.4973715318
0.2447403138
0.1818206522
0.4057938869
0.3981881317
0.4513103693
0.2572382189
0.2761182745
0.3816461981
0.4147589444
0.3682489779
0.2773392760
0.4587959728
0.3303425349
0.3462712934
0.4419349619
0.4618570604
0.3683859763
0.3450287767
0.4084110609
0.2862155020
0.4375926870
0.4869395140
0.4729449286
0.3870584290
0.3939157734
0.4310430065
0.4677082672
0.4163254358
0.3994254986
0.5263122087
0.4390609513
0.3899918024
0.4813616107
0.4390824237
0.4206181329
0.5288360010
0.3848347108
0.4767682568
0.4698332755
0.3413685310
0.4513878326
0.4527620217
0.4984561597
0.4400729383
0.4407787364
0.4409021992
0.4433251513
0.4441420967
0.4546409645
0.4598747078
0.5006561125
0.3685399651
0.5444332340
0.4945748011
0.3280366425
0.3972498308
0.4477323130
0.3975885019
0.4156574601
0.4951978746
0.3453450389
0.4394447221
0.3654722297
0.5075297786
0.4928112370
0.5569695371
0.6150880679
0.4315264519
0.5297996775
0.5870940328
0.3719830481
0.4546878029
0.5603078908
0.6613271552
0.4353040460
0.6298038791
0.6144753547
0.4894558026
0.5546577948
0.5854889781
0.4595335466
0.4403732111
0.5558035759
0.4734273081
0.5341877638
0.4824308945
0.5006951210
0.6352928550
0.5305372611
0.5678388887
0.4292360037
0.5716601643
0.5311571140
0.5674992396
0.5347880381
0.5919785742
0.5223409063
0.5956000468
0.4271251498
0.6419123963
0.5232067224
0.4791751712
0.4508016342
0.7013582034
0.4556389401
0.6001275967
0.5939335882
0.7000170696
0.7258241825
0.5667609315
0.4695339881
0.5645148974
0.5426357841
0.6110495223
0.6024594368
0.5444916266
0.7704586223
0.7115895092
0.5467831805
0.6112931702
0.5854063527
0.6707068833
0.6121817019
0.7079725880
0.7710939715
0.5960991083
0.5855490841
0.5754656995
0.7494541023
0.8000846851
0.6370608386
0.6217578401
0.6450975112
0.5899101692
0.7685831636
0.6070631331
0.6489740636
0.6243784396
0.7905965912
0.7004648931
0.6950522064
0.6040958958
0.6160301501
0.7915929247
0.7348310282
0.6451496348
0.6632515777
0.5454845947
0.7224636623
0.5964606030
0.6367840342
0.7557273279
0.6071575094
0.6714553663
0.7093233650
0.7259362873
0.6736716022
0.8440201883
0.6417118444
0.6930189101
0.7221484035
0.5613675067
0.7977627687
0.7602188684
0.6204721753
0.6413443775
0.6420572240
0.6545042243
0.6415433484
0.6491585721
0.8009171288
0.7328425494
0.6989644461
0.7968539146
0.7648031419
0.7647299995
0.7746928944
0.7833706120
0.6696394637
0.7516783698
0.5967191182
0.7955825181
0.6939349411
0.5956562606
0.7626816140
0.7096558577
0.8424964235
0.7569696578
0.8413335725
0.7173709590
0.7039708025
0.9967620262
0.7150235153
0.8366044869
0.7479114917
0.8449696223
0.7219643227
0.7314495767
0.7626558682
0.8784719966
0.6385464916
0.6649362244
0.8438903737
0.8888518287
0.8468193126
0.7176985260
0.8627167761
0.7664029183
0.8613752869
0.7098573824
0.8487561799
0.8095254065
0.8585643712
0.8946116225
0.7863482126
0.7986923511
0.8563187591
0.6988694956
0.7943779516
0.8673551125
0.8007410340
0.8228125092
0.7888911538
0.7807876155
0.6840498934
0.7673508567
0.7875980885
0.9354248440
0.8129586955
0.7978277860
0.8838197330
0.8262265380
0.8597982822
0.7790405814
0.6993040223
0.7625361419
0.7220186693
0.8537055615
0.8258512652
0.8160952615
0.9575932978
0.7737052979
0.8677441833
0.7473250468
0.8577304452
0.8615673702
0.8815491591
0.7782676905
0.9563272788
0.8572671464
0.9473010326
0.9239224830
0.7975632859
0.8829918256
0.9413720701
1.0722143357
0.9497189248
0.8735206503
0.8333167544
0.9995818299
0.8078233943
0.8393381568
0.9572377945
0.9624852841
0.9533370593
0.9438841700
0.8485456112
0.9720238783
0.8776303699
0.7988298255
0.8112900786
0.9384152693
0.9506287542
0.8179772857
1.0498052856
0.7460005096
0.8669159472
1.0666540003
0.9945294481
1.0704583156
0.9927935728
1.0412384338
0.8522077069
0.9662889038
0.9081393953
1.1724159417
0.8847202580
0.8429065518
1.1133729925
1.0046701885
0.9955539077
0.9770319021
1.0437724568
0.9297218548
1.0213628972
1.0416891425
0.9545643093
0.8477671963
0.9659646537
0.8478516185
0.8879196552
0.9845111545
1.0807154728
0.9833623372
0.9946118459
1.0243439202
0.9936425772
0.8911495775
0.9268889712
0.9600436610
1.0060752559
0.9680142651
1.0930341682
0.9802341584
