-1.0605173522
-0.8636753474
-0.8474925806
-0.9715364837
-0.9588432528
-0.9871041703
-1.0454191261
-1.1369807100
-0.9166159745
-1.1190969815
-0.9635828003
-0.7950362402
-1.0239271955
-1.1401806331
-1.0049291810
-0.7704115586
-1.1431182350
-1.0704907917
-0.9623448321
-1.0083603159
-0.8791021709
-0.9430435448
-0.9697415802
-0.9858067609
-1.0469371422
-0.7767493370
-1.0706337473
-0.8749398886
-0.9676677341
-1.0357802471
-0.9515639910
-1.0846416432
-0.7133432167
-1.0202401415
-0.9228547238
-1.0195362986
-1.0512596892
-0.8971873042
-0.9434169135
-1.0079996768
-0.8451440659
-0.8841345265
-1.0015571944
-0.8699949984
-0.9477712910
-0.9020947886
-0.9656648158
-0.8317826169
-0.9172745832
-0.8447981117
-0.6983366133
-0.8291673910
-0.9449066829
-0.9076254806
-0.9872381189
-0.9979771979
-0.9752996058
-0.8260597299
-1.0777039241
-1.0074280572
-0.8412047470
-0.9198917838
-0.7232467735
-0.9074893860
-0.8292997705
-0.7946872406
-0.7702540377
-0.9847724162
-0.9224095225
-0.7727932219
-0.8168258132
-0.9242209360
-0.8932938193
-0.9446867634
-0.9376114402
-0.8655579136
-0.8668753512
-0.7981368658
-0.8654724794
-0.7820670428
-0.9114634247
-0.9077990494
-1.0771117279
-0.8950347829
-0.9056057788
-0.7412236095
-0.6384986872
-0.8886219144
-0.7053567384
-0.6919252900
-0.9834300083
-0.6775573714
-0.9133955671
-0.7774827079
-0.9187445909
-0.8197077860
-0.8605525055
-0.7774017492
-0.7442378432
-0.7453196904
-0.7665332877
-0.6726234933
-0.8471575053
-0.7537635812
-0.7617786233
-0.7220351972
-0.5415068321
-0.7853269640
-0.7511214101
-0.8175084951
-0.8433262901
-0.7852617689
-0.7394007429
-0.7352438108
-0.8232503272
-0.7712546133
-0.7739211103
-0.5575260673
-0.6982969991
-0.7661300704
-0.7746720335
-0.6030831629
-0.7327497677
-0.6687044599
-0.7830573596
-0.7708257857
-0.6627876188
-0.7306731193
-0.6216024014
-0.5704405999
-0.8653860665
-0.6921774152
-0.7748433771
-0.7206673087
-0.8124912650
-0.6303916549
-0.5540676614
-0.7066570845
-0.8859505378
-0.8162448307
-0.7038031507
-0.6838505418
-0.7075410811
-0.6963834599
-0.7157570633
-0.7240847333
-0.7077198239
-0.6293661497
-0.7951329448
-0.7529630730
-0.7828844333
-0.6671329712
-0.7769228012
-0.6125648523
-0.6928819845
-0.8620426518
-0.7133941021
-0.7253431695
-0.6067047559
-0.6874004976
-0.5956925562
-0.5980540584
-0.8054210084
-0.7454912112
-0.8564688764
-0.7162915768
-0.6595342815
-0.6513780179
-0.6851413040
-0.6023347886
-0.6875336017
-0.6221264552
-0.5526161916
-0.6930776419
-0.6554889270
-0.7295074984
-0.5511668317
-0.7408724700
-0.7718264745
-0.5226306560
-0.7347544196
-0.6865420316
-0.6479978787
-0.6544045906
-0.5581037537
-0.6484688852
-0.5746444368
-0.5393013964
-0.6786500914
-0.7451366166
-0.6434865691
-0.5234028036
-0.6299723920
-0.5429941235
-0.6649387278
-0.5378319240
-0.5803875483
-0.6336390766
-0.6774233710
-0.5872818397
-0.6077663317
-0.6931679551
-0.6991655580
-0.6526098174
-0.5708484684
-0.5399123299
-0.7172579201
-0.6059470215
-0.6538809482
-0.6152803839
-0.6785047546
-0.7126142511
-0.6367173281
-0.6000621597
-0.6489377018
-0.6849918316
-0.4219492688
-0.5930119359
-0.4909239674
-0.5989742649
-0.4612829753
-0.6221375129
-0.6256265633
-0.5592007069
-0.5822489558
-0.6227938725
-0.5654651529
-0.3732131600
-0.6729789511
-0.4597252912
-0.5619772243
-0.6076101350
-0.6318951853
-0.5454626016
-0.4889101469
-0.5311310058
-0.5644991474
-0.4927054714
-0.4674233004
-0.5948183665
-0.4340322176
-0.7663417760
-0.3510418748
-0.5153393951
-0.4807449975
-0.5452272576
-0.4698284009
-0.5662146853
-0.6210534792
-0.3764383868
-0.5262556321
-0.6228749360
-0.4533340824
-0.6089216711
-0.3690046589
-0.4606100895
-0.5252938136
-0.5159469968
-0.3426258993
-0.3830235844
-0.3460809679
-0.5069963564
-0.5239045445
-0.4527867680
-0.5682411409
-0.3389251034
-0.2640513708
-0.4145932219
-0.4558469743
-0.5844361231
-0.3132672948
-0.5504382184
-0.4910220539
-0.4142808239
-0.5189664823
-0.3602253382
-0.5259396280
-0.4320432255
-0.4895888136
-0.5971804827
-0.4531747227
-0.3450843336
-0.5179218980
-0.4667841387
-0.2965143027
-0.3369419355
-0.2227724070
-0.4274218702
-0.4910908422
-0.4450731135
-0.4068191002
-0.4714169086
-0.4304486164
-0.3735169827
-0.2764489837
-0.4331709948
-0.4355539285
-0.4230102484
-0.3552408464
-0.5402418347
-0.2432338637
-0.3668420794
-0.3716047376
-0.2608564943
-0.4699731796
-0.3966682592
-0.3845485772
-0.4865972750
-0.3490960218
-0.0881866650
-0.3467811074
-0.3562413582
-0.3477390210
-0.4158367335
-0.4648024912
-0.4673337196
-0.2042628598
-0.3609881751
-0.3772711847
-0.3479411438
-0.3667335383
-0.3281688328
-0.3393734436
-0.2202237221
-0.3456905628
-0.5485883428
-0.2684311587
-0.5143712559
-0.3134489854
-0.4664603422
-0.4269704488
-0.3614899708
-0.4142609773
-0.4024331680
-0.2676900076
-0.2088741462
-0.3318201197
-0.4019582839
-0.2675239264
-0.3696457353
-0.2433933628
-0.2137471637
-0.4426485614
-0.3828203152
-0.4538053818
-0.3073237456
-0.4323652623
-0.2739382136
-0.3111077724
-0.1182210261
-0.3284906665
-0.2690423311
-0.2107610720
-0.3210953842
-0.4225439317
-0.2783356123
-0.2083323232
-0.3715447031
-0.2917739472
-0.4481719492
-0.2924676866
-0.2518429867
-0.1691994575
-0.4380433779
-0.2911142630
-0.1909051321
-0.4026716496
-0.3833289233
-0.2896725901
-0.2431800120
-0.3164933386
-0.3332365373
-0.2060569172
-0.0906575601
-0.4161848675
-0.1741702338
-0.2939944138
-0.2406095959
-0.1688301965
-0.2583945757
-0.1518588864
-0.2535254182
-0.2071651401
-0.3782329699
-0.1832042644
-0.3949082781
-0.2986576390
-0.4534041177
-0.2415718147
-0.2181785168
-0.0863850000
-0.2008687308
-0.3033839051
-0.2547506350
-0.2374241818
-0.1501933149
-0.0713456380
-0.2351647124
-0.2903683473
-0.1823646867
-0.1826100732
-0.1812024144
-0.2012743233
-0.2071126797
-0.2283363390
-0.1480769137
-0.2284395086
-0.2159234698
-0.1274972491
-0.1815431016
-0.2389315264
-0.1736252281
-0.2373411423
-0.1140439166
-0.2653061356
-0.0696022102
-0.1468216473
-0.1175767193
-0.1024684326
-0.2781083181
-0.1729944303
-0.0099001253
-0.0664012393
-0.2384585763
-0.1164122822
-0.0989179738
-0.1608555895
-0.2056546480
-0.1604564238
-0.1435488962
-0.2441846162
-0.0319330391
-0.0651207510
-0.0212217112
-0.0127538274
-0.1195354412
-0.0282772945
-0.0933498748
-0.0710917282
-0.0987580140
-0.0343943329
-0.1404079706
-0.0932876542
0.0344264625
-0.2404323567
-0.1074352641
-0.0517994958
-0.1426632295
-0.1497159145
-0.0774644254
-0.1427767096
-0.0365951017
-0.2424851233
-0.1375541982
-0.1164457371
-0.0335319278
-0.1276808872
-0.0903051984
-0.0444580149
-0.1648076316
-0.1366510274
-0.0893936150
-0.1055413265
-0.1872509009
-0.0542489886
-0.2144646513
-0.0962273908
-0.1000890143
-0.0562835924
0.0779862407
-0.1988402556
-0.0486756806
-0.0321305389
0.0125615195
-0.0153289758
-0.0279106460
-0.1682595088
-0.0420534789
-0.0192318181
-0.0705336889
0.0635464387
-0.0739342563
-0.0538485736
-0.0553998870
0.1033075648
-0.2931723305
-0.0730818201
-0.0857311392
-0.1137269079
-0.0407668238
-0.1107847448
0.0160399225
0.0075988034
0.0212538092
0.0642955706
-0.0314682310
-0.1215263389
0.1278669502
-0.0297399172
0.0491379843
0.0479782285
-0.0441177578
0.0344167473
-0.0544202121
-0.0355956723
0.0814110359
-0.0314985867
-0.1564081889
0.1684826377
0.0223685017
0.1661114768
0.0693037208
0.0891616923
-0.0655847186
0.0469887895
-0.0047141241
-0.0144135968
0.0844872257
-0.0559882390
0.1266790184
0.0412047706
0.2430552630
0.2393836247
0.0826900074
0.1512261051
-0.0294720467
0.0706657932
-0.0598171355
-0.0126670375
0.1455262812
0.0216242161
0.0731968970
-0.0106278648
-0.0370869512
0.0150872859
0.1071425318
-0.0319535385
0.0373801863
0.0867660356
0.1110311714
0.0317801909
0.0681913303
0.0706506357
0.1522695068
0.0130126110
0.0214283845
0.0904693300
-0.0088186737
-0.0134550114
0.1921732614
0.1703686405
0.1889460683
0.1122230596
0.0102286201
0.0430245029
0.1484752686
0.1863436854
0.0077006994
0.3717772116
-0.0294817243
0.1197316335
0.2382811692
0.0410249173
0.2460354228
0.2138992955
0.0949794181
0.1686033356
0.2638958994
0.1300732713
0.2303599382
0.1346307580
0.1493606430
0.0867900881
0.1351942056
0.2664138315
0.1373099071
0.2373741767
0.0653402264
0.1665003039
0.1140010887
0.1703625974
0.1100346027
0.2053532983
0.2318403540
0.1148750891
0.0700318000
0.1845402556
0.2872561571
0.2008628418
0.1262563978
0.2114622944
0.2869007401
0.0422018807
0.1051042414
0.2207699520
0.0828980688
0.1678017121
0.2994249411
0.1712258210
0.1427516469
0.2638165183
0.2266406317
0.1712202779
0.1347086460
0.1017272809
0.3565078773
0.1543996780
0.1760506639
0.2698289604
0.3677772248
0.3893737995
0.4142615769
0.1667244113
0.2116800085
0.0600789792
0.4087773194
0.1876735037
0.2221440675
0.2006321117
0.2200422623
0.2730333202
0.2253014370
0.2368586052
0.2183093122
0.2460819788
0.4196504003
0.1590174575
0.2257166248
0.1498690698
0.1823210044
0.3197382797
0.3544898671
0.2375826600
0.1450500166
0.3435088095
0.3547253381
0.1923749851
0.3411309784
0.2872839893
0.2111264807
0.3207473110
0.1661961211
0.3523624031
0.1374268093
0.1900672886
0.3734350363
0.2914084477
0.2659859295
0.2469359600
0.2888621205
0.4803113198
0.3487677324
0.4180550718
0.2919214311
0.2920039259
0.2766974274
0.2579520354
0.3988730348
0.2977537797
0.1959790126
0.2476301631
0.2014994669
0.4508824366
0.3598700997
0.3012615038
0.3134698298
0.3879820757
0.3480499913
0.2204120877
0.1350950698
0.1825535441
0.3490291379
0.4561857950
0.2899820726
0.3722518836
0.3544045622
0.3775225901
0.4213991360
0.4719902050
0.3969653104
0.3351679436
0.2410147425
0.4284608524
0.4801556222
0.4727366054
0.3433811793
0.4417734852
0.2993407309
0.3767239556
0.2409937096
0.2796437614
0.3568093371
0.3420076361
0.3839116847
0.2202979796
0.3599141273
0.3265721076
0.4191410366
0.3581205957
0.4101955075
0.4423810601
0.5199782134
0.4511019214
0.2723887163
0.3917834255
0.3808521058
0.5480021856
0.4130642678
0.4010613772
0.4612436160
0.4596457547
0.4700518863
0.3974831268
0.6044451491
0.4612171095
0.3539594682
0.2764944051
0.3704067664
0.3520647269
0.4472409828
0.4773352617
0.5121768673
0.4989383731
0.3357401686
0.4854619489
0.2522969594
0.3998918225
0.5706531988
0.5777822608
0.6029210537
0.3277910024
0.4544271569
0.3804399265
0.5506459035
0.3560318322
0.5467496044
0.3282207022
0.4585258522
0.2825025518
0.4123847673
0.4580956273
0.4758528512
0.3095500495
0.3773557510
0.4599882192
0.6167428089
0.5541397805
0.6032811997
0.5234162594
0.4464708909
0.6237913991
0.5510065776
0.4385645771
0.5001556666
0.4044758300
0.4478618570
0.4792836965
0.5195857351
0.5193676489
0.6731980773
0.4806174551
0.6035680136
0.5633285921
0.5331626076
0.4860718428
0.3490592917
0.4025076940
0.5558585604
0.4264439565
0.5160922896
0.3964777807
0.5680621381
0.4693036278
0.5000938051
0.6984201245
0.5015197404
0.5002341579
0.5497375609
0.5926236638
0.5278720255
0.6436214040
0.5327762649
0.6477027960
0.5457954968
0.5527987148
0.6374183767
0.5306746156
0.5574406277
0.5524551175
0.5553152177
0.4643550892
0.5412422252
0.5514595986
0.6231661215
0.5676145128
0.5546852380
0.6130939757
0.7187271490
0.6506975192
0.6617430698
0.6015807700
0.5531573157
0.6244594881
0.7315120918
0.6506072630
0.5775919169
0.7288745727
0.6305294357
0.6798478186
0.6387296670
0.6347246077
0.4719177274
0.6667240942
0.6741446746
0.8232578741
0.5334228706
0.6322789444
0.6658574486
0.6981079516
0.6603466088
0.5874106164
0.6680060532
0.7700991716
0.6227752241
0.6962650266
0.6594949551
0.5572135953
0.6915845031
0.6660932143
0.6732956503
0.6318306956
0.6070334538
0.6235069933
0.7304897966
0.7020100837
0.7777779233
0.7690280914
0.6362752967
0.6329631162
0.5101418158
0.7116630809
0.7192774223
0.8145804773
0.7313220127
0.6402976724
0.6540088575
0.7090938494
0.5750267336
0.5184838092
0.4592032603
0.7268051746
0.7292172854
0.6328292092
0.6331581578
0.4805936093
0.7280889572
0.9160070294
0.6903096770
0.7625662525
0.7785498820
0.7339917688
0.6495442186
0.8393165860
0.8370738311
0.6851680014
0.6341921352
0.6915806409
0.7049033593
0.7682347078
0.7544700470
0.8037002247
0.6920399768
0.6758041335
0.7124719602
0.6372116434
0.6512846139
0.8054986352
0.8030554278
0.6853797097
0.7041814189
0.7033960336
0.8022969959
0.6841025985
0.7932461204
0.7731840450
0.7060095621
0.7040784192
0.8594790350
0.7139830123
0.7941461466
0.8686545725
0.6072449814
0.8863737829
0.8465931438
0.8535195491
0.8398543685
0.7225391333
0.6959020257
0.8574113437
0.7674099519
0.7773385570
0.7079305864
0.7450462620
0.7527417630
0.7151340760
0.8566680994
0.8291637043
0.8229679856
0.7734967113
0.8512787280
0.9107785425
0.8727224557
0.8566887611
0.8784353903
0.9010979299
0.7339603246
0.9236890524
0.9269925799
0.7804806704
0.8402930311
0.8458172251
0.7813322288
1.0044547913
0.8768171133
0.7726923579
0.8840213662
0.7568566713
0.7409200396
0.8286136762
0.8041174774
0.7489125665
0.8557658061
0.8826319691
0.9100019047
0.8222909598
0.8635533154
0.9078586026
0.8943701592
0.9296231000
0.9818912556
0.8485099194
0.8807028594
0.8832538351
0.8054759586
0.9264313555
0.8235212790
1.0685802394
0.8633772539
0.8589006386
0.8601084075
0.9500811627
0.9257000564
0.8988462901
0.9580868653
0.8574504532
0.8000491746
0.8429419361
0.8510796707
0.6985148191
0.9196794855
1.1261731920
0.9771340015
0.9715511326
0.9115455365
0.8922492459
0.9615574643
0.9722808692
1.1526824092
0.8104144195
0.9640962483
1.0140962349
0.8832046334
0.8647067372
0.9323492074
0.9130088369
0.8817227802
0.9146239648
0.9254896352
0.8126747033
1.0004698484
0.9947993595
1.0611956906
0.9823638822
1.0278451374
0.8202750498
1.0147949328
0.9941761254
1.0546835438
1.0175280796
0.9071710989
0.8590367186
1.0559035639
1.1897917176
0.9563581463
0.8302888669
0.9132144197
0.9456489302
0.9241015197
0.9962060683
0.9439467340
