-0.8967219794
-1.0054511451
-0.9989636033
-0.9203927080
-0.9748645376
-0.9175696133
-1.0332370931
-0.9043626368
-0.9461072119
-0.9867335075
-1.0443950915
-0.9833580085
-1.0807578572
-0.9892205421
-0.9517072262
-0.9510434217
-1.0082053134
-1.0415597659
-0.8940071335
-0.7381953412
-1.0096307114
-0.8742741981
-0.9384528260
-1.0021935910
-0.9285538384
-0.8825737603
-0.9826844201
-0.8093119999
-1.0010460812
-0.8965007149
-0.9804271254
-0.8451342907
-0.7822452136
-1.0457414645
-0.8474275831
-1.0207918793
-0.9198079296
-0.8057654295
-0.7625757303
-0.8079023437
-0.8859550151
-0.7228779089
-1.0371247067
-0.9375720943
-0.9473982331
-0.6896797647
-0.8385447319
-0.8647343164
-0.9434200111
-0.8128835223
-0.8066723071
-0.9005215077
-0.9728586088
-0.8473657652
-0.8791347759
-0.9937091372
-1.0563545156
-0.8196472843
-0.9650634320
-0.7764684850
-0.8368059046
-0.9773663867
-0.8488904551
-0.8204661205
-0.9340894618
-0.8953984714
-0.8646507218
-0.9092906427
-0.9069220016
-0.8263070253
-0.9415376573
-0.7639904867
-0.7224496732
-0.7626553010
-0.9561833995
-0.9580853652
-0.8118001753
-0.8688625291
-0.8310268181
-0.7913225310
-0.7974438849
-0.7480400179
-0.8038178051
-0.9935251657
-0.7214654363
-0.7298897817
-0.8230423975
-0.9814482656
-0.9515668488
-0.7736044176
-0.8348213001
-0.5312309367
-0.6567211423
-0.8598678574
-0.9233133115
-0.7613831886
-0.7804794127
-0.8066308210
-0.8295744241
-0.8381454060
-0.8671682754
-0.8435772197
-0.7389720575
-0.8408629549
-0.8478026843
-0.8079985617
-0.9221378137
-0.9769990835
-0.8976230835
-0.7228113694
-0.8330836477
-0.8524858784
-0.7843121083
-0.8173326428
-0.8378964164
-0.6782833091
-0.6920434176
-0.6219266305
-0.8211351508
-0.6059609700
-0.5984069337
-0.6932016294
-0.8139110781
-0.6662274682
-0.7231230507
-0.5579345386
-0.6059897526
-0.6111679031
-0.9066726645
-0.7102650406
-0.6768798768
-0.6809958935
-0.7070026548
-0.7446306215
-0.7178629085
-0.7791710664
-0.6378034137
-0.6730706036
-0.7033508687
-0.6684273701
-0.7754473848
-0.6556821481
-0.7108161475
-0.7916438468
-0.6226121780
-0.7886477698
-0.6941460499
-0.7312653412
-0.7602406808
-0.5137357797
-0.7145610540
-0.8135219094
-0.5713183178
-0.6788321171
-0.6741249917
-0.6626395138
-0.7172130398
-0.5864063889
-0.7126883185
-0.7899147796
-0.7821544979
-0.5953021370
-0.5274198847
-0.6666324213
-0.5850491362
-0.7199468548
-0.7676553418
-0.6713158427
-0.6133604494
-0.7872052402
-0.7037183673
-0.6686486441
-0.7080755503
-0.6412838066
-0.5831120946
-0.6967362810
-0.6309149204
-0.6242212007
-0.6649121887
-0.6092729003
-0.6247442791
-0.4934871448
-0.7012409493
-0.5838126268
-0.7070597829
-0.7336973925
-0.5128957947
-0.6408047842
-0.5828436344
-0.6852391016
-0.6839528999
-0.6793130139
-0.7142616549
-0.7080285129
-0.6763875795
-0.5681996813
-0.6309657223
-0.4813419162
-0.6177752240
-0.5754104307
-0.5156569524
-0.5368562120
-0.5075373506
-0.5059354049
-0.6047253950
-0.5657770818
-0.6878833482
-0.5185827451
-0.5636566299
-0.5485325756
-0.8045839029
-0.6504896229
-0.6335025832
-0.6068075096
-0.3554095857
-0.4574319954
-0.5486558268
-0.5477845071
-0.5362839695
-0.5898072094
-0.5999808631
-0.6399859236
-0.4843293957
-0.5423896122
-0.6017479128
-0.5056548521
-0.6243698300
-0.4746979693
-0.5696185883
-0.5028521818
-0.3329616568
-0.5999606926
-0.5989909198
-0.5955490512
-0.6138961115
-0.5011397969
-0.5136613894
-0.5053450761
-0.5384655423
-0.4949745353
-0.5592916984
-0.6065981247
-0.4447310311
-0.5012352653
-0.5006227018
-0.5330852985
-0.5234573890
-0.5452217201
-0.4341305379
-0.5402027352
-0.4376954052
-0.5286646658
-0.4449425900
-0.4941983812
-0.5521744517
-0.5150362028
-0.3066490123
-0.4406564156
-0.5816094816
-0.3861066793
-0.3343858911
-0.4730698122
-0.4742754360
-0.3809814388
-0.5353265522
-0.5968951230
-0.4941879720
-0.5140329482
-0.3783113212
-0.3791799728
-0.3826421071
-0.3816736379
-0.4186602244
-0.4293690629
-0.5947322814
-0.5107303910
-0.3734271718
-0.4421324592
-0.4219753791
-0.3584971921
-0.3264793102
-0.5534510085
-0.3734820076
-0.3709963307
-0.4741045082
-0.4026005253
-0.4158112987
-0.4032040619
-0.4617842733
-0.4236988054
-0.4955545849
-0.4854585386
-0.5231851385
-0.3671412321
-0.5704401018
-0.3239123231
-0.3384314397
-0.4322184460
-0.3020714548
-0.3785192460
-0.3899538862
-0.4320279713
-0.4295251093
-0.3231526041
-0.2675830749
-0.4557952672
-0.3519952260
-0.4254893274
-0.3396707660
-0.3188013818
-0.4709674773
-0.3948978144
-0.4579171975
-0.3525774999
-0.3503806212
-0.2856829780
-0.5259043274
-0.2734764645
-0.4053908391
-0.2229291137
-0.2724401678
-0.3352902944
-0.2324276511
-0.2989335448
-0.2929811246
-0.4025323362
-0.3942476438
-0.5236580991
-0.3498788587
-0.2941536108
-0.2704351958
-0.4422137792
-0.3528355011
-0.4258679230
-0.3327713610
-0.2029287730
-0.4180539798
-0.3346649410
-0.2413773352
-0.3225151249
-0.3503722162
-0.1901519527
-0.1981009123
-0.0960500880
-0.4558776890
-0.3793414635
-0.3014103056
-0.3370783759
-0.2756273885
-0.3117423694
-0.2894292590
-0.3515513864
-0.2060333646
-0.1908716592
-0.3757432916
-0.2022201781
-0.4298834520
-0.3372493098
-0.3596598716
-0.3036779901
-0.3104878228
-0.3218664712
-0.2162361049
-0.3934367494
-0.4889303831
-0.4265096087
-0.2443161164
-0.3128753697
-0.1129638087
-0.2749275740
-0.1943179881
-0.2102806539
-0.2099555065
-0.2378934360
-0.2752709671
-0.1905936963
-0.2355765133
-0.3204626720
-0.1922445753
-0.2127571206
-0.3469995608
-0.1144293787
-0.3156525176
-0.4167752400
-0.3276190079
-0.2510127276
-0.1596452222
-0.1327143420
-0.1234686574
-0.0029788638
-0.3087643672
-0.3343517973
-0.1838488409
-0.3102074168
-0.1846899833
-0.2144841813
-0.1959257374
-0.2482366886
-0.3013323724
-0.3389954795
-0.2793706285
-0.2122635344
-0.0987504717
-0.1616538172
-0.1086582147
-0.1369420786
-0.3162076706
-0.0284474740
-0.1779412389
-0.1358291861
-0.1779933817
-0.1213452637
-0.0855842920
-0.0560884211
-0.2449290141
-0.2441595299
-0.1042080573
-0.3060189629
-0.1664081610
-0.2136253637
-0.3115742922
-0.2177654130
-0.0670486219
-0.1087945876
-0.0065538127
-0.1865749315
-0.2028842798
-0.0974351687
-0.0916312644
-0.0801620933
-0.1630658191
-0.1653253250
-0.1085778902
-0.0688922251
-0.0243107887
-0.1800041647
-0.0387552132
-0.0181539718
-0.2658723435
-0.0649201460
-0.0183923465
-0.1290858254
-0.1255067656
-0.0366988034
-0.0100062526
-0.1359804485
-0.0991942905
-0.0799222384
-0.1320347745
-0.0226614597
-0.0357760343
-0.1311322297
-0.1674562395
-0.0007322252
-0.1101425468
-0.1135619880
-0.1338816400
0.0164606457
0.0327633055
-0.1158735112
-0.1300882041
-0.0807167656
-0.1201289352
-0.1230331528
-0.0818120701
-0.1130057328
-0.0134078986
-0.0405473575
-0.0792637390
-0.1229481112
-0.1673884170
-0.1468144866
-0.1372594741
-0.1360790695
-0.1345636789
-0.0649834864
0.0120424712
0.1105178688
-0.0575218986
0.0187060471
0.2389132554
-0.0417038817
0.0044325609
0.0710144590
0.0193377797
-0.1626840471
-0.1676309405
-0.1164812578
-0.0443264642
0.0748114043
-0.0914764751
0.0787196232
0.0071106509
-0.0124859414
0.0789407656
-0.0338200968
-0.0186478265
0.0430914659
-0.1517577512
-0.0924752773
-0.0805133435
0.0424766809
0.1222729273
-0.0286612019
-0.0821170406
0.0497342709
-0.0828048654
0.0975448472
-0.1596456592
0.0496432781
0.0059260774
0.1977367018
0.0235607203
0.0432658863
0.0224538991
0.1080122279
-0.0176481141
-0.1606274776
0.1149539513
-0.1148050249
-0.0324830170
0.0042224598
0.1373432165
-0.2232991138
-0.1161329063
-0.0212244791
-0.0909700557
0.0892692713
-0.0636379198
0.0284505149
0.0891377252
-0.0669475658
-0.0182133824
-0.0777062554
0.0921430308
0.1078214269
0.0335455391
-0.0296923393
-0.0057631312
0.0959134147
0.0792039614
0.1071511634
0.0912280860
0.3231743558
-0.0695386797
0.2361419532
0.1755881705
0.1596216428
0.0165730268
0.0690681098
0.1663187050
0.0077192765
0.0908617104
-0.0441247127
0.1241877237
-0.0615853432
0.1523236358
0.1103477010
0.1168768402
0.0788835818
0.0705850395
0.1196277824
0.1547441507
0.1596981572
0.1019750521
0.0965545779
0.1415316561
0.0485592272
0.1476013311
0.1340445849
0.2907898543
0.0354842757
0.2025461391
0.1528062522
0.0115518850
0.1318965387
0.0281060483
0.1332184454
0.2135969293
0.2745361407
0.1476817171
0.1978782132
0.1717780591
0.2509936055
0.0708625357
0.1300610223
0.2628574408
0.1932183180
0.0638839925
0.1940035280
0.2091552010
0.3070004330
0.2587742615
0.1785201907
0.2685632033
0.0566599393
0.2088820970
0.2878475890
0.2541438887
0.1804177941
0.0583072275
0.2346100176
0.1506107507
0.2916293742
0.2893674570
0.1467791509
0.1887494754
0.2941831429
0.0913695224
0.2459447615
0.1287973002
0.1531460677
0.2970602005
0.2990493206
0.2654524729
0.1932020302
0.2556170834
0.0826051113
0.2770360581
0.3740019538
0.3545174260
0.1096974598
0.4019733858
0.1806041719
0.3069936488
0.2090769399
0.1847320619
0.1394871480
0.2346572607
0.2722498412
0.4038769130
0.2428557169
0.1415786264
0.1944333547
0.3088864321
0.2534165942
0.3574924431
0.2966104525
0.3492884106
0.2750169049
0.2756560317
0.1366580785
0.2736263706
0.1355724634
0.3034459635
0.4028359226
0.3733711235
0.2056195172
0.3762280189
0.4726431614
0.1800599188
0.2866333710
0.1503513812
0.2901132831
0.1721525436
0.2558950197
0.3431500713
0.2020199215
0.3402477394
0.2960931732
0.3160920305
0.3771401113
0.2503986012
0.2217321544
0.2685827800
0.2808653068
0.3422256496
0.3221605714
0.2309426896
0.3381300721
0.4418672898
0.2643449487
0.3736369671
0.3116514917
0.2273118664
0.3187104047
0.4519837229
0.3023753353
0.3500254840
0.3869851288
0.3633949588
0.3015836974
0.2541955026
0.3271194832
0.4078061803
0.3886708698
0.4830678123
0.3881032687
0.5171199029
0.4104031969
0.3342588834
0.4267359575
0.2953788386
0.4132340436
0.2181877139
0.4161568964
0.4085722601
0.3543791994
0.4788194718
0.3012654875
0.4294652969
0.3549283925
0.5102998247
0.4118142520
0.3052675098
0.5311274285
0.4112802370
0.3880225305
0.4161358625
0.3920996506
0.4521162258
0.3902344500
0.3774949942
0.4378632596
0.3611753171
0.2386007048
0.4506785853
0.4151061942
0.4423468203
0.4320038774
0.4940726299
0.4414455491
0.4021787668
0.5919217434
0.5129200222
0.4761229856
0.4926213384
0.5143534896
0.5209698295
0.3627103109
0.4766502052
0.5120544085
0.3433747388
0.5518392643
0.6230585576
0.5395260744
0.3411293299
0.3978429660
0.5153251113
0.5611469239
0.6275078118
0.5228701543
0.5137593967
0.4264076531
0.3863016472
0.5347393675
0.5572284009
0.4821915153
0.6195266521
0.5550409140
0.4214770351
0.6744847537
0.5239486695
0.5280082832
0.5582410857
0.4899836309
0.5325678018
0.6258780945
0.5527872075
0.4079602506
0.5397124683
0.5341473111
0.5162916284
0.5977472044
0.5517177634
0.7640345462
0.5152104125
0.5419920609
0.3599906867
0.5194982246
0.4610410572
0.5337262956
0.5707546923
0.5711900928
0.4101589326
0.6588559795
0.5771250280
0.4756076524
0.7112331707
0.6012993535
0.5986205683
0.7161903762
0.5164912505
0.5921615612
0.5877481815
0.4695476354
0.6064093461
0.6091046467
0.6591900611
0.6646842096
0.5277410189
0.4608379654
0.5390929767
0.4941956100
0.4723915774
0.6771154944
0.4361398166
0.5298922743
0.4393505861
0.5932245395
0.6418633668
0.5735928801
0.6424541222
0.6710207338
0.5204404289
0.5628733922
0.6845527720
0.5837084263
0.5554168695
0.5475498845
0.7789965938
0.5738530491
0.5611913701
0.6518103182
0.6419965941
0.4569932454
0.5965566473
0.6345429662
0.6625823557
0.7771978596
0.4636344224
0.5925085666
0.7190479974
0.7633849365
0.5816845109
0.5181034092
0.6035372362
0.8700688259
0.6428235016
0.6418754954
0.7476639256
0.5659396499
0.7332807129
0.7246549091
0.6257316945
0.6678365526
0.6655180912
0.5946385899
0.7302814263
0.7717550191
0.7539087303
0.6483911665
0.5758531853
0.6797663470
0.5863832631
0.7544060617
0.6682688979
0.7077296145
0.7592301427
0.7952069938
0.6807601996
0.7433254982
0.6441525118
0.5538375661
0.7153575218
0.6186783882
0.7006252705
0.6062258120
0.7363353529
0.8101124263
0.7370953452
0.6596722390
0.6565270097
0.6430457702
0.8082233619
0.7494269062
0.8442321049
0.9249648393
0.8152405614
0.7631837810
0.6719838120
0.7100474620
0.6612385705
0.7125487185
0.8332620625
0.8508581525
0.8213399766
0.6715669323
0.6568617872
0.8506991071
0.7692075883
0.7406045843
0.7624406604
0.7996042914
0.8179828294
0.7048462124
0.9047353830
0.8084477058
0.8417625927
0.7200256015
0.7990202035
0.9508916615
0.7057104565
0.7363786479
0.8120636469
0.7949506833
0.6926964333
0.8087496655
0.8020685819
0.8335448913
0.7100173784
0.6844685627
0.7931488883
0.7631606895
0.7957046566
0.9596938665
0.7824853118
0.8530145380
0.9029072429
0.8068392957
0.9310262767
0.7907139830
0.9100691050
1.0154706994
0.7706267402
0.8069473664
0.7981439431
0.8864592224
0.8812285993
0.8296332096
0.8352333074
0.7866308158
0.8916782086
0.8325008364
0.8527385599
0.9494897033
0.8729110254
0.7974999392
0.9604584120
0.8537082182
0.8126116884
0.7691523904
0.9594505795
0.7851423790
0.9173774302
0.8638570306
0.8633647046
0.9257412429
0.9748961658
0.8645438706
1.0001004279
0.8187747436
0.8226982955
0.9354551985
0.8039473846
0.9170309771
0.7426192365
0.9484137518
0.9941826799
0.8147091384
0.8127923648
0.9646584803
0.8856322329
0.9664835028
0.9117326822
0.7801461749
0.8548172033
0.8569455703
0.8576994652
0.9511474231
0.9417027407
1.0114001312
0.8800942489
0.8818597314
1.0249499082
1.0991963053
0.9504750506
0.8804240320
0.8821768582
1.0359977507
0.8863035153
0.9454825487
0.8994921263
0.8866608303
0.9030147081
0.8886566292
1.0069808916
0.9680154708
0.9240050791
1.0417341022
0.8822082607
0.9548828855
0.8708772480
1.0408266559
0.9510532142
0.9080875506
1.0235829554
0.9364618021
1.0436891833
1.0031168487
1.0602409925
1.1088737610
1.0458547076
1.0055575304
1.0534250906
0.8984705693
1.0695348326
1.0588352749
1.0114795352
1.1149331229
