-0.8803472180
-0.9859167277
-0.9943701866
-0.9376977141
-0.9491239845
-0.9399986054
-1.0154054401
-0.9131166720
-0.9686462742
-0.9960609962
-1.0274875273
-0.9974312233
-1.0861495882
-0.9873215448
-0.9558508346
-0.9613901888
-0.9976729956
-1.0413776298
-0.9000808697
-0.7291752212
-0.9917925197
-0.8681150306
-0.9435984426
-1.0257579969
-0.9253898656
-0.8909284828
-0.9916893549
-0.7827352146
-0.9730309985
-0.9040507063
-0.9753106934
-0.8551758893
-0.7878732164
-1.0443003834
-0.8666142502
-1.0253789544
-0.9204460861
-0.8055935558
-0.7756196883
-0.8212931260
-0.8891471349
-0.7482006062
-1.0330574276
-0.9499985889
-0.9438407668
-0.7189042482
-0.8485843756
-0.8664235910
-0.9630157217
-0.8004902570
-0.8152647247
-0.9277768096
-0.9579569536
-0.8534296490
-0.8697063338
-0.9678195925
-1.0272918571
-0.8076866014
-0.9629069632
-0.7774378710
-0.8789926094
-0.9611872206
-0.8470655403
-0.8009838442
-0.9235615952
-0.9008594862
-0.8681875247
-0.9096521642
-0.9095905050
-0.8476576000
-0.9176628970
-0.7636573093
-0.7349541818
-0.7577856365
-0.9763797046
-0.9372180393
-0.8218322663
-0.8496297579
-0.8540908172
-0.7935889639
-0.7910864127
-0.7474430195
-0.8056503492
-1.0039864327
-0.7281356923
-0.7194882603
-0.7915586930
-0.9618593960
-0.9402628239
-0.7999328862
-0.8253227027
-0.5494547342
-0.6707990666
-0.8604652214
-0.9093223084
-0.7491033265
-0.7867340311
-0.8062762322
-0.8211449303
-0.7910185754
-0.8596247751
-0.8254482459
-0.7395241501
-0.8378626389
-0.8439622293
-0.8023546154
-0.9152424469
-0.9814973260
-0.8800726950
-0.7298130453
-0.8163954091
-0.8706309311
-0.7427117976
-0.8120482164
-0.8212598573
-0.6749392549
-0.6798390410
-0.6068771972
-0.8174127820
-0.6173788958
-0.5922558101
-0.6717612746
-0.8157848904
-0.6789419798
-0.7287352536
-0.5614785887
-0.6122065402
-0.6047451462
-0.9088781616
-0.7061748864
-0.6908674716
-0.6536803615
-0.7190899024
-0.7390480668
-0.7171003219
-0.7815005531
-0.6419743115
-0.6892240938
-0.7133340752
-0.6631920868
-0.7700337049
-0.6656266276
-0.7073667990
-0.7954346668
-0.6406863081
-0.7974517744
-0.7184281819
-0.7455100267
-0.7867618877
-0.5106294288
-0.7075429128
-0.7938373507
-0.5573332158
-0.6535378032
-0.6515479977
-0.6670527015
-0.7369759283
-0.5855617261
-0.7041871086
-0.7963151444
-0.8095687673
-0.5920336477
-0.5116905175
-0.6720966737
-0.5863812982
-0.7282269276
-0.7419850522
-0.7214779288
-0.6055757162
-0.7988161650
-0.7044861082
-0.6533772939
-0.7120963103
-0.6313856476
-0.5943696780
-0.6926341560
-0.6316103603
-0.6411238031
-0.6683037845
-0.6018554320
-0.6281879049
-0.4984046185
-0.7201892511
-0.5852006173
-0.7171361083
-0.7322677027
-0.5298449879
-0.6432350207
-0.5849745439
-0.6921801396
-0.6908440949
-0.6781300563
-0.7015588489
-0.6853691831
-0.6656998808
-0.5803524992
-0.6406887827
-0.4605981820
-0.6213225068
-0.5807430173
-0.5267778324
-0.5385674598
-0.4885493227
-0.5231848137
-0.5995223071
-0.5721852682
-0.7070243746
-0.5064398520
-0.5748886416
-0.5390696267
-0.7998237522
-0.6527939589
-0.6031081509
-0.6195518891
-0.3783758174
-0.4571099064
-0.5295454230
-0.5253222670
-0.5453076565
-0.5999782349
-0.6079258653
-0.6324522762
-0.4939449523
-0.5501955784
-0.6007959946
-0.5018555662
-0.6442719162
-0.4717322645
-0.5709495013
-0.5404379083
-0.3170156936
-0.5987954993
-0.5937907502
-0.6082827776
-0.6290818171
-0.5013193577
-0.4819332393
-0.5024541970
-0.5501606053
-0.5159838304
-0.5530372793
-0.5772900477
-0.4383140606
-0.4833043756
-0.5022771210
-0.5667693357
-0.5552334870
-0.5486037872
-0.4391398649
-0.5388289870
-0.4392023163
-0.5291436579
-0.4346426997
-0.5097422684
-0.5464623009
-0.5168615764
-0.3089124167
-0.4615960036
-0.5936608566
-0.4111766124
-0.3365361464
-0.4650679634
-0.4473214174
-0.3949892569
-0.5393452104
-0.5902488727
-0.5045785935
-0.5308981537
-0.3999068151
-0.3961563945
-0.3747077635
-0.3962930373
-0.4147774974
-0.4389006846
-0.5762862512
-0.5236738144
-0.3643292561
-0.4570737387
-0.4244411893
-0.3706500627
-0.2996451872
-0.5374901147
-0.3670115214
-0.3305885817
-0.4815954580
-0.4296940822
-0.3989995982
-0.4020952620
-0.4688903752
-0.4307481754
-0.5077338563
-0.4995696914
-0.5383239105
-0.3947099204
-0.5522278004
-0.3184453772
-0.3584333472
-0.4486604881
-0.2858926894
-0.3610684906
-0.3661519998
-0.4321898573
-0.4460125425
-0.3176585559
-0.2483650687
-0.4518313356
-0.3485916570
-0.4494803086
-0.3620185650
-0.3068808465
-0.4813184565
-0.3934547800
-0.4738025714
-0.3275757009
-0.3746023155
-0.2938251966
-0.5445480575
-0.2645684929
-0.4270701463
-0.2371989163
-0.2740732256
-0.3301089450
-0.2476068704
-0.3044229478
-0.2827530262
-0.3899356541
-0.3993839514
-0.5186815225
-0.3633237049
-0.2870072169
-0.2691132367
-0.4519266941
-0.3436899486
-0.4094463527
-0.3450780154
-0.2191255217
-0.3957068472
-0.3435415598
-0.2537693414
-0.3319155896
-0.3453670337
-0.1914974813
-0.2061702004
-0.1218412713
-0.4391694406
-0.3771567265
-0.2954279347
-0.3263492915
-0.2791943522
-0.3195278418
-0.2773812999
-0.3415597105
-0.2244624082
-0.2014740044
-0.3857878214
-0.2027947941
-0.4394766052
-0.3454942127
-0.3840756125
-0.2854494285
-0.3127801108
-0.3342810163
-0.2217926436
-0.3659460488
-0.4957821594
-0.4240497956
-0.2501182967
-0.3360568640
-0.1020194611
-0.2990956252
-0.1950320387
-0.2144605436
-0.2144785281
-0.2267378617
-0.2879826151
-0.2181779465
-0.2382330562
-0.3166813131
-0.1829438287
-0.2212013441
-0.3616016024
-0.0632860224
-0.3155806394
-0.3930897652
-0.3305027369
-0.2713975385
-0.1477938764
-0.1405725816
-0.1315893878
-0.0030660756
-0.2890833158
-0.3421806712
-0.1640332580
-0.2993874479
-0.1764286630
-0.2471237139
-0.1921088939
-0.2540746189
-0.2964917267
-0.3268368903
-0.2609302440
-0.1811883323
-0.1024875156
-0.1635782337
-0.1036525881
-0.1338066626
-0.3185014914
-0.0277077575
-0.1782390292
-0.1305988737
-0.1756498979
-0.1137835634
-0.0793816450
-0.0635903243
-0.2612773578
-0.2331599354
-0.1000188862
-0.3282122403
-0.1654514449
-0.2340975414
-0.2879321123
-0.2153105405
-0.0576482861
-0.0831328201
-0.0309135587
-0.2003547402
-0.2047214597
-0.1047564229
-0.0934142588
-0.0877642332
-0.1695383359
-0.1924316732
-0.0966137889
-0.0608647297
-0.0331481831
-0.1556171949
-0.0278237752
-0.0420845678
-0.2543313934
-0.0578231788
-0.0309701183
-0.1042461262
-0.1027065996
-0.0592937273
-0.0417636479
-0.1479089834
-0.0861044031
-0.0752114873
-0.1398753124
-0.0173287880
-0.0414765962
-0.1184693886
-0.1799649344
0.0051560494
-0.1354348745
-0.0868187588
-0.1322197285
-0.0015896414
0.0309399641
-0.1353930143
-0.1361692706
-0.0693262210
-0.1346567190
-0.1560323145
-0.0783756045
-0.1606610707
-0.0355815516
-0.0262834262
-0.0934313468
-0.1179896210
-0.1750097286
-0.1405926848
-0.1184956785
-0.1255687044
-0.1318828728
-0.0612666032
-0.0217673826
0.0917148302
-0.0412976342
0.0190577852
0.2398120393
-0.0100547437
0.0168015716
0.0846620119
0.0464628366
-0.1811769508
-0.1650992217
-0.1045791086
-0.0394899537
0.0680895036
-0.0855576450
0.0866318555
0.0059811528
-0.0044389916
0.0668894502
-0.0393701390
-0.0136211445
0.0116497510
-0.1384984350
-0.0761911800
-0.0644751531
0.0660505960
0.1310404132
-0.0339280322
-0.0713231898
0.0561389746
-0.0743572950
0.1000702468
-0.1339821562
0.0425352094
0.0057638486
0.2011545629
0.0055579017
0.0224947281
0.0290389771
0.1009439514
-0.0257117105
-0.1641186278
0.1078712923
-0.1326137156
-0.0177379065
0.0050366751
0.1291539291
-0.2355767411
-0.1004659102
-0.0202979905
-0.1100340381
0.0832050278
-0.0530291636
0.0148947393
0.1065404976
-0.0625404025
-0.0177960868
-0.0984555907
0.0802094748
0.1137252896
0.0583293146
-0.0135847521
-0.0195014116
0.0919736595
0.1195708424
0.0992517903
0.0748008262
0.3159716523
-0.0780597450
0.2538581764
0.1652993807
0.1632934821
0.0328345281
0.0818993098
0.1769956651
0.0152454455
0.0757172167
-0.0157339214
0.1317443668
-0.0654664979
0.1493931483
0.1253456772
0.1060389102
0.0992218059
0.0921578982
0.1119116369
0.1826609923
0.1540220324
0.0769041904
0.0886421930
0.1375782459
0.0465977333
0.1659074480
0.1228399853
0.2610026059
0.0520056341
0.1907595389
0.1472034819
0.0223407115
0.1510430372
0.0396969697
0.1489591198
0.2073607535
0.2698140405
0.1203918058
0.1751990637
0.1696887367
0.2188799828
0.0840930421
0.1138040810
0.2521882072
0.1756057547
0.0732348660
0.1809696893
0.2063699503
0.3331679363
0.2632466194
0.1745606733
0.2609570402
0.0606966533
0.2236892334
0.2774170797
0.2693408690
0.1911413644
0.0227436591
0.2523336571
0.1648355252
0.3129796693
0.2791357578
0.1412730298
0.1761053910
0.2956946475
0.0909894350
0.2527853590
0.1202409918
0.1414000408
0.3130647489
0.2890477013
0.2616263411
0.1631467413
0.2537045501
0.0685529199
0.2699833472
0.3768233757
0.3948827992
0.1478063439
0.4001944243
0.2153261838
0.2811423019
0.1983245452
0.1968174586
0.1466937437
0.2375349154
0.2842950676
0.3906721350
0.2402142054
0.1342827175
0.2244604940
0.3293707554
0.2413922493
0.3516263002
0.2741022445
0.3242394154
0.2717523447
0.2626168275
0.1278003052
0.2641077361
0.1365303692
0.2822525318
0.4193643214
0.3708920183
0.1748987788
0.3536368080
0.4804070913
0.1954910198
0.2663742031
0.1403651873
0.2999802266
0.2106377280
0.2297342404
0.3384184070
0.2052883186
0.3033363441
0.2603769422
0.3066864737
0.3762214055
0.2717458849
0.2043550195
0.2620332527
0.2867253536
0.3149343814
0.3328099570
0.2256448047
0.3358181875
0.4362283201
0.2737953208
0.3790787390
0.3124305491
0.2412457473
0.3200166798
0.4613200290
0.2943211799
0.3291735202
0.4122152986
0.3524854043
0.3053189879
0.2567966447
0.3063329377
0.4319854619
0.3700617359
0.4900236359
0.4083041569
0.5076448923
0.4114607738
0.3215307524
0.4314662634
0.3036960852
0.4124336197
0.2227882983
0.4312523925
0.3995074795
0.3618079728
0.4588359370
0.2944804721
0.4248127891
0.3581791186
0.5155272857
0.4269597687
0.3086110056
0.5205978783
0.3920595757
0.3574056927
0.4459020748
0.3877268948
0.4232791910
0.3719376362
0.3452993679
0.4434404240
0.3593382854
0.2416428794
0.4303041542
0.4131457097
0.4281827907
0.4521834351
0.4988893070
0.4456836099
0.4083148596
0.5970665705
0.4998765199
0.4631539782
0.5021779573
0.5245305211
0.5447950076
0.3661742835
0.4786532558
0.5092049404
0.3364716636
0.5566614657
0.6172844517
0.5331861993
0.3145562492
0.3948456615
0.4978743599
0.5731039123
0.6392451197
0.5224979332
0.5310365243
0.4200449879
0.3893390902
0.5200077668
0.5759502033
0.4779897971
0.6339877560
0.5511781863
0.4006728944
0.6629548762
0.5239827620
0.5301033613
0.5477054783
0.4920734305
0.5320075886
0.6642618015
0.5316927769
0.4152500370
0.5382442658
0.5326235755
0.5254573340
0.5783376179
0.5261675199
0.7577874979
0.5360215919
0.5427761327
0.3783781650
0.4971822480
0.4599853965
0.5266143819
0.5509743859
0.6008657481
0.4177078906
0.6504685167
0.5487169293
0.4694761128
0.6956376864
0.6109776539
0.6035046926
0.7243448367
0.5099234639
0.6146528768
0.5786197124
0.4764333373
0.5738513357
0.5944381678
0.6211801963
0.6489496981
0.5174486134
0.4317435795
0.5595123127
0.4823915631
0.4522611191
0.6992556553
0.4412882275
0.5188633679
0.4385181799
0.5853533736
0.6429298545
0.5620478568
0.6437303271
0.6695390521
0.5017020178
0.5614797312
0.6844214648
0.6114996591
0.5410053120
0.5274232190
0.7596452132
0.5645020844
0.5697207587
0.6415846173
0.6509491828
0.4638719115
0.6095640404
0.6400234739
0.6580126564
0.7765909801
0.4649494249
0.5930846687
0.7556916337
0.7785657680
0.5793925801
0.5446718711
0.5985412044
0.8821215488
0.6519917851
0.6217841515
0.7646412679
0.5572451437
0.7261951888
0.7387750131
0.6166275080
0.6658086957
0.6802890189
0.5711519524
0.7253578386
0.7699487206
0.7471911365
0.6417808656
0.5895859160
0.6793027935
0.5849059832
0.7770932901
0.6687661641
0.7112966154
0.7534574251
0.8058827564
0.6774604099
0.7581709517
0.6543676856
0.5685297907
0.7089811020
0.6168164209
0.6950129499
0.6029222437
0.7215003640
0.7834218125
0.7526571595
0.6956397944
0.6295284552
0.6497277250
0.8397307796
0.7624198657
0.8497862070
0.9320418783
0.8140995874
0.7582056025
0.6803461773
0.6994351730
0.6382906411
0.7021447243
0.8311687968
0.8635345816
0.8473281568
0.6706647427
0.6772300607
0.8233096295
0.7821029891
0.7448522707
0.7700161472
0.7845590268
0.8288424740
0.7247498386
0.9206522441
0.8223711243
0.8451276365
0.7383233853
0.8135307390
0.9367055019
0.6709104564
0.7462665120
0.8180134098
0.7969876834
0.6770939538
0.8007484537
0.8028664951
0.8553405204
0.6977584344
0.6797525772
0.8099281435
0.7529148906
0.8063644958
0.9465370354
0.7787795786
0.8265310318
0.9082285914
0.8072329185
0.9097963485
0.7826224309
0.9361569373
1.0079099763
0.7865354665
0.8220780620
0.8222286107
0.8795863159
0.8701653298
0.8164806753
0.8340836653
0.7697879895
0.9104484144
0.8316076720
0.8381930683
0.9347717678
0.8712529764
0.7820169382
0.9408182544
0.8390053760
0.8145736062
0.7432059868
0.9809556330
0.7649999168
0.9241798818
0.8632958687
0.8740364148
0.9258060114
0.9773963546
0.8706397357
1.0019686327
0.8228069840
0.8253126184
0.9311114469
0.8113417970
0.9099756700
0.7421696993
0.9557007569
0.9788319375
0.8316173920
0.8164286834
0.9666775635
0.9037596259
0.9514709288
0.9248399180
0.8233602853
0.8284535365
0.8423574960
0.8593937945
0.9631193613
0.9549692044
1.0143107819
0.8701742888
0.8756854363
1.0221487189
1.1039232593
0.9567089677
0.9094392379
0.8720131439
1.0286047874
0.9039507174
0.9670082976
0.9007895510
0.9094216816
0.9097737218
0.8945347547
0.9927777246
0.9934063639
0.9262437831
1.0660750977
0.8808463022
0.9382640758
0.8877056127
1.0408438069
0.9512408605
0.8974655954
1.0145724028
0.9583865013
1.0318431846
0.9875081522
1.0967424514
1.1000067635
1.0500423767
0.9945615158
1.0443277729
0.8997956779
1.0632088997
1.0436922590
1.0237654310
1.1233586083
