-1.0229676888
-0.9779485036
-1.0197083813
-1.0457848880
-1.0091205717
-1.1401668217
-1.1271845969
-0.9973184231
-1.0345026798
-1.0187889048
-0.9033673950
-1.1255713498
-1.0523467844
-0.9500619896
-0.9617393555
-0.8914001588
-1.0685297300
-1.0217828965
-1.0183212546
-0.9359667088
-0.9739577018
-0.7941216830
-1.0619940384
-0.9069137039
-0.9223575555
-0.9219566398
-1.0514693755
-0.9944953861
-0.9743069948
-0.9956349346
-0.9068462573
-0.8782380806
-0.9534867315
-0.9245230830
-0.9807081787
-0.9323559118
-0.9596296264
-1.1054457536
-1.0623133260
-0.9923741150
-0.9272211301
-0.8879169953
-0.9223365888
-1.0472018860
-0.8446281662
-0.9161330026
-1.0405508321
-0.9384579142
-0.8357279058
-0.8092644763
-0.9443162615
-0.9168569777
-1.0058201740
-0.8876431756
-0.8982716333
-0.9570986595
-1.1255534862
-0.9446878212
-0.8986377045
-0.9032009547
-0.8539704715
-0.9221093606
-0.8253137252
-0.9228142004
-0.8806618412
-0.8536912492
-0.8686135041
-0.8989581161
-0.8721989656
-0.9466999240
-0.7527706486
-1.0509106425
-0.8752953605
-0.7753230807
-0.6833916599
-0.8674618830
-0.7253345179
-0.8084300346
-0.9091576457
-0.9481016870
-0.9662996427
-0.8995971809
-0.7625075914
-0.8136470257
-0.7608302278
-0.8173676906
-0.8115333418
-0.7546038822
-0.8436056478
-0.7286860920
-0.7775072327
-0.6636351133
-0.8107825269
-0.9665783385
-0.8601403556
-0.8433087934
-1.0500120046
-0.6968133833
-0.8564500253
-0.7067983469
-0.7835359954
-0.9417452181
-0.7912441016
-0.8837131714
-0.8029951680
-0.8067265595
-0.8009825440
-0.8938869632
-0.8539085972
-0.9062170202
-0.6952807541
-0.8589282619
-0.7723924214
-0.6523775531
-0.7426352894
-0.8683646525
-0.7790034458
-0.8427600863
-0.7229492354
-0.8297610901
-0.7524031705
-0.6754225000
-0.6685313809
-0.7674167940
-0.6988213807
-0.7983065049
-0.7758504725
-0.6909273572
-0.8583232172
-0.7224385418
-0.7143520715
-0.6129392043
-0.7232005592
-0.8871081526
-0.8678283811
-0.7034343226
-0.6819655326
-0.7556440139
-0.6402893458
-0.9059772988
-0.7786794372
-0.7341722210
-0.7759182013
-0.5959483912
-0.6287903358
-0.7970310527
-0.7173791421
-0.6315093195
-0.7097592228
-0.6232269645
-0.5836579906
-0.8668034597
-0.8865406169
-0.6715288999
-0.8489348475
-0.7072253223
-0.6689097564
-0.6501689026
-0.7432290874
-0.7960794877
-0.7681906195
-0.7819324306
-0.7430104380
-0.6576389175
-0.7322753000
-0.4872817960
-0.6824626665
-0.5361677086
-0.5716551830
-0.6704308732
-0.6883966538
-0.7255718732
-0.6227767434
-0.8274943537
-0.5789481690
-0.7509597890
-0.6797455157
-0.9002279139
-0.7016134546
-0.6562627270
-0.6406213158
-0.5598983070
-0.5098605213
-0.6304442800
-0.4671536790
-0.7276728842
-0.6223682985
-0.7018910561
-0.5323764483
-0.8437731640
-0.6002492953
-0.6679492589
-0.6953794992
-0.6076827285
-0.5989096069
-0.6315238540
-0.7671023129
-0.6240110342
-0.6523986824
-0.6814681407
-0.5470148578
-0.6535765364
-0.6450835227
-0.7046325745
-0.5976590314
-0.6516605379
-0.5284283821
-0.4979260675
-0.4666884029
-0.7328101267
-0.6052459313
-0.5224009424
-0.6452077606
-0.5518786833
-0.4729188935
-0.6610960886
-0.6054538260
-0.7176593958
-0.4969133874
-0.6020518772
-0.5932981899
-0.6336036991
-0.4428498065
-0.5540059902
-0.4287298426
-0.5033421361
-0.4849642157
-0.5529667457
-0.5884945865
-0.4749656611
-0.4219867636
-0.5825313303
-0.6532251830
-0.6285401455
-0.5025545737
-0.5469180504
-0.6378128486
-0.5302594010
-0.5487096197
-0.6333530086
-0.5802453410
-0.4748767830
-0.6018474559
-0.4999312650
-0.6422966660
-0.5371833253
-0.5726206111
-0.3865110770
-0.4976358082
-0.6341019701
-0.6193694463
-0.5792833131
-0.4607273453
-0.5784514399
-0.4428060903
-0.5216071286
-0.5752976438
-0.3890655636
-0.4037555011
-0.5967249008
-0.3813588913
-0.4465496193
-0.4771248031
-0.4437321099
-0.3390253823
-0.4676888503
-0.4946046504
-0.2935782082
-0.3163836302
-0.3535248106
-0.4686088591
-0.4566525385
-0.4005353745
-0.4976364345
-0.3835113624
-0.4970482447
-0.4135157607
-0.3982607112
-0.4056877395
-0.4430988349
-0.4482576404
-0.3285656138
-0.4463632747
-0.4694789023
-0.3790191419
-0.3054711741
-0.4104023235
-0.5189152489
-0.5388738751
-0.3579051010
-0.4496393169
-0.4205405929
-0.3247605490
-0.4833073614
-0.4308445321
-0.3748161939
-0.4495789615
-0.5069748219
-0.4127142229
-0.3700006995
-0.3898979331
-0.5328376880
-0.3721863234
-0.2675214018
-0.5048675730
-0.3524414518
-0.3599277648
-0.3979452225
-0.4072447466
-0.4450533651
-0.3249986785
-0.4117279562
-0.3764533041
-0.4175590197
-0.4223587139
-0.3483244442
-0.5150736731
-0.4250473590
-0.1385062003
-0.3612605586
-0.2084351281
-0.4035762178
-0.3942088860
-0.2930591031
-0.5222320292
-0.3305334637
-0.4284887858
-0.3524237808
-0.2818956656
-0.4662908335
-0.3437564073
-0.2366595280
-0.1988392126
-0.3685674696
-0.4463344292
-0.3645301251
-0.3471359036
-0.3369662305
-0.1793675280
-0.4161824338
-0.3241412302
-0.1996817497
-0.3104524094
-0.3309073643
-0.6082960717
-0.3976317920
-0.3742869307
-0.3184388568
-0.1618280110
-0.2527638039
-0.1184026002
-0.3452758142
-0.3596264319
-0.3088555354
-0.4196912425
-0.3977791821
-0.1896835596
-0.2740483996
-0.3887068081
-0.1661410947
-0.2522454958
-0.3351419227
-0.3887762941
-0.1029282092
-0.2384865887
-0.2460116392
-0.3143382957
-0.2724232389
-0.1936031404
-0.2675448345
-0.3133079475
-0.1973528053
-0.3053248024
-0.1737926784
-0.2314733040
-0.2985456042
-0.2335284013
-0.3033716555
-0.2291871724
-0.2891654325
-0.2329931668
-0.3012810671
-0.3406575281
-0.3194739309
-0.2203019634
-0.2196620524
-0.2062472876
-0.1648066060
-0.1861983061
-0.1502697575
-0.3022638959
-0.2204045728
-0.1420726277
-0.2000857214
-0.1959983714
-0.3042910062
-0.1997740946
-0.2420387300
-0.3347932810
-0.2717042040
-0.3283962790
-0.2805164085
-0.2583904180
-0.2276117061
-0.2634948449
-0.2254036487
-0.2399799431
-0.3371080961
-0.2368939740
-0.1908618397
-0.0822715584
-0.3077757686
-0.0769730880
-0.2524489354
-0.0410768783
-0.0927433206
-0.0129726718
-0.1555638586
0.0481465389
-0.2180520671
-0.1042186044
-0.1952939668
-0.0646476826
-0.1654586596
-0.1918803843
-0.1545916631
-0.0414531023
-0.1147536146
-0.0978482462
-0.2192652270
-0.0524102595
-0.2519601986
-0.1313138731
-0.1236345173
-0.2381321478
-0.1260671860
-0.1325730747
-0.0509046857
-0.1376214008
-0.2611122527
-0.1308293382
-0.0197612676
-0.1825688644
-0.0706860991
-0.1275552067
-0.3267668267
-0.1255466882
-0.1330467405
-0.1223390065
-0.0581227591
-0.2388382623
-0.0727238392
0.0105025589
-0.2050520971
-0.1079693223
-0.1379392117
-0.0239035509
0.0714628176
-0.0637894056
-0.0954070948
-0.1204540364
-0.1158344828
-0.1702098377
-0.0067443258
-0.0354671958
-0.1070599847
-0.2352092239
-0.0024448868
-0.2348876582
-0.0043734892
-0.0088530783
-0.0854862913
-0.0190379268
0.0172462814
-0.2269871009
-0.1294086688
-0.0324267856
0.0133934939
0.0814966328
-0.1305011110
0.0848470939
-0.0709838151
-0.0194255478
-0.0685434348
0.0693845529
0.0113589620
0.0038231097
-0.0883471503
0.0993589546
0.0040422294
-0.0908012331
0.1048079317
0.0997124859
-0.0108839423
-0.1059304105
-0.0316808940
-0.0426159857
0.0247186122
0.0180454279
-0.0508402188
0.0320903441
0.1096949019
-0.0185248738
0.1081975004
-0.0428043324
0.0088157893
-0.1339276346
-0.0730445801
-0.0132329943
0.0269479827
-0.0816823044
0.0047738234
0.0585038603
0.1589965005
0.0749835155
0.1570093376
0.0320137990
-0.0038410013
-0.0479887305
0.0681422042
-0.0116853497
0.1353080634
0.2156221664
0.1241209654
-0.0550221516
-0.0307909261
-0.0134472705
-0.0592828875
-0.1183940226
-0.1293312818
0.1040114754
0.1356451237
-0.0219056245
0.1145113170
0.1057837306
0.0977737501
0.2266667149
0.1468342479
0.0583107273
0.0570645597
-0.0332798144
0.1578839152
-0.0321768095
0.0112382523
0.0308697033
0.0979201344
0.1323983310
0.1667836595
0.1292582333
0.0779570030
0.0125916276
0.0442518817
0.0766445335
-0.0029615294
0.0519742113
0.1023782431
0.2422021958
0.1626262807
0.1420855382
0.3682283876
0.1737443812
0.1060137228
0.2007957380
0.0584575567
0.0020805811
0.1941416136
0.2383780975
0.1036714304
0.2356648237
0.1802732435
0.1053629197
0.1411461008
0.0413923420
0.2182990463
0.0759570402
0.2505619995
0.1479709581
0.2254461439
0.0481744506
0.2703047610
0.1973540684
-0.0516668849
0.1299146910
0.0062324224
0.1476621866
0.1358182974
0.2116849088
0.3811418100
0.1305445002
0.0737522392
0.1344433040
0.0196805822
0.0981823062
0.1906505969
0.2274581842
0.3268754345
0.1544092300
0.1573185293
0.2973824723
0.1871360333
0.1752412049
0.1432047826
0.2396972723
0.2782719048
0.4035932552
0.2321830996
0.2792277070
0.3473461831
0.0732881990
0.2012459951
0.1710849270
0.2740674525
0.2409828493
0.1363032658
0.0872833539
0.1186738879
0.1757003604
0.2333033110
0.2506412102
0.2833008024
0.1396380085
0.1991218447
0.2653102522
0.2855642147
0.1067619647
0.2250293930
0.2006366191
0.1886106559
0.1162443905
0.2284530200
0.1278488455
0.1008619266
0.3253812340
0.3482639631
0.2217716021
0.3464689575
0.2684516627
0.1608935148
0.2035948683
0.2807740456
0.3820103000
0.3074706974
0.5108949631
0.2836705601
0.3417368394
0.3566231713
0.2521415749
0.3915416188
0.3169728861
0.4013916237
0.4701215850
0.3052686860
0.1874720531
0.3500009793
0.3333362078
0.4329201136
0.3237100527
0.2589880874
0.4692419277
0.3206017369
0.3937123991
0.3819555569
0.3268979817
0.4730962004
0.3094992014
0.4114863024
0.3201644302
0.1633035795
0.3062015707
0.3032848162
0.3823478062
0.1758915409
0.4409560397
0.1482683490
0.4095307436
0.2808331586
0.3004686394
0.4685692253
0.3216098400
0.2070017870
0.3459461735
0.4259221779
0.4542834470
0.3499546386
0.4382409958
0.4553183687
0.3058518930
0.4395299523
0.3103464342
0.3788353401
0.3754653638
0.2796801412
0.4251464434
0.3963505335
0.2645834662
0.3483341705
0.3952209431
0.3760124108
0.4618036906
0.3298371097
0.3852273488
0.4261379159
0.4838398808
0.4615964388
0.4284380955
0.4550865263
0.5020157040
0.4822118344
0.3041314233
0.5322780204
0.5488588909
0.4964592716
0.4206944880
0.3564611978
0.4392759997
0.5074018399
0.3247611596
0.4274646691
0.4291240406
0.5579867470
0.5831283026
0.4327373347
0.3820504350
0.3733098627
0.4782062013
0.4627331878
0.5236090766
0.5229626703
0.5576746955
0.5724494980
0.4161336121
0.4602208308
0.4927233496
0.3982077934
0.4751913345
0.5041615359
0.5420779459
0.4883951511
0.3106572413
0.3554091976
0.6104803964
0.4330769315
0.5667652359
0.6171208308
0.3373415652
0.3685633089
0.5351380746
0.6915850931
0.5066221855
0.4792438373
0.4095738898
0.5660778643
0.5014038027
0.4649825824
0.4471503322
0.5588121456
0.2870417514
0.4403003423
0.5654639043
0.7541293123
0.5570092205
0.4708689061
0.5313768938
0.4976466251
0.6409084559
0.5642125056
0.4457203201
0.4494231419
0.5837003443
0.5114812911
0.5293434873
0.6238067099
0.5532845122
0.5676718492
0.7327993937
0.5873475194
0.5559643646
0.6446827333
0.5396236259
0.4248032278
0.5548127468
0.7037059574
0.6532061372
0.5125494548
0.5658355617
0.5246540323
0.5429989602
0.7558475672
0.6225869852
0.5805361471
0.7059045791
0.5740118633
0.4498176800
0.6515884536
0.6552589460
0.5774803258
0.5004499692
0.8443200382
0.7259659145
0.7357826985
0.6665273927
0.5669813327
0.6923681494
0.5600936341
0.6817127709
0.6359040797
0.6650270767
0.5484015699
0.6249121486
0.6064677518
0.6666979450
0.6027403811
0.6172839661
0.6616423899
0.6661650149
0.7005967488
0.7197908230
0.5374912012
0.5715343329
0.6098370464
0.6336063511
0.6002380149
0.6498077705
0.6040870799
0.7066862497
0.6060418778
0.6447458551
0.7449365757
0.5430559306
0.6092452310
0.6912780994
0.6141386013
0.5626445829
0.6259292410
0.5098357760
0.5204352274
0.6944603640
0.6534692969
0.8688974706
0.5848883091
0.5629308997
0.5875009451
0.6389041666
0.6529680065
0.5978198386
0.6698474147
0.6742124813
0.6703637179
0.6810894122
0.6068630532
0.7314940517
0.8783164663
0.7455254222
0.6486906290
0.8029864238
0.8386416638
0.7577465774
0.7150115603
0.8072209316
0.7110091721
0.7129388521
0.7733860356
0.7504722769
0.6208607341
0.8258297672
0.7976378501
0.8004015135
0.7415766014
0.6362759959
0.6399551690
0.5440568693
0.7838437701
0.6898785414
0.7568330729
0.8663227280
0.8316663223
0.8268189924
0.6326061281
0.7289921043
0.8448731409
0.8594713238
0.8162195149
0.7258188569
0.7517114050
0.8122176883
0.8681505029
0.6352948604
0.7724309828
0.7986568599
0.7517969288
0.7779891235
0.7023529497
0.7693580339
0.7051785388
0.7514272204
0.8702420925
0.7939076133
0.7274059314
0.8429001226
0.8056618577
0.8672021566
0.7565402919
0.9460560943
0.8797607362
0.8353505142
0.7454271137
0.7452212809
0.8342066279
0.8516406304
0.8618600104
0.7044003702
0.7130153663
0.7334551911
0.8107822022
0.6991004282
0.7986635720
0.8281119349
1.0299784172
0.8636550023
0.8128907467
0.8151630695
0.9894237841
0.8386292250
0.9025268499
0.8726924046
1.0273632418
0.6960260942
0.9170336024
0.8041877518
0.7794921961
0.8929700893
0.7825773541
0.8420958746
0.7853249396
0.9296794342
0.9801635039
0.8429772470
0.7901927078
0.8127399465
0.9962148675
0.9138623236
0.8674670582
0.9932257845
0.8978318752
0.8968778698
0.9477363368
0.7727963365
0.7841376813
0.8829956090
0.7713842519
0.7789250219
0.8304832060
0.6694667850
0.9023720852
0.9825013184
0.9956104164
0.9305937899
0.8678478710
0.9642369071
1.0455859742
0.8925200146
1.0464598116
0.9249169320
0.9280797588
0.9330921861
0.7050457480
0.9107800072
1.1014474376
0.7782622725
0.9717187716
1.0068488812
0.8024730236
0.9587286372
0.9343568247
1.0103378983
0.9765675977
0.9428512397
0.8931416790
0.9978301342
0.9663028861
1.0627979066
0.9438141730
1.0038578354
1.0166795860
0.9630989742
0.9335887052
0.8615556177
0.8856780559
0.8082242739
0.9483274714
1.0396585608
0.9041978709
0.9238991182
0.9925592309
0.9249054801
0.9212643549
1.0143980027
1.0977826117
1.0364761246
0.9615726889
