-1.0063539505
-0.9752689367
-1.0100727954
-1.0356095691
-1.0235009123
-1.1429492489
-1.0894687058
-0.9908753996
-1.0562574109
-1.0393762841
-0.9137487555
-1.1270101050
-1.0571441054
-0.9562043473
-0.9404129595
-0.8802353640
-1.0585361829
-1.0344668094
-1.0015002434
-0.9418256960
-0.9873727726
-0.7784412009
-1.0877086696
-0.9249574571
-0.9097461176
-0.9186773188
-1.0428444673
-0.9823936895
-0.9987856667
-0.9614671772
-0.8920651462
-0.8981514513
-0.9495994545
-0.9169443528
-0.9817144603
-0.9231195965
-0.9589133686
-1.1069675488
-1.0654073427
-0.9854390928
-0.9407579951
-0.9003712352
-0.9230905335
-1.0457524949
-0.8374079112
-0.9235086901
-1.0315467227
-0.9427585084
-0.8171975724
-0.8212568539
-0.9355830455
-0.9268684188
-1.0220746658
-0.8937659036
-0.9055377232
-0.9142513837
-1.1441173218
-0.9384862994
-0.8942053850
-0.8959322597
-0.8383951681
-0.9269745594
-0.8278212900
-0.8982474369
-0.8757980481
-0.8401508578
-0.8847145718
-0.8965936369
-0.8533857000
-0.9320788674
-0.7400726894
-1.0658311836
-0.8654140862
-0.7867026414
-0.6647212566
-0.8650694797
-0.7369195619
-0.8139717553
-0.9173267748
-0.9328211324
-0.9587105518
-0.9003620912
-0.7541199683
-0.8131426799
-0.7560617940
-0.8543444704
-0.8098707461
-0.7353714882
-0.8638216418
-0.7232586032
-0.7944506914
-0.6752559723
-0.8348507383
-0.9556283792
-0.8356980993
-0.8523227426
-1.0228562595
-0.6836553694
-0.8255113414
-0.7101432344
-0.7671770690
-0.9249508530
-0.8001316305
-0.8700682153
-0.7815272089
-0.7950953748
-0.8246733878
-0.9090756337
-0.8608396674
-0.9190467001
-0.7070098253
-0.8515244436
-0.7936434903
-0.6713619837
-0.7164345253
-0.8699457612
-0.7887747753
-0.8478877814
-0.7193946281
-0.7988917200
-0.7543062541
-0.6429058843
-0.6711491655
-0.7523348099
-0.6703451963
-0.8083519466
-0.7487817847
-0.6810392884
-0.8493943131
-0.7256408658
-0.7135857124
-0.6253922325
-0.7179317053
-0.8770081340
-0.8441464018
-0.7095977147
-0.6929298796
-0.7444736364
-0.6435792740
-0.9212875197
-0.7702227862
-0.7164248029
-0.7951824285
-0.6136321068
-0.6256465987
-0.7964403761
-0.6839971839
-0.6502508272
-0.6778232463
-0.6038851383
-0.5951766836
-0.8638726300
-0.8810814881
-0.6879483449
-0.8528877917
-0.7026029127
-0.6650107122
-0.6474717895
-0.7315376737
-0.7909177598
-0.7821009506
-0.7774238213
-0.7444034426
-0.6605775075
-0.7171874515
-0.4870312060
-0.6991837934
-0.5305028216
-0.5612659721
-0.6715166898
-0.7219738782
-0.7201325466
-0.6304701207
-0.8409413138
-0.5731767719
-0.7591316885
-0.6813959120
-0.8821684806
-0.6968999649
-0.6735290573
-0.6385466190
-0.5738886707
-0.4899572757
-0.6112631123
-0.4584731724
-0.7168555592
-0.6184196614
-0.7268888174
-0.5247047506
-0.8721612229
-0.6210905719
-0.6822910002
-0.6986923619
-0.5939667366
-0.5933773335
-0.6263023333
-0.7656919997
-0.6373565859
-0.6653069974
-0.7036985996
-0.5269549822
-0.6604982165
-0.6350833651
-0.7051538500
-0.6050332746
-0.6499469598
-0.5393276403
-0.4949988899
-0.4421694765
-0.7110770594
-0.5920030006
-0.5013325502
-0.6462842842
-0.5613047908
-0.4947086253
-0.6795898762
-0.6156908811
-0.7122351220
-0.5083920601
-0.5890408054
-0.5778296690
-0.6102702993
-0.4526928889
-0.5361415746
-0.4388181033
-0.5097544651
-0.4821292338
-0.5528931385
-0.6022615800
-0.4898065128
-0.4274777640
-0.5782100889
-0.6174612124
-0.6180984212
-0.4946939563
-0.5553264804
-0.6577168140
-0.5384292569
-0.5645685474
-0.6214700570
-0.5904670422
-0.4649770057
-0.5763033893
-0.5177232434
-0.6534209122
-0.5275359398
-0.5711821889
-0.3865331425
-0.5001944806
-0.6282044936
-0.6305937828
-0.5542064334
-0.4485642736
-0.5690180587
-0.4389573734
-0.5217446181
-0.5839153336
-0.3874858033
-0.3884870174
-0.5900046749
-0.3570876978
-0.4459742637
-0.4861610375
-0.4471594251
-0.3598094977
-0.4823064011
-0.4950848424
-0.3133088839
-0.3181883720
-0.3442518550
-0.4667894447
-0.4507004973
-0.3909553597
-0.4914279579
-0.3793824453
-0.4835340036
-0.4273499573
-0.3977118364
-0.4231523539
-0.4375866812
-0.4498138669
-0.3247903038
-0.4398751412
-0.4728204366
-0.3973777956
-0.3097062592
-0.4090416237
-0.5269046565
-0.5245529723
-0.3540030357
-0.4327191525
-0.4029904690
-0.3136976901
-0.4653114003
-0.4258499073
-0.3704340801
-0.4302921118
-0.4807822313
-0.4376747281
-0.4079415564
-0.4039478492
-0.5350533027
-0.3771058509
-0.2744091186
-0.5020394528
-0.3438816012
-0.3359004196
-0.4113385153
-0.4414075961
-0.4440196151
-0.3250334974
-0.4126449215
-0.3496920880
-0.4271433823
-0.4495953034
-0.3555139510
-0.5058000225
-0.4025060795
-0.1545561218
-0.3763538636
-0.2038559488
-0.4090601341
-0.3943252021
-0.2860202909
-0.5202458262
-0.2874656535
-0.4486050176
-0.3468749640
-0.2477110911
-0.4642500305
-0.3524178913
-0.2355224850
-0.2280632366
-0.3872196621
-0.4235797136
-0.3741755910
-0.3524596252
-0.3483364846
-0.1812469809
-0.3911596766
-0.3311074576
-0.2098688530
-0.3138414390
-0.3350759476
-0.5999282976
-0.3981891027
-0.3437214601
-0.3067856408
-0.1792974478
-0.2393956180
-0.1248692162
-0.3532288891
-0.3489944133
-0.3009895703
-0.4137752059
-0.3949169502
-0.1956825058
-0.2622048205
-0.3853880210
-0.1601862650
-0.2543023609
-0.3645724400
-0.3905525774
-0.1097741479
-0.2334188576
-0.2430320967
-0.2969434187
-0.2816589989
-0.2104585527
-0.2488194265
-0.2995264809
-0.1694267152
-0.3133892190
-0.1804745293
-0.2074026085
-0.2623568123
-0.2352929122
-0.3324025507
-0.2436526034
-0.2598116918
-0.2642804109
-0.3109033977
-0.3277635614
-0.3165847228
-0.2276946847
-0.2045804857
-0.2120101827
-0.1772717764
-0.1899446892
-0.1667442341
-0.3201481331
-0.2272111318
-0.1421456298
-0.1773832127
-0.1817375215
-0.3194490048
-0.2134999661
-0.2272768930
-0.3323308390
-0.2668187433
-0.3228560233
-0.2378477250
-0.2729887308
-0.2342037159
-0.2695731203
-0.2178580177
-0.2511631101
-0.3283989398
-0.2372280043
-0.1804636767
-0.0553739331
-0.2981218098
-0.0994828553
-0.2481823007
-0.0364921937
-0.1092688237
-0.0358398571
-0.1579902928
0.0571131011
-0.2196024418
-0.1223836716
-0.2147222964
-0.0718378673
-0.1620113019
-0.1808492908
-0.1433879318
-0.0350940278
-0.1091345781
-0.0960412607
-0.2059409916
-0.0835314258
-0.2517717945
-0.1210946217
-0.1541388597
-0.2186536215
-0.1490549002
-0.1274694341
-0.0454934650
-0.1209253751
-0.2396937733
-0.1489086600
-0.0249184565
-0.1870693352
-0.0716320725
-0.1207232407
-0.3244294285
-0.1358932342
-0.1450563354
-0.1178310323
-0.0511808811
-0.2402402608
-0.0921561688
0.0177224583
-0.2112996829
-0.0996339086
-0.1331046299
-0.0254395468
0.0789679902
-0.0645050811
-0.0890686038
-0.1134182742
-0.0854007942
-0.1305810859
-0.0188987263
-0.0162364346
-0.1176141646
-0.2283725236
-0.0044457731
-0.2329559088
0.0009622373
-0.0142327488
-0.0919935740
-0.0078226231
0.0136425905
-0.2231037669
-0.1293568558
-0.0275448498
0.0131838217
0.0582840127
-0.1475534895
0.0769784923
-0.0788993638
-0.0290746128
-0.0379812427
0.0589603110
0.0009708877
-0.0153076208
-0.0722853398
0.0946097484
-0.0149023123
-0.1266646390
0.1060729215
0.1070965788
-0.0138863577
-0.1325887613
-0.0566999624
-0.0704183395
0.0391367605
0.0336347093
-0.0604045697
0.0345490062
0.1064569005
0.0067735449
0.0976046876
-0.0187471001
-0.0089169561
-0.1201558597
-0.0769047972
-0.0202686779
0.0036792924
-0.0713557025
-0.0086540454
0.0407602442
0.1893892942
0.0729799147
0.1741901100
0.0241793481
0.0037031910
-0.0555196874
0.0838361621
-0.0028305306
0.1229568374
0.2204608875
0.1289862533
-0.0289254099
-0.0342018923
-0.0210595636
-0.0444135865
-0.0991309921
-0.1365871603
0.1193614114
0.1451113781
-0.0304689257
0.1204981950
0.1005436281
0.1047188606
0.2163303469
0.1361723918
0.0570531958
0.0611401667
-0.0494306162
0.1632686599
-0.0486464783
-0.0061512452
0.0178391670
0.0856032412
0.1293123224
0.1911456624
0.1176415409
0.0727945102
-0.0012396216
0.0196498763
0.0726654019
0.0017086009
0.0393569214
0.1025304182
0.2490011902
0.1668890971
0.1692899048
0.3389028339
0.1843776634
0.1236858408
0.1836155379
0.0512839808
-0.0038929989
0.1883214924
0.2365594337
0.1081002253
0.2294633847
0.1643816905
0.1118836390
0.1525559860
0.0191809688
0.2322310363
0.0687191600
0.2362339475
0.1442434468
0.2258328131
0.0703812772
0.2383274809
0.2033002370
-0.0606688456
0.1356509672
-0.0051769539
0.1660872002
0.1514750550
0.1980911289
0.3613989758
0.1087149820
0.0778271612
0.1597524118
0.0161256348
0.1112800696
0.1976954966
0.2318081456
0.3357438750
0.1657564282
0.1555351881
0.3240033265
0.1919454865
0.1489965314
0.1427049820
0.2546426688
0.2789248277
0.3759960550
0.2323549375
0.2794879467
0.3343750115
0.0820165032
0.2135489176
0.1657642309
0.2791227610
0.2400379176
0.1345802825
0.1044105778
0.1055665723
0.1587607245
0.2391091726
0.2549403782
0.2972028415
0.1573741901
0.1917591501
0.2729895221
0.2790596741
0.1072021074
0.2260923438
0.1840470553
0.1836819729
0.1305860389
0.2209846993
0.1488677749
0.0920527041
0.3580595517
0.3393647156
0.2113503261
0.3465002172
0.2625507725
0.1497096235
0.2226527444
0.2957015363
0.3703421246
0.3106400307
0.5006375133
0.2823042196
0.3344331253
0.3674977258
0.2498605193
0.3729473223
0.3174309352
0.3988715994
0.4575629644
0.3372890036
0.1899685631
0.3512603903
0.3241605761
0.4272826405
0.3209307475
0.2626751190
0.4779249123
0.3327186802
0.4057982108
0.3875630624
0.3129553217
0.4849154702
0.3211296718
0.3942905809
0.3138981213
0.1675727465
0.3215258375
0.3002177152
0.3890032210
0.1640518685
0.4662338109
0.1492017945
0.4256880396
0.3003052286
0.3103435363
0.4896027988
0.2922299194
0.2260601768
0.3633649097
0.4144282895
0.4446289017
0.3611553608
0.4656763956
0.4468002290
0.3254178521
0.4137327314
0.3248913654
0.3860229806
0.3867709090
0.2928178788
0.4113698288
0.4023622787
0.2579415993
0.3461603229
0.3922319543
0.3892315691
0.4560554275
0.3328844667
0.3759677227
0.4094459784
0.4796426220
0.4449929879
0.4247148425
0.4581304856
0.4958252692
0.4891874597
0.3097018382
0.5491096834
0.5192717645
0.4730491724
0.4136511272
0.3644834658
0.4459741661
0.4838452743
0.3200350449
0.4156573612
0.4103480000
0.5643546299
0.5595390659
0.4379858275
0.3862747086
0.3665495456
0.4899131101
0.4706030452
0.5059960170
0.5239101430
0.5485010731
0.5667364255
0.4171943694
0.4567925689
0.4973357882
0.3911025282
0.4740654634
0.5116031940
0.5582621266
0.4957123014
0.3091809693
0.3672089357
0.6074628261
0.4546128039
0.5846089924
0.6047431551
0.3252719558
0.3760596702
0.5352672863
0.7030643764
0.4995684625
0.4760955264
0.4085412371
0.5408952820
0.5165588501
0.4635532493
0.4572809440
0.5447122798
0.2831862416
0.4297123662
0.5725889102
0.7749728402
0.5729402501
0.4552520641
0.5277815087
0.4878238047
0.6406914782
0.5810470259
0.4572508967
0.4439663473
0.5667651200
0.5217286893
0.5443392618
0.6123833817
0.5248534549
0.5846363187
0.7126392364
0.5960303939
0.5766265888
0.6272475337
0.5666163050
0.4186673878
0.5657199457
0.7037815740
0.6439133160
0.5132456328
0.5722235290
0.5396884848
0.5508892541
0.7674157089
0.5834573374
0.5703372628
0.6911174550
0.5495851594
0.4402138231
0.6579664526
0.6264986426
0.5842183486
0.5455665405
0.8438672759
0.7364094190
0.7301289486
0.6704402887
0.5584083930
0.7017659537
0.5534621792
0.6621410788
0.6182728897
0.6677614722
0.5437163737
0.6339557265
0.5918509864
0.6861125036
0.6215431077
0.6166291675
0.6650811498
0.6736752359
0.6868292423
0.6929402605
0.5267410554
0.5817967907
0.6044976580
0.6432441196
0.6091293337
0.6284482658
0.5929321177
0.7162615415
0.5798594292
0.6475125576
0.7510675040
0.5547183056
0.5887341571
0.7072511147
0.6104794462
0.5587967076
0.6513249757
0.5411594250
0.5389702615
0.6897478897
0.6490961968
0.8703678813
0.5800803699
0.5695474445
0.5837189707
0.6381992351
0.6507698601
0.6004744960
0.6941711612
0.6799429957
0.6690226173
0.6961056427
0.6023097891
0.7350087273
0.8825976639
0.7135248738
0.6188650998
0.7970524839
0.8407064092
0.7492022909
0.7173261244
0.8218256656
0.7161135191
0.7427864969
0.7849662752
0.7531693912
0.6289897795
0.8312740025
0.7807238034
0.8099257771
0.7504924200
0.6375831794
0.6627101355
0.5359101774
0.8002907129
0.6801604974
0.7589628103
0.8784599256
0.8156514460
0.8155407039
0.6148044910
0.7278653643
0.8452568939
0.8499601486
0.8087896992
0.7054020722
0.7529008000
0.7941959126
0.8686472933
0.6192984648
0.7949622111
0.7999686323
0.7733434510
0.7890455493
0.7147788025
0.7765578725
0.7088286632
0.7772346128
0.8734135847
0.7923928210
0.7244418620
0.8331212385
0.8003170583
0.8670382928
0.7417876113
0.9629957754
0.8702624996
0.8487028463
0.7372530496
0.7285895236
0.8155021476
0.8629711005
0.8816888525
0.7030437048
0.6980108445
0.7324641406
0.8196000928
0.6926710771
0.8108950549
0.8030738239
1.0052778056
0.8672007517
0.8219559007
0.8081858115
0.9853653053
0.8405784338
0.9057447513
0.8737949239
1.0231138846
0.6733008554
0.9291092409
0.7949516576
0.7822124086
0.9206835312
0.7763700610
0.8384242029
0.7861954828
0.9148557674
0.9823562455
0.8382806643
0.7810040704
0.8162973029
0.9829253032
0.9091102837
0.8559532097
1.0000831049
0.8855535793
0.8793928522
0.9357207705
0.7615846718
0.7799641682
0.8901485672
0.7841415909
0.7688738879
0.8241519353
0.6777050221
0.9016168108
0.9633683547
0.9826349096
0.9321980042
0.8653701572
0.9582888475
1.0615486048
0.9022242194
1.0442698033
0.9255856885
0.9454238134
0.9457969646
0.7227351156
0.8904304859
1.1074340072
0.7655593479
0.9549050434
1.0131234245
0.8060927416
0.9732865401
0.9260906998
1.0188399527
0.9756642948
0.9671643486
0.8768994214
0.9789942980
0.9635412556
1.0522644360
0.9301324847
1.0283602441
1.0449275953
0.9850149474
0.9156312710
0.8597556294
0.8735296409
0.8227738571
0.9537145339
1.0376008170
0.8914618565
0.9466628133
0.9837536061
0.9372872927
0.9296168267
1.0077518744
1.1002230706
1.0414091185
0.9772138252
