-0.8830634002
-1.0307447558
-0.9902753235
-0.9335096908
-0.9551604919
-0.9251705892
-1.0318422122
-0.9116810455
-0.9473553913
-0.9999372388
-1.0249712001
-1.0248614261
-1.0695589047
-0.9912752934
-0.9450347806
-0.9583531684
-1.0067835057
-1.0597342000
-0.8982236943
-0.7290325493
-1.0032178633
-0.8847502484
-0.9089693358
-1.0127713002
-0.9382639543
-0.8923970723
-0.9766582647
-0.8144544083
-0.9842326013
-0.8921548677
-0.9718410642
-0.8572933280
-0.7960807964
-1.0565311529
-0.8619751333
-1.0032477795
-0.9087530871
-0.7980360101
-0.7765220698
-0.8053162069
-0.9093573004
-0.7435292756
-1.0495780908
-0.9334789948
-0.9483248657
-0.7005524239
-0.8310984601
-0.8526521035
-0.9275808716
-0.7931831520
-0.7974876859
-0.9299442440
-0.9491761595
-0.8637248926
-0.8808362351
-0.9642342364
-1.0290959057
-0.8164122023
-0.9504897829
-0.7897510649
-0.8524065144
-0.9813343229
-0.8512632568
-0.7991676730
-0.9472763355
-0.9164483222
-0.8754272022
-0.8811898527
-0.9121417011
-0.8293332695
-0.9290323582
-0.7735858421
-0.7246435856
-0.7679892223
-0.9754739523
-0.9370506239
-0.8202409769
-0.8665230276
-0.8244455178
-0.7899995556
-0.8116044133
-0.7368502943
-0.7911229621
-1.0006219786
-0.7229913979
-0.7273472992
-0.7929673402
-0.9567394171
-0.9628648946
-0.7872530258
-0.8412933533
-0.5361489535
-0.6719319968
-0.8900586043
-0.9072798765
-0.7378903810
-0.7905820994
-0.7999131598
-0.8227453414
-0.8213884525
-0.8531191678
-0.8306331349
-0.7505045824
-0.8445621677
-0.8547472970
-0.8059382192
-0.9156957623
-0.9919420134
-0.8773072868
-0.7175454315
-0.8361183697
-0.8583861516
-0.7391881546
-0.8159456622
-0.8154240671
-0.6733183373
-0.6804346919
-0.6219687016
-0.8210014143
-0.5995355485
-0.5904551957
-0.7153354600
-0.8058649994
-0.6689720053
-0.7486482485
-0.5710269130
-0.5925747887
-0.6219554831
-0.9077522343
-0.7098472806
-0.6719886514
-0.6589403775
-0.7054515260
-0.7416989988
-0.7076144794
-0.7796480789
-0.6235336868
-0.6960363612
-0.7197505825
-0.6314235114
-0.7859739464
-0.6618960086
-0.7158752181
-0.8025404243
-0.6437049223
-0.7970693945
-0.6875600456
-0.7394489234
-0.7808440626
-0.5188319309
-0.7123620170
-0.8065152751
-0.5577743483
-0.6520088290
-0.6652918592
-0.6493215436
-0.7315667760
-0.5929388917
-0.6987236404
-0.7999872651
-0.8114067760
-0.6045940382
-0.5265791750
-0.6495128271
-0.6015134064
-0.7242455503
-0.7383060102
-0.6861944698
-0.5990147090
-0.8066936531
-0.7215757914
-0.6496446204
-0.6992606207
-0.6563466327
-0.5870838593
-0.6821157774
-0.6320977130
-0.6402179736
-0.6653974880
-0.6001733449
-0.6219401526
-0.5282364210
-0.7038280952
-0.5954521400
-0.7237173203
-0.7293808956
-0.5155608978
-0.6444477418
-0.5956720709
-0.7007354695
-0.6978551861
-0.6961570244
-0.7038687106
-0.6960459274
-0.6826344033
-0.5849227960
-0.6310195217
-0.4581863967
-0.6129324457
-0.5788227585
-0.4962311893
-0.5304948834
-0.5171810288
-0.5301267274
-0.6111155982
-0.5731725551
-0.6918107245
-0.4945863989
-0.5348379819
-0.5288240597
-0.8155299097
-0.6709884936
-0.6395716556
-0.6113827603
-0.3609647507
-0.4665543490
-0.5304496745
-0.5371820982
-0.5516257774
-0.6006719966
-0.6206290203
-0.6223835230
-0.4877565396
-0.5170897822
-0.5929714409
-0.4972113204
-0.6465893221
-0.4987608138
-0.5693563877
-0.5383131639
-0.3326223682
-0.6200424714
-0.6058451899
-0.6033360242
-0.6223415940
-0.5072409086
-0.4985726902
-0.4878479970
-0.5546763147
-0.5066631463
-0.5416278020
-0.6005486456
-0.4329728654
-0.5159027533
-0.5113411278
-0.5435277056
-0.5490206613
-0.5390959223
-0.4753486776
-0.5324497512
-0.4484158372
-0.5429605414
-0.4467853942
-0.4871228438
-0.5397836356
-0.5023304232
-0.2965090812
-0.4577987846
-0.5767107956
-0.4069341030
-0.3435247077
-0.4563686651
-0.4659570506
-0.3874846619
-0.5259903202
-0.5895135830
-0.5007858024
-0.5219717640
-0.3886641408
-0.4040150745
-0.3684428729
-0.3912128660
-0.4136167100
-0.4453710941
-0.5810579519
-0.5206242505
-0.3763064499
-0.4536884492
-0.4263216904
-0.3716067561
-0.3085637569
-0.5498278849
-0.3689406214
-0.3302711306
-0.4686171998
-0.3965817727
-0.4033965768
-0.4026790890
-0.4634161157
-0.3931043194
-0.4991825135
-0.4831367987
-0.5472177209
-0.3643763797
-0.5630664672
-0.3125711000
-0.3373959023
-0.4372635947
-0.2758848858
-0.3752670543
-0.4007944550
-0.4300411417
-0.4283409506
-0.3122448899
-0.2673050981
-0.4415963258
-0.3522765733
-0.4317670214
-0.3677998686
-0.2873654996
-0.4878079883
-0.3961581702
-0.4698179742
-0.3171189126
-0.3707462451
-0.2994047832
-0.5453134012
-0.2854258183
-0.4112451885
-0.2310722918
-0.2698505155
-0.3524793053
-0.2426074363
-0.3054514662
-0.2888160216
-0.3902476912
-0.3846857104
-0.5299653029
-0.3531527272
-0.2822399183
-0.2894843443
-0.4330609544
-0.3374042492
-0.4245446002
-0.3477236720
-0.2054108333
-0.4335275316
-0.3343944768
-0.2640799933
-0.3253667617
-0.3442230426
-0.1831760781
-0.2130048298
-0.1019623663
-0.4465155980
-0.3682228166
-0.2691400407
-0.3139138559
-0.3003073122
-0.3252560494
-0.2926817003
-0.3532752905
-0.2324622207
-0.1988275391
-0.3847993312
-0.2239587258
-0.4261017799
-0.3362941135
-0.3662087764
-0.2925239257
-0.3113689877
-0.3273469773
-0.2084192983
-0.3609959333
-0.4885728827
-0.4207417996
-0.2550783537
-0.3302439896
-0.1050118928
-0.3064750193
-0.1912607972
-0.2100214081
-0.1955880235
-0.2177160473
-0.2968933407
-0.2053640475
-0.2478544570
-0.3238144132
-0.2118239096
-0.2022164965
-0.3547040810
-0.0935339432
-0.3155308209
-0.3908031781
-0.3151655411
-0.2388821675
-0.1600946083
-0.1299629981
-0.1306224245
-0.0002498827
-0.2741085072
-0.3240847643
-0.1424037519
-0.3125149303
-0.1721559641
-0.2469924662
-0.2022188343
-0.2851354047
-0.2986010946
-0.3305668099
-0.2487900618
-0.1832931008
-0.1065568435
-0.1786047147
-0.1187518308
-0.1346882327
-0.2955616175
-0.0381882306
-0.1998416277
-0.1262402497
-0.1865480829
-0.1298588385
-0.0781467909
-0.0901222587
-0.2677619189
-0.2552282644
-0.1039263680
-0.3083221488
-0.1843188387
-0.2065877615
-0.3000447910
-0.2166249371
-0.0818997967
-0.0918926798
-0.0302270808
-0.1966922127
-0.2115640126
-0.1142228897
-0.1099841809
-0.0581990234
-0.1517582746
-0.1746619909
-0.1391004292
-0.0691654783
-0.0397376909
-0.1742718395
-0.0448178888
-0.0280267128
-0.2593451173
-0.0774714897
-0.0155722776
-0.0991045678
-0.0952919954
-0.0139100891
-0.0208946954
-0.1412362245
-0.0688219698
-0.0709721257
-0.1341612355
-0.0107036405
-0.0381308599
-0.1199187322
-0.1641816661
0.0010118371
-0.1032523796
-0.0920250301
-0.1322688502
-0.0148050020
0.0114921739
-0.1308907116
-0.1172173067
-0.0958684257
-0.1324134712
-0.1624654143
-0.0718078388
-0.1332046781
0.0131984201
-0.0394515678
-0.0548768760
-0.1287336003
-0.1757062048
-0.1416759984
-0.1180352307
-0.1436992029
-0.1174451023
-0.0323533398
-0.0019220785
0.0970342801
-0.0566481056
0.0217946833
0.2258252111
-0.0175833656
0.0125520083
0.0844767709
0.0343155384
-0.1662649844
-0.1484100280
-0.1126056142
-0.0257150171
0.0743925560
-0.0960012361
0.0670307838
0.0184733344
0.0138933578
0.0419556425
-0.0275946232
-0.0176600927
0.0068523201
-0.1331713630
-0.0641083073
-0.0700006606
0.0623883049
0.1467821525
-0.0336289221
-0.0965748429
0.0375797611
-0.0957697389
0.1005648252
-0.1711979067
0.0431510196
0.0248640507
0.1750335492
0.0195663694
0.0269731170
0.0324525748
0.1124929799
-0.0055398848
-0.1515180818
0.1068388662
-0.1320804065
-0.0344696319
0.0020213228
0.1224653698
-0.2123418531
-0.1049129421
-0.0067613248
-0.1000084256
0.0974665150
-0.0818201631
0.0377495864
0.0984634887
-0.0553842996
-0.0440064290
-0.0984576382
0.0895016317
0.1225756087
0.0385035248
-0.0276372649
-0.0045123122
0.0850465940
0.1067203330
0.0893320353
0.0782651540
0.3314462758
-0.0822485051
0.2528431289
0.1661994566
0.1624454490
0.0030655863
0.0666211111
0.1824430722
0.0047709360
0.0841390026
-0.0583780565
0.1248164935
-0.0753637287
0.1497906126
0.1224665577
0.1050347563
0.1014234377
0.0822950151
0.1053575902
0.1508122461
0.1513672459
0.0975812613
0.0870750556
0.1544014260
0.0534921950
0.1487863843
0.1413510629
0.2629820431
0.0387039851
0.2165320879
0.1578061226
0.0123009267
0.1505474656
0.0222022203
0.1501415293
0.2218580055
0.2678756541
0.1349205726
0.1926358005
0.1824730017
0.2487927357
0.0735273704
0.1042565921
0.2660847478
0.1762209149
0.0514753215
0.1612951698
0.2091056026
0.3054843956
0.2535372661
0.1804291751
0.2523004937
0.0405002653
0.2240826825
0.2720275289
0.2636733972
0.1875688020
0.0315448480
0.2435740986
0.1564833307
0.3150224207
0.2610005353
0.1483053995
0.1813103286
0.2868724908
0.0962154050
0.2667704896
0.1516662558
0.1550592105
0.3092011431
0.3039541838
0.2623189459
0.1928160112
0.2570810662
0.0566727260
0.2734825892
0.3615165583
0.3697805849
0.1332641473
0.3559626804
0.1807376732
0.2677602574
0.2088486294
0.1914099055
0.1473003199
0.2128429310
0.2795400676
0.3987834460
0.2382058286
0.1392428123
0.2240932975
0.3124518188
0.2404565831
0.3565222790
0.2781484074
0.3332838201
0.2581438522
0.2524396094
0.1518174543
0.2484037112
0.1363818611
0.2721373786
0.4040288756
0.3964286949
0.1898380382
0.3581200474
0.4747895085
0.1924340294
0.2729443533
0.1434633646
0.2957582701
0.2026527774
0.2590524012
0.3185705175
0.2183354063
0.3107845556
0.2795653141
0.2779260432
0.3812787397
0.2766244254
0.2015351449
0.2432326609
0.2894611173
0.3237541986
0.3314485215
0.2429666106
0.3522416579
0.4300210795
0.2787512060
0.3785113685
0.3095662636
0.2493379926
0.3380449345
0.4606749218
0.3027091365
0.3456542895
0.3951457506
0.4023535205
0.3076672272
0.2433100117
0.3155028273
0.4238356134
0.4133442948
0.4690762095
0.3916411146
0.5352856095
0.3736151229
0.3183678281
0.4508816405
0.3242473695
0.3945511155
0.2202840792
0.4554199731
0.3959735433
0.3395534388
0.4690251245
0.3129201800
0.4235559936
0.3445340837
0.4999506711
0.4207485898
0.2996670068
0.5136955036
0.4076487003
0.3814084440
0.4402833645
0.4246355675
0.4369913759
0.3809433944
0.3711732582
0.4441621742
0.3531132631
0.2427994428
0.4652631426
0.4216799061
0.4328064900
0.4495426428
0.4711851387
0.4204929345
0.3975136617
0.5782337161
0.5163115685
0.4642379391
0.4815322701
0.5278998896
0.5305583311
0.3714526211
0.4774708318
0.5280238596
0.3456205174
0.5494394747
0.6030318666
0.5435012447
0.3464135854
0.3914633586
0.4922290463
0.5688558915
0.6376176105
0.5191699943
0.5257849187
0.4371283101
0.3836070929
0.5219507185
0.5576146501
0.4981780256
0.6216596560
0.5712223639
0.4079596075
0.6724431000
0.5214716759
0.5209585021
0.5551136546
0.4682859207
0.5056077474
0.6201957342
0.5496219016
0.4165121094
0.5344695074
0.5543854958
0.5410587018
0.5839005042
0.5480829493
0.7620967472
0.5234998900
0.5414142563
0.3747198403
0.5030640881
0.4585873761
0.5253821255
0.5733229754
0.5730929303
0.4204159495
0.6308283439
0.5811204550
0.4602073265
0.7292258967
0.6118010181
0.6055029375
0.7360418720
0.5168542186
0.5894010525
0.5985165251
0.4997357174
0.5920385031
0.5922428247
0.6550889943
0.6633105688
0.5319046696
0.4532948407
0.5377927367
0.4772946967
0.4470846543
0.6801823740
0.4341067753
0.5263844301
0.4428246314
0.5774611350
0.6406085108
0.5843332065
0.6414280714
0.6524050119
0.5145519217
0.5633990079
0.6872080341
0.5931044813
0.5407209068
0.5361349135
0.7636067491
0.5753196969
0.5669357305
0.6385107949
0.6643638846
0.4829780169
0.6221327611
0.6139959201
0.6440171568
0.7897419246
0.4505203790
0.5849746498
0.7345595608
0.7605499258
0.5897886464
0.5527479347
0.6045447733
0.8786137424
0.6633942880
0.6317426925
0.7458863116
0.5577256357
0.7579887838
0.7293283327
0.6321392300
0.6555261951
0.6924239855
0.5677168579
0.7223822176
0.7578070931
0.7563972443
0.6459009081
0.5935526663
0.6695898505
0.5984220873
0.7720223213
0.6951005967
0.7022476697
0.7456058671
0.8032242749
0.6845339622
0.7459249801
0.6229777840
0.5582023794
0.7380658685
0.6064154887
0.6851995179
0.6163759638
0.7261803550
0.7964859830
0.7474157755
0.6707142135
0.6485906460
0.6564130711
0.8246895856
0.7525455072
0.8422953498
0.9460791014
0.8360692431
0.7586743452
0.6809325674
0.7004181626
0.6391257621
0.7260221801
0.8600192395
0.8756679736
0.8371002793
0.6494960234
0.6216113310
0.8222404500
0.7729813765
0.7358335666
0.7630550948
0.7757265374
0.8302542141
0.7097304808
0.9154186559
0.7953226086
0.8324415826
0.7135854907
0.8101673498
0.9372815991
0.7115517429
0.7473191638
0.8119584198
0.7941946536
0.6662528680
0.7809602114
0.8128395539
0.8256001185
0.7026798601
0.6814634791
0.8167042851
0.7636724190
0.8007782069
0.9519761049
0.7721846565
0.8326946705
0.8914460618
0.8060159249
0.9240595845
0.7827976814
0.9392535428
1.0139090213
0.7806091542
0.7990735186
0.8033970965
0.9094597898
0.8863419896
0.8134441156
0.8460291566
0.7848026822
0.8811636860
0.8383262761
0.8673597229
0.9324691797
0.8655384255
0.8058675294
0.9365267111
0.8531693507
0.8222916253
0.7580061750
0.9809386939
0.7735134764
0.9025223775
0.8749343164
0.8416887440
0.9009932234
0.9615867454
0.8916772113
0.9986681363
0.8243126860
0.8165489343
0.9179633979
0.8111651713
0.8944705331
0.7379485128
0.9476504703
0.9992672479
0.8126104233
0.8338517547
0.9691165988
0.8889032306
0.9613044318
0.9022025481
0.8108807189
0.8436539886
0.8479508648
0.8147349032
0.9527611221
0.9528727968
0.9838841285
0.8871258647
0.8678721048
1.0211657050
1.0922764212
0.9715366806
0.8958238940
0.8814658353
1.0041818030
0.9195500963
0.9639263580
0.9136950155
0.8981661800
0.8981566026
0.8785014948
1.0127009406
1.0024358573
0.9461213821
1.0734967461
0.8882531524
0.9331137314
0.8849463917
1.0490015624
0.9641681682
0.9055590263
0.9998448956
0.9732319315
1.0291040143
0.9891644332
1.0574717695
1.1200923466
1.0493752205
1.0098717478
1.0452529824
0.9010454856
1.0621357166
1.0529168473
1.0402030042
1.1149054067
