-1.0089001483
-0.9629729384
-1.0126052670
-1.0720395666
-1.0244337551
-1.1408225830
-1.1159850085
-0.9883946789
-1.0587453321
-1.0202668558
-0.9292775471
-1.1137785067
-1.0789777616
-0.9536670437
-0.9388196819
-0.8699964458
-1.0755697899
-1.0268686907
-1.0039429711
-0.9513526306
-0.9632912198
-0.7774280231
-1.0636572625
-0.9049165913
-0.9166488332
-0.9246537994
-1.0379074245
-0.9826520961
-0.9727643746
-0.9763730256
-0.9043979958
-0.8904450780
-0.9694022368
-0.9255552433
-0.9839148000
-0.9101891694
-0.9709230947
-1.0997209176
-1.0691249407
-1.0055787600
-0.9270930572
-0.9046047025
-0.9236397863
-1.0481725367
-0.8249891529
-0.9219521926
-0.9999439258
-0.9289611520
-0.8116458187
-0.8384741462
-0.9692536540
-0.9153605141
-1.0048092152
-0.8921494193
-0.9082949448
-0.9145491459
-1.1382351895
-0.9400629298
-0.8862832275
-0.9173516652
-0.8348849475
-0.9258290429
-0.8374296417
-0.9020942148
-0.8669378780
-0.8659967928
-0.8781162740
-0.8990188296
-0.8826964364
-0.9222150503
-0.7469486291
-1.0494531726
-0.8558244029
-0.8032680796
-0.6739830838
-0.8444394675
-0.7120832272
-0.8287120874
-0.9257385649
-0.9314916727
-0.9664828708
-0.8695906168
-0.7489252887
-0.7800557175
-0.7568266209
-0.8416932970
-0.8169914805
-0.7128011950
-0.8404322294
-0.7041870348
-0.8071352247
-0.6744675820
-0.8229002882
-0.9626563182
-0.8391612897
-0.8470315705
-1.0059015668
-0.6939911169
-0.8462995770
-0.7178973815
-0.7760912584
-0.8994847967
-0.8056669429
-0.8606873568
-0.7894885465
-0.7974952085
-0.7908893583
-0.8922284410
-0.8451414775
-0.9199332328
-0.6876887381
-0.8552099773
-0.7659072477
-0.6589220607
-0.7106953876
-0.8782311472
-0.7643895479
-0.8361637624
-0.7443425202
-0.8285321620
-0.7734233946
-0.6642736204
-0.6722236173
-0.7634642848
-0.6843146086
-0.8177484261
-0.7674842700
-0.6990441023
-0.8620732607
-0.7202110726
-0.7250956849
-0.5930380970
-0.7130713285
-0.8647361929
-0.8718644646
-0.6927967107
-0.6906048768
-0.7407294239
-0.6432552289
-0.9239918581
-0.7609972486
-0.7270024776
-0.8148680605
-0.6264539784
-0.6061707168
-0.8071706662
-0.6958229228
-0.6659243707
-0.6760061610
-0.6089338140
-0.5820788593
-0.8608867501
-0.8725313746
-0.6671857812
-0.8530490421
-0.7016219882
-0.6662631017
-0.6563782529
-0.7452669638
-0.8071310333
-0.7849777897
-0.7849441015
-0.7653917929
-0.6542338951
-0.7189297543
-0.4778585532
-0.6703739975
-0.5258687693
-0.5803823082
-0.6607166648
-0.6539872232
-0.7384824679
-0.6177126994
-0.8346843324
-0.5704856006
-0.7476951160
-0.6626604392
-0.9066936464
-0.6915261732
-0.6639471348
-0.6314507509
-0.5800477547
-0.4795387262
-0.6239682004
-0.4354560652
-0.7066203880
-0.6133335550
-0.7170671034
-0.5478423498
-0.8601382297
-0.6174425303
-0.6843144987
-0.7019007200
-0.6020743065
-0.6063890842
-0.6193083879
-0.7962784136
-0.6067846084
-0.6400524664
-0.7039771238
-0.5192031921
-0.6361913179
-0.6405869233
-0.6996713344
-0.5909496804
-0.6517052509
-0.5575677077
-0.5055583288
-0.4676150824
-0.7265692896
-0.5991869389
-0.5279590344
-0.6407035216
-0.5550427259
-0.4628030744
-0.6608251556
-0.6022116317
-0.6981342886
-0.4862997055
-0.6121457816
-0.5687242751
-0.6266309903
-0.4346031962
-0.5587376064
-0.4267441596
-0.5066085662
-0.4918636310
-0.5569732403
-0.5837080603
-0.5080805682
-0.4279791430
-0.5872591708
-0.6151348122
-0.6205647421
-0.5089932576
-0.5639234400
-0.6301682625
-0.5503714276
-0.5531544086
-0.6471753572
-0.6020391502
-0.4678746885
-0.5800712949
-0.5357669876
-0.6481157453
-0.5471420773
-0.5534722276
-0.3898056486
-0.4964011156
-0.6511083158
-0.6506103385
-0.5863825602
-0.4671663556
-0.5732273607
-0.4456983652
-0.5137909429
-0.5728672304
-0.3743861152
-0.3820411000
-0.6051721044
-0.3540891900
-0.4221821222
-0.4847097167
-0.4447110006
-0.3734714190
-0.4729002431
-0.4947441769
-0.2955497950
-0.3279765295
-0.3494447058
-0.4846133986
-0.4645882817
-0.3843641250
-0.4891093779
-0.3775432531
-0.4931244793
-0.4406860891
-0.4141541186
-0.4270736964
-0.4376827981
-0.4408447940
-0.3442826323
-0.4125219970
-0.4762833112
-0.3803756382
-0.3145634884
-0.3958406009
-0.5266295862
-0.5505412816
-0.3520008325
-0.4213595557
-0.4243761838
-0.3327315657
-0.4872135962
-0.4440875295
-0.3712932813
-0.4638890103
-0.4888661838
-0.4128960942
-0.3884227195
-0.3783965731
-0.5438983188
-0.3741483310
-0.2633503844
-0.5110459388
-0.3477302816
-0.3455071212
-0.4113461047
-0.4193903618
-0.4457607904
-0.3188708040
-0.4106411040
-0.3703302793
-0.4035820363
-0.4346009540
-0.3509411147
-0.5384024992
-0.3959287420
-0.1526087458
-0.3684662675
-0.2095739461
-0.4016350908
-0.3991708689
-0.2898112721
-0.5117140903
-0.3074003102
-0.4384285752
-0.3322701876
-0.2689197966
-0.4549178138
-0.3489782823
-0.2141455399
-0.2185587988
-0.3697805030
-0.4053154900
-0.3619792690
-0.3675898021
-0.3395900798
-0.1866614664
-0.4093495859
-0.3439721105
-0.2021560888
-0.2985923749
-0.3382062308
-0.5939145703
-0.4016199370
-0.3646817133
-0.2960520055
-0.1755042346
-0.2596010439
-0.1229983455
-0.3397361061
-0.3368741873
-0.3113470203
-0.4081907302
-0.3975775532
-0.1755789482
-0.2873306634
-0.3837816852
-0.1657377314
-0.2675149233
-0.3308796410
-0.3969964380
-0.1222364964
-0.2131784052
-0.2325087989
-0.3025303550
-0.2743519832
-0.2009259161
-0.2714527589
-0.2872451723
-0.1831392389
-0.3002432459
-0.1840472232
-0.2212371574
-0.2549692778
-0.2184539632
-0.3228694781
-0.2554322715
-0.2708923274
-0.2703026489
-0.3092576594
-0.3403529557
-0.3273270440
-0.2363668493
-0.2062264842
-0.2015783571
-0.1840672373
-0.1800682089
-0.1726904306
-0.3019009947
-0.2252497089
-0.1426861311
-0.1922778133
-0.1882299182
-0.3402332858
-0.1983527108
-0.2292770008
-0.3466283146
-0.2623320758
-0.3139023060
-0.2421332674
-0.2498309178
-0.2514048751
-0.2854166533
-0.2194231937
-0.2366588161
-0.3443308194
-0.2441263041
-0.1801551158
-0.0515094837
-0.2982911572
-0.1084567989
-0.2612403120
-0.0512717341
-0.0872505688
-0.0288602732
-0.1352252137
0.0582875214
-0.2251549961
-0.1263061888
-0.2009913802
-0.0606000056
-0.1740238236
-0.1782735473
-0.1593321331
-0.0365731828
-0.0987016370
-0.1047914972
-0.2040172344
-0.0716244170
-0.2443129367
-0.1062749551
-0.1399039209
-0.2095235452
-0.1331176404
-0.1164343160
-0.0556915358
-0.1237284117
-0.2400297735
-0.1401259902
-0.0287789886
-0.2034276064
-0.0703579009
-0.1196488256
-0.3131203723
-0.1373856088
-0.1380266886
-0.1145844859
-0.0359177674
-0.2263978965
-0.0682488692
0.0121855329
-0.1860190502
-0.0901728387
-0.1360561587
-0.0427245387
0.0723320847
-0.0732131168
-0.0882287276
-0.1349800385
-0.0930416503
-0.1456234917
-0.0033378410
-0.0347235645
-0.1212897782
-0.2641975758
-0.0076603659
-0.2453136668
0.0058805859
-0.0229603061
-0.1033600347
-0.0144029663
0.0264865694
-0.2157864012
-0.1539003835
-0.0230110148
0.0122833278
0.0750963213
-0.1282137847
0.0694186224
-0.0734255310
-0.0081484842
-0.0557780686
0.0765536536
-0.0037047076
0.0077633165
-0.0857131923
0.0898962028
-0.0090554055
-0.0906186245
0.1237985048
0.0929559140
0.0043293154
-0.1036147573
-0.0370015205
-0.0451007554
0.0301722291
0.0035914974
-0.0562341884
0.0489411680
0.1006930106
-0.0063694206
0.1120484795
-0.0302733205
0.0047238766
-0.1512481323
-0.0688693051
-0.0196579935
0.0356595733
-0.0756554643
-0.0164684047
0.0186075844
0.1715673427
0.0721802165
0.1819671970
0.0303417896
0.0103875054
-0.0653711023
0.0741829171
0.0094803767
0.1134152069
0.2335825787
0.1422221359
-0.0586004105
-0.0475348560
-0.0020981777
-0.0747247832
-0.1106944990
-0.1325809671
0.1032661581
0.1401006550
-0.0333447142
0.1264994050
0.0927815352
0.1091487332
0.2227573044
0.1434640402
0.0557308529
0.0722577730
-0.0525310554
0.1643362455
-0.0344345830
0.0027676907
0.0175398510
0.0860498709
0.1620635033
0.1931481252
0.1004023497
0.0945824692
-0.0022261210
0.0423163217
0.0541222945
-0.0002856399
0.0397729123
0.1007309976
0.2574280632
0.1830793786
0.1588663322
0.3535211730
0.1720682630
0.1344338703
0.2034982648
0.0693540430
-0.0033334254
0.1566478304
0.2403351877
0.1032554244
0.2133864035
0.1743330712
0.1194847901
0.1290836787
0.0470505177
0.2103126240
0.0680165500
0.2274948769
0.1298217435
0.2385019115
0.0480940033
0.2582184482
0.2205843850
-0.0603751285
0.1360802117
0.0087733305
0.1474565528
0.1310990814
0.2219432015
0.3709225132
0.1166218286
0.0848146719
0.1586888745
0.0454901681
0.1121315434
0.1941088545
0.2530209718
0.3370352175
0.1667392535
0.1585612431
0.2923914468
0.1929549149
0.1761775157
0.1414178697
0.2231922903
0.2714376492
0.3950295030
0.2197850112
0.2840056077
0.3199214204
0.0535516221
0.1970697631
0.1867982250
0.2623833022
0.2396461888
0.1263632581
0.0923674239
0.1210283542
0.1654979002
0.2299895427
0.2500637910
0.2996167533
0.1389686152
0.2041721272
0.2722947573
0.2663989817
0.1007165828
0.2142021096
0.1930826210
0.1921962355
0.1288721891
0.2342389817
0.1391352566
0.1139316992
0.3434313579
0.3371232887
0.2361146367
0.3390696155
0.2550358203
0.1637873025
0.2100758920
0.2929771110
0.3891705899
0.3162993086
0.5212233688
0.2765082798
0.3670853850
0.3525493408
0.2590921140
0.3824453402
0.3230159573
0.3856746862
0.4497532621
0.3420380048
0.1902126042
0.3610530779
0.3192296394
0.4257389012
0.3170930474
0.2426381221
0.4626258641
0.3159735136
0.4069786838
0.3713887555
0.3325344431
0.4823903022
0.3205203787
0.4019422747
0.3411665030
0.1668538290
0.3194013424
0.2961494580
0.3828631572
0.1585147266
0.4594443065
0.1294596575
0.4193689187
0.2830978327
0.2989340851
0.4923624111
0.3200868113
0.2251847815
0.3433568175
0.4151002463
0.4488753907
0.3713844115
0.4439725000
0.4332653995
0.3298256300
0.4222882367
0.3089360603
0.3903452802
0.3596788440
0.3105836517
0.4223893709
0.3888624540
0.2570634671
0.3664861822
0.3821846669
0.3864010624
0.4568919094
0.3225709966
0.3788436645
0.4240810903
0.4975269323
0.4562956484
0.4172192266
0.4603620089
0.4934193752
0.4698792844
0.3089576409
0.5249617467
0.5253898029
0.4908016691
0.4369262587
0.3464684992
0.4481470033
0.4963223102
0.3223224855
0.4175919623
0.4377068229
0.5698774138
0.5725725195
0.4266703970
0.3902115200
0.3516235494
0.4877670395
0.4733879702
0.4929944431
0.5193150234
0.5477844364
0.5614317208
0.4060868122
0.4602189838
0.5113404908
0.3854781451
0.4841264663
0.4899489980
0.5558912823
0.4593837630
0.3215848280
0.3514508761
0.6181196364
0.4519947629
0.5640072159
0.6406459013
0.3330632095
0.3850363839
0.5480781340
0.6921885536
0.4891956137
0.4834724580
0.4093262197
0.5416535658
0.4990206086
0.4580072515
0.4336993520
0.5597810393
0.2854500447
0.4173514507
0.5689589095
0.7683219796
0.5685222350
0.4751425598
0.5505221867
0.4846355530
0.6477573658
0.5803867384
0.4800183330
0.4448419150
0.5519725027
0.5333427527
0.5296534466
0.6217686933
0.5492855602
0.5782580271
0.7203649245
0.5830233874
0.5701872074
0.6231938428
0.5481287426
0.4162245178
0.5808147019
0.7074654634
0.6485569990
0.5088728912
0.5797926369
0.5326423650
0.5311072800
0.7682283906
0.5950254833
0.5729124321
0.7089703768
0.5548334104
0.4459600098
0.6472332372
0.6342818216
0.5876938147
0.5188706809
0.8567753678
0.6924302778
0.7035934106
0.6648782456
0.5403003120
0.6897319995
0.5464996675
0.6797419320
0.6176520482
0.6476989194
0.5561997824
0.6345212093
0.5913232708
0.6642630996
0.6135581473
0.6165908723
0.6586959035
0.6496836541
0.6943546702
0.6916885773
0.5344183137
0.5682234657
0.6126139107
0.6278596810
0.6178229594
0.6370847718
0.6016968965
0.7253038623
0.5947697903
0.6481139041
0.7547553284
0.5731499220
0.6033419713
0.6957145458
0.6007692814
0.5825069077
0.6314440404
0.5229602404
0.5254281262
0.6844796892
0.6422208351
0.8689256813
0.5648976854
0.5568651506
0.6058576993
0.6418218279
0.6675567321
0.6127723809
0.6927142123
0.6999562632
0.6629191445
0.6950136788
0.6158419575
0.7414579485
0.8859834245
0.7594697003
0.6289628630
0.7789870390
0.8361229533
0.7587653504
0.7074771611
0.7941753855
0.7083381902
0.7200715483
0.7720323055
0.7493838260
0.6250221025
0.8049255242
0.7862494721
0.8087861903
0.7496901282
0.6315911254
0.6501073297
0.5402442345
0.7738826637
0.6822288104
0.7607678068
0.8624132165
0.8525397993
0.8094366295
0.6187084574
0.7212791582
0.8427444147
0.8631861568
0.8044516816
0.7154347396
0.7496230407
0.7908477280
0.8550066102
0.6237010107
0.7842262145
0.8102853897
0.7455798686
0.7767149230
0.6839888082
0.7892632802
0.7041222969
0.7490892842
0.8619755110
0.7648935957
0.7192223911
0.8324393322
0.8295649387
0.8764348606
0.7298782757
0.9548764642
0.8515653592
0.8314489705
0.7527342049
0.7281539434
0.8166754477
0.8560363164
0.8724930713
0.6817877969
0.7025607651
0.7307806168
0.8320351411
0.6970382853
0.8132678605
0.8181149914
1.0052839845
0.8765409112
0.8018240670
0.7934052402
0.9850898709
0.8342637218
0.9191805846
0.8854431869
1.0127874319
0.6701841151
0.9157637282
0.8103506753
0.7890485880
0.9332910421
0.7876318804
0.8320323093
0.7829759811
0.9269372721
0.9846641142
0.8517415091
0.7880929465
0.8241753828
1.0070403803
0.9052074529
0.8740710077
1.0115267105
0.8893025400
0.8864945513
0.9366031462
0.8006478509
0.7827669179
0.8782041873
0.7842674148
0.7478159103
0.8129659553
0.6726007867
0.8999903206
0.9583577899
0.9809583289
0.9229317047
0.8644509450
0.9425573412
1.0568648668
0.8880937631
1.0580423627
0.9167939819
0.9537488013
0.9303797094
0.7320909908
0.8801131599
1.1085478512
0.7794625537
0.9485448929
1.0140937847
0.8158683351
0.9769295074
0.9386110148
1.0236318766
0.9600803825
0.9521932378
0.8836624533
0.9955129601
0.9578832391
1.0717829251
0.9278890586
1.0085625643
1.0382215353
0.9697306318
0.9123717742
0.8670530970
0.8780746409
0.8108180796
0.9491328961
1.0537788463
0.9070955919
0.9185526599
0.9886985580
0.9475803892
0.9290725289
0.9917561764
1.0924381529
1.0262113030
0.9665422610
