-1.1408782879
-1.1026402168
-0.9938191809
-1.0083763093
-0.9867534326
-1.0861578674
-1.0902079716
-0.8842286226
-1.0766338551
-1.0076246481
-0.9441517018
-0.7927342660
-0.9154510570
-1.0426055397
-1.0359206262
-0.9115786191
-0.9271891630
-0.8713428770
-1.0388314887
-0.9643552678
-0.8825093292
-0.9273406052
-1.0170710972
-0.8127772694
-0.9293632456
-0.8402930055
-1.0014689484
-0.9871419055
-0.9310917934
-0.9715559712
-0.9340455954
-0.8208687214
-0.9292367460
-1.1011534881
-0.8066359180
-0.8504473227
-0.9310698212
-1.1196585667
-0.8627119665
-0.8906078510
-0.6844114293
-0.8162661612
-0.9033357754
-0.9689784708
-0.7734662496
-0.8540701677
-0.8895465138
-0.8924776501
-0.9768819196
-0.9300211759
-0.9114622382
-1.0831202867
-0.8959074510
-0.8409341440
-0.8677983901
-0.7867061889
-0.8878832171
-0.9791997047
-0.8769850655
-0.9007970511
-0.9063762164
-0.8849644058
-1.0672489528
-0.9706661247
-0.8446939979
-0.8050311925
-0.7764839730
-0.7324468764
-0.8747821999
-0.9420313053
-0.8355479600
-0.9183075389
-0.7999345692
-0.9547704874
-0.9120998232
-0.8993184050
-0.7225079808
-0.7906638145
-0.8974190357
-0.9554886018
-0.7863762833
-0.9661344929
-1.0347476147
-0.8843789392
-0.8854396816
-0.7897129127
-0.6871679274
-0.9050008126
-0.8534983394
-0.7596931060
-0.8047718751
-0.8611859002
-0.7714525079
-0.8310798380
-0.7526523346
-0.7436025403
-0.8116496865
-0.8519972345
-0.6783857575
-0.8476601592
-0.7090380050
-0.7526881010
-0.7169810915
-0.7272206527
-0.7236283042
-0.9080975465
-0.8131472058
-0.7136314090
-0.7714101904
-0.7491354707
-0.9321713166
-0.6652976473
-0.7612019456
-0.7545538260
-0.6694510502
-0.8225918172
-0.7420364454
-0.6050919338
-0.8443471029
-0.7883602198
-0.7499360518
-0.7985673525
-0.9294319500
-0.7293807291
-0.8322172490
-0.8133182004
-0.6827202024
-0.7068179271
-0.8402056348
-0.7853925952
-0.8230399881
-0.8341958705
-0.7441788452
-0.7194592725
-0.6456301635
-0.7062536990
-0.6896262439
-0.8301824279
-0.5652773361
-0.7354618929
-0.7302907935
-0.7306747440
-0.7178740881
-0.7200183338
-0.6628613194
-0.8570122054
-0.5048229342
-0.6211233910
-0.7138743368
-0.8215913544
-0.7122368576
-0.6160435534
-0.6220153560
-0.5970873911
-0.6169892810
-0.5607436631
-0.6421700982
-0.8085003013
-0.5973560325
-0.7663034791
-0.6359417909
-0.8456024146
-0.7343128466
-0.8685581186
-0.7987780954
-0.5938077062
-0.7039022154
-0.7253766713
-0.6678519305
-0.6777723118
-0.6877433508
-0.5900679970
-0.5039372080
-0.5713570337
-0.6465965353
-0.6407293987
-0.6467122892
-0.8065435647
-0.5507039615
-0.5455158863
-0.7428632061
-0.7034910332
-0.6971941963
-0.5164476727
-0.6288147425
-0.6460030559
-0.6191664935
-0.5591988352
-0.7337008152
-0.6202573728
-0.5638561998
-0.6171806191
-0.6501886222
-0.6570436542
-0.5908609463
-0.6690238967
-0.6185056172
-0.7193265637
-0.7224864085
-0.6498754705
-0.6738313290
-0.6735248942
-0.6980671302
-0.4817624052
-0.3638039962
-0.5307370681
-0.5887416996
-0.5964617418
-0.5357143846
-0.6790803316
-0.5559979056
-0.5079997667
-0.5945958558
-0.6120406922
-0.6814874280
-0.3794263847
-0.5769815348
-0.4065311951
-0.6463745787
-0.5373775235
-0.4919099392
-0.6413874655
-0.4816753882
-0.5895322377
-0.5442682306
-0.5672990856
-0.5851555128
-0.4721813927
-0.5791434037
-0.5262237889
-0.5727703615
-0.3634259266
-0.6707325887
-0.6136970500
-0.6039967891
-0.5862611025
-0.3931231612
-0.4497222251
-0.6148695313
-0.6243119697
-0.4858483967
-0.5251523884
-0.5962225644
-0.5448808454
-0.5199952297
-0.5128018741
-0.4851673768
-0.4686690187
-0.4957530884
-0.5106263065
-0.6557000755
-0.5203647504
-0.5094557348
-0.5794522614
-0.5125382591
-0.5484679826
-0.6078260117
-0.4262802688
-0.6108804497
-0.4633359991
-0.3760674331
-0.4816371140
-0.5975129324
-0.5175780194
-0.4511753499
-0.6246782102
-0.5272182227
-0.5551214696
-0.4858659997
-0.4675568097
-0.4894110566
-0.4523553006
-0.4256329797
-0.4080151302
-0.5479993321
-0.3695015427
-0.4146716568
-0.4091576014
-0.4636501092
-0.2906784563
-0.5448414131
-0.4867637069
-0.4026648489
-0.3480104703
-0.3647702417
-0.6422647921
-0.4440963301
-0.5654424492
-0.5039722041
-0.4036639381
-0.4359002119
-0.4182269500
-0.3309079395
-0.4634400919
-0.3763891303
-0.5448547497
-0.4129409451
-0.3144126396
-0.4163010974
-0.3620125270
-0.4162248284
-0.4272600973
-0.3884688121
-0.3449955026
-0.4506807562
-0.4476321142
-0.4122856742
-0.3913617639
-0.5234351837
-0.2844061477
-0.4621905636
-0.3909855865
-0.4873163643
-0.4715564289
-0.3741629060
-0.3068632695
-0.3877739290
-0.2017056360
-0.4170950675
-0.4058081729
-0.2650217806
-0.3052490386
-0.3363848910
-0.2981893401
-0.4151181772
-0.2704813258
-0.5261503310
-0.4219482438
-0.3397650283
-0.2165220018
-0.2335005365
-0.3109257672
-0.3036975661
-0.3925198669
-0.4476675039
-0.1467749601
-0.2524758046
-0.3950422548
-0.2589487501
-0.3275628534
-0.3812852728
-0.4164302172
-0.4346561978
-0.2901864587
-0.2970080558
-0.3334723872
-0.4572216987
-0.3834964113
-0.3907392565
-0.1372477151
-0.2254974722
-0.3391644237
-0.1941469770
-0.4065451401
-0.2273109454
-0.3283991563
-0.3882038390
-0.1496088116
-0.2942350170
-0.2981383221
-0.3304858574
-0.2701969045
-0.3210418612
-0.3728222512
-0.3049570826
-0.3947247052
-0.2169775504
-0.3591172197
-0.3657034660
-0.3785294067
-0.2322568343
-0.3296388556
-0.2560558214
-0.2324296750
-0.3071466220
-0.1873491142
-0.2520221291
-0.2392095329
-0.2637087897
-0.2646180308
-0.3076951457
-0.1482068510
-0.2057504542
-0.2468928382
-0.1955812826
-0.0691709922
-0.2666152427
-0.3392676619
-0.2568456254
-0.2442975799
-0.2794466346
-0.2421099091
-0.1595116105
-0.1120959387
-0.4105126824
-0.2080710502
-0.2086708296
-0.0724758307
-0.0476400075
-0.1599552956
-0.3354390907
-0.3330809493
-0.2171998763
-0.3461147724
-0.1877900550
-0.2166461719
-0.1397684431
-0.2624545284
-0.0690132216
-0.1613507701
-0.2379182166
-0.0414933452
-0.1475014529
-0.1754361441
-0.1489271360
-0.2394692493
-0.2011268394
-0.0920778606
-0.1502221513
-0.2501660142
-0.2311138979
-0.1745860991
-0.1941903779
-0.2501060151
-0.1374905808
-0.1958203531
0.0177827910
-0.2671288299
-0.0814953825
-0.1711689856
-0.1891398150
0.0316206040
-0.0332035237
-0.0719126330
-0.0582951607
-0.0763428263
-0.1484536314
-0.1991027340
-0.2359812986
-0.0386548539
-0.1518554823
-0.2041285637
-0.0783819391
-0.1114786202
-0.0912340055
-0.1545250361
-0.0551316382
0.0270449755
-0.1607957530
-0.1060261527
-0.1501276265
-0.0129756386
-0.0558550636
-0.0474191128
-0.0039337112
-0.0370343655
-0.0855098121
-0.0780335231
-0.0378788757
-0.0230994146
-0.0299691068
-0.0194650909
0.0138656252
-0.0450681752
-0.0113440529
0.0481096524
-0.1083817482
-0.1567831503
-0.1241349348
-0.1499032429
-0.0334563122
-0.0289441210
-0.0081554107
-0.1395229794
0.1513530871
0.0004784341
0.0121232875
-0.0697205204
-0.0586957374
-0.2103600742
-0.0584911250
0.1218122733
-0.0248322938
0.0433058928
-0.1487491448
-0.0994774027
-0.0291784476
0.0063344658
-0.1238360698
-0.0505586468
-0.0635159648
-0.0033799026
-0.0425338405
0.0171983574
0.0355173760
0.0032762796
0.0712011939
-0.0601531930
-0.0956271332
-0.1159014220
0.0907715573
0.0081954271
-0.0481514262
-0.0061228391
-0.0718749133
0.0566653896
0.0156137933
-0.0338820613
0.0647481875
-0.0931662792
0.0083609458
-0.0320864460
0.0406450888
0.1439934055
-0.1136175928
0.1277414394
0.0357545370
0.0092263403
0.0394996035
0.2066748251
0.0715715489
0.0202066537
0.1164037709
0.0792537053
0.0616421961
0.1913208628
0.1266787412
-0.0666843913
0.1071710214
0.2044538975
-0.0423433952
0.0639893380
0.1669014269
0.0853078122
0.2451388732
0.1313402825
-0.0082617502
0.0067779343
-0.0271961106
0.0133282894
-0.1162075145
0.0720949216
0.0362341167
0.0172259766
0.0008108818
-0.0070162949
0.2657957706
-0.0542635440
0.1477744495
-0.1386029435
-0.1008755352
0.0109528302
0.0864102228
0.1183806848
-0.0289145076
0.0841263778
0.1986638040
0.1928335111
0.1414098901
0.1450052598
0.0990206887
0.1321263343
0.1463612610
0.0917202449
0.2181806506
0.1449254238
0.1511723955
0.3090634600
0.1581806448
0.2050789159
0.1391535119
0.0490512300
0.3480209275
0.0819783126
0.1322335220
0.1783310639
0.0824629984
0.1773896969
0.2299426147
0.1845062425
0.1951593884
0.1076416512
0.2184893121
0.2216810597
0.0454288768
0.0576039981
0.1676518371
0.1708850833
0.1054277531
0.2162155008
0.1393707951
0.1682641932
0.1878836074
0.2245171153
0.2587027379
0.0936024330
0.2786168789
0.1082692428
0.4207216400
0.1334598728
0.2726925280
0.2947554727
0.1845149255
0.2673231638
0.2369366387
0.1220720369
0.4163064549
0.3200903648
0.2164641481
0.2989848165
0.1923678716
0.2476948733
0.1542634530
0.2461677842
0.2779892801
0.3460361700
0.0370440049
0.2170472425
0.2285153141
0.1988673170
0.2019141883
0.2451715261
0.2453113570
0.2486093942
0.3127327767
0.4275414871
0.2370244699
0.2129327453
0.1517526677
0.2815000207
0.3629330319
0.2058823726
0.1948150770
0.2161060148
0.3199289662
0.3215250410
0.3650638169
0.4786051473
0.2366973926
0.3554547437
0.2978340108
0.4005686413
0.4088490370
0.2967328891
0.2485697101
0.3570886411
0.1389120661
0.3285381721
0.3296455405
0.3753682919
0.3034203103
0.1331937450
0.3116345743
0.2779140438
0.2844724675
0.1522145554
0.3085317575
0.2093115449
0.2809416020
0.1472194734
0.2524506764
0.2422781121
0.2383992703
0.4279867769
0.2353445701
0.3719000353
0.4414529399
0.3212807461
0.3971752549
0.3001407589
0.4502738796
0.3162162096
0.3731091090
0.3599465171
0.3150093679
0.4002213533
0.3436024342
0.3960337166
0.2850225283
0.4342462127
0.3303660240
0.2777382973
0.4520132754
0.3664622158
0.5447218680
0.4897967420
0.3088234352
0.2952523862
0.3464414691
0.4053735251
0.3489054948
0.3891548610
0.3626762121
0.4387300341
0.4201557614
0.2308955330
0.1927225025
0.3752522210
0.5471169457
0.4390172627
0.4709219793
0.3415015533
0.3611991220
0.4704382688
0.3323533525
0.3885054101
0.2342641767
0.3977337489
0.3712964452
0.4324726607
0.4349932758
0.3763666690
0.5404866879
0.4437702811
0.4755501764
0.4067685068
0.4980685563
0.2836967161
0.4781036011
0.4293947495
0.4516030931
0.5329547210
0.4260680174
0.4840547588
0.4084919367
0.3221525013
0.4127330155
0.4161972357
0.3881204468
0.5132384784
0.4195485011
0.6233699777
0.4021252796
0.5332377176
0.4147545219
0.4457761135
0.4304863266
0.4838808374
0.4936399956
0.4169827033
0.5693302628
0.3130933772
0.4803679865
0.4545093913
0.5095023745
0.4701683402
0.4433820375
0.4812790094
0.4591906333
0.4638759903
0.4296810727
0.5096242060
0.4198784666
0.4383652176
0.5009855560
0.3794850536
0.4209855274
0.4838523635
0.3600482504
0.6169646181
0.4499415256
0.6037218694
0.5277417516
0.5171277034
0.5652968136
0.4783212908
0.4178001720
0.6710749675
0.3977147130
0.4722807092
0.4960520179
0.5204010063
0.5391203620
0.5235298334
0.6436914894
0.4734769131
0.4967870073
0.6192440137
0.4395281312
0.5834669335
0.5751915590
0.6240755819
0.5062477087
0.3879735636
0.6803217843
0.5421650593
0.5992293212
0.6366942953
0.5321071723
0.6398858748
0.5206344108
0.6433952441
0.6005120063
0.5656728127
0.6784148099
0.4885513127
0.5506757308
0.4734230627
0.5060970702
0.6969211878
0.5844303814
0.6290114303
0.6073807162
0.6953207260
0.6173139531
0.5632288609
0.5982959346
0.6615051506
0.6320202509
0.5977680417
0.6737288215
0.7740982761
0.4908990620
0.6303105569
0.6889709713
0.7387868745
0.5187407235
0.7256676855
0.5902138690
0.5822313571
0.5492583540
0.6460468782
0.6188696799
0.7506736187
0.8929104909
0.5336207687
0.6302034005
0.5385795709
0.6758609081
0.7505311194
0.7215333278
0.6236649428
0.6769672948
0.6885013695
0.5942607558
0.7454704984
0.6968573586
0.6995327259
0.7947560066
0.7361422620
0.6337819427
0.7016108893
0.7537067678
0.7005212493
0.7515672427
0.5955217958
0.6110736581
0.6827243895
0.6479902766
0.8062472588
0.7519991498
0.8346226517
0.6816528790
0.7021440976
0.6084575962
0.5245835030
0.6643458557
0.7466353696
0.8103006435
0.7526190613
0.4744507732
0.6661649991
0.8297190570
0.7091964104
0.8276181543
0.7560331422
0.7469830839
0.8993329720
0.6437623596
0.6752350348
0.8298958599
0.6823079123
0.7474577533
0.7087814155
0.7625667816
0.6197636175
0.8146640071
0.7038130155
0.5954484534
0.6309424967
0.7261489368
0.7947293606
0.7180280947
0.7412115433
0.7324075573
0.7738269363
0.8887342908
0.7199765731
0.7860593801
0.8333715201
0.7064493869
0.7902821645
0.7815363569
0.8033868622
0.8726253847
0.7991739940
0.7031233424
0.7474071497
0.7484142398
0.6725598302
0.8178831485
0.7296128513
0.8237170520
0.8404581039
0.7948928638
0.7992302545
0.9724048777
0.8448540381
0.9756676131
0.8442891390
0.6237393269
0.7972116655
0.7713986094
0.8200780840
0.7940213432
0.8070640170
0.8516098969
0.8764274744
0.7150884016
0.8070551133
0.9742279291
0.8591187942
0.9519522809
0.8263498229
0.9274697237
0.9335485416
0.6849292325
0.7553066250
0.8307795034
0.9507288792
0.8480721395
0.9612421031
0.9392633153
0.8449886396
0.8049056254
0.7620056487
0.8600800560
1.0664647963
0.9899565906
1.0063570211
0.8309807692
0.8594923731
0.9701921270
0.9802182718
0.8288895544
0.9279062097
0.8436599447
0.8976398211
0.8524766106
0.8322449103
1.0011233382
0.8630206335
1.1790276960
0.9688303116
0.8188901623
0.9627219641
1.0676610296
1.0289804486
0.9132111469
0.8960819034
0.8514229975
0.9993268044
0.8781036371
0.8639621723
0.9765780996
0.8310193055
0.9293622154
0.7815965672
0.9767169059
0.9629880415
1.0788212786
1.0069332288
0.8837377167
0.9228733127
0.8127252575
0.9201446643
1.0933565908
0.9301355258
1.0914978214
1.0448066736
1.0537471082
1.0859631022
0.9987231337
0.9360356040
1.0143993168
1.0098344542
1.0599798438
0.9129317742
1.0976051160
0.9775692857
1.0182756025
1.0687884453
1.1276714305
1.0500060969
0.9757707111
1.0455212739
0.9007332142
1.0153498748
1.1164750196
1.0965646985
