-0.8809114923
-0.9980025989
-0.9996949522
-0.9437161477
-0.9581301002
-0.9555483500
-1.0236163486
-0.9147021691
-0.9824955273
-1.0066609867
-1.0534501288
-1.0097790143
-1.0818998866
-0.9820072310
-0.9533340615
-0.9679894996
-1.0029456765
-1.0254987589
-0.8939878671
-0.7242290251
-1.0003309066
-0.8841218333
-0.9221605864
-1.0158781260
-0.9090750643
-0.8917074031
-0.9807942032
-0.7988353138
-0.9878486596
-0.9052624390
-0.9776657265
-0.8576087515
-0.7707141450
-1.0565468700
-0.8608903444
-1.0259265591
-0.9176987524
-0.8073889248
-0.7682266288
-0.7972350933
-0.8871715393
-0.7402619099
-1.0221558612
-0.9272931816
-0.9490743887
-0.6913917863
-0.8224590583
-0.8713453269
-0.9487539406
-0.8286862455
-0.8032237445
-0.9099728508
-0.9683815377
-0.8502227749
-0.8789983707
-0.9685071178
-1.0439347724
-0.8085982385
-0.9733934012
-0.7792972837
-0.8536908786
-0.9766811342
-0.8647374445
-0.8146640094
-0.9378565616
-0.9112064245
-0.8569919430
-0.9146928627
-0.8996876065
-0.8445258546
-0.9212963927
-0.7580466750
-0.7228737981
-0.7665084521
-0.9738330296
-0.9273965748
-0.8076040009
-0.8523335504
-0.8341015189
-0.7732687699
-0.8261542864
-0.7511382515
-0.8178406892
-1.0018346479
-0.7324364522
-0.7294281878
-0.7989898230
-0.9674509752
-0.9534536654
-0.8010016144
-0.8252567462
-0.5320501081
-0.6781707851
-0.8735996157
-0.9331255835
-0.7686248724
-0.7952377098
-0.8247344155
-0.8165962490
-0.8445448633
-0.8652361082
-0.8317905102
-0.7553474372
-0.8445543354
-0.8421820495
-0.8169407273
-0.9017301490
-0.9688170625
-0.8993680584
-0.7043964370
-0.8068288574
-0.8583860395
-0.7589954831
-0.8048509182
-0.8119098525
-0.6944005620
-0.6828647664
-0.6191849042
-0.8123633568
-0.5980430898
-0.6196170460
-0.6756811206
-0.8195904594
-0.6848316823
-0.7557916372
-0.5709592258
-0.6135433814
-0.6152728806
-0.9146096965
-0.7094568657
-0.6854637749
-0.6681208195
-0.7201960071
-0.7345604668
-0.7221636396
-0.7880361471
-0.6217294337
-0.6945194268
-0.7384560869
-0.6391369751
-0.7661766897
-0.6845737388
-0.7072844481
-0.7892395218
-0.6313152129
-0.7820377243
-0.7164679755
-0.7304619969
-0.7944165870
-0.5190583476
-0.7199579714
-0.8178140528
-0.5681857233
-0.6505410463
-0.6814636046
-0.6650221158
-0.7362453141
-0.5872476544
-0.7021431495
-0.8042407977
-0.8220251500
-0.5992411231
-0.5102541945
-0.6778256140
-0.5741020465
-0.7048425327
-0.7344582415
-0.6848309839
-0.6067317768
-0.7778243790
-0.7395604515
-0.6583569489
-0.7090073689
-0.6269355002
-0.5938651157
-0.6824555628
-0.6343450462
-0.6378349514
-0.6750136932
-0.5924375094
-0.6324595252
-0.5015444355
-0.7118889150
-0.6005011112
-0.7154538987
-0.7304623958
-0.5293759178
-0.6431650435
-0.5996634723
-0.6892604796
-0.6737206589
-0.6845193217
-0.6943331852
-0.6887810799
-0.6670871652
-0.5525422013
-0.6296422979
-0.4605592144
-0.6052997225
-0.5751719256
-0.5067243286
-0.5596219905
-0.4811387823
-0.5148406632
-0.6023285904
-0.5500828499
-0.7011600760
-0.5181986038
-0.5442900541
-0.5707181132
-0.8176001002
-0.6659050538
-0.6368919195
-0.6260750422
-0.3761892308
-0.4382362267
-0.5196188254
-0.5316788123
-0.5461475805
-0.6102950384
-0.6210669971
-0.6259620435
-0.4909982992
-0.5437866669
-0.6188063029
-0.5291466840
-0.6496325266
-0.4843302705
-0.5771014049
-0.5220834529
-0.3346809871
-0.6051743837
-0.6149282005
-0.6052052241
-0.6154594675
-0.4948944961
-0.4839770315
-0.5055216442
-0.5438991773
-0.4893915520
-0.5653859610
-0.6068972606
-0.4363015990
-0.5077662476
-0.5083084115
-0.5716931173
-0.5308877816
-0.5423380389
-0.4465344135
-0.5380790966
-0.4394413066
-0.5382630354
-0.4676708607
-0.4939772738
-0.5391473996
-0.4908835428
-0.3106336732
-0.4670018279
-0.5686362510
-0.4094546752
-0.3653015065
-0.4678239408
-0.4451578247
-0.4068062694
-0.5148005795
-0.5870895863
-0.4935239822
-0.5089775364
-0.3993371202
-0.3876280134
-0.3698056359
-0.3665899741
-0.4123119047
-0.4530513424
-0.5626360715
-0.5056592685
-0.3691491313
-0.4327484278
-0.4287823097
-0.3509143165
-0.3025598067
-0.5495308685
-0.3667644083
-0.3547617682
-0.4833226746
-0.4036304492
-0.3986859015
-0.4006408034
-0.4695880557
-0.4248934355
-0.4901551596
-0.4737974940
-0.5433151609
-0.3901159451
-0.5517022960
-0.3073711187
-0.3501821372
-0.4384969218
-0.2816600575
-0.3669110202
-0.3661477677
-0.4305680741
-0.4385024285
-0.3355006409
-0.2440396773
-0.4384460597
-0.3387661335
-0.4285343625
-0.3500869799
-0.2879849408
-0.4765693985
-0.4075201352
-0.4932174944
-0.3277227194
-0.3560425116
-0.2784399191
-0.5505519902
-0.2720878231
-0.4124413914
-0.2249535921
-0.2817498926
-0.3277471835
-0.2463293091
-0.3077964245
-0.2935952733
-0.3837103869
-0.3856008773
-0.5241503201
-0.3735797173
-0.2916152498
-0.2802746642
-0.4431562587
-0.3529699881
-0.4380686278
-0.3281509467
-0.2193337732
-0.4051284463
-0.3355333964
-0.2687611810
-0.3394897874
-0.3329910935
-0.2097860091
-0.2088530254
-0.1104816171
-0.4385351062
-0.3834706130
-0.3012664591
-0.3121839696
-0.2985004272
-0.3102974990
-0.2765019250
-0.3539617765
-0.2041394854
-0.1906153135
-0.3931326023
-0.2018967857
-0.4503266651
-0.3363567890
-0.3725031126
-0.2866450977
-0.3131611226
-0.3112161160
-0.2078545525
-0.3932662213
-0.4999281115
-0.4313614520
-0.2539206061
-0.3173569087
-0.1127110274
-0.3053772916
-0.1935939925
-0.2209115685
-0.2095396850
-0.2358496529
-0.2837607289
-0.2068878820
-0.2391284006
-0.3135277332
-0.2087697575
-0.2169736707
-0.3577057384
-0.1030647312
-0.3022437016
-0.4186679779
-0.3096929160
-0.2709121598
-0.1268615482
-0.1352921423
-0.1228686041
0.0140416979
-0.2896902347
-0.3310148449
-0.1674749191
-0.3006167693
-0.1836360762
-0.2321105295
-0.1917633316
-0.2512107566
-0.2606096949
-0.3162521765
-0.2739493063
-0.1957599614
-0.1009428472
-0.1671790303
-0.1046671151
-0.1384289478
-0.3140750065
-0.0409815667
-0.1806763469
-0.1496721565
-0.1829483777
-0.1265508080
-0.0747818947
-0.0659458095
-0.2615638603
-0.2419231417
-0.1100175763
-0.3275459310
-0.1851086518
-0.2155878388
-0.3003419891
-0.2001096642
-0.0866734771
-0.1014969247
-0.0125606318
-0.2035284710
-0.2318518006
-0.1075445370
-0.1049077046
-0.0794545713
-0.1688028517
-0.1680367294
-0.1011096981
-0.0638751103
-0.0264124626
-0.1444494894
-0.0283895482
-0.0430665485
-0.2719807992
-0.0704769111
-0.0578432065
-0.1182775380
-0.0925555876
-0.0274515219
-0.0360405215
-0.1308710367
-0.0875835540
-0.0557279505
-0.1183279207
-0.0274315208
-0.0391644477
-0.1198703919
-0.1422098979
-0.0012082558
-0.1170160539
-0.1130047862
-0.1238399948
-0.0003407087
0.0176693937
-0.1100411859
-0.1126306275
-0.0941017033
-0.1329234158
-0.1375004562
-0.0725856707
-0.1430623691
-0.0028713744
-0.0193143566
-0.0794441940
-0.1197052682
-0.1705441926
-0.1504735646
-0.1286187367
-0.1316324263
-0.1143982038
-0.0436162545
0.0131373386
0.1153505946
-0.0654249496
0.0260051951
0.2012257060
0.0116283656
0.0074143798
0.0797992462
0.0425101612
-0.1761163163
-0.1432337238
-0.1077959195
-0.0370416013
0.0637787295
-0.0775336828
0.0885796258
0.0386332323
0.0033791208
0.0746677079
-0.0231055416
-0.0268993074
0.0182444353
-0.1487878431
-0.0842357387
-0.0659384882
0.0612388605
0.1420110373
-0.0383712039
-0.0766468279
0.0512390234
-0.0794554811
0.1141494073
-0.1343529400
0.0291406991
0.0024911215
0.1859596696
0.0182612621
0.0306646298
0.0120175576
0.0896996472
-0.0104323444
-0.1769291593
0.0953219162
-0.1342044442
-0.0443547242
-0.0034244210
0.1353719769
-0.2348713016
-0.0901242636
-0.0287012764
-0.1068562766
0.0745099818
-0.0735142509
0.0230726920
0.0987790983
-0.0497405694
-0.0219785648
-0.0874590084
0.0697815166
0.0858904182
0.0356156762
-0.0154339181
0.0023242667
0.0902998366
0.0987766863
0.0936318161
0.0762824357
0.3282245955
-0.0746184203
0.2595505908
0.1814323306
0.1412573824
0.0179757321
0.0741500267
0.1583029019
0.0129844108
0.0805671508
-0.0396143725
0.1146326957
-0.0499045082
0.1650444677
0.1453061387
0.1104373014
0.0903862195
0.0793109794
0.1070070243
0.1631199544
0.1557736672
0.0850035435
0.0968306725
0.1773062664
0.0497507804
0.1588081869
0.1397228247
0.2815467249
0.0341257703
0.2040789685
0.1671111953
0.0291171729
0.1385490104
0.0351500176
0.1338023921
0.2105784570
0.2668842237
0.1231092405
0.2040889488
0.1685474945
0.2125828359
0.0909907484
0.1051288189
0.2639323819
0.1786382247
0.0813970069
0.1631893450
0.2107271586
0.2966403944
0.2625480181
0.1891618309
0.2740473235
0.0292823784
0.2446486625
0.2749155354
0.2655452640
0.1995227427
0.0397144078
0.2482926747
0.1786731676
0.3186381568
0.2533053386
0.1124208001
0.1648970736
0.2923444888
0.1190818040
0.2623376200
0.1414722988
0.1395060494
0.3224999752
0.3055909529
0.2592977496
0.1807717741
0.2509970830
0.0818578627
0.2780251293
0.3759867335
0.3656213597
0.1194626101
0.4044337131
0.2142977358
0.2992136250
0.1955330294
0.1939595670
0.1397891184
0.2310593402
0.2568449593
0.4046693123
0.2565395760
0.1387982437
0.1870887421
0.3215277379
0.2560986953
0.3516283223
0.3178405546
0.3268974220
0.2675345895
0.2650392150
0.1394629054
0.2619105673
0.1416251250
0.2826001501
0.4115641455
0.3822947776
0.1966532154
0.3441561917
0.4676150969
0.1873965042
0.2909947825
0.1497334580
0.3034077677
0.1760288944
0.2367633348
0.3451541066
0.2135525472
0.3018627058
0.2672618192
0.3234412707
0.3560186615
0.2573052325
0.2162837387
0.2759156074
0.2879564083
0.3289149653
0.3158298115
0.2256092149
0.3476408233
0.4353547449
0.2783302940
0.3744939369
0.2991551615
0.2226059133
0.2995177757
0.4567121785
0.3034638945
0.3252135248
0.4017742204
0.3793084227
0.3300822219
0.2423360471
0.2961081501
0.4025040853
0.3774078314
0.4802249546
0.3845868700
0.5122354937
0.3982919713
0.3287706775
0.4199713973
0.3227628169
0.4045049015
0.2390978243
0.4385835290
0.4116824706
0.3391057527
0.4790473352
0.3166312728
0.4207720314
0.3396955553
0.4894701672
0.4231824287
0.3157444983
0.5203526113
0.4018942442
0.3615800874
0.4375164036
0.3995870286
0.4298370022
0.3816542698
0.3880512558
0.4237954499
0.3812615410
0.2601402175
0.4320856290
0.4183574386
0.4327770853
0.4455229325
0.5036442398
0.4209202348
0.4128355940
0.5841734479
0.4963669530
0.4664890476
0.4809240429
0.5005101098
0.5312622243
0.3863036373
0.4645239617
0.5226745737
0.3476584605
0.5742077184
0.6068366633
0.5475964922
0.3238699258
0.4008221084
0.4957359128
0.5627973225
0.6241377936
0.5207435491
0.5252681153
0.4182434668
0.3808930020
0.5118033199
0.5532899734
0.4751423006
0.6144104625
0.5725090427
0.4021566942
0.6803963713
0.5155340715
0.5028646182
0.5576142243
0.4772796381
0.5228199677
0.6525313619
0.5596149891
0.4094238355
0.5506665116
0.5395668858
0.5262407071
0.5991060886
0.5320799099
0.7537419524
0.5222718521
0.5584947466
0.3570117987
0.5027101524
0.4403804859
0.5185559602
0.5679954443
0.5877842348
0.4089063902
0.6373638645
0.5496790681
0.4655837782
0.7037356278
0.5943387802
0.6014975013
0.7240610798
0.5248740291
0.5860021076
0.5786949055
0.4797401630
0.5810062261
0.6046064778
0.6382046638
0.6727261338
0.5444063002
0.4401969378
0.5556878452
0.4830304854
0.4600459033
0.6810998347
0.4486450353
0.5339706233
0.4399501390
0.5817572964
0.6315254729
0.5849677558
0.6513707129
0.6650352544
0.5023892788
0.5542097504
0.6864364497
0.5886419456
0.5739028241
0.5293713309
0.7557705661
0.5828755423
0.5623288694
0.6264849578
0.6438994702
0.4583878427
0.6108584900
0.6239236932
0.6461633619
0.7897801452
0.4619029876
0.5915695874
0.7232645324
0.7700679834
0.5788872644
0.5381994166
0.5941855935
0.8632453492
0.6428347708
0.6330339212
0.7715498262
0.5453944324
0.7272301416
0.7459169320
0.6325100822
0.6660972474
0.6691666747
0.5983491292
0.7409683661
0.7828759926
0.7551589566
0.6641425397
0.5858533540
0.6761376429
0.5841945284
0.7846321276
0.6917682295
0.7035847579
0.7317966469
0.7887175066
0.6901542217
0.7514088633
0.6489819749
0.5545079940
0.7259554453
0.6193053259
0.6838155337
0.6335352884
0.7343374375
0.7998314828
0.7440248209
0.6905451579
0.6429367025
0.6277945710
0.8145630465
0.7445559296
0.8518346828
0.9240230748
0.8065385203
0.7591474113
0.6633158857
0.7116020578
0.6311163388
0.7036245934
0.8708997696
0.8620243086
0.8460590913
0.6790193084
0.6514832172
0.8278027715
0.7864059098
0.7236497147
0.7722641634
0.7950952232
0.8175064008
0.7157879599
0.8961737734
0.8203093125
0.8406485616
0.7200432934
0.8118413238
0.9312298318
0.7036779746
0.7456294142
0.8197072970
0.7929302619
0.6874107522
0.7842517370
0.8188275610
0.8403458859
0.7161184776
0.6875742265
0.8235399798
0.7792936105
0.8188695061
0.9630947415
0.7713393258
0.8306649427
0.8974802810
0.8309565051
0.9476450785
0.7724806952
0.9266589819
1.0287310192
0.7921689432
0.7813666830
0.7956376316
0.8999467500
0.8706148540
0.8020568164
0.8304059585
0.7780840751
0.8888046545
0.8489199367
0.8439636144
0.9480919281
0.8579023694
0.7887262101
0.9503702104
0.8349181443
0.8304199469
0.7597827811
0.9866418941
0.7711966636
0.9063513439
0.8609428379
0.8457366089
0.9182962094
0.9627435414
0.8827795051
1.0038472154
0.8047025654
0.8290553350
0.9016804652
0.7930925298
0.9155232814
0.7426556087
0.9529117997
0.9704936142
0.7992941196
0.8258340211
0.9707505573
0.8954982005
0.9452148405
0.9273250041
0.8075730767
0.8304155336
0.8621692562
0.8254994653
0.9671936133
0.9400985119
1.0234181306
0.8918424687
0.9053701934
1.0271977094
1.0961047710
0.9680012493
0.8810155826
0.8855021834
1.0070524890
0.9179570143
0.9596976513
0.9200479843
0.8983849759
0.8923666957
0.8905964381
0.9976846902
1.0040483868
0.9272364481
1.0695606091
0.8901015146
0.9516292728
0.8800063026
1.0504223731
0.9307836296
0.9023459102
1.0114343997
0.9454266730
1.0321217045
0.9820940813
1.0703809917
1.0991399854
1.0551485103
1.0083225156
1.0289546627
0.9023407213
1.0919607234
1.0473930690
1.0474681418
1.1231692077
