-0.9682137819
-0.9454796918
-0.9948874414
-0.9868524674
-1.0309952386
-0.9206793406
-1.0557601926
-0.9981710395
-0.9174528405
-0.9373683058
-0.9570703082
-0.9381295043
-0.9977770820
-0.9671999783
-1.1101470906
-0.9353194737
-0.9870991176
-0.9056196913
-0.9836980336
-1.0686946813
-1.0505065632
-0.8332093749
-0.8566922788
-0.8997406457
-0.8505515170
-0.9312130476
-0.9970460702
-0.8757001397
-0.9400844309
-1.0232874374
-0.8706417118
-0.8513408508
-0.9242495906
-0.6079064627
-0.9494763560
-0.8232759955
-0.8019819133
-0.9944954329
-0.9008241347
-0.9275649200
-0.9803952910
-0.9728570673
-0.8007412845
-0.9335247744
-0.9766563312
-0.8549621527
-0.7532342199
-0.7554564773
-0.9227759362
-0.8937578948
-0.9773373687
-0.8646525551
-0.7509873512
-0.8254280585
-0.9488757800
-0.9930971540
-0.8068069310
-0.9305359899
-0.8418617027
-0.9501985407
-0.8064274216
-0.9095857612
-0.8399328788
-0.8299863503
-0.7507878556
-0.8302390600
-0.9531551477
-0.8707276483
-0.9504597995
-0.8609706720
-0.8429295424
-0.7961042674
-0.8372359208
-0.8622357210
-0.9810510040
-1.0382804688
-0.9372415465
-0.8716167379
-0.9879605029
-0.9924090796
-0.8690285099
-0.7311153282
-0.7539040120
-0.8399863776
-0.7349543038
-0.8232663283
-0.9329421452
-0.8368609344
-0.8206367246
-0.8496481357
-0.9043352428
-0.7665159973
-0.8173700824
-0.9062435992
-0.7934935632
-0.7267119941
-0.7803338269
-0.8279514686
-0.8968985985
-0.9080153736
-0.8735425256
-0.8312852993
-0.7681024095
-0.7157403898
-0.7887846176
-0.7139203722
-0.6433843934
-0.7520088410
-0.7689616024
-0.8075078935
-0.6920277107
-0.7982369238
-0.7716604421
-0.7171840250
-0.8883483450
-0.6440506150
-0.7649150715
-0.7822670902
-0.6229123991
-0.8352546768
-0.6882418355
-0.7112836216
-0.6887464296
-0.6824981906
-0.5984592863
-0.8564425382
-0.7220900168
-0.7412363778
-0.9411266710
-0.7692069186
-0.7447984473
-0.6383701276
-0.7827252971
-0.8008039835
-0.7697707114
-0.6571265916
-0.6836536702
-0.7792313728
-0.7931654589
-0.8706407079
-0.6706505012
-0.7619761556
-0.6142234108
-0.7685924721
-0.6256871046
-0.7125051478
-0.6419794265
-0.7091996420
-0.8827830373
-0.6311891822
-0.5315911203
-0.6635820947
-0.8745461870
-0.7624441712
-0.6767897201
-0.7445327816
-0.5649279806
-0.7689390937
-0.7421113673
-0.6127702700
-0.7447738010
-0.7734007966
-0.7397412144
-0.6582090217
-0.5487025404
-0.6155112732
-0.5817876133
-0.5967792999
-0.6295774497
-0.7073405604
-0.7295405308
-0.5861432948
-0.6073989908
-0.6451921179
-0.6261754846
-0.5875641158
-0.5477406860
-0.7027900032
-0.7071798064
-0.5701372218
-0.6647124005
-0.6017786588
-0.6404178311
-0.6763047687
-0.5398238328
-0.5707170634
-0.8346676495
-0.4877644394
-0.6827897415
-0.6024176813
-0.6014229964
-0.5308935970
-0.5974635382
-0.6337686462
-0.7365397618
-0.7385184382
-0.6706516831
-0.7151323962
-0.6055649805
-0.5647592289
-0.5589404914
-0.6928170250
-0.5461447252
-0.6175110025
-0.5466495451
-0.6452674886
-0.6201496499
-0.5857371264
-0.6052201219
-0.5129519628
-0.5797259127
-0.4644867977
-0.4557307291
-0.6316641106
-0.5716999547
-0.6290926842
-0.4440510217
-0.5609379031
-0.6313025589
-0.6431521275
-0.5697590582
-0.4294796876
-0.5945847704
-0.5491824867
-0.5748634835
-0.5343434508
-0.5876374579
-0.6006271028
-0.5066668422
-0.7168143656
-0.5105886875
-0.5293293184
-0.4144626188
-0.6394429335
-0.4723844680
-0.6038787082
-0.4389872350
-0.5701238449
-0.4890082061
-0.7455412033
-0.6542055730
-0.6364738502
-0.4881379316
-0.6486640127
-0.5863726401
-0.5770659220
-0.3767717124
-0.4860570284
-0.4058306780
-0.4952912639
-0.4487929532
-0.4896651816
-0.4495267812
-0.4915424680
-0.3978889497
-0.4973458505
-0.5704877192
-0.4712989267
-0.4307281253
-0.4488867466
-0.4897364105
-0.5103175009
-0.3517851458
-0.5364345951
-0.4355046573
-0.4994497498
-0.4900179651
-0.4669176110
-0.5235477271
-0.5240324926
-0.3267576520
-0.4071331399
-0.4811452665
-0.5581367050
-0.4920252431
-0.4918022587
-0.3733260167
-0.3147896271
-0.5794591280
-0.4170389070
-0.4205480799
-0.4605829572
-0.3979641100
-0.3957643073
-0.3790599933
-0.3510030612
-0.4169262924
-0.4798107263
-0.4821642210
-0.3508771817
-0.4388899650
-0.4233041913
-0.2876371503
-0.3770329658
-0.4826370129
-0.5473463489
-0.3894662039
-0.3119577336
-0.3995851509
-0.4890695313
-0.4000626204
-0.3642232945
-0.4052068838
-0.5601282802
-0.3602887900
-0.5955909498
-0.4325946280
-0.3055792755
-0.3528931598
-0.4238767893
-0.4944358914
-0.4720614175
-0.3306453415
-0.4680733625
-0.2257472845
-0.4144554883
-0.3443368208
-0.4023682165
-0.3509132893
-0.3705435363
-0.3129172323
-0.4045344014
-0.4353148230
-0.2041161856
-0.4310045267
-0.4106518126
-0.3883707499
-0.4304653677
-0.2390720906
-0.3104743905
-0.1868366136
-0.3011177536
-0.2373982483
-0.3275233452
-0.3610750733
-0.3167749888
-0.2254951259
-0.2823222236
-0.3135270225
-0.2825943256
-0.2821369027
-0.2273495654
-0.2663437772
-0.4447315519
-0.2661636962
-0.3775102617
-0.2507848976
-0.3949263382
-0.2468079718
-0.3718927588
-0.2731657191
-0.3974845805
-0.3652984153
-0.2927519331
-0.3967343539
-0.2795642803
-0.2370991927
-0.3133705839
-0.2539979906
-0.3648790022
-0.2144011627
-0.4280492214
-0.2310882499
-0.2242732998
-0.2053344956
-0.1941044773
-0.3895023975
-0.2734507107
-0.0935591146
-0.3627535150
-0.1806395732
-0.2989041022
-0.1012399158
-0.2818018026
-0.2440137432
-0.2118097702
-0.2944951860
-0.2614886215
-0.1471208777
-0.2691986535
-0.1409359684
-0.1323434919
-0.1699454432
-0.0699995604
-0.2502421662
-0.2248805701
-0.2331258397
-0.0652719590
-0.3093495026
-0.2844940475
-0.1315823482
-0.2621068925
-0.3066624726
-0.2338589325
-0.2235226809
-0.1610844390
-0.2599019103
-0.2424967582
-0.3178361035
-0.1685015224
-0.2880309979
-0.1771519147
-0.1909468306
-0.3496180486
-0.0767052484
-0.2190412381
-0.0806197529
-0.2449130849
-0.3613879243
-0.1611794362
-0.0596250041
-0.2095055673
-0.1197668525
-0.2317623557
-0.0909841445
-0.1935032702
-0.2942261005
-0.0199880168
-0.2173628119
-0.2503864248
-0.2754517151
-0.1973736406
-0.1014050084
-0.2949914915
-0.0692399715
-0.2382316009
-0.1756773322
-0.1605572943
-0.2081634598
0.0063408293
-0.2344627532
-0.2882352927
-0.1690669922
0.0208161196
-0.0325110691
-0.0460681468
-0.1692172212
-0.0729100334
-0.1375272497
-0.0356924635
-0.0773625131
-0.1766638852
-0.1869126330
-0.2188728922
-0.1833753887
-0.1125557135
-0.1650805255
-0.0984360385
-0.0037994080
-0.1930759309
-0.1449508876
-0.1702518677
-0.0189102714
-0.1283069862
-0.0666913704
0.0440462478
0.1233528477
-0.0170050912
-0.0605041216
-0.1165144741
-0.0319900037
-0.1421962539
-0.2211950756
-0.0402427649
-0.0968810204
-0.0289179477
-0.0415548293
0.0746175210
-0.0104319997
-0.0002756319
0.0361421068
-0.0085102038
-0.1324717099
-0.0290418158
-0.0162691513
-0.0097181689
-0.0684614480
0.0643412327
-0.0572066880
-0.1361138780
-0.0685935471
-0.0757732648
-0.0830414200
0.0868152961
-0.1534747023
0.0539951570
0.1123408136
-0.1196453687
0.0673554593
0.0322863874
0.0624950781
0.1110865225
-0.0173932310
0.0680292590
0.0559961580
-0.0070097832
-0.0251212747
0.0257699220
0.0107557721
0.0734670367
0.0192438125
0.0697431280
-0.1960693953
0.0438526434
0.1193021461
0.0132413651
0.1677798242
0.1139736350
-0.1300010818
0.0266848626
0.1223483212
0.1419902612
0.0303937036
-0.0050252309
0.0864602166
0.2313188033
-0.1219030341
-0.0121871842
0.0373724509
0.0431970679
0.1677616465
0.0137510220
0.0773673988
-0.1474436845
0.1722719252
0.0034425460
0.0352779158
0.0048119219
0.0086319355
0.0766925375
0.0712779303
0.1593467986
0.1512884156
0.1550557382
0.0015310321
0.0273076900
0.1106152019
0.0104733153
0.1010258565
0.0645294081
0.0495505959
0.0916008008
0.0751210181
0.1551941529
-0.0081082285
0.0115232183
0.1501081721
0.0516290903
0.0693158650
0.1309801826
0.2720417448
0.1034361832
0.1642004812
0.0770501744
0.0756316646
0.1181871208
0.1409138437
0.2037762010
0.1516721036
0.1676690783
0.1005895455
0.2773581879
0.1096521003
0.0018238266
0.1314199889
0.1455577963
0.1016188079
0.1568915733
0.1186781655
0.1520702669
0.0577464120
0.0977688120
0.1168000099
0.2758375182
0.1161511194
0.1257592993
0.1841281191
0.1359840964
0.1997540981
0.1128857655
0.1592240805
0.1857632106
0.0495556989
0.1235726326
0.1320121322
0.1195536044
0.1756626468
-0.0592775240
0.2275013915
0.2836551552
0.0751246159
0.2473818350
0.1010511124
0.0987436801
0.1275591088
0.3125411480
0.2035657253
0.2451021242
0.3067150253
0.2130562956
0.1700855229
0.2535168751
0.0329220473
0.3175619275
0.2212161834
0.1973109569
0.2526572700
0.3607313205
0.2832191160
0.2458472525
0.1600213639
0.1830414932
0.1070275031
0.2471578135
0.2087339988
0.2892755572
0.3349426381
0.3788727135
0.1121899201
0.0942092806
0.3134689625
0.2809577793
0.3421561189
0.1777115482
0.1487549535
0.3086193765
0.1727728002
0.2500454672
0.2699868611
0.2525415027
0.2279427387
0.2999668771
0.3551151819
0.3547070078
0.3706792061
0.2134195993
0.3148820463
0.2229657950
0.1482765795
0.1443963059
0.3294923764
0.0932064625
0.4011288656
0.1661711759
0.2781281169
0.4174469046
0.2504470556
0.4174809386
0.3960992578
0.3918110455
0.2733489160
0.1033945210
0.2943907142
0.1686015741
0.2583101900
0.2337833731
0.3050309435
0.3044078684
0.2702018423
0.3946383249
0.4070347122
0.3892958283
0.2673041160
0.5194845289
0.3273904435
0.4842342931
0.3634549527
0.2419581880
0.4104208147
0.3403338191
0.3171196866
0.4147497223
0.1820445013
0.2719486302
0.3702429089
0.4427171618
0.2977519869
0.3841442166
0.3578555296
0.2378428606
0.3363620753
0.4101271193
0.2908580457
0.3323874388
0.3577223817
0.4846240925
0.2508900799
0.1825739663
0.4027249278
0.3946679141
0.4317453346
0.2769846708
0.2810143107
0.3927742781
0.3950266663
0.3793309649
0.2677845254
0.4543686136
0.3320324285
0.3494084440
0.4473308932
0.4674195614
0.3619998503
0.3635727358
0.4187972704
0.2601989403
0.4360565473
0.4812572631
0.4530986413
0.4098061760
0.4015300711
0.4341207506
0.4824492992
0.4193812225
0.4175148607
0.5262053701
0.4338519720
0.4103546796
0.4748684063
0.4305623922
0.3875479098
0.5291723487
0.3621924182
0.4770112528
0.4848456297
0.3533132678
0.4708586779
0.4489964973
0.5138666538
0.4515507197
0.4506763188
0.4255163165
0.4459021034
0.4443113551
0.4552465886
0.4327983451
0.4981117070
0.3759833845
0.5244889184
0.4864207788
0.3261117972
0.3706007304
0.4601496628
0.4143724633
0.4356180300
0.5186568131
0.3534490617
0.4266480375
0.3746154582
0.5208024369
0.4551564025
0.5564266293
0.6083040846
0.4344927969
0.5353033291
0.5837373974
0.3849646990
0.4756315317
0.5594969319
0.6442580388
0.4553686906
0.6417424058
0.6137752439
0.4815019272
0.5592578979
0.5924996092
0.4581969065
0.4437876637
0.5602746833
0.4983028995
0.5203192339
0.4897404934
0.4958289345
0.6584712393
0.5457723687
0.5483607043
0.4610018704
0.5715243333
0.5278841142
0.5395177758
0.5124272212
0.6044009651
0.5396715492
0.6013248726
0.4360513491
0.6439584998
0.5502417578
0.5056777618
0.4372456654
0.6952019244
0.4817947602
0.5784413093
0.6092163564
0.6808993530
0.7607378216
0.5555994147
0.4683756557
0.6005434679
0.5496035659
0.5924881729
0.5916159714
0.5616984387
0.7731020009
0.6758837045
0.5481498183
0.6178122539
0.5631212193
0.6675165385
0.6119567705
0.7203943456
0.7968954334
0.6076520831
0.5907558794
0.5927949664
0.7306772815
0.7895520766
0.6086332178
0.6174058710
0.6674499248
0.6047903445
0.7607569261
0.5889415160
0.6551429946
0.6206511014
0.7935663966
0.7105225470
0.6847778613
0.6198336071
0.6113835249
0.8340626650
0.7315462149
0.6352154001
0.6880010358
0.5272439076
0.7149343057
0.6204083745
0.6414852107
0.7850024724
0.5972642194
0.6752743552
0.7091166303
0.7320078519
0.6624426536
0.8301857383
0.6282854701
0.7169969463
0.7158066490
0.5621055337
0.7947049041
0.7579032242
0.6306866099
0.6403720325
0.6362759128
0.6379301658
0.6217833828
0.6446038775
0.8181778526
0.7303863049
0.6902467903
0.7911433570
0.7636954138
0.7645584167
0.7733773016
0.7812716395
0.6689994398
0.7423737559
0.6134711656
0.7945072334
0.6906781713
0.5944584913
0.7555983791
0.7090742172
0.8277129413
0.7724870124
0.8207137685
0.7149052584
0.7036341183
1.0136942931
0.7137320975
0.8594966199
0.7732153959
0.8438718323
0.7428985472
0.7090517808
0.7592794251
0.8693135613
0.6338437688
0.6841529665
0.8325620011
0.8845378888
0.8385528764
0.7149085369
0.8379441866
0.7640660812
0.8310547847
0.7027286469
0.8523970682
0.7838903671
0.8767762836
0.9041744732
0.7792018864
0.7940029807
0.8466504659
0.7178614618
0.8159850108
0.8702079841
0.8093006463
0.8339767871
0.7882791762
0.7983263763
0.6833445540
0.7474354329
0.7858266842
0.9142022492
0.7942491345
0.7992503490
0.8748966345
0.8387235137
0.8713641031
0.7954478486
0.7010204526
0.7773609197
0.7398367295
0.8483964580
0.8394846712
0.8037788672
0.9560886859
0.7353016056
0.8559505688
0.7420218122
0.8794825072
0.8379665543
0.8748268357
0.7730408760
0.9480801344
0.8426574962
0.9660382992
0.9584938138
0.8210781609
0.8428781846
0.9346573338
1.0931939945
0.9290067432
0.8700151909
0.8347993509
0.9953503495
0.8140252577
0.8170152417
0.9243762670
0.9692250043
0.9223971914
0.9722389459
0.8569842514
0.9605553259
0.8728813016
0.7880595040
0.8016730605
0.9384043456
0.9556236347
0.8203270583
1.0727499865
0.7272924170
0.8402432143
1.0807325541
0.9856102576
1.0615303739
0.9921581296
0.9973999978
0.8341189544
0.9548749864
0.8963522625
1.1916700364
0.9075480177
0.8429157576
1.0988551007
1.0086879764
0.9754771926
0.9998523407
1.0522876607
0.9239814403
1.0208640590
1.0376794041
0.9555292199
0.8207541253
0.9586349866
0.8482036031
0.9239175341
0.9805020740
1.0560269098
0.9862332533
1.0089856121
1.0370360027
1.0099459667
0.8853255087
0.9035050929
0.9657592331
1.0182540756
0.9973637281
1.0730910919
0.9720625840
