-1.0750935667
-0.8901226090
-0.8544365390
-0.9639404739
-0.9408980725
-0.9889526284
-1.0488464030
-1.1449094771
-0.9169859602
-1.1099147864
-0.9818234364
-0.7833205599
-1.0247577201
-1.1001919765
-0.9680499780
-0.7811132251
-1.1233597332
-1.0666786475
-0.9607140953
-1.0381081830
-0.8856441998
-0.9623636175
-0.9891232393
-1.0021958617
-1.0570490336
-0.7696533582
-1.0678919109
-0.8380556695
-0.9679049351
-1.0311603328
-0.9676850658
-1.0902901392
-0.7043350265
-1.0239593781
-0.9242774478
-1.0030645120
-1.0473727944
-0.8946104701
-0.9459110774
-1.0034853149
-0.8469683734
-0.8874901248
-1.0017326319
-0.8553016531
-0.9309811038
-0.9108902110
-0.9705753423
-0.8358202749
-0.9084964574
-0.8415853637
-0.6977562804
-0.8495153845
-0.9356311930
-0.9312091109
-0.9910210197
-1.0251554393
-0.9595453845
-0.8152224884
-1.0835807606
-1.0277976453
-0.8402386797
-0.9267489748
-0.7352465137
-0.9170092103
-0.8221522675
-0.8078128448
-0.7581737000
-0.9895988947
-0.9565190124
-0.7728211140
-0.8288619259
-0.9332507828
-0.9065403302
-0.9714903488
-0.9205610886
-0.8820261318
-0.8664986038
-0.8091987648
-0.8566507371
-0.7614350844
-0.9011572990
-0.8938649158
-1.0679212661
-0.9076442815
-0.9189643873
-0.7429029982
-0.6447205659
-0.8910922004
-0.7274951822
-0.6768123540
-0.9905798159
-0.7107531749
-0.8934950367
-0.7910401637
-0.9104726361
-0.8151890253
-0.8691273089
-0.8059421215
-0.7312672421
-0.7515194247
-0.7580410399
-0.6537796555
-0.8327385981
-0.7337315826
-0.7627410748
-0.7241554806
-0.5328299853
-0.7841023310
-0.7724017873
-0.8321555305
-0.8493088041
-0.7740352819
-0.7338187206
-0.7266679240
-0.8214542617
-0.7834183194
-0.7655828918
-0.5411470629
-0.7186602302
-0.7662392160
-0.7754898455
-0.6011329426
-0.7355910689
-0.6415821155
-0.7856083290
-0.7864975339
-0.6778179038
-0.7425312771
-0.6044211300
-0.5906719067
-0.8722302050
-0.6870994732
-0.7679884200
-0.7409368157
-0.8065427605
-0.6306233118
-0.5329121364
-0.7161747652
-0.8823820737
-0.8431268543
-0.6913229547
-0.6881812177
-0.7032848698
-0.6943944758
-0.7047173153
-0.7172941223
-0.6888756043
-0.6063297793
-0.7906899476
-0.7671307180
-0.7615309469
-0.6728909191
-0.7823362176
-0.6325237883
-0.7130061521
-0.8592528071
-0.6941176371
-0.7219400893
-0.6147884157
-0.6475420188
-0.6061373675
-0.6058206997
-0.8006712515
-0.7487753340
-0.8639431354
-0.7018749327
-0.6492602618
-0.6570735534
-0.7091460332
-0.5818602856
-0.6864871164
-0.6115517158
-0.5571557945
-0.7075186281
-0.6583698390
-0.7341651576
-0.5313774852
-0.7464517834
-0.7509217477
-0.5284437888
-0.7050900481
-0.6818549683
-0.6321813064
-0.6505703087
-0.5620423296
-0.6559604899
-0.5728803812
-0.5456193864
-0.6578363231
-0.7370298279
-0.6406142321
-0.5193167553
-0.6423914860
-0.5373116247
-0.6696792391
-0.5347416742
-0.5879787658
-0.6500049290
-0.6692735134
-0.5997539218
-0.5972688161
-0.6917596113
-0.6997978044
-0.6505017390
-0.5772166396
-0.5565098771
-0.7363009566
-0.5857518797
-0.6408934307
-0.5954684674
-0.6681380858
-0.7437689137
-0.6335988806
-0.6074847052
-0.6598615035
-0.6803341909
-0.4365117554
-0.6001920379
-0.4681598686
-0.5944012416
-0.4657034029
-0.6286744708
-0.6230446770
-0.5430535520
-0.5691166314
-0.6198044026
-0.5684853691
-0.3937234196
-0.6625980268
-0.4663281865
-0.5567536151
-0.6377714003
-0.6549216141
-0.5652249655
-0.4932726661
-0.5256247925
-0.5842338166
-0.4872990797
-0.5058069920
-0.6064487397
-0.4512547371
-0.7550816686
-0.3571847844
-0.5113139264
-0.4845921889
-0.5429678925
-0.4853385762
-0.5704510579
-0.6058925420
-0.3708332414
-0.5385715391
-0.6019702592
-0.4621134089
-0.6241630252
-0.3553369603
-0.4740117220
-0.5145849992
-0.4921902064
-0.3616688741
-0.3756091065
-0.3474713661
-0.5124828394
-0.5112585232
-0.4427405398
-0.5725899240
-0.3251716392
-0.2667928738
-0.4244594248
-0.4747576677
-0.5735280343
-0.3172959062
-0.5376248338
-0.4857079981
-0.3845624951
-0.4877495020
-0.3480686029
-0.5235200534
-0.4391500143
-0.4934062794
-0.5940037814
-0.4460358305
-0.3305809806
-0.5107856634
-0.4867532544
-0.2878767732
-0.3569761629
-0.2367077727
-0.4259900879
-0.4934671239
-0.4608433103
-0.4207325268
-0.4736387846
-0.4407990076
-0.3757402562
-0.2951971449
-0.4106350510
-0.4532282305
-0.4422539463
-0.3824577701
-0.5384487281
-0.2577954214
-0.3622281576
-0.3637442239
-0.2735503175
-0.4759768532
-0.3921111784
-0.4137548460
-0.4896319804
-0.3408801482
-0.0915534666
-0.3522248732
-0.3425920919
-0.3402578117
-0.4134098878
-0.4581764902
-0.4736078300
-0.2074031380
-0.3821307207
-0.3886320394
-0.3595828758
-0.3744262844
-0.3399494294
-0.3403463861
-0.2004787343
-0.3458306495
-0.5402387767
-0.2840476865
-0.5280778404
-0.2976170891
-0.4603631402
-0.4362546434
-0.3803718946
-0.4187281703
-0.4034679916
-0.2861265809
-0.2327460223
-0.3004687655
-0.3880703502
-0.2880776398
-0.3529205795
-0.2448187262
-0.2176371603
-0.4202083196
-0.4104415251
-0.4345939109
-0.3026214741
-0.4289508046
-0.2687581234
-0.3334422456
-0.1186034253
-0.3211210521
-0.2903265481
-0.2131758195
-0.2864429237
-0.4490787048
-0.2550619966
-0.1981543150
-0.3708291159
-0.2990525399
-0.4549238467
-0.3011994419
-0.2607880071
-0.1660056703
-0.4409827946
-0.2865370302
-0.1995382792
-0.3925696727
-0.3722242370
-0.2851533111
-0.2249888113
-0.3170073600
-0.3351468094
-0.1681396100
-0.1058252980
-0.4395921031
-0.1854818027
-0.2818351066
-0.2715183969
-0.1647127217
-0.2476993033
-0.1620826517
-0.2598054194
-0.2148567260
-0.3958328933
-0.1767431185
-0.4190220515
-0.2936475250
-0.4452583386
-0.2501623155
-0.2115756062
-0.0884153606
-0.2035629119
-0.2958021564
-0.2525591483
-0.2416652034
-0.1390297625
-0.0610440625
-0.2216080899
-0.2805122374
-0.1861230143
-0.1807949431
-0.1801712720
-0.2070702281
-0.2348703820
-0.2412664923
-0.1541311989
-0.2352521912
-0.2235163023
-0.1242236874
-0.1776868744
-0.2553724426
-0.1729857064
-0.2473625500
-0.1399038088
-0.2478952425
-0.0786672629
-0.1482970726
-0.1258913179
-0.0619476316
-0.2536084562
-0.1542942690
-0.0115888765
-0.0650644274
-0.2089127624
-0.0864870972
-0.1101914559
-0.1474051204
-0.2078372584
-0.1781136107
-0.1431409489
-0.2383215967
-0.0441050229
-0.0829110814
-0.0168504754
-0.0054740007
-0.1559413762
-0.0300913009
-0.1051461664
-0.0776472932
-0.0901116409
-0.0319189561
-0.1339687776
-0.1241697810
0.0163516111
-0.2594098013
-0.1276884004
-0.0527354864
-0.1314511614
-0.1405563749
-0.0885794954
-0.1439173563
-0.0285893101
-0.2335044907
-0.1332522109
-0.1221851214
-0.0275317607
-0.1554056799
-0.0929080982
-0.0469857332
-0.1816362145
-0.1319032416
-0.0881908089
-0.0930776336
-0.1911654205
-0.0481004562
-0.1740567279
-0.0886723102
-0.1280709777
-0.0738400251
0.0890569357
-0.1823744543
-0.0597562823
-0.0759203684
0.0274804232
-0.0271907370
-0.0475348838
-0.1386755111
-0.0254923272
-0.0215028081
-0.0721547012
0.0638051086
-0.0909434043
-0.0592180738
-0.0931099495
0.1067098110
-0.2836219023
-0.0604896797
-0.0708065214
-0.1091685074
-0.0364659104
-0.1283978444
0.0057285215
0.0261356687
0.0422417588
0.0614540135
-0.0424260279
-0.1395921143
0.1275852915
-0.0363580916
0.0652424332
0.0444799497
-0.0450656432
0.0179026249
-0.0511371933
-0.0282650732
0.0893466200
-0.0399446128
-0.1552188272
0.1789859917
0.0164929323
0.1468356492
0.0771226173
0.0939540096
-0.0652412711
0.0271922907
0.0147254876
-0.0354379034
0.1109753479
-0.0469697405
0.1338367222
0.0384108414
0.2200871958
0.2642941220
0.0898875214
0.1502342699
-0.0363726075
0.0699541340
-0.0490411483
-0.0323672455
0.1166805132
0.0241244379
0.0682824269
-0.0010548526
-0.0424306411
0.0224487473
0.0957535098
-0.0275200032
0.0205608809
0.0836807677
0.0934566848
0.0243700363
0.0762340941
0.0828908634
0.1419810881
0.0170634391
0.0446334232
0.0984096948
0.0035516801
-0.0082273469
0.1619689117
0.1698021029
0.1722954267
0.0839473058
0.0095017545
0.0255773677
0.1645696430
0.1740952305
0.0015509040
0.3743858027
-0.0570103739
0.1148613574
0.2569281881
0.0353076803
0.2612023792
0.2261006889
0.0855035534
0.1727063306
0.2655002351
0.1420963585
0.2286191748
0.1305363083
0.1405917394
0.0890886632
0.1273692561
0.2800876889
0.1572646056
0.2444286405
0.0681990108
0.1582611972
0.1286758168
0.1714517139
0.1008310643
0.2076017885
0.2046643702
0.1031826274
0.0589256112
0.1957834209
0.2923235772
0.1823477550
0.1452224637
0.2140394990
0.3051086795
0.0798693219
0.1159585452
0.2207547711
0.0886912208
0.1943672838
0.2978609647
0.1740811517
0.1515041947
0.2500597982
0.2333877461
0.1499970430
0.1561328402
0.1111229043
0.3657586248
0.1197149778
0.1920832879
0.2540365562
0.3477741489
0.3746989839
0.4008446250
0.1618164502
0.2031438683
0.0619839445
0.4117240520
0.1970727728
0.2406080770
0.2033686571
0.2182252495
0.2739804421
0.2036099822
0.2550496962
0.2003764877
0.2490137327
0.4160515571
0.1539843045
0.2285962013
0.1955580907
0.1687706258
0.3285101816
0.3326979058
0.2285114368
0.1446676646
0.3454350403
0.3336231727
0.1895581475
0.3179395309
0.2917318999
0.2040156370
0.3209279530
0.1495334990
0.3715138964
0.1384365632
0.1853888026
0.3511480776
0.3142071523
0.2381233058
0.2492472214
0.2931749960
0.4826170393
0.3573963155
0.4499716144
0.3072093738
0.2771991748
0.3054600107
0.2704546167
0.4008434556
0.3070565206
0.2029502686
0.2578576263
0.1979472900
0.4613390660
0.3568129605
0.2998792919
0.3189392438
0.3798527189
0.3581775122
0.2088936813
0.1498730272
0.1879549750
0.3625495682
0.4659965151
0.2747701298
0.3699736829
0.3487970308
0.3730160347
0.4196308540
0.5049032468
0.3808512211
0.3388839260
0.2457113915
0.4240329127
0.4773795861
0.4682453844
0.3383882302
0.4530076999
0.2936217932
0.3867399454
0.2475202935
0.2692085230
0.3498551955
0.3319275701
0.3730444189
0.2214535585
0.3557013325
0.3233598399
0.4119203936
0.3643578559
0.4256138610
0.4533252751
0.5123486815
0.4484692329
0.2800187632
0.3764650094
0.3626051241
0.5418762294
0.3942149637
0.4213958368
0.4435706522
0.4318745667
0.4785914855
0.4067581617
0.6102588898
0.4741234577
0.3624388719
0.2739069261
0.3865059714
0.3629283288
0.4556222143
0.4951339947
0.4963817100
0.5221857533
0.3161755010
0.4739661594
0.2611549133
0.4013246880
0.5668926895
0.5623725865
0.5995163053
0.3326850455
0.4508705449
0.3712064454
0.5487461045
0.3556374636
0.5221018702
0.3004348125
0.4563683380
0.3047199729
0.4132982785
0.4720132485
0.4787994005
0.3091702663
0.3755202685
0.4606066928
0.6066701149
0.5471411127
0.5864833757
0.5401613224
0.4447576186
0.6509868718
0.5652119494
0.4451410385
0.4948189915
0.3971191031
0.4327801955
0.4956210210
0.5269666527
0.4970460112
0.6751877431
0.4738736098
0.6076400180
0.5723543304
0.5374056585
0.5056490993
0.3389359321
0.4180116746
0.5838192404
0.4450010269
0.5217061979
0.4033482278
0.5631975251
0.4711932001
0.5030078839
0.6820983516
0.4928196116
0.5022790319
0.5374942499
0.6085334692
0.5317042898
0.6219200003
0.5392573573
0.6712017164
0.5552999322
0.5522135906
0.6408850951
0.5307174633
0.5756080250
0.5805790162
0.5700213353
0.4527015633
0.5351729613
0.5583538635
0.6020408436
0.5308336446
0.5618610883
0.6125532476
0.7123745066
0.6525312178
0.6724971049
0.6104291805
0.5580525455
0.6112093706
0.7452898819
0.6391072413
0.5914762711
0.7215758194
0.6430823337
0.6796467788
0.6521743876
0.6410312999
0.4894334095
0.6539719881
0.7079245765
0.8194050921
0.5219849522
0.6307082894
0.6772435131
0.7245155960
0.6522510483
0.6028070605
0.6723029385
0.7796514747
0.6260553822
0.6999133188
0.6970096899
0.5280647279
0.7173359374
0.6886851052
0.6889497699
0.6175052074
0.6336334802
0.6483964316
0.7325475968
0.6913273195
0.7635810086
0.7530814540
0.6309481453
0.6025442868
0.5147613211
0.7217560294
0.7345465517
0.8042761197
0.7203320485
0.6507903116
0.6679305585
0.7158480274
0.5726757050
0.5126776361
0.4735178265
0.7377876910
0.7047416898
0.6451529907
0.6374227840
0.4758218964
0.7341171280
0.9114941767
0.7191181837
0.7815596594
0.8106548128
0.7449011524
0.6469485324
0.8278319447
0.8233684479
0.6933152488
0.6249878275
0.6925535998
0.6736493633
0.7536083484
0.7344380994
0.7857235035
0.6946697682
0.6890635797
0.6955337361
0.6367265258
0.6421234607
0.7972079713
0.8107894805
0.7022412191
0.7177500643
0.6974811440
0.7922251163
0.7019677325
0.8043994649
0.7624552042
0.7053386792
0.6879923370
0.8483951016
0.7294414969
0.7695821165
0.8644554621
0.5895767965
0.8752820807
0.8464634540
0.8402594663
0.8511692132
0.6995408915
0.6993951855
0.8708413058
0.7462032596
0.7480364381
0.6941729881
0.7356355804
0.7379745303
0.7047057438
0.8678351357
0.8331299306
0.8163416536
0.7658338870
0.8689988897
0.9360440298
0.8631455422
0.8474441004
0.8767871774
0.8888976445
0.7250439596
0.9165684267
0.9280597781
0.7755382144
0.8575007433
0.8264073630
0.7822686732
1.0125106490
0.8726792130
0.7981003776
0.8475562785
0.7413259145
0.7468121216
0.8247153855
0.8101139358
0.7639851011
0.8503469670
0.8740869922
0.9179597103
0.8402515585
0.8632538870
0.9144514704
0.8961802396
0.9143001130
0.9735304075
0.8342873420
0.8786387421
0.8961719331
0.8057567019
0.9392283451
0.8167579088
1.0525369345
0.8313779341
0.8413622444
0.8510318429
0.9676836861
0.9207163316
0.8853059300
0.9691629058
0.8657047285
0.7955726926
0.8243040470
0.8571549406
0.6768597578
0.9177843542
1.1145085205
0.9567670162
0.9710244495
0.9225762562
0.8918013814
0.9597607943
0.9766662455
1.1309953055
0.8001955782
0.9635039829
1.0144892181
0.8727303088
0.8664602625
0.9170785365
0.9102221518
0.8970034811
0.9323875635
0.9421417639
0.8075755494
0.9974081487
1.0206773151
1.0470153137
0.9924057182
1.0161177868
0.8049239954
0.9949199653
1.0231801241
1.0642488508
1.0159962838
0.9155935501
0.8669635243
1.0793025373
1.1901694773
0.9695121181
0.8353878566
0.9023000389
0.9674364588
0.9281927175
0.9998168792
0.9504314800
