-0.9766328152
-0.9278338064
-1.0082789374
-0.9779284250
-1.0372105656
-0.9257397799
-1.0757413096
-0.9992828823
-0.9035718280
-0.9222868746
-0.9635889563
-0.9413561884
-1.0032450413
-0.9928696547
-1.1051862118
-0.9122266218
-1.0061401939
-0.9142590584
-0.9555072545
-1.0907930222
-1.0494032534
-0.8469851247
-0.8498157927
-0.8854333595
-0.8847111079
-0.9295243631
-0.9973366094
-0.8648251086
-0.9141125861
-1.0395185593
-0.8908532961
-0.8483327253
-0.9101362352
-0.6182776836
-0.9403471616
-0.8324706649
-0.8083466211
-0.9954850557
-0.8950164673
-0.9319634886
-0.9347451306
-0.9538597102
-0.8048659862
-0.9280339146
-0.9922595682
-0.8633846008
-0.7626849678
-0.7726762525
-0.9208534717
-0.8939805891
-0.9734230969
-0.8759473633
-0.7598843256
-0.8007479383
-0.9667882390
-0.9949452463
-0.8046369713
-0.9175031418
-0.8260175501
-0.9327556770
-0.7886637839
-0.9059168585
-0.8695763651
-0.8057033280
-0.7441561580
-0.8170420921
-0.9541562674
-0.8829038339
-0.9299118550
-0.8572435035
-0.8390857267
-0.7790932464
-0.8744029809
-0.8494313226
-1.0054804509
-1.0344850248
-0.9212038036
-0.8734367812
-0.9839635325
-0.9729974568
-0.9056664638
-0.7488609798
-0.7324071790
-0.8435896032
-0.7101543772
-0.8223777673
-0.9108280587
-0.8452462201
-0.8007719745
-0.8349515679
-0.9001681763
-0.7657731701
-0.8209170685
-0.9029675767
-0.7904826785
-0.6978638395
-0.7932710540
-0.8387987198
-0.8674208641
-0.9233677325
-0.9026050177
-0.8252654083
-0.7924809122
-0.6930537593
-0.7883926554
-0.7087194073
-0.6602822103
-0.7771156975
-0.7808302553
-0.8068500139
-0.6839948315
-0.7842073102
-0.7719339666
-0.7208159517
-0.8760176960
-0.6594792793
-0.7730293212
-0.7696776300
-0.6289224907
-0.8511474375
-0.6977957539
-0.6856260674
-0.6649533736
-0.6913353662
-0.5870996535
-0.8619913612
-0.7043513893
-0.7347609994
-0.9393823576
-0.7720217604
-0.7214677941
-0.6581853973
-0.7721483070
-0.8195272117
-0.7851586584
-0.6414934087
-0.6539607103
-0.7847910307
-0.7941211368
-0.8542987508
-0.6626633206
-0.7572617190
-0.6105759606
-0.7570099172
-0.6255455715
-0.7207422484
-0.6342772346
-0.7119907317
-0.8768925926
-0.6408430076
-0.5030407094
-0.6859496874
-0.8822770885
-0.7803933884
-0.6996790213
-0.7411705126
-0.5588287254
-0.7605457848
-0.7466384589
-0.6014587612
-0.7358755367
-0.7371689082
-0.7265881795
-0.6609327842
-0.5406679728
-0.6455587507
-0.5994817388
-0.6002149713
-0.6251830998
-0.7240335932
-0.7309426457
-0.5933877878
-0.6162430409
-0.6743597659
-0.6491474558
-0.5715717205
-0.5572121193
-0.6975352555
-0.6829073158
-0.5797785539
-0.6735106780
-0.6327538133
-0.6618723362
-0.6767088526
-0.5404560061
-0.5658899317
-0.8106809992
-0.5001374799
-0.6481021246
-0.6096688868
-0.6183711863
-0.5090023096
-0.6009636602
-0.6261362556
-0.7410330189
-0.7572976609
-0.6507836188
-0.7266597169
-0.6184190439
-0.5736043074
-0.5717811126
-0.7067726199
-0.5433923641
-0.6135675220
-0.5290657262
-0.6431060987
-0.6042811542
-0.5960978784
-0.6029545539
-0.5327189222
-0.5663414687
-0.4547453551
-0.4713972241
-0.6281612616
-0.5720787016
-0.6286935232
-0.4525081528
-0.5873933042
-0.6424973721
-0.6553721088
-0.5695689496
-0.4309294671
-0.5842575037
-0.5443841046
-0.5920807330
-0.5339926229
-0.5966956825
-0.5922625028
-0.5014736760
-0.7069070512
-0.4877099187
-0.5501098468
-0.4205281347
-0.6282685700
-0.4743726533
-0.5985566509
-0.4547540332
-0.5430070392
-0.4981855759
-0.7146130012
-0.6516899921
-0.6211112938
-0.4997434711
-0.6336390861
-0.5923756496
-0.5853279488
-0.3880333007
-0.4850425374
-0.4199207720
-0.4931807739
-0.4542351550
-0.4963380718
-0.4450561430
-0.4992858568
-0.3966507941
-0.4985268272
-0.6006372940
-0.4756929114
-0.4273603452
-0.4519168877
-0.4608632601
-0.5128154864
-0.3250229612
-0.5322423857
-0.4593276907
-0.4950930933
-0.4939011558
-0.4676625418
-0.5237442198
-0.5274316231
-0.3145472808
-0.4002395141
-0.4691740463
-0.5651918320
-0.4975953610
-0.4667102672
-0.3741917531
-0.3151744463
-0.5754140531
-0.4096434362
-0.4236501400
-0.4596080569
-0.4173318288
-0.4030673026
-0.3503823591
-0.3411055041
-0.3997017431
-0.4724721161
-0.5083726571
-0.3475014520
-0.4503534089
-0.4231809632
-0.3060292374
-0.3263806819
-0.4836756565
-0.5388840308
-0.3944881190
-0.3119377656
-0.4061526581
-0.4803423353
-0.3841941209
-0.3474434080
-0.4072809444
-0.5621537480
-0.3629386184
-0.5850889703
-0.4092183449
-0.3392191959
-0.3516207642
-0.4241886892
-0.4798815452
-0.5008722386
-0.3067700356
-0.4391494937
-0.2228462240
-0.4200773707
-0.3418925860
-0.4040929754
-0.3677061825
-0.3539134332
-0.3240131778
-0.4047313010
-0.4608268745
-0.2002836859
-0.4349341162
-0.3928524030
-0.3919209565
-0.4060552038
-0.2309411795
-0.3021049121
-0.1999819876
-0.3041112973
-0.2692850918
-0.3317241762
-0.3420836368
-0.3067261012
-0.2223416168
-0.3207946724
-0.3162992599
-0.2765297436
-0.2770263478
-0.2233088532
-0.2706413061
-0.4533049761
-0.3192449298
-0.3629760501
-0.2807280380
-0.4094210428
-0.2548630600
-0.3731565551
-0.2686995108
-0.4006726913
-0.3718835838
-0.2931346310
-0.4023543254
-0.2938846135
-0.2502326650
-0.3156523434
-0.2699679104
-0.3522087361
-0.1982418983
-0.4113939234
-0.2206879225
-0.2430411961
-0.2191837382
-0.1892336036
-0.3828990818
-0.2891905755
-0.0835461488
-0.3461163042
-0.2009373964
-0.2744600364
-0.1149786893
-0.3098471713
-0.2494243068
-0.2134785039
-0.3031361216
-0.2655846514
-0.1340839455
-0.2736714226
-0.1430203960
-0.1418740431
-0.1710495443
-0.0878291776
-0.2544443999
-0.2329820859
-0.2328343350
-0.0679022097
-0.3088392561
-0.3064613086
-0.1004394882
-0.2794645803
-0.3080652862
-0.2394285832
-0.2460004463
-0.1749774508
-0.2616736903
-0.2517721253
-0.3224003608
-0.1944581313
-0.2593204423
-0.1861383693
-0.1809798455
-0.3320562454
-0.0553366766
-0.1950538701
-0.0896760294
-0.2553026021
-0.3811300703
-0.1663796556
-0.0598537669
-0.2192953096
-0.0934672359
-0.2378529256
-0.1018965655
-0.1667787447
-0.2825888755
-0.0267511705
-0.2034788002
-0.2507878330
-0.2819733711
-0.1985813076
-0.0881239339
-0.3129698592
-0.0729543353
-0.2690903568
-0.2002949020
-0.1624818087
-0.2454877439
-0.0181031750
-0.2282497853
-0.2827335107
-0.1947641625
0.0256935630
-0.0291446382
-0.0694822530
-0.1713664784
-0.0991310960
-0.1398698826
-0.0647930973
-0.0428106153
-0.1588882963
-0.2028372315
-0.2171706706
-0.1937760021
-0.0980296093
-0.1549065869
-0.0848768910
-0.0222325342
-0.1710042817
-0.1583003134
-0.1732803864
-0.0203846799
-0.1154851129
-0.0589036737
0.0425398249
0.0925979847
-0.0197196320
-0.0448581928
-0.0987706031
-0.0472300397
-0.1376076839
-0.2398999239
-0.0373355925
-0.0801262487
-0.0270547833
-0.0202033653
0.0778957196
-0.0017700614
0.0115294286
0.0440873571
0.0059679010
-0.1052873165
-0.0403994779
-0.0255729507
0.0124868106
-0.0627287827
0.0584631473
-0.0676960879
-0.1207651541
-0.0624580956
-0.0975886144
-0.0742918847
0.0657218831
-0.1628524589
0.0631924234
0.1155962275
-0.1084270466
0.0780313053
0.0619810754
0.0621021516
0.1154476690
-0.0491450569
0.0675494280
0.0573971198
0.0016953940
-0.0065064671
-0.0150175867
0.0022117083
0.0615798166
0.0113608979
0.0586316815
-0.1904328699
0.0417906756
0.0909716458
-0.0015984047
0.1281340881
0.1259437016
-0.1249069829
0.0497253507
0.1183884193
0.1336529748
0.0452947183
0.0101190109
0.0699180669
0.2257695734
-0.1246535063
-0.0147525013
0.0440255134
0.0429885062
0.1801796711
-0.0171411195
0.0618429497
-0.1487018411
0.1840300776
0.0217877114
0.0364211289
-0.0154933502
0.0015032040
0.0582222889
0.0559075419
0.1549901189
0.1577201143
0.1844572311
-0.0116004389
0.0636246270
0.0970570662
0.0257045077
0.0960519438
0.0511647974
0.0576169529
0.1002860494
0.0823691065
0.1637068754
-0.0275151322
0.0224224440
0.1591838330
0.0606791797
0.0998602490
0.1036292232
0.2442204525
0.1151283080
0.1817955522
0.0875331484
0.0708490110
0.1110995434
0.1439524652
0.1875861146
0.1671202537
0.1594567919
0.1087688388
0.3024195729
0.1314367727
0.0089055721
0.1423281179
0.1334553043
0.0929767432
0.1621539802
0.1356406625
0.1540727152
0.0665107522
0.0880769671
0.1387141688
0.2846583442
0.0959988547
0.1147834282
0.1931331714
0.1474273483
0.1958841960
0.1098411988
0.1647689243
0.2013636026
0.0607666346
0.1420277220
0.1124605980
0.1156372478
0.1654760424
-0.0683216603
0.2500608027
0.2760851843
0.0940101371
0.2323031716
0.0992930230
0.0862557423
0.1360956692
0.3512158229
0.2068476209
0.2451010858
0.2976765276
0.2234083442
0.1623131652
0.2587474213
0.0188012423
0.3109930003
0.2136497998
0.2185803293
0.2593762721
0.3362111573
0.2766343988
0.2243976006
0.1370379029
0.1882618474
0.0840462935
0.2649542838
0.2194391763
0.2901765227
0.3312177830
0.3702921962
0.0984165103
0.0879018890
0.3015393797
0.2549324929
0.3525067736
0.1956223977
0.1634113795
0.3165257538
0.1995099892
0.2479512732
0.2744969374
0.2606096362
0.2154398847
0.2831032231
0.3419138382
0.3259484651
0.3850086603
0.2140024028
0.3222354750
0.2112581689
0.1738713034
0.1576111521
0.3470753388
0.0957721106
0.4191513659
0.1916152167
0.2700270294
0.4269034754
0.2186355426
0.3822651117
0.3968416283
0.3868430308
0.2540923610
0.1191911574
0.2694261850
0.1885978277
0.2755239179
0.2349049058
0.2834386514
0.3065914601
0.2507215134
0.3918856682
0.3990596966
0.3674532420
0.2690621896
0.5112911845
0.3050879078
0.4787862648
0.3430263207
0.2636688308
0.4004413258
0.3351234623
0.3068398656
0.4201305305
0.2001088720
0.2624362147
0.3725088402
0.4432878081
0.3095549014
0.3958732243
0.3625171280
0.2602944877
0.3461995752
0.4307113708
0.3174602495
0.3379129744
0.3862820935
0.4878104408
0.2582779752
0.1828804762
0.4014276620
0.4061198620
0.4336016627
0.2663915860
0.2906040324
0.3995317160
0.4079983678
0.3882612650
0.2999092884
0.4345729155
0.3003974181
0.3256662417
0.4593454867
0.4713437854
0.3544295488
0.3532130101
0.3984278596
0.2658488325
0.4520881923
0.4818792265
0.4559630630
0.4004229600
0.3984636504
0.4370554819
0.4970016023
0.3946108199
0.3928486109
0.5199312059
0.4362806117
0.3942982114
0.4810918028
0.4168606905
0.4108403365
0.5094368851
0.3976457077
0.4780395023
0.4811918289
0.3399292877
0.4338439911
0.4443046994
0.5014301352
0.4566912378
0.4604103084
0.4236605474
0.4309917795
0.4447902946
0.4634758173
0.4574658723
0.4848671059
0.3734280480
0.5369387430
0.4852513850
0.3143845081
0.4015729912
0.4577363825
0.4110268758
0.4252033341
0.4969625581
0.3433214807
0.4409307349
0.3742182070
0.5187954686
0.4751612104
0.5676624324
0.5951901927
0.4498704120
0.5227492151
0.5970035082
0.4006336996
0.4753827691
0.5685044151
0.6350856927
0.4499107439
0.6516463104
0.6036780988
0.4897972099
0.5603466954
0.5982402502
0.4620221812
0.4297107520
0.5554382676
0.4871640476
0.5108501192
0.4922852567
0.5029347082
0.6520073605
0.5305756521
0.5607367623
0.4466366174
0.5706589814
0.5147752535
0.5748795881
0.5142770229
0.6170911121
0.5537789832
0.5916163040
0.4260054572
0.6237264593
0.5238641223
0.4977298449
0.4709515700
0.7091484581
0.4747429085
0.6025827682
0.6211341012
0.6891585686
0.7276529399
0.5657424206
0.4805824675
0.5802086760
0.5388139666
0.6068322052
0.6000305235
0.5765640959
0.7971602240
0.6820466703
0.5549641482
0.6090510003
0.5693629568
0.6831436686
0.6060995896
0.7223503186
0.7543533959
0.6078338504
0.5768395069
0.5966620687
0.7333072219
0.7662177238
0.6303481925
0.6169671270
0.6736809549
0.5902920998
0.7811575231
0.6201381454
0.6376466466
0.6325328619
0.7768961726
0.6955500330
0.6805066218
0.6193869941
0.6057770064
0.8121858996
0.7298072397
0.6438515902
0.6597242538
0.5368576208
0.7317476113
0.6067628589
0.6256247450
0.7509315850
0.6079960605
0.6891770644
0.7136060445
0.7331729577
0.6708836079
0.8450182538
0.6331819658
0.7007179930
0.7207776805
0.5383767441
0.8013745098
0.7567780919
0.6123352194
0.6577412525
0.6146968585
0.6664742201
0.6261649403
0.6468359414
0.8008213614
0.7353274035
0.7099198854
0.8000936116
0.7471403964
0.7756322632
0.7678584262
0.7962676827
0.6691360090
0.7406709590
0.6098333293
0.7930267690
0.6962254111
0.5922183667
0.7680038582
0.7163318977
0.8501376061
0.7842446467
0.8370164279
0.7245881798
0.7153990312
1.0207992134
0.7252393086
0.8488801059
0.7557184978
0.8540850414
0.7400563783
0.6958057721
0.7531165538
0.8459790133
0.6343454388
0.6593027502
0.8473741563
0.8714845258
0.8506607854
0.7049664421
0.8590750376
0.7852558114
0.8432252180
0.7011822537
0.8719230501
0.7986649234
0.8675479435
0.8927014093
0.8078362198
0.8058395915
0.8208967146
0.7063008730
0.7937817221
0.8834439200
0.8024155856
0.7991093947
0.7775010590
0.7837559565
0.6818530433
0.7646588790
0.8078870858
0.9209836501
0.8105340361
0.8187151669
0.8948189166
0.8043368662
0.8496181048
0.7791279507
0.6958970964
0.7862064458
0.7157264269
0.8534802573
0.8514265733
0.7993213417
0.9495647121
0.7340196509
0.8646024058
0.7481364614
0.8581703191
0.8603109192
0.8914484791
0.7694206023
0.9469257519
0.8371062570
0.9627146213
0.9444147062
0.8092316755
0.8456980609
0.9312928406
1.0794431968
0.9627493334
0.8773084360
0.8803289906
1.0092646568
0.7919034873
0.8448404408
0.9516628470
0.9686898255
0.9364132238
0.9860478295
0.8437474390
0.9729997071
0.8716615570
0.8182022578
0.7929843285
0.9428819978
0.9560448807
0.8378376282
1.0507845409
0.7577849437
0.8571093791
1.0815698973
0.9717707116
1.0711699189
0.9882229568
1.0019492806
0.8604150458
0.9686071206
0.8958014495
1.1774795002
0.8813511937
0.8303203170
1.0741935423
0.9971854115
1.0040446661
0.9990258404
1.0566487307
0.9239858259
1.0391071448
1.0186025557
0.9495222288
0.8384238194
0.9690256308
0.8665862424
0.9235968408
0.9811391340
1.0941472879
0.9943132338
0.9995927590
1.0215905897
0.9626153288
0.8857269025
0.9251126667
0.9618555813
1.0095489351
1.0218188429
1.0886811254
0.9672343532
