-1.1516446845
-1.0879177347
-1.0032088006
-0.9958187664
-0.9563534653
-1.0860869894
-1.1022846576
-0.8803669203
-1.0691356619
-1.0016199480
-0.9280688361
-0.8140813782
-0.9042156690
-1.0155503862
-1.0121614689
-0.9300144590
-0.9134636310
-0.8742702223
-1.0457420915
-0.9770316977
-0.8989589803
-0.9279746729
-1.0239281544
-0.7956163764
-0.9233590344
-0.8497838505
-1.0223801922
-1.0179900942
-0.9645750949
-0.9560647407
-0.9440789061
-0.8504433511
-0.9418762357
-1.1080622743
-0.7936966937
-0.8450410713
-0.9176412535
-1.1195633838
-0.8494328061
-0.9116959654
-0.7076134613
-0.8341613475
-0.9123811758
-0.9576596675
-0.7723472774
-0.8804320568
-0.9107383229
-0.8598577700
-1.0092435095
-0.9300455467
-0.9122303224
-1.0973038011
-0.8749545419
-0.8149983640
-0.8780965200
-0.8046876615
-0.9104241398
-0.9740601170
-0.8627290127
-0.8772231486
-0.9145617974
-0.8795029770
-1.0576648704
-0.9594855568
-0.8538862558
-0.8152750136
-0.7568667211
-0.7538665846
-0.8903035177
-0.9494330918
-0.8280992030
-0.9539193689
-0.7907166274
-0.9483646758
-0.9035650822
-0.8957738277
-0.7287148946
-0.7777389175
-0.8895957969
-0.9457618531
-0.7669967244
-0.9549026990
-1.0320296594
-0.9001029011
-0.8742102009
-0.8121760266
-0.6870321878
-0.8961362451
-0.8730450772
-0.7371764810
-0.8283835754
-0.8655988497
-0.7646614187
-0.8310098942
-0.7701319747
-0.7386549548
-0.8139850231
-0.8506680286
-0.6716987652
-0.8563850659
-0.7001630933
-0.7519214996
-0.7364977826
-0.7345516447
-0.7336675708
-0.9005717461
-0.7851996341
-0.7349404676
-0.7861874031
-0.7552694763
-0.9014567314
-0.6672749649
-0.7783772406
-0.7617756707
-0.6581279936
-0.8103421347
-0.7352600702
-0.6188631454
-0.8468242456
-0.7890864003
-0.7397507953
-0.8065285618
-0.9099370948
-0.7349706309
-0.8299088174
-0.8150345094
-0.6669672691
-0.7123787684
-0.8428230166
-0.7699607625
-0.8392029019
-0.8655871824
-0.7388702132
-0.7344827009
-0.6473810994
-0.7057671875
-0.6967182817
-0.8080978198
-0.5770397377
-0.7473585272
-0.7390912999
-0.7242267508
-0.7171691588
-0.7335846768
-0.6767424748
-0.8483602806
-0.5086492331
-0.6016499747
-0.7149362028
-0.8177790693
-0.7342789587
-0.6258024435
-0.6370898118
-0.6072775527
-0.5930038359
-0.5745933932
-0.6350234197
-0.8110001075
-0.5831251012
-0.7743816645
-0.6132638712
-0.8557342971
-0.7191032335
-0.8646535570
-0.7789217941
-0.6064072234
-0.6961570123
-0.7529699077
-0.6551139249
-0.6681810907
-0.7125803692
-0.5869435629
-0.5103087885
-0.5587617418
-0.6357532851
-0.6427844434
-0.6281516506
-0.8312513626
-0.5602756625
-0.5489543026
-0.7397930701
-0.6966691608
-0.6988785999
-0.5326382302
-0.6200836716
-0.6344054810
-0.6155518693
-0.5746049872
-0.7310009723
-0.6540217979
-0.5611564009
-0.6234534413
-0.6881151908
-0.6525885872
-0.5928386935
-0.6612750859
-0.6207465479
-0.7055195555
-0.7056343377
-0.6493469217
-0.6617714062
-0.6780136353
-0.6997725973
-0.5055263577
-0.3764026260
-0.5533845235
-0.6085736889
-0.5979046884
-0.5159659871
-0.6639228495
-0.5364627906
-0.4781030946
-0.5728105831
-0.6183640763
-0.6812250732
-0.3854050671
-0.5586240366
-0.4049469801
-0.6421565231
-0.5348754709
-0.4758065221
-0.6362599897
-0.4780122706
-0.5936619061
-0.5311525266
-0.5752945201
-0.6067337210
-0.4679529860
-0.5736303132
-0.5432762449
-0.5633232897
-0.3708326828
-0.6608488437
-0.6179803729
-0.6008873421
-0.5805368797
-0.3905764256
-0.4353810460
-0.6353068986
-0.6211468873
-0.4996623092
-0.5074048437
-0.5992622626
-0.5248712614
-0.5184295939
-0.5055907472
-0.4993287990
-0.4753390852
-0.5296794838
-0.5210165175
-0.6463052134
-0.5208566090
-0.5263381289
-0.5747994914
-0.5351164053
-0.5569219690
-0.6113033370
-0.4469808628
-0.6239716289
-0.4427167449
-0.3737266937
-0.5260678863
-0.5863553234
-0.5245272487
-0.4164521741
-0.6108894287
-0.5208893543
-0.5605886051
-0.4935627662
-0.4848946656
-0.4863162144
-0.4568821021
-0.4263014986
-0.3932050454
-0.5796248936
-0.3962754392
-0.4070151443
-0.4235264397
-0.4805477101
-0.2997716715
-0.5587728207
-0.5130248315
-0.3759613100
-0.3509320752
-0.3494142875
-0.6322558734
-0.4617140374
-0.5728140148
-0.5280572734
-0.4184668694
-0.4167875638
-0.3985148274
-0.3574919671
-0.4901745453
-0.3899464509
-0.5553018414
-0.4103562117
-0.2900419029
-0.3876280525
-0.3729468685
-0.4154480904
-0.4272645122
-0.3611880446
-0.3214203210
-0.4393522807
-0.4544505326
-0.3887205138
-0.3802188266
-0.4970499568
-0.3124765971
-0.4653536151
-0.3603897291
-0.5263864943
-0.4447935080
-0.3994382373
-0.3117381366
-0.3900546679
-0.1838656909
-0.4327642939
-0.4093269956
-0.2634660675
-0.3006430258
-0.3285321186
-0.3135280104
-0.3917026557
-0.2748218089
-0.5450276382
-0.4399316026
-0.3514098831
-0.1873977295
-0.2421218417
-0.3020176388
-0.2878740586
-0.4089249951
-0.4671107198
-0.1511471236
-0.2260426437
-0.3761577367
-0.2744342796
-0.3271434312
-0.3661446414
-0.4316373578
-0.4260848662
-0.2973386414
-0.3078965969
-0.3331850924
-0.4584373790
-0.3658397257
-0.3647779744
-0.1298056579
-0.2354349576
-0.3217008612
-0.1784154667
-0.4055471801
-0.2359548777
-0.3313492312
-0.3921364098
-0.1340448639
-0.2808587137
-0.3006582784
-0.3472180971
-0.2801751643
-0.3264544475
-0.3783794890
-0.3152138696
-0.3866949764
-0.2334990246
-0.3517990114
-0.3533648715
-0.4192579145
-0.2331847735
-0.3458864004
-0.2641866510
-0.2383061511
-0.2883848296
-0.2108194634
-0.2500644401
-0.2217708343
-0.2365370623
-0.2659783890
-0.2808026798
-0.1650769175
-0.1914006265
-0.2422534549
-0.2106236171
-0.0770680576
-0.2520541239
-0.3317974768
-0.2455787090
-0.2560712142
-0.2867146399
-0.2333500071
-0.1617390750
-0.1130859832
-0.3964243930
-0.2255900987
-0.2313660401
-0.0517682866
-0.0322856001
-0.1534235703
-0.3165195153
-0.3425895285
-0.2247806223
-0.3472255626
-0.1951776542
-0.2318790619
-0.1568011348
-0.2400454887
-0.0836275461
-0.1747788605
-0.2125015725
-0.0429844891
-0.1595569813
-0.1695384693
-0.1676456673
-0.2413754034
-0.2007154811
-0.0843396809
-0.1457270922
-0.2364606028
-0.2411038595
-0.1702383030
-0.2202535070
-0.2389373410
-0.1199661680
-0.1942145021
0.0322264246
-0.2922683370
-0.0709321359
-0.1784513327
-0.2085303993
0.0209494710
-0.0432700771
-0.0719460411
-0.0441276281
-0.1069690689
-0.1685860643
-0.1834161979
-0.2254822671
-0.0526630661
-0.1407932594
-0.1892101327
-0.0795322001
-0.1007804783
-0.0833094068
-0.1626361364
-0.0558601538
0.0265602402
-0.1678966087
-0.0861986655
-0.1255418312
-0.0094773910
-0.0488070649
-0.0462026121
-0.0055227068
-0.0349828930
-0.0559754567
-0.0761278039
-0.0309200871
-0.0329146628
-0.0184765126
-0.0110252213
0.0144872461
-0.0280964593
-0.0123304598
0.0488719023
-0.0886415037
-0.1395467739
-0.1473287382
-0.1673142958
-0.0530739685
-0.0093707677
-0.0234141619
-0.1282689505
0.1338918952
0.0191599724
0.0263217760
-0.1015021591
-0.0661151247
-0.2136523919
-0.0788949023
0.1070669632
-0.0221573465
0.0528011430
-0.1656136586
-0.0889490731
-0.0452642281
0.0298842737
-0.1164476346
-0.0386239488
-0.0631088910
-0.0255777062
-0.0385595965
0.0062782328
0.0311833867
-0.0047786259
0.0959781943
-0.0663955642
-0.1039596639
-0.1116092328
0.0926851621
0.0053726014
-0.0599343605
-0.0126526937
-0.0777290669
0.0675619139
-0.0037016764
-0.0158081979
0.0924955529
-0.0787584252
0.0287944779
-0.0148541006
0.0532781041
0.1574557503
-0.1025780577
0.1213914433
0.0500995433
0.0060784130
0.0416526779
0.2020926188
0.0718960630
0.0132009641
0.1303333704
0.1077288694
0.0735359961
0.1854325204
0.1182826487
-0.0530430597
0.1183674956
0.2069723959
-0.0219020287
0.0789342017
0.1791085108
0.0874527379
0.2435329047
0.1023961364
-0.0119109882
-0.0048919190
-0.0271161020
0.0210140244
-0.1273473349
0.0916091174
0.0428703787
0.0309987278
-0.0160743226
0.0057866794
0.2514173019
-0.0558895049
0.1270607607
-0.1240771410
-0.0844624012
0.0176168796
0.0780089622
0.1157131917
-0.0128245023
0.0930622313
0.1695639462
0.2112908396
0.1532728607
0.1492411099
0.0966646750
0.1162951433
0.1383056007
0.0940817025
0.2103732576
0.1475795216
0.1311644393
0.3171080707
0.1548092496
0.1948267044
0.1420084385
0.0314716747
0.3441743852
0.0937356651
0.1205897283
0.2194037566
0.0963047337
0.1912037116
0.2095320836
0.1541073338
0.2081119367
0.0800569819
0.2288651637
0.2280255637
0.0415317440
0.0374903588
0.1649891985
0.1710623760
0.0910628016
0.2355690226
0.1501349615
0.1721686486
0.1955094041
0.2238436548
0.2587630855
0.1037292465
0.3058553745
0.1314076110
0.4166787260
0.1144323718
0.2776740279
0.2847769256
0.1810353388
0.2731621886
0.2373596554
0.1263342920
0.4413312208
0.2861903512
0.1976267313
0.3097075577
0.1951816313
0.2511050403
0.1483976090
0.2590275410
0.3007708705
0.3216790758
0.0345336920
0.2334887615
0.2044884771
0.1897103364
0.2066123012
0.2561165846
0.2368019976
0.2182017092
0.2997285596
0.4253701265
0.2497098983
0.2237491399
0.1313707962
0.2789542445
0.3304822393
0.2018577122
0.1962836607
0.2187018856
0.3174140873
0.3297128049
0.3666769187
0.4736486065
0.2408543549
0.3564620621
0.2747265040
0.4261692831
0.4405590359
0.2938610597
0.2289552144
0.3657929943
0.1479999858
0.2990058536
0.3339507682
0.3764963796
0.3150319708
0.1534333709
0.3294065345
0.2775709998
0.2964500850
0.1484862817
0.2762557104
0.2150869406
0.2779440394
0.1256917465
0.2509493936
0.2657723207
0.2475660295
0.4491556144
0.2689551817
0.4050477321
0.4264322145
0.3125969351
0.3904175802
0.3351738848
0.4304281495
0.2960631468
0.3650575737
0.3527347490
0.3070809830
0.3932713653
0.3310749490
0.4197917981
0.2697617764
0.4710824438
0.3170283833
0.2680734173
0.4493782833
0.3811128925
0.5489514542
0.4765113799
0.3309211345
0.2783228169
0.3380413226
0.4334639764
0.3400709939
0.3864900235
0.3883869239
0.4427903184
0.4111849769
0.2213772021
0.2008802329
0.3833596080
0.5446860363
0.4230395829
0.4751155096
0.3410976699
0.3543591976
0.4668021164
0.3466712058
0.3814309115
0.2059219686
0.4001916300
0.3855210512
0.4484948611
0.4557921968
0.3763682190
0.5368470882
0.4745397983
0.4637499087
0.3609730929
0.4988484934
0.2806821179
0.4702389672
0.4153789949
0.4645575240
0.5059966559
0.4358116506
0.4960434462
0.4202843808
0.3314391686
0.4348838371
0.4477695222
0.3662822325
0.5150308418
0.4334483770
0.6197986532
0.4142447793
0.5505054535
0.4309289252
0.4427559669
0.4207897334
0.4830930501
0.5017794291
0.4294140592
0.5526017327
0.2903936496
0.4670823027
0.4336306862
0.5121443254
0.4640732711
0.4407200948
0.4895492321
0.4753806612
0.4591367242
0.4387349649
0.5281760607
0.4434303185
0.4409790505
0.5109275195
0.3868631182
0.4063879791
0.4793775863
0.3571199762
0.6272483798
0.4581941429
0.5994648652
0.5205764978
0.5143012292
0.5552669708
0.4928120500
0.3889846072
0.6404015331
0.3877010903
0.4687051981
0.5051771141
0.5202972406
0.5433775551
0.5320014762
0.6585847262
0.4898684122
0.4978254752
0.5992580229
0.4636367213
0.5918635378
0.5803898808
0.6584364087
0.5005903158
0.3939175125
0.6820456116
0.5703477491
0.6212962366
0.6833694976
0.5516128147
0.6477788912
0.5213515132
0.6588356132
0.6088802772
0.5747694146
0.6787449662
0.4755002345
0.5394168618
0.5028200128
0.5121723301
0.7064362592
0.5896045523
0.6108082357
0.5883101461
0.6947571766
0.6392470584
0.5498684515
0.6157774330
0.6605212464
0.6140465018
0.5988072045
0.6686550576
0.7751756911
0.4909798314
0.6136608114
0.6971231731
0.7550726903
0.5217332716
0.6953780899
0.5983344030
0.6098261023
0.5724591969
0.6446473715
0.6018077763
0.7564806618
0.8930794023
0.5238615315
0.6291074528
0.5512094548
0.6794456103
0.7483482499
0.7096181955
0.6546899878
0.6770505113
0.6953341279
0.6042318756
0.7479259478
0.7299485358
0.6818613312
0.7968733624
0.7547762920
0.6479893995
0.6997688082
0.7601754607
0.6929186867
0.7274643232
0.5927718772
0.5888797031
0.6714672794
0.6674677020
0.8092995594
0.7446186516
0.8325412733
0.6906608330
0.7083439633
0.6075001923
0.5329791160
0.6620380200
0.7483046802
0.7975665842
0.7345286866
0.4991227240
0.6779798683
0.8421381418
0.6904728336
0.8222311880
0.7538011657
0.7577879601
0.9230015183
0.6433229423
0.6901459653
0.8349833030
0.7025423160
0.7506640818
0.7031207184
0.7321896381
0.6248785010
0.8010422937
0.6915069278
0.5798930680
0.6748848161
0.6877799115
0.7912382084
0.7234855627
0.7441169892
0.7418625944
0.7714124536
0.8790334633
0.7258223756
0.7704085570
0.8358971372
0.7059996589
0.7796933293
0.7718290291
0.7981718301
0.8578471513
0.8032529850
0.6957920703
0.7342245273
0.7523856801
0.6963858838
0.7852635650
0.7205014418
0.8299229589
0.8697062645
0.8120176854
0.8141048056
0.9564347182
0.8453442181
0.9899107067
0.8553636210
0.6378272729
0.7884023311
0.7780273031
0.8530045205
0.7977111520
0.8209527658
0.8423712108
0.8846345499
0.7128460933
0.8312473129
0.9667076837
0.8528796403
0.9525654021
0.8044535025
0.9165380262
0.9332848449
0.6977257216
0.7640943546
0.8221821865
0.9657451655
0.8557360742
0.9435389456
0.9735776258
0.8495238272
0.8237358166
0.7797094768
0.8587095875
1.0395722418
0.9888036136
1.0094956719
0.8454668743
0.8660878175
0.9684787738
0.9772204098
0.8176654194
0.9136360401
0.8551810900
0.9048826302
0.8633525289
0.8159847748
1.0125904201
0.8616213590
1.1732967275
1.0049767736
0.8243099691
0.9759759501
1.0654115197
1.0244917340
0.9236449043
0.9396539344
0.8624611187
1.0043607107
0.8578789579
0.8832696988
0.9786110021
0.8293652779
0.9247939796
0.7684531045
0.9746652389
0.9687848657
1.0783792934
0.9936975055
0.8808708989
0.9078560626
0.7949115894
0.9266709784
1.0874717337
0.9299093311
1.1193651164
1.0655354990
1.0665659465
1.0909505533
1.0085497007
0.9458582667
0.9857648969
0.9947310027
1.0607448766
0.9174165623
1.0927375007
0.9620394843
1.0156639810
1.0701061936
1.1320053473
1.0387383960
0.9756270660
1.0625070213
0.9117897855
1.0306298644
1.1107280713
1.1001995829
