-1.0648162889
-0.8738121472
-0.8579377618
-0.9674566349
-0.9765121580
-0.9911420712
-1.0333974313
-1.1177238325
-0.9132143180
-1.1336257405
-0.9703417217
-0.7853049253
-1.0342910481
-1.1424394569
-1.0020982932
-0.8001348459
-1.1217142634
-1.0727600983
-0.9401215410
-1.0341948262
-0.8694882302
-0.9513158431
-0.9814546924
-0.9937070961
-1.0706621313
-0.7484906222
-1.0625765795
-0.8646190537
-0.9527927241
-1.0173727233
-0.9703332935
-1.0877531669
-0.7094682769
-1.0156512993
-0.9082374190
-1.0145743031
-1.0482410074
-0.8784218900
-0.9454921383
-1.0197812821
-0.8575502427
-0.8950991717
-1.0040972317
-0.8566983553
-0.9472788093
-0.9058966590
-0.9684324216
-0.8276638220
-0.8958736567
-0.8426629785
-0.7029819507
-0.8316270611
-0.8988640034
-0.9016161539
-0.9900333691
-1.0194265479
-0.9709453984
-0.8391943406
-1.0873334757
-1.0105669906
-0.8334042880
-0.9257463664
-0.7412199055
-0.9140303730
-0.8192690906
-0.8102379422
-0.7512595823
-1.0042191089
-0.9176956886
-0.7615055666
-0.8316935670
-0.9533117677
-0.8946321673
-0.9685619766
-0.9264077899
-0.8631759738
-0.8593921923
-0.7777308524
-0.8691704695
-0.7913180802
-0.9087735457
-0.9085571072
-1.0862010321
-0.9032548836
-0.9194781352
-0.7409314863
-0.6452776477
-0.8918675603
-0.7093413975
-0.6748778646
-0.9910660095
-0.6845389520
-0.8969792527
-0.7917140606
-0.9209692021
-0.8147626059
-0.8534327489
-0.8013394988
-0.7325988281
-0.7538028617
-0.7551146703
-0.6600040061
-0.8515092011
-0.7345668345
-0.7454887148
-0.7175835205
-0.5407261690
-0.7804831646
-0.7610646155
-0.8212203616
-0.8613414489
-0.7905183675
-0.7042701891
-0.7117014050
-0.8033592042
-0.7753957944
-0.7644682332
-0.5438902106
-0.7114233178
-0.7578298192
-0.7731208558
-0.6247996343
-0.7129745672
-0.6567737246
-0.7968321702
-0.7719782076
-0.6696585143
-0.7519817616
-0.6211796516
-0.5692996117
-0.8666643906
-0.6805910805
-0.7577349402
-0.7368751245
-0.7902732250
-0.6123309083
-0.5430249281
-0.7290436629
-0.8899786799
-0.8284284566
-0.6946655736
-0.6602486426
-0.7054700652
-0.6921207599
-0.7135054625
-0.7130540916
-0.7280968434
-0.6161986042
-0.7849354618
-0.7465817424
-0.7779206130
-0.6785644063
-0.7767623505
-0.6159343419
-0.7047673816
-0.8648446197
-0.7039588669
-0.7514678856
-0.6068700194
-0.6577690472
-0.5970873729
-0.5966000459
-0.8038882445
-0.7605723559
-0.8543160556
-0.7020891644
-0.6318082854
-0.6403105795
-0.7012158920
-0.5903050611
-0.6984416678
-0.6142600254
-0.5659426123
-0.7069836281
-0.6803941667
-0.7546212151
-0.5417294532
-0.7380682410
-0.7616227898
-0.5358491496
-0.6803709448
-0.6507703325
-0.6478218144
-0.6566818849
-0.5520308109
-0.6588654631
-0.5793743414
-0.5500898678
-0.6440787299
-0.7357419530
-0.6533013132
-0.5086566539
-0.6412764402
-0.5389198501
-0.6731224868
-0.5366826237
-0.5995566436
-0.6432102726
-0.7045795122
-0.6011805004
-0.6147718963
-0.6809991707
-0.6783321111
-0.6496933100
-0.5601745746
-0.5704417456
-0.7281967773
-0.6171158901
-0.6468783064
-0.5937190105
-0.6674678405
-0.7176107149
-0.6395933928
-0.5934309697
-0.6777985122
-0.7059308468
-0.4342654306
-0.5873122334
-0.4639395957
-0.6006101690
-0.4613075493
-0.6229101648
-0.6176186127
-0.5510369621
-0.5786875526
-0.6114495547
-0.5665387420
-0.3991296986
-0.6544287408
-0.4566981196
-0.5551890886
-0.6282588543
-0.6539814200
-0.5424989365
-0.4937262015
-0.5028575517
-0.5529623463
-0.4737313099
-0.4874084077
-0.5844656515
-0.4287813572
-0.7635022361
-0.3573404869
-0.5012693483
-0.4768596290
-0.5337239719
-0.4737328501
-0.5779828379
-0.6063763058
-0.3609313999
-0.5375630765
-0.6069652799
-0.4521862096
-0.6360807658
-0.3576307730
-0.4560809138
-0.5316541321
-0.5213791152
-0.3626264884
-0.3701828229
-0.3657135270
-0.5159193089
-0.5099395396
-0.4175244630
-0.5524360652
-0.3144818298
-0.2862638545
-0.4169516454
-0.4551149611
-0.5753756263
-0.3076109799
-0.5587962694
-0.4842505902
-0.4096854442
-0.5013713294
-0.3414998690
-0.5204624682
-0.4384282175
-0.5091881188
-0.5991324513
-0.4549940287
-0.3279565253
-0.4841074326
-0.4929404338
-0.2939866815
-0.3617692241
-0.2266351800
-0.4288308896
-0.4832831513
-0.4168996576
-0.4278601065
-0.4740325709
-0.4395989717
-0.3958732345
-0.2943225831
-0.4412791418
-0.4518684956
-0.4484067581
-0.3592646560
-0.5163056003
-0.2601184496
-0.3713129925
-0.3574659178
-0.2701315425
-0.4708522823
-0.3767703625
-0.3865179060
-0.4959749585
-0.3641746682
-0.0944825886
-0.3651919492
-0.3499670088
-0.3280239419
-0.4139869904
-0.4325439635
-0.4508624699
-0.2136979316
-0.3738001231
-0.3866113798
-0.3526605366
-0.3734458192
-0.3317885654
-0.3469555183
-0.2059054819
-0.3438915449
-0.5479755236
-0.2635932646
-0.5371244025
-0.3001678565
-0.4785326862
-0.4363809162
-0.3492958327
-0.4316708459
-0.4020698288
-0.2887108812
-0.2397250610
-0.3185189019
-0.3969034126
-0.2693177688
-0.3686283129
-0.2376493781
-0.2000652614
-0.4404416413
-0.4131635860
-0.4360277427
-0.2939164878
-0.4461613365
-0.2784065899
-0.3221980042
-0.1374401406
-0.3293518787
-0.2816142902
-0.1872898929
-0.3102188305
-0.4435069731
-0.2532547642
-0.2127441095
-0.3787501782
-0.2865259935
-0.4480727704
-0.2855273982
-0.2423975382
-0.1513476905
-0.4442088391
-0.2891312388
-0.1998169793
-0.4004867049
-0.3659659836
-0.2666524157
-0.2316332640
-0.2968483372
-0.3360389700
-0.1700243304
-0.0995763872
-0.4342418952
-0.1895713513
-0.2981252548
-0.2659118885
-0.1770574855
-0.2545527918
-0.1648153395
-0.2636472950
-0.2022723998
-0.3986672407
-0.1998357253
-0.4113921682
-0.3079363255
-0.4403177393
-0.2586630941
-0.2269813678
-0.0668403557
-0.2006917998
-0.2902995207
-0.2249692342
-0.2303155397
-0.1427700249
-0.0555888777
-0.2162575020
-0.2731107634
-0.2090289438
-0.1873017301
-0.1768119365
-0.2109804940
-0.1985967341
-0.2279162138
-0.1365559482
-0.2370102419
-0.2217509777
-0.1262308480
-0.1827166809
-0.2377688287
-0.1849731074
-0.2236267874
-0.1371131274
-0.2176853626
-0.0867692463
-0.1672899487
-0.1121695132
-0.0954041976
-0.2596021129
-0.1619199991
-0.0181616891
-0.0557888517
-0.1988359189
-0.1119194190
-0.0871084870
-0.1703149100
-0.1898589852
-0.1815856097
-0.1437971220
-0.2077557312
-0.0385424540
-0.0823049615
-0.0061215158
-0.0238368836
-0.1542291977
-0.0153921243
-0.0960124321
-0.0771644663
-0.0899050615
-0.0331925575
-0.1231282868
-0.1106361309
0.0042207114
-0.2400737187
-0.1096893387
-0.0526997533
-0.1302394846
-0.1305063570
-0.0782854085
-0.1460359893
-0.0274171331
-0.2323930797
-0.1365285107
-0.1216104613
-0.0395598331
-0.1342082944
-0.0829152304
-0.0497378311
-0.1696720669
-0.1419084191
-0.0903727852
-0.0961670842
-0.2158056037
-0.0362910916
-0.1883110199
-0.0950808291
-0.0974910310
-0.0706397979
0.0744962590
-0.1680005384
-0.0760464874
-0.0521129737
0.0279800096
-0.0299965056
-0.0341051440
-0.1683120413
-0.0462465641
-0.0271493671
-0.0618732677
0.0719365641
-0.0971140961
-0.0573271853
-0.0645444961
0.1035427716
-0.2709257746
-0.0645684221
-0.0661193495
-0.1070613482
-0.0435184133
-0.1434736241
0.0062741487
0.0153377496
0.0493616353
0.0734385473
-0.0242777949
-0.1526422535
0.1266472510
-0.0261227593
0.0646079960
0.0436267496
-0.0423947983
0.0222604828
-0.0529788806
-0.0432719715
0.0756588892
-0.0477021482
-0.1686982384
0.1542418442
0.0173876474
0.1687508521
0.0411129035
0.0798577858
-0.0781160711
0.0651558676
0.0026546038
-0.0276409467
0.0723711629
-0.0327734116
0.1440649317
0.0420223288
0.2339299052
0.2435405775
0.1006342210
0.1370186075
-0.0167695478
0.0618697072
-0.0536329806
-0.0433442392
0.1503199107
0.0295337786
0.0825091495
-0.0074116897
-0.0466885582
0.0174755754
0.1246289764
-0.0409014689
0.0089803328
0.0824453042
0.1158367315
0.0331958958
0.0739847968
0.0976524511
0.1520926428
-0.0099753457
0.0290972876
0.0839966689
-0.0185589733
-0.0311357000
0.1806368875
0.1484843192
0.1835778280
0.0660424204
0.0023528999
0.0280782229
0.1611535230
0.1994496398
-0.0132126883
0.3658730190
-0.0193668472
0.1236898762
0.2690748004
0.0328679853
0.2497098325
0.2114637548
0.0811376393
0.1861534838
0.2715882810
0.1201312068
0.2392129912
0.1264214777
0.1424290156
0.0811946464
0.1341485987
0.2802032969
0.1594134241
0.2461631924
0.0704203612
0.1800685596
0.1208929096
0.1800305949
0.1027100126
0.1957880901
0.2232934157
0.1110217497
0.0735793906
0.1788599972
0.2893792343
0.1829053906
0.1253505066
0.1880316280
0.2886143460
0.0638870917
0.0919658574
0.2255554483
0.0916994662
0.1861711346
0.2978434901
0.1815208388
0.1513997978
0.2802942545
0.2481190288
0.1502809539
0.1280500086
0.0772387923
0.3585997523
0.1506034423
0.1792909505
0.2635002498
0.3401507002
0.3816895690
0.4097857384
0.1872016433
0.1927502636
0.0579759778
0.4160687802
0.1921436082
0.2126900678
0.2225866564
0.2142989003
0.2701086948
0.2170038146
0.2649935896
0.2125487649
0.2350501415
0.4251138340
0.1674030629
0.2183842393
0.1622119758
0.1907504168
0.3278827344
0.3161017048
0.2341264879
0.1505375123
0.3415753273
0.3415703187
0.1990114004
0.3359070684
0.2799191603
0.2095306784
0.3293136644
0.1486827551
0.3571927553
0.1685954651
0.1891626266
0.3618072078
0.2931004581
0.2692063067
0.2525818563
0.2751086224
0.4685930414
0.3523595597
0.4346324084
0.3083874769
0.2864381763
0.3002260144
0.2459036242
0.4020066405
0.3039552437
0.2123075760
0.2747971044
0.1798389129
0.4467234723
0.3647893969
0.2894263715
0.3277142355
0.3806944820
0.3256256351
0.2149514052
0.1458712117
0.1967175262
0.3577147014
0.4657416621
0.2834964337
0.3645687053
0.3368390124
0.3718484157
0.4197518524
0.4934384854
0.3843543140
0.3540500529
0.2308158847
0.4155423846
0.4753946419
0.4737694090
0.3272473513
0.4500930290
0.2946378771
0.3666134120
0.2456594946
0.2655717519
0.3530761287
0.3336892585
0.3752423170
0.2107028051
0.3645781219
0.3311665319
0.3874992741
0.3424034901
0.4322469482
0.4529441020
0.5305979187
0.4420386703
0.2824670733
0.4013606656
0.3788272386
0.5435416145
0.4061018200
0.4191782302
0.4398887144
0.4319920889
0.4634355180
0.3865548601
0.5865734568
0.4777754622
0.3390828233
0.2498218198
0.3949408548
0.3621965570
0.4610871977
0.4855477012
0.4858488243
0.5037970267
0.3368160498
0.4907529110
0.2628079395
0.3973212004
0.5766957853
0.5681771162
0.5767088849
0.3370699479
0.4623251600
0.3637909941
0.5466331014
0.3755452990
0.5106297559
0.2962916501
0.4575642877
0.3141164882
0.4051470911
0.4595310090
0.4710586462
0.3051723737
0.3817602080
0.4649695714
0.6109429135
0.5488589233
0.5960828899
0.5227583035
0.4535213402
0.6377053095
0.5447511651
0.4335740964
0.4807073127
0.4011962102
0.4485857500
0.4875141503
0.5341336315
0.5022626076
0.7092932286
0.4646017336
0.6087722757
0.5449812684
0.5163932948
0.5096378830
0.3379663813
0.3977300738
0.5734269573
0.4606111409
0.5254915228
0.3988551243
0.5478563464
0.4901469944
0.5188261457
0.6783414016
0.5021807277
0.5119924544
0.5341185613
0.6054948169
0.5484826521
0.6440459749
0.5420792558
0.6678575892
0.5301643222
0.5683416813
0.6167097285
0.5128550892
0.5471582967
0.5570388201
0.5337140567
0.4381419758
0.5329437273
0.5498799634
0.6236535049
0.5532193618
0.5660799252
0.6215625778
0.7036172747
0.6790794879
0.6848912581
0.6229050985
0.5388232740
0.6003754938
0.7516788010
0.6442082842
0.5721825675
0.7354215944
0.6480287626
0.6841750367
0.6397566448
0.6382497914
0.4853292743
0.6586808892
0.6929327428
0.8177107778
0.5066176699
0.6322001335
0.6662394529
0.7150027890
0.6843955555
0.6006592741
0.6764896036
0.7736602288
0.6271050694
0.6806069877
0.6783571961
0.5380771315
0.7061446751
0.6777439024
0.6749735814
0.6177449098
0.6156779337
0.6160994070
0.7653042900
0.7091101169
0.7502180627
0.7676767631
0.6304778731
0.6176678217
0.5058179917
0.7093603014
0.7156244616
0.8242349988
0.7157014130
0.6512932405
0.6684680547
0.7083364318
0.5758036370
0.5033252096
0.4726521283
0.7433664521
0.7065375573
0.6372152109
0.6332142643
0.4819442937
0.7401484014
0.9324675142
0.7102326690
0.7601272843
0.7922962223
0.7464137090
0.6787229476
0.8153970746
0.8341697575
0.6771765833
0.6281931079
0.7167896714
0.7106179348
0.7827343890
0.7393195119
0.7921406416
0.6970853382
0.6773119406
0.7231715847
0.6385502074
0.6660725487
0.8066540650
0.8061246198
0.6860157114
0.7177042197
0.6979693820
0.8212671488
0.6831051481
0.8003163755
0.7581598362
0.6997313361
0.6899334135
0.8443938368
0.7444202594
0.7681826906
0.8704696724
0.5979335725
0.8938984640
0.8479863797
0.8595965418
0.8438727296
0.7278931518
0.6915423404
0.8658925277
0.7484471468
0.7777505369
0.7108245522
0.7306083292
0.7609142042
0.7096781161
0.8658853914
0.8332660695
0.8233063909
0.7732749076
0.8661637176
0.9340374175
0.8642620366
0.8450304649
0.8827218158
0.8817561961
0.7428156172
0.9220925784
0.9416051061
0.7779665089
0.8661046822
0.8682269499
0.7612818582
1.0194933367
0.8693820105
0.7739513376
0.8526385235
0.7545762865
0.7264676399
0.8327278671
0.7771829750
0.7547312204
0.8498817680
0.8735435432
0.8978110876
0.8193605679
0.8774545251
0.9072876113
0.9035527076
0.9073282839
1.0016748185
0.8293504800
0.8747436081
0.8832067203
0.7990433399
0.9087325155
0.8167099375
1.0760906721
0.8485653425
0.8638983792
0.8557501956
0.9463777033
0.9177264015
0.8926536939
0.9647776998
0.8812946254
0.7921029521
0.8395875027
0.8589549022
0.6654406007
0.9105228662
1.1059257805
0.9643823892
0.9912581659
0.9205117740
0.8906490726
0.9583920691
0.9679061940
1.1295043843
0.7998339859
0.9434006218
1.0256865883
0.8970155081
0.8927947388
0.9255123700
0.9102395310
0.8833527424
0.9225904589
0.9283795518
0.8067653010
0.9935612443
0.9889170638
1.0460130734
0.9760680510
1.0155623772
0.8202546813
0.9930517786
1.0098371512
1.0614622955
1.0291820940
0.8943528009
0.8501142784
1.0791382899
1.1766747940
0.9517877205
0.8352199782
0.9191402550
0.9586277482
0.9259583471
1.0044236804
0.9509441138
