-1.0646679744
-0.8640133519
-0.8367082942
-0.9601677474
-0.9608498370
-0.9870860936
-1.0377543847
-1.1473073398
-0.9278597288
-1.1138955152
-0.9647274879
-0.7925134273
-1.0138263157
-1.1167749957
-0.9823727371
-0.7889648398
-1.1427207016
-1.0607663709
-0.9573184095
-1.0221380271
-0.8743457753
-0.9465471114
-0.9855277162
-1.0014752835
-1.0829792037
-0.7476670093
-1.0496105625
-0.8653119068
-0.9608054997
-1.0228091778
-0.9868483056
-1.0902658240
-0.7188608703
-1.0229142659
-0.8987194815
-1.0246774289
-1.0474545141
-0.8907714379
-0.9569510195
-1.0011669613
-0.8537713969
-0.8957228150
-0.9947926214
-0.8617246720
-0.9735706491
-0.9278116323
-0.9698090713
-0.8430153513
-0.9000127979
-0.8442957747
-0.6723634717
-0.8711220181
-0.9404168092
-0.9256053332
-0.9855169109
-1.0055815880
-0.9888183258
-0.8188186716
-1.0931225941
-1.0163931612
-0.8366474644
-0.9173939456
-0.7386443657
-0.9211900028
-0.8200798508
-0.8083260582
-0.7627954932
-0.9736854719
-0.9116698675
-0.7677022226
-0.8333293474
-0.9316134550
-0.8946233532
-0.9468326454
-0.9309734456
-0.8837374533
-0.8702815353
-0.7929355948
-0.8468547536
-0.7810636691
-0.8994863172
-0.9092103560
-1.0814027908
-0.9017741338
-0.9063078276
-0.7414498587
-0.6275168124
-0.9019697585
-0.7139569942
-0.6709802648
-0.9927971770
-0.6808788987
-0.8812344160
-0.7754216188
-0.9066516655
-0.8251030676
-0.8660276020
-0.8025775212
-0.7231812390
-0.7532569781
-0.7757430369
-0.6756297692
-0.8439372034
-0.7384334801
-0.7728025945
-0.7171932054
-0.5452143268
-0.7929851215
-0.7575612500
-0.8320619064
-0.8541676266
-0.7751332365
-0.7266152571
-0.7227064944
-0.8057439531
-0.7966826331
-0.7621553197
-0.5545098927
-0.7237072945
-0.7584654457
-0.7610186879
-0.6149154575
-0.7289709827
-0.6687762414
-0.7897190050
-0.7828999993
-0.6604527193
-0.7528225744
-0.6087740963
-0.5816697378
-0.8829140937
-0.6981686344
-0.7459654121
-0.7257269580
-0.7966419879
-0.6118922221
-0.5325716642
-0.7148534793
-0.8852170969
-0.8170193800
-0.6937727977
-0.6763306012
-0.7007320861
-0.6993665503
-0.7131372448
-0.6922636677
-0.7342316428
-0.6213956758
-0.7888507036
-0.7627805883
-0.7666036901
-0.6692145627
-0.7723547840
-0.6191610145
-0.6910698991
-0.8607097690
-0.6990555368
-0.7326324541
-0.6101935462
-0.6587413393
-0.5929323474
-0.6086772370
-0.7999667206
-0.7574837636
-0.8324201941
-0.6961168843
-0.6294034366
-0.6626627652
-0.7114516800
-0.5868719198
-0.6892330197
-0.6210573182
-0.5540914272
-0.7007721271
-0.6472829641
-0.7348173468
-0.5349568318
-0.7449118475
-0.7578755915
-0.5495338877
-0.7016921221
-0.6810532721
-0.6402928633
-0.6624699712
-0.5453435928
-0.6373312954
-0.5608456513
-0.5480112351
-0.6764976814
-0.7171307206
-0.6377407392
-0.5428947072
-0.6376055889
-0.5555769727
-0.6635348198
-0.5385398034
-0.6053291999
-0.6478336373
-0.6561387807
-0.5890302400
-0.6197467068
-0.6831927496
-0.6818366877
-0.6486849546
-0.5741650010
-0.5535944187
-0.7322433366
-0.6013642491
-0.6647276874
-0.6264546350
-0.6567922059
-0.7268343713
-0.6364660918
-0.6053820868
-0.6896700810
-0.6999226872
-0.4228177538
-0.6179159769
-0.4841064694
-0.6157882764
-0.4485938440
-0.6139648580
-0.6205288373
-0.5698738486
-0.5806441991
-0.6241566349
-0.5580721382
-0.3589782064
-0.6401118269
-0.4553880992
-0.5641392191
-0.6455387438
-0.6572338033
-0.5620989074
-0.4663053312
-0.5167726300
-0.5709741845
-0.4925430879
-0.4980751296
-0.6019626441
-0.4501386533
-0.7976720832
-0.3562225281
-0.5117780975
-0.4730820986
-0.5597713574
-0.4657844440
-0.5883891720
-0.6072297939
-0.3767252521
-0.5286651480
-0.6074877839
-0.4254771162
-0.6269721083
-0.3724669463
-0.4542385540
-0.5282207370
-0.5083298513
-0.3559310556
-0.3726330730
-0.3599294436
-0.5066566225
-0.5181345336
-0.4258078545
-0.5700936813
-0.3317242654
-0.2860709938
-0.4379328584
-0.4507474012
-0.5855815831
-0.3176729618
-0.5530703709
-0.4696233725
-0.4047880415
-0.4884499793
-0.3487395018
-0.5419877451
-0.4485950954
-0.4952547911
-0.6034208449
-0.4548266805
-0.3478880045
-0.5001800217
-0.4753489956
-0.2937736674
-0.3650731738
-0.2421224199
-0.4369413429
-0.4850284742
-0.4549196329
-0.3902729526
-0.4968690024
-0.4358777714
-0.3944531070
-0.3042198779
-0.4463925791
-0.4442512132
-0.4524494142
-0.3824087433
-0.5276814591
-0.2641049407
-0.3770073692
-0.3614640332
-0.2529848372
-0.4726680999
-0.3724938850
-0.3696749944
-0.4847462134
-0.3578091688
-0.1042470769
-0.3648724658
-0.3721080479
-0.3623549582
-0.4041371121
-0.4500628273
-0.4666206933
-0.2198447843
-0.3604023712
-0.3816369146
-0.3558925324
-0.3590343820
-0.3450622443
-0.3362686937
-0.1916946279
-0.3419178362
-0.5339116747
-0.2832416913
-0.5193197834
-0.3143618823
-0.4747126451
-0.4455883424
-0.3501336230
-0.4322514803
-0.4017486390
-0.2787374180
-0.2275365715
-0.3252610304
-0.4247391875
-0.2736864390
-0.3654461027
-0.2490861980
-0.2310372551
-0.4251223274
-0.4023425204
-0.4576938249
-0.2931949421
-0.4474006407
-0.2851301822
-0.3019488585
-0.1149622300
-0.3106358103
-0.2675779854
-0.1955026860
-0.3157180119
-0.4323049315
-0.2797925069
-0.1996978635
-0.3664641061
-0.2653860887
-0.4534847635
-0.2922601713
-0.2404911184
-0.1653005634
-0.4551241634
-0.2732066087
-0.2022855152
-0.3845720094
-0.3643246387
-0.2513744331
-0.2197902329
-0.3065813002
-0.3451032198
-0.1715720554
-0.0923157294
-0.4208586881
-0.1677291713
-0.2975014116
-0.2545122902
-0.1722982516
-0.2678914151
-0.1735710042
-0.2567004582
-0.1987079911
-0.3664192960
-0.1789944277
-0.4007398481
-0.2697323387
-0.4638374813
-0.2531166674
-0.2194395890
-0.0820017444
-0.2078379156
-0.3211845034
-0.2328298464
-0.2340590385
-0.1415166442
-0.0719090646
-0.2280822582
-0.2745567072
-0.2016138268
-0.1719101843
-0.1772330522
-0.2082841373
-0.2081719812
-0.2355409320
-0.1640042354
-0.2447816544
-0.2241551450
-0.1267029747
-0.1883341892
-0.2408029462
-0.1813904352
-0.2120424132
-0.1301808723
-0.2555574476
-0.0851291556
-0.1576277461
-0.1155996792
-0.1081371044
-0.2473780909
-0.1541408473
-0.0118940900
-0.0741980264
-0.2101114036
-0.0984489334
-0.1064572412
-0.1802111453
-0.2052101769
-0.1666521024
-0.1231496953
-0.2226884492
-0.0435000026
-0.0713895703
-0.0149414607
-0.0212530173
-0.1398236623
-0.0222874422
-0.0916416525
-0.0785056281
-0.0840050097
-0.0499980797
-0.1354879648
-0.1127075674
0.0215144978
-0.2387140863
-0.1030481207
-0.0750978276
-0.1310432168
-0.1335479183
-0.0900528212
-0.1480667867
-0.0214780263
-0.2553754383
-0.1423168187
-0.1324124107
-0.0296703666
-0.1293508185
-0.0834059579
-0.0466798282
-0.1724439744
-0.1365210512
-0.0820992893
-0.0914224527
-0.1962438282
-0.0500188825
-0.1943071319
-0.0938934288
-0.1131986730
-0.0644285529
0.0762575779
-0.1831743861
-0.0566202685
-0.0599096577
0.0153126685
-0.0075103084
-0.0286414675
-0.1584538910
-0.0231341661
-0.0159933264
-0.0715440969
0.0669704897
-0.1044009191
-0.0692895347
-0.0566456697
0.1197300817
-0.2915089200
-0.0717133599
-0.0631930757
-0.0855776916
-0.0500775162
-0.1187251743
-0.0062139856
0.0073943562
0.0289553906
0.0875507937
-0.0271991168
-0.1256913252
0.1370370623
-0.0215302782
0.0617901305
0.0470384296
-0.0344291063
0.0294466753
-0.0343486276
-0.0437553125
0.0800416642
-0.0319128486
-0.1624409440
0.1573996360
0.0309848931
0.1688401457
0.0670641150
0.0639429333
-0.0882397901
0.0612447448
0.0055777467
-0.0060466114
0.0923784556
-0.0516069233
0.1497963697
0.0281817862
0.2273334915
0.2406207338
0.0859096544
0.1541139167
-0.0161822058
0.0841949577
-0.0510064052
-0.0217336010
0.1363090016
0.0107419956
0.0626333203
-0.0014328616
-0.0327081602
0.0143118217
0.0888859937
-0.0328877017
0.0535734517
0.0823474439
0.1164437696
0.0389641089
0.0739877688
0.0836181140
0.1575801770
0.0150838341
0.0274828411
0.0826783346
-0.0115352082
-0.0322980320
0.1880728177
0.1720263571
0.1717546481
0.0694212296
0.0092183391
0.0527965721
0.1480939970
0.1729323273
-0.0038227345
0.3739100400
-0.0280738619
0.1244348581
0.2336965796
0.0537674616
0.2454744227
0.2095642271
0.0960567228
0.1662056328
0.2670482925
0.1435207155
0.2152612720
0.1352708362
0.1403407734
0.0990204173
0.1613904141
0.2782020600
0.1493313304
0.2398147994
0.0653118972
0.1693951668
0.1081253955
0.1764059787
0.0986314766
0.1894925181
0.2261411639
0.0929574323
0.0726300526
0.2053596989
0.2781300023
0.1854475577
0.1401945981
0.1998639333
0.2959285475
0.0555887407
0.0817891541
0.2239587499
0.0949115458
0.2103943262
0.2691892831
0.1901082320
0.1682012908
0.2481536141
0.2465366277
0.1658394407
0.1317486306
0.0730345029
0.3633352403
0.1566435447
0.1875340993
0.2595531761
0.3524638987
0.3807688737
0.4142702413
0.1741203186
0.2149863484
0.0710917801
0.4335213242
0.1813849052
0.2155324702
0.2373058549
0.2080390759
0.2790875849
0.2023077080
0.2415382624
0.2275344622
0.2253301849
0.4215346015
0.1530863508
0.2311126571
0.1577173793
0.1876577220
0.3054568142
0.3301398143
0.2263793341
0.1493288829
0.3533712874
0.3468922544
0.1930461746
0.3382185268
0.2852106446
0.1966732566
0.3372800562
0.1801153121
0.3750156514
0.1577352710
0.1937930647
0.3535038372
0.3039738975
0.2841099472
0.2479668083
0.2635556662
0.4882397524
0.3714023900
0.4434278778
0.2925298849
0.2764077101
0.2967933889
0.2625528036
0.3992492283
0.2954844390
0.2127093153
0.2579771877
0.1997474392
0.4350918191
0.3618749555
0.2956645932
0.3260332300
0.3807463433
0.3397783307
0.2185933881
0.1553238599
0.1697770898
0.3403260813
0.4621340890
0.2765686709
0.3557373325
0.3516720180
0.3538214079
0.4132220989
0.4799982788
0.3585197302
0.3327196660
0.2368091272
0.4101165381
0.4860236537
0.4644178158
0.3432245134
0.4435237339
0.2823716193
0.3574031270
0.2571447799
0.2794574570
0.3471162691
0.3387024832
0.3726963977
0.2195024258
0.3791187151
0.3193723557
0.3966296420
0.3738143923
0.4138733396
0.4714104760
0.5368857987
0.4347356969
0.2746521851
0.4031983311
0.3774474762
0.5309399921
0.3967604174
0.4280320580
0.4374363112
0.4330693749
0.4709830303
0.3925852675
0.5910837386
0.4744139323
0.3502925016
0.2764952254
0.3692196518
0.3636707132
0.4597129275
0.4786757507
0.4863148731
0.5031823495
0.3466751284
0.4813258183
0.2588285103
0.3830165722
0.5730992774
0.5603735987
0.6151160103
0.3295162822
0.4578477168
0.3819817010
0.5571954721
0.3551661327
0.5402591377
0.3283779674
0.4591521716
0.3127816547
0.4035386793
0.4932805524
0.4765095833
0.3132473522
0.3611328009
0.4469620326
0.6117592468
0.5592924653
0.6047137153
0.5162472083
0.4403854373
0.6509538816
0.5483765840
0.4530342740
0.5106668917
0.3951227728
0.4490334685
0.4934442254
0.5050250040
0.5026987437
0.6754219727
0.4768858201
0.5879481061
0.5555877554
0.5366481454
0.4969191031
0.3321306496
0.3890921344
0.5565142702
0.4497267814
0.5395942972
0.4027997143
0.5477374728
0.4910251614
0.5013972614
0.6972877107
0.4976821621
0.5040178036
0.5485456334
0.5918517372
0.5367232972
0.6485332747
0.5334742973
0.6594108980
0.5300385045
0.5513727414
0.6184612990
0.5412068498
0.5615720651
0.5657777033
0.5507349008
0.4568202361
0.5161563467
0.5675126547
0.6046279091
0.5528713890
0.5478014099
0.6221102054
0.7095785308
0.6522641952
0.6744048331
0.6127436520
0.5587081125
0.6019908712
0.7252936990
0.6499446439
0.5886075443
0.7175188756
0.6225653867
0.6697781071
0.6559910231
0.6454915222
0.4891907658
0.6563640750
0.6780871675
0.8306135525
0.5201080955
0.6375603817
0.6717485944
0.7108457393
0.6561051211
0.5979520156
0.6609103396
0.7767073226
0.6280312260
0.6707290368
0.6803509761
0.5319302091
0.7214292592
0.6687698277
0.6801563280
0.6216172913
0.6166917889
0.6341330596
0.7463235206
0.7105838380
0.7814436406
0.7408659408
0.6311582693
0.6183610010
0.4863372193
0.6985122264
0.7399016615
0.8177488498
0.7131654500
0.6441491708
0.6616955785
0.7208343034
0.5823118596
0.5161310189
0.4813088305
0.7375781420
0.7099138264
0.6509604085
0.6301768520
0.5040785023
0.7291031331
0.9033816163
0.7061751075
0.7521900372
0.8170290149
0.7492513812
0.6582474932
0.8088356026
0.8386041558
0.6926227160
0.6241459642
0.6872346775
0.7033760420
0.7511633040
0.7107126829
0.7879079831
0.6874602128
0.6754527001
0.6949871428
0.6432167069
0.6552780019
0.7940135379
0.8037393714
0.6998251535
0.6901969898
0.6980007745
0.8122749082
0.6928829862
0.8039806245
0.7643130981
0.7012619822
0.6909573825
0.8386816551
0.7363398790
0.7820638677
0.8698836396
0.5881735790
0.8832109166
0.8439652331
0.8723267020
0.8258837309
0.7283444139
0.7077651361
0.8582827883
0.7435146605
0.7669677576
0.6944593715
0.7155310347
0.7627202050
0.6926075977
0.8857078401
0.8598100831
0.8277446527
0.7653237100
0.8549194366
0.9541912184
0.8758488264
0.8387089268
0.8888124244
0.8993012819
0.7204224296
0.9230281423
0.9204975684
0.7860610392
0.8579346548
0.8589208866
0.7673092389
1.0069337344
0.8659110871
0.7810339444
0.8844593832
0.7569421094
0.7509101265
0.8170988236
0.8147379010
0.7292321278
0.8506341870
0.8627516168
0.8914146640
0.8152206989
0.8644831694
0.8946369236
0.9035809864
0.9283191110
0.9854585838
0.8268916632
0.8726001506
0.8886190294
0.8189399980
0.9393601368
0.8255200475
1.0586560252
0.8482894536
0.8701636181
0.8446338050
0.9608423792
0.9417286973
0.8876759826
0.9604471929
0.8673188791
0.7900535491
0.8322037642
0.8593522223
0.6847789890
0.9258835073
1.0972895348
0.9799545521
1.0017906484
0.8959290094
0.8898103597
0.9729737831
0.9767140063
1.1458323791
0.7974615565
0.9333194430
1.0197189960
0.8690446523
0.8808894705
0.9165326132
0.9131417774
0.9038507625
0.9166861799
0.9276962465
0.8122399638
0.9910597759
1.0113737762
1.0564369118
0.9829966547
1.0157031927
0.8294044822
0.9968849317
0.9820110844
1.0554705813
1.0327285807
0.9143630404
0.8554732536
1.0432400594
1.1942950206
0.9593919455
0.8332001107
0.9246182077
0.9628407452
0.9400530043
0.9999393267
0.9401156740
