-0.9046081371
-1.0106253855
-0.9833871095
-0.9408521688
-0.9783727969
-0.9190257678
-1.0260672978
-0.9219887728
-0.9691514587
-0.9938512663
-1.0497636301
-1.0079628389
-1.0752131266
-0.9962177810
-0.9622278889
-0.9776358353
-1.0094565761
-1.0334225561
-0.8964278252
-0.7393583489
-1.0063123610
-0.8767844755
-0.9466067116
-1.0168805202
-0.9177525446
-0.8779335062
-0.9795413734
-0.8043675388
-1.0092339429
-0.9058728295
-0.9739068267
-0.8540685585
-0.7781378524
-1.0615355345
-0.8887301940
-1.0171422777
-0.9557090964
-0.8200120036
-0.7686142044
-0.7987105982
-0.9128221626
-0.7372238084
-1.0257156288
-0.9316247465
-0.9233910050
-0.7019820769
-0.8432611464
-0.8404515038
-0.9394360957
-0.7991480686
-0.7936967534
-0.9171888647
-0.9693655177
-0.8474410149
-0.8789685575
-0.9819190719
-1.0477559382
-0.8052961170
-0.9569806322
-0.7534188828
-0.8383369376
-0.9750904534
-0.8462899828
-0.8046613420
-0.9337902944
-0.9240323639
-0.8573972113
-0.9137146257
-0.8956566782
-0.8488888319
-0.9235754417
-0.7508531275
-0.7267622187
-0.7430526665
-0.9595739404
-0.9451991407
-0.7933669509
-0.8589869401
-0.8237051150
-0.7925004559
-0.8021117815
-0.7559069465
-0.8009264612
-1.0073536562
-0.7160788115
-0.7224751235
-0.8111387033
-0.9787764429
-0.9572540597
-0.7856347506
-0.8337683740
-0.5535803183
-0.6522449158
-0.8657462318
-0.9188522706
-0.7624612852
-0.7725577406
-0.8112567309
-0.8366418734
-0.8413413348
-0.8721309936
-0.8246380817
-0.7496125293
-0.8345947094
-0.8584865730
-0.8060288971
-0.9011559334
-0.9798075461
-0.8857474264
-0.7331569479
-0.8054989829
-0.8454580895
-0.7381539356
-0.8004668814
-0.8474026284
-0.6720762234
-0.6693172396
-0.6154114415
-0.8214352273
-0.6161212525
-0.6141547778
-0.7080247872
-0.8097116850
-0.6742891244
-0.7339837863
-0.5678599013
-0.6143736723
-0.6138339292
-0.9167460566
-0.7016521329
-0.7009485136
-0.6760183730
-0.7171392770
-0.7470049003
-0.7178087502
-0.7913307734
-0.6307313791
-0.6913450863
-0.7165832995
-0.6693202208
-0.7783257255
-0.6848349881
-0.7179184108
-0.7936367795
-0.6198680058
-0.8030714273
-0.7114657144
-0.7179804271
-0.7780937202
-0.5008734010
-0.7038933606
-0.7962243834
-0.5793530989
-0.6860693438
-0.6589543681
-0.6500297106
-0.7129591029
-0.5804029866
-0.6965436723
-0.7726267959
-0.8138258701
-0.6075073798
-0.5230417987
-0.6702900211
-0.5805427668
-0.7184187485
-0.7467321737
-0.6814744004
-0.6206015859
-0.7942418136
-0.7429898915
-0.6724180742
-0.7109154721
-0.6390453404
-0.6094123871
-0.6873347967
-0.6355047568
-0.6346040504
-0.6837210872
-0.5798018857
-0.6311190286
-0.5080268850
-0.6921788138
-0.5762087103
-0.7202890091
-0.7202128947
-0.5428635346
-0.6545571398
-0.5934610030
-0.6799638494
-0.6928328153
-0.7003935779
-0.7041263580
-0.6825926844
-0.6483925464
-0.5815196027
-0.6217871103
-0.4684806467
-0.6081747602
-0.5707450803
-0.5157816246
-0.5430480511
-0.5000539692
-0.5293763816
-0.6030710563
-0.5397356593
-0.6874996498
-0.5070004314
-0.5401784129
-0.5404687496
-0.8207373304
-0.6608448257
-0.6152783266
-0.5988800581
-0.3792623098
-0.4517233813
-0.5310917406
-0.5111576122
-0.5457817717
-0.5964557571
-0.6089546057
-0.6325662876
-0.4840619594
-0.5599753237
-0.5989373314
-0.5219893950
-0.6321379295
-0.4834961699
-0.5587137031
-0.5197119304
-0.3202925684
-0.6247075613
-0.5949612756
-0.5825760891
-0.6337901641
-0.5154638352
-0.4841335319
-0.5056502601
-0.5356142299
-0.5224787851
-0.5526701893
-0.5993777477
-0.4669744773
-0.5104553315
-0.5126708168
-0.5551348225
-0.5323985998
-0.5368473495
-0.4484537583
-0.5427674351
-0.4474421317
-0.5526419529
-0.4521499689
-0.5070290757
-0.5496772195
-0.4947653086
-0.2954440575
-0.4407755395
-0.5797661286
-0.3911128891
-0.3504005514
-0.4574904595
-0.4554988445
-0.3656580203
-0.5186773963
-0.5893771227
-0.5012812344
-0.5227258693
-0.4070475986
-0.3906904320
-0.3782544889
-0.3843857084
-0.4410163574
-0.4241595902
-0.5641276906
-0.5141431721
-0.3874101547
-0.4398029697
-0.4206325385
-0.3604129872
-0.2871769289
-0.5428363182
-0.3686771830
-0.3552145691
-0.4877157618
-0.4139716300
-0.4068909024
-0.4138777412
-0.4513490960
-0.4309304835
-0.5029683272
-0.4973718798
-0.5220919747
-0.3769116680
-0.5290223166
-0.2972198140
-0.3480088147
-0.4370828806
-0.2743462926
-0.3700509738
-0.3695281243
-0.4283215695
-0.4508180632
-0.3159439362
-0.2631340851
-0.4549297834
-0.3425256578
-0.4304209050
-0.3479770635
-0.3330122000
-0.4839238703
-0.3989834166
-0.4573588376
-0.3310468562
-0.3571066944
-0.3044134715
-0.5440542334
-0.2631516011
-0.3967341052
-0.2304824910
-0.2931696096
-0.3534258831
-0.2405264255
-0.3000049404
-0.2874513555
-0.3891386509
-0.3866048887
-0.5402301625
-0.3530421648
-0.2839501177
-0.2594622425
-0.4498806976
-0.3510467391
-0.4173282135
-0.3347335500
-0.2372100004
-0.3949227600
-0.3521855308
-0.2522401043
-0.3296385896
-0.3245800874
-0.1811853294
-0.2157718533
-0.1132329495
-0.4523879263
-0.4000086929
-0.3064651781
-0.3313532823
-0.2836874443
-0.3068428036
-0.2816793680
-0.3770969146
-0.2342415145
-0.1998991976
-0.3685727739
-0.2296505907
-0.4234858156
-0.3499115265
-0.3875336703
-0.2943502384
-0.3085961519
-0.3080418392
-0.2270237472
-0.3700937108
-0.4756038965
-0.4193438257
-0.2646329604
-0.3197136220
-0.1189799726
-0.3049383747
-0.1976415664
-0.2124580356
-0.2035592801
-0.2442521571
-0.2960023133
-0.2083105503
-0.2504886459
-0.3215390134
-0.2011075143
-0.2099589495
-0.3617022776
-0.0892302720
-0.3067877628
-0.4006973121
-0.3070941570
-0.2778047252
-0.1372556201
-0.1327795287
-0.1381462685
0.0055271945
-0.2819083643
-0.3451621508
-0.1581565644
-0.2909842181
-0.1616326123
-0.2447562857
-0.2004175123
-0.2598500280
-0.3132627829
-0.3266029960
-0.2833636823
-0.2042892399
-0.1032965386
-0.1537757056
-0.1153688403
-0.1378349275
-0.3041786131
-0.0166918517
-0.1854984263
-0.1565114306
-0.1727896916
-0.1251896109
-0.0703445290
-0.0679298111
-0.2762154771
-0.2444381151
-0.0846316488
-0.3170200707
-0.1691164080
-0.2102438776
-0.3046518308
-0.2027686884
-0.0800254897
-0.1121598414
0.0055144222
-0.1888251750
-0.2137541227
-0.0922630170
-0.1040285201
-0.0677871704
-0.1509608916
-0.1633889967
-0.1077551764
-0.0544300485
-0.0278916706
-0.1743952519
-0.0605697120
-0.0387494431
-0.2538838329
-0.0639703610
-0.0263160013
-0.1001366436
-0.1042396392
-0.0208037382
-0.0200341809
-0.1472227888
-0.0815384856
-0.0782677862
-0.1259972447
0.0006261374
-0.0443539680
-0.1104133271
-0.1626771622
0.0004128483
-0.1116158623
-0.1053178508
-0.1311281872
0.0115951810
0.0217959774
-0.1127962698
-0.1231312715
-0.0692645920
-0.1512309374
-0.1480546017
-0.0821010765
-0.1251564574
-0.0255857071
-0.0282109641
-0.0862932400
-0.1230927575
-0.1754197179
-0.1573226808
-0.1353955425
-0.1297666734
-0.1226866586
-0.0326794902
-0.0134832254
0.1050248029
-0.0401651971
-0.0046231614
0.2277163998
-0.0346709164
0.0043422853
0.0658815517
0.0391742066
-0.1692011506
-0.1567793655
-0.1133317508
-0.0094258576
0.0702443569
-0.0589083194
0.0684381519
0.0357493391
0.0016151610
0.0766192822
-0.0349657372
-0.0245468152
-0.0141982629
-0.1506918162
-0.0606177581
-0.0894703906
0.0602139413
0.1346720710
-0.0358277017
-0.0865633451
0.0452761315
-0.0922525889
0.1182617201
-0.1397416304
0.0508028771
0.0194217608
0.1878928089
0.0171371342
0.0335770573
0.0413848802
0.0997964829
-0.0027648854
-0.1621240453
0.1009026497
-0.1427640349
-0.0394435480
0.0068593758
0.1317212796
-0.2127043017
-0.1168719662
-0.0206180725
-0.0988018849
0.0908947734
-0.0530428830
0.0517447502
0.0946936872
-0.0473260012
-0.0222511208
-0.0883196951
0.0831510391
0.1188971714
0.0246142287
-0.0304854135
-0.0037493253
0.0712073493
0.0934484119
0.1188134928
0.0637352754
0.3224475639
-0.0815132374
0.2381859022
0.1718364307
0.1477889791
0.0345317937
0.0945327185
0.1464419169
0.0088990731
0.0866823533
-0.0398579237
0.1023614295
-0.0556801712
0.1392670362
0.1358543960
0.1092187523
0.0985039176
0.0799491115
0.1205397217
0.1618586136
0.1539117364
0.1097376248
0.1127652360
0.1421212666
0.0613940834
0.1522287550
0.1425207605
0.2817206733
0.0361219128
0.1991785612
0.1451005018
0.0271431996
0.1561278443
0.0322412826
0.1349963473
0.1994218283
0.2650400447
0.1453493069
0.1985351919
0.1761395255
0.2251060440
0.0772791200
0.1234611288
0.2454563479
0.1707311046
0.0749070116
0.1821763716
0.2305089492
0.3166893793
0.2640780199
0.1746594840
0.2387827486
0.0673674088
0.2209778528
0.2873718659
0.2478092866
0.1771788051
0.0307504501
0.2647815334
0.1683539320
0.3069022145
0.2647701966
0.1402231605
0.1648886069
0.2927908269
0.0953712833
0.2387314397
0.1335968261
0.1405933103
0.3065166347
0.2929230966
0.2580355890
0.1891375714
0.2411907429
0.0462251702
0.2931645013
0.3833602281
0.3987675207
0.1249691062
0.4170201742
0.1924761466
0.2706134901
0.2025420216
0.1917999537
0.1550384725
0.2225498507
0.2715893275
0.4059844814
0.2491557893
0.1204811874
0.1966607947
0.3037394598
0.2484698628
0.3615725141
0.2925786370
0.3264095072
0.2633017417
0.2520907957
0.1350092774
0.2615103446
0.1540938093
0.3057926803
0.4125519245
0.3643869090
0.1823407105
0.3469020192
0.4850489679
0.1991547186
0.2830315349
0.1430550982
0.3049115269
0.1959228510
0.2424443984
0.3424140871
0.2109682848
0.3082468511
0.2643050734
0.3034174781
0.3729538278
0.2711118207
0.2128068881
0.2476136778
0.2744954389
0.3211792338
0.3378693466
0.2409028106
0.3640291361
0.4317026971
0.2950350470
0.3770181254
0.3002669899
0.2208370483
0.3089931992
0.4536646363
0.2961030813
0.3295842756
0.3951359962
0.3948251453
0.3161118569
0.2678722010
0.3316524768
0.4171756430
0.3846754237
0.4885540654
0.4091567255
0.4993849654
0.3853275438
0.3360450506
0.4148707187
0.3080179426
0.4106806602
0.2287211686
0.4283284581
0.4084476492
0.3335223796
0.4839622339
0.3107648473
0.4170329205
0.3588607430
0.5072930460
0.4061789263
0.3076931470
0.5029045252
0.3832880238
0.3594547059
0.4225903473
0.4124620266
0.4416234834
0.3840591414
0.3873835457
0.4348538544
0.3566518385
0.2568877128
0.4401688869
0.4139034251
0.4363231070
0.4510257950
0.5022004214
0.4269259779
0.4065505518
0.5858874651
0.4973752908
0.4948371796
0.4880232511
0.5144624393
0.5211606193
0.3576623022
0.4688198804
0.5368060112
0.3354169606
0.5439830524
0.6238740211
0.5576160133
0.3146027691
0.3989951419
0.4919182934
0.5489921660
0.6058549395
0.5309456422
0.5291353704
0.4096601903
0.3873202851
0.5307677106
0.5567643268
0.4875258345
0.6182292018
0.5786133953
0.4132035255
0.6662736286
0.5326032793
0.5034629618
0.5493274004
0.4869871672
0.5230891884
0.6682736357
0.5200350751
0.4049258419
0.5526002785
0.5183129102
0.5235929350
0.6013503356
0.5354880947
0.7554819839
0.5099487070
0.5410654726
0.3725537105
0.5061018572
0.4495586173
0.5272835698
0.5713256735
0.5870169130
0.3957805585
0.6508385862
0.5781432156
0.4665466891
0.7182634875
0.6009682047
0.5997394489
0.7336706557
0.5158234956
0.5770805200
0.5828921549
0.4660134623
0.6078762291
0.5942533714
0.6434071769
0.6491659128
0.5266147535
0.4651918352
0.5443072241
0.4885514795
0.4475968568
0.6841980295
0.4423586789
0.5284690878
0.4626621597
0.5776675289
0.6534581553
0.5645534576
0.6262475370
0.6676975105
0.4974408123
0.5697453604
0.6850363741
0.6096652710
0.5610551054
0.5398062038
0.7489406172
0.5746534786
0.5524664574
0.6310994409
0.6531168390
0.4577368625
0.6260071136
0.6088930824
0.6445643643
0.7753121587
0.4710504343
0.5934888063
0.7264295674
0.7639628767
0.5806595148
0.5352793022
0.5917818050
0.8728976100
0.6315178480
0.6190131483
0.7433041515
0.5472586843
0.7390641483
0.7455449204
0.6218342966
0.6556348213
0.6529447440
0.6073423659
0.7126026383
0.7570869776
0.7465734000
0.6326412798
0.5794260197
0.6803567295
0.5838236087
0.7638022555
0.6940476076
0.6904054967
0.7471511336
0.7802990677
0.6895445482
0.7477056723
0.6383098505
0.5719600920
0.7249335656
0.6115488661
0.6875964792
0.6182001226
0.7290160793
0.8112379507
0.7413528431
0.6861714422
0.6506007139
0.6558969824
0.8216588350
0.7578531950
0.8447398233
0.9346127496
0.8010639629
0.7460810581
0.6810983601
0.6971589799
0.6158118540
0.7380591601
0.8583690633
0.8440580041
0.8213874562
0.6915479603
0.6624581484
0.8170876063
0.7573878343
0.7460851499
0.7787638409
0.7950036604
0.8408367750
0.6956965699
0.9063698878
0.8166682191
0.8348600577
0.7306079974
0.8303057834
0.9391941384
0.7095794112
0.7404015433
0.8016584739
0.7819287809
0.6646282327
0.7929214713
0.7848683589
0.8322607075
0.7141333673
0.7179909607
0.8221657976
0.7665132563
0.8149499624
0.9619644918
0.7852171579
0.8400542929
0.9096057614
0.8196828102
0.9467000707
0.7834817933
0.9236771557
0.9992733543
0.7775222745
0.7897297925
0.8152641563
0.9180680432
0.8809491619
0.8104770760
0.8229143801
0.7803112979
0.8838801549
0.8459551088
0.8503984170
0.9448949598
0.8579053725
0.7808150966
0.9406255768
0.8282622272
0.8122120113
0.7583294951
0.9794285176
0.7722178771
0.9043803587
0.8706945435
0.8613801489
0.9411738590
0.9689188741
0.8907709492
0.9986292422
0.8167912833
0.8218922702
0.9160935464
0.8168274578
0.8840654882
0.7318331970
0.9442823635
0.9892536038
0.8176739018
0.8095035669
0.9760819080
0.8695662120
0.9535671948
0.9010309599
0.8124375856
0.8410156419
0.8420482338
0.8313974097
0.9477803120
0.9442729185
1.0113816061
0.8798763923
0.8643537669
1.0060596898
1.0709494129
0.9637887392
0.8988251300
0.8836989429
1.0262629252
0.9287725034
0.9661390024
0.9158917067
0.9201058249
0.9003673613
0.8751148678
1.0056305877
0.9877826621
0.9271207015
1.0564953484
0.8742594284
0.9189587057
0.8800548300
1.0393838166
0.9463562297
0.9189867428
1.0057369776
0.9472865486
1.0206006198
1.0003632204
1.0848483889
1.1202849237
1.0413203052
0.9956094697
1.0662146937
0.9001607909
1.0764493270
1.0580111817
1.0046655635
1.1285937354
