-1.1379010207
-1.0767890243
-1.0068497568
-0.9993069693
-0.9872652616
-1.0758609066
-1.0749242586
-0.9147218374
-1.0534784324
-1.0025631952
-0.9167937812
-0.8129869444
-0.9086196574
-1.0463567776
-1.0220349218
-0.9245540334
-0.9478948081
-0.8742711129
-1.0539474402
-0.9786140412
-0.8916910074
-0.9257152408
-1.0192666547
-0.8110565284
-0.9381138798
-0.8415735883
-1.0179906147
-0.9829425337
-0.9597249408
-0.9661512898
-0.9507594553
-0.8229629956
-0.9318298622
-1.1162007626
-0.8018095987
-0.8524748486
-0.9310173455
-1.1353512728
-0.8521399478
-0.8845739311
-0.6915915483
-0.8241334056
-0.8955745901
-0.9429492026
-0.7685323245
-0.8429861160
-0.8853117263
-0.8752403824
-1.0068866194
-0.9236133482
-0.9100640638
-1.0884924973
-0.8825455552
-0.8227893732
-0.8908039849
-0.8034751597
-0.8984660119
-0.9937310078
-0.8513445826
-0.9012783454
-0.9130793577
-0.8703109985
-1.0587450712
-0.9596902616
-0.8288468684
-0.8099582656
-0.7719770209
-0.7192061510
-0.8757128826
-0.9488938181
-0.8261386273
-0.9362474002
-0.8006317052
-0.9570429405
-0.9066048568
-0.9017899927
-0.7286644559
-0.7924201343
-0.8827372898
-0.9619354310
-0.7846119515
-0.9505399841
-1.0405938149
-0.8904669097
-0.8813506136
-0.8311408337
-0.6776953803
-0.9041381723
-0.8524593416
-0.7569837581
-0.8313233644
-0.8779724946
-0.7550945242
-0.8134618630
-0.7519938741
-0.7428878046
-0.8216450604
-0.8157963171
-0.6726676409
-0.8354830538
-0.7085290137
-0.7555828394
-0.7032871945
-0.7347382803
-0.7558992823
-0.9217408446
-0.7970747728
-0.7155983090
-0.7780137758
-0.7565556941
-0.8975239795
-0.6476111398
-0.7808645391
-0.7461099484
-0.6662979943
-0.8128073572
-0.7222607001
-0.6154826625
-0.8734507211
-0.7637137883
-0.7565524881
-0.8186231879
-0.9421632062
-0.7341991764
-0.8301915783
-0.7981370949
-0.6477897732
-0.6963902978
-0.8320732467
-0.7779093248
-0.8496287144
-0.8498476833
-0.7257136302
-0.7455819952
-0.6508756469
-0.7034090671
-0.6842499918
-0.8283955353
-0.5690841728
-0.7327187844
-0.7357324727
-0.7373355031
-0.7167410958
-0.7316064253
-0.6929227120
-0.8622337267
-0.5355521057
-0.6177272358
-0.7112447436
-0.8162035565
-0.7387699741
-0.6073387205
-0.6248353132
-0.5990058595
-0.6071506768
-0.5492470849
-0.6547199836
-0.8051523130
-0.5740001297
-0.7606983100
-0.6067016995
-0.8484442483
-0.7601212247
-0.8725727955
-0.7709829667
-0.5864801780
-0.7036991723
-0.7633813579
-0.6517904948
-0.6784263393
-0.6995341725
-0.5767891939
-0.5170115481
-0.5599896487
-0.6545613425
-0.6414312897
-0.6288437836
-0.8181960573
-0.5523834391
-0.5545060250
-0.7264927807
-0.7150559216
-0.7057922154
-0.5238415751
-0.6256484229
-0.6357847180
-0.5892773801
-0.5706452373
-0.7199873668
-0.6364620431
-0.5848403596
-0.6293351939
-0.6379906127
-0.6364668601
-0.5975128218
-0.6748644101
-0.6248783099
-0.7022220574
-0.6955705580
-0.6607463857
-0.6605670064
-0.6653968832
-0.6973741205
-0.4933117910
-0.3601623931
-0.5271904754
-0.5691491569
-0.5961298818
-0.5486461032
-0.6666219380
-0.5412251291
-0.4970289445
-0.5660238687
-0.6196162527
-0.6651907111
-0.3930264591
-0.5597167554
-0.4258577221
-0.6349861054
-0.5474128697
-0.4705814468
-0.6474645094
-0.4994153587
-0.5845297986
-0.5317245314
-0.5701085264
-0.5658022779
-0.4644394442
-0.5844790452
-0.5454520076
-0.5892614290
-0.3744893666
-0.6888404971
-0.6262454719
-0.5986095934
-0.5943393333
-0.3927066351
-0.4708139565
-0.6160786052
-0.6035214038
-0.5328289598
-0.5158878735
-0.6003225109
-0.5504756794
-0.5103451174
-0.5272069840
-0.5061386944
-0.4784151464
-0.5015772789
-0.5041466513
-0.6606196456
-0.5137942217
-0.5089081711
-0.5793902556
-0.5075692143
-0.5695741758
-0.6162750781
-0.4485524291
-0.5904126500
-0.4627377539
-0.3655574026
-0.4948179644
-0.5886171209
-0.5249145223
-0.4344999988
-0.6291536031
-0.5084167205
-0.5744740182
-0.4916678021
-0.4905486686
-0.5161401727
-0.4472114042
-0.4161766985
-0.3781455638
-0.5687639098
-0.3796121608
-0.4313929541
-0.4267161052
-0.4681714217
-0.3002798727
-0.5680382866
-0.4974914088
-0.3903357928
-0.3417441772
-0.3445547560
-0.6300892641
-0.4530724628
-0.5299642830
-0.5126282901
-0.4128905938
-0.4288226742
-0.3944708628
-0.3376332255
-0.4685641485
-0.3913045414
-0.5425644311
-0.3983203242
-0.3056437752
-0.3952160049
-0.3417943751
-0.4108082270
-0.4255052430
-0.3757720592
-0.3285072430
-0.4449005803
-0.4391162777
-0.3869694163
-0.3862543756
-0.4996891868
-0.2898893913
-0.4692762410
-0.3651682479
-0.5193426240
-0.4707810603
-0.3998023672
-0.3144013388
-0.3927018310
-0.1935084976
-0.4504371457
-0.4184305881
-0.2789806621
-0.3039872698
-0.3310275080
-0.3090680606
-0.3804935559
-0.2686215960
-0.5359742350
-0.4507065688
-0.3426763271
-0.2007400952
-0.2307689761
-0.3023240971
-0.3127482590
-0.4311619401
-0.4520082927
-0.1405909215
-0.2389876946
-0.3828843766
-0.2533920355
-0.3336283478
-0.3928833961
-0.4325029876
-0.4414713402
-0.3007170907
-0.2919362550
-0.3440342458
-0.4562179917
-0.3584569337
-0.3862727784
-0.1295517400
-0.2365970013
-0.3227423657
-0.2144561972
-0.4001380642
-0.2237085168
-0.3345154047
-0.4050693083
-0.1519790171
-0.2865065596
-0.3248464532
-0.3545240375
-0.2877553276
-0.3287942351
-0.3565970715
-0.2982443105
-0.3888384506
-0.2332210827
-0.3739523065
-0.3553187212
-0.3963072026
-0.2282441833
-0.3161544633
-0.2659959443
-0.2429792063
-0.2909026809
-0.2092915893
-0.2337686413
-0.2248368530
-0.2430685079
-0.2566816080
-0.2851108440
-0.1455415086
-0.2086369522
-0.2601710413
-0.2001948533
-0.0737647173
-0.2575109780
-0.3215485811
-0.2903174181
-0.2577210645
-0.3039214597
-0.2565348942
-0.1317387470
-0.1087404997
-0.3912109868
-0.2195648720
-0.2096869758
-0.0674889995
-0.0523016075
-0.1722506602
-0.3525535714
-0.3380194434
-0.2118482731
-0.3375201741
-0.2042813033
-0.2101186237
-0.1301863027
-0.2563186520
-0.0913689624
-0.1520645204
-0.2236952184
-0.0498213692
-0.1587830747
-0.1553584283
-0.1551689836
-0.2366873854
-0.2111515252
-0.0923561647
-0.1152477860
-0.2502898946
-0.2108381900
-0.1703195101
-0.2006496399
-0.2383433489
-0.1263213583
-0.1713031944
0.0173961101
-0.2741233905
-0.0626421432
-0.1744019322
-0.2030663070
0.0303295015
-0.0223695787
-0.0974471797
-0.0492431441
-0.0931251538
-0.1334486493
-0.1891491454
-0.2412497378
-0.0475699288
-0.1424686736
-0.1880627422
-0.0609338058
-0.1058528894
-0.0632120060
-0.1549959276
-0.0495196749
0.0121035591
-0.1603965761
-0.1033961021
-0.1358580213
0.0005042180
-0.0612734645
-0.0512232927
-0.0083548301
-0.0306640909
-0.0602221967
-0.0582831546
-0.0428078008
-0.0336587848
-0.0409910076
-0.0017447136
0.0093621521
-0.0410800016
-0.0422836627
0.0443549321
-0.1069179732
-0.1261243716
-0.1249757728
-0.1590246378
-0.0395402424
-0.0167661460
-0.0132921171
-0.1463405863
0.1392444711
0.0080653393
0.0190220729
-0.0620677206
-0.0742307780
-0.2310752560
-0.0619522664
0.1216102524
-0.0199756456
0.0560506180
-0.1472238331
-0.0926316556
-0.0305770100
0.0186023251
-0.1052131872
-0.0561606047
-0.0569874338
-0.0033414840
-0.0420770041
0.0160193603
0.0302950419
0.0013862338
0.0857979061
-0.0667925880
-0.0993090029
-0.0970505030
0.1062244566
0.0272261901
-0.0675635952
-0.0193348156
-0.0697889958
0.0584657702
-0.0124103578
-0.0208213531
0.0695851641
-0.0965987165
0.0115260423
-0.0203665348
0.0476141211
0.1341567114
-0.1213026119
0.1434658943
0.0494735820
-0.0095372530
0.0177481661
0.2159314760
0.0707772541
0.0274947436
0.1200134217
0.1024104307
0.0508789988
0.1967530055
0.1232293666
-0.0789240287
0.1275367588
0.2195321278
-0.0396522912
0.0594865523
0.1505783777
0.0842430674
0.2361118491
0.1246101450
-0.0070506504
-0.0083531292
-0.0167843692
0.0199765199
-0.1172381082
0.0877039375
0.0304991684
0.0190546775
-0.0025559852
0.0163889338
0.2540448750
-0.0508106448
0.1345513575
-0.1455059073
-0.0943646099
-0.0075102255
0.1004732867
0.1182001191
-0.0162939505
0.1020748074
0.1849318851
0.2039317619
0.1278623833
0.1283358972
0.1079179359
0.1452924926
0.1390835312
0.0939493391
0.2315944287
0.1366032926
0.1354513358
0.2902297035
0.1547697702
0.2131982472
0.1383135519
0.0451003908
0.3414284999
0.1116593357
0.1523843310
0.1878917577
0.0785712038
0.1694512993
0.2212186276
0.1758803557
0.1994611844
0.1014656633
0.2211674625
0.2015899403
0.0355872332
0.0448869164
0.1897447296
0.1766272179
0.0985168697
0.2357255312
0.1501569773
0.1726501494
0.1931399030
0.2162153731
0.2656491583
0.1184130283
0.2905355325
0.1238567439
0.4120983711
0.1240443970
0.2677944870
0.2727182034
0.1653961175
0.2741138728
0.2286387169
0.1278742959
0.4158248198
0.3072794777
0.1888493289
0.2937923512
0.1918765489
0.2596082671
0.1532152443
0.2332414130
0.2978426181
0.3380540645
0.0190216030
0.2238367645
0.2088867166
0.1886666591
0.2169369690
0.2578350870
0.2605871861
0.2366102816
0.2952364327
0.4299194882
0.2518495006
0.2205772718
0.1270027055
0.2713130301
0.3421043654
0.2173968767
0.2061423115
0.2274075602
0.3307195398
0.3091432763
0.3799922608
0.4491788047
0.2414053257
0.3553339118
0.2927514740
0.4165362130
0.3954505342
0.2864159227
0.2366924834
0.3666058884
0.1525482695
0.3105924305
0.3348406713
0.3615612416
0.3008619366
0.1509812650
0.2977332340
0.2882141108
0.3000031509
0.1530509655
0.2922799523
0.2253707763
0.2906745287
0.1336874386
0.2406416731
0.2764665632
0.2758284056
0.4614038557
0.2516850716
0.3835495686
0.4247645504
0.2987523104
0.4020157402
0.3178496701
0.4601752787
0.3141036801
0.3668223474
0.3402310051
0.2963294991
0.3928679916
0.3424701586
0.4249928641
0.2810101665
0.4452686561
0.3435394112
0.2981713052
0.4315755724
0.3534704614
0.5425259525
0.4796238309
0.3161456006
0.2801070433
0.3373498412
0.4157724425
0.3421843185
0.3895287525
0.3651015529
0.4491874028
0.4459589352
0.2220453815
0.2043759654
0.3903680354
0.5538584769
0.4196941615
0.4881065038
0.3372918825
0.3485276123
0.4749937169
0.3540435921
0.3714766664
0.2239209965
0.3948693118
0.3803953286
0.4319617617
0.4458384761
0.3880210450
0.5459569456
0.4684538215
0.4539704129
0.3848104786
0.4946230275
0.2742331168
0.4589389863
0.4211064700
0.4599599169
0.5411671462
0.4619224381
0.4911769626
0.4208623086
0.3273961188
0.4270516225
0.4309688751
0.3893782451
0.5354090327
0.4328394821
0.6391302614
0.3849115076
0.5457011908
0.4229163789
0.4290068379
0.4111061765
0.4891396353
0.4733462603
0.4348987976
0.5700242418
0.2962649671
0.4772514425
0.4545218422
0.4870917259
0.4846426873
0.4366257832
0.5072626064
0.4645432441
0.4430645143
0.4610144868
0.5235400860
0.4260021667
0.4493262039
0.5068278101
0.3986694864
0.4047522696
0.4876454194
0.3718458788
0.6175851639
0.4495803989
0.5969695502
0.5217437685
0.5120936992
0.5753918688
0.4841274153
0.3929780238
0.6415232531
0.4085629983
0.4632127928
0.5083525091
0.5162542375
0.5463084418
0.5271168390
0.6556876368
0.4696328644
0.5057243065
0.6040916020
0.4583902429
0.5840638135
0.5850572880
0.6295455317
0.5169953651
0.4068345285
0.6849281291
0.5580691355
0.6055644724
0.6302879756
0.5496284647
0.6499177116
0.5032986352
0.6521977145
0.6118944640
0.5952492304
0.6976763594
0.5035332427
0.5608182103
0.4919220554
0.5175953767
0.7220533251
0.6041801285
0.6293913767
0.6066020025
0.7063993110
0.6329153164
0.5543540795
0.5907135247
0.6608907583
0.6379405727
0.6042414734
0.6639975929
0.7686155619
0.4760760662
0.6311094806
0.6905571598
0.7322576725
0.5557760871
0.6995286017
0.5877581207
0.5860480190
0.5542326857
0.6518233538
0.6110389461
0.7419361231
0.8677197046
0.5454911493
0.6196971800
0.5268247290
0.6805183220
0.7444038738
0.7006722320
0.6191353336
0.6713098576
0.6855616339
0.6239614601
0.7516852014
0.7139261914
0.6952416482
0.8118239290
0.7598358643
0.6246168310
0.7004924807
0.7616720078
0.6996469122
0.7131350486
0.5992174279
0.5841629857
0.6767786480
0.6325987131
0.8120835542
0.7349802502
0.8439111442
0.7043828385
0.7057723333
0.5988221691
0.5223587525
0.6538343482
0.7371485179
0.8151858407
0.7483425818
0.4773373411
0.6470461604
0.8386856917
0.7271467050
0.8209134196
0.7483212448
0.7637404985
0.8908525019
0.6157046435
0.6701748463
0.8359747820
0.6883741480
0.7577781260
0.6932897832
0.7551487338
0.6138977534
0.7994985378
0.7026476832
0.5835663586
0.6489086188
0.6879648287
0.8118566706
0.7228687962
0.7306597394
0.7439738287
0.7808298317
0.8909317262
0.7413810895
0.7987828285
0.8257009244
0.7142010894
0.7962125447
0.7929678451
0.7967337384
0.8680603464
0.8224183542
0.7066820482
0.7476077809
0.7368656537
0.6672066266
0.7935890522
0.7167652354
0.8211857179
0.8302846066
0.7892331006
0.7987424020
0.9555352766
0.8318216982
0.9833971124
0.8693615263
0.6279968431
0.7995852163
0.7721625558
0.8452142244
0.8112087742
0.8018901916
0.8501037214
0.8712979889
0.7225320856
0.8139782760
0.9383653376
0.8436433601
0.9500305913
0.8520591150
0.9258225765
0.9377971077
0.7021158921
0.7609743410
0.8235998904
0.9371184860
0.8811782111
0.9757006878
0.9651662671
0.8365567881
0.8066560709
0.7563552519
0.8498475815
1.0452046202
0.9862960484
0.9993475655
0.8415130831
0.8733403069
0.9550729531
0.9804643368
0.8190201325
0.9002129274
0.8359908446
0.8844071223
0.8629023986
0.8195263438
1.0063048680
0.8662074443
1.1713349345
1.0032651977
0.8244592120
0.9836938747
1.0657504064
1.0390389487
0.9118131693
0.9319457662
0.8618222147
0.9772549968
0.8388884469
0.8772663902
0.9582599715
0.8321929148
0.9009828861
0.7989784568
0.9537735658
0.9565010720
1.0683910974
0.9920260718
0.8903516798
0.9086951179
0.8061703870
0.9353306063
1.0769190917
0.9298955823
1.1101060105
1.0653827817
1.0689788373
1.0972797248
1.0024445805
0.9417094986
1.0014099176
1.0078145676
1.0531887688
0.9094729387
1.0961835639
0.9428480404
1.0263912240
1.0699842381
1.1387622734
1.0482598599
0.9759164685
1.0505307922
0.9302315484
1.0582708831
1.1219657901
1.1082247695
