-0.9804718930
-0.9512630033
-1.0082268602
-0.9722777972
-1.0538616496
-0.9081930947
-1.0571729834
-1.0177853656
-0.9064324036
-0.9392071953
-0.9681778474
-0.9220483042
-0.9951663212
-0.9816604806
-1.1234757095
-0.9265733208
-0.9940279909
-0.9206306038
-0.9757777835
-1.0740549677
-1.0681598737
-0.8560106741
-0.8541644999
-0.8863602545
-0.8641317245
-0.9496260449
-0.9897652367
-0.8754697387
-0.9422120031
-1.0199753867
-0.8645973730
-0.8347354992
-0.9355141832
-0.5978995347
-0.9433463118
-0.8371107205
-0.8103892131
-0.9664815465
-0.9025170774
-0.9333799470
-0.9504497379
-0.9697860939
-0.7884902213
-0.9398743895
-0.9709255419
-0.8784216667
-0.7422271290
-0.7528316151
-0.9316759694
-0.9005953663
-0.9689033575
-0.8697909159
-0.7620218713
-0.8101364016
-0.9458868304
-0.9840851258
-0.8136763713
-0.9313167004
-0.8478762403
-0.9280916432
-0.7608996174
-0.9214922853
-0.8603421787
-0.8050760702
-0.7746391561
-0.8242244614
-0.9576007001
-0.8592751055
-0.9332277603
-0.8569267505
-0.8302434323
-0.7851308450
-0.8540885026
-0.8969462224
-0.9892460623
-1.0564503580
-0.9306110557
-0.8677878414
-0.9922080574
-0.9617234560
-0.8704439124
-0.7116362010
-0.7382693267
-0.8333057745
-0.7295371860
-0.8199520924
-0.9056106288
-0.8430963926
-0.8128911564
-0.8461142472
-0.9011358904
-0.7943909197
-0.8221478139
-0.9104987421
-0.7789405404
-0.7198827774
-0.7953383777
-0.8473774606
-0.8735451317
-0.8991563417
-0.9151696461
-0.8130401986
-0.7709001582
-0.7160888470
-0.7795816981
-0.7110275506
-0.6505884204
-0.7781160149
-0.7778025855
-0.8104199610
-0.7027211577
-0.7723815369
-0.7987299645
-0.7215454296
-0.8621239736
-0.6576152752
-0.7688037443
-0.7927277745
-0.6242137679
-0.8330776260
-0.6714229040
-0.6998577035
-0.6803444796
-0.6978931724
-0.5872745182
-0.8694600088
-0.7090577841
-0.7316221297
-0.9304517116
-0.7816575498
-0.7434716951
-0.6557270034
-0.7931517646
-0.8131895973
-0.7984189041
-0.6437281082
-0.6627581812
-0.7888817027
-0.7846782415
-0.8340234194
-0.6585616593
-0.7766441213
-0.6094192414
-0.7606367803
-0.6313003713
-0.7120255645
-0.6301717696
-0.7078970574
-0.8768330729
-0.6391057650
-0.5219747503
-0.6568089008
-0.8445560968
-0.7463642175
-0.6646308343
-0.7429907595
-0.5737870342
-0.7817427847
-0.7305273852
-0.5916961691
-0.7455794861
-0.7333239332
-0.7585783204
-0.6334966770
-0.5312751031
-0.6256446248
-0.6161542963
-0.5975722421
-0.6155031704
-0.7065436148
-0.7210122115
-0.5822405075
-0.6112813029
-0.6672619882
-0.6394419607
-0.5773856274
-0.5378604255
-0.7054566322
-0.6921412847
-0.5546544620
-0.6930979362
-0.6214293720
-0.6617968948
-0.6665785213
-0.5551659522
-0.5586806972
-0.8258996462
-0.4976564736
-0.6546525593
-0.6133233597
-0.6046524050
-0.5190703342
-0.5949484074
-0.6324440265
-0.7276736399
-0.7319359830
-0.6667632029
-0.7204619673
-0.6392444037
-0.5788382496
-0.5499126954
-0.7181443022
-0.5310211840
-0.6116787793
-0.5435636642
-0.6484198793
-0.6108061996
-0.5794111552
-0.5873239776
-0.5137830956
-0.5634509651
-0.4603713389
-0.4594621188
-0.6410387636
-0.5761526599
-0.6428730320
-0.4469751456
-0.5785756592
-0.6277140855
-0.6500922103
-0.5742383459
-0.4224099410
-0.5752100812
-0.5373682271
-0.5893120610
-0.5318236371
-0.5808793278
-0.5982199526
-0.5108786877
-0.6987170750
-0.5037989727
-0.5382968001
-0.4270565344
-0.6263041440
-0.4733989236
-0.6107626710
-0.4666046197
-0.5550719925
-0.5153602006
-0.7299919536
-0.6361888530
-0.6358776970
-0.4969780412
-0.6303383341
-0.5843568249
-0.5865859283
-0.3800676737
-0.4912972966
-0.4230409261
-0.4980354611
-0.4458417635
-0.4614325426
-0.4498986308
-0.4958556039
-0.3940393770
-0.5004644452
-0.5795522417
-0.4491061165
-0.4095145856
-0.4559198226
-0.4660542737
-0.5254818603
-0.3134818443
-0.5531284995
-0.4545250405
-0.5014961687
-0.4727723024
-0.4671128013
-0.5366688210
-0.5078259464
-0.3221883115
-0.3956189209
-0.4852182631
-0.5828828491
-0.4833771729
-0.4909755334
-0.3759781287
-0.3078009785
-0.5910600261
-0.4032630246
-0.4005907581
-0.4725805901
-0.4039066910
-0.4128968694
-0.3506391231
-0.3532736064
-0.3921564991
-0.4955990262
-0.4764179879
-0.3320763268
-0.4283356442
-0.4096632404
-0.2941600318
-0.3555012086
-0.4857886348
-0.5349916495
-0.3684215711
-0.2884862503
-0.3809130270
-0.4856700892
-0.3925944505
-0.3540838711
-0.4105698096
-0.5520253947
-0.4010849532
-0.5906829866
-0.4582982016
-0.3019660604
-0.3433065815
-0.4116127851
-0.4871225618
-0.4959372267
-0.3171501324
-0.4446910654
-0.2531291988
-0.4299614358
-0.3364833285
-0.4243610715
-0.3837409250
-0.3433445750
-0.3006333389
-0.4110015789
-0.4272796115
-0.1996934621
-0.4243202894
-0.4022097854
-0.3960500908
-0.4439922016
-0.2591537304
-0.3103190821
-0.2127477105
-0.3090683881
-0.2638405977
-0.3379606399
-0.3623945477
-0.3227768152
-0.2109219996
-0.2910921040
-0.3132027429
-0.2952793141
-0.2795732322
-0.2433843097
-0.2607947871
-0.4540884798
-0.2893090453
-0.3634730600
-0.2648603708
-0.3856047356
-0.2465779422
-0.3950120539
-0.2853388356
-0.4236941303
-0.3510542036
-0.2916406757
-0.3939133958
-0.2934655912
-0.2360316879
-0.3042468808
-0.2599808589
-0.3544701796
-0.2086958385
-0.4190254380
-0.2416479906
-0.2415170380
-0.2129921748
-0.1823754826
-0.3667085207
-0.2795475163
-0.0805031458
-0.3595102985
-0.1846873806
-0.2822827963
-0.1262275876
-0.2956350699
-0.2376295134
-0.2042069823
-0.3099913278
-0.2508767401
-0.1407702221
-0.2678370479
-0.1399436280
-0.1404231982
-0.1646909187
-0.0723406053
-0.2653713717
-0.2374532553
-0.2545106702
-0.0533768998
-0.3045606385
-0.3019073951
-0.1197615849
-0.2665953185
-0.2977881494
-0.2402115921
-0.2345753231
-0.1685131961
-0.2670870514
-0.2523918083
-0.3256375178
-0.1833780736
-0.2723848593
-0.2104484632
-0.1788503616
-0.3377164492
-0.0602588940
-0.2022354064
-0.0846152847
-0.2543191856
-0.3647395770
-0.1878708052
-0.0490595075
-0.2067259343
-0.1045835594
-0.1948191765
-0.1101470338
-0.1951514673
-0.2659599462
-0.0011876457
-0.2040413784
-0.2649081919
-0.2581738123
-0.1907610582
-0.0938300564
-0.3269945229
-0.0917995691
-0.2725385133
-0.1680382967
-0.1577060047
-0.2249946614
0.0045346196
-0.2075135728
-0.2644026376
-0.1805626152
0.0083598509
-0.0308745860
-0.0724094548
-0.1775773619
-0.0789039067
-0.1327039630
-0.0514022803
-0.0801723873
-0.1675245689
-0.2022873655
-0.2022541206
-0.1848611773
-0.1005654730
-0.1645721371
-0.0736933669
-0.0257832154
-0.1763784234
-0.1417931495
-0.1732109745
-0.0094311961
-0.1104242079
-0.0578432947
0.0291688690
0.1176517242
-0.0166930082
-0.0655368288
-0.1104778404
-0.0581703264
-0.1215110006
-0.2332039828
-0.0345657065
-0.0727839886
-0.0092648223
-0.0341994728
0.0918864389
0.0008641855
0.0388341131
0.0431378958
0.0069859066
-0.1316936206
-0.0467189926
-0.0177286786
-0.0110413867
-0.0611638101
0.0494158764
-0.0650278169
-0.1654273214
-0.0693898538
-0.0873429596
-0.0952775230
0.0592362145
-0.1650680373
0.0543016493
0.1243460385
-0.1151115014
0.0869385564
0.0406426736
0.0747021031
0.1093904193
-0.0231954387
0.0564004349
0.0660394500
0.0108489051
-0.0270791955
0.0096265896
0.0253694967
0.0603600377
-0.0004810375
0.0573390084
-0.2036840791
0.0599089923
0.1281102845
0.0169655766
0.1406068294
0.1473609372
-0.1243544550
0.0331986626
0.1222221479
0.1429093909
0.0390872157
0.0092775768
0.0962048204
0.2225410893
-0.1130073946
-0.0168117430
0.0281133781
0.0339613875
0.1850808182
-0.0121971110
0.0650766814
-0.1452104147
0.2073437269
0.0137473919
0.0434792861
-0.0040244908
0.0035257950
0.0812164271
0.0771083742
0.1483122948
0.1272422493
0.1807587860
-0.0170468676
0.0591267507
0.1001722736
0.0264879478
0.1056741596
0.0629151312
0.0728998171
0.0919708639
0.0703008364
0.1524510796
-0.0130330458
-0.0014389304
0.1765541919
0.0465257230
0.0807868871
0.1168543221
0.2478426595
0.1126252491
0.1811186739
0.0761828204
0.0930817454
0.1298924629
0.1254861812
0.1981721632
0.1788140897
0.1603321747
0.0920122540
0.2687488822
0.1228720480
-0.0023671249
0.1337645698
0.1252453151
0.1162239727
0.1740434202
0.1549235334
0.1650922076
0.0701679249
0.0685473747
0.1289457749
0.2734267807
0.0926092606
0.1357717074
0.1947791713
0.1549671326
0.2286451337
0.1102453220
0.1348866540
0.2171677182
0.0511971866
0.1415821623
0.1239344851
0.1241759532
0.1783057083
-0.0711862738
0.2314607514
0.2777224166
0.0932870900
0.2401478508
0.1203699949
0.0718447388
0.1259763574
0.3421611464
0.2007184030
0.2446392381
0.3298121306
0.2152593791
0.1768384801
0.2567621423
0.0161000002
0.2842184501
0.2192697798
0.1943052810
0.2813236905
0.3552410179
0.3048906833
0.2303971812
0.1686743506
0.2043940731
0.0986086501
0.2538525336
0.2172294801
0.2700146036
0.3291508470
0.3556724023
0.1149642238
0.0736861235
0.3110598983
0.2923476396
0.3255524787
0.1793016051
0.1545761483
0.3056544160
0.1834330457
0.2525715977
0.2596016958
0.2610546673
0.2197252141
0.2876085322
0.3536516038
0.3452293503
0.3566485677
0.2109609161
0.3205717513
0.2056286174
0.1951757018
0.1247873685
0.3424264397
0.0981770393
0.4050876722
0.1817071373
0.2875178944
0.4123374931
0.2235430018
0.3838770734
0.3849037480
0.3890694450
0.2559934467
0.1238129302
0.2854957877
0.1503046726
0.2715127599
0.2322094061
0.3029717797
0.2864948295
0.2659927865
0.3882281299
0.4056515623
0.3942285546
0.2487210757
0.5182375150
0.3207673383
0.4907823591
0.3643902715
0.2554638688
0.3935535168
0.3382329331
0.3099526753
0.4307501759
0.2001659418
0.2521644325
0.3560195009
0.4557947272
0.3017247749
0.3814009815
0.3433474927
0.2409063280
0.3351214970
0.4407357841
0.2955683984
0.3466688458
0.3600434275
0.4947269073
0.2516707874
0.1821716139
0.4023955801
0.4045389528
0.4346021035
0.2632054482
0.2796151364
0.3836628769
0.4201682542
0.3852233063
0.2786225999
0.4484276747
0.3296518567
0.3355345152
0.4457415485
0.4604637609
0.3966121431
0.3480452814
0.4205822745
0.2599496005
0.4525335008
0.4876612314
0.4412778940
0.3957276160
0.4046084219
0.4264799164
0.5009563910
0.4103092907
0.4078595789
0.5279707419
0.4455811457
0.3912716171
0.4739174265
0.4259041512
0.4286314848
0.5195331865
0.3878034089
0.4810551816
0.4966295631
0.3276031001
0.4588736061
0.4539355432
0.5113402409
0.4487530145
0.4486293895
0.4376650573
0.4518434222
0.4404582855
0.4694487717
0.4432298550
0.4813800281
0.3866091647
0.5178575548
0.4665910423
0.3130941988
0.3837175878
0.4449334743
0.4064977072
0.4031940270
0.5251156325
0.3398969479
0.4325618390
0.3871241506
0.5211702830
0.4747488570
0.5509355914
0.5966350157
0.4488841517
0.5422982501
0.5977866720
0.4081231302
0.4628423707
0.5686392614
0.6484185825
0.4341163666
0.6459389474
0.6316930896
0.5003868642
0.5374533718
0.5925001456
0.4544405816
0.4319754382
0.5427729084
0.4741395075
0.5102791876
0.4905945763
0.5028720622
0.6325988264
0.5194820222
0.5577509578
0.4350362035
0.5787099112
0.5120218951
0.5612082247
0.5374941557
0.6312799851
0.5268816431
0.5949954676
0.4396962547
0.6251014399
0.5442962320
0.4896237557
0.4536280788
0.7144897935
0.4657016946
0.6000939338
0.6095218179
0.6977349365
0.7298713166
0.5376852870
0.4793375855
0.5940581542
0.5367630671
0.5942617774
0.6004776119
0.5460933914
0.7878454936
0.6899601953
0.5587181618
0.6108695846
0.5579391571
0.6859914000
0.6117567808
0.7222252668
0.7747075455
0.5984506922
0.5677986468
0.5975752406
0.7254200430
0.7935264193
0.6169125830
0.6245438811
0.6555094201
0.6029672481
0.7607012779
0.6048781932
0.6393750649
0.6178338788
0.7808152980
0.7100353432
0.6656894994
0.6168618204
0.6231577040
0.8130470490
0.7120868471
0.6517637209
0.6646363173
0.5532866048
0.7462356378
0.6148258304
0.6406772607
0.7826365334
0.6142443444
0.6707271367
0.6960702327
0.7321553470
0.6567242275
0.8427397358
0.6374208554
0.7080631667
0.7133979464
0.5561924456
0.8107684866
0.7503457728
0.6333346505
0.6578310238
0.6337091950
0.6606096134
0.6350277735
0.6343020266
0.8241549205
0.7072892549
0.7217221233
0.7884433339
0.7366482951
0.7659806727
0.7522073545
0.8053072725
0.6650009470
0.7475699121
0.6083744243
0.8157848917
0.6977190749
0.6053369154
0.7697188446
0.6911032536
0.8631729841
0.7890503925
0.8295474797
0.7131565105
0.7070880034
1.0326681719
0.7050385498
0.8478010294
0.7598639582
0.8477978019
0.7238245567
0.7048903799
0.7368394834
0.8377558182
0.6321539397
0.6630259845
0.8350902570
0.8952492666
0.8391619412
0.6951879196
0.8544924873
0.7586314383
0.8456532607
0.7087235991
0.8539784529
0.7792292927
0.8723173044
0.8829528383
0.7984885243
0.7677125329
0.8420234270
0.6880103816
0.8019605887
0.8737616338
0.8119475746
0.8290241007
0.7849069828
0.7826009233
0.6946710907
0.7676594725
0.8107336051
0.9270493041
0.7920665773
0.8016100503
0.8920053253
0.8122991580
0.8474349182
0.7903372823
0.7155232901
0.7698143233
0.7107088066
0.8461967054
0.8314804152
0.8012075085
0.9763017510
0.7145544849
0.8639062750
0.7506798432
0.8553160702
0.8451445588
0.8943581307
0.7646761838
0.9382749842
0.8332587581
0.9634077174
0.9246769709
0.8212567420
0.8449499222
0.9314950191
1.0699837311
0.9374768530
0.8775157850
0.8512233105
1.0106687359
0.7966733707
0.8246620796
0.9307574982
0.9610204567
0.9437796080
0.9804620865
0.8580638352
0.9849749232
0.8716402417
0.7981531989
0.8019647297
0.9414370772
0.9569330979
0.8088330934
1.0450900492
0.7470727249
0.8820179583
1.0794468479
0.9933738139
1.0591031941
0.9920942565
1.0253790625
0.8442829383
0.9779372121
0.9110403149
1.1744993892
0.8831048793
0.8450544611
1.1039344989
1.0013043761
1.0075632791
0.9887816912
1.0508247977
0.9267477427
1.0125447764
1.0289700666
0.9494392392
0.8293239448
0.9429218535
0.8543282103
0.9114431919
0.9789833989
1.0832750376
1.0101940894
0.9980557495
1.0165370402
0.9833795908
0.9047680819
0.9444003747
0.9649358459
1.0040636965
1.0014359031
1.0890903977
0.9698173683
