-1.0530838666
-0.8889967089
-0.8478649178
-0.9601572673
-0.9696913691
-1.0039999210
-1.0391374645
-1.1495254001
-0.9150832935
-1.1345814054
-0.9801476238
-0.8000823737
-1.0266400518
-1.1266713934
-0.9906492315
-0.7858960239
-1.1393164754
-1.0714591391
-0.9669521464
-0.9993950817
-0.8783937215
-0.9585194559
-0.9757631159
-0.9857507802
-1.0552391657
-0.7488658478
-1.0687142711
-0.8747905378
-0.9700953458
-1.0373162664
-0.9730199470
-1.0902092228
-0.6745150747
-1.0290764143
-0.9354797545
-1.0143149168
-1.0609613196
-0.8812724804
-0.9467407540
-1.0055059195
-0.8554773550
-0.8872369445
-0.9924832916
-0.8434895081
-0.9620052129
-0.9348710607
-0.9607845986
-0.8427817175
-0.9035589657
-0.8450553848
-0.6774713993
-0.8485144452
-0.9127674241
-0.9143178225
-0.9856335799
-1.0101450423
-0.9789507300
-0.8261353451
-1.0742310599
-1.0184033724
-0.8299026666
-0.9145750455
-0.7386819790
-0.9259908342
-0.8233914065
-0.7978054565
-0.7599050093
-0.9672089123
-0.9180532353
-0.7714935549
-0.8193949961
-0.9394603854
-0.9190086424
-0.9674384659
-0.9225766812
-0.8837736459
-0.8673376590
-0.7572623598
-0.8530270426
-0.7878245727
-0.9109092281
-0.9028689409
-1.0604859517
-0.8984264129
-0.9146169498
-0.7495114318
-0.6279972577
-0.8789666938
-0.7154401938
-0.6670793985
-0.9932502785
-0.6887833978
-0.9151384866
-0.7729487855
-0.8980594572
-0.8198492619
-0.8507390328
-0.8059065915
-0.7282237720
-0.7420642370
-0.7563429423
-0.6655324447
-0.8399336796
-0.7464799155
-0.7577038778
-0.7451376209
-0.5586795203
-0.8018830091
-0.7705735029
-0.8261471723
-0.8465436810
-0.7852598130
-0.6958508251
-0.7151798713
-0.8029327849
-0.7965535906
-0.7666689518
-0.5608330013
-0.7204106663
-0.7608270729
-0.7673516593
-0.6141180546
-0.7102682676
-0.6400836180
-0.8058191988
-0.7690001506
-0.6761870768
-0.7430986761
-0.6322167165
-0.5757025347
-0.8747615896
-0.6931163929
-0.7713415056
-0.7142050494
-0.7719645797
-0.6174289385
-0.5349758545
-0.7227737316
-0.9032044614
-0.8137562952
-0.7144705438
-0.6779894865
-0.6915271218
-0.6903392127
-0.7149905900
-0.7164321539
-0.6879783236
-0.6178835281
-0.7981643971
-0.7651886406
-0.7757256490
-0.6879678290
-0.7738808243
-0.6263009309
-0.7079720088
-0.8695702600
-0.7091878489
-0.7286182523
-0.6067711754
-0.6663931666
-0.5794433977
-0.5881157762
-0.7751433450
-0.7738426990
-0.8553189790
-0.7169757860
-0.6472390414
-0.6317865738
-0.7034321646
-0.5994129310
-0.6800993005
-0.6148208616
-0.5543843762
-0.7020011765
-0.6571205569
-0.7303959994
-0.5343250741
-0.7458377430
-0.7689064836
-0.5189528977
-0.6917363915
-0.6715257440
-0.6448009881
-0.6476925367
-0.5491180672
-0.6714088238
-0.5947344684
-0.5629444344
-0.6744954006
-0.7219515443
-0.6268576950
-0.5065394847
-0.6450742615
-0.5318261809
-0.6544073511
-0.5588600076
-0.5926150320
-0.6635073566
-0.6702989154
-0.6113389875
-0.6262765050
-0.6826493293
-0.6846243541
-0.6550086965
-0.5817471155
-0.5529961936
-0.7362519984
-0.6058158248
-0.6776072062
-0.6104745145
-0.6741629336
-0.6853091643
-0.6303889624
-0.5987494396
-0.6629357107
-0.6871206846
-0.4414542685
-0.5892750047
-0.4797555450
-0.5872631556
-0.4439621568
-0.6180382657
-0.6364395528
-0.5690573568
-0.5605534432
-0.6266923749
-0.5714388465
-0.3622897847
-0.6661164936
-0.4530850609
-0.5707058888
-0.6204107747
-0.6334905321
-0.5581802421
-0.4920048858
-0.5403131024
-0.5759026666
-0.4988747804
-0.4793265768
-0.6000442929
-0.4242841797
-0.7550816967
-0.3646284442
-0.5076548126
-0.4828287012
-0.5407078837
-0.4744783112
-0.5692604418
-0.5941022154
-0.3738417999
-0.5351026309
-0.5975882874
-0.4492352026
-0.6207368281
-0.3529406738
-0.4552933081
-0.5121239013
-0.5257664357
-0.3565179370
-0.3827195420
-0.3705955347
-0.4875269795
-0.5212350202
-0.4319590142
-0.5543035924
-0.3315209766
-0.2650506140
-0.4207799856
-0.4825557149
-0.5602010149
-0.3152517339
-0.5660978797
-0.4733732116
-0.4094911273
-0.5015443792
-0.3445334742
-0.5152762896
-0.4478275578
-0.5017646995
-0.5945495613
-0.4594824839
-0.3281031933
-0.4829808683
-0.4856557260
-0.2961365813
-0.3554814861
-0.2278504229
-0.4332080455
-0.4836298447
-0.4502317765
-0.4237924678
-0.4984407959
-0.4290917091
-0.3718537504
-0.2805739062
-0.4509914650
-0.4291571215
-0.4280466808
-0.3697051372
-0.5236098208
-0.2574241812
-0.3932211448
-0.3349433499
-0.2752462096
-0.4753648869
-0.3957417268
-0.3937195593
-0.4540109909
-0.3481357378
-0.0991243470
-0.3666098135
-0.3581406645
-0.3434515644
-0.4123926292
-0.4583424206
-0.4541646339
-0.1860610685
-0.3599449999
-0.3911621887
-0.3555548316
-0.4037805166
-0.3530367361
-0.3149137159
-0.2006651752
-0.3575788678
-0.5663331169
-0.2675408572
-0.5247629201
-0.2993892717
-0.4754437023
-0.4229155981
-0.3773532934
-0.4185196920
-0.4138933616
-0.2892437286
-0.2237814649
-0.3141600968
-0.4119355077
-0.2674088251
-0.3489830293
-0.2311220862
-0.2135988583
-0.4160526487
-0.4086220723
-0.4526227109
-0.3225498311
-0.4271620014
-0.2930484226
-0.3235583118
-0.1209074121
-0.3244335970
-0.2742576963
-0.1789624590
-0.3096125811
-0.4261963689
-0.2644714640
-0.2067302512
-0.3698643914
-0.2768912047
-0.4594762047
-0.2762632493
-0.2389806962
-0.1598748638
-0.4396064277
-0.2824154010
-0.2115591541
-0.3866022137
-0.3579213171
-0.2923068203
-0.2262144883
-0.3239394790
-0.3382014734
-0.1779277426
-0.1010693680
-0.4290656042
-0.1688316890
-0.3204929349
-0.2409233693
-0.1730059277
-0.2566897604
-0.1421951288
-0.2534243426
-0.1844619168
-0.3718212697
-0.1832329586
-0.4040912110
-0.2863676825
-0.4385789650
-0.2549812882
-0.2072818047
-0.0883269517
-0.2084239700
-0.2747262521
-0.2372821250
-0.2337636268
-0.1402131677
-0.0602269537
-0.2322971359
-0.2928879245
-0.1966124338
-0.1715437112
-0.1852750164
-0.1814626177
-0.2130586021
-0.2420080066
-0.1354953678
-0.2380278251
-0.2204695034
-0.1151967474
-0.1777692844
-0.2506193693
-0.1796587926
-0.2171751793
-0.1226908146
-0.2383908240
-0.0687537061
-0.1481680762
-0.1154635929
-0.0935569643
-0.2626233930
-0.1795939603
-0.0175672778
-0.0736228827
-0.2042388277
-0.1279506438
-0.1028489769
-0.1292783626
-0.2099470194
-0.1778785960
-0.1352693300
-0.2081523756
-0.0352720771
-0.0898955991
-0.0098026264
-0.0246173920
-0.1574976938
-0.0390798075
-0.0882734079
-0.0817360285
-0.0884204572
-0.0579939228
-0.1367172521
-0.1072366054
0.0140856954
-0.2449999004
-0.1221774947
-0.0535749390
-0.1125458801
-0.1432580993
-0.0663313816
-0.1410537200
-0.0108061123
-0.2411002966
-0.1592997455
-0.1347800145
-0.0166077003
-0.1373716666
-0.0908484328
-0.0715219614
-0.1677430364
-0.1343873121
-0.0988750488
-0.0968226901
-0.2103741681
-0.0591528527
-0.1880599572
-0.0907879307
-0.1180978365
-0.0838585208
0.0544627775
-0.1710605127
-0.0580138658
-0.0617726356
0.0329704611
-0.0347274105
-0.0261755489
-0.1611405153
-0.0363344788
-0.0130490478
-0.0692393729
0.0796300093
-0.0897960473
-0.0657494091
-0.0829927567
0.0843620496
-0.2721844310
-0.0719379263
-0.0826099659
-0.0916393003
-0.0365499031
-0.1184507995
-0.0088554671
0.0106240366
0.0551314807
0.0655731783
-0.0162920482
-0.1183483535
0.1202038959
-0.0361116280
0.0469143927
0.0445072218
-0.0400314422
0.0100527994
-0.0356633006
-0.0251053523
0.0907490451
-0.0328798253
-0.1653255484
0.1601241237
0.0047201814
0.1551789376
0.0550639723
0.0822669913
-0.0668242759
0.0564927563
0.0054007282
-0.0028413281
0.0806602543
-0.0495455353
0.1459603347
0.0369701264
0.2458131977
0.2557104063
0.0967324585
0.1374349862
-0.0394650969
0.0719219077
-0.0347149440
-0.0514688968
0.1270956932
0.0167877528
0.0642827858
-0.0246705126
-0.0398668349
0.0390900690
0.0995825570
-0.0386616597
0.0377154900
0.0684908051
0.1008979323
0.0290240513
0.0750598288
0.0916583272
0.1606743784
0.0172097253
0.0074923335
0.0965173532
-0.0098432638
0.0073839194
0.1916725020
0.1562571882
0.1843744412
0.0766432893
0.0182322118
0.0215607016
0.1636957784
0.1861348912
-0.0151025347
0.3772802765
-0.0270239711
0.1147264699
0.2365525755
0.0312398633
0.2417025209
0.2362308201
0.0786165631
0.1494533713
0.2394018380
0.1427107699
0.2268305762
0.1399934285
0.1408584176
0.1000808586
0.1411316584
0.2879864093
0.1413910379
0.2522477296
0.0500641760
0.1738354777
0.1328236752
0.1589851454
0.0817212873
0.2111427453
0.2197545921
0.1000220074
0.0800223325
0.1716597030
0.2773318709
0.1814867668
0.1235681502
0.2129526441
0.2913962870
0.0491427141
0.0949590708
0.2319259819
0.0848445179
0.1892275076
0.3090976358
0.1969590093
0.1581667048
0.2715743400
0.2548479704
0.1602327031
0.1334742652
0.0817284630
0.3878752076
0.1386719507
0.1634060581
0.2671939391
0.3709095826
0.3663025641
0.3981479831
0.1599404131
0.2275613126
0.0680151340
0.4101668865
0.1739496868
0.2078646453
0.2226572844
0.2060056030
0.2621512376
0.2119613285
0.2433534175
0.2058161797
0.2546958875
0.4094242221
0.1637019303
0.2289731750
0.1572905086
0.1758237883
0.2988890792
0.3489162639
0.2391287468
0.1515475612
0.3351773588
0.3306125812
0.1782783815
0.3395774193
0.2721301974
0.2046493637
0.3232337545
0.1507075554
0.3544549172
0.1645760374
0.1979129893
0.3532224910
0.2974760364
0.2673106540
0.2427520587
0.2490746441
0.4800074517
0.3624678812
0.4382831980
0.3165649681
0.2783277874
0.3150591931
0.2544018553
0.4056284735
0.2977473892
0.2074514264
0.2667404848
0.1928029927
0.4313699353
0.3765876813
0.2972302555
0.3313292557
0.3785473323
0.3333997021
0.2106871703
0.1461984770
0.1684812739
0.3627160571
0.4800676345
0.2939572937
0.3604009122
0.3536477692
0.3716121531
0.4455508731
0.5014649710
0.3732330156
0.3621635298
0.2181590828
0.4210513061
0.4826744584
0.4731395862
0.3521460672
0.4268732606
0.2973193851
0.3681586314
0.2495273333
0.3064730270
0.3566876242
0.3403632204
0.3730546222
0.2266925272
0.3706776010
0.3341781054
0.3950280361
0.3387435406
0.4278637152
0.4600807867
0.5302602296
0.4292276834
0.2629193532
0.3772577969
0.3541465520
0.5502931706
0.3939927112
0.4149984404
0.4384466463
0.4488489331
0.4901938738
0.3939472734
0.5885309659
0.4759547506
0.3620166507
0.2561435322
0.3873825245
0.3581258919
0.4568903311
0.5080665892
0.4954855415
0.4817124029
0.3354797703
0.4767421420
0.2648364181
0.3986686467
0.5665200971
0.5603661003
0.5897916429
0.3520187561
0.4540183826
0.3775305188
0.5482334801
0.3684532233
0.5457481428
0.3130839196
0.4308843743
0.3295255685
0.4103766902
0.4600815025
0.4792227327
0.2985634723
0.3883140274
0.4413766294
0.6265500234
0.5693677741
0.6122959071
0.5308941753
0.4288692025
0.6275834567
0.5595048266
0.4571391348
0.4845656653
0.4113475639
0.4598331111
0.4852381201
0.5259134849
0.5058982156
0.6829032752
0.4865195902
0.6045057978
0.5646910753
0.5300860314
0.4874657779
0.3383156384
0.4071260155
0.5636077936
0.4743138665
0.5221984664
0.3970657481
0.5546722874
0.4861624808
0.4939113586
0.6861003397
0.4893125201
0.5203244226
0.5343009417
0.5879183922
0.5240111434
0.6282090045
0.5282525537
0.6493488581
0.5512215752
0.5477643072
0.6608717702
0.5490310759
0.5557956262
0.5532238957
0.5432327474
0.4639373852
0.5375634549
0.5506018511
0.6075121120
0.5537864166
0.5539524384
0.6251057909
0.7250173317
0.6437804793
0.6966137654
0.5904006788
0.5269930485
0.5951210220
0.7191956907
0.6144721578
0.5780825877
0.7420354369
0.6299443085
0.7052069133
0.6547088933
0.6308397540
0.4689759916
0.6796528925
0.6989311240
0.8318838885
0.5067377157
0.6387755756
0.6725500156
0.7317383870
0.6692818411
0.6017816645
0.6683964446
0.7867003509
0.6329363162
0.6725827941
0.6708949387
0.5250431642
0.7141275405
0.6887986625
0.6781025073
0.6397231070
0.6118167082
0.6455778758
0.7489324573
0.7122036455
0.7542277834
0.7472873293
0.6340540139
0.6292244351
0.4859065479
0.7036389846
0.7321356734
0.8178795211
0.7357975301
0.6468960751
0.6370715537
0.7100403729
0.5640827473
0.5204718239
0.4608565720
0.7056844836
0.7019276006
0.6676285912
0.6224866147
0.4816557536
0.7264803528
0.9118403844
0.7111784399
0.7700562039
0.7823820748
0.7396313638
0.6591214869
0.8072673424
0.8434542585
0.7004298511
0.6287668016
0.7156183287
0.6874930598
0.7676396710
0.7381709389
0.7961517193
0.7071200117
0.6871048182
0.7048236675
0.6302154940
0.6354223114
0.8125673259
0.8130799351
0.6844301557
0.7215817640
0.7091495206
0.8075531887
0.6743204049
0.7936807555
0.7462430568
0.7248207151
0.7011196540
0.8411192804
0.7285782377
0.7606329752
0.8775163139
0.6038098157
0.8914952590
0.8352705771
0.8760538475
0.8386297948
0.7336574831
0.6849931562
0.8473553695
0.7470953095
0.7742097225
0.6897537563
0.7333758606
0.7535822101
0.6882157089
0.8481833309
0.8290643574
0.8170896054
0.7717518389
0.8600346981
0.9388983185
0.8629963325
0.8450470043
0.8924303719
0.8881006871
0.7194155784
0.9125651762
0.9195255487
0.7798882156
0.8622167910
0.8537484493
0.7835121068
1.0137061134
0.8663461342
0.7845445436
0.8714666916
0.7710810792
0.7329497522
0.8413948731
0.8105240230
0.7547924726
0.8733463017
0.8675796320
0.9008838137
0.7974860162
0.8762962529
0.9077775709
0.8925023079
0.9296990365
0.9869672967
0.8391229591
0.8775692674
0.8854896396
0.8269342112
0.9360027873
0.7997418919
1.0735928261
0.8642941879
0.8771555937
0.8215551679
0.9549916210
0.9189962584
0.9065930177
0.9540299657
0.8577005372
0.8016573065
0.8370785514
0.8747543354
0.6697003940
0.9069451667
1.1079891922
0.9940280201
0.9905150705
0.9238745837
0.9004869665
0.9623959863
0.9561156952
1.1407633558
0.7831361719
0.9427731451
1.0074718904
0.8971632483
0.8694495126
0.9386018212
0.9108212282
0.8789961000
0.9222857924
0.8975607417
0.8134006471
0.9976777907
1.0099853388
1.0331962441
1.0026590997
1.0157158618
0.8170810941
0.9900700842
0.9939714563
1.0652179122
1.0196422435
0.8906718203
0.8515525594
1.0718784887
1.1995770599
0.9568023342
0.8154379890
0.9310672783
0.9606439601
0.9386491128
0.9918496800
0.9339750129
