-0.8811619027
-1.0133511733
-0.9782062945
-0.9355072281
-0.9632597037
-0.9522475351
-1.0272687952
-0.9019305011
-0.9637605281
-1.0082325701
-1.0411749126
-0.9994049748
-1.0757815008
-0.9861451055
-0.9433411356
-0.9682719058
-1.0053314470
-1.0354822389
-0.9094102064
-0.7336937288
-0.9993249968
-0.8735815877
-0.9253846984
-1.0290348952
-0.9235816728
-0.8965433520
-0.9880424599
-0.8013925442
-0.9873046248
-0.9027771524
-0.9648683399
-0.8513543768
-0.7754601138
-1.0559825714
-0.8650009145
-1.0203368749
-0.9312916791
-0.8019479481
-0.7655175133
-0.7975980131
-0.8846793209
-0.7575750137
-1.0440613954
-0.9314839967
-0.9572030582
-0.6961383688
-0.8383311969
-0.8536477288
-0.9428907474
-0.8212686145
-0.7970593270
-0.9129724717
-0.9564750322
-0.8542754350
-0.8683601450
-0.9823222497
-1.0624246948
-0.8326111718
-0.9495291816
-0.7643286215
-0.8680675151
-0.9673526976
-0.8526406459
-0.8061912519
-0.9512118956
-0.9063501115
-0.8651845302
-0.9061763577
-0.8978933396
-0.8368255694
-0.9231516961
-0.7507336027
-0.7067541506
-0.7605345839
-0.9714041430
-0.9447656577
-0.8089884582
-0.8547733909
-0.8583559734
-0.7802251309
-0.8087523659
-0.7224661233
-0.8076620276
-0.9920368364
-0.7203243479
-0.7120364535
-0.7863864312
-0.9487113832
-0.9816707498
-0.7976997559
-0.8411604934
-0.5350108542
-0.6480242542
-0.8652953281
-0.9149616023
-0.7565258447
-0.7788797699
-0.7993552530
-0.8344540907
-0.8234524381
-0.8673732975
-0.8245674710
-0.7282012951
-0.8512387500
-0.8328738161
-0.7999577100
-0.8973888127
-0.9806160994
-0.8957420831
-0.7206811523
-0.8110945054
-0.8604554267
-0.7459159580
-0.8327001617
-0.8132848296
-0.6731419266
-0.6820936257
-0.6101779936
-0.8163347097
-0.6152336083
-0.5947649133
-0.6989671576
-0.8038120945
-0.6689332550
-0.7365659707
-0.5801707611
-0.6118765844
-0.6105020053
-0.9015233372
-0.7007663955
-0.6983651851
-0.6836084333
-0.7069533318
-0.7382064085
-0.7100857945
-0.7935978975
-0.6334423930
-0.6817259597
-0.7276916849
-0.6511036951
-0.7817719591
-0.6748195736
-0.7107774083
-0.7826115291
-0.6088098690
-0.7996468477
-0.7050767073
-0.7548596433
-0.7663911884
-0.5032118240
-0.7162262982
-0.8004361639
-0.5694301211
-0.6703826605
-0.6709746414
-0.6566812169
-0.7443570208
-0.5914318622
-0.6935120760
-0.8036339339
-0.8365608362
-0.6026614771
-0.5220708970
-0.6822106641
-0.5760198799
-0.7149842007
-0.7325121292
-0.6842503137
-0.6050670002
-0.8041284493
-0.7204672170
-0.6655709657
-0.6961448858
-0.6515634264
-0.5822255925
-0.6882849296
-0.6342419041
-0.6561479998
-0.6621241629
-0.5798307579
-0.6512316872
-0.5088817177
-0.6993279838
-0.5833832963
-0.7236620811
-0.7324345710
-0.5193516018
-0.6725771787
-0.5955328947
-0.7138132059
-0.6838342144
-0.6839901611
-0.6942956436
-0.6952656312
-0.6948537076
-0.5654745687
-0.6411684133
-0.4437183201
-0.6276258985
-0.5752105151
-0.5114193603
-0.5492184053
-0.4848090144
-0.5229287639
-0.6095614736
-0.5792865217
-0.6879104873
-0.5097353580
-0.5575643790
-0.5425565367
-0.8164820457
-0.6483082644
-0.6055390405
-0.5974129514
-0.3997734618
-0.4447298322
-0.5219458132
-0.5222305855
-0.5570052354
-0.5918217335
-0.6130464470
-0.6365207945
-0.4818065213
-0.5575051291
-0.6017318512
-0.4793229198
-0.6271366539
-0.4989580322
-0.5650861418
-0.5133631456
-0.3190571690
-0.6147343122
-0.5880645063
-0.5920577073
-0.6251784744
-0.5074031344
-0.5131816900
-0.5127888233
-0.5471718865
-0.5194364920
-0.5273855521
-0.5967960590
-0.4671667183
-0.5073549902
-0.5062724727
-0.5455596712
-0.5358895453
-0.5429647663
-0.4670180071
-0.5409192626
-0.4500191937
-0.5301310301
-0.4546267641
-0.5069940924
-0.5369815147
-0.5009547463
-0.2906510832
-0.4442286974
-0.5858629901
-0.4047797748
-0.3610759236
-0.4747018904
-0.4735382834
-0.3790627398
-0.5206734725
-0.5786499080
-0.5122889369
-0.5248745758
-0.3867203503
-0.3936170324
-0.3856565248
-0.3886920375
-0.4011511309
-0.4203299146
-0.5795305479
-0.5286924930
-0.3862707719
-0.4804527079
-0.4302089901
-0.3571614023
-0.3175811194
-0.5321153722
-0.3819670255
-0.3273223257
-0.4584702504
-0.3983370555
-0.3967620542
-0.4083853084
-0.4567476100
-0.4499203241
-0.5133848971
-0.5154839436
-0.5397509465
-0.3666793425
-0.5482417711
-0.3158400050
-0.3600880999
-0.4496528098
-0.2768313627
-0.3853055574
-0.3580422503
-0.4151624961
-0.4419760895
-0.3064036306
-0.2603137280
-0.4339709422
-0.3435252300
-0.4446455879
-0.3296018316
-0.2957773909
-0.4813155385
-0.3764177090
-0.4711618897
-0.3299631386
-0.3635902550
-0.3142031393
-0.5420756994
-0.2699350322
-0.4086461227
-0.2301052249
-0.2615582368
-0.3617121003
-0.2608165993
-0.3039238531
-0.2959612559
-0.3811596057
-0.3826707370
-0.5276955129
-0.3530460192
-0.3159276557
-0.2803393058
-0.4388665848
-0.3557567851
-0.4386599997
-0.3520093702
-0.2288690090
-0.4059667020
-0.3510236531
-0.2703609539
-0.3326721510
-0.3470104135
-0.1824921643
-0.2017037318
-0.1208151041
-0.4258616283
-0.3692971058
-0.2795704663
-0.3192731131
-0.2761157727
-0.3112894041
-0.3163819819
-0.3469025942
-0.2034824797
-0.1979989889
-0.3596939159
-0.1892677057
-0.4338082035
-0.3296921509
-0.3877521285
-0.2800102063
-0.3117495950
-0.3238936745
-0.2320873654
-0.3732751210
-0.4822709669
-0.4323006322
-0.2540720812
-0.3240517959
-0.0949023142
-0.2955700390
-0.1881088135
-0.2101284704
-0.2017069347
-0.2383914230
-0.2876834947
-0.1858567985
-0.2269350734
-0.3313800248
-0.1999675803
-0.2148437781
-0.3575886719
-0.1080268558
-0.3226327555
-0.3874444736
-0.3216731658
-0.2874860965
-0.1298322069
-0.1396545333
-0.1363461217
0.0042921102
-0.2857185167
-0.3326247925
-0.1659214064
-0.3030608539
-0.1799142824
-0.2260635101
-0.2025387716
-0.2519675591
-0.2771873928
-0.3317939188
-0.2905393337
-0.2086801522
-0.1079447074
-0.1667559808
-0.1057053406
-0.1341174315
-0.3078801801
-0.0321732157
-0.2035317072
-0.1454836852
-0.1754796480
-0.1161010562
-0.0622666896
-0.0705012802
-0.2651760324
-0.2247559769
-0.1046528079
-0.3021767865
-0.1824230160
-0.2097186161
-0.3128445409
-0.2163983012
-0.0711987818
-0.1075249647
-0.0139795510
-0.1944352577
-0.2226495272
-0.1058645844
-0.0767943174
-0.0867997633
-0.1654194870
-0.1744365601
-0.0992836187
-0.0696440771
-0.0354984776
-0.1523136130
-0.0504151799
-0.0179159779
-0.2619113362
-0.0704597358
-0.0475599214
-0.0946705338
-0.1120529090
-0.0472437219
-0.0308090838
-0.1455800204
-0.0772761197
-0.0893593878
-0.1418862887
-0.0318442274
-0.0378642875
-0.1351576675
-0.1765875139
0.0063437513
-0.0999983189
-0.1041264368
-0.1323700873
0.0203785581
0.0288847248
-0.1261591474
-0.1099794293
-0.0839982699
-0.1283797915
-0.1442636051
-0.0709263492
-0.1277246672
0.0051586472
-0.0285102909
-0.0784453177
-0.1139858050
-0.1738797283
-0.1378450979
-0.1535353621
-0.1422702315
-0.1187246406
-0.0609665696
0.0069563396
0.1042696871
-0.0608707328
0.0119617639
0.2203295407
-0.0106241797
0.0148185049
0.0767639047
0.0354590088
-0.1605018046
-0.1634792579
-0.1030818537
-0.0161907495
0.0652889115
-0.0839214177
0.0704624372
0.0174348510
0.0001058306
0.0771570420
-0.0530360979
-0.0091862943
0.0086011512
-0.1500699348
-0.0694579692
-0.1047475207
0.0505924619
0.1410055452
-0.0243991051
-0.0647527108
0.0270443296
-0.0791787789
0.1206835069
-0.1490296703
0.0409164645
0.0245452895
0.1843747441
0.0136588541
0.0348169942
0.0150629213
0.1047709457
-0.0033425584
-0.1559927231
0.1086048972
-0.1380481075
-0.0439271265
0.0201062308
0.1076041907
-0.2357472166
-0.1180694021
-0.0172036737
-0.1231036150
0.1101730534
-0.0729842620
0.0416578274
0.0763688270
-0.0427550905
-0.0322736278
-0.0912425405
0.0822516489
0.1132226049
0.0298349598
-0.0163228401
0.0025932155
0.0891059382
0.0812545565
0.0887378974
0.0872632090
0.3364600121
-0.0885887270
0.2282760537
0.1563743949
0.1366092763
0.0251311744
0.0811102026
0.1572862631
-0.0085591962
0.0865421061
-0.0382860894
0.1122576852
-0.0868511926
0.1647556661
0.1320774156
0.1102879472
0.1013398061
0.0495331125
0.1214910161
0.1602958609
0.1514135782
0.0671043742
0.1013628637
0.1453731030
0.0502454835
0.1749173298
0.1169911745
0.2898504614
0.0505000110
0.2067149290
0.1640182369
0.0210239538
0.1452120639
0.0230998267
0.1545828459
0.1908686180
0.2763699550
0.1326289351
0.2014218722
0.1700780582
0.2179964120
0.0841219990
0.1127813430
0.2695523622
0.1789243016
0.0756059827
0.1784689941
0.2078931536
0.2948338312
0.2636826856
0.1794073526
0.2586060577
0.0443996461
0.2153060500
0.2794299240
0.2483752194
0.1917463837
0.0291226521
0.2369667556
0.1692141210
0.3244662674
0.2722872533
0.1225524743
0.1921066404
0.3004288183
0.0991241524
0.2448659061
0.1171807972
0.1324120024
0.3063057239
0.3067006999
0.2571270569
0.1770531205
0.2552504553
0.0801152291
0.2673271418
0.3757374781
0.3887936717
0.1169789822
0.3933688133
0.1944452956
0.2920146872
0.1891426068
0.1824185683
0.1444504544
0.2391075433
0.2731341092
0.4364251632
0.2561019547
0.1490781549
0.2049036324
0.3212580231
0.2315033596
0.3582155831
0.2835050841
0.3268997947
0.2409779424
0.2575614677
0.1366192048
0.2616731612
0.1710541319
0.2762664310
0.4130772198
0.3821846783
0.2016211200
0.3562873827
0.4706766412
0.1915596797
0.2748887118
0.1439895340
0.2845624127
0.1746979160
0.2574593407
0.3543507332
0.2268136965
0.2922227732
0.2488401941
0.2976056587
0.3724008542
0.2580569826
0.2220731583
0.2519523402
0.2707011365
0.3313125951
0.3318327871
0.2143064322
0.3232903174
0.4204376004
0.2981478125
0.3795866939
0.3253261659
0.2324072760
0.3022576104
0.4550178955
0.2995094034
0.3236323133
0.3886947714
0.3920465073
0.3286056016
0.2468459891
0.3010627786
0.4025839045
0.3803173683
0.4891795789
0.3948899615
0.5250375240
0.3989437371
0.3343085295
0.4203649546
0.3104353037
0.4165425805
0.2235368846
0.4173870536
0.4078335058
0.3725092477
0.4697313679
0.3052339833
0.4386234876
0.3568188101
0.4998662969
0.4203779190
0.2958319783
0.5315879224
0.4010389372
0.3682418086
0.4408323943
0.4007156565
0.4191885834
0.3728930751
0.3690314988
0.4246701517
0.3538921574
0.2539682464
0.4473519478
0.4384280291
0.4589167887
0.4496546735
0.5100947254
0.4010408316
0.4081769544
0.5997450097
0.4971172342
0.4932429513
0.4731222782
0.5025261766
0.5281053875
0.3857160852
0.4912113029
0.5425770584
0.3446234441
0.5744078550
0.6038916049
0.5205703627
0.3216209277
0.3924933313
0.4995963491
0.5714808186
0.6408767608
0.5128478970
0.5104574554
0.4078758166
0.4101427919
0.5378093598
0.5737248953
0.4829768712
0.6167207960
0.5588998566
0.4159584299
0.6718778830
0.5217040786
0.5352746100
0.5417668189
0.4781426738
0.5332257406
0.6299505558
0.5536746617
0.4147245067
0.5512877817
0.5477727207
0.5034834563
0.6015728029
0.5347013525
0.7585585410
0.5157262527
0.5478661263
0.3781403864
0.5015769502
0.4493194787
0.5254221195
0.5743122221
0.5930453479
0.4131297356
0.6415380664
0.5606845572
0.4639891945
0.7306435370
0.6310898031
0.6038657607
0.7288914396
0.5178033366
0.5854152967
0.5694310460
0.4908651342
0.5997123344
0.5952297695
0.6538407493
0.6538759955
0.5317513629
0.4506906881
0.5524111427
0.4960660658
0.4567759963
0.6797897865
0.4071918433
0.5242617243
0.4467143306
0.5783128726
0.6617394033
0.5762733832
0.6513335411
0.6720997532
0.5041775651
0.5859583076
0.6871411472
0.6051693771
0.5590370591
0.5479100507
0.7611884053
0.5676596329
0.5564382437
0.6481657453
0.6618869952
0.4581465570
0.6190160812
0.6136557966
0.6589169324
0.7771597336
0.4549066245
0.5894550245
0.7291615672
0.7739415923
0.5818569995
0.5372751333
0.5938237645
0.8879613247
0.6519416197
0.6481780611
0.7547744804
0.5450787058
0.7364201745
0.7356947460
0.6157251948
0.6725027600
0.6714574990
0.5871981804
0.7206384545
0.7687982171
0.7510939745
0.6387927269
0.5917321605
0.6966493516
0.5710889455
0.7770726858
0.6789207890
0.7137295396
0.7439615169
0.8013198547
0.7112688817
0.7728335757
0.6244871767
0.5462483917
0.7321321622
0.6274984652
0.6800280376
0.6188561647
0.7227883618
0.7927708406
0.7492763957
0.6720479863
0.6637236358
0.6398719916
0.8473292303
0.7560020522
0.8503384202
0.9435705679
0.8032766400
0.7658741871
0.6897112156
0.7280077872
0.6162888452
0.7053962858
0.8617227378
0.8757928063
0.8311602963
0.6827787205
0.6437380605
0.8303128830
0.7771602845
0.7292517602
0.7725491155
0.7798931326
0.8175277769
0.7069688091
0.8940552871
0.8130486219
0.8624162589
0.7224921688
0.8245920681
0.9618720211
0.7062727046
0.7658656094
0.8168208217
0.7838025423
0.6707702968
0.8029039196
0.7834740690
0.8393657900
0.7124751392
0.7068016756
0.8136747387
0.7627218348
0.8033658331
0.9583387817
0.7837674417
0.8623254776
0.9016365428
0.7938375266
0.9317933758
0.7836961932
0.9363236957
1.0018927564
0.7898031310
0.7955073437
0.8041000459
0.9146083785
0.8839170645
0.8334732612
0.8219687437
0.7963674295
0.8966984415
0.8085922662
0.8457775610
0.9402021641
0.8831741783
0.7907083842
0.9515407501
0.8449887552
0.8288621796
0.7566676678
0.9756815270
0.7712759850
0.9160525607
0.8657373426
0.8232268333
0.9238479379
0.9561807367
0.8792704496
1.0106630519
0.8224064984
0.8239880359
0.9322277006
0.7947918642
0.8767411725
0.7420468960
0.9503065012
0.9733531421
0.8272560780
0.8306420838
0.9644896713
0.8941665172
0.9777345636
0.9094582027
0.8324802730
0.8208938309
0.8407909197
0.8368508944
0.9484767001
0.9334749424
1.0028407828
0.8697812891
0.8815699177
1.0126999228
1.0872927140
0.9657670482
0.9027891074
0.8743356512
1.0113583523
0.9033207461
0.9632979970
0.8968016368
0.9160757587
0.9119947297
0.8772324527
1.0027182916
0.9860269330
0.9229725058
1.0557560780
0.8919394154
0.9446607197
0.8958957417
1.0409642757
0.9572584701
0.9044199514
1.0056603102
0.9661248180
1.0116486954
1.0064296134
1.0672238116
1.0987447156
1.0284095889
1.0123845472
1.0659450886
0.9023181874
1.0816903730
1.0304152408
1.0468295666
1.1201034685
