-0.9782110316
-0.9338527373
-0.9853453729
-0.9729609490
-1.0425157335
-0.9307703245
-1.0516979544
-1.0002481742
-0.8983163230
-0.9459551684
-0.9737289932
-0.9426960162
-1.0149052262
-0.9605797574
-1.0995150124
-0.9290206039
-0.9945094834
-0.9203096428
-0.9666997074
-1.0817773453
-1.0613174973
-0.8450679524
-0.8599173166
-0.8859388958
-0.8660453670
-0.9201158206
-0.9991729520
-0.8973341016
-0.9213808099
-1.0380883107
-0.9129591473
-0.8374773912
-0.9173354902
-0.6232172561
-0.9374712845
-0.8483752481
-0.7924868939
-0.9771708323
-0.9017466009
-0.9259969802
-0.9606312287
-0.9673898821
-0.7882283997
-0.9319149992
-0.9761034724
-0.8604262204
-0.7534697113
-0.7819021301
-0.9204728531
-0.9161009335
-0.9742494870
-0.8606637000
-0.7763544707
-0.8240211487
-0.9594043017
-0.9932733650
-0.8060236180
-0.9439618077
-0.8341876859
-0.9506334083
-0.7755625351
-0.9182321716
-0.8646968461
-0.8254529722
-0.7439121637
-0.8436952946
-0.9531010528
-0.8697515797
-0.9327433406
-0.8482895333
-0.8284165022
-0.7839515098
-0.8657688891
-0.8624797193
-0.9916615927
-1.0328293318
-0.9336948018
-0.8922948995
-0.9937238629
-0.9630527665
-0.8705361732
-0.7530909652
-0.7635496383
-0.8654289692
-0.7349350420
-0.8012706606
-0.9145449735
-0.8310374742
-0.8168360446
-0.8200436658
-0.9217497240
-0.7881284967
-0.8378189191
-0.8913612280
-0.7503032998
-0.7143761471
-0.7920535058
-0.8274013142
-0.9092463601
-0.8999406050
-0.8799384707
-0.8238497845
-0.7564014377
-0.7041381217
-0.7663561569
-0.7168471854
-0.6360336526
-0.7854901782
-0.7599067560
-0.7985020876
-0.6704893536
-0.7809560950
-0.7943313712
-0.7231739917
-0.8772349091
-0.6484688733
-0.7869043725
-0.7737406460
-0.6220127395
-0.8495702018
-0.6935465001
-0.7017812118
-0.6974797815
-0.6867250068
-0.5762954464
-0.8535906987
-0.7108954468
-0.7357931237
-0.9260525923
-0.7656492289
-0.7331234420
-0.6453136080
-0.8043467235
-0.8133099776
-0.7907060298
-0.6365151857
-0.6608211459
-0.7777673637
-0.8001501066
-0.8451575453
-0.6668153354
-0.7624309185
-0.6143574283
-0.7716300152
-0.5970803961
-0.7233371505
-0.6366435939
-0.7195570099
-0.8679650417
-0.6282086184
-0.5203907669
-0.6885879769
-0.8663796199
-0.7489786947
-0.6896230974
-0.7507352146
-0.5665542440
-0.7697224928
-0.7447331039
-0.6048848037
-0.7589047305
-0.7511180129
-0.7302286194
-0.6456116242
-0.5147759169
-0.6541666871
-0.6159569279
-0.5822072961
-0.6403737952
-0.6953580547
-0.7061906757
-0.5933783500
-0.6317841132
-0.6533015253
-0.6360695237
-0.6038446532
-0.5452025093
-0.6921446124
-0.7052404480
-0.5745143989
-0.6756482164
-0.6245159422
-0.6530965857
-0.6591261137
-0.5442231305
-0.5599059491
-0.8086471154
-0.4943464392
-0.6743782681
-0.6303575063
-0.6236445653
-0.5169264347
-0.5894687702
-0.6362952330
-0.7378789655
-0.7395648419
-0.6632273348
-0.7096891354
-0.6149360498
-0.5757677042
-0.5568954034
-0.7094077646
-0.5473222945
-0.6141309209
-0.5279981074
-0.6440144978
-0.5918454652
-0.5800127303
-0.5936730773
-0.5251268706
-0.5576528700
-0.4677299231
-0.4438636111
-0.6243198832
-0.5598055172
-0.6169378167
-0.4482850092
-0.5657987487
-0.6406182316
-0.6462015480
-0.5790901149
-0.4131820905
-0.5578629300
-0.5504747361
-0.5608410453
-0.5645399377
-0.5727194392
-0.6107252436
-0.4876049274
-0.7193786384
-0.4837110097
-0.5380696712
-0.3920285346
-0.6217335199
-0.4711321655
-0.6145393684
-0.4394166040
-0.5491297201
-0.5012570363
-0.7176008993
-0.6632611833
-0.6043201203
-0.4832341522
-0.6196013803
-0.5678943853
-0.5885314587
-0.3704774302
-0.5013064218
-0.4100902973
-0.4807908193
-0.4570274600
-0.4824631228
-0.4609303447
-0.4777205688
-0.3988952781
-0.5049494385
-0.5844646566
-0.4475192591
-0.4291145786
-0.4503198069
-0.4727352505
-0.5222701315
-0.3220795607
-0.5509715663
-0.4445786520
-0.4972467038
-0.4923023986
-0.4764727955
-0.5336247767
-0.5047556121
-0.3169630333
-0.4261018075
-0.4707744156
-0.5792792950
-0.4997192841
-0.4690675823
-0.3777759517
-0.2959079757
-0.6032014183
-0.4061592045
-0.4293273042
-0.4667442515
-0.4147751822
-0.4145982820
-0.3874556868
-0.3439748952
-0.3937673612
-0.4846066943
-0.4942386846
-0.3545306916
-0.4461400150
-0.4210466315
-0.2939757467
-0.3589450875
-0.4911975760
-0.5212090082
-0.3815469194
-0.3184596807
-0.4015946797
-0.4932388853
-0.3938559745
-0.3509987387
-0.4199502267
-0.5436450552
-0.4045482257
-0.5892744309
-0.4458240073
-0.3040247883
-0.3763091784
-0.3991930705
-0.4845056765
-0.4979066441
-0.3132894324
-0.4651591428
-0.2307639163
-0.4440622770
-0.3542087053
-0.4398981238
-0.3756146516
-0.3663651600
-0.3032510238
-0.4122140911
-0.4373514483
-0.2294230306
-0.4311096588
-0.4082132908
-0.3930721249
-0.4574701657
-0.2493132448
-0.3124056088
-0.2193013714
-0.3073898858
-0.2630504587
-0.3413691994
-0.3592922987
-0.3126847026
-0.2238489710
-0.2990507272
-0.3074212046
-0.2788939423
-0.2731090838
-0.2186983583
-0.2724275484
-0.4411575834
-0.3016134133
-0.3473639562
-0.2696108509
-0.4004727497
-0.2538817802
-0.3559790159
-0.2592280839
-0.3895072797
-0.3713225994
-0.2994088044
-0.3889223998
-0.2778315246
-0.2705310897
-0.3188602661
-0.2382540855
-0.3469826151
-0.1998047279
-0.4168394253
-0.2349902429
-0.2476508513
-0.2242144126
-0.1843256499
-0.3785179410
-0.2638972773
-0.0719677753
-0.3627254557
-0.1880961263
-0.2825736245
-0.1060857734
-0.2834559284
-0.2487375039
-0.2389374314
-0.3093356208
-0.2655743790
-0.1333964820
-0.2699921529
-0.1245085058
-0.1400672094
-0.1717818774
-0.0752090018
-0.2507221157
-0.2236822917
-0.2602308102
-0.0718831595
-0.2977138493
-0.2926670344
-0.1290110885
-0.2639765632
-0.3001486964
-0.2439546771
-0.2276499633
-0.1908499793
-0.2677369449
-0.2398233385
-0.3162147992
-0.1974905696
-0.2751841774
-0.1835710596
-0.1773737975
-0.3279701930
-0.0828670389
-0.1990571878
-0.0864302218
-0.2659649648
-0.3665925849
-0.1819729160
-0.0479880412
-0.2081548737
-0.1002637344
-0.2113359828
-0.0797589714
-0.1863857352
-0.2689130714
-0.0296495163
-0.2057067575
-0.2688933783
-0.2685290348
-0.1800394005
-0.0928487079
-0.3238449584
-0.0806321752
-0.2573824950
-0.1719953152
-0.1595531955
-0.2203828201
-0.0083259230
-0.2384901945
-0.2799256385
-0.1744153808
0.0154184693
-0.0294599424
-0.0722492566
-0.1854907647
-0.0666359611
-0.1335285563
-0.0495970798
-0.0610573488
-0.1462125549
-0.1916035595
-0.2072885795
-0.1758002308
-0.1141478943
-0.1711138029
-0.0829215772
-0.0269206451
-0.1785756206
-0.1697831002
-0.1901094296
-0.0161540871
-0.1095136785
-0.0621117318
0.0508461664
0.1078687706
-0.0004405337
-0.0447959072
-0.1074413460
-0.0235374067
-0.1268207853
-0.2379349251
-0.0471376862
-0.0704061950
-0.0184293186
-0.0443305820
0.0814562123
0.0024443493
0.0022063723
0.0277691437
0.0139911854
-0.1239492823
-0.0237381564
-0.0157050627
-0.0086443453
-0.0695855428
0.0527995131
-0.0467482100
-0.1320242724
-0.0644047781
-0.0752001668
-0.0530041752
0.0734958663
-0.1643494454
0.0578960067
0.1058223809
-0.1132742147
0.0864737944
0.0439904697
0.0668363750
0.1182699020
-0.0334864771
0.0761351645
0.0667153750
0.0178023439
-0.0217481919
0.0235837152
0.0046793896
0.0572984462
0.0138560279
0.0634919500
-0.1901325407
0.0570405756
0.1139121596
0.0041803095
0.1524159239
0.1264301286
-0.1354576146
0.0230203363
0.1373197984
0.1244518623
0.0249980541
0.0013164486
0.0868769412
0.2189002222
-0.1212859369
0.0075837832
0.0149863044
0.0326711829
0.1942100334
-0.0098087934
0.0528530320
-0.1500344393
0.1870956811
0.0145753582
0.0263377789
0.0022566229
0.0235336479
0.0703093247
0.0736746844
0.1512674345
0.1361500650
0.1823927561
-0.0094806086
0.0507871494
0.0843144923
-0.0005440649
0.1020481031
0.0359534353
0.0517838411
0.0925370699
0.0719759140
0.1424034637
-0.0123501611
0.0060307422
0.1657310145
0.0812450202
0.0953791183
0.1125829516
0.2497610575
0.1017379317
0.1866156641
0.0720447327
0.0730690387
0.1023214182
0.1335062375
0.1999388499
0.1744292836
0.1685691878
0.1022894749
0.2804437964
0.1139252974
-0.0059362195
0.1312664472
0.1344614519
0.0779800990
0.1686082106
0.1356019696
0.1372024907
0.0611891602
0.0922758723
0.1457149003
0.2824660748
0.1012663463
0.1296074458
0.1773475337
0.1462592670
0.2000396601
0.1143281939
0.1414770866
0.2015663797
0.0606438377
0.1413742660
0.1302002317
0.1112331334
0.1374430502
-0.0618462432
0.2358197354
0.2716672092
0.0726214579
0.2487772386
0.1059823203
0.0915763489
0.1130124951
0.3303854802
0.2081648274
0.2294638565
0.3207197627
0.2153260672
0.1527981688
0.2615105039
0.0127074334
0.2815780563
0.2154737318
0.2221142354
0.2706861513
0.3651541337
0.2781379331
0.2462762481
0.1496181155
0.1754813703
0.0879766865
0.2411830150
0.2168135522
0.2866014121
0.3396651478
0.3670598189
0.1125794333
0.0788510592
0.3030418334
0.2870848893
0.3455643966
0.1747577118
0.1502592950
0.3029217141
0.1982480075
0.2528887764
0.2887602789
0.2692361438
0.2212532704
0.3067771474
0.3464143292
0.3331204294
0.3463505981
0.2352139821
0.3188970931
0.1978890995
0.1873382566
0.1551151534
0.3537252722
0.0990207561
0.4016887987
0.1781383060
0.2600906889
0.4195042688
0.2158721462
0.3830444978
0.3978243706
0.4066787477
0.2509342132
0.1095891731
0.2865108059
0.1962832421
0.2583697638
0.2352448011
0.2946664398
0.3038977031
0.2656861935
0.3741350503
0.4088876059
0.3882010308
0.2811541846
0.5101428002
0.3069296042
0.4736452314
0.3406156363
0.2347215394
0.3929927313
0.3450862266
0.2995962951
0.4330954336
0.1903981141
0.2717385681
0.3572558664
0.4487003428
0.3249878742
0.3874184789
0.3571434030
0.2710103519
0.3285928451
0.4305788789
0.3176567900
0.3377921235
0.3681135413
0.5129518654
0.2490445564
0.1751397243
0.3928627991
0.4049558340
0.4410667559
0.2711776719
0.2749622752
0.3889095939
0.4104136969
0.3920320219
0.2830957864
0.4233637293
0.3192664881
0.3199620571
0.4174604463
0.4651472802
0.3661978226
0.3633675795
0.4083568697
0.2787876027
0.4431798749
0.4874231268
0.4484048515
0.3787967587
0.4172219885
0.4328356825
0.5064925074
0.3922846705
0.3942016206
0.5150132747
0.4576582567
0.3833420209
0.4888933308
0.4037735466
0.4023941524
0.5115829580
0.3695568037
0.4698090938
0.4848529059
0.3516458482
0.4542085280
0.4308340510
0.5082276596
0.4540522036
0.4642678571
0.4217038067
0.4391387818
0.4293430483
0.4536667996
0.4625170649
0.5023236700
0.3983840838
0.5437069295
0.4873004858
0.3105452426
0.3951224973
0.4529219144
0.3944621072
0.4100372051
0.4862940733
0.3305114536
0.4419775164
0.3778754950
0.5120560116
0.4727369666
0.5697150999
0.5705223889
0.4614853189
0.5247036162
0.5934886977
0.4053770885
0.4618247528
0.5748615594
0.6579499363
0.4512165281
0.6196715510
0.5951996560
0.4920518288
0.5575413358
0.5822003409
0.4680963311
0.4344947090
0.5578967638
0.4723366269
0.5166057147
0.5009080708
0.4987236192
0.6570109517
0.5155261381
0.5700041462
0.4300945262
0.5657156923
0.5203392078
0.5710416224
0.5173848152
0.6218366043
0.5484146824
0.5852064427
0.4325258294
0.6398985912
0.5433943256
0.4919470916
0.4626771896
0.7091732715
0.4978933598
0.6078665244
0.6178355804
0.6982257229
0.7246367041
0.5413805951
0.4764572158
0.5714327299
0.5301873373
0.6039959908
0.6078188654
0.5700362535
0.7725420474
0.6763859255
0.5528478296
0.6238547594
0.5739402002
0.6746577273
0.5981519379
0.6976081681
0.7832387644
0.5984796153
0.5785712608
0.5677044415
0.7272290019
0.7867888701
0.6142345483
0.6265314187
0.6453944227
0.5799475552
0.7692693232
0.6254542754
0.6546886056
0.6138670440
0.7745320570
0.7015545525
0.6612018042
0.6114772714
0.6309969143
0.8093711803
0.7330582249
0.6470341278
0.6694697657
0.5375306526
0.7288764548
0.6176842059
0.6414763756
0.7794913800
0.6085129151
0.6714488975
0.7182424429
0.7406929292
0.6684160637
0.8327841768
0.6386286182
0.7281757363
0.7231739667
0.5508667994
0.7781656299
0.7586637125
0.6333299031
0.6518121901
0.6201907322
0.6522458360
0.6166953452
0.6616177145
0.7938817230
0.7346214804
0.6991462246
0.7820080347
0.7535475883
0.7532944512
0.7671553181
0.7845923418
0.6637439726
0.7738290479
0.6036972754
0.8231142096
0.7155597699
0.5921120484
0.7846957147
0.6904440298
0.8438166511
0.7701526484
0.8435072941
0.7336083421
0.7156249085
1.0246885513
0.7156181178
0.8330932362
0.7663557331
0.8468305907
0.7117589740
0.7203804436
0.7760104025
0.8593758612
0.6431163889
0.6490955762
0.8395496051
0.8724027474
0.8429101045
0.6916350380
0.8380942798
0.7467288451
0.8313214298
0.7094262989
0.8503860293
0.7919551428
0.8752473374
0.8992783649
0.8029570513
0.7887697001
0.8247839976
0.6896715416
0.7944117228
0.8873248746
0.7937942534
0.8160084208
0.8030027709
0.7804259579
0.6934263239
0.7702752684
0.7864612165
0.9155599916
0.8039300966
0.8262040786
0.8752542773
0.8331596716
0.8574926403
0.7999036924
0.7051767905
0.7592485548
0.7089977608
0.8725770662
0.8236805970
0.8105511480
0.9467859234
0.7406660611
0.8425905637
0.7381151950
0.8651860536
0.8409899347
0.8845288396
0.7907532677
0.9428725350
0.8636536328
0.9831777865
0.9239231844
0.7945320548
0.8647879359
0.9390209752
1.0505930472
0.9383090575
0.8854339455
0.8570518929
0.9962838791
0.7914174604
0.8464973355
0.9495316473
0.9896782178
0.9445551312
0.9580144879
0.8361456542
0.9730885507
0.8703856020
0.7923947582
0.8058864086
0.9286548590
0.9536095487
0.8149315117
1.0431026598
0.7391604787
0.8699976715
1.0703130089
0.9900964818
1.0694214126
0.9899764762
1.0246592514
0.8673889403
0.9761163758
0.9037560960
1.1771084600
0.8821030011
0.8375457243
1.0969965683
0.9991607871
0.9792885419
0.9999458658
1.0536245804
0.9282445364
1.0330658449
1.0350470797
0.9396690369
0.8293514998
0.9674164440
0.8738145541
0.8956355183
0.9700407182
1.0981297460
1.0192241989
0.9878365487
1.0271172519
0.9825436091
0.8785994322
0.9182136799
0.9521955782
1.0124930810
1.0036808563
1.0780831516
0.9896490232
