-1.0062295674
-0.9757618926
-1.0249695170
-1.0292130492
-1.0515074271
-1.1372588296
-1.0991597172
-0.9963859010
-1.0457445466
-1.0573888158
-0.9374581913
-1.1124010857
-1.0806193813
-0.9488336068
-0.9338363016
-0.8731562187
-1.0755314783
-1.0290943712
-0.9964800626
-0.9311476142
-0.9460595320
-0.7875221096
-1.0622446008
-0.9232576153
-0.9480843041
-0.9131576418
-1.0391478621
-0.9874091135
-0.9629561281
-0.9838232018
-0.8901911526
-0.8864899581
-0.9581625947
-0.9236825422
-0.9964448508
-0.9332142365
-0.9524716003
-1.1019701135
-1.0803005799
-0.9811983547
-0.9339464277
-0.9075182077
-0.9167918702
-1.0423779697
-0.8570774309
-0.9493258773
-1.0185163313
-0.9339275407
-0.8127569725
-0.8260900434
-0.9529684311
-0.9053845381
-1.0030441638
-0.8999080971
-0.8973022268
-0.9412748516
-1.1358578228
-0.9332061149
-0.8915027698
-0.8965404894
-0.8368380574
-0.9499047737
-0.8326502136
-0.9099463608
-0.8910878169
-0.8363256436
-0.8748028654
-0.9104518574
-0.8558476390
-0.9360813484
-0.7485865118
-1.0599016762
-0.8575439354
-0.7850147061
-0.6725136901
-0.8571016841
-0.7162624322
-0.8048590351
-0.9276424007
-0.9467781365
-0.9530620416
-0.8883657840
-0.7447094428
-0.8009635405
-0.7574946485
-0.8442889627
-0.7909057061
-0.7157040383
-0.8421235543
-0.7160650493
-0.8156844536
-0.6745698665
-0.8113839313
-0.9698537571
-0.8442545508
-0.8485023263
-1.0309207806
-0.6903441225
-0.8128241942
-0.7096517734
-0.7739057831
-0.9178714780
-0.8147252344
-0.8709509247
-0.7943003370
-0.8233853585
-0.8147472401
-0.8870159164
-0.8657993036
-0.9114661129
-0.7019777704
-0.8627609340
-0.7786751493
-0.6785916843
-0.7115389640
-0.8591454970
-0.7759552827
-0.8620998187
-0.7393369703
-0.8406715907
-0.7532496057
-0.6693073299
-0.6791993373
-0.7646979517
-0.6817011606
-0.8265657742
-0.7435444399
-0.6988208639
-0.8396070113
-0.7126965661
-0.7062129385
-0.6066183947
-0.7131666903
-0.8821982243
-0.8614299375
-0.7284392090
-0.6822411628
-0.7340304161
-0.6439026439
-0.9161952302
-0.7922158258
-0.7229257065
-0.7999159429
-0.6086240424
-0.6170032345
-0.7903762381
-0.6871056475
-0.6321294242
-0.6778839033
-0.6035244700
-0.5645364258
-0.8672097997
-0.8802238902
-0.6822023052
-0.8548483667
-0.7001637250
-0.6628386627
-0.6781295289
-0.7315551832
-0.8134096056
-0.7737765093
-0.7688708314
-0.7825676363
-0.6814492759
-0.7279110222
-0.4861111014
-0.6714644591
-0.5279065683
-0.5791367500
-0.6721566770
-0.7088947747
-0.7379835633
-0.6188899686
-0.8579866523
-0.5773747773
-0.7605173076
-0.6556689840
-0.8956487316
-0.7137546266
-0.6646425880
-0.6492689957
-0.5509404161
-0.5011659088
-0.6120854708
-0.4628649640
-0.7325036199
-0.6186910218
-0.7292064015
-0.5540850811
-0.8578667249
-0.6073989346
-0.6721920275
-0.6982151694
-0.5926535685
-0.5918780390
-0.6426222967
-0.8112572353
-0.6118071189
-0.6667714969
-0.7011653172
-0.5296365905
-0.6510897973
-0.6425284280
-0.7184672677
-0.6137519131
-0.6725963488
-0.5364771532
-0.5169460090
-0.4476774372
-0.7168925535
-0.5930967607
-0.5029575933
-0.6536181838
-0.5895792782
-0.4747542360
-0.6648973773
-0.6086092724
-0.7139747506
-0.4788821408
-0.6312347505
-0.5978035126
-0.6242747861
-0.4451402746
-0.5577094552
-0.4267724786
-0.4968849298
-0.4878422421
-0.5370338495
-0.5796181969
-0.4936868038
-0.4331610369
-0.5715811764
-0.6187339890
-0.6130923711
-0.5079451376
-0.5665253217
-0.6546451247
-0.5496017916
-0.5477972888
-0.6405813198
-0.6008259897
-0.4759764139
-0.5658075872
-0.5097610603
-0.6591845619
-0.5443000920
-0.5650898025
-0.3862383539
-0.5013653247
-0.6511858644
-0.6286213452
-0.5670705831
-0.4728665581
-0.5743341800
-0.4297161672
-0.5094885934
-0.5800528656
-0.3875184963
-0.3992116272
-0.5986230953
-0.3639406574
-0.4616475447
-0.4714561027
-0.4191025563
-0.3531233730
-0.4913781217
-0.4896063010
-0.2970325160
-0.3158014885
-0.3554448102
-0.4657110882
-0.4634952311
-0.3912225276
-0.4891151396
-0.3747795801
-0.4997299539
-0.4270731351
-0.4169031155
-0.4170335292
-0.4449557516
-0.4384887539
-0.3568972114
-0.4537386588
-0.4852449141
-0.4145415517
-0.2934489841
-0.4067115272
-0.5310383997
-0.5375777548
-0.3612239160
-0.4262336034
-0.4031587713
-0.3134485791
-0.4706648299
-0.4580157296
-0.3740963067
-0.4598991156
-0.5056002022
-0.4237077331
-0.4050567570
-0.3986909561
-0.5366509842
-0.3808938723
-0.2570893419
-0.5197461410
-0.3237928295
-0.3452544826
-0.3805705845
-0.4243158626
-0.4584088309
-0.3208057523
-0.4175743622
-0.3934397278
-0.4253164214
-0.4538757981
-0.3624692228
-0.5288656823
-0.4158031304
-0.1530913953
-0.3552585524
-0.2090774879
-0.4157929810
-0.4040260982
-0.2806898118
-0.5305343087
-0.3067341589
-0.4275419406
-0.3578066907
-0.2616312258
-0.4718118032
-0.3508844306
-0.2275429834
-0.2295079067
-0.3774087380
-0.4225864176
-0.3640638285
-0.3536608729
-0.3368680274
-0.1803769594
-0.4040475204
-0.3421959303
-0.2212671426
-0.3163072087
-0.3487886994
-0.5859047536
-0.3984004674
-0.3549340986
-0.2892038742
-0.1515804227
-0.2232818093
-0.1187305347
-0.3623044148
-0.3440821321
-0.3123450726
-0.4079202672
-0.3878933752
-0.1892364463
-0.2827565549
-0.3810210495
-0.1707640754
-0.2636033116
-0.3435289827
-0.4116207753
-0.1198093395
-0.2376497314
-0.2419426228
-0.3310679133
-0.2785974730
-0.2050850193
-0.2771716940
-0.2848387322
-0.2053540106
-0.3090204974
-0.1635293622
-0.2157524725
-0.2848526138
-0.2452606915
-0.3220751346
-0.2563648147
-0.2853725467
-0.2464785688
-0.3142616985
-0.3406422749
-0.3306817195
-0.2295656781
-0.2002158196
-0.2112589545
-0.1679650053
-0.1760422886
-0.1594956423
-0.3082036575
-0.2431605976
-0.1308027593
-0.1970283812
-0.2061389265
-0.3226642187
-0.2331804457
-0.2123174488
-0.3458181339
-0.2663713113
-0.3351166548
-0.2602756830
-0.2705507084
-0.2393699482
-0.2628791257
-0.2034950363
-0.2678548985
-0.3550408593
-0.2243602079
-0.1828964683
-0.0543661138
-0.2982179619
-0.0924593847
-0.2557884820
-0.0627247739
-0.1049602859
-0.0221644179
-0.1508804260
0.0427856347
-0.2347358646
-0.1466697282
-0.2103528081
-0.0485990085
-0.1663876037
-0.1651295157
-0.1540169324
-0.0243848481
-0.1070338090
-0.1021531863
-0.1996207773
-0.0686558654
-0.2455550219
-0.1129207081
-0.1510393784
-0.2299003287
-0.1337912573
-0.1232371505
-0.0516472737
-0.1096502151
-0.2251810025
-0.1440388776
-0.0158306865
-0.1903526023
-0.0680556924
-0.1236940906
-0.3321970659
-0.1321911915
-0.1288632113
-0.1072151760
-0.0461610430
-0.2060003118
-0.0812522629
0.0247985788
-0.2002792038
-0.0894122302
-0.1124519989
-0.0169307355
0.0874130546
-0.0796317109
-0.1038645495
-0.1180543542
-0.0864863041
-0.1650581196
-0.0178995277
-0.0289592775
-0.1358845156
-0.2334138764
-0.0191533258
-0.2555292335
-0.0037098024
-0.0153314247
-0.0971426443
-0.0161377431
0.0339730503
-0.2207306885
-0.1389724242
-0.0178404985
0.0206427503
0.0471549550
-0.1470737763
0.1046068375
-0.0742286148
-0.0127492107
-0.0666562174
0.0617019280
-0.0041068136
0.0151313554
-0.0568460313
0.1037330048
0.0024193962
-0.1047496208
0.0932331208
0.1029427015
-0.0129286918
-0.1216990353
-0.0387957544
-0.0567779635
0.0203459744
0.0347445172
-0.0523193826
0.0311142746
0.1250996160
-0.0127444272
0.0900559913
-0.0268415402
0.0052526092
-0.1252053609
-0.0839009048
-0.0309106805
0.0336413955
-0.0888215545
0.0013340761
0.0432820064
0.1764357428
0.0434380801
0.1545269084
0.0390091437
0.0187413666
-0.0668492665
0.0818012128
0.0119462877
0.1040952325
0.1967920558
0.1135550066
-0.0635626967
-0.0495173698
-0.0074254189
-0.0742192911
-0.0955699228
-0.1471065435
0.1050055592
0.1490699536
-0.0303804650
0.1311817233
0.1089202235
0.0894057075
0.2044015406
0.1456766638
0.0598306110
0.0684160481
-0.0488093414
0.1468023204
-0.0206419013
0.0013844338
0.0294300582
0.0828149669
0.1360202320
0.1866088010
0.1112271843
0.0927072103
0.0041690820
0.0384089738
0.0569449372
-0.0005030214
0.0568075973
0.1058712795
0.2483388664
0.1757832134
0.1500923046
0.3597832368
0.1637579893
0.1022994919
0.1967696235
0.0613331896
-0.0044463552
0.1837192242
0.2503082485
0.1044270840
0.2414104365
0.1919412542
0.0994847983
0.1360952015
0.0385091625
0.2207467511
0.0711056103
0.2406002188
0.1291610482
0.2353526381
0.0597555280
0.2546121475
0.2126954897
-0.0388216428
0.1296832464
-0.0202933258
0.1307674311
0.1239957944
0.2175477378
0.3763083870
0.0888643621
0.0711094351
0.1282650242
0.0364501368
0.0843618967
0.2053092075
0.2237655508
0.3134604002
0.1626759472
0.1635127854
0.3142103223
0.1856362120
0.1535638753
0.1186130678
0.2473980998
0.2924562486
0.3864559778
0.2308769759
0.3098056115
0.3379923065
0.0708716698
0.2276120134
0.1655574196
0.2786095870
0.2291817314
0.1339914382
0.1129002462
0.1138102665
0.1597980825
0.2530498671
0.2392855499
0.2934965072
0.1582310286
0.2001627324
0.2702518540
0.3028270700
0.1083398199
0.2352172984
0.2036337307
0.2058152213
0.1406288760
0.2151513284
0.1390455755
0.0951386587
0.3545656498
0.3430764917
0.2156038458
0.3271726416
0.2583862094
0.1610700492
0.2016855104
0.2939739174
0.3926182900
0.3230362847
0.5105531146
0.2880234453
0.3503009616
0.3722348963
0.2391840954
0.3697469498
0.3269234524
0.4162670831
0.4607331910
0.3088987398
0.1824423612
0.3354552673
0.3318021522
0.4180914041
0.3279816645
0.2424886221
0.4749213859
0.3291915924
0.4119380149
0.3875831755
0.3106849745
0.4900908773
0.3250246792
0.4117539312
0.3221014798
0.1662756334
0.3173543859
0.2981517675
0.3855351891
0.1652098714
0.4636400476
0.1476074859
0.3965939038
0.2997652452
0.3106396550
0.4828942351
0.2902987243
0.2181084236
0.3367294625
0.4177891977
0.4510349984
0.3526536084
0.4689029681
0.4659969854
0.3417591653
0.4082526864
0.3067431850
0.3943087413
0.3792099602
0.3005233067
0.4062980338
0.3999109586
0.2652652322
0.3626420470
0.4013344954
0.3879463608
0.4689854973
0.3389917609
0.3706144789
0.4168118904
0.4808733902
0.4539899110
0.4274146273
0.4597317755
0.5086463527
0.4921246747
0.3039479593
0.5251995254
0.5411739782
0.4644138581
0.4514079036
0.3534362194
0.4360557864
0.4934442890
0.3397082783
0.4030946806
0.4294368895
0.5510549509
0.5734724605
0.4192707326
0.3749445197
0.3602026863
0.4801758238
0.4814093630
0.5150420868
0.5138294181
0.5459392034
0.5537362847
0.4019053851
0.4591154174
0.5134662178
0.3793533939
0.5010432145
0.4988809875
0.5490853740
0.4992734010
0.2964466099
0.3746127292
0.6114945595
0.4453438841
0.5685412204
0.6432713738
0.3423538671
0.3597058874
0.5448371194
0.7015484288
0.5012290913
0.4782963670
0.3983969587
0.5705178017
0.5042597668
0.4724371582
0.4490324607
0.5399426656
0.2863567697
0.4353293411
0.5460092175
0.7635554662
0.5771139315
0.4781617661
0.5232227255
0.4612844288
0.6486406816
0.5727286999
0.4542171328
0.4396996350
0.5820842252
0.5368522385
0.5300945453
0.6231360080
0.5553751648
0.5975370493
0.7339122802
0.5867794941
0.5783519071
0.6355871958
0.5482673759
0.4199477394
0.5639010032
0.6983680743
0.6573013540
0.5194948460
0.5752997951
0.5337667112
0.5317244240
0.7538892048
0.5972501383
0.5915422095
0.6764059190
0.5866622804
0.4565781118
0.6504927764
0.6391022527
0.5771623297
0.5244555490
0.8465634366
0.7201540223
0.7130411826
0.6756886391
0.5637992534
0.6954768701
0.5468625287
0.6643840341
0.6196987634
0.6486518465
0.5674697636
0.6598649657
0.5983642889
0.6454279599
0.6169077168
0.6376142139
0.6466356035
0.6760945423
0.6867022877
0.7202670663
0.5529542564
0.5649688570
0.6048054657
0.6436459488
0.6301131550
0.6406026794
0.6038685876
0.6900813693
0.6034608733
0.6405075501
0.7462314075
0.5432497861
0.5973128714
0.6903127796
0.5995920586
0.5924289748
0.6387961587
0.5062739728
0.5268195282
0.6904203277
0.6496450252
0.8754784268
0.5829591569
0.5692204520
0.5859632064
0.6377110617
0.6488415036
0.6042922617
0.6952591944
0.6788578510
0.6735011158
0.6860806607
0.6076444952
0.7501475676
0.8859298659
0.7295680203
0.6600517798
0.7859446164
0.8205357815
0.7510765979
0.7280262667
0.7994657858
0.7125818091
0.7452468758
0.7713495886
0.7381078533
0.6303610002
0.8228576609
0.7613436138
0.7986176748
0.7446875730
0.6381691479
0.6361564860
0.5317754393
0.8023323004
0.6976113801
0.7611776851
0.8754223076
0.8392308738
0.8256800109
0.6527450317
0.7652573800
0.8624275839
0.8405128334
0.8137768764
0.7067918965
0.7518179587
0.8027347486
0.8676262677
0.6076180790
0.7982376455
0.8042807289
0.7458884271
0.8038045576
0.7054151685
0.7715759318
0.7060343968
0.7663363263
0.8627842913
0.7824429637
0.7400658083
0.8259030483
0.7980514664
0.8863850826
0.7475997921
0.9435265222
0.8709007565
0.8339320642
0.7286581210
0.7555934849
0.8094992935
0.8714681032
0.8598770732
0.6851834069
0.6978630497
0.7222710220
0.8221158776
0.6945936683
0.8055062830
0.8073992499
1.0145307384
0.8640991318
0.8009899539
0.8152442847
0.9891034658
0.8289200146
0.9101725314
0.8764747208
1.0232393802
0.6748620751
0.9101264681
0.8162459974
0.7870207331
0.9010204453
0.7785422571
0.8231676075
0.8037592726
0.9305418351
0.9657613167
0.8353445388
0.7913640788
0.8335256302
0.9971284177
0.9019365906
0.8654344501
0.9906505557
0.9142383903
0.8826360952
0.9417536732
0.7751221516
0.7686797542
0.9000928571
0.8133563680
0.7853716925
0.8172284013
0.6764691055
0.9202078287
0.9860819415
0.9846245906
0.9272721500
0.8773163064
0.9409700366
1.0517164207
0.8915816832
1.0508554105
0.9185146342
0.9321439619
0.9295956451
0.7003375043
0.9261737563
1.0942666614
0.7585517422
0.9665356742
1.0063967989
0.7928510894
0.9698824900
0.9224521895
1.0112523734
0.9680501918
0.9629602466
0.8859004690
0.9913676668
0.9727714968
1.0508229749
0.9557775869
0.9846902249
1.0376486164
0.9788452482
0.9316432204
0.8741246207
0.8733428064
0.7999913552
0.9521112557
1.0358562127
0.9221778727
0.9150665544
0.9952549215
0.9513145687
0.9405882865
1.0202109077
1.0832644408
1.0463342319
0.9692899561
