-1.0502461455
-0.8831833520
-0.8452933038
-0.9752475587
-0.9419622682
-0.9871086216
-1.0446293586
-1.1409818311
-0.9244021674
-1.1190576094
-0.9633747403
-0.7871422493
-1.0270003482
-1.1374399703
-0.9808129803
-0.7714026798
-1.1117654175
-1.0811500715
-0.9584584086
-1.0418004956
-0.8803422772
-0.9590333491
-0.9799786886
-0.9866017318
-1.0350755175
-0.7407240423
-1.0751336616
-0.8670443009
-0.9518502141
-1.0130800556
-0.9486805833
-1.0932446816
-0.7015978804
-1.0430809792
-0.9179916803
-0.9888291623
-1.0495408991
-0.8914965024
-0.9414113768
-1.0137914729
-0.8605704594
-0.8836113204
-1.0059881475
-0.8705127298
-0.9584611058
-0.9171134184
-0.9821247232
-0.8409921253
-0.9132395332
-0.8466160976
-0.7013176624
-0.8456710077
-0.9305563113
-0.9134756606
-0.9784068826
-1.0181256233
-0.9855078544
-0.8474964758
-1.0897083485
-1.0287866518
-0.8637330974
-0.9197633164
-0.7403755465
-0.9190767501
-0.8162044399
-0.8064388776
-0.7641071995
-0.9725334261
-0.9231378124
-0.7521585561
-0.8247148998
-0.9278637447
-0.8967372138
-0.9680520590
-0.9314721738
-0.8696668814
-0.8678667559
-0.7797489048
-0.8573631785
-0.7992917502
-0.8965925675
-0.9084655165
-1.0807489626
-0.8934626999
-0.9214616533
-0.7278823198
-0.6335454083
-0.8885230992
-0.7230429497
-0.6928343797
-1.0035135121
-0.6922315931
-0.8942587528
-0.8011093622
-0.9334166832
-0.8319872851
-0.8513956166
-0.7964243897
-0.7272351545
-0.7485209144
-0.7611836424
-0.6542878274
-0.8446602517
-0.7520622564
-0.7517397979
-0.7341069878
-0.5408644414
-0.7805639654
-0.7432875092
-0.8406850060
-0.8653039102
-0.8090976553
-0.7199636043
-0.7372100888
-0.8085336268
-0.7875539972
-0.7617581755
-0.5708400555
-0.7016322799
-0.7750818683
-0.7519561960
-0.6281619707
-0.7209542356
-0.6616059815
-0.8014937958
-0.7678300708
-0.6412303035
-0.7466975150
-0.6102531765
-0.5716015885
-0.8514742016
-0.7010599281
-0.7594168116
-0.7275678117
-0.8027511287
-0.6044763627
-0.5461439670
-0.7287861838
-0.8819654545
-0.8153810873
-0.6963561938
-0.7010818190
-0.7288077544
-0.7225157273
-0.7068133914
-0.7340658220
-0.7034422632
-0.5994727950
-0.8029768311
-0.7714361649
-0.7630775708
-0.6885009007
-0.7791233968
-0.6273332600
-0.6845564055
-0.8480636309
-0.7004921367
-0.7316270441
-0.6145633148
-0.6765995156
-0.6064257485
-0.5997478349
-0.7879647714
-0.7564539738
-0.8414855142
-0.7138247558
-0.6392932607
-0.6375619850
-0.7016696700
-0.5984997203
-0.6882585835
-0.6032647778
-0.5594641459
-0.6900659180
-0.6391091617
-0.7324644657
-0.5255085589
-0.7362163767
-0.7704250315
-0.5433184469
-0.7098047259
-0.6617674430
-0.6530773969
-0.6715465356
-0.5632894623
-0.6633325519
-0.5837049089
-0.5444393017
-0.6816067565
-0.7227448882
-0.6389550759
-0.5222436183
-0.6443410994
-0.5255288657
-0.6626339613
-0.5374665003
-0.6096003294
-0.6576329368
-0.6702549583
-0.6010200944
-0.6091925022
-0.6893901312
-0.6865644631
-0.6526067481
-0.5780151543
-0.5651300569
-0.7499116758
-0.6033713449
-0.6281883423
-0.6031361858
-0.6733380189
-0.7191275487
-0.6345093980
-0.6073559981
-0.6779997363
-0.6965095168
-0.4275600434
-0.5924895234
-0.4622607910
-0.5926289222
-0.4674740055
-0.6379517768
-0.6079356319
-0.5691485843
-0.5697872294
-0.6400074281
-0.5775378742
-0.4044292993
-0.6482048380
-0.4490855893
-0.5515940138
-0.6402341928
-0.6573359087
-0.5540841773
-0.4652334905
-0.5239140976
-0.5574546311
-0.4943942268
-0.4866129716
-0.5968882485
-0.4544812291
-0.7549351269
-0.3569074314
-0.5036567859
-0.4775343272
-0.5649848132
-0.4938444657
-0.5673162944
-0.6142182097
-0.3635286464
-0.5516987647
-0.6002439865
-0.4606378302
-0.6128100432
-0.3598426680
-0.4531832755
-0.5118253055
-0.4971096627
-0.3398623608
-0.3585601955
-0.3798084033
-0.5043306189
-0.5009654457
-0.4468449119
-0.5551566553
-0.3193383621
-0.2610378192
-0.4353640468
-0.4800275893
-0.5629995763
-0.3163508179
-0.5381415096
-0.4620770729
-0.3831190161
-0.5012600658
-0.3626337407
-0.5298623063
-0.4199944405
-0.4881945255
-0.5977159973
-0.4661515702
-0.3525808466
-0.4977607983
-0.4714842701
-0.2871920867
-0.3486917162
-0.2267807192
-0.4409283573
-0.5029036172
-0.4492983401
-0.4056882020
-0.4659506822
-0.4288863432
-0.3745200797
-0.2920072602
-0.4301009839
-0.4473876856
-0.4470081402
-0.3741207148
-0.5329941931
-0.2748455562
-0.3781481456
-0.3600502699
-0.2669779562
-0.4694398000
-0.3759991881
-0.3965335839
-0.4765217287
-0.3666395318
-0.0960460702
-0.3618370034
-0.3704743081
-0.3453128137
-0.4116188373
-0.4374077211
-0.4681016645
-0.1973517455
-0.3854201773
-0.3945285575
-0.3536977392
-0.3835705424
-0.3418989674
-0.3584593237
-0.2096483720
-0.3484446808
-0.5442579352
-0.2788544002
-0.5301251404
-0.2860227340
-0.4701069150
-0.4271537832
-0.3585502827
-0.4023998184
-0.4005252150
-0.2845597508
-0.2387583247
-0.3258015196
-0.4217490093
-0.2691826595
-0.3592692886
-0.2550492596
-0.2219172667
-0.4480120717
-0.3889486092
-0.4542442673
-0.2958008508
-0.4330875060
-0.2881106024
-0.3086460419
-0.1429312707
-0.3438441464
-0.2849230682
-0.1927691181
-0.2856787040
-0.4406481946
-0.2713773576
-0.1920458261
-0.3612745692
-0.2981121837
-0.4525457111
-0.3070486901
-0.2450051614
-0.1529693753
-0.4490526609
-0.2859797579
-0.2006952045
-0.3756651743
-0.3576204769
-0.2545939772
-0.2317293513
-0.3041080826
-0.3438622994
-0.1726545790
-0.0943414804
-0.4300154042
-0.1913143138
-0.2894130483
-0.2559161002
-0.1725071620
-0.2630261719
-0.1716711968
-0.2679868496
-0.1930680488
-0.4100876506
-0.1742400859
-0.3903106904
-0.2642166414
-0.4397242544
-0.2418442166
-0.2150882664
-0.0903409658
-0.2017009253
-0.3191813666
-0.2236808565
-0.2413632872
-0.1258843905
-0.0818926310
-0.2094133269
-0.2741506419
-0.1868377405
-0.1942279499
-0.1764057459
-0.2005937201
-0.2108141572
-0.2307343472
-0.1550836757
-0.2234542163
-0.2291227003
-0.1149196010
-0.1682141919
-0.2499501566
-0.1828046507
-0.2259087234
-0.1331593495
-0.2497031050
-0.0559172272
-0.1572864816
-0.1189894685
-0.0735852273
-0.2473634851
-0.1760525118
-0.0072754414
-0.0673535392
-0.2099781165
-0.0999594985
-0.1019138507
-0.1706588852
-0.2067633913
-0.1680588399
-0.1413618085
-0.2242803278
-0.0509314027
-0.0818071094
-0.0094752978
-0.0102384464
-0.1451659544
-0.0237801231
-0.1144326060
-0.0618472558
-0.0925735562
-0.0519650125
-0.1461669110
-0.1129164519
0.0040765270
-0.2362106312
-0.1307877752
-0.0484302388
-0.1094266985
-0.1413282451
-0.0846804369
-0.1440416340
-0.0328105387
-0.2321335215
-0.1275836917
-0.1250822972
-0.0261129219
-0.1383877901
-0.0785608641
-0.0625888623
-0.1643722498
-0.1361136732
-0.1060997848
-0.1014489028
-0.2063560727
-0.0417752706
-0.1886488659
-0.1000033895
-0.1103199144
-0.0645441199
0.0978430012
-0.1670022794
-0.0552277466
-0.0604540832
0.0130909352
-0.0181793884
-0.0374323507
-0.1454270934
-0.0210370579
-0.0352146267
-0.0660835510
0.0750164489
-0.0927688363
-0.0643832964
-0.0689669994
0.0992173283
-0.2900010693
-0.0593774624
-0.0739679312
-0.0939443991
-0.0335709876
-0.1250534257
-0.0010350134
0.0264698547
0.0545885771
0.0729079832
-0.0198789994
-0.1112327085
0.1216060197
-0.0339360129
0.0443671733
0.0255190211
-0.0356281768
0.0429925634
-0.0609267349
-0.0496638491
0.0721667553
-0.0465098202
-0.1594723300
0.1573427675
0.0407067685
0.1586033781
0.0528303454
0.0815288353
-0.0674755549
0.0641161503
-0.0087433889
-0.0013218017
0.0878477818
-0.0462844536
0.1403150222
0.0438779948
0.2238260417
0.2457296845
0.1039746366
0.1220658462
-0.0302303739
0.0675662895
-0.0437234454
-0.0332775028
0.1545479527
0.0094057762
0.0625692563
-0.0104897955
-0.0344056834
0.0170759916
0.0968354898
-0.0154898756
0.0129323311
0.0586747882
0.1068162231
0.0382128378
0.0862306774
0.0736104082
0.1298136311
0.0259661538
0.0153921357
0.0856552927
-0.0389417984
-0.0021016047
0.1909274189
0.1535722098
0.1872484196
0.0770324477
0.0203731579
0.0557488562
0.1528317145
0.1809709838
-0.0093990813
0.3692629114
-0.0325046155
0.1411075621
0.2524977470
0.0271129089
0.2365481042
0.2355825755
0.0785665976
0.1573743628
0.2540034961
0.1317535000
0.2169072413
0.1394809415
0.1302175344
0.1118578224
0.1378573722
0.2597538253
0.1624373629
0.2461609680
0.0511631807
0.1881197546
0.1387329412
0.1754105498
0.1052499032
0.2011513086
0.2171639100
0.1015796795
0.0598101362
0.1774646569
0.2604864413
0.2011070206
0.1512912074
0.2076383897
0.2880405989
0.0668772707
0.1111842196
0.2236492845
0.0771836782
0.1683301902
0.2837727063
0.1889857219
0.1726595111
0.2653875568
0.2479708455
0.1591287929
0.1232153644
0.0913638230
0.3771594093
0.1459771955
0.1780771224
0.2650815762
0.3881331763
0.3751958889
0.3960417756
0.1754227248
0.2207682534
0.0510936207
0.4149397382
0.1921931044
0.2030285327
0.2203289301
0.2259162046
0.2790217209
0.2060806557
0.2475603518
0.2236799325
0.2462423423
0.4173295538
0.1546487168
0.2172734641
0.1533605324
0.1956165293
0.3256576670
0.3176604650
0.2103800789
0.1539787763
0.3362799258
0.3454134018
0.1887560423
0.3184257676
0.2739405520
0.2003462304
0.3507038894
0.1588820411
0.3520266766
0.1537184123
0.1938256969
0.3542317520
0.2936982051
0.2649000597
0.2462735527
0.2620360570
0.4725538522
0.3725800760
0.4393337659
0.3102829515
0.2886322375
0.2923570222
0.2444226988
0.3936938311
0.3159540443
0.2270978877
0.2274289807
0.1884247985
0.4471735290
0.3551651889
0.2883991494
0.3478361080
0.4113993303
0.3404669507
0.2156909641
0.1375038600
0.1631472203
0.3574088902
0.4659315461
0.2923690279
0.3534963976
0.3419807377
0.3881282202
0.4216891590
0.4780734938
0.3870728934
0.3453426302
0.2447103598
0.4062579261
0.4856359219
0.4844228295
0.3399697395
0.4560866507
0.2767611556
0.3782683438
0.2523272526
0.2839471599
0.3685072777
0.3441974935
0.3652572801
0.2184481821
0.3617654268
0.3348007637
0.3913309648
0.3664986714
0.4175887482
0.4767270049
0.5348011869
0.4719535066
0.2821314174
0.3721927285
0.3768737072
0.5633315332
0.4023418762
0.4099198428
0.4424840134
0.4439492874
0.4592040629
0.3840766374
0.5794360021
0.4705640731
0.3420572855
0.2763198588
0.3697171042
0.3835592469
0.4742839779
0.4828018288
0.4843404793
0.5209751309
0.3181222724
0.4900390825
0.2533299785
0.3894679602
0.5533911200
0.5685341218
0.5753816171
0.3213292366
0.4713099977
0.3705486785
0.5557929111
0.3594616137
0.5216759281
0.3141084422
0.4383497162
0.3007617413
0.4082052972
0.4713983511
0.4848086740
0.3097023342
0.3822382336
0.4724390010
0.6259728792
0.5666427003
0.6027079938
0.5269674891
0.4372448906
0.6344868699
0.5600100491
0.4462749523
0.5031185031
0.3787325748
0.4509153696
0.4820072648
0.5293428820
0.4951201323
0.6846718687
0.4761563219
0.6172953097
0.5539132446
0.5492137287
0.5198817547
0.3499428807
0.4009588135
0.5770161195
0.4551215670
0.5128263471
0.3982325158
0.5583759300
0.5007735000
0.4947026581
0.6969028521
0.4882452789
0.4927254128
0.5449831875
0.6067196625
0.5456619010
0.6302393152
0.5182162264
0.6542823746
0.5189704204
0.5640964779
0.6475543421
0.5359872028
0.5649585413
0.5658686313
0.5376856899
0.4509037162
0.5399895637
0.5465033981
0.5961811307
0.5499186544
0.5759809062
0.6056106694
0.7307335628
0.6249725171
0.6634945886
0.5996184587
0.5438371051
0.6262170115
0.7289302145
0.6402533381
0.5710180285
0.7296420033
0.6349765955
0.7004565228
0.6451258677
0.6420898196
0.4810367751
0.6665471032
0.6892799973
0.8146615454
0.5159018644
0.6175564711
0.6709862720
0.7007780246
0.6744605047
0.5740290387
0.6875171788
0.7684293118
0.6179044405
0.6740553918
0.6828646161
0.5241790291
0.6919029354
0.6633994546
0.6910360895
0.6282047864
0.6278362532
0.6278761486
0.7801059647
0.6982810311
0.7611373426
0.7387250789
0.6318296654
0.6322648353
0.4775248352
0.6880560204
0.7379419195
0.8147693646
0.7310260289
0.6376910210
0.6329291081
0.7085065098
0.5790869276
0.4971093812
0.4583906630
0.7280084204
0.7089986780
0.6660212451
0.6265793450
0.4896660116
0.7303495388
0.9159124258
0.7215244760
0.7769168796
0.7811628361
0.7507672656
0.6641195017
0.8146352367
0.8540300437
0.6810557326
0.6011121480
0.7148597099
0.6902218309
0.7837068714
0.7333269363
0.7854571231
0.7120668617
0.6720909896
0.6978664555
0.6393863824
0.6344167658
0.7888754315
0.8100096862
0.6659673929
0.7265514477
0.6958345483
0.7911948368
0.6898170503
0.8058558710
0.7470707724
0.7139264274
0.7027223965
0.8241730248
0.7483793941
0.7796312576
0.8756934403
0.6006980077
0.8826429026
0.8146335931
0.8707663601
0.8316983151
0.7315381013
0.7028970643
0.8429896005
0.7469294381
0.7695871702
0.6965281360
0.7225152241
0.7388100749
0.7098021496
0.8608590428
0.8327515953
0.8249264214
0.7674583956
0.8607808232
0.9531954455
0.8556274348
0.8681363047
0.8781616953
0.9026389430
0.7187361162
0.9360287197
0.9237319580
0.7615426028
0.8444936811
0.8503126484
0.7774540854
1.0112653486
0.8748722006
0.7654006763
0.8479433690
0.7467141441
0.7445851659
0.8016763454
0.7938573311
0.7404785356
0.8614243347
0.8733824223
0.8998644131
0.8023497426
0.8560478053
0.9030711365
0.8957826209
0.9198856364
0.9946807508
0.8374749152
0.8725157141
0.8768643910
0.8307130183
0.9346145535
0.8187364258
1.0599486200
0.8427270066
0.8594164703
0.8534524394
0.9483599064
0.9317673551
0.8958891765
0.9573683676
0.8539295059
0.7913806642
0.8399810178
0.8489151714
0.6712680603
0.9082845436
1.0995181050
0.9744956930
0.9772832319
0.8845338185
0.8850672516
0.9467938247
0.9693097627
1.1609408088
0.8116312223
0.9509161929
1.0210984700
0.8795554588
0.8768906429
0.9441450975
0.9221338548
0.8914808399
0.9330853055
0.9189850873
0.8084394513
0.9983434764
0.9995137971
1.0424652682
0.9866167595
1.0003919485
0.8172859603
1.0058783335
1.0068394461
1.0281772181
1.0218217462
0.9056053525
0.8470535349
1.0788227188
1.1882385863
0.9573585948
0.8231489729
0.9062006205
0.9514952744
0.9449364488
0.9872427519
0.9519307257
