-1.0701272033
-0.8558297610
-0.8471716805
-0.9525160448
-0.9425457455
-1.0016114932
-1.0364100431
-1.1340350336
-0.9327475688
-1.1145469205
-0.9753888551
-0.7816254707
-1.0265683666
-1.1401960465
-0.9956421035
-0.7815069126
-1.1492213436
-1.0735721443
-0.9411543902
-1.0105477556
-0.8734727668
-0.9745539279
-0.9693540340
-1.0047700541
-1.0384379860
-0.7603039907
-1.0684171170
-0.8687047890
-0.9370658819
-1.0207566922
-0.9884202018
-1.0894227846
-0.7173931175
-1.0286218531
-0.9171359443
-1.0195530363
-1.0593225456
-0.8992552697
-0.9434712161
-1.0018723577
-0.8433833613
-0.8880936015
-1.0102541480
-0.8690392915
-0.9536322927
-0.9126990880
-0.9946671815
-0.8273446032
-0.9022888760
-0.8515445996
-0.6902904319
-0.8344046763
-0.9333167172
-0.9284585522
-0.9829558784
-1.0355607995
-0.9768575529
-0.8548593793
-1.0907891730
-1.0120625992
-0.8511362572
-0.9411432042
-0.7197968040
-0.9268940687
-0.8356890818
-0.8143328457
-0.7775047530
-0.9995647129
-0.9222542721
-0.7674017142
-0.8247481518
-0.9438656091
-0.9063941658
-0.9735199296
-0.9325179379
-0.8647590943
-0.8696776591
-0.7877590487
-0.8481281019
-0.7779904767
-0.8983957566
-0.9161785128
-1.0782543390
-0.8843152761
-0.9176132989
-0.7633769301
-0.6476149322
-0.8746025333
-0.7195856451
-0.6828158919
-0.9903255338
-0.6931716054
-0.9115280784
-0.7717041624
-0.9042814652
-0.8203962251
-0.8863744381
-0.7876651528
-0.7280713834
-0.7461428600
-0.7716744379
-0.6590834914
-0.8264927594
-0.7443546573
-0.7541342639
-0.7275014654
-0.5565311370
-0.7800288688
-0.7631791321
-0.8250223715
-0.8439931311
-0.8111074008
-0.7204897245
-0.7457138949
-0.8164325407
-0.7947763990
-0.7725020815
-0.5361695866
-0.7112356796
-0.7665091599
-0.7583921311
-0.6358645111
-0.7144766062
-0.6504112704
-0.7884792955
-0.7787246280
-0.6518545739
-0.7363436204
-0.6201011899
-0.5704647227
-0.8737167443
-0.6946048016
-0.7544278121
-0.7161872184
-0.7961240520
-0.6223001864
-0.5355315800
-0.7307039602
-0.9016707677
-0.8317779681
-0.7021143730
-0.6797429970
-0.7070066392
-0.6875815222
-0.7059415337
-0.7175822515
-0.6935277272
-0.6077737363
-0.8073740926
-0.7644533501
-0.7679531160
-0.6854604925
-0.7654498676
-0.6475698009
-0.6962747228
-0.8578506255
-0.7165433430
-0.7590473906
-0.5944943730
-0.6691901574
-0.5873911382
-0.6027897672
-0.7820030525
-0.7593380890
-0.8642063397
-0.7050382563
-0.6268635021
-0.6330444873
-0.7191805864
-0.5959327013
-0.6662438594
-0.6195665791
-0.5504413558
-0.6932856297
-0.6341437981
-0.7525705817
-0.5146122475
-0.7458733999
-0.7761658117
-0.5379350050
-0.7120063257
-0.6902809176
-0.6424860574
-0.6626267745
-0.5455871523
-0.6739955035
-0.5899523994
-0.5514799189
-0.6789000456
-0.7370501262
-0.6426337112
-0.4978183117
-0.6589992621
-0.5479622824
-0.6655526563
-0.5230081210
-0.5986063760
-0.6505064577
-0.6732141193
-0.5856256492
-0.6160398472
-0.6725193176
-0.6929495202
-0.6490531669
-0.5829930266
-0.5592795198
-0.7497667274
-0.6084638881
-0.6566661256
-0.6037904594
-0.6820367372
-0.7030135785
-0.6305734608
-0.5862609090
-0.6876958298
-0.7145464148
-0.4293593076
-0.6042422229
-0.4767565142
-0.5979067238
-0.4500436850
-0.6297701533
-0.6302504432
-0.5679783479
-0.5699444777
-0.6313169759
-0.5812598803
-0.3723842909
-0.6323152369
-0.4393061828
-0.5686956824
-0.6277981657
-0.6825478059
-0.5501697487
-0.4734470632
-0.5148956259
-0.5506341111
-0.4895849629
-0.4855840778
-0.5982772306
-0.4430942429
-0.7800121538
-0.3567852096
-0.5109295303
-0.4776291749
-0.5561756954
-0.4875110223
-0.5661287525
-0.5959651714
-0.3621320226
-0.5227425157
-0.6050020865
-0.4645011101
-0.6272620053
-0.3622844059
-0.4529325619
-0.5217995451
-0.5221396900
-0.3339845580
-0.3702740674
-0.3534219700
-0.5040992219
-0.5203005556
-0.4397843166
-0.5547432174
-0.3269653746
-0.2641775627
-0.4304812133
-0.4655012850
-0.5895224563
-0.3105506221
-0.5504304047
-0.4770468343
-0.4007258359
-0.4912542362
-0.3670268609
-0.5322959067
-0.4285605896
-0.4839816160
-0.6092351791
-0.4495295239
-0.3700879175
-0.4807694315
-0.4892673506
-0.2864139630
-0.3531335004
-0.2274909452
-0.4318882995
-0.4938910789
-0.4381120907
-0.4101465295
-0.4865774706
-0.4343756217
-0.3900019017
-0.2809436797
-0.4255078619
-0.4493061232
-0.4379031355
-0.3537435181
-0.5284276606
-0.2553599777
-0.3795708366
-0.3325730594
-0.2551526702
-0.4756490634
-0.3845642557
-0.3912032701
-0.4970352606
-0.3687391516
-0.1052979656
-0.3617096971
-0.3633399002
-0.3471069671
-0.4228618790
-0.4589354378
-0.4758669338
-0.2061858002
-0.3641004230
-0.3950658607
-0.3498890297
-0.3830347940
-0.3469048926
-0.3122430957
-0.2015774352
-0.3573485324
-0.5518634373
-0.2787753884
-0.5393102628
-0.2901597311
-0.4803271250
-0.4219341141
-0.3531248453
-0.4174498126
-0.3979571366
-0.2719142410
-0.2194770956
-0.3480667631
-0.4197848236
-0.2766118388
-0.3688294129
-0.2495588219
-0.2193973076
-0.4111252570
-0.3987883145
-0.4580403326
-0.3093322526
-0.4488586919
-0.2861652619
-0.3010377912
-0.1225953814
-0.3301227440
-0.2950665150
-0.2111406430
-0.2994479300
-0.4254009778
-0.2789729547
-0.2121326289
-0.3798043937
-0.2962479378
-0.4501785868
-0.2912235343
-0.2377848024
-0.1611586143
-0.4551840300
-0.2929347819
-0.1929937792
-0.3721840169
-0.3661380510
-0.2821764871
-0.2371228816
-0.3076769604
-0.3405346135
-0.1690099264
-0.1013081617
-0.4030428295
-0.1646606428
-0.2979373024
-0.2445490666
-0.1645771412
-0.2684124617
-0.1493904596
-0.2527315390
-0.1889057737
-0.3888188356
-0.1972708356
-0.3988895992
-0.3042306985
-0.4740681693
-0.2544953313
-0.2125635614
-0.0928838609
-0.2066068177
-0.3200926195
-0.2435334706
-0.2162034675
-0.1475366804
-0.0681893920
-0.2469562970
-0.2783437318
-0.1929492538
-0.1762701273
-0.1878048984
-0.1866372117
-0.2226555459
-0.2343577128
-0.1399215671
-0.2347529578
-0.2259726842
-0.1336324467
-0.1772126694
-0.2456454506
-0.1830338675
-0.2275917718
-0.1196924757
-0.2285619486
-0.0607576641
-0.1582735059
-0.1386272131
-0.0932296887
-0.2670891782
-0.1681901278
-0.0221834735
-0.0690284279
-0.1997815367
-0.1040286575
-0.1114000961
-0.1548372792
-0.1942148152
-0.1864001172
-0.1273813930
-0.2091025981
-0.0420386439
-0.0962675380
-0.0065090473
-0.0395540243
-0.1489743719
-0.0204374695
-0.0972767938
-0.0821475574
-0.1014789538
-0.0675789468
-0.1424369716
-0.0918398595
0.0009312762
-0.2448337302
-0.1246633109
-0.0582757745
-0.1343293842
-0.1535129650
-0.0813185529
-0.1425750630
-0.0134715002
-0.2307937733
-0.1284012695
-0.1410408145
-0.0170948574
-0.1362131522
-0.1033352086
-0.0418015220
-0.1534594822
-0.1386420182
-0.0857201355
-0.1106386049
-0.2013514363
-0.0342751039
-0.1970674471
-0.1009658794
-0.1067590331
-0.0675506769
0.0755238002
-0.1941080455
-0.0688119597
-0.0580071269
0.0252291524
-0.0278926859
-0.0331427920
-0.1614490596
-0.0335565985
-0.0207808337
-0.0834794027
0.0632150247
-0.1042249144
-0.0443695125
-0.0728079365
0.0948547953
-0.2971757688
-0.0621833359
-0.0707221445
-0.1078093397
-0.0412166950
-0.1227202552
-0.0163336708
0.0091899968
0.0405362001
0.0802262875
-0.0335570245
-0.1278693327
0.1190513499
-0.0151236521
0.0262637526
0.0468060178
-0.0389943437
0.0303939169
-0.0477434548
-0.0339699393
0.0938328878
-0.0505344822
-0.1550291679
0.1639037368
0.0243201730
0.1769785748
0.0541832128
0.0798967169
-0.0711709464
0.0468070874
0.0014091882
-0.0193292812
0.0878342014
-0.0451124938
0.1399512154
0.0427031927
0.2384647433
0.2519117703
0.0783045324
0.1359108069
-0.0266601492
0.0660692333
-0.0399223958
-0.0287915680
0.1212555313
0.0122848792
0.0705183208
-0.0189759445
-0.0461979560
0.0304420089
0.1077939030
-0.0285924928
0.0266630085
0.0751942286
0.0951879923
0.0423579814
0.0739960569
0.0916424272
0.1374646846
0.0189711562
0.0161547673
0.0946746284
-0.0176201321
-0.0174091808
0.1765889884
0.1508686047
0.1946076031
0.0841222871
0.0037113041
0.0454827381
0.1490423934
0.1903404432
-0.0082043208
0.3579401655
-0.0124162309
0.1338310996
0.2616325330
0.0607479995
0.2452820986
0.2219984172
0.0706411279
0.1915041600
0.2545487488
0.1336053359
0.2449227989
0.1349232689
0.1621280796
0.0844286575
0.1212799482
0.2634577950
0.1611984038
0.2375512004
0.0807370743
0.1727469906
0.1314318750
0.1796738738
0.1073949850
0.2034295795
0.2323565934
0.1251146879
0.0706855504
0.1879750469
0.2743375556
0.1989921419
0.1189768319
0.2013129783
0.3018400804
0.0358401221
0.1019078334
0.2212431801
0.0705858351
0.1728536637
0.2893826776
0.1853136788
0.1605495219
0.2670248533
0.2337916414
0.1716781920
0.1500365279
0.0926077581
0.3492465498
0.1406304372
0.1907148773
0.2515453194
0.3821163937
0.3688302111
0.3683685835
0.1674309171
0.2367233629
0.0763441513
0.4071817302
0.1813958398
0.2156905330
0.2015382687
0.2432586055
0.2734633197
0.2178609659
0.2358515367
0.2171808713
0.2440537363
0.4343422874
0.1699001511
0.2280046265
0.1617645963
0.1913753761
0.3102781982
0.3178707298
0.2342000884
0.1520660416
0.3499278196
0.3436559320
0.1713244810
0.3379472533
0.2905858919
0.2069449585
0.3340621445
0.1374254171
0.3612622944
0.1586763478
0.2014385884
0.3459301421
0.3190575645
0.2561886242
0.2495480705
0.2789833939
0.4677295107
0.3432907019
0.4348432635
0.2767484495
0.3010411115
0.3132292813
0.2532598635
0.3951929707
0.2899991783
0.2022622513
0.2687816761
0.1893860441
0.4544422178
0.3683809199
0.2956218945
0.3282117012
0.3926876290
0.3469332752
0.2090679190
0.1414238871
0.1701232494
0.3562118571
0.4794074665
0.2665313632
0.3553765858
0.3447468002
0.3638282327
0.4215785902
0.4920565064
0.3735442454
0.3437462995
0.2577032479
0.4082960447
0.4789748371
0.4963786345
0.3409962750
0.4443043423
0.2823882828
0.3676258782
0.2399992933
0.2758199677
0.3534687934
0.3307918608
0.3626032225
0.1930112413
0.3671952902
0.3222058441
0.4059180671
0.3682400106
0.4189620316
0.4534842952
0.5294665388
0.4561331677
0.2732665473
0.3932658060
0.3603214376
0.5330136870
0.4098428438
0.4294849657
0.4503774016
0.4424497831
0.4701453332
0.3956250361
0.5934202306
0.4609309610
0.3423350511
0.2947470401
0.3837361658
0.3699766804
0.4572107472
0.4972713213
0.4886730284
0.4810085902
0.3076055964
0.4761988656
0.2752970752
0.3908061354
0.5418563706
0.5577814448
0.5890527656
0.3282560464
0.4498087533
0.3667184398
0.5362678038
0.3654561540
0.5492419175
0.3275447775
0.4517695750
0.2914140334
0.4132623966
0.4707128898
0.4757129961
0.2971968090
0.3958014657
0.4593620029
0.5944262015
0.5508274350
0.5844351325
0.5306616426
0.4457442770
0.6538598727
0.5414455612
0.4377570657
0.4955851071
0.3967264329
0.4379150103
0.4802009759
0.5360517512
0.4906244315
0.6747532892
0.4697193617
0.6027597973
0.5489454649
0.5152146294
0.4965382331
0.3307589369
0.3953364386
0.5600971477
0.4630948899
0.5247297661
0.4021381676
0.5552489130
0.4783395781
0.4983726696
0.6849729816
0.5024344153
0.5080798061
0.5413814821
0.5968881064
0.5454010568
0.6378039649
0.5295794710
0.6683917183
0.5199630027
0.5507120660
0.6294171588
0.5237128370
0.5804212658
0.5808823165
0.5640187925
0.4368477932
0.5494758251
0.5640666667
0.6218189812
0.5592042264
0.5593734759
0.6214790646
0.7201414923
0.6595748617
0.6773415147
0.5968404270
0.5469205719
0.6182778916
0.7262695173
0.6363122744
0.5862312559
0.7405431766
0.6332902348
0.7021301489
0.6355877325
0.6385254152
0.4912679485
0.6724516099
0.6630081639
0.8212044634
0.5110699726
0.6315953757
0.6709183341
0.7270268070
0.6573076189
0.6004886900
0.6684820874
0.7628740814
0.6113750745
0.6930724974
0.6825983010
0.5332211960
0.7047980572
0.6905232425
0.6920151556
0.6152515567
0.6279105308
0.6356468014
0.7759885454
0.7010442005
0.7567437579
0.7699446768
0.6075474416
0.6134376788
0.5011036103
0.7167506565
0.7230644299
0.8114514241
0.7457031132
0.6615012768
0.6792104034
0.7049089635
0.5819546146
0.5209984489
0.4731900510
0.7219217165
0.7316748950
0.6368547381
0.6217747420
0.4937107826
0.7234900483
0.9157666291
0.7088803651
0.7646563043
0.8022902763
0.7405030280
0.6818098221
0.8084983213
0.8575353797
0.7085282218
0.6337792124
0.7152390594
0.6925297360
0.7670532809
0.7346454354
0.7933815544
0.6771939816
0.7023595786
0.6852142182
0.6460411436
0.6461266490
0.8002561664
0.8064677942
0.6753636315
0.7118487150
0.6840406287
0.8183616030
0.6917188532
0.8157854947
0.7753694436
0.6946316859
0.6939737228
0.8352631110
0.7261924959
0.7955583877
0.8710922250
0.5979399756
0.8859879832
0.8316083057
0.8669403322
0.8517300732
0.7356324804
0.6940914935
0.8523085113
0.7652435631
0.7723329272
0.7085621879
0.7166092997
0.7794203979
0.7035770022
0.8584486203
0.8412356773
0.8209564739
0.7682176515
0.8537373068
0.9319800423
0.8766809914
0.8695198892
0.8942609020
0.9024268082
0.7199596419
0.9107862397
0.9545003099
0.7734925642
0.8537607184
0.8513321576
0.7883712869
1.0118667906
0.8881779878
0.7868494903
0.8647109982
0.7407249830
0.7476336059
0.8269936817
0.8073713261
0.7355746722
0.8568517388
0.8847472752
0.8888423687
0.8276309973
0.8856226597
0.9341619178
0.9178962945
0.9270728146
0.9885419036
0.8408503205
0.8858311880
0.9012808640
0.8054362378
0.9400232544
0.8053183119
1.0518376826
0.8375813304
0.8634501467
0.8483059327
0.9492037238
0.9395992128
0.9037823943
0.9647685133
0.8584604161
0.8066835528
0.8278262905
0.8505195766
0.6833636132
0.9280180634
1.1192876637
0.9785240575
0.9802846412
0.9191255864
0.8960016677
0.9622453169
0.9885554062
1.1528764293
0.8032730620
0.9419144688
1.0198369968
0.8940746434
0.8906424589
0.9121080198
0.8946788692
0.8951077157
0.9086240904
0.9236656635
0.8138564093
0.9958815000
1.0149532828
1.0600466269
0.9975707367
1.0307598450
0.8216336364
1.0016367632
1.0009227186
1.0504529965
1.0250220390
0.9094404055
0.8450157355
1.0757214969
1.1801645801
0.9576177795
0.8083387165
0.9100022750
0.9621413050
0.9411648688
1.0000807044
0.9592135666
