-0.8873315446
-1.0121973050
-0.9987109663
-0.9526967693
-0.9513749915
-0.9278615707
-1.0232500661
-0.9243723203
-0.9744633415
-0.9918600109
-1.0441620531
-1.0017384130
-1.0610654255
-0.9745960841
-0.9612675236
-0.9559494284
-1.0175402800
-1.0285762904
-0.9148796182
-0.7344809638
-1.0095650767
-0.8612414708
-0.9441801277
-1.0011151930
-0.9253371836
-0.9073838871
-0.9677004019
-0.7989937584
-0.9881588026
-0.9115145642
-0.9610223924
-0.8501037712
-0.7735850781
-1.0634501612
-0.8395350483
-1.0147126853
-0.9043856646
-0.8228401053
-0.7551917044
-0.8080458070
-0.8831746635
-0.7414386442
-1.0590951426
-0.9231689777
-0.9254593704
-0.7024787244
-0.8464309957
-0.8672310164
-0.9712071190
-0.8290147174
-0.7917775932
-0.9016497574
-0.9470318226
-0.8514643404
-0.8786362655
-0.9704447840
-1.0401290858
-0.8009818536
-0.9551522600
-0.7670509738
-0.8527555951
-0.9763285712
-0.8315688053
-0.8113052029
-0.9352470365
-0.9127316363
-0.8522212621
-0.9092228787
-0.9184918213
-0.8172693439
-0.9367269697
-0.7564849283
-0.7216448468
-0.7727050341
-0.9895805487
-0.9451662482
-0.8243926341
-0.8465731748
-0.8179357290
-0.7897638188
-0.7981374364
-0.7413396010
-0.7968227366
-0.9864429185
-0.7360853568
-0.6984173014
-0.7995063124
-0.9523619311
-0.9540548417
-0.7779530702
-0.8160938974
-0.5566206587
-0.6751577041
-0.8790421057
-0.9222480757
-0.7603149951
-0.7811458772
-0.8132238262
-0.8205642235
-0.8343608768
-0.8616695943
-0.8140360486
-0.7393674814
-0.8505484168
-0.8440061080
-0.7987216672
-0.9019989017
-0.9930130510
-0.8890274978
-0.7299633713
-0.8466580206
-0.8511661545
-0.7561262828
-0.8183730393
-0.8149356997
-0.6920845876
-0.6868185646
-0.6010948268
-0.8212243308
-0.6090726298
-0.6099223673
-0.7023691111
-0.8009951748
-0.6802533089
-0.7374143858
-0.5612388913
-0.5966558366
-0.5951122393
-0.9174481258
-0.6960227719
-0.6952073671
-0.6611971506
-0.7245736142
-0.7283549589
-0.7223146320
-0.7931723252
-0.6401193737
-0.6833822666
-0.7279834445
-0.6717504720
-0.7691411697
-0.6865120909
-0.7148866169
-0.7796078656
-0.6165077292
-0.8044106956
-0.6867732262
-0.7142936877
-0.7970221276
-0.5104711594
-0.7161898545
-0.7919816238
-0.5837460566
-0.6638273955
-0.6676294674
-0.6638343829
-0.7370208260
-0.5754074874
-0.6935301907
-0.7930649152
-0.8001431091
-0.6124574521
-0.5341511382
-0.6771762519
-0.5755258233
-0.7340140739
-0.7362250192
-0.6515220792
-0.6214861225
-0.7954750268
-0.7263058498
-0.6495015952
-0.6821861795
-0.6331631758
-0.5745793861
-0.6876997997
-0.6360005768
-0.6319613345
-0.6805166476
-0.5775606527
-0.6323203754
-0.5052499271
-0.7032895925
-0.5831851599
-0.7097467695
-0.7222395978
-0.5231136524
-0.6378853721
-0.5769133408
-0.6951994407
-0.6704806604
-0.7053206744
-0.7036334630
-0.7022838772
-0.6689325210
-0.5855031773
-0.6294732055
-0.4443750513
-0.6009991023
-0.5645925938
-0.5252762001
-0.5347354070
-0.4898255496
-0.5215415043
-0.6167952564
-0.5536252369
-0.6908614447
-0.5018023938
-0.5661188613
-0.5314500385
-0.7991895768
-0.6546562606
-0.6234569165
-0.6220358915
-0.3662083067
-0.4463383311
-0.5490777682
-0.5318438219
-0.5277538118
-0.5973096066
-0.6156464217
-0.6258964776
-0.4885890348
-0.5533206466
-0.6020376746
-0.5052152086
-0.6477100808
-0.4820730250
-0.5778427558
-0.5285250545
-0.3187928812
-0.6087588802
-0.6250608710
-0.6150905421
-0.6319371829
-0.4951219601
-0.4918323277
-0.5134543069
-0.5519483716
-0.4907993799
-0.5626346245
-0.6071499339
-0.4400775635
-0.4995100489
-0.5145100405
-0.5298786049
-0.5655250510
-0.5287697898
-0.4371853849
-0.5361205488
-0.4240269448
-0.5505289600
-0.4227267187
-0.4762882283
-0.5569503918
-0.4981591835
-0.3123537377
-0.4648108455
-0.5808965543
-0.3842336283
-0.3564476261
-0.4534034175
-0.4654410058
-0.3811425420
-0.5148765685
-0.6035135115
-0.5154688112
-0.5086204335
-0.3898346536
-0.3843327100
-0.3971536934
-0.3863892084
-0.4183655991
-0.4458471330
-0.5913881842
-0.5096927744
-0.3905198990
-0.4528026054
-0.4053333893
-0.3668446746
-0.2974899425
-0.5430383523
-0.3640850684
-0.3488494113
-0.4668521837
-0.3989907424
-0.4028541312
-0.3980813827
-0.4714900224
-0.4199047689
-0.5228926559
-0.4845669068
-0.5179050762
-0.3823841595
-0.5523854880
-0.3101495030
-0.3565448259
-0.4427149651
-0.2809917658
-0.3719168201
-0.3916011173
-0.4401531675
-0.4365443154
-0.3168943466
-0.2719912966
-0.4585014853
-0.3451741169
-0.4259696735
-0.3440316616
-0.3332684983
-0.4933606495
-0.3965669543
-0.4694834144
-0.3411079144
-0.3483284076
-0.2700499084
-0.5291042591
-0.2785049639
-0.3970776479
-0.2414798490
-0.2744788690
-0.3251853798
-0.2570437378
-0.2941501074
-0.3002489120
-0.4077885881
-0.3827036484
-0.5350485721
-0.3636168789
-0.3070518143
-0.2647005975
-0.4630418452
-0.3550129537
-0.4425451765
-0.3531244579
-0.2172616538
-0.4169750301
-0.3199878528
-0.2797154372
-0.3131887326
-0.3476652352
-0.1716280942
-0.2073924552
-0.1099650858
-0.4357868647
-0.3794053800
-0.2873475929
-0.3109823183
-0.2729452698
-0.3051670231
-0.2871513596
-0.3554198370
-0.2051353516
-0.2014053302
-0.3757118623
-0.2032913764
-0.4231907124
-0.3360699812
-0.3698081585
-0.2840642271
-0.2970074493
-0.3008128659
-0.2315942027
-0.3896718488
-0.4696721902
-0.4350469334
-0.2636259028
-0.3294270123
-0.1114881014
-0.2949000633
-0.1925151360
-0.2122777392
-0.1906904253
-0.2148724065
-0.2913198457
-0.2091383837
-0.2469156330
-0.3163153976
-0.1986761905
-0.2118271266
-0.3523034845
-0.0957194033
-0.3191401344
-0.3905981872
-0.3130378829
-0.2623474916
-0.1561379403
-0.1447657371
-0.1421135937
-0.0099808272
-0.2837423227
-0.3435073843
-0.1657054852
-0.3007478070
-0.1797232981
-0.2252650828
-0.2077114126
-0.2644792481
-0.2928941553
-0.3081606052
-0.2921559592
-0.2015039468
-0.0897892238
-0.1592937994
-0.0972170437
-0.1365710467
-0.3245679168
-0.0273009750
-0.2066377767
-0.1520131850
-0.1748566052
-0.1197328660
-0.0831477857
-0.0604033539
-0.2647822603
-0.2409521327
-0.0838904697
-0.3214895186
-0.1789782737
-0.2038675017
-0.2968012712
-0.2059933351
-0.0800345504
-0.0810708865
-0.0393615274
-0.1959526982
-0.2114757464
-0.1033273794
-0.0933489218
-0.0745746203
-0.1557506787
-0.1616048776
-0.1094490438
-0.0726314513
-0.0150903427
-0.1766815502
-0.0584071036
-0.0088593016
-0.2656867658
-0.0783336208
-0.0198151716
-0.1126809815
-0.0969605501
-0.0181434044
-0.0237321595
-0.1390009924
-0.0806790430
-0.0632022400
-0.1165213318
-0.0151153879
-0.0211740532
-0.1276031304
-0.1643685001
0.0101193986
-0.1249314246
-0.0790149936
-0.1310020914
-0.0010150025
0.0143379537
-0.1298303458
-0.0951131590
-0.0803046304
-0.1376987725
-0.1530855414
-0.0816546845
-0.1257474738
-0.0061651267
-0.0294741654
-0.0831009593
-0.1190871758
-0.1699285846
-0.1601332689
-0.1336111995
-0.1422592406
-0.1214359988
-0.0530313901
0.0067786930
0.1172326125
-0.0327531915
0.0048371806
0.2230208179
-0.0061895874
0.0179847698
0.0654772534
0.0315690917
-0.1667942135
-0.1556777124
-0.1439594837
-0.0428111710
0.0685054595
-0.0841535266
0.0824380662
0.0320794604
-0.0159067007
0.0638635488
-0.0383813433
-0.0252514265
0.0024650696
-0.1473947563
-0.0893018435
-0.0793871418
0.0644448566
0.1476659877
-0.0160720102
-0.0715952892
0.0703582660
-0.0927833629
0.1000699581
-0.1420090931
0.0282125464
0.0130255701
0.1759440311
0.0165574041
0.0101358927
0.0421955669
0.1130676334
-0.0101185920
-0.1524282458
0.1272124636
-0.1154670365
-0.0419585883
0.0102271700
0.1144413648
-0.2303440555
-0.0970895945
-0.0277382308
-0.0945842784
0.1023116942
-0.0475657487
0.0410955600
0.0962808621
-0.0502878076
-0.0146146879
-0.0844913253
0.0642566746
0.1109788661
0.0384469764
-0.0081300186
-0.0084065111
0.0757570444
0.1176468480
0.0891973426
0.0709800376
0.3293706638
-0.0764754921
0.2566576817
0.1536670110
0.1636555702
0.0215418907
0.0632336952
0.1716255036
0.0006699471
0.0608386029
-0.0325189909
0.1237741567
-0.0661439409
0.1545219711
0.1318089496
0.1105715622
0.0976628356
0.0924526148
0.1347571286
0.1454015078
0.1470502941
0.0938166371
0.0890781716
0.1476259800
0.0547919544
0.1369498416
0.1331239848
0.2682001074
0.0343772277
0.1904088668
0.1626332681
0.0112342618
0.1334189409
0.0383586874
0.1536088041
0.1964585718
0.2796750564
0.1133709328
0.1898483840
0.1734250349
0.2016843432
0.0654019613
0.1275705049
0.2759869100
0.1607099380
0.0862305644
0.1744446494
0.2171072767
0.3176604034
0.2579847189
0.1827166271
0.2478816489
0.0506753465
0.2529314533
0.2754859148
0.2523108571
0.1955999721
0.0539045766
0.2459699074
0.1432624511
0.3129635486
0.2704824475
0.1480218868
0.1809026513
0.3139508709
0.0931476135
0.2582310893
0.1318512745
0.1268669892
0.3005270936
0.2921878754
0.2685755869
0.1798128828
0.2665585405
0.0722798380
0.2621420229
0.3763446477
0.3815129495
0.1263510582
0.3795081943
0.1866831655
0.2913482358
0.2134252258
0.2028495758
0.1464474461
0.2374299644
0.2778768216
0.3939829743
0.2507410310
0.1311591342
0.1963020804
0.2991909268
0.2481474643
0.3581627348
0.2985499701
0.3322038112
0.2461739961
0.2584856985
0.1323002479
0.2508050737
0.1561157160
0.2786653270
0.4181198884
0.3713832413
0.1769065768
0.3552508370
0.4878933738
0.1915921887
0.2843112073
0.1405296207
0.2850331342
0.1948035326
0.2420840700
0.3314678422
0.1996351121
0.3173418691
0.2581648464
0.2974939242
0.3756745366
0.2775342387
0.1921604057
0.2655879631
0.2748285405
0.3316841414
0.3310338138
0.2411647083
0.3524486531
0.4313815144
0.3047097026
0.3668687799
0.3071472220
0.2336716377
0.3038778592
0.4606754918
0.3029807466
0.3269205828
0.3904183935
0.3720331990
0.2987560239
0.2627743366
0.3184995521
0.4162670074
0.3787066760
0.5016575105
0.3982620634
0.5120930729
0.4096901049
0.3155195835
0.4309939297
0.2875597809
0.4207048407
0.2254508709
0.4476276923
0.4194981950
0.3545317256
0.4782470349
0.3093819832
0.4381307050
0.3498584774
0.5029642194
0.4066055187
0.3001322305
0.5204845432
0.3947305084
0.3562942246
0.4232295530
0.4031854033
0.4572408169
0.3924353963
0.3870794355
0.4170705011
0.3569791996
0.2391913481
0.4509499695
0.3967335826
0.4197763502
0.4359439830
0.4998348328
0.4313177111
0.4150634999
0.5888134301
0.4942320723
0.4892832441
0.4769551678
0.5245361152
0.5205880263
0.3678034128
0.4796312461
0.5363742095
0.3520497999
0.5547039184
0.6300068084
0.5292790533
0.3236621325
0.4122092720
0.4892161094
0.5823722522
0.6130891027
0.5218275415
0.5064424188
0.4220844292
0.3969191038
0.5327093753
0.5619925601
0.4812510459
0.6284662627
0.5579038392
0.4176788478
0.6505101574
0.5080687251
0.5198332179
0.5452849115
0.4958018962
0.5071445105
0.6451112421
0.5428050781
0.4140431293
0.5353296614
0.5258605415
0.5344768304
0.5840052739
0.5540279419
0.7641970169
0.5303258258
0.5555476419
0.3673314887
0.5202152042
0.4875309057
0.5388118216
0.5734462318
0.5734795750
0.4255922828
0.6520509163
0.5714136591
0.4679253902
0.7243049896
0.6065865815
0.5932002071
0.7166340404
0.5405692450
0.5935120342
0.5654217676
0.4605516455
0.6064529290
0.6322017744
0.6562510995
0.6549879948
0.5287811661
0.4525716071
0.5824603235
0.4824846688
0.4681783128
0.6667205045
0.4414247697
0.5277270479
0.4336890989
0.5739456941
0.6644737744
0.5685392069
0.6509360416
0.6587605856
0.4855536984
0.5711081544
0.6948147726
0.5708313814
0.5478386014
0.5484209452
0.7591465072
0.5668261867
0.5567227975
0.6333102957
0.6691673843
0.4659211389
0.6229574502
0.6241677948
0.6405100567
0.7853832823
0.4414340281
0.6136340564
0.7508719284
0.7528671806
0.5934429576
0.5315022457
0.6052512491
0.8749828645
0.6534419812
0.6423116535
0.7568322973
0.5463325969
0.7535393024
0.7534508216
0.6283786102
0.6621694593
0.6628390628
0.6032884225
0.7371332418
0.7673529426
0.7419401144
0.6335207160
0.5754147218
0.6716934364
0.5658609298
0.7627398789
0.7057841429
0.7044983713
0.7501923220
0.7931132323
0.6929551900
0.7451894398
0.6336145037
0.5465634956
0.7275796074
0.6030604060
0.7125441889
0.6112665073
0.7327599681
0.8099310987
0.7408228799
0.6934198172
0.6589145337
0.6378208372
0.8225951874
0.7514609755
0.8423375501
0.9251273554
0.8335586474
0.7538472933
0.6660289544
0.6772080784
0.6407682012
0.7220547776
0.8471636466
0.8553697910
0.8294313028
0.6938566853
0.6269750086
0.8324339620
0.7851241222
0.7246031288
0.7721286266
0.7710718438
0.8103231739
0.7097882498
0.9138723769
0.8103112927
0.8179122333
0.7321158869
0.8272386192
0.9524687680
0.6850542352
0.7555071190
0.8076525784
0.7928444195
0.6924690922
0.8095879660
0.7922048501
0.8274526374
0.7008950204
0.7019760840
0.8178457455
0.7748533774
0.7888563557
0.9703243901
0.7972537010
0.8370529728
0.9142499602
0.8092146892
0.9387885902
0.7713543495
0.9175250788
1.0318250323
0.8034059783
0.7961076398
0.8066794900
0.8970299987
0.8689504100
0.8193757975
0.8268375682
0.7643059944
0.8946004482
0.8307960793
0.8353342275
0.9402492661
0.8710290822
0.8019286622
0.9396716236
0.8413233781
0.8069018220
0.7534328260
0.9811291838
0.7621897966
0.9150019071
0.8577590443
0.8502800537
0.9212972005
0.9590851565
0.8604874314
1.0006669192
0.8109786576
0.8226345466
0.9136127108
0.8285440289
0.9069380496
0.7330093100
0.9599489158
0.9704186975
0.8109344918
0.8135640157
0.9884602639
0.8738171680
0.9616793709
0.9211110479
0.7870201360
0.8461143177
0.8628403694
0.8398873352
0.9683475207
0.9536348208
1.0092155174
0.9018078006
0.8898096609
1.0506010592
1.0790280660
0.9546725930
0.8891040669
0.8771714225
1.0149881283
0.9216981441
0.9412866243
0.9099599753
0.9034996362
0.9166679087
0.8923813015
1.0412288149
0.9590067305
0.9213374060
1.0632627836
0.8746449166
0.9347863210
0.9015315503
1.0357707482
0.9642185001
0.9116119654
0.9972019041
0.9578520272
1.0389034251
1.0103964868
1.0605397837
1.0990224155
1.0621128284
1.0153233015
1.0489178834
0.8911113757
1.0688900718
1.0421196493
1.0234880702
1.1096395087
