-1.1369560582
-1.0988832208
-1.0054411037
-0.9942629271
-0.9850314560
-1.1006604438
-1.0850067972
-0.8913113770
-1.0483182672
-0.9692119286
-0.9308009689
-0.8044089015
-0.8923207480
-1.0280058857
-1.0470285462
-0.9133842138
-0.9173187944
-0.8976013725
-1.0380665243
-0.9733471569
-0.9064693311
-0.9369247111
-1.0326384221
-0.7853990221
-0.9401108140
-0.8327002922
-1.0180302809
-0.9698995670
-0.9596078251
-0.9700379966
-0.9354314737
-0.8449875738
-0.9553596716
-1.0984135294
-0.8018775655
-0.8405138549
-0.9241399948
-1.1207169118
-0.8674338330
-0.8900437546
-0.6925628482
-0.8422693440
-0.9074082152
-0.9614659516
-0.7825728880
-0.8555553568
-0.9005555605
-0.8931452079
-1.0091135049
-0.9319596785
-0.8927721513
-1.0952475669
-0.8781351822
-0.8256905798
-0.8595712143
-0.7895593242
-0.8897696223
-0.9938291066
-0.8545814523
-0.8993635963
-0.9239796362
-0.8671088045
-1.0547160538
-0.9672306350
-0.8465617777
-0.8028872674
-0.7389505661
-0.7457385727
-0.8482384289
-0.9237884265
-0.8283584337
-0.9330008492
-0.7924470942
-0.9481864843
-0.9084846835
-0.9085115483
-0.7032057005
-0.7771562501
-0.8882207650
-0.9705554828
-0.7721650776
-0.9605111228
-1.0318331697
-0.8900486975
-0.8870811781
-0.7888614243
-0.6966645605
-0.8865372234
-0.8777405399
-0.7429475211
-0.8213744605
-0.8827642571
-0.7791685928
-0.8261537725
-0.7551821988
-0.7254950236
-0.8262855603
-0.8451801544
-0.6956358725
-0.8481562650
-0.7083039382
-0.7591819027
-0.7275880577
-0.7276651834
-0.7415947185
-0.9193938872
-0.7819101887
-0.7259021686
-0.7662398136
-0.7322527940
-0.8984962552
-0.6584260930
-0.7930798512
-0.7848173748
-0.6598674787
-0.7949989531
-0.7252851867
-0.6023074845
-0.8704468760
-0.7859433429
-0.7499604616
-0.8187436789
-0.9338885759
-0.7201450405
-0.8418498431
-0.8216627610
-0.6629447545
-0.7208599888
-0.8079836911
-0.7565462484
-0.8515173559
-0.8345648283
-0.7395085481
-0.7295807972
-0.6355488127
-0.6951645420
-0.6878286896
-0.8099608331
-0.5676272280
-0.7336465156
-0.7195471725
-0.7245676383
-0.7197750175
-0.7168848621
-0.6829283751
-0.8717055379
-0.5077268839
-0.6309659902
-0.7105841909
-0.8356770083
-0.7286660885
-0.6543994265
-0.6175585532
-0.6043933448
-0.6040946839
-0.5636284015
-0.6415408014
-0.8100000612
-0.5920026121
-0.7639039872
-0.6267224475
-0.8461646597
-0.7538208228
-0.8777767994
-0.7862023775
-0.5948195739
-0.7210566539
-0.7310723916
-0.6660120821
-0.6628054911
-0.7003723407
-0.5931967041
-0.5109470747
-0.5726748267
-0.6504304086
-0.6487448031
-0.6347043625
-0.8089323577
-0.5461086513
-0.5462607653
-0.7088043298
-0.7062199452
-0.7107127672
-0.4948866772
-0.6060819246
-0.6533348100
-0.5945453178
-0.5716439347
-0.7184215196
-0.6522180740
-0.5917264945
-0.6467990588
-0.6500429947
-0.6505997482
-0.6065010165
-0.6618012250
-0.6006188976
-0.7163086723
-0.6983269091
-0.6834109545
-0.6840627632
-0.6577763120
-0.6885272209
-0.4779867095
-0.3739121608
-0.5365483395
-0.5990956601
-0.6011608875
-0.5413806744
-0.6836034529
-0.5439576663
-0.4818510446
-0.5939169539
-0.6044377301
-0.6495281622
-0.4027599595
-0.5381131992
-0.4174275489
-0.6453740049
-0.5582887246
-0.4904424527
-0.6494089264
-0.4778686723
-0.5689772319
-0.5340359218
-0.5582369163
-0.5975549534
-0.4751699400
-0.6000178961
-0.5506017681
-0.5854799112
-0.3740752172
-0.6784547093
-0.6195885166
-0.6097940906
-0.6044973706
-0.3944513098
-0.4525784744
-0.6173329173
-0.6165548378
-0.5276368565
-0.5171682851
-0.6089545415
-0.5441648297
-0.5344594303
-0.5251814714
-0.4997951052
-0.4598368456
-0.5239286264
-0.5265149033
-0.6569935062
-0.5027022748
-0.5173382551
-0.5712571834
-0.5347677263
-0.5360738052
-0.6322880499
-0.4328721546
-0.6010330734
-0.4426528857
-0.3779415409
-0.4987051768
-0.5766370438
-0.5303410944
-0.4441868303
-0.6186305916
-0.5167788104
-0.5753557059
-0.4919516013
-0.4810629215
-0.4980489899
-0.4564750910
-0.4228081844
-0.3787099241
-0.5513202269
-0.3955798930
-0.4337574960
-0.4186283113
-0.4972680271
-0.2860784933
-0.5516458381
-0.5160979502
-0.3930942460
-0.3500883798
-0.3631825455
-0.6218085411
-0.4363920419
-0.5606427765
-0.5098090644
-0.4248826654
-0.3998341436
-0.3972192159
-0.3350281080
-0.4751230305
-0.3844499540
-0.5552487111
-0.4180085772
-0.2937248034
-0.3994148420
-0.3344346264
-0.4358596195
-0.4399683184
-0.3723733622
-0.3302052020
-0.4514418474
-0.4560892000
-0.3927647864
-0.3788850330
-0.5090345407
-0.3000057297
-0.4750190160
-0.3847828281
-0.4911573576
-0.4615877970
-0.3800455157
-0.3137779211
-0.3901425980
-0.1789458385
-0.4215131259
-0.4217722379
-0.2643134626
-0.2875679285
-0.3289952296
-0.3065920184
-0.4083667029
-0.2722789364
-0.5213706180
-0.4206343964
-0.3602896258
-0.1965942584
-0.2263776824
-0.3210766040
-0.2993849803
-0.4383444318
-0.4609616042
-0.1766954762
-0.2464238922
-0.3739718782
-0.2748867407
-0.3342730363
-0.3838724360
-0.4366291752
-0.4390544623
-0.2841289007
-0.2830409843
-0.3376241548
-0.4374070645
-0.3963948529
-0.3784346262
-0.1331669407
-0.2167401212
-0.3109142344
-0.2218744689
-0.4011600759
-0.2123938482
-0.3144905127
-0.3705254532
-0.1347624404
-0.2761047389
-0.3059275869
-0.3567454957
-0.2890331015
-0.3096448835
-0.3699227094
-0.3069911064
-0.3822029463
-0.2270109646
-0.3683268976
-0.3607957639
-0.4101415974
-0.2415484418
-0.3286564586
-0.2809744306
-0.2439534519
-0.2925858793
-0.1986756073
-0.2502888310
-0.2402680160
-0.2400606552
-0.2676785069
-0.2958180680
-0.1485516119
-0.2098183802
-0.2415114105
-0.2245114554
-0.0729484412
-0.2404551336
-0.3300362456
-0.2520074234
-0.2450980316
-0.2850428524
-0.2617685781
-0.1537541797
-0.1100207528
-0.3905579380
-0.2202589396
-0.2361456887
-0.0521649532
-0.0469805680
-0.1728881546
-0.3399019057
-0.3260401837
-0.2161544796
-0.3260414815
-0.2034777921
-0.2249714558
-0.1612871173
-0.2678169812
-0.0815389793
-0.1589789490
-0.2207528546
-0.0266712405
-0.1481333292
-0.1711399350
-0.1632583454
-0.2453521582
-0.1839303528
-0.0904166628
-0.1272589115
-0.2385058234
-0.2354375875
-0.1794979009
-0.2194580240
-0.2234972408
-0.1224814992
-0.1840290461
0.0191306284
-0.2791131958
-0.0619413252
-0.1754263075
-0.2038133545
0.0239175112
-0.0275934989
-0.0713872835
-0.0671549923
-0.0965965155
-0.1466956515
-0.1916941984
-0.2324718475
-0.0494363889
-0.1362732273
-0.1924546349
-0.0579433424
-0.1023528068
-0.1016746773
-0.1896314649
-0.0337363482
0.0139224071
-0.1710493365
-0.0901369195
-0.1401234988
-0.0028494794
-0.0595782862
-0.0458666683
0.0008364843
-0.0470725966
-0.0761556052
-0.0434333689
-0.0371629348
-0.0244643002
-0.0355682736
-0.0030839860
-0.0067188339
-0.0289150717
-0.0388123796
0.0451744748
-0.1193773610
-0.1434056691
-0.1280770723
-0.1480847434
-0.0378828323
-0.0075190464
0.0050380606
-0.1328189930
0.1208509034
0.0089697124
0.0068126691
-0.0889071392
-0.0697496376
-0.2136348945
-0.0682545229
0.1056540305
-0.0080952628
0.0356908065
-0.1662740014
-0.0819817965
-0.0063381907
0.0254471713
-0.1358612118
-0.0535694111
-0.0464744145
-0.0154360381
-0.0181473920
0.0371008646
0.0238822971
-0.0110930182
0.0798868734
-0.0494653328
-0.1021378734
-0.1079159041
0.0770846703
0.0043212107
-0.0339512798
-0.0002571770
-0.0812425605
0.0458944056
0.0018613185
-0.0102184106
0.0670237416
-0.0829039711
-0.0055361603
-0.0450839370
0.0568900396
0.1542469606
-0.1152928408
0.1103111068
0.0394718854
-0.0139555450
0.0300706429
0.2029067454
0.0771589446
0.0200174507
0.1170098116
0.1011264618
0.0667486483
0.1827275698
0.1126877692
-0.0465787305
0.1292243583
0.2017796601
-0.0485209385
0.0399406467
0.1613347416
0.0788137658
0.2270774712
0.1074216783
-0.0065054841
0.0194808026
-0.0262976953
0.0417114841
-0.1354689316
0.0882021576
0.0362348458
0.0303544881
0.0098209371
0.0011737602
0.2565935632
-0.0534320906
0.1408957088
-0.1228985812
-0.0847553290
0.0246425132
0.1032253877
0.1085304926
-0.0043824140
0.0981986472
0.1791549342
0.2041229352
0.1508851351
0.1423390796
0.1075977071
0.1238395605
0.1456668407
0.0865581677
0.2009798495
0.1559596004
0.1207645297
0.3041764684
0.1604466959
0.2131231849
0.1380101139
0.0503795649
0.3207598824
0.1049490373
0.1237960692
0.1896003450
0.0949748142
0.1691449642
0.2396616406
0.1522533862
0.1994585167
0.0990754979
0.2074970129
0.2210776461
0.0492438584
0.0306461041
0.1760016555
0.1735876215
0.0914799026
0.2165854911
0.1612090703
0.1526138814
0.2085674619
0.2451281970
0.2553208033
0.0978768999
0.2913919323
0.1048739160
0.4162180470
0.1298610004
0.2638649094
0.2652506167
0.1855720348
0.2573875506
0.2233352367
0.1397438341
0.4212830045
0.3134378454
0.2031890632
0.3015280905
0.1842872561
0.2657158834
0.1582557949
0.2347883788
0.2856128268
0.3129561316
0.0190936759
0.2230353083
0.2149935980
0.1893232398
0.2356062407
0.2789050511
0.2459382410
0.2459377919
0.2973077185
0.4227156200
0.2276122439
0.2316690447
0.1372582410
0.2899633617
0.3700691006
0.2054844775
0.2081608722
0.2325772633
0.3373641441
0.3129822252
0.3765149713
0.4345648411
0.2443045585
0.3463788580
0.3008063890
0.3995652746
0.4328203589
0.3109808963
0.2482670759
0.3650718209
0.1291034766
0.3030333952
0.3368051127
0.3841018500
0.3214744239
0.1323843491
0.3076879337
0.2801574835
0.2851510067
0.1413673335
0.2963235125
0.2255804959
0.2851029184
0.1356743673
0.2608776284
0.2651880650
0.2544783796
0.4611476027
0.2673780073
0.3843159630
0.4345580862
0.2874729564
0.4170816175
0.3067589273
0.4611994344
0.3027282429
0.3758507241
0.3614337196
0.3170355303
0.3892233340
0.3297658697
0.4014703202
0.2886635610
0.4490327458
0.3384450042
0.2776814893
0.4410386114
0.3825895353
0.5430564380
0.4727501155
0.3276044756
0.2997911742
0.3451245587
0.4162378696
0.3232928045
0.3799098010
0.3632329925
0.4495915562
0.4223165351
0.2330521500
0.2161847977
0.3802675451
0.5340556304
0.4398233879
0.4739517428
0.3225833779
0.3687493479
0.4816965273
0.3570913109
0.3717530138
0.2062616556
0.3924683160
0.3807897504
0.4187499126
0.4601317483
0.3889052288
0.5384443264
0.4692633778
0.4589619425
0.3815833306
0.4721844645
0.2654301749
0.4949868027
0.4126176186
0.4595405779
0.5118092100
0.4459850055
0.5152810372
0.4211296997
0.3374774711
0.4291871279
0.4241750423
0.3595019643
0.5208502221
0.4449282933
0.6558224833
0.3973707749
0.5390579158
0.4040584674
0.4536274550
0.4249817712
0.4868914339
0.5189097989
0.4264847193
0.5581317669
0.3039637392
0.4723522067
0.4394238703
0.4943046133
0.4715001358
0.4263350943
0.4824837236
0.4806462611
0.4668573362
0.4355265987
0.5166148491
0.4191173752
0.4277928184
0.5188218071
0.3818294368
0.4155155436
0.5130112770
0.3675392828
0.6304947937
0.4545348464
0.5963094816
0.5241057713
0.5014748401
0.5474080106
0.4785849497
0.4099006520
0.6545851752
0.3857925777
0.4639764162
0.4954039706
0.5456060856
0.5351665441
0.5257080122
0.6424363469
0.4805085981
0.5139303698
0.6044381775
0.4580629971
0.5968143587
0.5780625075
0.6430168104
0.5067760390
0.3863308542
0.6738803785
0.5570105441
0.6144433473
0.6403449139
0.5431051328
0.6422169618
0.5160314544
0.6442765470
0.6144755981
0.5755507313
0.7037050840
0.4934731983
0.5598938305
0.4979852376
0.4839403070
0.7095045940
0.5944410650
0.6201511628
0.6083092015
0.6866309054
0.6292639353
0.5549053287
0.5946061523
0.6563927985
0.6348922055
0.5812822247
0.6380443208
0.7722967002
0.4714252959
0.5934668335
0.7019108733
0.7608014888
0.5464701290
0.7054638815
0.5884947835
0.5846475116
0.5606080390
0.6375923022
0.5997005318
0.7486474232
0.8868180497
0.5192761619
0.6010228878
0.5385056669
0.6801271419
0.7381933567
0.7294809037
0.6143001456
0.6845231648
0.6923864105
0.6023108381
0.7380393527
0.7054377451
0.6899666277
0.8009467949
0.7416948194
0.6428506073
0.6961001221
0.7501980938
0.6840435434
0.7384526395
0.5923227925
0.6111767555
0.6944960854
0.6487510467
0.8403915371
0.7594761759
0.8457050082
0.6975102287
0.6922258791
0.6173743989
0.5236477251
0.6583927154
0.7342716817
0.8103017024
0.7359281188
0.4920296291
0.6613791657
0.8338951013
0.6930435059
0.8148284393
0.7450815578
0.7734340019
0.8957044489
0.6437373616
0.6894787217
0.8128334101
0.6921881517
0.7424972883
0.7222098020
0.7510408401
0.6040526486
0.8208726888
0.7040187956
0.5956734755
0.6592377186
0.7073299878
0.8098028037
0.7156566687
0.7435682557
0.7532763966
0.7697516517
0.8934366602
0.7277809478
0.7968564947
0.8445775904
0.7083595560
0.7815651985
0.7943242891
0.7973698471
0.8718403650
0.8181658536
0.6845734961
0.7535730590
0.7529868757
0.7039292913
0.7880420425
0.7195080301
0.8283190952
0.8274872689
0.8083653499
0.8086920753
0.9588041835
0.8295841296
0.9823893399
0.8564365184
0.6068388172
0.8043539783
0.7687308979
0.8467835696
0.7921872199
0.8054910143
0.8418825565
0.8864620632
0.7091401997
0.7940114227
0.9640823332
0.8568203055
0.9603470746
0.8344306713
0.9294501620
0.9322404814
0.7039940316
0.7569724389
0.8328752705
0.9529480419
0.8529976639
0.9679078950
0.9663559459
0.8428976862
0.8216865139
0.7594976480
0.8731668701
1.0409123492
0.9721332699
1.0071261440
0.8193914246
0.8671599399
0.9802163396
0.9872435575
0.8422153784
0.8939545215
0.8361520765
0.9040489148
0.8575937895
0.8225952907
1.0184435445
0.8794995135
1.1689183239
1.0009024205
0.8083941347
0.9538241842
1.0748579160
1.0191215635
0.9212353115
0.9191137077
0.8827883796
0.9854069225
0.8480158017
0.8596291401
0.9804306062
0.8248423391
0.9079189568
0.7867041719
0.9757982313
0.9583805434
1.0790221351
0.9862925084
0.8848175254
0.8880115761
0.8115453360
0.9141517137
1.1173063949
0.9341484625
1.0978929170
1.0746923031
1.0400043662
1.1022704302
0.9913305651
0.9320368525
0.9966111003
1.0043529182
1.0679663836
0.9250392438
1.0866239512
0.9572526799
1.0207614331
1.0669117245
1.1646790711
1.0296088959
0.9671733930
1.0541192156
0.9034697854
1.0462719363
1.1147468845
1.0865135928
