-1.0120019906
-0.9813001695
-1.0204570841
-1.0529281481
-1.0386792001
-1.1510790852
-1.1121921579
-1.0131462504
-1.0455442390
-1.0272429553
-0.9228627294
-1.1145388088
-1.0737478237
-0.9765609587
-0.9292085144
-0.8859930225
-1.0708470770
-1.0423989185
-1.0192599933
-0.9446489201
-0.9581331890
-0.7862343454
-1.0568935015
-0.9263837793
-0.9228486637
-0.9359432781
-1.0529494742
-0.9733784318
-0.9679122677
-0.9985450589
-0.8738357199
-0.8782488131
-0.9691927910
-0.9246337647
-0.9917511598
-0.9332026930
-0.9684526994
-1.0903825305
-1.0648302403
-0.9952899534
-0.9224243535
-0.9029794402
-0.9095334381
-1.0390641883
-0.8339873110
-0.9306823865
-1.0125472274
-0.9341403575
-0.8131984905
-0.8289049259
-0.9624874694
-0.9095379346
-1.0034403707
-0.8747732412
-0.8992974954
-0.9258646419
-1.1361689369
-0.9505248463
-0.8952799788
-0.9013878234
-0.8232352335
-0.9282571019
-0.8364513324
-0.9159658657
-0.8679433315
-0.8477951003
-0.8689741822
-0.9031665205
-0.8544291945
-0.9350956878
-0.7563220778
-1.0456215054
-0.8628895173
-0.8073470759
-0.6752805323
-0.8725039290
-0.7334569973
-0.8277748011
-0.9112923358
-0.9299114380
-0.9767687723
-0.8891702975
-0.7603622527
-0.8043396780
-0.7585872812
-0.8599819010
-0.8062138920
-0.7242981332
-0.8297107586
-0.7372575441
-0.7922233163
-0.6685848500
-0.8158406110
-0.9605308634
-0.8344845333
-0.8485496811
-1.0373027689
-0.6768382065
-0.8239741557
-0.7057375377
-0.7814860825
-0.9196478497
-0.8043679418
-0.8877266965
-0.7867229292
-0.7902014866
-0.8110983357
-0.8775911843
-0.8568950613
-0.9042317759
-0.6941402465
-0.8493537593
-0.7802239404
-0.6639268686
-0.7349086936
-0.8478321007
-0.7942666609
-0.8563232662
-0.7149924300
-0.8127684693
-0.7485001982
-0.6620373127
-0.6708710162
-0.7616506794
-0.6852285784
-0.8096863347
-0.7575118942
-0.6754374073
-0.8266715040
-0.7307490795
-0.7114874518
-0.6220956041
-0.7313248048
-0.8730186085
-0.8613789797
-0.6847441178
-0.6810260378
-0.7313507109
-0.6640532712
-0.9031615076
-0.7814163275
-0.7307154479
-0.7784806052
-0.6106571088
-0.6029555840
-0.7902920143
-0.6972145460
-0.6497102896
-0.6882382326
-0.6269663179
-0.5754357741
-0.8543694619
-0.8872424705
-0.6880747729
-0.8574777235
-0.7068151007
-0.6590081448
-0.6653525295
-0.7365741400
-0.7780978003
-0.7879382762
-0.7905913581
-0.7764137421
-0.6755865634
-0.7056599480
-0.4752416352
-0.6893212329
-0.5290270315
-0.5771475138
-0.6547301441
-0.7102008427
-0.7409548284
-0.6253643662
-0.8376651741
-0.5929526940
-0.7553557596
-0.6847687832
-0.9135177166
-0.6954302325
-0.6577296151
-0.6299747478
-0.5682173642
-0.5088152994
-0.6372231684
-0.4699296721
-0.7268383300
-0.6134468118
-0.7067876536
-0.5524719438
-0.8558035184
-0.6198634953
-0.6888399147
-0.6824146071
-0.5938220108
-0.5858223111
-0.6046906591
-0.7759765928
-0.6182170260
-0.6511328900
-0.7100093567
-0.5215841265
-0.6502374720
-0.6525136321
-0.7043250078
-0.5905421440
-0.6769228567
-0.5322017268
-0.4868136677
-0.4683476076
-0.7262444529
-0.5853961968
-0.5252656009
-0.6324796992
-0.5527950590
-0.4767977152
-0.6577409221
-0.6189299827
-0.6940526811
-0.5062503434
-0.6224024746
-0.5808171504
-0.5902279685
-0.4170003669
-0.5305617032
-0.4250917073
-0.4926846415
-0.4864300382
-0.5700416447
-0.5861763659
-0.5010766103
-0.4235819335
-0.5676888905
-0.6375865870
-0.6229901407
-0.5123888506
-0.5353311662
-0.6248822773
-0.5541659702
-0.5507220537
-0.6238809330
-0.6001718009
-0.4662797900
-0.5937234630
-0.4994989450
-0.6341496395
-0.5516752983
-0.5773833386
-0.4160478675
-0.4957614792
-0.6181688813
-0.6281460082
-0.5782087915
-0.4615171309
-0.5720774570
-0.4414770540
-0.5142365909
-0.6017247173
-0.3763598607
-0.3977610006
-0.6121492478
-0.3603137914
-0.4526037107
-0.4697001839
-0.4363155219
-0.3501348642
-0.4860461410
-0.4912843182
-0.2846759356
-0.3159109306
-0.3314180531
-0.4719879686
-0.4295430761
-0.4144344443
-0.4784036140
-0.3727154370
-0.4910501705
-0.4233093280
-0.4040293625
-0.4107020388
-0.4461585865
-0.4462994322
-0.3449596303
-0.4199743697
-0.4719989037
-0.3859244920
-0.3039294933
-0.4371006125
-0.5270893201
-0.5317846680
-0.3504851455
-0.4278203446
-0.4217321664
-0.3118661962
-0.4787816087
-0.4272238396
-0.3547345357
-0.4423079669
-0.4976849204
-0.4283657795
-0.3778521582
-0.3806024016
-0.5366257206
-0.3794406076
-0.2546893776
-0.4929095926
-0.3420231049
-0.3464465661
-0.3921615467
-0.4279866206
-0.4511074431
-0.3305268103
-0.4309229487
-0.3674273192
-0.4212859905
-0.4376870842
-0.3503961834
-0.5105694938
-0.4276306465
-0.1509448040
-0.3583454856
-0.2316539993
-0.4086309537
-0.3864697071
-0.2840108008
-0.5250118348
-0.3048942987
-0.4280568561
-0.3277542138
-0.2581219702
-0.4805052960
-0.3384878732
-0.2319247498
-0.2113259445
-0.3839454535
-0.4108611143
-0.3783446586
-0.3386313878
-0.3227945431
-0.1859666429
-0.4184132866
-0.3233904515
-0.1984099780
-0.3017830874
-0.3397603392
-0.6152174328
-0.4055330536
-0.3588599562
-0.2979113364
-0.1628658580
-0.2481596119
-0.1231356076
-0.3394521589
-0.3338446073
-0.2976507158
-0.4152571349
-0.3887121117
-0.1962863438
-0.2994641390
-0.3900046722
-0.1601084790
-0.2726209923
-0.3550315394
-0.3904285788
-0.1005605006
-0.2376795690
-0.2494097919
-0.3066182351
-0.3071126350
-0.1997699102
-0.2741238228
-0.2966700487
-0.1938762403
-0.2879177014
-0.1637166620
-0.2263997065
-0.2538017542
-0.2450187612
-0.3273233678
-0.2492739835
-0.2763320621
-0.2630453341
-0.3021769901
-0.3433146895
-0.3228339410
-0.2171124545
-0.2288520058
-0.1994573888
-0.1784896753
-0.1736195394
-0.1492864603
-0.3097198240
-0.2331113474
-0.1345522497
-0.2040293342
-0.1802340233
-0.3265584259
-0.2109561473
-0.2277915368
-0.3470352991
-0.2688405735
-0.3085266973
-0.2670794941
-0.2474947580
-0.2212512918
-0.2643454551
-0.2164723468
-0.2547411293
-0.3662575242
-0.2066763573
-0.1779749993
-0.0586424362
-0.3036430122
-0.0865340307
-0.2489520070
-0.0372900153
-0.0967935456
-0.0462634633
-0.1422484378
0.0673694456
-0.2406747756
-0.0994338788
-0.2128009994
-0.0410789574
-0.1607820941
-0.1657125574
-0.1476381283
-0.0389081072
-0.1077900442
-0.0796735189
-0.1834375571
-0.0787947733
-0.2648638113
-0.1100376272
-0.1406766258
-0.2242472209
-0.1398418502
-0.1057246263
-0.0547755852
-0.1445076044
-0.2393743594
-0.1400455030
-0.0307852872
-0.1988967882
-0.0800158679
-0.1545061930
-0.3320422088
-0.1254653192
-0.1267689057
-0.1096438761
-0.0529909388
-0.2391790546
-0.0709543563
0.0145952646
-0.2102808781
-0.0884069878
-0.1336737941
-0.0271506199
0.0768773876
-0.0803765885
-0.0948856737
-0.1365688603
-0.1074460918
-0.1582268886
-0.0210783398
-0.0366880199
-0.1162918185
-0.2385379409
-0.0099718278
-0.2364113410
-0.0142205347
-0.0179700838
-0.1007661172
0.0001766874
0.0121221384
-0.2254546621
-0.1340939336
-0.0408328895
0.0196604814
0.0686310755
-0.1353556059
0.0992660460
-0.0674861916
-0.0120900794
-0.0514046066
0.0734045196
-0.0022695305
0.0253171028
-0.0817690244
0.0848953781
-0.0016281549
-0.0987363644
0.0988601006
0.0838264513
-0.0318876563
-0.1140155429
-0.0288971018
-0.0457073925
0.0216478352
0.0267493470
-0.0603813260
0.0609807519
0.1284731118
-0.0328441960
0.1180536312
-0.0257349904
0.0162127318
-0.1210812340
-0.0665045798
-0.0360738344
0.0232784405
-0.0861475091
0.0054489280
0.0477302705
0.1729414970
0.0646321303
0.1704192112
0.0208905312
0.0060768639
-0.0581444411
0.0630941663
-0.0118920347
0.1287718582
0.2196161831
0.1416483748
-0.0392620770
-0.0465834303
-0.0089722489
-0.0558191755
-0.1177389633
-0.1352518630
0.1021021759
0.1593823522
-0.0261238244
0.1143902386
0.1036421316
0.1036990293
0.2096800538
0.1494884215
0.0699296643
0.0460274023
-0.0218574172
0.1349828744
-0.0182569650
0.0168041494
0.0374145372
0.0919540303
0.1441512200
0.1765922959
0.1107730776
0.0754217111
-0.0028621448
0.0264873553
0.0661385578
0.0034935983
0.0609044940
0.0898656436
0.2475442049
0.1792272758
0.1515496735
0.3561085364
0.1584649856
0.1242516908
0.1967974640
0.0488253897
-0.0090752679
0.1774150487
0.2282033383
0.1093005015
0.2316556517
0.1738916937
0.1046130991
0.1196333653
0.0441961822
0.2084151385
0.0815454456
0.2345281921
0.1538771872
0.2203648836
0.0564857736
0.2546906390
0.1986189028
-0.0548765382
0.1258013866
0.0072968994
0.1486936539
0.1380834591
0.2205830730
0.3394439928
0.1179325365
0.0778749919
0.1491550620
0.0099368708
0.0949953416
0.1790163313
0.2358912879
0.3145682336
0.1653626826
0.1621334374
0.2951945090
0.1785192146
0.1505396282
0.1295110239
0.2389047271
0.3037805483
0.3838138633
0.2272485196
0.2879892903
0.3377870566
0.0626331493
0.2155714469
0.1746211015
0.2698078847
0.2245831123
0.1312041892
0.0823716022
0.1257294821
0.1538105214
0.2593798796
0.2559054477
0.2919808104
0.1497105200
0.2077205975
0.2653673109
0.3011421450
0.1054370022
0.2393849537
0.1926737166
0.1938325535
0.1412592392
0.2415433191
0.1210691552
0.0889598649
0.3511384064
0.3450856499
0.2196465954
0.3390061465
0.2705841416
0.1593677918
0.2111252073
0.2764285758
0.3844985179
0.3201276052
0.5114199535
0.2894241290
0.3264059355
0.3575475249
0.2506777286
0.3846016868
0.3363962184
0.4064126289
0.4839507024
0.3160335097
0.1983283522
0.3493195561
0.3313334550
0.4366292171
0.3176128144
0.2607552691
0.4642260462
0.3450744257
0.4124543527
0.3757857424
0.2947610487
0.4813875959
0.3116389927
0.3947035721
0.3220565533
0.1505217974
0.3051481437
0.3004854941
0.3762355898
0.1649781230
0.4362155270
0.1426646036
0.4364867839
0.2860732249
0.3066489338
0.4849780444
0.3161810224
0.2281004449
0.3431947087
0.4163079220
0.4535965800
0.3489511720
0.4271521273
0.4451292412
0.3172723522
0.4251231908
0.3131256621
0.3679529920
0.3846572250
0.2942126280
0.4173929429
0.3984251254
0.2582926055
0.3554504065
0.4050502000
0.3860047826
0.4551596769
0.3148505149
0.3632608116
0.4295872909
0.4913089470
0.4608813392
0.4310738590
0.4644332715
0.4968906512
0.4741152570
0.2955637625
0.5469440240
0.5406185708
0.4648529964
0.4260183173
0.3253574432
0.4401672028
0.4932728485
0.3334642115
0.4020109619
0.4112025795
0.5726202578
0.5814276448
0.4298825998
0.3853694714
0.3811179806
0.4930980968
0.4662328705
0.5131648036
0.5381919953
0.5471983117
0.5475529161
0.4025527742
0.4444900776
0.5189452373
0.3764960623
0.4894691832
0.5056631164
0.5547294860
0.4688782662
0.3269984129
0.3773099257
0.6184259624
0.4494166740
0.5721682266
0.6221248620
0.3144895141
0.3776443444
0.5468486577
0.6817688555
0.5003637912
0.4880372091
0.4028483386
0.5684059542
0.5183755655
0.4516032315
0.4352397425
0.5529999859
0.2874628135
0.4370032094
0.5785702308
0.7610368720
0.5738112614
0.4665715654
0.5259521640
0.4914319243
0.6186513786
0.5633910071
0.4620619293
0.4517778798
0.5754325157
0.5450030926
0.5399704279
0.6124382576
0.5126903042
0.5992506884
0.7229482439
0.6020774262
0.5567385855
0.6136408853
0.5613713304
0.4302367825
0.5650524426
0.7070806095
0.6390334126
0.4983746202
0.5910282162
0.5291333010
0.5395579892
0.7635171571
0.5822705742
0.5910559176
0.7092443499
0.5623822600
0.4336907569
0.6606880512
0.6547975192
0.5739781879
0.5270822646
0.8370823569
0.7222296092
0.7039918460
0.6758427420
0.5625074196
0.7002444364
0.5649936702
0.6700503013
0.6307208428
0.6469137471
0.5559578629
0.6362860906
0.5818919347
0.6842393680
0.6077671994
0.6238892964
0.6496065768
0.6624166022
0.6964570701
0.7237725998
0.5497705663
0.5523778911
0.5980458769
0.6354422341
0.6273072465
0.6363427723
0.5959926808
0.7059897210
0.6000249849
0.6245961673
0.7533572083
0.5425103129
0.6096363121
0.7048392238
0.5957433070
0.5812196389
0.6222459801
0.5123522218
0.5202971508
0.6854893847
0.6720161563
0.8745689883
0.5715513882
0.5623881120
0.5923029912
0.6404639938
0.6561131165
0.6234064792
0.6953771957
0.6648922071
0.6923397891
0.6845484185
0.6118680557
0.7462261556
0.8810943455
0.7436037368
0.6253929226
0.8000768659
0.8382608622
0.7534855963
0.7042885977
0.7965091600
0.6845842417
0.7049936746
0.7935499366
0.7468568035
0.6407609810
0.8211938872
0.7812649327
0.7906341615
0.7378810954
0.6531292186
0.6420933110
0.5463211354
0.7760095884
0.6877078554
0.7565404176
0.8850118073
0.8408807814
0.8226343114
0.6201163839
0.7347451457
0.8410129333
0.8580566401
0.8232916817
0.7249255175
0.7524846379
0.8004225566
0.8686071620
0.6280068158
0.7923083176
0.7882917220
0.7496743729
0.7509725857
0.7092439591
0.7731255430
0.6898649210
0.7603197397
0.8762224034
0.7964156004
0.7186994547
0.8607450947
0.7985414649
0.8700618183
0.7484949660
0.9712866879
0.8834073115
0.8469755372
0.7437377001
0.7422034068
0.8204729349
0.8594385785
0.8739854016
0.6835843539
0.7348150230
0.7185058652
0.8199846184
0.6960619638
0.7931575319
0.8497779137
1.0256046903
0.8743938929
0.8176533424
0.8234319794
0.9902615957
0.8314490891
0.9078647595
0.8875315792
1.0139748506
0.6800807436
0.9173970151
0.8044009654
0.7884735519
0.9028369389
0.7818081355
0.8290549789
0.7895657034
0.9217880662
0.9495392418
0.8450731312
0.8164701670
0.8315960878
0.9943358615
0.9245508703
0.8650481258
0.9910625289
0.9092283018
0.8923615397
0.9382200357
0.7888896443
0.7790629878
0.9005718117
0.8073735248
0.7622498109
0.8023531923
0.6847435398
0.8830736963
0.9868466513
0.9928533778
0.9381380969
0.8745207066
0.9645718932
1.0585205989
0.8898697848
1.0527264805
0.9211390175
0.9573975977
0.9250683771
0.7067590924
0.8952209925
1.0941876134
0.7815494505
0.9553329656
0.9943091338
0.7863034890
0.9678437537
0.9315518605
1.0140839907
0.9609218929
0.9665163889
0.8807243960
0.9933179828
0.9765567365
1.0564019248
0.9356652844
1.0137501542
1.0095716847
0.9691818304
0.9151014786
0.8408399348
0.8691437314
0.8030146308
0.9468438893
1.0551898377
0.9088865270
0.9264069733
0.9967015543
0.9357961063
0.9407364233
1.0187010803
1.0938280181
1.0367596099
0.9699174411
