-1.0219240836
-0.9715682056
-1.0072481653
-1.0586312893
-1.0337925010
-1.1437355153
-1.1143223898
-0.9968353526
-1.0348570664
-1.0489817225
-0.9235841365
-1.1397060745
-1.0627134369
-0.9661143092
-0.9363474480
-0.8961067076
-1.0377089573
-1.0076975672
-0.9945757565
-0.9327939309
-0.9602105100
-0.7742706454
-1.0691424366
-0.9169988536
-0.9179391908
-0.9166930314
-1.0304619820
-0.9927917650
-0.9696409476
-0.9898339980
-0.8796768354
-0.8784401807
-0.9656099926
-0.9130108782
-0.9694464725
-0.9243533648
-0.9612164105
-1.1035245399
-1.0456474145
-0.9972943904
-0.9138160463
-0.9018382249
-0.9118294402
-1.0420069474
-0.8535335225
-0.9516195647
-1.0258141962
-0.9155996833
-0.8156099492
-0.8170365652
-0.9430631628
-0.9154391433
-1.0091168923
-0.8984403546
-0.8783646459
-0.9319093766
-1.1073087203
-0.9209506144
-0.9024430685
-0.8971942463
-0.8418963780
-0.9318830674
-0.8286421284
-0.8968160322
-0.8803505503
-0.8447139087
-0.8707389939
-0.9089670007
-0.8778467513
-0.9210588380
-0.7462727767
-1.0434584859
-0.8550103444
-0.7980022209
-0.6739145763
-0.8667845953
-0.7133257169
-0.8010727844
-0.9121739170
-0.9410708620
-0.9558341659
-0.8984293925
-0.7399972770
-0.7990251523
-0.7577731864
-0.8434423069
-0.8008406019
-0.7515293634
-0.8377863779
-0.7071367257
-0.7919477019
-0.6720251979
-0.8080901949
-0.9481888357
-0.8611915678
-0.8414035763
-1.0292663058
-0.7009793900
-0.8294600477
-0.7285716202
-0.7662449623
-0.9318464681
-0.7905183894
-0.8566182674
-0.7884525777
-0.8030863685
-0.8166373433
-0.8884210180
-0.8517276612
-0.9037529596
-0.6950274668
-0.8718086602
-0.7958574492
-0.6699837738
-0.7414721339
-0.8680528008
-0.7880057051
-0.8584914764
-0.7213764197
-0.8327084442
-0.7549735653
-0.6642431086
-0.7029077042
-0.7674370489
-0.7009557488
-0.7982263431
-0.7547670868
-0.6975658441
-0.8461153437
-0.7185461255
-0.7316551606
-0.6013945455
-0.7285825685
-0.8787851939
-0.8464598245
-0.7074143539
-0.6832193050
-0.7547777945
-0.6404011543
-0.9169034680
-0.7705292494
-0.7161978331
-0.7897204572
-0.5981638456
-0.5862539071
-0.8073581924
-0.6948155622
-0.6129758892
-0.6914859707
-0.6347929775
-0.5744135200
-0.8467921770
-0.8702811960
-0.6819614703
-0.8795084051
-0.7129513398
-0.6558138129
-0.6479609275
-0.7281252471
-0.7824551751
-0.7697801196
-0.7778754771
-0.7664152347
-0.6572453903
-0.7090078515
-0.4964588603
-0.6725572862
-0.5466062190
-0.5915769737
-0.6720229706
-0.6834731884
-0.7345324481
-0.6253678588
-0.8337097495
-0.5733385478
-0.7548083339
-0.6687629910
-0.8735034488
-0.6987896272
-0.6718117768
-0.6271551582
-0.5615006247
-0.4947411157
-0.6326585128
-0.4537907905
-0.7327419622
-0.6036297051
-0.7155744797
-0.5444109476
-0.8578098757
-0.5920617093
-0.6909225610
-0.6951213155
-0.6024623787
-0.5808818775
-0.6232984031
-0.7852115535
-0.6226575056
-0.6540121528
-0.6909467394
-0.5199150073
-0.6440601286
-0.6355851747
-0.7151690934
-0.5887923108
-0.6437284624
-0.5466788175
-0.4850054345
-0.4382119015
-0.7177290444
-0.5904612631
-0.5074138541
-0.6465844242
-0.5675798496
-0.4801130577
-0.6617946249
-0.6127365566
-0.7159153911
-0.4967435256
-0.6097632372
-0.5866428703
-0.6234124594
-0.4598689035
-0.5291628036
-0.4397870958
-0.5034949701
-0.4648888674
-0.5661773362
-0.5748830596
-0.4982109992
-0.4174729088
-0.5702428579
-0.6300767438
-0.6137222106
-0.5184159627
-0.5581401698
-0.6464489261
-0.5576384030
-0.5554689032
-0.6469708161
-0.5733256784
-0.4844979529
-0.5979696967
-0.5259695636
-0.6347237269
-0.5515420521
-0.5527275567
-0.3938303272
-0.4972019581
-0.6482111807
-0.6194833310
-0.5740835514
-0.4824089445
-0.5447177377
-0.4374001619
-0.5003907274
-0.6011623667
-0.3724797087
-0.3975742415
-0.6025985395
-0.3689178878
-0.4436133466
-0.4549994440
-0.4254881329
-0.3576225077
-0.4808304881
-0.4822630966
-0.3010295482
-0.3162458954
-0.3444780432
-0.4468932880
-0.4355390960
-0.3858162753
-0.5022952232
-0.3812781673
-0.4877783930
-0.4316824738
-0.4021355265
-0.4057003663
-0.4421269305
-0.4362446212
-0.3437087863
-0.4332617842
-0.4711077980
-0.4020211643
-0.2966725548
-0.3982394216
-0.5235603045
-0.5376909993
-0.3558774540
-0.4348776950
-0.4212993300
-0.3214141064
-0.4756192603
-0.4300660973
-0.3759081627
-0.4610000108
-0.5037681088
-0.4264518133
-0.3964589521
-0.4123988825
-0.5406691648
-0.3908846979
-0.2864982296
-0.5214285744
-0.3363026455
-0.3535508556
-0.4019237176
-0.4413709778
-0.4664342357
-0.3194977052
-0.4168298487
-0.3704772380
-0.4210760681
-0.4341835948
-0.3680531013
-0.4962281432
-0.4165368048
-0.1382964155
-0.3852174712
-0.2153852306
-0.4205047436
-0.3947287450
-0.3028914068
-0.5284530741
-0.3199220933
-0.4197571011
-0.3356354502
-0.2627893765
-0.4901581241
-0.3462506225
-0.2392957990
-0.2111250960
-0.3730017849
-0.4204906390
-0.3814092179
-0.3638572896
-0.3316587341
-0.1801893674
-0.4019739557
-0.3172828419
-0.2037794126
-0.2995280382
-0.3210727264
-0.6045427140
-0.3939627315
-0.3757215766
-0.2957092327
-0.1704910094
-0.2483713261
-0.1177950404
-0.3328130649
-0.3603251685
-0.3161766364
-0.4126668368
-0.3949602526
-0.1935926648
-0.2765061765
-0.3689201073
-0.1673762246
-0.2599056218
-0.3641829516
-0.4078905854
-0.1067582294
-0.2429774254
-0.2497697004
-0.3066124568
-0.2695504073
-0.2091387889
-0.2671473421
-0.2952490358
-0.1878095927
-0.2942746854
-0.1772679132
-0.2358061038
-0.2818971899
-0.2444358900
-0.3208558055
-0.2458601040
-0.2652605756
-0.2496903343
-0.3063729768
-0.3213201172
-0.3223464938
-0.2248401089
-0.2034711743
-0.2172879374
-0.1513484806
-0.1953067408
-0.1564062380
-0.3230291138
-0.2292516163
-0.1370349753
-0.1797828017
-0.1969414451
-0.3020623206
-0.1968805086
-0.2344618464
-0.3450997045
-0.2600136544
-0.3206702086
-0.2581768071
-0.2736551422
-0.2283806790
-0.2683669737
-0.2104915245
-0.2437255332
-0.3166292487
-0.2188326856
-0.1952342625
-0.0367181674
-0.3052670099
-0.0840905182
-0.2553968766
-0.0562652509
-0.0903691071
-0.0208108426
-0.1479599863
0.0710487158
-0.2355511403
-0.1136630067
-0.2245871175
-0.0450816124
-0.1735230259
-0.1724271056
-0.1423912941
-0.0166239254
-0.1048746495
-0.0956218243
-0.2191414298
-0.0631771865
-0.2396475905
-0.1000279866
-0.1456495248
-0.2115585756
-0.1177022541
-0.1191768349
-0.0467004012
-0.1375243019
-0.2554437631
-0.1440759886
-0.0419396058
-0.1793330250
-0.0743001539
-0.1296498264
-0.3197835064
-0.1217767884
-0.1478893255
-0.1204423011
-0.0447053648
-0.2186781700
-0.0648339377
0.0401400862
-0.1978559513
-0.0867997266
-0.1075564882
-0.0116309514
0.0794011273
-0.0719583964
-0.0914023272
-0.1261505524
-0.0935407109
-0.1617025729
-0.0136594755
-0.0269524510
-0.1209919037
-0.2253030252
-0.0268511049
-0.2423871225
0.0075881457
-0.0264769093
-0.0933766051
-0.0083191952
0.0264246568
-0.2009499692
-0.1415108789
-0.0144938887
0.0041946799
0.0529936645
-0.1190375468
0.1000667182
-0.0682975936
-0.0246731865
-0.0493997720
0.0617136279
-0.0066120906
0.0076194547
-0.0706744921
0.0769473142
0.0000729601
-0.0865804845
0.0931589646
0.1142313959
-0.0207801743
-0.1248381402
-0.0444351869
-0.0379762611
0.0061404633
0.0101206732
-0.0682321659
0.0330468219
0.1146890248
-0.0314125444
0.0955257745
-0.0186854138
0.0298311852
-0.1235171758
-0.0699389444
-0.0251136772
0.0214737698
-0.0856488110
-0.0075082471
0.0530488860
0.1688985190
0.0786370790
0.1609874554
0.0292831214
0.0241105658
-0.0434231550
0.0523514407
-0.0120745764
0.1249224797
0.2162095109
0.1288818613
-0.0656944625
-0.0285716982
-0.0016135012
-0.0431117010
-0.1026161956
-0.1363545777
0.1227108670
0.1368406663
-0.0217596989
0.1270310194
0.0803668776
0.0984143561
0.2074987737
0.1389368169
0.0714905489
0.0714934989
-0.0395735425
0.1482029584
-0.0359832384
-0.0190046586
0.0228964013
0.0763460929
0.1391370611
0.1631911598
0.1070241358
0.0729817114
0.0003549957
0.0443348194
0.0748400137
0.0150664412
0.0394241044
0.1000951504
0.2517788127
0.1723821181
0.1494472487
0.3495717403
0.1677649035
0.1286673653
0.2063945807
0.0461597754
-0.0109832179
0.1940036279
0.2073268341
0.0965334157
0.2322045918
0.1822357745
0.1120546163
0.1489157097
0.0407751526
0.2166200261
0.0853970332
0.2403036698
0.1549063981
0.2464150795
0.0638272389
0.2725737954
0.2022526941
-0.0533955188
0.1339499851
0.0047773507
0.1436118645
0.1463407850
0.2140604336
0.3635885007
0.1350764846
0.0697565334
0.1383091952
0.0308092533
0.1062313665
0.2008248587
0.2090793653
0.3251189949
0.1683787333
0.1617641957
0.2984502619
0.2022652553
0.1353313446
0.1297490361
0.2482979384
0.2681215637
0.3825049822
0.2276330840
0.3047457940
0.3323829171
0.0628391388
0.2115047320
0.1864917477
0.2641408139
0.2363762931
0.1328930222
0.1124211718
0.1048459808
0.1703989113
0.2516263657
0.2505258580
0.2988341160
0.1344953198
0.1991478096
0.2729053399
0.2950701275
0.1055916149
0.2299893723
0.1896321053
0.1880745642
0.1310828546
0.2213341100
0.1234356637
0.1239179949
0.3550045076
0.3455998503
0.2105858128
0.3503275501
0.2739092282
0.1752037490
0.2016430527
0.2821053420
0.3936753120
0.3074313946
0.5094352781
0.2691331796
0.3535770729
0.3501882813
0.2517869422
0.3629758917
0.3197756156
0.3939933537
0.4807355579
0.3050024326
0.1841782647
0.3517780316
0.3267453177
0.4258268835
0.3185237802
0.2636818106
0.4832758270
0.3324141713
0.3968119197
0.3952935298
0.3117036452
0.4829506355
0.3116181706
0.4232831598
0.3450751975
0.1570382633
0.3021156548
0.3074820822
0.4038702668
0.1723931422
0.4447212129
0.1335583768
0.4082463816
0.2562120884
0.2974148626
0.4663119352
0.3129279894
0.2195447123
0.3507886870
0.4160288086
0.4464071780
0.3577081909
0.4697700025
0.4619359176
0.3129630899
0.4183135129
0.3225660514
0.3987828619
0.3739242084
0.3121518069
0.4212481350
0.3969795210
0.2568723715
0.3564284427
0.3954969999
0.3863809209
0.4465869557
0.3161348168
0.3775861410
0.4053403386
0.4692752365
0.4637474681
0.4289923656
0.4574169747
0.4839503168
0.4831527821
0.3064017695
0.5281841794
0.5327921010
0.4668812889
0.4312261463
0.3731193204
0.4350901422
0.5004209125
0.3114680376
0.4160614503
0.4456913054
0.5700430912
0.5737575127
0.4314718786
0.3857598771
0.3698994950
0.4760643346
0.4731311154
0.5045281681
0.5164322207
0.5680463787
0.5642231737
0.4172505509
0.4607615504
0.5019176261
0.3805146292
0.5048261054
0.4831418142
0.5238411744
0.4661135327
0.3128853832
0.3621979829
0.6095673717
0.4469134809
0.5676088062
0.6123095451
0.3247354577
0.3896542167
0.5555052673
0.6940168099
0.4811681467
0.4889175038
0.4048854014
0.5691208830
0.4838955949
0.4648176733
0.4513904900
0.5533171340
0.2719111737
0.4144262609
0.5621899114
0.7410752654
0.5630496977
0.4652160383
0.5333784294
0.4915172290
0.6513430147
0.5751668957
0.4656510654
0.4492052440
0.5827532151
0.5327399080
0.5468690780
0.6210627987
0.5491260840
0.5711810492
0.7172633462
0.6058065905
0.5646341036
0.6388613441
0.5596670097
0.4156189565
0.5631409306
0.7139076824
0.6610068868
0.5116432713
0.5676572830
0.5173432386
0.5425959283
0.7599607515
0.5975989567
0.5864949282
0.7093239358
0.5321660774
0.4409356086
0.6765321813
0.6663052772
0.5938045163
0.5330716102
0.8436931573
0.7173483986
0.7103964614
0.6782524038
0.5424959007
0.6998884762
0.5539098893
0.6555676745
0.6170249244
0.6316467353
0.5462534492
0.6502227412
0.5783772734
0.6642020558
0.6219544864
0.6356717239
0.6468302956
0.6658813600
0.6700681355
0.6972350432
0.5438862708
0.5831286012
0.6096031135
0.6266022433
0.6123733449
0.6403117855
0.5986931117
0.7190600233
0.5964501587
0.6225092193
0.7453283061
0.5725471240
0.5985388564
0.6944118005
0.6030985896
0.5763243830
0.6376224946
0.5367037111
0.5198859750
0.7021163295
0.6716382454
0.8665707181
0.5794743005
0.5650912124
0.5657419653
0.6358493741
0.6471837691
0.6226003787
0.6770572290
0.6724696746
0.6893030946
0.6897773388
0.6107807606
0.7250541769
0.8631594429
0.7199819667
0.6380878355
0.7899414446
0.8551980825
0.7559030934
0.7157564498
0.8205344653
0.7122245860
0.7140911507
0.7915429558
0.7394038516
0.6319838649
0.8129955697
0.7913434621
0.7912541225
0.7549301848
0.6287351402
0.6435717374
0.5327251767
0.7779345547
0.6812333629
0.7560580366
0.8712284730
0.8388309401
0.8144649072
0.6120316222
0.7253119315
0.8422729111
0.8625487699
0.7889179326
0.7044642283
0.7447201854
0.8030999115
0.8389975447
0.6291573895
0.7938342649
0.7881607380
0.7631888812
0.7889559613
0.6830649197
0.7692364409
0.6777969086
0.7655864297
0.8725025674
0.7737269849
0.7228531551
0.8309442400
0.7956352335
0.8662433514
0.7512174823
0.9462972651
0.8459477032
0.8327555603
0.7595984695
0.7313302366
0.8132391456
0.8618822666
0.8657953895
0.6969554221
0.7103335304
0.7352837028
0.8013144969
0.6897799529
0.7937273218
0.8246483641
1.0204880209
0.8666185446
0.7932107669
0.8157710734
0.9771006417
0.8260219586
0.8952471308
0.8946954096
1.0222044231
0.6769513440
0.9093641847
0.8046117210
0.8012095000
0.8961304635
0.7601441552
0.8391959110
0.7977945906
0.9185978976
0.9627559201
0.8812216346
0.7926966399
0.8251443850
0.9989858450
0.9045619156
0.8680281522
0.9991017373
0.9060679319
0.8749613540
0.9514549809
0.7497148790
0.7668072941
0.8891331729
0.8029129200
0.7610863470
0.8117876730
0.6857679614
0.8661287831
0.9925259077
0.9913694580
0.9136456679
0.8680650072
0.9577821109
1.0492139167
0.9084276253
1.0354623436
0.9359920135
0.9288193742
0.9376513694
0.7121767185
0.8959606790
1.0954186020
0.7554189525
0.9610772879
0.9998814828
0.7990434154
0.9685961239
0.9397821564
1.0075683887
0.9638318426
0.9592593752
0.8799806236
0.9851766433
0.9683099869
1.0457360155
0.9337824564
1.0074709776
1.0351492369
0.9715595473
0.9189417752
0.8629408220
0.8643165137
0.8028642604
0.9624651250
1.0388753273
0.9345084348
0.9341644601
1.0004561215
0.9412192837
0.9249231284
1.0021494172
1.0964690642
1.0301724441
0.9859194923
