-0.8888739800
-1.0070586726
-0.9853396063
-0.9483611347
-0.9645500603
-0.9259837526
-1.0312890865
-0.9158713552
-0.9630223109
-0.9937727111
-1.0497902232
-0.9850027720
-1.0830089366
-0.9832773218
-0.9455009095
-0.9661517913
-1.0230174364
-1.0165115773
-0.8934101113
-0.7418929389
-1.0136223639
-0.8992360521
-0.9332448524
-1.0281968034
-0.9014053860
-0.8865089869
-0.9942328651
-0.8022154507
-0.9745436917
-0.9017193142
-0.9689281949
-0.8651480958
-0.7846681066
-1.0643636155
-0.8598916106
-1.0014975787
-0.9225565070
-0.8206458833
-0.7577455924
-0.7991238993
-0.9027378046
-0.7457988212
-1.0295386649
-0.9168653101
-0.9473397122
-0.7140746220
-0.8332472222
-0.8604473279
-0.9539970951
-0.8222353480
-0.7978731866
-0.8925298136
-0.9517334982
-0.8468849000
-0.8825550315
-0.9813052650
-1.0501649544
-0.8287575009
-0.9578595339
-0.7864523764
-0.8406764789
-0.9671608726
-0.8539552227
-0.8195080705
-0.9373335812
-0.9163734765
-0.8558470124
-0.9114921893
-0.9181891392
-0.8300713404
-0.9263403492
-0.7622034005
-0.7150231869
-0.7670721952
-0.9626234448
-0.9381245653
-0.8277758525
-0.8320851565
-0.8386397603
-0.7950712636
-0.8008165468
-0.7653337022
-0.7999790491
-1.0060778347
-0.7314418784
-0.7404874028
-0.7823416464
-0.9703144536
-0.9652047539
-0.7929032173
-0.8283009661
-0.5429872758
-0.6603630957
-0.8937499839
-0.9271976243
-0.7726546382
-0.7852470144
-0.7951993559
-0.8349168221
-0.8263912943
-0.8558173065
-0.8487423843
-0.7554165211
-0.8521788994
-0.8507990565
-0.8167836249
-0.9143297068
-0.9786323563
-0.8621481172
-0.7100933761
-0.7984419365
-0.8611264144
-0.7431275024
-0.8299153312
-0.8186566659
-0.6766156057
-0.6938179801
-0.5928827159
-0.8169816016
-0.6056371966
-0.6118979697
-0.6997242413
-0.8150782793
-0.6619848403
-0.7280962290
-0.5623347053
-0.6145344756
-0.5887903692
-0.9262908662
-0.7076611258
-0.6880634193
-0.6753456602
-0.7150506059
-0.7448748487
-0.7326163459
-0.7863636486
-0.6425830351
-0.6962946337
-0.7166467996
-0.6586993475
-0.7920416691
-0.6614453507
-0.7180715566
-0.7777181995
-0.6104784470
-0.8022468413
-0.7044686126
-0.7406709491
-0.7704260139
-0.5060958586
-0.7189932628
-0.7995644514
-0.5698320825
-0.6557102618
-0.6388944174
-0.6646355644
-0.7343411672
-0.5871256263
-0.7073726258
-0.8083224649
-0.8006128276
-0.6143676777
-0.5359344681
-0.6781665561
-0.5679946871
-0.7216915141
-0.7516734266
-0.6926187636
-0.5938493462
-0.7768318389
-0.7154941609
-0.6715225303
-0.6949253169
-0.6509642357
-0.5827274361
-0.6894483158
-0.6336434356
-0.6379183694
-0.6868550491
-0.5854887728
-0.6132493928
-0.5204977940
-0.7059342438
-0.5966893925
-0.7166158117
-0.7311784090
-0.5067093351
-0.6205642539
-0.6020532723
-0.6817812586
-0.6816769807
-0.6838450751
-0.7172481172
-0.6952264048
-0.6765155814
-0.5784630577
-0.6192604457
-0.4704566500
-0.6120133292
-0.5783267991
-0.5167500851
-0.5504670458
-0.5009326832
-0.5369819158
-0.5839645870
-0.5507582158
-0.6775662484
-0.5253784131
-0.5593900508
-0.5416986438
-0.8201259826
-0.6478541355
-0.6117361646
-0.6013326435
-0.3553116706
-0.4684328949
-0.5182199464
-0.5192724955
-0.5457944896
-0.5963825429
-0.6113902120
-0.6136740956
-0.4827949740
-0.5447820858
-0.6043484799
-0.5102352274
-0.6360613877
-0.4868044413
-0.5752616369
-0.5001878839
-0.3346727649
-0.6059103632
-0.6059994068
-0.5862150665
-0.6285854140
-0.5120330119
-0.4825706039
-0.4835379010
-0.5562461412
-0.5107933297
-0.5383422961
-0.5923321530
-0.4311533411
-0.5170176455
-0.4980293480
-0.5291654923
-0.5504369528
-0.5365999964
-0.4545360358
-0.5545158691
-0.4482366855
-0.5372798016
-0.4749586602
-0.4893301461
-0.5355283824
-0.4912783203
-0.3154242623
-0.4687334934
-0.5978191867
-0.3978749836
-0.3535926227
-0.4481132076
-0.4537977994
-0.3760286640
-0.5228893969
-0.5724207606
-0.5028081713
-0.5253122035
-0.4156275044
-0.3907092237
-0.3761552635
-0.3949555422
-0.4257669027
-0.4590688413
-0.5719222780
-0.5131272781
-0.3766930929
-0.4539050038
-0.4246331429
-0.3766021874
-0.3026172904
-0.5553312907
-0.3752864289
-0.3529395905
-0.4787676427
-0.4046695962
-0.3862608758
-0.4034277381
-0.4741481520
-0.4190612880
-0.4860039678
-0.4838752793
-0.5278011237
-0.3611275460
-0.5582214811
-0.3012172047
-0.3485737898
-0.4478273610
-0.2771313289
-0.3695949836
-0.3819847122
-0.4405253237
-0.4363103794
-0.3272551135
-0.2641941113
-0.4293797434
-0.3612774391
-0.4227809796
-0.3720176218
-0.3008810558
-0.5044202394
-0.3996746193
-0.4672110268
-0.3454937010
-0.3515700179
-0.2792900760
-0.5430564607
-0.2554095238
-0.4199307863
-0.2395578379
-0.2766009118
-0.3471882865
-0.2590014615
-0.2956912744
-0.2795101038
-0.3784985268
-0.3825417181
-0.5168731737
-0.3690472531
-0.3007810328
-0.2554971775
-0.4395966934
-0.3493128803
-0.4278598692
-0.3445806039
-0.2508606406
-0.4286927766
-0.3260309598
-0.2481542410
-0.3314496937
-0.3293291908
-0.1909859566
-0.2250789893
-0.1052365134
-0.4381183379
-0.3761011941
-0.2862987812
-0.3177156176
-0.2738220298
-0.3206267946
-0.2902729554
-0.3386576244
-0.2246734959
-0.1941597404
-0.3641280005
-0.2140122023
-0.4424008735
-0.3287480683
-0.3869876262
-0.2992312971
-0.3122604781
-0.3235779190
-0.2317927754
-0.3660091418
-0.5008627715
-0.4251826764
-0.2681818526
-0.3144166067
-0.1113911132
-0.3071025582
-0.1813070658
-0.2129419252
-0.2207517548
-0.2327866756
-0.2901671490
-0.1923698853
-0.2603530617
-0.3205784124
-0.2082671384
-0.2181295806
-0.3474014533
-0.1054271312
-0.3290011198
-0.4153862153
-0.3066578028
-0.2617454954
-0.1493574205
-0.1434172934
-0.1219352844
0.0074446804
-0.2866363929
-0.3422847982
-0.1749845287
-0.2895468921
-0.1846860853
-0.2247166753
-0.1910746874
-0.2539936169
-0.2695091560
-0.3343200982
-0.2630738845
-0.2219839559
-0.1107659794
-0.1762628165
-0.1173134295
-0.1398870309
-0.3067346810
-0.0124898427
-0.2091770454
-0.1471765552
-0.1988567880
-0.1190488160
-0.0599018667
-0.0803003457
-0.2656815185
-0.2318888199
-0.1295888646
-0.3028144792
-0.1837842243
-0.2067017759
-0.2943885981
-0.2136399702
-0.0803007157
-0.1300813646
-0.0132737852
-0.1923769404
-0.2042038597
-0.1053823989
-0.1059028693
-0.0934348729
-0.1865850458
-0.1695777051
-0.1109381382
-0.0639288782
-0.0350632863
-0.1665947649
-0.0410608746
-0.0233303046
-0.2610909389
-0.0705289921
-0.0223100294
-0.1067013695
-0.1214921791
-0.0216354808
-0.0286087018
-0.1244666178
-0.1168269572
-0.0796550995
-0.1350634522
-0.0017274367
-0.0495832974
-0.1141809056
-0.1596532740
-0.0066801428
-0.1299651585
-0.1124172219
-0.1230691137
0.0024607323
0.0334592483
-0.1338441370
-0.1323676777
-0.0845333118
-0.1347569205
-0.1555418759
-0.0751557177
-0.1424453424
-0.0054623822
-0.0140193762
-0.1092527623
-0.1104155217
-0.1896122514
-0.1391413574
-0.1342520598
-0.1391916556
-0.1238996929
-0.0372471487
0.0019454710
0.0957665728
-0.0578615643
0.0093202925
0.2091566655
-0.0141417011
0.0141288025
0.0784060430
0.0406012757
-0.1505633057
-0.1528184046
-0.1019534824
-0.0304476806
0.0747125972
-0.0689759052
0.0783045297
-0.0128782736
0.0071075618
0.0615682314
-0.0222533644
-0.0345978146
0.0184240478
-0.1320542767
-0.0613150439
-0.0732939681
0.0565847205
0.1341929004
-0.0196134095
-0.0872322342
0.0470890805
-0.0817015104
0.1055916980
-0.1585585064
0.0446018342
0.0071606396
0.1828566258
-0.0040196171
0.0303735505
0.0358834000
0.0929077587
-0.0329072391
-0.1541212060
0.1158520753
-0.1337431762
-0.0481810003
0.0239415421
0.1291348055
-0.2093178801
-0.1039010525
-0.0168103449
-0.1255805975
0.0918090139
-0.0621784959
0.0503087156
0.0828015380
-0.0379610744
-0.0003843938
-0.0936972005
0.1016115509
0.1079371892
0.0374175714
-0.0175774703
-0.0117846974
0.1023734626
0.0960051205
0.1185920574
0.0822533556
0.3215015514
-0.0737326015
0.2538502664
0.1716282429
0.1563068168
0.0291727535
0.0724327734
0.1579668639
0.0058028784
0.0744248756
-0.0606656322
0.1297860467
-0.0446611101
0.1521373620
0.1196354366
0.1095159702
0.1028167222
0.0913273715
0.1203034052
0.1725997037
0.1489245721
0.0810710432
0.0969621402
0.1619228911
0.0527628375
0.1620865892
0.1232128077
0.2753796488
0.0526018485
0.2202026458
0.1496386755
0.0147625283
0.1318835039
0.0417950821
0.1518166191
0.1968006328
0.2776138649
0.1251315406
0.1791028507
0.1821324223
0.2177372153
0.0896291135
0.1180440900
0.2641688497
0.1929823486
0.0794353895
0.1546052795
0.2012899239
0.2919439430
0.2568039939
0.1803714791
0.2589302234
0.0640561053
0.2218135457
0.2523029114
0.2631859048
0.2111858334
0.0330384032
0.2487020232
0.1865330358
0.3190911545
0.2419935253
0.1177480519
0.1705348754
0.2936751700
0.0981301971
0.2420239945
0.1310050604
0.1489983304
0.3229175275
0.3055051093
0.2491663336
0.1757248478
0.2387819196
0.0610684680
0.2817803842
0.3636130398
0.3814861909
0.1208198624
0.3981970447
0.2008527420
0.2719010263
0.2129780501
0.1976926422
0.1460191318
0.2256860740
0.2871215227
0.4062753999
0.2299164747
0.1235284112
0.2070410384
0.3174176221
0.2718302376
0.3504377293
0.2951542875
0.3383069354
0.2687577101
0.2557944419
0.1244213553
0.2702758961
0.1357126291
0.2718322770
0.4190233054
0.3778930350
0.1878989104
0.3564487388
0.4567787721
0.1840057469
0.2977627358
0.1501726616
0.2930569852
0.1696031641
0.2570880066
0.3384353360
0.2128222008
0.2950743463
0.2584649069
0.3070017936
0.3771596573
0.2630679034
0.2095727533
0.2562745284
0.3061280115
0.3183097794
0.3327439722
0.2202541443
0.3338018506
0.4254237570
0.2861601932
0.3918613789
0.2940848938
0.2213570405
0.3146583484
0.4396543071
0.3095158088
0.3375969233
0.4082913861
0.4078135758
0.3167050243
0.2555861627
0.3201691083
0.4153048495
0.3932149030
0.4844175830
0.4133050959
0.4892556088
0.4039233799
0.3408385033
0.4309854005
0.3172378773
0.4030743073
0.2340896042
0.4317418417
0.3894625040
0.3736765195
0.4657662012
0.3050336977
0.4296409621
0.3429867572
0.5194543101
0.4255015391
0.3053555155
0.5300326346
0.3911022085
0.3840646084
0.4392753989
0.4083184925
0.4366032113
0.3836875325
0.3681476994
0.4278359503
0.3668669508
0.2491747310
0.4450386267
0.4177010362
0.4209060654
0.4439522467
0.5080268262
0.4254319517
0.3981552952
0.5755344649
0.5041326154
0.4836680349
0.4857377194
0.5158832939
0.5150752574
0.3680748536
0.4730320017
0.5458175267
0.3538767969
0.5582533788
0.6217364910
0.5257107221
0.3140744278
0.3979486460
0.4794901680
0.5594458465
0.6199612856
0.5172160597
0.5487450318
0.4260443364
0.3955144243
0.5093158585
0.5741267233
0.4908572657
0.6287258420
0.5698911165
0.4220054705
0.6528629494
0.5310728290
0.5230637722
0.5612413942
0.4964505618
0.5074760741
0.6648213546
0.5418517748
0.4066828344
0.5277782969
0.5370413500
0.5328080700
0.5804485149
0.5285624270
0.7573897169
0.5080943934
0.5370717302
0.3858849972
0.5265012849
0.4576193514
0.5139127865
0.5787950651
0.5971248330
0.4179578195
0.6316913876
0.5707785803
0.4681923695
0.7338080653
0.6171129226
0.6079979310
0.7193244231
0.5140146208
0.5936448095
0.5850961214
0.4792514286
0.5953851926
0.5922129367
0.6470782666
0.6789914705
0.5460723870
0.4641129285
0.5659579337
0.4975600523
0.4515003593
0.6775977408
0.4117563027
0.5188342709
0.4511030151
0.5694000980
0.6589401441
0.5756716280
0.6494102089
0.6591646715
0.4885034934
0.5708751853
0.6932073234
0.6000012971
0.5543824981
0.5536429168
0.7470945394
0.5722190914
0.5660415521
0.6460886663
0.6493444755
0.4740499040
0.6067310601
0.6192130346
0.6330252578
0.7793987111
0.4715049979
0.5826796764
0.7338951728
0.7725006663
0.5981800598
0.5372499759
0.6042484659
0.8827983631
0.6427761442
0.6297113135
0.7587464101
0.5347258551
0.7250168872
0.7253041092
0.6191347871
0.6619682144
0.6800825050
0.5864654944
0.7448285345
0.7701736516
0.7261586899
0.6359179484
0.5938745220
0.6780035520
0.5821151297
0.7833851004
0.6873912407
0.6811479155
0.7465523942
0.7976585215
0.6716595554
0.7581140980
0.6453763147
0.5632316772
0.7257040224
0.6080472200
0.6956378221
0.6143751315
0.7404436598
0.8087341743
0.7516953228
0.6683517178
0.6523496287
0.6542633371
0.8464545942
0.7813783063
0.8480089323
0.9281793050
0.8339651905
0.7686226419
0.6752944891
0.6969810600
0.6288227060
0.6983699759
0.8704234266
0.8513995107
0.8459096860
0.6926229420
0.6555623748
0.8428465961
0.7779176122
0.7308368194
0.7600171494
0.7822899942
0.8148632150
0.7145264969
0.9106407631
0.8169118776
0.8408082665
0.7343802105
0.8119631203
0.9455157843
0.6972762305
0.7457770519
0.7971733647
0.7890546364
0.6789995842
0.7929611331
0.7976188222
0.8345500795
0.7170124496
0.6993965922
0.8126359645
0.7727024259
0.7966796601
0.9362661412
0.7824999315
0.8529712708
0.9159833372
0.8083542424
0.9483501505
0.7680549083
0.9285377728
1.0147504402
0.7866951833
0.7971840894
0.7986648140
0.9055566283
0.8777625842
0.8293983108
0.8294848739
0.7722463146
0.8985272666
0.8377382764
0.8407788197
0.9428101801
0.8692945340
0.7978029592
0.9268839459
0.8256167028
0.8221712196
0.7643642324
0.9966770329
0.7818326724
0.9139405245
0.8722377673
0.8466705173
0.9255768491
0.9633036906
0.8781862488
1.0110406717
0.8265389858
0.8337797537
0.9093986913
0.8033774196
0.8858137147
0.7312403852
0.9609999887
0.9816460913
0.8421657557
0.8279913620
0.9646022605
0.9066146241
0.9782928852
0.9219347865
0.7995724804
0.8415326179
0.8414549287
0.8330686590
0.9669732314
0.9558748196
1.0051747591
0.8951098247
0.8982809791
1.0358872767
1.0769650628
0.9764675328
0.9150631174
0.8798779664
1.0202934629
0.8877886568
0.9416736124
0.8856089200
0.9078694510
0.8912451111
0.8906966125
1.0100190279
0.9792731693
0.9208628935
1.0623473658
0.8841482848
0.9465110552
0.8720103409
1.0368430479
0.9712019320
0.9042807381
1.0126994072
0.9577629578
1.0241418289
1.0130424638
1.0736776235
1.1128853009
1.0408488318
1.0003401449
1.0495960583
0.8924410916
1.0757282519
1.0462872223
1.0387154737
1.1209107357
