-1.1362711279
-1.0848622965
-1.0150333605
-0.9862693653
-0.9923019098
-1.0921015126
-1.1025281262
-0.8794122956
-1.0678266051
-0.9847482450
-0.9265219617
-0.8052480708
-0.8838946042
-0.9981813403
-1.0549082519
-0.9216795754
-0.9239388694
-0.8739792218
-1.0202939335
-0.9676609974
-0.8898070943
-0.9229936693
-1.0324638045
-0.8021525715
-0.9584687408
-0.8531438355
-0.9962599285
-0.9885194509
-0.9559036672
-0.9533799081
-0.9334797819
-0.8577466679
-0.9556240695
-1.1086893012
-0.7858164910
-0.8502516470
-0.9413136812
-1.1247718582
-0.8788797411
-0.8885095386
-0.6673831377
-0.8135035426
-0.9091394893
-0.9650928293
-0.7716288469
-0.8384394502
-0.9107279167
-0.8790613988
-0.9839274427
-0.9291540054
-0.9027476798
-1.0938990186
-0.8793119121
-0.8296602125
-0.8798317010
-0.7908136309
-0.9022641685
-0.9924496956
-0.8697035743
-0.8874018820
-0.9267776269
-0.8523155984
-1.0868167359
-0.9610116148
-0.8308079572
-0.8365933449
-0.7644226566
-0.7321992407
-0.8796385574
-0.9120987862
-0.8288072441
-0.9161030122
-0.8141221153
-0.9624309533
-0.9088416605
-0.9153369808
-0.7318948430
-0.7864390403
-0.8871054211
-0.9794334906
-0.7593972356
-0.9396659271
-1.0277627202
-0.8888158138
-0.8671151013
-0.8052894275
-0.6695237523
-0.9029912678
-0.8651980175
-0.7611307593
-0.8067826823
-0.8532531424
-0.7617392609
-0.8333972631
-0.7647390414
-0.7293488044
-0.8130323554
-0.8305030701
-0.6697090658
-0.8514584670
-0.7030837026
-0.7575535558
-0.7287958824
-0.7392799490
-0.7453938136
-0.9049977571
-0.7770342930
-0.7288640713
-0.8011669111
-0.7430157775
-0.9047181938
-0.6377822390
-0.7720677864
-0.7460664717
-0.6573049622
-0.8237630754
-0.7582155457
-0.6273442581
-0.8612927025
-0.7846680232
-0.7501798079
-0.8075809463
-0.9542916323
-0.7201509783
-0.8199071639
-0.8159036082
-0.6611005098
-0.6893130632
-0.8403295360
-0.7842040472
-0.8354348939
-0.8640841455
-0.7349933083
-0.7318354602
-0.6295378754
-0.6988703984
-0.6786330719
-0.8106628061
-0.5658928214
-0.7474224215
-0.7411766887
-0.7288315801
-0.6964069058
-0.7547208257
-0.6598797648
-0.8530388263
-0.5257569279
-0.6295541066
-0.7178893429
-0.8191289199
-0.7315435617
-0.6283138186
-0.6153545185
-0.5849812286
-0.6109326634
-0.5350032808
-0.6406571583
-0.7892580027
-0.6100908122
-0.7688367685
-0.6257510724
-0.8511145881
-0.7348082544
-0.8541549883
-0.7885673399
-0.5888695311
-0.7211479823
-0.7440222685
-0.6707811961
-0.6816352766
-0.6830127416
-0.5775653609
-0.4897586376
-0.5783500712
-0.6584331897
-0.6441527816
-0.6376763756
-0.8116712368
-0.5479756643
-0.5559450151
-0.7344242063
-0.7025126133
-0.7071619873
-0.5104436242
-0.6201666494
-0.6309955743
-0.6126698363
-0.5660653885
-0.7289418512
-0.6567230418
-0.5853235837
-0.6178252373
-0.6720498646
-0.6676465500
-0.6045602798
-0.6569017257
-0.6136804842
-0.7075020227
-0.7005146100
-0.6662628019
-0.6692651470
-0.6843099489
-0.7060865009
-0.5026711072
-0.3571775115
-0.5415185680
-0.5986139642
-0.5861154823
-0.5486813773
-0.6689356323
-0.5560006643
-0.4845641720
-0.5872854622
-0.6196838913
-0.6537266056
-0.3986023249
-0.5691540999
-0.4144613296
-0.6576305682
-0.5443667742
-0.4736996480
-0.6440095334
-0.4722142886
-0.5911567702
-0.5221424119
-0.5632537393
-0.5771960800
-0.4670070771
-0.5933325783
-0.5447088945
-0.5825766065
-0.3549737554
-0.6711803319
-0.6020559562
-0.5975560524
-0.6044451673
-0.3895151226
-0.4619057824
-0.6276646737
-0.5873452151
-0.4967215195
-0.5376339386
-0.5988425585
-0.5605897222
-0.5054120613
-0.5102534590
-0.4964681006
-0.4701066990
-0.5074081865
-0.5202909450
-0.6396363165
-0.5124547983
-0.5199244113
-0.5736772876
-0.5057208935
-0.5547319881
-0.6305843780
-0.4342737292
-0.6220463747
-0.4538592236
-0.3597285049
-0.4901398784
-0.6013625279
-0.5354734573
-0.4156621120
-0.6207434698
-0.5089663568
-0.5674279143
-0.4802180416
-0.4859559054
-0.4838662893
-0.4480563323
-0.4277679163
-0.3854377293
-0.5709254600
-0.3799357186
-0.4117878819
-0.4245151533
-0.4812483773
-0.3116529346
-0.5705094719
-0.5133979140
-0.3812670310
-0.3455078108
-0.3601695905
-0.6193080077
-0.4493849303
-0.5729385227
-0.5206342392
-0.4232894111
-0.4292476489
-0.4269538010
-0.3502572028
-0.4818121013
-0.3879579509
-0.5588789735
-0.4097396622
-0.3257202087
-0.3854416093
-0.3462892225
-0.4022414341
-0.4297663562
-0.3614845559
-0.3200364752
-0.4382767422
-0.4639335148
-0.3982213163
-0.3783439053
-0.5023531747
-0.2895558601
-0.5010960165
-0.3702234736
-0.5032298056
-0.4495350591
-0.3943392918
-0.2966037490
-0.3820747075
-0.2112061836
-0.4196575105
-0.4033418134
-0.2723370090
-0.2856931711
-0.3159211475
-0.3054805767
-0.4072611952
-0.2690270997
-0.5455842983
-0.4209368960
-0.3551673306
-0.2174675562
-0.2351283945
-0.2945221318
-0.3239973134
-0.4098884517
-0.4499651674
-0.1485655956
-0.2529654862
-0.3778155354
-0.2598532728
-0.3356933535
-0.3866686921
-0.4184793013
-0.4151666437
-0.2873386017
-0.3006769396
-0.3118980983
-0.4656123365
-0.3739033657
-0.3803483082
-0.1107412851
-0.2180677015
-0.3322090808
-0.1948203694
-0.4058574336
-0.2255214974
-0.3223627912
-0.3929317961
-0.1352479655
-0.2847206394
-0.2964326824
-0.3427463686
-0.2761083514
-0.3421830040
-0.3674554905
-0.3094290553
-0.3945643236
-0.2156287673
-0.3686734211
-0.3518628041
-0.4090186160
-0.2345989380
-0.3318689832
-0.2569329353
-0.2312981299
-0.2984478238
-0.2002517878
-0.2416846697
-0.2389032543
-0.2587472099
-0.2687921214
-0.2613108780
-0.1646762638
-0.2091477456
-0.2594581266
-0.2100859105
-0.0843522632
-0.2842972204
-0.3195805165
-0.2631293723
-0.2389196402
-0.2845799166
-0.2558668596
-0.1375513665
-0.1075909893
-0.3869724617
-0.2340368717
-0.2238038998
-0.0544430655
-0.0527747248
-0.1513684218
-0.3145186410
-0.3159359714
-0.2214001115
-0.3241004488
-0.1865321476
-0.1901105682
-0.1557095358
-0.2598402506
-0.0737527198
-0.1690709663
-0.2385728242
-0.0437407453
-0.1481892728
-0.1729819410
-0.1687657638
-0.2267743182
-0.1934455662
-0.1005493720
-0.1341699102
-0.2486037574
-0.2341038067
-0.1825677475
-0.2219965549
-0.2551196799
-0.1289902191
-0.1918704125
0.0374029660
-0.2598945052
-0.0679107952
-0.1794169705
-0.1976521778
0.0111270003
-0.0250814043
-0.0869782092
-0.0395359036
-0.0874035278
-0.1401916373
-0.1981290708
-0.2451716172
-0.0497546119
-0.1451424509
-0.2032405479
-0.0650496043
-0.0946792628
-0.0908433154
-0.1657003189
-0.0508044232
0.0444474147
-0.1633947083
-0.0721475005
-0.1570420058
-0.0037305038
-0.0564596194
-0.0593557232
-0.0143403590
-0.0312026879
-0.0693699289
-0.0663335522
-0.0504212885
-0.0364546850
-0.0315934755
-0.0160185936
0.0089704768
-0.0470663043
-0.0337608589
0.0647734776
-0.1148375772
-0.1323364392
-0.1446064909
-0.1598656815
-0.0639104947
-0.0124570410
-0.0343125132
-0.1408468621
0.1326823859
0.0049381070
0.0082607995
-0.0801059228
-0.0761575987
-0.2223093100
-0.0534005559
0.1253495492
-0.0233162627
0.0552906281
-0.1511121059
-0.0861525374
-0.0360011859
0.0256549378
-0.1192758493
-0.0693872848
-0.0583179553
-0.0171524156
-0.0227159010
0.0338866222
0.0443974305
-0.0168689720
0.0856957503
-0.0408675309
-0.0996461798
-0.1176949329
0.0901476276
0.0003065873
-0.0594001737
-0.0103507400
-0.0879166607
0.0614732594
-0.0074591577
-0.0197399045
0.0719977825
-0.0737529436
0.0094527604
-0.0299795763
0.0673826285
0.1540940758
-0.1140485055
0.1272327687
0.0574754522
0.0030303474
0.0246519496
0.2079711279
0.0716081262
0.0088367703
0.1381071292
0.1039332027
0.0547686377
0.2010691197
0.1145836282
-0.0607089222
0.1317565205
0.2222566419
-0.0321987723
0.0694194056
0.1450763791
0.0661630226
0.2499065275
0.1069543677
-0.0038832973
0.0042486767
-0.0110665643
0.0093078227
-0.1362186515
0.1011809351
0.0332156727
0.0310592099
0.0124804208
0.0133187682
0.2741881356
-0.0548571237
0.1462450131
-0.1233553348
-0.0674443149
0.0234431137
0.1207876336
0.1388258079
-0.0110738229
0.1228541444
0.1708027976
0.2004740656
0.1543468787
0.1264440303
0.1028252067
0.1377684687
0.1395394125
0.0702310318
0.2136808964
0.1350913059
0.1173594490
0.2799208111
0.1589418260
0.1824783459
0.1356410894
0.0557009187
0.3256234677
0.0941043372
0.1379143696
0.2069478446
0.0960313714
0.1823349175
0.2165847454
0.1605923135
0.2000236062
0.0798894078
0.2259904311
0.2329447436
0.0509202272
0.0534800878
0.1682703252
0.1537822369
0.1115959799
0.2252056073
0.1527770732
0.1562558118
0.2023259747
0.2210977129
0.2554199033
0.1085228270
0.2816393640
0.1117555380
0.4243405700
0.1284381479
0.2738900140
0.2644325209
0.2008209373
0.2681207013
0.2452561689
0.1142937752
0.4203757127
0.3196505609
0.1981906672
0.3221963707
0.1871827973
0.2615275250
0.1714604039
0.2367763111
0.2894819464
0.3379797118
0.0393085869
0.2184908351
0.2186498175
0.1927208008
0.2126119223
0.2415930600
0.2313287512
0.2382861385
0.3195079367
0.4365856365
0.2413995483
0.2146634427
0.1302191101
0.2787635178
0.3422144700
0.2168140271
0.1920996015
0.2214393168
0.3400590161
0.3191626514
0.3674882182
0.4768942677
0.2319002000
0.3588623112
0.2867394508
0.4142223481
0.4091114057
0.2899846562
0.2686645690
0.3373510972
0.1166795058
0.2856746807
0.3306168495
0.3774268696
0.3089706439
0.1495798994
0.3038262575
0.2854557569
0.2876807403
0.1563471251
0.2783596556
0.2186591074
0.2693750060
0.1350144706
0.2602388846
0.2398525960
0.2574759136
0.4445274502
0.2445799460
0.3718551106
0.4263537156
0.3260871683
0.3836178641
0.3390228133
0.4532251406
0.3302771438
0.3809371516
0.3604851081
0.3159703656
0.3963564791
0.3149883464
0.4249965055
0.2808524420
0.4452100461
0.3485784938
0.2632692959
0.4498924796
0.3797900199
0.5550792445
0.4783486012
0.3248394545
0.2826018840
0.3373376316
0.4001281929
0.3284657070
0.3985719179
0.3695629853
0.4317600057
0.4245942467
0.2239744206
0.2016998651
0.3907095445
0.5419633889
0.4315336156
0.4628316328
0.3433596955
0.3658777771
0.4832934742
0.3325680304
0.3837505303
0.2286443322
0.3899775858
0.3553519879
0.4199617572
0.4667788567
0.3899794007
0.5551666807
0.4597175680
0.4619080838
0.3863511932
0.4941168965
0.2765395183
0.4798019906
0.4383240603
0.4574652603
0.5239491540
0.4330563347
0.4916141216
0.4098327549
0.3283780107
0.4220632702
0.4201167141
0.3638382588
0.5198399840
0.4462019249
0.6587137098
0.4155130223
0.5229276910
0.4151239642
0.4342570027
0.4417112733
0.4913062242
0.5046519272
0.4153916321
0.5934398249
0.3061971967
0.4723204916
0.4499242637
0.5009399983
0.4577550040
0.4687036476
0.4843170526
0.4756900157
0.4587668477
0.4392721305
0.5176766603
0.4160733271
0.4482597955
0.4933119816
0.3702560371
0.4151014539
0.4791226534
0.3617910345
0.6233148925
0.4633380848
0.5856244802
0.5210875805
0.5254029513
0.5690342991
0.4843865088
0.4062514241
0.6385747427
0.4041076308
0.4659362779
0.4923232517
0.5026336974
0.5506422269
0.5286591275
0.6523643889
0.4759087258
0.5096287624
0.6085699330
0.4591878233
0.6109249817
0.5897927246
0.6141911427
0.5068089348
0.3873267555
0.6756506693
0.5771785771
0.6106757842
0.6349003160
0.5525433998
0.6359654127
0.4925765383
0.6413063551
0.6054633087
0.5731506721
0.6928779003
0.4759898774
0.5466804386
0.4940600943
0.5027488353
0.7169863143
0.5992072608
0.6112499893
0.5749932408
0.7094484814
0.6341475634
0.5554911545
0.6079807471
0.6709977523
0.6330427575
0.5803981623
0.6644179284
0.7690165111
0.4653209916
0.6066410258
0.6906228450
0.7399926974
0.5357167468
0.6932051058
0.5906214664
0.5993360012
0.5715841169
0.6465291857
0.5966586178
0.7612813821
0.8958101347
0.5486299628
0.6247200110
0.5223877932
0.6839180032
0.7541176218
0.7265655489
0.6150880442
0.6750396446
0.6828298740
0.6007965152
0.7570291982
0.7082399873
0.7029094065
0.7955221777
0.7354958095
0.6276842662
0.6848320632
0.7679577562
0.6850751336
0.7472224933
0.6075390609
0.5998361340
0.6691815115
0.6676203322
0.8344962606
0.7393302767
0.8457457825
0.6903434493
0.7266917756
0.6054037174
0.5433970441
0.6696440280
0.7537598722
0.8277391184
0.7366860052
0.4943481404
0.6792884881
0.8594001725
0.6940542366
0.8283297497
0.7396462992
0.7500152039
0.8899602139
0.6393131751
0.6850554635
0.8280192187
0.6872715469
0.7592176691
0.6977774881
0.7630528660
0.6070150429
0.8116430510
0.6979127507
0.5924215206
0.6420803661
0.7219417936
0.7901059605
0.7092334378
0.7424812625
0.7379964926
0.7837519404
0.8896256976
0.7267282189
0.7915953261
0.8388399927
0.6990087650
0.7751584378
0.7970297793
0.8222966729
0.8810608880
0.8153470148
0.6898640064
0.7283454005
0.7515331428
0.6919409748
0.7944871848
0.7216449967
0.8323292506
0.8500568727
0.8122282456
0.8113037541
0.9541636644
0.8295686265
0.9875522341
0.8422762712
0.6176977945
0.7970891595
0.7828745059
0.8416732338
0.7890646698
0.8058591711
0.8193882261
0.8772517211
0.7196523520
0.8049400921
0.9707449215
0.8505309466
0.9645052633
0.8388059656
0.9236464011
0.9358234643
0.6886011874
0.7616206844
0.8378293606
0.9496458408
0.8714816061
0.9428348756
0.9772673035
0.8446219126
0.8160426977
0.7809395259
0.8379589499
1.0371688378
0.9864469401
1.0034583863
0.8470418582
0.8659507883
0.9778834490
0.9794483513
0.8287834910
0.8877108244
0.8412280729
0.8920316991
0.8565524720
0.8375033214
1.0127087675
0.8677256955
1.1886273258
0.9906407237
0.8285541459
0.9581594275
1.0769724006
1.0443069487
0.9151516148
0.9000581589
0.8778375164
0.9811317308
0.8598263299
0.8802159278
0.9661812719
0.8234653740
0.9087196738
0.7768964213
0.9768728942
0.9633414437
1.0748085388
0.9884456385
0.8810013051
0.8990882446
0.8318157242
0.9294911410
1.1034570437
0.9343730367
1.1222458850
1.0613549468
1.0630282512
1.0970940515
1.0094119200
0.9483697327
1.0142116531
0.9803533652
1.0201889484
0.9303180086
1.1191347816
0.9608993451
1.0190251881
1.0766082538
1.1524090462
1.0369354905
0.9691643545
1.0658044042
0.9308977813
1.0302676175
1.1366619098
1.1170443175
