-0.8817389064
-0.9985945123
-0.9825238076
-0.9378802035
-0.9631954264
-0.9430438963
-1.0262396465
-0.9040955213
-0.9647566676
-1.0118870054
-1.0269968690
-0.9962912959
-1.0986890038
-1.0045946472
-0.9619643715
-0.9582587336
-1.0013304078
-1.0220644817
-0.8814080936
-0.7162595136
-0.9941263365
-0.8850779287
-0.9599207986
-1.0133228299
-0.9328721556
-0.8935388008
-0.9886705628
-0.8166600390
-0.9805463725
-0.8981389626
-0.9891294844
-0.8492421425
-0.7827216862
-1.0319408542
-0.8850406787
-1.0071267845
-0.9306469890
-0.7989356679
-0.7563454322
-0.8070865511
-0.8766249634
-0.7623927878
-1.0433459599
-0.9200272843
-0.9366542907
-0.7131756775
-0.8357494286
-0.8558811375
-0.9408498350
-0.8115497719
-0.7742783393
-0.9151386491
-0.9554613090
-0.8578637510
-0.8826679575
-0.9896771565
-1.0606222775
-0.8014322109
-0.9630171831
-0.7741999034
-0.8526974237
-0.9622995550
-0.8414107105
-0.8298829768
-0.9231816499
-0.9046290469
-0.8563209998
-0.8986627035
-0.9071322833
-0.8225965712
-0.9555279148
-0.7548214355
-0.7350102015
-0.7544524969
-0.9640353410
-0.9398831154
-0.8085619354
-0.8562734055
-0.8305935995
-0.7931684329
-0.8012569644
-0.7432406825
-0.8175254615
-1.0010401019
-0.7298060320
-0.7126316933
-0.7870437390
-0.9584267794
-0.9726446145
-0.7990059808
-0.8380868673
-0.5161094241
-0.6775405961
-0.8733597581
-0.9108650902
-0.7628514543
-0.7806509023
-0.8284413045
-0.8377238846
-0.8342190645
-0.8697123811
-0.8335264073
-0.7251044096
-0.8415815592
-0.8388630837
-0.8053680281
-0.8884343402
-0.9699750089
-0.8809403967
-0.7202534735
-0.8281873940
-0.8723755564
-0.7331240405
-0.8234574818
-0.8175730246
-0.6844511221
-0.6838842931
-0.5893173921
-0.8061703186
-0.6172717710
-0.6265668531
-0.6817747225
-0.8145814804
-0.6571287357
-0.7194791720
-0.5727784172
-0.5942086013
-0.6134780119
-0.9284094355
-0.7240432585
-0.7021817222
-0.6742281056
-0.7076728916
-0.7558093180
-0.7199457333
-0.7849462736
-0.6400916350
-0.6903942412
-0.7076869730
-0.6313446208
-0.7967523211
-0.6662364942
-0.7199673544
-0.7762223895
-0.6317543544
-0.8012460397
-0.6794729261
-0.7433572207
-0.7868985972
-0.5231028563
-0.7117631577
-0.8212351892
-0.5747212184
-0.6548169628
-0.6777802896
-0.6595583464
-0.7383710522
-0.5812291764
-0.6995907699
-0.8011810226
-0.8055892839
-0.5860049005
-0.5375796809
-0.6863622110
-0.5804371764
-0.7283645207
-0.7402148945
-0.6733476228
-0.5939038645
-0.7859708652
-0.7337999305
-0.6606401370
-0.7068128056
-0.6376637469
-0.6059246381
-0.6955325558
-0.6555152544
-0.6294391025
-0.6725164740
-0.5978670658
-0.6184496314
-0.5246705059
-0.6862300466
-0.5656490635
-0.7099804992
-0.7334760940
-0.5264525452
-0.6229573355
-0.5987884033
-0.6877535236
-0.6873878945
-0.6852898154
-0.7117603247
-0.6788829228
-0.6785412248
-0.5758801228
-0.6205105781
-0.4646206210
-0.6163920004
-0.5695567996
-0.5096103686
-0.5502459152
-0.4959241079
-0.5242878042
-0.6024190375
-0.5778060902
-0.6835503903
-0.5007670830
-0.5411187976
-0.5261499759
-0.8123815635
-0.6492968145
-0.6221833103
-0.6086933816
-0.3690374974
-0.4601761925
-0.5263423802
-0.5380319165
-0.5550963069
-0.5977411114
-0.6117720934
-0.6207326874
-0.4855138642
-0.5429169745
-0.5993904842
-0.5138491881
-0.6230927329
-0.4886729288
-0.5738991001
-0.5442632096
-0.3203070686
-0.5995358234
-0.6041843549
-0.5994683830
-0.6349354101
-0.5297416682
-0.4850497079
-0.4829819570
-0.5272424707
-0.5044048561
-0.5607588878
-0.6061610874
-0.4382007562
-0.5028603095
-0.4890846130
-0.5547269730
-0.5484257715
-0.5282871465
-0.4430582806
-0.5366780088
-0.4528260271
-0.5425765863
-0.4457825604
-0.5080872968
-0.5169952587
-0.5194861423
-0.2998055979
-0.4661723325
-0.5803959756
-0.4013151265
-0.3338878768
-0.4675618663
-0.4628041828
-0.3724528692
-0.5201370887
-0.5976275541
-0.5031512049
-0.5526311047
-0.3898190757
-0.4044603502
-0.3908070400
-0.3655503288
-0.4291415635
-0.4637278204
-0.5681347221
-0.5043836438
-0.3802784362
-0.4438205982
-0.4071537436
-0.3491105673
-0.3109093093
-0.5687603199
-0.3739232795
-0.3566285182
-0.4671139486
-0.3772187042
-0.4252058894
-0.4044789135
-0.4559687013
-0.4301096177
-0.5090897041
-0.4952638530
-0.5453307991
-0.3726678574
-0.5702840614
-0.3320270600
-0.3421049757
-0.4509394188
-0.2830503179
-0.3565432035
-0.3824400713
-0.4398796375
-0.4455783004
-0.3117582926
-0.2627602107
-0.4497114031
-0.3688922893
-0.4349436552
-0.3443659966
-0.3169691093
-0.4762908760
-0.3855393290
-0.4812489164
-0.3057335652
-0.3608284178
-0.2801837840
-0.5368278447
-0.2543776547
-0.4142015245
-0.2422655489
-0.2836022102
-0.3559948641
-0.2428057488
-0.2921349726
-0.2967312678
-0.3979380009
-0.3875166162
-0.5273987248
-0.3614851220
-0.2773522153
-0.2832833506
-0.4627254596
-0.3309190818
-0.4291758592
-0.3445040091
-0.2035889140
-0.3982227970
-0.3471723408
-0.2813019507
-0.3451841220
-0.3421755388
-0.1876203538
-0.2162678795
-0.0933212562
-0.4405119076
-0.3904364325
-0.2891925332
-0.3097188609
-0.2774298478
-0.3248199205
-0.2867677821
-0.3578569708
-0.2009134947
-0.1795484151
-0.3788314264
-0.2096053961
-0.4399193074
-0.3492038858
-0.3986897775
-0.3012260113
-0.2946149741
-0.3169142721
-0.2205014008
-0.3628732555
-0.4678612021
-0.4325191099
-0.2436249356
-0.3124969047
-0.1406360207
-0.2940127518
-0.2090096503
-0.2181281634
-0.2013638666
-0.2351970160
-0.3049255514
-0.2107298822
-0.2372445155
-0.3214988264
-0.1960196919
-0.2281882576
-0.3602667489
-0.1036915628
-0.3146860650
-0.4185444019
-0.3011123214
-0.2619744605
-0.1504380720
-0.1149675693
-0.1242681080
0.0068348721
-0.2814631023
-0.3482045888
-0.1655566944
-0.3009049405
-0.1868352581
-0.2190223014
-0.1809425481
-0.2573135745
-0.2968148519
-0.3430768751
-0.2770797612
-0.1867692484
-0.1053237428
-0.1837026107
-0.1275729030
-0.1405586452
-0.2939559827
-0.0385687908
-0.2129668333
-0.1335931853
-0.1986238064
-0.1319544184
-0.0814166905
-0.0729364343
-0.2920147990
-0.2346837826
-0.1151505126
-0.3016613457
-0.1776775915
-0.2145162081
-0.3103595627
-0.2127953473
-0.0719325126
-0.1174202514
-0.0077558090
-0.1881538796
-0.2223647626
-0.1056136811
-0.0980045338
-0.0653429081
-0.1518597753
-0.1500297272
-0.1042035347
-0.0746864848
-0.0386643802
-0.1618725530
-0.0685398324
-0.0257045990
-0.2475341234
-0.0752232534
-0.0188859401
-0.0986146619
-0.0992042537
-0.0227069985
-0.0365842285
-0.1565687799
-0.0774746830
-0.0582996191
-0.1224833832
-0.0240847069
-0.0471157829
-0.1257148773
-0.1675110449
0.0059533365
-0.1305157172
-0.0962760556
-0.1388756685
0.0033002149
0.0358500927
-0.1425895698
-0.1183530810
-0.0699122406
-0.1273205545
-0.1377620257
-0.0815459306
-0.1352138737
-0.0077668006
-0.0306178952
-0.0751472961
-0.1279454176
-0.1992205405
-0.1375729853
-0.1143476137
-0.1287985124
-0.1258563033
-0.0432359789
-0.0122920487
0.1228729077
-0.0575291797
0.0334718591
0.2443494420
-0.0056650119
0.0012970360
0.0663451199
0.0273797681
-0.1702212615
-0.1367163499
-0.1264453967
-0.0509045594
0.0649722455
-0.0665495375
0.0491440249
0.0289526255
0.0205027258
0.0735600275
-0.0178139207
-0.0240327245
-0.0007040700
-0.1573944746
-0.0632438127
-0.0934905034
0.0507877621
0.1291667413
-0.0193430989
-0.0986023066
0.0343051785
-0.0924786519
0.1254501864
-0.1422614743
0.0543293410
0.0059403967
0.1889413454
0.0049601930
0.0210138658
0.0340951597
0.0885154715
-0.0146549607
-0.1314482742
0.1012308906
-0.1427366746
-0.0551991273
0.0078261363
0.1303634352
-0.2226764606
-0.0957937863
-0.0269225078
-0.1140757625
0.0925599237
-0.0636022370
0.0412260294
0.1256823696
-0.0664603222
-0.0189928335
-0.1046011563
0.0828539591
0.1111814373
0.0324580157
-0.0357234545
0.0006899386
0.0804686224
0.0959780223
0.1128335723
0.0789016302
0.3274423308
-0.0883777557
0.2526357595
0.1656038830
0.1469553653
0.0405211506
0.0587572704
0.1589155432
0.0036497320
0.0736674776
-0.0448685970
0.1168733862
-0.0640771248
0.1514861275
0.1187926156
0.1142854972
0.0870976591
0.0886436451
0.1299049492
0.1329898052
0.1386042689
0.1054151430
0.0868035272
0.1691780620
0.0612713772
0.1451905262
0.1445910950
0.2888033854
0.0477073317
0.1981678909
0.1510316713
0.0238936298
0.1409516107
0.0171953924
0.1354868171
0.2049303396
0.2668797760
0.1466763888
0.1998875721
0.1778023788
0.2260256396
0.0672736750
0.1158546177
0.2534257780
0.1774878856
0.0734798760
0.1678235881
0.2199550933
0.3182934550
0.2596686237
0.1812696052
0.2606675921
0.0660530816
0.2168486436
0.2758073591
0.2486490302
0.1959164112
0.0340751719
0.2511723725
0.1687702081
0.3208680534
0.2514275190
0.1324075208
0.1974015477
0.3037380626
0.0968693243
0.2519051538
0.1483032594
0.1479186802
0.3046845466
0.2898349769
0.2649685873
0.1679117921
0.2395631017
0.0795823125
0.2905310780
0.3841185034
0.3957269206
0.1234777751
0.4113741822
0.1804930580
0.2778695269
0.2139475559
0.1792595690
0.1416484832
0.2326876349
0.2747922045
0.4135961236
0.2403752181
0.1299250700
0.2042099490
0.3156369133
0.2574237402
0.3706677644
0.3064865856
0.3302008084
0.2554276750
0.2595706880
0.1213534854
0.2544340792
0.1650577422
0.2907872593
0.4162469354
0.3903051356
0.1908589284
0.3578406788
0.4870185446
0.1884104850
0.2913026999
0.1361819298
0.3033372521
0.1904330563
0.2511151994
0.3269578063
0.2112648838
0.3174448275
0.2628197757
0.3232929965
0.3827989628
0.2634963538
0.2238750584
0.2494859642
0.2920913352
0.3408131103
0.3390380403
0.2370936897
0.3233218486
0.4256658549
0.2804952398
0.3875024136
0.3131450461
0.2207632226
0.3112198293
0.4606976964
0.3025499050
0.3204272293
0.3793707123
0.3736874868
0.3143136522
0.2568904770
0.3083298540
0.4228310903
0.3891325337
0.4774714971
0.4154245056
0.4988754380
0.4021618183
0.3274111409
0.4193536862
0.2960948402
0.4187923167
0.2144681379
0.4432267893
0.3947128742
0.3593128812
0.4593691278
0.2932793028
0.4158504018
0.3525375709
0.5075722805
0.4242040628
0.3113472918
0.5430591949
0.3912968920
0.3636516444
0.4216881184
0.4125938365
0.4459908547
0.3833300506
0.3826113710
0.4333191812
0.3479234437
0.2469165839
0.4556214753
0.4234838792
0.4411045960
0.4639206350
0.5105447509
0.4265674907
0.4012348167
0.5833385451
0.4826259884
0.4902779902
0.4787188524
0.5188372050
0.5188524086
0.3652381960
0.4848565806
0.5393824700
0.3556526366
0.5639219429
0.6016591953
0.5383337487
0.3039582799
0.3914560031
0.5153527036
0.5551535050
0.6193428333
0.5370005396
0.5046222932
0.4230871963
0.3836128821
0.5040630830
0.5636395850
0.4641792268
0.6159513514
0.5770040580
0.4090524495
0.6617666653
0.5160840222
0.5051269869
0.5590814206
0.4874604862
0.5169137967
0.6648619571
0.5368256628
0.3995890051
0.5386874371
0.5210117601
0.5216244742
0.5840202676
0.5374536211
0.7451524845
0.5067963202
0.5504199167
0.4034255488
0.5258235976
0.4822954742
0.5251694831
0.5689408119
0.5965861905
0.4134855261
0.6370250313
0.5606917025
0.4749031679
0.7419731105
0.5948808015
0.6168344566
0.7288764728
0.5218037480
0.5820885667
0.5835720554
0.4864698579
0.5893000745
0.5939820407
0.6342830457
0.6829859880
0.5074090759
0.4520472658
0.5547064409
0.4858974668
0.4485598377
0.6807893919
0.4294483501
0.5305153009
0.4474390818
0.5728194674
0.6453661455
0.5763825232
0.6640616995
0.6661119409
0.4812834663
0.5681686360
0.7039366939
0.5899826762
0.5652515512
0.5550153060
0.7539636766
0.5727233257
0.5880441108
0.6422706751
0.6371531239
0.4542303246
0.6142116813
0.6123687759
0.6481501087
0.7636152671
0.4520012045
0.5649011229
0.7325094261
0.7830308470
0.5816358967
0.5236962833
0.5849207143
0.8806895102
0.6522241692
0.6280429942
0.7525756857
0.5660846662
0.7266178893
0.7505962879
0.6257106368
0.6713342779
0.6584717445
0.5948603140
0.7028743386
0.7572704149
0.7450457851
0.6180518143
0.5782096803
0.6853407405
0.5813659073
0.7783620131
0.7000390717
0.6943190981
0.7358470813
0.7962892231
0.6786020661
0.7593246205
0.6405271230
0.5548107138
0.7273524689
0.6176542048
0.6990473850
0.6248614498
0.7361530388
0.8190527253
0.7300270165
0.6867209675
0.6499675045
0.6427780965
0.8416698206
0.7596963089
0.8445218139
0.9392569854
0.8169904786
0.7595551692
0.6673167537
0.7282685650
0.6358668176
0.7159869896
0.8488863007
0.8463710202
0.8242520861
0.6916626474
0.6362533873
0.8165060286
0.7805553240
0.7342675952
0.7568892376
0.7777569627
0.8277049088
0.7178153454
0.9084711082
0.8151470465
0.8322656382
0.7390233611
0.8045297587
0.9356450165
0.6981069037
0.7291392854
0.8068633606
0.7881747747
0.7060219271
0.7806781025
0.8004507329
0.8260283949
0.7182150505
0.7056984819
0.8018016688
0.7693728723
0.7780715597
0.9587507572
0.7709539071
0.8369614609
0.9127638259
0.8027943772
0.9407364079
0.7860605752
0.9317443329
1.0123572138
0.7755167613
0.8055482043
0.8225605504
0.9109657697
0.8446888191
0.8059764045
0.8084352839
0.7696446893
0.8858675906
0.8335998473
0.8533571117
0.9453495188
0.8666650876
0.7870185991
0.9290347417
0.8249552689
0.8124926563
0.7587294615
0.9850934753
0.7768887884
0.9014705587
0.8666542396
0.8567699707
0.9110085227
0.9581387034
0.8691360720
0.9971738697
0.8274124126
0.8202874610
0.9158117751
0.8180122477
0.8857785405
0.7404289892
0.9503848058
0.9947320982
0.8231044411
0.8106382862
0.9714248733
0.8952731843
0.9464638602
0.9312818102
0.8115910094
0.8438746102
0.8325669757
0.8577083903
0.9587723752
0.9442915249
0.9919349190
0.9003398430
0.8775607714
1.0440406508
1.0912895253
0.9596799159
0.9114147787
0.8916749296
1.0134966587
0.9136329092
0.9607794526
0.9125899866
0.9055286153
0.8955012531
0.8803117797
0.9945306462
0.9889769306
0.9334232621
1.0764888807
0.8823297274
0.9562070925
0.8874665967
1.0498280716
0.9363823634
0.9112597825
1.0119282524
0.9664640026
1.0248739096
0.9816093010
1.0651397413
1.0971542478
1.0538542917
1.0005085160
1.0732174354
0.9010160725
1.0731805272
1.0534672121
1.0204044396
1.1350957917
