-1.1306004897
-1.0791166897
-1.0070778823
-0.9846517790
-0.9949471763
-1.1069749258
-1.1018435288
-0.8866424553
-1.0721759824
-0.9939486280
-0.9308217285
-0.8219713887
-0.8954517681
-1.0514384307
-1.0314555636
-0.9061326691
-0.9096666223
-0.8646466110
-1.0211479636
-0.9733541478
-0.9107264305
-0.9216481718
-1.0219721220
-0.7971085422
-0.9428664854
-0.8288932335
-1.0038211161
-0.9785259565
-0.9458707559
-0.9527116838
-0.9399450617
-0.8326861497
-0.9464366913
-1.1103133246
-0.7995630395
-0.8436581941
-0.9295778624
-1.1066544738
-0.8731802421
-0.8840288568
-0.6744063706
-0.8210934729
-0.8963416639
-0.9620669112
-0.7787868579
-0.8531082563
-0.9309515658
-0.8702362549
-1.0068786467
-0.9117356169
-0.9104766656
-1.0675497084
-0.8761845878
-0.8497403970
-0.8660991719
-0.7747167001
-0.9107622669
-0.9845229583
-0.8523064830
-0.8867780257
-0.9058912307
-0.8641024817
-1.0500950513
-0.9456223818
-0.8497596025
-0.7867674332
-0.7709500672
-0.7466951399
-0.8768812888
-0.9118947865
-0.8313493641
-0.9557033638
-0.7850880931
-0.9569228105
-0.8859563604
-0.8924738609
-0.7343728544
-0.7929505786
-0.8902046198
-0.9763822724
-0.7642049777
-0.9245996527
-1.0508641758
-0.8977877542
-0.8838652127
-0.8016348595
-0.6683064855
-0.8999570567
-0.8685673727
-0.7361276658
-0.8321976698
-0.8673093829
-0.7713477532
-0.8036365907
-0.7621062982
-0.7261737798
-0.8229306438
-0.8478547303
-0.6761002751
-0.8444615612
-0.6957315731
-0.7582349254
-0.7111569328
-0.7398139114
-0.7290375926
-0.8916978620
-0.7759277309
-0.7220708701
-0.7851398024
-0.7417116104
-0.9056106811
-0.6526122594
-0.7891870573
-0.7547373936
-0.6751696929
-0.8048215492
-0.7304682175
-0.6050124924
-0.8588709708
-0.7784028040
-0.7429068282
-0.7890751775
-0.9530518030
-0.7405991791
-0.8253322787
-0.8132385434
-0.6656173052
-0.7172682796
-0.8368007085
-0.7734990265
-0.8361234328
-0.8578234962
-0.7500883078
-0.7310725803
-0.6504134659
-0.7035592514
-0.6789357915
-0.7957712801
-0.5677394656
-0.7403937059
-0.7248239655
-0.7356102541
-0.7043557728
-0.7128798321
-0.6824091398
-0.8401957881
-0.5281599325
-0.6286903131
-0.6970250007
-0.8287693360
-0.7248699107
-0.6359442596
-0.6120832146
-0.6040763786
-0.6083339448
-0.5549238160
-0.6314928186
-0.7993244924
-0.5646422872
-0.7526557619
-0.6223782251
-0.8473499545
-0.7476385263
-0.8920071483
-0.7672342616
-0.6009987872
-0.7070513210
-0.7615223606
-0.6734766106
-0.6809834010
-0.7095927474
-0.5715684189
-0.4961037631
-0.5992804726
-0.6459585415
-0.6487401778
-0.6458281969
-0.8085201719
-0.5598284269
-0.5538306305
-0.7445176335
-0.6774282339
-0.6978890915
-0.5240021230
-0.6248037418
-0.6429083805
-0.6161435036
-0.5643052249
-0.7112329530
-0.6350544228
-0.5736889187
-0.6170832882
-0.6582531079
-0.6501871642
-0.5963832233
-0.6481422118
-0.6312640741
-0.7032528321
-0.7002427486
-0.6552815056
-0.6799201972
-0.6731278577
-0.7111401137
-0.4968249442
-0.3651504733
-0.5581589878
-0.5898117309
-0.6007360073
-0.5429358106
-0.6904641296
-0.5446805198
-0.5109172315
-0.5728321667
-0.6082352759
-0.6626432904
-0.3904549563
-0.5424672381
-0.4038850783
-0.6522115222
-0.5520853577
-0.5029992294
-0.6406711090
-0.4930055227
-0.5863679135
-0.5395936455
-0.5786849022
-0.6025148907
-0.4583907044
-0.5886796130
-0.5488847322
-0.5705291115
-0.3543919724
-0.6525129088
-0.6028505365
-0.6034143204
-0.5759006029
-0.4085636897
-0.4465628989
-0.6074263025
-0.6091580083
-0.4953984657
-0.5240328634
-0.5990596760
-0.5212634021
-0.5177488855
-0.5294898617
-0.4939283178
-0.4930674401
-0.5020565973
-0.5254592936
-0.6420297013
-0.5219490215
-0.5226931340
-0.5771259234
-0.5264962426
-0.5476681838
-0.6266985405
-0.4349016422
-0.6120536356
-0.4495812924
-0.3681304649
-0.5030162865
-0.5783595791
-0.5216652090
-0.4261319669
-0.6219947612
-0.5228155115
-0.5669156567
-0.4749863986
-0.4676204965
-0.5040335859
-0.4255008389
-0.4249608612
-0.3797750407
-0.5665980060
-0.3755343312
-0.4188389130
-0.3904194713
-0.4741996643
-0.2866912784
-0.5733602523
-0.5013058518
-0.4019673069
-0.3644870168
-0.3558295561
-0.6065279926
-0.4324015690
-0.5875051787
-0.5225474621
-0.3948693559
-0.4039688316
-0.4032192485
-0.3418507695
-0.4778605461
-0.3701345400
-0.5441503446
-0.3942055584
-0.3031004211
-0.3879312036
-0.3510275036
-0.4169661995
-0.4097388366
-0.3745667421
-0.3291521264
-0.4308750081
-0.4412428017
-0.3850419422
-0.3676323179
-0.5099439860
-0.2962873235
-0.4570214166
-0.3685954255
-0.4930849006
-0.4687295918
-0.3865561488
-0.2978805117
-0.3816388565
-0.2011287345
-0.4233102416
-0.4065872836
-0.2739372338
-0.2979725698
-0.3207260575
-0.2921906448
-0.4200703933
-0.2770300857
-0.5380196653
-0.4266295426
-0.3403637746
-0.2167039677
-0.2565395510
-0.3090396584
-0.2956497038
-0.4062994038
-0.4541960209
-0.1571275552
-0.2266283646
-0.3755802438
-0.2655518773
-0.3326519979
-0.3830413639
-0.4066724234
-0.4179191603
-0.3005220467
-0.3050330807
-0.3273024229
-0.4451955917
-0.3723488542
-0.3719623924
-0.1432805064
-0.2064340723
-0.3410556211
-0.1869761633
-0.4010517588
-0.2358303968
-0.3163279409
-0.3741121981
-0.1389821688
-0.2614407361
-0.3008859448
-0.3409607675
-0.2953883634
-0.3319998505
-0.3781433986
-0.3354546345
-0.3807203253
-0.2220507664
-0.3742971588
-0.3407207942
-0.3924341223
-0.2220285129
-0.3118226011
-0.2686973134
-0.2156467789
-0.3155481561
-0.1865721381
-0.2412427227
-0.2317044585
-0.2546627987
-0.2841317487
-0.2726821148
-0.1541148862
-0.2040972788
-0.2235879097
-0.1959583562
-0.0863609585
-0.2466465796
-0.3282544679
-0.2517216769
-0.2495902911
-0.2811187446
-0.2268126715
-0.1693413005
-0.1005046184
-0.3933245869
-0.2304944570
-0.2233732227
-0.0756629285
-0.0621525066
-0.1550046927
-0.3308642246
-0.3200980409
-0.2061260729
-0.3267457793
-0.2054108488
-0.2031286808
-0.1266367851
-0.2375211651
-0.0884332515
-0.1416075875
-0.2165089783
-0.0584217995
-0.1440806490
-0.1464687063
-0.1368281466
-0.2660890378
-0.1894723553
-0.0808197139
-0.1285406938
-0.2521307010
-0.2199948724
-0.1580025285
-0.2047703365
-0.2226980937
-0.1366813671
-0.1857683991
0.0089187691
-0.2698315888
-0.0837544133
-0.1784999845
-0.2123725119
0.0306590912
-0.0409342120
-0.0852734689
-0.0519118428
-0.0829247629
-0.1313399722
-0.2016540828
-0.2245052978
-0.0533129339
-0.1531446119
-0.1805328369
-0.0781453394
-0.1187384502
-0.0745647084
-0.1629948873
-0.0463372342
0.0480849619
-0.1625467076
-0.0873827524
-0.1402981742
0.0025531985
-0.0533605558
-0.0551534887
-0.0116933866
-0.0306403044
-0.0463591341
-0.0831093047
-0.0346627614
-0.0340853878
-0.0271521786
-0.0058044917
-0.0071865855
-0.0461484528
-0.0186791150
0.0586384274
-0.0774209117
-0.1347907159
-0.1295388148
-0.1609653370
-0.0358164792
-0.0111347550
-0.0207490619
-0.1512690530
0.1438522816
0.0181748195
0.0213752832
-0.0818960048
-0.0836534229
-0.2068139831
-0.0542026214
0.0982294956
-0.0177292640
0.0510592228
-0.1507510523
-0.0976458043
-0.0338760341
0.0023028257
-0.1270402170
-0.0652440931
-0.0457927287
-0.0178128700
-0.0402492153
0.0319761348
0.0205086975
0.0027926265
0.0807150822
-0.0523833669
-0.0883311572
-0.1209708994
0.0924449804
0.0144292680
-0.0463662218
-0.0247098869
-0.0678814839
0.0412810883
-0.0016535883
-0.0197277851
0.0686270778
-0.0775976255
0.0267017402
-0.0441958513
0.0634804269
0.1283987760
-0.1220958820
0.1318209408
0.0430913168
-0.0078584127
0.0162483644
0.2007593265
0.0770457743
-0.0030877887
0.1332240112
0.0935715274
0.0568755051
0.1898577047
0.1012391437
-0.0474083568
0.1267131620
0.2069743299
-0.0249764829
0.0601042517
0.1685949480
0.1017053423
0.2310099213
0.1141065311
0.0007426211
0.0018218547
-0.0033064163
0.0367258136
-0.1322041319
0.0895927947
0.0404806225
0.0440270128
-0.0086756572
0.0085422294
0.2650424829
-0.0564216167
0.1629408266
-0.1333456944
-0.0818843085
0.0049303552
0.1054464778
0.1335459058
-0.0130666828
0.0952324015
0.1970644956
0.2104134382
0.1346067737
0.1432117838
0.0991862581
0.1387556231
0.1258849614
0.0846067229
0.2142304616
0.1610738713
0.1171634851
0.3056860977
0.1480184297
0.1936424033
0.1241615430
0.0479515536
0.3399603074
0.0995894491
0.1274551679
0.1864432794
0.0989551575
0.1880133736
0.2264285952
0.1561506661
0.1990354862
0.0883712348
0.2041591913
0.2226175250
0.0601070159
0.0223696233
0.1930019823
0.1652434263
0.1146482271
0.2274636457
0.1431603376
0.1570997901
0.1966964220
0.2129680196
0.2466103766
0.1078196980
0.2993152120
0.1028930259
0.4257011938
0.1398765407
0.2676741190
0.2764897797
0.1573611870
0.2664430520
0.2430858360
0.1354206133
0.4310820396
0.3253887552
0.1926789956
0.2818663550
0.2067004054
0.2445336784
0.1593749801
0.2356872623
0.2879239961
0.3262481289
0.0091052562
0.2263846476
0.2184284685
0.1859564552
0.1929099151
0.2544368582
0.2393553301
0.2457247949
0.3000237121
0.4403831727
0.2749636917
0.2107939958
0.1234700067
0.2733141032
0.3618795651
0.2053159780
0.1978095380
0.2512789858
0.3263573094
0.3216448663
0.3707231209
0.4643084729
0.2325901135
0.3461810864
0.2940966383
0.4048389235
0.4042091340
0.2661159204
0.2552195530
0.3457583701
0.1432888514
0.2998018744
0.3265320349
0.3683010451
0.3096652413
0.1460401734
0.3213257222
0.2727192739
0.3033035983
0.1270966816
0.2844606711
0.2138868489
0.2555827679
0.1500234400
0.2370251121
0.2591565319
0.2601149037
0.4443421789
0.2441598136
0.3681993664
0.4494484675
0.3071807079
0.4124740582
0.3202428698
0.4560456030
0.3146374198
0.3842263221
0.3590187947
0.3020676496
0.4139226683
0.3465730701
0.4262446132
0.2698631719
0.4490817756
0.3451287456
0.2788358125
0.4263274151
0.3480614582
0.5555751893
0.4631421419
0.3251454336
0.2878747911
0.3413023979
0.4148592858
0.3299732984
0.3867416934
0.3617702388
0.4522291876
0.4394930292
0.2442575024
0.2171605346
0.3868752206
0.5249928085
0.4442912459
0.4830097017
0.3214102986
0.3626898011
0.4792116464
0.3642852308
0.3999586646
0.2286080201
0.4061279260
0.3678270355
0.4287521692
0.4457374149
0.3734822433
0.5421341241
0.4867864280
0.4434631775
0.3968426315
0.5122113388
0.2741090411
0.4555210632
0.4212379370
0.4513832520
0.5275855268
0.4358079153
0.5088086509
0.4040968126
0.3339885075
0.4116629326
0.4267922772
0.3652231635
0.4983433095
0.4314517619
0.6214965824
0.4142610020
0.5200518845
0.4042579781
0.4533597475
0.4079592391
0.4661071165
0.4872362994
0.4211433557
0.5540948003
0.3023390033
0.4569333052
0.4416032343
0.4930078328
0.4496487194
0.4453430115
0.4928165206
0.4878139994
0.4525580239
0.4534818594
0.5193473561
0.4236841553
0.4416020526
0.4771327577
0.3680875851
0.4178153731
0.4608666525
0.3573062246
0.6283524448
0.4408548827
0.5942591144
0.5424470554
0.5307717159
0.5535307001
0.4769255792
0.4103267045
0.6506413223
0.3926450458
0.4846219241
0.5087927041
0.5174627187
0.5382376883
0.5250369005
0.6463222461
0.4796825378
0.4992433044
0.6171950430
0.4613203243
0.5954056868
0.5893150580
0.6136996145
0.5080062805
0.4046478372
0.6851527903
0.5570130462
0.6191900275
0.6463951673
0.5513753757
0.6456865924
0.5164361705
0.6610081135
0.6037637291
0.5779938494
0.6995455198
0.4895256394
0.5574722447
0.4934739214
0.4963922579
0.7109137481
0.6036468439
0.6310087740
0.6003640719
0.7040426137
0.6260955932
0.5694159259
0.6081097656
0.6661852486
0.6367691974
0.5973363792
0.6670251092
0.7723614426
0.4566802814
0.5965659826
0.7221333530
0.7448899670
0.5266817299
0.6968592661
0.5996632891
0.6059879555
0.5560878810
0.6325356494
0.6076918184
0.7715731390
0.8621716434
0.5377251561
0.6159366043
0.5092401705
0.6950816159
0.7341146268
0.7281854368
0.6218347492
0.6689278990
0.6997197820
0.5965559129
0.7400483587
0.7105366154
0.6821780390
0.7969334206
0.7521875413
0.6408220285
0.6832141414
0.7691898905
0.7060010808
0.7285153942
0.5868279864
0.6106916705
0.6703956201
0.6626966411
0.8270028329
0.7511738716
0.8371262870
0.7027399871
0.7191671518
0.6223625335
0.5412968404
0.6614929900
0.7296893588
0.8204770565
0.7300300815
0.4883437967
0.6568180085
0.8334689843
0.7106311709
0.8482120160
0.7596351715
0.7511586601
0.8996356723
0.6208838997
0.6882817236
0.8369385207
0.6893946441
0.7602871177
0.7268570329
0.7541648548
0.6182872344
0.7877444443
0.6925280320
0.5809496724
0.6604921754
0.7232654616
0.7842088543
0.7060880691
0.7272108637
0.7303695253
0.7720155708
0.8681492513
0.7340186338
0.7745137875
0.8277096453
0.7203170685
0.7888418089
0.8044292637
0.8156554206
0.8911684743
0.8078085389
0.6756363585
0.7336380171
0.7433121121
0.6770779741
0.8026568077
0.7107508867
0.8154448793
0.8289087329
0.8107584809
0.8091977720
0.9545136482
0.8267209339
0.9899561295
0.8540592611
0.6426740226
0.7939039163
0.7869528074
0.8466582066
0.7760109751
0.8116001783
0.8524996801
0.8904449351
0.7146849569
0.8071052023
0.9708192800
0.8375468021
0.9482375229
0.8485821261
0.9307502039
0.9292544918
0.6973173613
0.7621742192
0.8226116864
0.9501101629
0.8465813505
0.9523728408
0.9845996583
0.8485532885
0.7995659358
0.7583038572
0.8556448836
1.0516100760
0.9833373411
1.0071153860
0.8347309707
0.8674866827
0.9728277675
0.9664549216
0.8082066177
0.9077418534
0.8233068785
0.8843051708
0.8530891602
0.8242849082
1.0241129221
0.8595046824
1.1786315617
0.9933106938
0.8138813690
0.9866376259
1.0570417817
1.0191004754
0.9329863152
0.9088562127
0.8497143708
0.9881221415
0.8582252992
0.8672865157
0.9903028940
0.8489776716
0.9304078246
0.7857276289
0.9645076729
0.9605995600
1.0737387058
0.9903149717
0.8815957156
0.9106621030
0.8309369645
0.9246498386
1.0970812662
0.9255015216
1.1020835228
1.0715554497
1.0614382704
1.0911317664
1.0047431597
0.9622350573
1.0284080121
1.0019706652
1.0433021984
0.9133369412
1.0989299973
0.9569296488
1.0011969460
1.0676386390
1.1534944577
1.0435689535
0.9651966555
1.0573703930
0.9075887712
1.0407458089
1.1185783630
1.1317267967
