-1.0603497971
-0.8730568907
-0.8457396359
-0.9599932489
-0.9502325477
-0.9819950568
-1.0640616807
-1.1231093748
-0.9379667141
-1.1234961849
-0.9842921315
-0.7863706743
-1.0287069584
-1.1256898735
-0.9926631474
-0.7897397684
-1.1458998044
-1.0811073320
-0.9593559666
-1.0102693442
-0.8805664539
-0.9455517008
-0.9834093330
-0.9852602487
-1.0514427313
-0.7636049052
-1.0709397724
-0.8734758797
-0.9613932548
-1.0333245919
-0.9623212210
-1.1031206245
-0.7043274596
-1.0438398577
-0.9150956301
-1.0121941444
-1.0478315172
-0.8836148567
-0.9513742801
-1.0075237843
-0.8630811548
-0.8974121963
-0.9892199307
-0.8615758352
-0.9736456432
-0.9502687630
-0.9706910775
-0.8256483995
-0.8963313095
-0.8315925893
-0.6889080067
-0.8518253019
-0.9277059725
-0.9090888833
-0.9843103858
-1.0032902211
-0.9739598080
-0.8483053722
-1.0724059436
-1.0217660916
-0.8322281453
-0.9100972046
-0.7241526919
-0.9036060476
-0.8187431635
-0.8137912269
-0.7739602597
-0.9994216727
-0.9293235094
-0.7707957662
-0.8363201683
-0.9533745001
-0.9165234686
-0.9734283503
-0.9184142721
-0.8325272501
-0.8778904867
-0.8064497195
-0.8682656877
-0.7719047050
-0.9242526089
-0.8892806537
-1.0739905722
-0.8978959062
-0.9137128651
-0.7432924766
-0.6282365600
-0.8916230193
-0.7218246981
-0.6900482532
-0.9968841677
-0.6943327715
-0.9226740291
-0.7784505535
-0.9170412541
-0.8386696602
-0.8620527296
-0.7974496142
-0.7250204770
-0.7379180761
-0.7490069971
-0.6439170711
-0.8376582743
-0.7458256058
-0.7810764746
-0.7266130917
-0.5593191291
-0.8129792451
-0.7526766837
-0.8122793714
-0.8525214190
-0.7910046876
-0.7137517339
-0.7374251852
-0.8177933912
-0.7922695425
-0.7854272179
-0.5386988938
-0.6983256101
-0.7482772677
-0.7717601320
-0.6257756627
-0.6988889883
-0.6601875084
-0.7784818345
-0.7859715013
-0.6747117328
-0.7433753396
-0.6025235643
-0.5628564822
-0.8849685241
-0.6865097061
-0.7662483977
-0.7235617480
-0.7971870790
-0.6122463711
-0.5405330175
-0.7249529849
-0.8998049373
-0.8075769071
-0.7200596993
-0.6808936518
-0.7309966496
-0.6799489340
-0.7050526878
-0.7036765173
-0.7119989504
-0.6096554472
-0.7816498722
-0.7677188354
-0.7677073986
-0.6865326911
-0.7722881163
-0.6209874643
-0.6977546632
-0.8375078207
-0.7278218942
-0.7264781232
-0.6323944820
-0.6636781805
-0.5934958959
-0.5955657691
-0.7972851219
-0.7669605747
-0.8276411051
-0.7141556706
-0.6283688327
-0.6438652623
-0.7011575344
-0.6099892453
-0.7131275632
-0.6054872001
-0.5507220348
-0.7109047103
-0.6596843493
-0.7389981892
-0.5433650598
-0.7325155833
-0.7610793025
-0.5310271088
-0.7113141620
-0.6822644183
-0.6452026788
-0.6509295085
-0.5642741011
-0.6456745601
-0.5677597892
-0.5595451107
-0.6563882009
-0.7460636638
-0.6372587117
-0.5141896945
-0.6457701404
-0.5592660874
-0.6835114538
-0.5273271794
-0.5991888525
-0.6376435832
-0.6803338636
-0.6052853076
-0.6154368810
-0.6830193169
-0.7152077211
-0.6613560914
-0.5618639022
-0.5707571541
-0.7412534319
-0.5896335465
-0.6662807384
-0.6064270267
-0.6884380776
-0.7099075066
-0.6271589610
-0.6144035192
-0.6682358090
-0.7105643466
-0.4254822006
-0.5999523388
-0.4905092374
-0.5940197046
-0.4561678394
-0.6415951194
-0.6120517212
-0.5658659976
-0.5717695237
-0.6257883518
-0.5911729004
-0.3738024270
-0.6662444883
-0.4553419385
-0.5553250372
-0.6469078657
-0.6414557958
-0.5470243098
-0.4716394267
-0.5286969955
-0.5482177829
-0.4875054759
-0.4874157005
-0.5957024220
-0.4334016036
-0.7716631626
-0.3521561996
-0.4936587604
-0.4778683233
-0.5436940067
-0.4721194818
-0.5624043638
-0.5983127691
-0.3639772611
-0.5322450930
-0.6221366555
-0.4449381893
-0.6337530830
-0.3546553319
-0.4490513268
-0.5327372551
-0.5078763548
-0.3328546812
-0.3745554842
-0.3453010087
-0.5148445068
-0.5120744490
-0.4287615845
-0.5606741718
-0.3245044129
-0.2602190318
-0.4176252458
-0.4528540432
-0.5825994317
-0.2939299179
-0.5565565881
-0.4873771711
-0.4052032686
-0.5286986855
-0.3639174051
-0.5254031986
-0.4523142926
-0.4772727828
-0.5904253673
-0.4405497881
-0.3497872003
-0.4876426675
-0.4941140720
-0.3003877606
-0.3385686969
-0.2206534746
-0.4163194383
-0.5087340482
-0.4372836611
-0.4112376048
-0.4746274356
-0.4350386213
-0.3667558346
-0.2914502759
-0.4533886734
-0.4637948387
-0.4297193900
-0.3627571374
-0.5311097214
-0.2505825319
-0.4001468782
-0.3532024217
-0.2536489493
-0.4719750550
-0.3865428655
-0.4107397080
-0.4999062600
-0.3614628440
-0.0989367748
-0.3574360150
-0.3495576405
-0.3533265189
-0.4078933051
-0.4657612777
-0.4654231327
-0.2052307620
-0.3649853900
-0.3982236931
-0.3529461573
-0.3699068137
-0.3325365540
-0.3216687676
-0.1861946314
-0.3526157532
-0.5618785704
-0.2712529754
-0.5114569760
-0.2985631437
-0.4667894057
-0.4349213417
-0.3495176968
-0.4218848480
-0.4145603769
-0.2851217274
-0.2235836714
-0.3184065913
-0.4136844670
-0.2851680139
-0.3469309961
-0.2561682756
-0.2204861966
-0.4256415243
-0.3997096662
-0.4269518219
-0.3069709550
-0.4222422563
-0.2616667544
-0.3209281116
-0.1165364875
-0.3324158076
-0.2949542747
-0.1957764801
-0.3167374907
-0.4535151124
-0.2794490434
-0.2111990230
-0.3941341479
-0.2812029791
-0.4446282345
-0.3082818445
-0.2450800238
-0.1636497754
-0.4445176157
-0.2866506485
-0.2027682632
-0.3788254172
-0.3885919014
-0.2758877869
-0.2160646897
-0.3212193411
-0.3459753231
-0.1798568119
-0.1026046305
-0.4196680564
-0.1864857760
-0.3001849357
-0.2617716623
-0.1660950212
-0.2601367645
-0.1544039586
-0.2671330395
-0.1990082463
-0.3843993944
-0.1821482312
-0.3888285508
-0.2981041735
-0.4563727615
-0.2454107947
-0.2152020834
-0.0748685028
-0.1869955326
-0.3069269350
-0.2226390506
-0.2235509587
-0.1348808731
-0.0583081439
-0.2223148484
-0.2806101591
-0.2057889567
-0.1773752135
-0.1892908300
-0.2253308451
-0.2070575998
-0.2457297071
-0.1391917024
-0.2351346125
-0.2289123836
-0.1249483239
-0.1643230001
-0.2426010433
-0.1870212964
-0.2150648925
-0.1313934486
-0.2374063898
-0.0591070125
-0.1434948974
-0.1160778431
-0.0935899729
-0.2543672181
-0.1719878938
-0.0234496944
-0.0738729071
-0.2217323537
-0.1015857645
-0.1119216077
-0.1537410160
-0.2105713525
-0.1782545045
-0.1237939826
-0.2197145634
-0.0278385470
-0.0695257714
-0.0176969987
-0.0111523352
-0.1650829139
-0.0291237266
-0.1016621868
-0.0817603205
-0.1002692506
-0.0552808214
-0.1407177036
-0.0978778626
-0.0033683411
-0.2401807710
-0.1171123936
-0.0551051603
-0.1249178125
-0.1253643462
-0.0764656491
-0.1491878458
-0.0295726432
-0.2310138874
-0.1619628509
-0.1310831828
-0.0265474879
-0.1241294158
-0.0907929370
-0.0444353318
-0.1580984513
-0.1454506572
-0.0836286743
-0.0920217826
-0.1958030557
-0.0430231600
-0.1873445094
-0.1113532749
-0.1015247353
-0.0713032683
0.0616940446
-0.1458086642
-0.0685471280
-0.0659091592
0.0245558165
-0.0056259623
-0.0284274945
-0.1420177377
-0.0183725556
-0.0194567586
-0.0795541912
0.0703850049
-0.0905418998
-0.0707407702
-0.0680514765
0.0915743002
-0.3036326341
-0.0812350966
-0.0937886365
-0.1152465381
-0.0575831529
-0.1379358491
0.0001434796
0.0036264965
0.0340264243
0.0634152640
-0.0236471358
-0.1412750063
0.1394540391
-0.0407650523
0.0422884888
0.0364612268
-0.0530400037
0.0248546863
-0.0520755556
-0.0240633824
0.0641373547
-0.0294224081
-0.1608666308
0.1758775409
0.0387522259
0.1678543402
0.0557549401
0.0989623524
-0.0772203908
0.0594590644
-0.0053003228
-0.0047698472
0.0976559921
-0.0393040966
0.1610185292
0.0752124329
0.2408396041
0.2522206665
0.0832517588
0.1327781733
-0.0137400906
0.0628505543
-0.0267351754
-0.0359128442
0.1395863831
0.0234905001
0.0615804061
-0.0127898411
-0.0369340413
0.0167746982
0.1129540948
-0.0415046365
0.0164415471
0.0639116928
0.0921657221
0.0214638151
0.0704070702
0.0841710449
0.1430102238
0.0158740327
0.0374891350
0.0958815144
-0.0088089936
0.0045774976
0.1667789819
0.1570073563
0.1979752302
0.0789252208
-0.0044812260
0.0404124071
0.1562308464
0.1977025064
0.0023345641
0.3620802769
-0.0394238856
0.1133235752
0.2517757478
0.0569847780
0.2520129808
0.2317943949
0.1020885713
0.1664219444
0.2692282645
0.1497961034
0.2276238838
0.1466223817
0.1388757100
0.0755436730
0.1376682867
0.2634612904
0.1557193581
0.2366979791
0.0706243550
0.1924673542
0.1292846280
0.1944297722
0.1182784837
0.2218552060
0.2247833823
0.1038182709
0.0697323831
0.1881722286
0.2845984407
0.1949813544
0.1423243003
0.2268091078
0.2778789768
0.0507933662
0.0944152060
0.2137754021
0.0723728431
0.1758858045
0.2859814532
0.1799403143
0.1441572110
0.2889605594
0.2407503234
0.1666685537
0.1310036500
0.0916455858
0.3457410242
0.1361305963
0.1623135535
0.2751680290
0.3462934889
0.3809737757
0.3961103639
0.1679446182
0.2069573492
0.0746456141
0.4073105000
0.1927344895
0.2145939212
0.2204099812
0.2253937710
0.2841690315
0.2348032729
0.2473836449
0.2312314909
0.2413756309
0.4108733496
0.1775074241
0.2228208327
0.1593757323
0.1817131812
0.3154909293
0.3320818516
0.2214998878
0.1585487341
0.3507534391
0.3619140293
0.1958558499
0.3339038508
0.2712258552
0.2087939023
0.3094821047
0.1570715219
0.3641455041
0.1676049623
0.1925721672
0.3633168556
0.2959379246
0.2834698477
0.2611304334
0.2725685252
0.4684544289
0.3617473266
0.4415044958
0.2888598684
0.2782607531
0.2990545350
0.2704564572
0.4075766932
0.3214018277
0.2127829752
0.2824774197
0.1968641368
0.4430771468
0.3559765857
0.3014741981
0.3232499997
0.3823193465
0.3373119660
0.2244280360
0.1312981647
0.1756027105
0.3587372130
0.4718899057
0.2845772466
0.3547177727
0.3362880634
0.3642241605
0.4168418242
0.4885848894
0.3946734891
0.3418966154
0.2436002262
0.4270211418
0.4776914991
0.4732633228
0.3435675177
0.4524612358
0.2912093712
0.3682323698
0.2298301855
0.2781530187
0.3499904545
0.3278413986
0.3606649003
0.2053053575
0.3745811893
0.3336434561
0.3960611444
0.3519572712
0.4212067860
0.4494997342
0.5192991516
0.4714679565
0.2711245704
0.3972608020
0.3792826399
0.5352907316
0.3987637790
0.4139161536
0.4567806114
0.4462368816
0.4864752512
0.4063668629
0.5797401786
0.4536422834
0.3578547688
0.2794762695
0.3722948449
0.3686622008
0.4653491184
0.5002091943
0.4958330443
0.4760802047
0.3237198354
0.4829917571
0.2390115569
0.3897286122
0.5607707130
0.5821187460
0.6024112952
0.3216073764
0.4592838798
0.3765768997
0.5642453371
0.3705292929
0.5291789149
0.3250173068
0.4435586443
0.3098988492
0.4252121618
0.4724610988
0.4817430301
0.3094212443
0.3792401365
0.4558285801
0.6020429649
0.5499519887
0.5964978661
0.5433819090
0.4422643526
0.6347615862
0.5491748011
0.4350005786
0.4839509084
0.4026139189
0.4461753633
0.4889623614
0.5414484921
0.5080969849
0.6856798489
0.4729615689
0.6074830542
0.5524731541
0.5309242995
0.4980009809
0.3544500852
0.4014633872
0.5676799576
0.4645208681
0.5220096459
0.3717403164
0.5719739193
0.4941001593
0.5051251622
0.6894838200
0.4930376299
0.4897091592
0.5390907040
0.6070802202
0.5220084003
0.6434451971
0.5246095603
0.6593694953
0.5143259434
0.5499439715
0.6279958959
0.5395919623
0.5802091804
0.5650855036
0.5353609572
0.4380138927
0.5177576963
0.5383136860
0.6215122228
0.5587855486
0.5506366986
0.6092649543
0.7256087102
0.6646068227
0.6905749156
0.6043503379
0.5440998182
0.6050754086
0.7202279274
0.6331510701
0.5827390841
0.7147813213
0.6380446525
0.6802413581
0.6492808204
0.6480045343
0.4816548451
0.6537022597
0.6782398524
0.8197677977
0.5160751957
0.6262422310
0.6675168519
0.7144105442
0.6584839779
0.5898759575
0.6740287535
0.7619238272
0.6198384031
0.6680874063
0.6665639822
0.5095959630
0.6956435975
0.6691118707
0.6796276330
0.6038002402
0.6204246999
0.6316406421
0.7506113938
0.7169042065
0.7608169467
0.7361760162
0.6406816135
0.6324996252
0.5045402834
0.7109844243
0.7338464488
0.8212166294
0.7171126539
0.6643255813
0.6487304188
0.7022458795
0.5671872020
0.5225110574
0.4759085704
0.7286939719
0.7230025453
0.6621576260
0.6353877759
0.4826532037
0.7361697335
0.9005147984
0.7210573211
0.7703092594
0.7904151373
0.7355535668
0.6759545620
0.8006598790
0.8449910549
0.6963747425
0.6128404121
0.6981797174
0.7034903550
0.7730731846
0.7118387588
0.7641724187
0.6923805820
0.6773228251
0.7029089717
0.6432513820
0.6533377868
0.7996296644
0.7972079383
0.6988499310
0.7318024543
0.6983008947
0.7928908189
0.6774230806
0.7965512712
0.7760574245
0.7125795837
0.6900151707
0.8453022019
0.7245201852
0.7928203985
0.8708652251
0.5965538566
0.8844112342
0.8293371955
0.8754572613
0.8448526149
0.7248534629
0.7058491244
0.8616201014
0.7377693085
0.7614718724
0.6956642022
0.7158836445
0.7587165008
0.7062607687
0.8690749313
0.8390474212
0.8330283319
0.7667229039
0.8515617438
0.9282888917
0.8614101119
0.8462338346
0.8638312487
0.8936937717
0.7376842655
0.9234854115
0.9227985007
0.7894892196
0.8727128979
0.8341136500
0.7662739296
1.0029169511
0.8623700164
0.7894084278
0.8573208796
0.7418038937
0.7285190738
0.8268339179
0.7966425850
0.7553731896
0.8558112006
0.8587793884
0.9085248246
0.8325041730
0.8719561855
0.9059814540
0.8887803092
0.9337222551
0.9961972120
0.8445078578
0.8804832313
0.8859944511
0.7980927605
0.9450655419
0.7975023933
1.0609779600
0.8523444374
0.8749933713
0.8483193147
0.9352510575
0.9402857408
0.8874447325
0.9624681508
0.8621907457
0.7719778590
0.8248379827
0.8601099363
0.6761026958
0.9186855206
1.1050695199
0.9598912564
0.9906222834
0.9222733368
0.8958301627
0.9561410084
0.9558711990
1.1472793511
0.7997931811
0.9426610941
1.0065840709
0.8799506632
0.8703662958
0.9380626063
0.9196721190
0.8726610493
0.9386414276
0.9179599187
0.8270519556
0.9951994843
1.0003417318
1.0447926542
0.9917547544
1.0108277205
0.8389547668
1.0233963286
1.0124771335
1.0573768812
1.0271696716
0.8950318325
0.8623413859
1.0646538529
1.1746068646
0.9569919825
0.8286970771
0.9049585058
0.9481344370
0.9381624823
0.9976721125
0.9500386329
