-1.1536279194
-1.0832429975
-1.0113663571
-0.9990948236
-1.0027322612
-1.1027342610
-1.0772650156
-0.9066114357
-1.0599756777
-1.0004650660
-0.9214958054
-0.8034395675
-0.8904940006
-1.0282685079
-1.0483838320
-0.9010671095
-0.9306283568
-0.8641041383
-1.0382480804
-0.9491586073
-0.9131999273
-0.9520145691
-1.0219801065
-0.7813677204
-0.9479639130
-0.8548322723
-1.0144299986
-0.9885419696
-0.9448123142
-0.9712640465
-0.9410400023
-0.8242426691
-0.9303597205
-1.0912720666
-0.7908649392
-0.8514069513
-0.9373475137
-1.1039900288
-0.8590092708
-0.8925311014
-0.6891917866
-0.8165742190
-0.9051047749
-0.9535281655
-0.7827252057
-0.8450501901
-0.8973213442
-0.8678467856
-1.0007234692
-0.9173197693
-0.8970956871
-1.0631146020
-0.8833123082
-0.8135408762
-0.8762297046
-0.7920688850
-0.9131510077
-0.9973439983
-0.8340922151
-0.8749838912
-0.9237968251
-0.8747065772
-1.0576111355
-0.9515858011
-0.8624170453
-0.7994933634
-0.7674418197
-0.7327112277
-0.8805276820
-0.9254208191
-0.8186428298
-0.9183744347
-0.7967101163
-0.9597810869
-0.8871962521
-0.8979911410
-0.7155891383
-0.7693951892
-0.8903676983
-0.9654850070
-0.7689511355
-0.9560319383
-1.0291472739
-0.9146716530
-0.8590073886
-0.7937406650
-0.6825509679
-0.8988386322
-0.8579018928
-0.7295003737
-0.8171830876
-0.8673295665
-0.7699660013
-0.8344907475
-0.7631249013
-0.7338272588
-0.8362136805
-0.8473724990
-0.6775340628
-0.8357650080
-0.7090337046
-0.7484901700
-0.7174107335
-0.7328124356
-0.7490552675
-0.9060751041
-0.7799866719
-0.7036441462
-0.7719521279
-0.7165362525
-0.9028365670
-0.6545080084
-0.7770665031
-0.7687475109
-0.6805217442
-0.8144720234
-0.7407607384
-0.6038211041
-0.8811210408
-0.7898624002
-0.7593774666
-0.8011943656
-0.9492816474
-0.7333270673
-0.8395386981
-0.8094362994
-0.6593812832
-0.6948222791
-0.8281927399
-0.7797296455
-0.8366252483
-0.8538734436
-0.7417023815
-0.7133376630
-0.6298556272
-0.7057239183
-0.7058709175
-0.8081655586
-0.5709647568
-0.7334487038
-0.7293225591
-0.7330983238
-0.7058558908
-0.7281538697
-0.6854094655
-0.8697024556
-0.5087494332
-0.6083982365
-0.7215858315
-0.8264948569
-0.7357471074
-0.6232162958
-0.6369162404
-0.6014026583
-0.6061081382
-0.5734793884
-0.6383175848
-0.8213030062
-0.5723130332
-0.7620550018
-0.6274339702
-0.8450090980
-0.7576902736
-0.8813999182
-0.7889347528
-0.5753252810
-0.6907995841
-0.7341465347
-0.6500765787
-0.6751632188
-0.7125127478
-0.5947520918
-0.5096964942
-0.5623823701
-0.6587017222
-0.6350382272
-0.6287886069
-0.8129146820
-0.5646277826
-0.5502770117
-0.7287925082
-0.6923413356
-0.7092181696
-0.5112619697
-0.6324917079
-0.6328597623
-0.6234964557
-0.5736290652
-0.7230715775
-0.6299161297
-0.5785046137
-0.6263218219
-0.6523707819
-0.6519954317
-0.6002431568
-0.6318888708
-0.6159491071
-0.7041293848
-0.7115873762
-0.6712912559
-0.6578645011
-0.6869794566
-0.6945009605
-0.5088541263
-0.3593469124
-0.5231261867
-0.5761126283
-0.5976124482
-0.5451547699
-0.6751195489
-0.5676855494
-0.4775219140
-0.5798858000
-0.6219826078
-0.6882154558
-0.3991182722
-0.5406387433
-0.3998520431
-0.6389713582
-0.5360398700
-0.4903756199
-0.6564330066
-0.4793675632
-0.5724982932
-0.5129901471
-0.5791983094
-0.5630412311
-0.4720050785
-0.5773454862
-0.5526818784
-0.6001479801
-0.3794705042
-0.6725480457
-0.5959791502
-0.6078463576
-0.5999194311
-0.3857134884
-0.4502669411
-0.6022221451
-0.5932330719
-0.4969709808
-0.5289197036
-0.6152473593
-0.5405203832
-0.5001765905
-0.5315445585
-0.5116048296
-0.4799831093
-0.5326023449
-0.5066928304
-0.6235141213
-0.5274726325
-0.5088951878
-0.5827509129
-0.5166188995
-0.5569291127
-0.6083391399
-0.4262124431
-0.5874236310
-0.4465283627
-0.3662386208
-0.5065258459
-0.5821116742
-0.5270378951
-0.4473840848
-0.5963100711
-0.4979177963
-0.5446342758
-0.4768705373
-0.4763303280
-0.5046600196
-0.4492973599
-0.4413987392
-0.3713109178
-0.5664426150
-0.3882432521
-0.4356964009
-0.4263079860
-0.4814522875
-0.2971760259
-0.5601886421
-0.5039455541
-0.3971751078
-0.3524875863
-0.3440416797
-0.6177514504
-0.4568724799
-0.5504145486
-0.5312130368
-0.4166794892
-0.4353641066
-0.3889219107
-0.3448134375
-0.4807094920
-0.4017172608
-0.5494697792
-0.3940977820
-0.3224790755
-0.4132712076
-0.3411971836
-0.4120135866
-0.4097253513
-0.3734473888
-0.3217545346
-0.4594619049
-0.4508809005
-0.4066134423
-0.3913186368
-0.5011423855
-0.3035761914
-0.4804584622
-0.3859908111
-0.4932578089
-0.4677257611
-0.3830671188
-0.3108268230
-0.3858798160
-0.2226760123
-0.4282969045
-0.4226386867
-0.2628863978
-0.3073034369
-0.3270380368
-0.2878064612
-0.4014442176
-0.2857982589
-0.5506164718
-0.4184244757
-0.3383140935
-0.2176048841
-0.2620750672
-0.3089594644
-0.3160686014
-0.4165135563
-0.4589371056
-0.1382011268
-0.2434130470
-0.3910473400
-0.2641116999
-0.3139973396
-0.3926450309
-0.4363938734
-0.4281924826
-0.2883164166
-0.3006124091
-0.3392026181
-0.4512103005
-0.3615160179
-0.3864888429
-0.1309896906
-0.2161826966
-0.3376325597
-0.2097349951
-0.3923639777
-0.2317564968
-0.3350129766
-0.3793977132
-0.1333312134
-0.2636905306
-0.3179098324
-0.3366562131
-0.2710052424
-0.3186359049
-0.3671153574
-0.3090146715
-0.3794426279
-0.2311528870
-0.3733749369
-0.3491165898
-0.4190018781
-0.2297511805
-0.3177656895
-0.2586013411
-0.2481986742
-0.2906754160
-0.1814657077
-0.2490960633
-0.2194714027
-0.2403578525
-0.2650433316
-0.2888904560
-0.1557093604
-0.2063871829
-0.2473764718
-0.2181741735
-0.0829673839
-0.2498715010
-0.3286487407
-0.2798312430
-0.2563699211
-0.2887514087
-0.2533509808
-0.1407796087
-0.0968673385
-0.4076983814
-0.2212329711
-0.2224979078
-0.0815189813
-0.0499561672
-0.1692366816
-0.3121299881
-0.3218919454
-0.2117881142
-0.3378605075
-0.2252098995
-0.2204165843
-0.1540552460
-0.2643567130
-0.0678370842
-0.1754463820
-0.2161108487
-0.0505497841
-0.1425804778
-0.1639233594
-0.1563983360
-0.2556719039
-0.1896631311
-0.0921577504
-0.1452723827
-0.2615187494
-0.2402974262
-0.1836618505
-0.2218998163
-0.2266730595
-0.1350312969
-0.1804421485
0.0335852147
-0.2969385284
-0.0768002972
-0.1772096694
-0.2121306902
0.0508101581
-0.0422403465
-0.0645134403
-0.0419679136
-0.1046118277
-0.1453797052
-0.1805885911
-0.2533011151
-0.0598197507
-0.1376048889
-0.1822726657
-0.0683931819
-0.1029684210
-0.0750578577
-0.1567690326
-0.0447856453
0.0153746021
-0.1454139967
-0.0847192449
-0.1531588051
-0.0111263699
-0.0437979552
-0.0500164310
0.0034928133
-0.0173798976
-0.0790878012
-0.0665725658
-0.0449310765
-0.0373137757
-0.0176124962
-0.0258024722
0.0076352311
-0.0491399915
-0.0280838507
0.0450048802
-0.0852765702
-0.1236262303
-0.1020317759
-0.1455644662
-0.0538405154
-0.0377878675
-0.0259630912
-0.1380458214
0.1253892271
0.0083205912
0.0028840369
-0.0932150332
-0.0733025416
-0.2334894274
-0.0619882256
0.1085476222
-0.0081689691
0.0680611648
-0.1581303936
-0.0961544053
-0.0354722251
0.0137534479
-0.1190845659
-0.0710293457
-0.0586739737
-0.0006966255
-0.0281854408
0.0211371207
0.0270621599
-0.0146319765
0.1019714818
-0.0623544660
-0.1037498562
-0.1013322478
0.0631965669
0.0152821243
-0.0354706604
-0.0123151746
-0.0812728704
0.0519046219
0.0097788527
-0.0131765643
0.0783965745
-0.0889208251
-0.0058676292
-0.0304428347
0.0579637032
0.1559481019
-0.1310121623
0.1187252019
0.0612275272
0.0167511605
0.0336934421
0.2170513489
0.0722332729
0.0266477679
0.1282799731
0.1071796301
0.0553368258
0.2062113752
0.1027238136
-0.0525079574
0.1367506528
0.1983663869
-0.0399562102
0.0589552326
0.1696201833
0.0823526566
0.2256828156
0.1298213249
-0.0123145128
0.0019487293
-0.0297441367
0.0234904634
-0.1390867343
0.0837145076
0.0398578626
0.0262474638
-0.0058899001
0.0045905912
0.2898678452
-0.0446735181
0.1264045815
-0.1278998119
-0.0883785403
0.0208404700
0.0976393633
0.1364532088
-0.0250663405
0.1059306323
0.1646684931
0.1923239540
0.1351067216
0.1476077954
0.0953568112
0.1395020238
0.1253182485
0.0807751171
0.2345689437
0.1558082052
0.1329707703
0.2989889571
0.1651043189
0.2158600252
0.1383773111
0.0637377394
0.3456430847
0.1098526337
0.1323478090
0.1928909183
0.0867114600
0.1866441424
0.2200452671
0.1451385245
0.2049472490
0.0904375397
0.2216536225
0.2047081673
0.0512982847
0.0395341656
0.1585900201
0.1735439815
0.1291329923
0.2195837743
0.1475320322
0.1384896386
0.1740116366
0.2324084813
0.2582240162
0.1053610124
0.2995662359
0.1057053579
0.4175724577
0.1277438298
0.2729617422
0.2729411800
0.1658094381
0.2600796720
0.2650621839
0.1251029508
0.4232726800
0.3044799311
0.1778160826
0.3056103717
0.1945829407
0.2506602751
0.1578841308
0.2471410627
0.3010685563
0.3114816319
0.0120208435
0.2078616005
0.2037874074
0.1854268570
0.1900158317
0.2382634192
0.2484641570
0.2327490421
0.2996281116
0.4280166886
0.2418370951
0.2333182178
0.1225427131
0.2800882180
0.3449759634
0.1977228301
0.2049398341
0.2529170037
0.3168644832
0.3361562491
0.3546211117
0.4556777177
0.2543471195
0.3625684282
0.3186777498
0.3945836150
0.4066167233
0.2872698556
0.2452334891
0.3672648184
0.1221481149
0.2834551665
0.3256997052
0.3849275589
0.3240076471
0.1547235969
0.3151247965
0.2712277488
0.2833042848
0.1423366603
0.2817421599
0.2110221087
0.2648629621
0.1361307851
0.2515967061
0.2540492519
0.2631715336
0.4452555973
0.2304119974
0.3834591446
0.4402233520
0.2926328327
0.3964844025
0.3151810774
0.4448551297
0.3134513769
0.3757069889
0.3683774266
0.2993888738
0.3859153822
0.3222171295
0.4231494333
0.2734755223
0.4540940720
0.3457633362
0.2813123691
0.4279907733
0.3732111886
0.5519646702
0.4796175218
0.3036094905
0.2874807809
0.3451072215
0.4091455173
0.3438945877
0.4023201351
0.3562376271
0.4419144597
0.4374638167
0.2121421427
0.2088320033
0.3876187347
0.5486317043
0.4277630195
0.4833160748
0.3468817068
0.3766905806
0.4755871835
0.3524653790
0.3589120355
0.2332804110
0.3809157040
0.3841004722
0.4333333991
0.4413689784
0.3834712370
0.5655434654
0.4782082596
0.4629452902
0.3884437061
0.5050620787
0.2583898342
0.4824743535
0.4403677252
0.4791062797
0.5199502859
0.4431065254
0.4977084841
0.4026683846
0.3369423814
0.4364252834
0.4240053184
0.3508173868
0.5210855207
0.4183032941
0.6205798379
0.3899897043
0.5501211382
0.4067322352
0.4231398280
0.4237297754
0.4762654191
0.4915212911
0.4007601547
0.5693816742
0.3095060683
0.4777010731
0.4447588137
0.5022714320
0.4657663220
0.4326192421
0.5007463934
0.4829234597
0.4671803491
0.4424548310
0.5165238686
0.4351871453
0.4416662311
0.4955059284
0.3548273294
0.4121240255
0.4884847302
0.3554980203
0.5988549773
0.4545484526
0.6180848574
0.5357420693
0.5352250216
0.5782056655
0.4777629027
0.4056027023
0.6463323490
0.3756827481
0.4628106433
0.5023497631
0.5179742059
0.5408773202
0.5255344730
0.6396180169
0.4911916485
0.5085957074
0.6062932489
0.4674865577
0.6115954837
0.5702268175
0.6273216815
0.4980432114
0.4050032243
0.7112313887
0.5651973830
0.6062211376
0.6240009565
0.5529590905
0.6559155055
0.5167133569
0.6441797220
0.6096589335
0.5728940990
0.7040514312
0.4882125526
0.5603678479
0.4974404904
0.4953036109
0.6862516447
0.5916015895
0.6366952882
0.5730025805
0.6745375731
0.6198341199
0.5783632707
0.5852903327
0.6528980653
0.6294986093
0.5719045600
0.6517330002
0.7594769476
0.4732923064
0.6093835046
0.6974911895
0.7601522105
0.5371796653
0.6969710327
0.5957246157
0.5892690360
0.5582547666
0.6384921678
0.6166968055
0.7662092186
0.8915522066
0.5278066228
0.6229523750
0.5062287203
0.6942257585
0.7579488700
0.7303536607
0.6242171333
0.6555870573
0.6836473191
0.6102280138
0.7716881213
0.7226500008
0.6864970657
0.7847334926
0.7361024902
0.6441090294
0.6884754049
0.7597907521
0.6683772829
0.7286127710
0.5990395296
0.6021759793
0.6710151727
0.6517256388
0.8329359974
0.7375205247
0.8456804705
0.6752101489
0.7187157888
0.6049754215
0.5203972623
0.6643451902
0.7611507663
0.8141356499
0.7387174466
0.4807485868
0.6676804757
0.8413968204
0.7006709442
0.8103339123
0.7264874978
0.7555506587
0.9121668313
0.6271504536
0.6984372890
0.8350261760
0.6859341034
0.7433657860
0.6918964752
0.7591598839
0.6275278259
0.8352265729
0.6875168946
0.5872388806
0.6670859613
0.6896658870
0.7958924490
0.7076968703
0.7397216832
0.7492309162
0.7866524682
0.8762875308
0.7354968131
0.7978601465
0.8345045739
0.7175180550
0.7858555606
0.7836339221
0.7851090384
0.8827652038
0.8210236821
0.6992174344
0.7297929745
0.7388152183
0.6872789166
0.7679650862
0.6987282181
0.8440172191
0.8242623698
0.7984402415
0.8135977226
0.9614837884
0.8276858828
0.9808411687
0.8405295903
0.6020408400
0.8152187380
0.7643627831
0.8467189343
0.7972314961
0.7957377373
0.8488338666
0.8775788976
0.7042039879
0.8073890196
0.9650103069
0.8561102719
0.9632153884
0.8439229042
0.9247721294
0.9195936534
0.7103332920
0.7604417402
0.8347463499
0.9580559408
0.8656590279
0.9456900364
0.9627050196
0.8457695073
0.8031297570
0.7712758428
0.8392554295
1.0304441841
0.9785465379
0.9711556770
0.8258595586
0.8581411644
0.9711823552
0.9661161610
0.8241031623
0.9130556152
0.8462051216
0.8890598070
0.8622904147
0.8127919251
0.9975602307
0.8698139597
1.1825135547
0.9894744540
0.8165133742
0.9772370414
1.0535376137
1.0300262720
0.9327699805
0.9194065437
0.8545216878
0.9749115667
0.8545891083
0.8694749235
0.9880416315
0.8316278030
0.9051682285
0.7903998883
0.9711000082
0.9399867490
1.0990682446
0.9967564877
0.8646764863
0.9138281008
0.8173195610
0.9086142988
1.0962801142
0.9482058483
1.1002496566
1.0549531255
1.0493982816
1.1071730091
1.0033670192
0.9375778396
1.0152771681
0.9938185564
1.0395575186
0.9182483024
1.1022373482
0.9693704960
1.0228351422
1.0607876606
1.1332953711
1.0266560230
0.9671553347
1.0637771929
0.9025206167
1.0283439199
1.1104964926
1.1031799666
