-1.1420773935
-1.0739017902
-1.0189425437
-0.9896865637
-0.9966834539
-1.0937661962
-1.0914400666
-0.8873836322
-1.0478042451
-0.9854135750
-0.9356808602
-0.8074462538
-0.8994734486
-1.0306008186
-1.0353461435
-0.9110563104
-0.9251099942
-0.8834162009
-1.0225004816
-0.9674815015
-0.8979243633
-0.9295828682
-1.0349874307
-0.8044976734
-0.9464835199
-0.8484786031
-1.0063045144
-0.9911035179
-0.9366663854
-0.9626877997
-0.9337954825
-0.8348075489
-0.9321990179
-1.1340885059
-0.8005937879
-0.8461894867
-0.9372240210
-1.1135267379
-0.8530974045
-0.8831830570
-0.6910271758
-0.8329298100
-0.9025629844
-0.9517943750
-0.7928052310
-0.8543904641
-0.8905789765
-0.8933412317
-0.9960097069
-0.9120669243
-0.8947481914
-1.0771689225
-0.8899450170
-0.8352238754
-0.8628109182
-0.7874386876
-0.8910649306
-0.9815757692
-0.8665052653
-0.8871797152
-0.9086585788
-0.8628307831
-1.0779268353
-0.9389939493
-0.8572598338
-0.7953413480
-0.7670004473
-0.7168600471
-0.8832888570
-0.9322475016
-0.8327815125
-0.9306530429
-0.8020115595
-0.9597084522
-0.9017449468
-0.9032718530
-0.7266152761
-0.7980669577
-0.8881462831
-0.9440226275
-0.7759193687
-0.9359271835
-1.0353575451
-0.8945526221
-0.8678767682
-0.8072636167
-0.6730032709
-0.8935556185
-0.8591228913
-0.7637963120
-0.8068978663
-0.8555060083
-0.7896524938
-0.8107864576
-0.7639156672
-0.7308772236
-0.8239664986
-0.8432653396
-0.6560142570
-0.8250012388
-0.7144890653
-0.7516435088
-0.7323749614
-0.7285526008
-0.7272250978
-0.9099744340
-0.7818037633
-0.7265328465
-0.7704260933
-0.7546416299
-0.9142789497
-0.6468896263
-0.7875410055
-0.7363145580
-0.6679983853
-0.8131118600
-0.7221159787
-0.6069897641
-0.8730820838
-0.7547850841
-0.7323961337
-0.7982666831
-0.9442097800
-0.7463682014
-0.8436969685
-0.7996017309
-0.6433664392
-0.7019462486
-0.8429588197
-0.7638641169
-0.8478400311
-0.8579638126
-0.7478614170
-0.7360484315
-0.6510652229
-0.6919879694
-0.7041043241
-0.8155944429
-0.5710999174
-0.7343652643
-0.7332657753
-0.7409246122
-0.6993500075
-0.7271773191
-0.6756113971
-0.8483120209
-0.5039748627
-0.6427621057
-0.7122914526
-0.8145934217
-0.7353898213
-0.6316051474
-0.6227644315
-0.6177243169
-0.6043453575
-0.5710887725
-0.6416786662
-0.7984302606
-0.5632238905
-0.7761396276
-0.6274166641
-0.8460960128
-0.7526881166
-0.8735357463
-0.7702187097
-0.6018129061
-0.7208585854
-0.7364364605
-0.6626718919
-0.6603816414
-0.7013045598
-0.5938124886
-0.4940048332
-0.5692312049
-0.6555284967
-0.6262961909
-0.6338750975
-0.8052028457
-0.5441466939
-0.5457765149
-0.7184355939
-0.6973115436
-0.7097968273
-0.5063218038
-0.6039190417
-0.6449445125
-0.6155274897
-0.5519322471
-0.6980115343
-0.6491547474
-0.5753449337
-0.6236939585
-0.6481832023
-0.6573428850
-0.6002822616
-0.6590477184
-0.6389828326
-0.7214916827
-0.6968883985
-0.6625174690
-0.6726171654
-0.6857784759
-0.6920278591
-0.4952532641
-0.3610001079
-0.5316691906
-0.5837506366
-0.6099391257
-0.5394050389
-0.6674375093
-0.5472085026
-0.5066385067
-0.5791522651
-0.6184855289
-0.6544634667
-0.3942969588
-0.5540638913
-0.4034172050
-0.6420765119
-0.5406609068
-0.4790231657
-0.6548968751
-0.4968743013
-0.5860188088
-0.5352287674
-0.5692862585
-0.6158709565
-0.4745614596
-0.5811651616
-0.5305390080
-0.5771813600
-0.3732768674
-0.7033030475
-0.6106256851
-0.6054157935
-0.5870879605
-0.3774109249
-0.4577456481
-0.6031113355
-0.6157670907
-0.5053170952
-0.5266102628
-0.6154560343
-0.5493985869
-0.5175978859
-0.5235873923
-0.4944032332
-0.4721015634
-0.5081795397
-0.5376272368
-0.6329798334
-0.5265641448
-0.5103342194
-0.5671054972
-0.5241330549
-0.5541898239
-0.6239154009
-0.4165228562
-0.5942968116
-0.4483415832
-0.3896653824
-0.4959814735
-0.5889594796
-0.5107247673
-0.4261303634
-0.6232453677
-0.5289247473
-0.5675162632
-0.4574490639
-0.4839048561
-0.4897729821
-0.4378446732
-0.4215536936
-0.3760580723
-0.5674679343
-0.3988320394
-0.4254906794
-0.4101156743
-0.4978763631
-0.2921769561
-0.5623969355
-0.5242238613
-0.3989535015
-0.3588904503
-0.3724641034
-0.6194721862
-0.4504336424
-0.5729658583
-0.5225804082
-0.4143730712
-0.4297697884
-0.4004104924
-0.3465120685
-0.4724797374
-0.3769737802
-0.5581285417
-0.4146742952
-0.3082016872
-0.4020880174
-0.3468900548
-0.4140275327
-0.4218955783
-0.3750686544
-0.3319387992
-0.4371706217
-0.4544666047
-0.3862637768
-0.3721784916
-0.4998036752
-0.2923008917
-0.4865643353
-0.3877646991
-0.4756963341
-0.4732014147
-0.4056399096
-0.2951656904
-0.3872344391
-0.1973322446
-0.4253176882
-0.4227231020
-0.2696510323
-0.2830755303
-0.3516396548
-0.2937927803
-0.4119882748
-0.2737785789
-0.5292205855
-0.4148091607
-0.3604389099
-0.1970695652
-0.2472581254
-0.2999092174
-0.3079243988
-0.4178690356
-0.4625627847
-0.1296051718
-0.2328554444
-0.3705750227
-0.2492300349
-0.3256860757
-0.3899831664
-0.4613691331
-0.4328565228
-0.3138264053
-0.3042207426
-0.3203085344
-0.4506131369
-0.3867093071
-0.3674706558
-0.1371385756
-0.2030185947
-0.3372319929
-0.2179426882
-0.4066730502
-0.2137497379
-0.3210830562
-0.3820547261
-0.1405674729
-0.2778789889
-0.3042748742
-0.3544161523
-0.2877213486
-0.3270767932
-0.3885827220
-0.2997074336
-0.3886664873
-0.2318926064
-0.3557821968
-0.3510895830
-0.4046104469
-0.2305299626
-0.3419778856
-0.2701136474
-0.2301271736
-0.3012048866
-0.1846761964
-0.2381274727
-0.2348664226
-0.2335174950
-0.2593528622
-0.2768789655
-0.1580409631
-0.2384961700
-0.2544423362
-0.2016936861
-0.0667097188
-0.2517373432
-0.3212126216
-0.2708998548
-0.2679347461
-0.2920622428
-0.2267890626
-0.1591195233
-0.1124496438
-0.4123488941
-0.2241670931
-0.2365947150
-0.0778688336
-0.0677678199
-0.1720694857
-0.3152687377
-0.3376241450
-0.2093277183
-0.3225747250
-0.1941002907
-0.2156564818
-0.1341538757
-0.2638599296
-0.0716528622
-0.1681201924
-0.2198657802
-0.0549147863
-0.1422123179
-0.1410399333
-0.1362189243
-0.2365313253
-0.1861956958
-0.0972963566
-0.1171730341
-0.2594439843
-0.2254160486
-0.1563195315
-0.2224552313
-0.2240853830
-0.1374058760
-0.1755560374
0.0078798934
-0.2874570327
-0.0696820593
-0.1821280974
-0.1991603015
0.0228672993
-0.0279843534
-0.0595522173
-0.0516625638
-0.1057619995
-0.1548318290
-0.1907131055
-0.2377867503
-0.0500408699
-0.1642112001
-0.1708010961
-0.0699234867
-0.1168379326
-0.0939804774
-0.1578468458
-0.0451235798
0.0168834643
-0.1493956934
-0.0908064886
-0.1676069750
0.0189704158
-0.0814188020
-0.0674339932
0.0024088183
-0.0282883475
-0.0578443400
-0.0706494746
-0.0523062595
-0.0085288459
-0.0434539413
-0.0123738883
0.0055242970
-0.0556046263
-0.0226367865
0.0419717457
-0.0980387194
-0.1228349408
-0.1351425616
-0.1655780128
-0.0403149789
-0.0216038983
-0.0175611498
-0.1246609163
0.1496382068
0.0129720429
0.0040302272
-0.0731170024
-0.0842462091
-0.2169314238
-0.0491798619
0.1117573896
-0.0034628204
0.0643897901
-0.1667028891
-0.1012586373
-0.0270169929
-0.0078421291
-0.1221371327
-0.0515883187
-0.0504250481
-0.0071439385
-0.0603802200
0.0347506952
0.0420601469
-0.0073157611
0.1008166550
-0.0478795031
-0.0865635493
-0.1081081261
0.1011311169
0.0120564434
-0.0520457204
-0.0234493933
-0.0911176533
0.0558021430
0.0132750365
-0.0196479137
0.0772595702
-0.0749215270
0.0277987367
-0.0329393914
0.0633322732
0.1596823109
-0.1248858764
0.1125816269
0.0395261296
-0.0049630429
-0.0013530446
0.2162975923
0.0854188003
-0.0011611718
0.1489952928
0.0824162280
0.0733795036
0.1912899510
0.1193038859
-0.0668209119
0.1378392847
0.2127027256
-0.0435517852
0.0389781815
0.1768946749
0.0872436594
0.2219384233
0.1460624992
-0.0312515331
0.0089157112
-0.0223226477
0.0430348427
-0.1404330571
0.0694512794
0.0509313775
0.0376529858
-0.0112538481
0.0118568755
0.2656626174
-0.0449010385
0.1510892591
-0.1312050898
-0.0919015771
0.0173823223
0.1105205578
0.1330073525
-0.0068645836
0.0807121816
0.1897210041
0.2201382488
0.1437219580
0.1265878221
0.0991091679
0.1374952225
0.1518846290
0.0813708823
0.2051952985
0.1517403814
0.1317006541
0.2925445596
0.1687955352
0.2151572985
0.1281766192
0.0610293711
0.3418965617
0.1068841295
0.1201781825
0.1864449684
0.0967955328
0.1800462633
0.2116836385
0.1490767255
0.1971777132
0.0751537598
0.2172904821
0.2307044462
0.0579959130
0.0410112828
0.1642807221
0.1669397706
0.0937996158
0.2086254904
0.1517381812
0.1548543903
0.2056733874
0.2228273690
0.2605984475
0.1324586870
0.2916559922
0.1281779528
0.4279638104
0.1408513989
0.2889629672
0.2864341107
0.1700726595
0.2653433739
0.2475145930
0.1375138095
0.4383399283
0.3032317893
0.2026155774
0.3019705583
0.1882090219
0.2587113687
0.1691248517
0.2333276300
0.3006917946
0.3195485439
0.0239684766
0.2083741642
0.2284017662
0.2071800063
0.2040417773
0.2403199206
0.2541836990
0.2354779397
0.3111501853
0.4259923610
0.2380396474
0.2383718727
0.1394100626
0.2986520058
0.3667561277
0.2194976761
0.2182076079
0.2378496070
0.3341188424
0.3235186040
0.3703555063
0.4618279907
0.2698643100
0.3438103176
0.2979384111
0.4078580529
0.4047031739
0.2862088985
0.2377138591
0.3411501515
0.1291216703
0.3096291036
0.3492634061
0.3769133680
0.3176434452
0.1585420572
0.2873785380
0.2801965013
0.2887205283
0.1449420423
0.2759250983
0.2295769971
0.2656864425
0.1552408604
0.2567892072
0.2588462449
0.2578511583
0.4285348331
0.2506546930
0.3724137127
0.4251164062
0.3155657356
0.4015299056
0.3173430476
0.4494005286
0.3219703284
0.3753403200
0.3588235133
0.3110526360
0.3837285134
0.3420922319
0.4204833976
0.2981443838
0.4501022444
0.3478737638
0.2950463086
0.4303508181
0.3585657651
0.5437267329
0.4541572583
0.3462034755
0.2783989975
0.3641277404
0.3927947341
0.3568892573
0.3929223617
0.3719392334
0.4436375728
0.4221895868
0.2439280177
0.1855839789
0.3957360665
0.5496390317
0.4475914594
0.4817313767
0.3405706604
0.3602622265
0.4706063783
0.3679880267
0.3656943236
0.2184850631
0.3920887763
0.3917020036
0.4251476995
0.4476614689
0.3707867247
0.5686791617
0.4744370248
0.4847844024
0.4040948587
0.5118531271
0.2660090060
0.4827535830
0.4301486926
0.4561965852
0.5185200887
0.4525083888
0.4735510039
0.4035235207
0.3378281599
0.3990925953
0.4247348360
0.3760879203
0.5136185542
0.4289636919
0.6272006331
0.3865911115
0.5279958096
0.4259042589
0.4401706372
0.4128989851
0.5036665573
0.5043794014
0.4347805670
0.5762860809
0.3056292652
0.4746756514
0.4402185554
0.4889574416
0.4686480680
0.4408877516
0.4994311446
0.4835808851
0.4606006440
0.4460777053
0.5133237147
0.4416519201
0.4497072167
0.5010932037
0.3781123829
0.3952833314
0.4783929259
0.3666782186
0.6379710740
0.4432788740
0.5910016181
0.5437175865
0.5177618939
0.5673406810
0.5084912246
0.3828527570
0.6461874404
0.3723340654
0.4872428721
0.4881456083
0.5335809186
0.5381098668
0.5522632696
0.6346526154
0.4844302879
0.5089998834
0.6185756434
0.4601199419
0.5952907135
0.5944097949
0.6189787274
0.4945913512
0.3953534950
0.6782173070
0.5516132871
0.5934595376
0.6431625920
0.5506187244
0.6559594607
0.5173340857
0.6538154884
0.6119073521
0.5534903353
0.6820664246
0.5068129834
0.5651281897
0.4779673812
0.5091768333
0.6936699128
0.5957047271
0.6218882707
0.5904728955
0.7112763987
0.6376557438
0.5616808268
0.6191102624
0.6536760433
0.6291090170
0.5920743136
0.6650063968
0.7803778384
0.4476971853
0.5971126824
0.7056365949
0.7441868338
0.5363279648
0.7092125668
0.5819336510
0.5971312440
0.5806813686
0.6496785600
0.6181123019
0.7772533701
0.8888821308
0.5366877447
0.6560532045
0.5323619967
0.6820490523
0.7513818626
0.7125952522
0.6451826950
0.6663650794
0.6959051229
0.5815108884
0.7400866687
0.7084359319
0.6934338718
0.7840176555
0.7430598519
0.6384348476
0.7106883300
0.7760241950
0.6987764937
0.7320892654
0.5810154744
0.5963640658
0.6704526771
0.6508726489
0.8280844342
0.7504963821
0.8473327118
0.6804537773
0.7083994970
0.6039732218
0.5316480231
0.6616710998
0.7319264074
0.8039781242
0.7338249093
0.4839304078
0.6803149879
0.8272739554
0.7102617765
0.8248135893
0.7511178124
0.7711614595
0.8891283995
0.6394188503
0.6871015365
0.8044670081
0.6883207278
0.7506359433
0.7064362802
0.7358788677
0.6022935251
0.8369362050
0.6977217349
0.6132685665
0.6512889536
0.6991686390
0.8240619357
0.7081137792
0.7184709555
0.7409751174
0.7906549056
0.8866599173
0.7060324837
0.7744078098
0.8244204921
0.7195397857
0.7906070540
0.7861477633
0.8133330689
0.8754110643
0.8081092124
0.6878562878
0.7448818922
0.7560723479
0.7020153445
0.8049669933
0.7075402689
0.8468007515
0.8485708094
0.8158624057
0.7981885968
0.9518689391
0.8429935315
0.9801055962
0.8581880130
0.6251834701
0.8173405112
0.7663636405
0.8431157849
0.7803774628
0.8138130685
0.8387320758
0.8899029128
0.7263757767
0.8040400743
0.9675988574
0.8504579005
0.9618945661
0.8114708439
0.9244873013
0.9499222828
0.7067475877
0.7688739615
0.8252492633
0.9187583565
0.8523010539
0.9531564026
0.9658902966
0.8507941263
0.7918045447
0.7699977864
0.8511557518
1.0613113755
0.9868002871
1.0001531099
0.8233050907
0.8597028401
0.9747209605
0.9781072583
0.8099953263
0.9123914912
0.8586971925
0.9008226430
0.8547992464
0.8189090467
1.0179075944
0.8628650200
1.2044387883
0.9966760293
0.8450561593
0.9677566976
1.0755577210
1.0411233392
0.9069149613
0.9164510981
0.8682373593
0.9816912832
0.8580627770
0.8798235827
0.9730166833
0.8435016378
0.9112851764
0.7868182690
0.9577984571
0.9480638393
1.0912644697
0.9880053915
0.8852440598
0.9091443862
0.8084467800
0.9236068146
1.0952298713
0.9193152651
1.1079333310
1.0713136457
1.0550127316
1.0908928612
0.9672470469
0.9547140612
1.0081864928
0.9894418976
1.0497427031
0.9061108940
1.1103064142
0.9722442071
1.0220835660
1.0754232586
1.1414980611
1.0345676213
0.9808321404
1.0639376890
0.9187564263
1.0416509599
1.1189288293
1.0935078471
