-1.1276888539
-1.0761665157
-1.0054092096
-0.9951913111
-0.9916689742
-1.1060181704
-1.0884965121
-0.8983397217
-1.0322316346
-1.0071053804
-0.9291288824
-0.7970922902
-0.8859892901
-1.0341664987
-1.0389403664
-0.9113815545
-0.9245409561
-0.8770112602
-1.0297513851
-0.9835594464
-0.8958415973
-0.9152681974
-1.0307110245
-0.8018414939
-0.9270915177
-0.8407400946
-1.0152959618
-0.9915656103
-0.9612310009
-0.9503512340
-0.9642321641
-0.8279480833
-0.9311382257
-1.0999348374
-0.7885449671
-0.8258766728
-0.9300582982
-1.1270309998
-0.8774647031
-0.8980209721
-0.6872491433
-0.8435650149
-0.8939100069
-0.9582242489
-0.7792309137
-0.8592727621
-0.9140812469
-0.8767553061
-1.0122454250
-0.9391015289
-0.8978780794
-1.0879655352
-0.8721575856
-0.8418351485
-0.8822696483
-0.7552769401
-0.9054901032
-0.9735417856
-0.8696399853
-0.8885280563
-0.9327626470
-0.8627956325
-1.0824697175
-0.9454159159
-0.8384622870
-0.7910741596
-0.7830196410
-0.7372432848
-0.8648126300
-0.9142271864
-0.8177652681
-0.9521015800
-0.7913322828
-0.9410433398
-0.8890035274
-0.8951589775
-0.7258235708
-0.7869979953
-0.8966632571
-0.9671466966
-0.7894155772
-0.9419298498
-1.0315027693
-0.8998726044
-0.8584323663
-0.7939850321
-0.6991719667
-0.8955232081
-0.8793735886
-0.7440147073
-0.8157665308
-0.8786991145
-0.7804186875
-0.8178950823
-0.7682100950
-0.7305002047
-0.8099141327
-0.8551738536
-0.6684936513
-0.8495449647
-0.6894151403
-0.7707106056
-0.7276320021
-0.7391687871
-0.7482100928
-0.8884132102
-0.7915035989
-0.7232429110
-0.7791675937
-0.7304672350
-0.9032990869
-0.6630079924
-0.7714519447
-0.7607800967
-0.6691947213
-0.7969712691
-0.7179183402
-0.6172911717
-0.8782329786
-0.7812883001
-0.7335342099
-0.8160253795
-0.9199887966
-0.7256529149
-0.8349015780
-0.8175881214
-0.6561075120
-0.6963186036
-0.8225114461
-0.7694628364
-0.8365899129
-0.8369670428
-0.7407566702
-0.7190351128
-0.6520156216
-0.6988898383
-0.7017695284
-0.8071135093
-0.5768637542
-0.7322461825
-0.7357046119
-0.7350510981
-0.7073121007
-0.7360754940
-0.6832602601
-0.8558626619
-0.5133539922
-0.6356895816
-0.7084708316
-0.8145702646
-0.7247769978
-0.6097311988
-0.6052520910
-0.6032702404
-0.5957984752
-0.5531590636
-0.6374347879
-0.7888440034
-0.5757033658
-0.7852935440
-0.6428679654
-0.8455640845
-0.7526967413
-0.8669983857
-0.7943724753
-0.5855138601
-0.7015146644
-0.7297844493
-0.6585925336
-0.6584471424
-0.7206101257
-0.5900025565
-0.5089975269
-0.5608517101
-0.6339874464
-0.6363196614
-0.6319623080
-0.8349752327
-0.5531928833
-0.5549986345
-0.7240735855
-0.6902076095
-0.6903458749
-0.5090430669
-0.6281512393
-0.6363932934
-0.6168416310
-0.5755371620
-0.7161215767
-0.6310267300
-0.5982485422
-0.6259782554
-0.6469679541
-0.6309475298
-0.5875182726
-0.6658674801
-0.6224472277
-0.6997930629
-0.6915404661
-0.6768806266
-0.6733333380
-0.6753939896
-0.6701239778
-0.5101342051
-0.3607667397
-0.5610541393
-0.6140798003
-0.6103061608
-0.5306708175
-0.6753342460
-0.5567477370
-0.4772699488
-0.5839522966
-0.6240932564
-0.6545573435
-0.3930328569
-0.5452537964
-0.4226960167
-0.6561911122
-0.5313261861
-0.4680727741
-0.6406595109
-0.4833330019
-0.5745163958
-0.5368393196
-0.5507644436
-0.5891602244
-0.4777972876
-0.5875203612
-0.5546383505
-0.5729096341
-0.3751596050
-0.6746560244
-0.6214790477
-0.5800187035
-0.5887316369
-0.4059461929
-0.4514422567
-0.6007017105
-0.6076864026
-0.4993136490
-0.5290253300
-0.6215468723
-0.5492890995
-0.4939576805
-0.5266413152
-0.5002432017
-0.4785463254
-0.5127128139
-0.5321187259
-0.6518310750
-0.5157701000
-0.5172502437
-0.5862256111
-0.5182084110
-0.5500484809
-0.6004863235
-0.4264200181
-0.5913983222
-0.4587805021
-0.3569090069
-0.5000519391
-0.5908632868
-0.5210967769
-0.4214571174
-0.6231096205
-0.5139231886
-0.5730934675
-0.4696481879
-0.4885393815
-0.5039415885
-0.4595778762
-0.4307623166
-0.3743984680
-0.5746935212
-0.4009237698
-0.3984289750
-0.4152944659
-0.4765227210
-0.2929138046
-0.5641867448
-0.4936402661
-0.3809219547
-0.3784901834
-0.3475586598
-0.6115135445
-0.4504610196
-0.5432630990
-0.5223464139
-0.4297119945
-0.4391408499
-0.3981579153
-0.3490107903
-0.4560786468
-0.3872350760
-0.5482638442
-0.4113143090
-0.3193872621
-0.3825968346
-0.3584927157
-0.4293536843
-0.4077262999
-0.3835853057
-0.3268199066
-0.4311970645
-0.4787637332
-0.3919498380
-0.3855360409
-0.5117094368
-0.2885705370
-0.4777115550
-0.3881539838
-0.5170647672
-0.4800184444
-0.3818187011
-0.3059634583
-0.3850890984
-0.2142383963
-0.4170937471
-0.4092789177
-0.2621902889
-0.3074583256
-0.3199412572
-0.2916166858
-0.3922541148
-0.2648337099
-0.5361163642
-0.4155192472
-0.3740049827
-0.2052963716
-0.2462042109
-0.3033070291
-0.3047364458
-0.4384730745
-0.4335404804
-0.1543934082
-0.2215057379
-0.4000494304
-0.2582061606
-0.3532911654
-0.3948897977
-0.4411526210
-0.4348499718
-0.3038349571
-0.2865309179
-0.3183905237
-0.4584414847
-0.3671160660
-0.3738500202
-0.1316977032
-0.2149941288
-0.3296653113
-0.1995161076
-0.4031447253
-0.2192938483
-0.3433690470
-0.3957518120
-0.1494494245
-0.2850143495
-0.3014115948
-0.3532589677
-0.2800839866
-0.3229852269
-0.3831642782
-0.3072937370
-0.3883829170
-0.2078659264
-0.3597419532
-0.3484546011
-0.3933568322
-0.2259121561
-0.3241085056
-0.2609286098
-0.2324460765
-0.2959695794
-0.2000010164
-0.2562574434
-0.2604418987
-0.2277242668
-0.2627607803
-0.2779459331
-0.1518575858
-0.2023383616
-0.2185290037
-0.2125573338
-0.0659656860
-0.2519652608
-0.3368640769
-0.2657006135
-0.2451731696
-0.2698831313
-0.2465497395
-0.1500628467
-0.1170599548
-0.4027405493
-0.2245518966
-0.2375412054
-0.0670593078
-0.0404110538
-0.1707332390
-0.3218623379
-0.3394751280
-0.2069977997
-0.3277330764
-0.1771858824
-0.2036842483
-0.1355204415
-0.2670789733
-0.0830316956
-0.1636284840
-0.2172028777
-0.0456785369
-0.1560699359
-0.1445011263
-0.1704807179
-0.2372604674
-0.1971736329
-0.0960602037
-0.1169750599
-0.2431101891
-0.2589170826
-0.1725872251
-0.1977158088
-0.2273668240
-0.1366360314
-0.1753437318
0.0264539360
-0.2607638941
-0.0779273959
-0.1843603666
-0.2159046701
0.0136533724
-0.0165871375
-0.0913474708
-0.0583533875
-0.1028451707
-0.1298132207
-0.1929387820
-0.2246221366
-0.0575652538
-0.1457541812
-0.1578907739
-0.0489833799
-0.1109140991
-0.0816041471
-0.1553784584
-0.0597791094
0.0147040723
-0.1574343801
-0.0904877865
-0.1514558854
0.0089304772
-0.0722844924
-0.0398081391
-0.0220934697
-0.0396703328
-0.0805834951
-0.0597955328
-0.0576013222
-0.0333277288
-0.0462235188
0.0044928838
0.0140623008
-0.0292267822
-0.0308846945
0.0355461954
-0.0972602518
-0.1433199177
-0.1260383413
-0.1713362454
-0.0546492111
-0.0027318874
-0.0157456834
-0.1283338225
0.1341539220
0.0112458348
0.0120220977
-0.0683179860
-0.0869649721
-0.2218466606
-0.0623156289
0.1317819865
-0.0186297034
0.0378039073
-0.1574743531
-0.1017932768
-0.0261147100
0.0328884046
-0.1233024333
-0.0370222696
-0.0525714675
-0.0472761965
-0.0452278758
0.0228207913
0.0205813430
-0.0080569222
0.0979639014
-0.0414247915
-0.1044733871
-0.1048194321
0.0801616843
0.0177727418
-0.0435519749
-0.0253021814
-0.0723229179
0.0479326326
-0.0056267560
-0.0446457863
0.0803742231
-0.0671506046
0.0233040711
-0.0245186673
0.0532373434
0.1476791243
-0.1110290842
0.1347120327
0.0536728516
0.0048806183
0.0228186886
0.2197181416
0.0949897786
-0.0133508508
0.1538641585
0.0849721633
0.0669224065
0.2079091898
0.1112817211
-0.0564838078
0.1367623492
0.2043606765
-0.0270333692
0.0491322471
0.1620108310
0.0707643444
0.2526196026
0.1050168137
0.0040861834
-0.0197167666
-0.0139386420
0.0164688241
-0.1321100375
0.0983060261
0.0407156282
0.0335714546
-0.0188307428
0.0203463958
0.3063100261
-0.0328834194
0.1362827907
-0.1353274627
-0.1041503234
0.0139999922
0.1016152361
0.1420976551
-0.0502077253
0.0838716001
0.1822102419
0.2024136404
0.1629358441
0.1488993000
0.1046077507
0.1298861236
0.1452727035
0.0916929069
0.1953000747
0.1492783629
0.1196028311
0.3019753301
0.1585204018
0.2130231948
0.1283913550
0.0597942622
0.3582156299
0.1032442314
0.1201122009
0.2008189578
0.0990003462
0.1882243485
0.2076392637
0.1612592143
0.2023359331
0.1003708265
0.2014334747
0.2236241294
0.0442137317
0.0558027538
0.1739084814
0.1733059046
0.1022972464
0.2274303187
0.1698201842
0.1439174641
0.2178930438
0.2273046772
0.2621587416
0.1111337210
0.3028227818
0.1151257296
0.4271853770
0.1245751107
0.2502879781
0.2707177834
0.1604868611
0.2716156000
0.2518604327
0.1427267840
0.4241518287
0.2980973819
0.1987257720
0.3063449373
0.1906470236
0.2454426678
0.1590137296
0.2402762368
0.2843504171
0.3145331796
0.0091349482
0.2165787798
0.2210626611
0.1749627443
0.2166766962
0.2496449985
0.2528539665
0.2456114358
0.3196019812
0.4290970204
0.2386751668
0.2361126134
0.1193621007
0.2661565370
0.3541378766
0.2168212638
0.1967929963
0.2253870276
0.3217090052
0.3185779845
0.3689539321
0.4643918772
0.2554489637
0.3513035271
0.2936167358
0.4359097973
0.4087172988
0.2929936997
0.2551996074
0.3703031465
0.1466253158
0.3175482656
0.3329785374
0.3876934762
0.3158766013
0.1250867548
0.3109721562
0.2852011920
0.2927694681
0.1556493535
0.2671393391
0.1986810538
0.2683719124
0.1464905825
0.2476188549
0.2573447353
0.2648923476
0.4413160247
0.2372103822
0.3684862025
0.4224884171
0.3071659178
0.4087431156
0.3278826115
0.4531775423
0.3021004254
0.3980598360
0.3563717642
0.3149599728
0.3946583580
0.3403934799
0.3989456069
0.2782295157
0.4421413434
0.3284004441
0.2882012598
0.4307775319
0.3649392919
0.5581927065
0.4768924243
0.3131686562
0.2853022890
0.3312049821
0.4242318977
0.3371993886
0.3820721982
0.3707727665
0.4432060655
0.4150861813
0.2211392218
0.1963439945
0.3877314921
0.5435206859
0.4453963331
0.4778986288
0.3358869857
0.3647839637
0.4678240346
0.3398641089
0.3822014361
0.2079446945
0.3927701100
0.3884784144
0.4257835805
0.4505062282
0.3900111302
0.5564558835
0.4637127638
0.4898178019
0.4004715884
0.4845150268
0.2764661309
0.4658259710
0.4399706150
0.4596029698
0.5437980082
0.4334257391
0.4944411010
0.4163081809
0.3380395725
0.4277688853
0.4372789684
0.3632038047
0.5134663335
0.4354319853
0.6267697639
0.4009030617
0.5308760313
0.4182887552
0.4246882543
0.4194495414
0.4719664903
0.4890267392
0.4253036271
0.5764178316
0.3044811064
0.4746037171
0.4432416014
0.5078184084
0.4502593403
0.4508690926
0.4962265287
0.4765540065
0.4653837921
0.4379471707
0.5126104472
0.4339773027
0.4446316325
0.5087750666
0.3970127829
0.4179460490
0.4904080240
0.3439802425
0.6190199609
0.4646781980
0.6270951297
0.5157753960
0.5176491999
0.5584017870
0.4795206316
0.4034806926
0.6442215345
0.3943789260
0.4684467341
0.5055045250
0.5239192646
0.5372838861
0.5313443915
0.6326064461
0.4593521407
0.4989493241
0.6084014272
0.4634356737
0.6248352925
0.6006204743
0.6309406402
0.5049521584
0.3999602426
0.7135938640
0.5683989222
0.6198920883
0.6297698014
0.5488839891
0.6452331217
0.5289266922
0.6809254350
0.5947303702
0.5700962478
0.6649717183
0.4833445926
0.5557326943
0.4962857705
0.5205753567
0.7064231053
0.5891147945
0.5982791906
0.5984402897
0.6885034210
0.6183085605
0.5707019291
0.6022454754
0.6637647042
0.6359798445
0.6107349919
0.6556637625
0.7933118516
0.4760238785
0.5847823441
0.6973591157
0.7531386761
0.5541119664
0.7179903573
0.5838268575
0.5943871575
0.5523848470
0.6508634986
0.6175090138
0.7795758185
0.8709752676
0.5244962263
0.6079642029
0.5105817928
0.6837798435
0.7369693499
0.7236280887
0.6252064048
0.6754375255
0.6810587788
0.6218358086
0.7412751981
0.7085763142
0.6601940852
0.7930784841
0.7343063330
0.6581906585
0.7095310078
0.7543656367
0.6943509588
0.7447159194
0.5763428290
0.6015081928
0.6817835516
0.6570135827
0.8407327547
0.7425332359
0.8447381676
0.7064185176
0.7107331335
0.5847213078
0.5259402416
0.6721300332
0.7446398990
0.8065113689
0.7568391007
0.4785515953
0.6510573979
0.8232757221
0.6890161194
0.8296388898
0.7418407162
0.7601011003
0.9040560937
0.6132364435
0.6841461120
0.8186693676
0.6900787614
0.7361570916
0.7069528653
0.7598876753
0.6234505198
0.8080287922
0.6989318602
0.5912490071
0.6523436211
0.7135943011
0.8005381359
0.7106825570
0.7422416322
0.7445522221
0.7607655850
0.8985466333
0.7035422094
0.8049642774
0.8426021185
0.7057894568
0.7845070036
0.8000836694
0.8168652300
0.8860733341
0.8019935552
0.6830228429
0.7547885528
0.7392537661
0.6816580140
0.7838696635
0.7148163033
0.8389105389
0.8357285303
0.8233177787
0.8002616528
0.9481314078
0.8211760332
0.9669870225
0.8731791099
0.6382300886
0.8197763710
0.7797149389
0.8615594124
0.7854914459
0.8103356256
0.8345059662
0.8813443912
0.7007719315
0.8047291417
0.9805167114
0.8461719969
0.9601196813
0.8396484441
0.9293077306
0.9284522193
0.7046052484
0.7633714190
0.8269433272
0.9578954386
0.8667450065
0.9525533432
0.9611900576
0.8343641263
0.8016932297
0.7703809169
0.8444104585
1.0513782352
0.9870090806
0.9899758998
0.8246132850
0.8576836729
0.9690417637
0.9861168450
0.8144956836
0.9128646756
0.8145833285
0.8793212218
0.8481759307
0.8290986451
1.0180413303
0.8768665176
1.1654856833
0.9916389575
0.8519574599
0.9588630235
1.0792131883
1.0222620806
0.9133746896
0.9174233568
0.8546104671
0.9886854035
0.8469917239
0.8746243281
0.9897535528
0.8255122737
0.8999523847
0.8129167311
0.9625998351
0.9416210823
1.0534061091
1.0163841944
0.8949258242
0.9062277849
0.8227445247
0.9350005392
1.0842090708
0.9207812800
1.0954270160
1.0553651601
1.0321232337
1.0625976115
0.9830749553
0.9420911881
1.0059608139
1.0238409608
1.0116957249
0.9178918256
1.0852256349
0.9646322025
1.0263310137
1.0656892517
1.1475986708
1.0428901016
0.9646388187
1.0433937495
0.9127106121
1.0348305623
1.1121067896
1.1120061472
