-0.8992380270
-1.0056982186
-0.9686060677
-0.9381138085
-0.9621292053
-0.9462224678
-1.0234334244
-0.9108293696
-0.9553255286
-1.0133396518
-1.0375842666
-1.0018785763
-1.0750691429
-1.0159352984
-0.9324772812
-0.9399853399
-1.0244862554
-1.0461465886
-0.9083936514
-0.7507622337
-1.0021566522
-0.8821722680
-0.9316120090
-1.0131516037
-0.9255303523
-0.8763154222
-0.9845878278
-0.7828223636
-0.9748883146
-0.9214895217
-0.9787989566
-0.8612904249
-0.7801023194
-1.0480763243
-0.8729425733
-1.0330074257
-0.9236707884
-0.7966179258
-0.7769541124
-0.8121292440
-0.8944036418
-0.7527257947
-1.0409908259
-0.9404884137
-0.9268840692
-0.7064907641
-0.8308388860
-0.8731926923
-0.9203616847
-0.7902998634
-0.7851956498
-0.9044371273
-0.9465420723
-0.8412190007
-0.8656566043
-0.9608418064
-1.0431787375
-0.8054666047
-0.9453061592
-0.7802304056
-0.8682680613
-0.9663715515
-0.8369121700
-0.8028448881
-0.9066808661
-0.9158083538
-0.8482566396
-0.9050663238
-0.9136409409
-0.8374332432
-0.9472135087
-0.7449812256
-0.6949575958
-0.7483563415
-0.9743717808
-0.9404367983
-0.8027494931
-0.8606846216
-0.8390683196
-0.7942944547
-0.8072706540
-0.7476877770
-0.8229785083
-1.0063651599
-0.7187385758
-0.7154466908
-0.8272716755
-0.9742904346
-0.9479175234
-0.7926276233
-0.8287071578
-0.5230878815
-0.6828846814
-0.8852644442
-0.9369798291
-0.7583205491
-0.7658890378
-0.8094420525
-0.8362622128
-0.8214491172
-0.8460575618
-0.8312241563
-0.7364637265
-0.8480575092
-0.8506915368
-0.7998228533
-0.9035106850
-0.9736143316
-0.8873838620
-0.7283528065
-0.8178762288
-0.8542935808
-0.7584712517
-0.8197034738
-0.8288432037
-0.6683044667
-0.6699747828
-0.6317879620
-0.8150123603
-0.6266790387
-0.6177115392
-0.6899689879
-0.7987133607
-0.6960306460
-0.7421135462
-0.5691132077
-0.6190813636
-0.6224296430
-0.9307072224
-0.7022614388
-0.6745164390
-0.6707534261
-0.7061478874
-0.7647508216
-0.7238566491
-0.7891111266
-0.6275196666
-0.6870534886
-0.7157885187
-0.6468245571
-0.7792540853
-0.6811697109
-0.7183241353
-0.7944004750
-0.6091372490
-0.7977920583
-0.6888268663
-0.7430685479
-0.7757667519
-0.5077971467
-0.6995462707
-0.8077347664
-0.5832591786
-0.6603914267
-0.6571758780
-0.6556325210
-0.7292357126
-0.5809869512
-0.7114455025
-0.7922583796
-0.7920073958
-0.5951847504
-0.5175318120
-0.6811253109
-0.5857725651
-0.7236391820
-0.7180195143
-0.6788556963
-0.6212182102
-0.7826249599
-0.7444623606
-0.6462567806
-0.7092129048
-0.6363411033
-0.5702173789
-0.6743089995
-0.6479941915
-0.6212312597
-0.6719737453
-0.5974458633
-0.6173620103
-0.5158026283
-0.6919722160
-0.5859394321
-0.7200513298
-0.7402391954
-0.5223734725
-0.6454510986
-0.5758606280
-0.6791875279
-0.6976284592
-0.7073523524
-0.6820046713
-0.6911198844
-0.6882372544
-0.5723535499
-0.6366438272
-0.4587465703
-0.6065718084
-0.5727012515
-0.5312807663
-0.5286536918
-0.4975617485
-0.5332720776
-0.5880190671
-0.5487853416
-0.6754579884
-0.4830766973
-0.5378242227
-0.5280805657
-0.8131826758
-0.6646850866
-0.6240260584
-0.6154318728
-0.3567168839
-0.4450241430
-0.5288478822
-0.5357313001
-0.5470680040
-0.5961233763
-0.6319841847
-0.6153536615
-0.4853444399
-0.5420996104
-0.6036997750
-0.5072663900
-0.6426800992
-0.4900610410
-0.5570004361
-0.5261552558
-0.3166492453
-0.6160572067
-0.6093867156
-0.6058536853
-0.6289136989
-0.5132419099
-0.5240864657
-0.5146599973
-0.5594905835
-0.5223006434
-0.5611055139
-0.5881054976
-0.4799278653
-0.5033765643
-0.5027109256
-0.5444594838
-0.5474618816
-0.5263488952
-0.4578308322
-0.5319782596
-0.4405999334
-0.5210128830
-0.4521974051
-0.5093012874
-0.5611738297
-0.5049548915
-0.3132974837
-0.4674176495
-0.5802955642
-0.4213313779
-0.3442288941
-0.4320417210
-0.4733626656
-0.3667189866
-0.5236533632
-0.5997550886
-0.4967612897
-0.5477773773
-0.3976443165
-0.3980979547
-0.3888529371
-0.3840987969
-0.4364211759
-0.4299494554
-0.5681176129
-0.5071091535
-0.3781219969
-0.4310909430
-0.4242445331
-0.3628169976
-0.3136218119
-0.5502035869
-0.3617083246
-0.3420617213
-0.4790869548
-0.3952691210
-0.4136827019
-0.4179371785
-0.4488924287
-0.4205719214
-0.5208298253
-0.4975147506
-0.5052251205
-0.3659482528
-0.5379829398
-0.2975459226
-0.3501613041
-0.4300671122
-0.2786913838
-0.3747977045
-0.3696345475
-0.4240518672
-0.4457608688
-0.3258688519
-0.2515598611
-0.4299625247
-0.3701632829
-0.4343046736
-0.3390895581
-0.2941625331
-0.4863447055
-0.4073090373
-0.4631411948
-0.3252469732
-0.3458868607
-0.3059481375
-0.5456093877
-0.2788403277
-0.4193473123
-0.2514650365
-0.2696147978
-0.3477975767
-0.2352723776
-0.3103953506
-0.2890625338
-0.3922437443
-0.3964358039
-0.5251680400
-0.3630614939
-0.2985597271
-0.2625978517
-0.4568945206
-0.3468005918
-0.4216749923
-0.3252047252
-0.2220729300
-0.4448805630
-0.3480052139
-0.2530411458
-0.3372929383
-0.3293711750
-0.1762848780
-0.2039459399
-0.1196672014
-0.4296242187
-0.3806151849
-0.2966931372
-0.3167472461
-0.2920803603
-0.3235141137
-0.3044664901
-0.3731582437
-0.2288323626
-0.1711233654
-0.3630292379
-0.2031441047
-0.4330928147
-0.3430294407
-0.3700097509
-0.2634981788
-0.3199047177
-0.3177516840
-0.2261024358
-0.3867123569
-0.4696153781
-0.4196940767
-0.2555703871
-0.3310552984
-0.1133888947
-0.2763799706
-0.1978312754
-0.2158255498
-0.1903257440
-0.2345585934
-0.3044696503
-0.1856434773
-0.2670438642
-0.3193435755
-0.1956598137
-0.2259781506
-0.3714492307
-0.0801595956
-0.3053445636
-0.3927648080
-0.3148432620
-0.2659338396
-0.1464347996
-0.1317217775
-0.1218002117
-0.0085891205
-0.2902821197
-0.3588064167
-0.1818442322
-0.3166893613
-0.1665246539
-0.2366690410
-0.2056480374
-0.2637395730
-0.2945023240
-0.3341910810
-0.2654147007
-0.2141957870
-0.1091869171
-0.1747372523
-0.1349612083
-0.1285034524
-0.2885680677
-0.0169964423
-0.1958894605
-0.1326808418
-0.1780245489
-0.1237798033
-0.0745693498
-0.0805533001
-0.2467599136
-0.2514205865
-0.1000625941
-0.3171417630
-0.1550972089
-0.2203174117
-0.3260149354
-0.2209252694
-0.0925696597
-0.0938509670
-0.0187805577
-0.2050245430
-0.2063362664
-0.1064791521
-0.0786983189
-0.0896676382
-0.1552136680
-0.1703258803
-0.1107891162
-0.0822377788
-0.0414027496
-0.1723356545
-0.0537922061
-0.0226892207
-0.2581291107
-0.0627984089
-0.0296952962
-0.1055134500
-0.0892993808
-0.0336588261
-0.0266093355
-0.1402270790
-0.0838169167
-0.0923717770
-0.1431073767
-0.0201356935
-0.0310365677
-0.1152889659
-0.1643672136
0.0110755899
-0.1160649439
-0.1139668104
-0.1392672390
0.0061362835
0.0249246049
-0.1227005790
-0.1114591577
-0.0834540854
-0.1399333038
-0.1581482404
-0.0831931139
-0.1288374580
-0.0154753435
-0.0223435289
-0.0603120291
-0.1126631108
-0.1770810604
-0.1523268083
-0.1404253886
-0.1358463975
-0.1071909834
-0.0683165849
-0.0196976155
0.1136844105
-0.0271319345
0.0258595920
0.2350638034
-0.0158503388
0.0081564989
0.0748462375
0.0357501122
-0.1453665249
-0.1436542627
-0.1144670397
-0.0403441713
0.0580544065
-0.0601548054
0.0861614904
0.0071978397
0.0034911697
0.0751512820
-0.0330714061
-0.0152092356
-0.0076568346
-0.1536570050
-0.0715344472
-0.0790436383
0.0705671853
0.1337673802
-0.0230262319
-0.0925594783
0.0427247656
-0.0896258726
0.1199614456
-0.1409386294
0.0597810052
-0.0003681217
0.1781383276
0.0024486296
0.0216584641
0.0203222252
0.1067803054
-0.0232132431
-0.1732116292
0.1038509084
-0.1541345636
-0.0403858559
-0.0027225729
0.1203331179
-0.2186905660
-0.0862565084
-0.0162666588
-0.1206024627
0.0942052918
-0.0625575343
0.0379888740
0.1014795223
-0.0333847816
-0.0336072021
-0.0767631045
0.0934364612
0.1245545401
0.0362292793
-0.0207797051
-0.0101502357
0.0737035152
0.1209190017
0.0897226269
0.0727113286
0.3231910645
-0.0944938103
0.2504551703
0.1665408349
0.1537787370
0.0338188363
0.0640847813
0.1616988768
0.0238755473
0.0659121459
-0.0160591772
0.1328237039
-0.0570809312
0.1467351799
0.1430878771
0.1008448893
0.1055287444
0.0759591384
0.1064136687
0.1504682361
0.1458908252
0.1061975040
0.1002652032
0.1460932243
0.0737055407
0.1449672021
0.1332887827
0.2823333493
0.0402490399
0.1997006569
0.1580029150
0.0065703393
0.1412158171
0.0419663981
0.1614664059
0.2214594902
0.2644067296
0.1232155499
0.1969637464
0.1679918921
0.2243665398
0.0648365093
0.1307008596
0.2598119001
0.1710473344
0.0587482454
0.1639122450
0.2216141167
0.3239149051
0.2845270249
0.1803142541
0.2545714317
0.0272954290
0.2286818333
0.2604393300
0.2449472284
0.1919029433
0.0269474996
0.2526269531
0.1807402076
0.2946935114
0.2674521921
0.1149419691
0.1796439512
0.2642405927
0.1122763869
0.2510398489
0.1617240180
0.1364025493
0.3078229795
0.2923098710
0.2605705865
0.1861804564
0.2391792944
0.0581871219
0.2896922986
0.3724717439
0.3794149349
0.1025630617
0.3969687470
0.2009783547
0.2915767162
0.1949822266
0.1959747066
0.1744403121
0.2366438037
0.2892079420
0.4138349137
0.2639801622
0.1206520476
0.2070193534
0.3085097131
0.2362025072
0.3584358483
0.2931753841
0.3243015773
0.2813648783
0.2698210573
0.1351811355
0.2716019944
0.1549172153
0.3059836655
0.4082882016
0.3629571102
0.1882366675
0.3487550073
0.4664267343
0.1962078382
0.2830515164
0.1412270460
0.2887036736
0.2059268456
0.2424103871
0.3385421153
0.2207767107
0.3060383669
0.2741767685
0.3031317665
0.3867117161
0.2710237124
0.2278887810
0.2801675818
0.3016125743
0.3228832705
0.3138475216
0.2300882253
0.3281592211
0.4463397722
0.2870156055
0.3718750122
0.2971260163
0.2159908391
0.3068903173
0.4642575464
0.3162491786
0.3373159045
0.4126221709
0.3958649367
0.3010779795
0.2661257078
0.3106170886
0.4277991082
0.4049534002
0.4881281023
0.3934266137
0.4985547234
0.4115795373
0.3364958500
0.4317427372
0.3049901066
0.3947472500
0.2237879965
0.4470141463
0.3882503037
0.3373499596
0.4720384631
0.3076445939
0.4175616025
0.3491839695
0.5033899821
0.4352842664
0.3047788805
0.5214219099
0.3694778852
0.3857545106
0.4321439516
0.4158228360
0.4295227117
0.3985621978
0.3462354770
0.4343881612
0.3680547204
0.2387887452
0.4313627160
0.4015642938
0.4382048480
0.4438951984
0.4826357343
0.4084003629
0.3965649226
0.6084892427
0.5149689108
0.4768497216
0.4767304443
0.5079179423
0.5077173367
0.3624958456
0.4833613069
0.5257285750
0.3529626683
0.5518559373
0.6087518700
0.5289781097
0.3182373437
0.4210930427
0.4887694566
0.5722923651
0.6048528447
0.5194622810
0.5407881685
0.4124294532
0.3770798839
0.5184139229
0.5594270587
0.4846183484
0.6075585067
0.5674040051
0.3907427101
0.6588442636
0.5185988623
0.5142332741
0.5768462093
0.4647752076
0.5334151201
0.6549188169
0.5480514823
0.3969957350
0.5466216997
0.5277011544
0.5234695755
0.5974813238
0.5333207549
0.7565737582
0.5293457703
0.5358569117
0.3612331366
0.5054007244
0.4763934745
0.5258720996
0.5749966448
0.5678793775
0.4242426423
0.6437004392
0.5612262318
0.4575035863
0.7305729051
0.5813596762
0.5967767718
0.7181559204
0.5153253674
0.5862463775
0.5908889510
0.4802374026
0.5950371949
0.6110885218
0.6477016748
0.6501556468
0.5388194896
0.4593301960
0.5514740360
0.4818454681
0.4474282467
0.6818618492
0.4301977212
0.5280761054
0.4588005173
0.5771269332
0.6376672385
0.5718871320
0.6548048543
0.6580651313
0.4787199058
0.5540196167
0.6985096333
0.5928641023
0.5611992989
0.5492998151
0.7606094345
0.5807457717
0.5625316343
0.6530917543
0.6373559891
0.4658230867
0.6068554184
0.6261835019
0.6520230495
0.7955292298
0.4589213407
0.5811216019
0.7131295077
0.7590902787
0.5885190183
0.5286864786
0.5974142319
0.8761036831
0.6261651280
0.6299661319
0.7569182957
0.5370365230
0.7306014123
0.7425728564
0.6401723391
0.6597037681
0.6634604451
0.5993458863
0.7316144162
0.7678277283
0.7406550741
0.6434312169
0.6024004799
0.6825523888
0.5939792549
0.7714615876
0.6951772289
0.6884607557
0.7135726294
0.7945512549
0.6824809632
0.7587436533
0.6321800914
0.5833885244
0.7357598860
0.6120570913
0.7092859591
0.5837153583
0.7156262230
0.8091485731
0.7359772016
0.6579885207
0.6745993794
0.6350782307
0.8214690070
0.7300495327
0.8516190513
0.9453342955
0.8153450277
0.7686731243
0.6759193519
0.7052396417
0.6444916950
0.7276166414
0.8551675874
0.8762085514
0.8112884609
0.6844659883
0.6487123710
0.8405630184
0.7720352488
0.7192225257
0.7492575830
0.7784379689
0.8380660146
0.6984845647
0.9227419915
0.8025367851
0.8347640153
0.7115347691
0.8001358455
0.9489445778
0.6791486283
0.7383042600
0.7963384506
0.8044538712
0.6720682401
0.8089392464
0.8096678700
0.8433848995
0.6949386183
0.7148145894
0.8109090576
0.7588284964
0.8029022528
0.9778752314
0.7903875311
0.8357439260
0.9212789910
0.8131714448
0.9427509732
0.7882510945
0.9163586471
1.0146803864
0.7871923813
0.7964369485
0.8127323337
0.9100708424
0.8736297833
0.8197619187
0.8511509871
0.7774610211
0.9024015872
0.8488071892
0.8598967084
0.9478357726
0.8577613940
0.8080707610
0.9581186561
0.8421968489
0.8102220121
0.7604642209
0.9933722129
0.7502164783
0.9153444623
0.8773437678
0.8448234259
0.9407121797
0.9714120425
0.8553448171
0.9900113918
0.8207711498
0.8391778893
0.9036126092
0.7976333811
0.8958185024
0.7396032188
0.9435332680
0.9845021417
0.8227020542
0.8195314027
0.9547395606
0.8840467850
0.9726995408
0.9067620384
0.8182202950
0.8504843428
0.8626966646
0.8433973998
0.9562020620
0.9415186914
1.0135477663
0.8753031313
0.8709376355
1.0266466047
1.0877380763
0.9697631707
0.8975073058
0.8632146614
1.0318642298
0.9048692430
0.9331811451
0.9187970311
0.9079928283
0.8941854704
0.8992403932
1.0243480313
0.9817390169
0.9285513167
1.0507682255
0.8678021733
0.9454793514
0.8873323292
1.0567730612
0.9431254657
0.9115037812
0.9940332988
0.9407193920
1.0296539468
0.9928709538
1.0630600014
1.0888985526
1.0711512465
0.9988163788
1.0670833659
0.8937141606
1.0823919559
1.0460031259
1.0352273959
1.1198757581
