-1.1433016838
-1.0882527961
-0.9936881800
-1.0108878291
-0.9912960733
-1.0956526276
-1.0838994034
-0.9040248682
-1.0662224863
-0.9941419800
-0.9342959744
-0.8021581476
-0.9019504757
-1.0249311261
-1.0342396790
-0.8985222408
-0.9074647965
-0.8610847432
-1.0230184366
-0.9694993155
-0.9026001999
-0.9360204952
-1.0305098401
-0.7917006469
-0.9386356512
-0.8451640893
-1.0019736544
-0.9807540004
-0.9454286355
-0.9743758171
-0.9490642778
-0.8239551477
-0.9426352627
-1.1036173858
-0.8005935490
-0.8390022965
-0.9380487859
-1.1112966338
-0.8663405915
-0.8992991807
-0.6713856319
-0.8174596862
-0.8894189158
-0.9666845553
-0.7874495100
-0.8484457807
-0.8948406824
-0.8703599255
-1.0001980245
-0.9219488852
-0.9016746806
-1.0815089128
-0.8846353770
-0.8422992216
-0.8624952508
-0.7901618794
-0.8977419674
-0.9777629577
-0.8682979397
-0.8818912933
-0.9148957360
-0.8558994240
-1.0716754208
-0.9561398655
-0.8575982183
-0.8190527149
-0.7700670495
-0.7500443313
-0.8867388379
-0.9467460355
-0.8212961850
-0.9285088616
-0.8212736535
-0.9417472608
-0.8916011612
-0.9041249114
-0.7295809569
-0.8017957416
-0.8990037084
-0.9708719440
-0.7802093915
-0.9304495866
-1.0370754481
-0.8832999965
-0.8725646743
-0.7797524818
-0.6819938344
-0.8888840357
-0.8708768620
-0.7599196271
-0.8036196243
-0.8548304160
-0.7596683868
-0.8237264362
-0.7710656080
-0.7309345226
-0.8239054788
-0.8497831911
-0.6804643731
-0.8379885651
-0.6979490537
-0.7595537825
-0.7276500779
-0.7548261355
-0.7390371360
-0.8908935815
-0.7695833537
-0.7282193886
-0.7917576347
-0.7376034442
-0.9144990530
-0.6656866822
-0.7687461047
-0.7694616176
-0.6649935047
-0.7887482129
-0.7238082047
-0.6096791261
-0.8735823714
-0.7823117157
-0.7403947503
-0.8028708869
-0.9403660323
-0.7297290838
-0.8322734452
-0.8225266435
-0.6366327837
-0.7059335977
-0.8289041909
-0.7898682786
-0.8411029291
-0.8298652354
-0.7416931923
-0.7306625853
-0.6223531031
-0.6882684179
-0.6834372853
-0.8212387935
-0.5643389514
-0.7350676599
-0.7607893338
-0.7185172500
-0.7139331544
-0.7197523758
-0.6950958082
-0.8472720736
-0.5304066050
-0.6229285304
-0.7360070479
-0.8226400084
-0.7212058894
-0.6215977647
-0.6317367674
-0.5963019936
-0.6103392592
-0.5432568907
-0.6156454474
-0.8022358536
-0.5924658706
-0.7697714013
-0.6234304644
-0.8410832296
-0.7427055256
-0.8997519710
-0.7758218705
-0.5949657402
-0.7095045458
-0.7364311562
-0.6539769020
-0.6621876340
-0.7039870125
-0.5799894218
-0.4890621887
-0.5649882589
-0.6449062597
-0.6384131114
-0.6240002399
-0.8077316654
-0.5484560970
-0.5532159359
-0.7329506294
-0.6880302882
-0.6997284437
-0.5025380789
-0.6134697549
-0.6566194222
-0.6003336392
-0.5816659489
-0.7328719328
-0.6444287932
-0.5870769283
-0.6294213857
-0.6545247722
-0.6627238942
-0.6107845952
-0.6533320779
-0.6233591861
-0.6898964716
-0.6986807652
-0.6422961587
-0.6784185946
-0.6659649868
-0.7120446471
-0.4953056250
-0.3493192260
-0.5417414063
-0.5943028958
-0.6051837722
-0.5462432535
-0.6722191463
-0.5571746924
-0.4888472848
-0.5796771622
-0.6163286910
-0.6743867145
-0.4170219772
-0.5416802634
-0.4007568467
-0.6450994423
-0.5455470792
-0.4845681938
-0.6415156871
-0.4923199507
-0.5657875048
-0.5513200852
-0.5831717637
-0.5753821713
-0.4558747368
-0.5880741829
-0.5447566844
-0.5705817715
-0.3689228238
-0.6670263319
-0.6127550938
-0.5925438493
-0.5988006522
-0.3981744920
-0.4623092913
-0.6219674042
-0.6100693420
-0.5177509701
-0.5277629237
-0.6166822876
-0.5723682109
-0.5282737759
-0.5188874845
-0.5033572965
-0.4718255292
-0.5186615180
-0.4944683540
-0.6288161293
-0.5262604639
-0.5043183672
-0.5799843359
-0.5083230069
-0.5384709681
-0.6207038332
-0.4195320134
-0.5856979193
-0.4565378537
-0.3738092941
-0.5085857414
-0.5841784075
-0.5145977474
-0.4203353795
-0.6315188055
-0.5110913726
-0.5588459112
-0.4807016312
-0.4797620662
-0.5010896942
-0.4492719679
-0.4346071837
-0.3924121255
-0.5628861338
-0.3737664674
-0.4214091507
-0.4236970865
-0.4950459021
-0.2843168952
-0.5637786489
-0.5004460695
-0.3852165986
-0.3623896844
-0.3648856976
-0.6157705453
-0.4461965310
-0.5610301833
-0.5028988039
-0.4137085289
-0.4337126060
-0.3872247435
-0.3562515668
-0.4640138805
-0.3728024371
-0.5275903512
-0.3983244057
-0.3152853403
-0.3938880703
-0.3624409493
-0.4053531278
-0.4209092919
-0.3821977926
-0.3087397505
-0.4303395096
-0.4552212586
-0.4068608180
-0.3917124710
-0.5038047757
-0.3121089335
-0.4619350621
-0.3996293309
-0.5064914406
-0.4634846194
-0.4014658300
-0.3165972963
-0.3805590772
-0.2176001180
-0.4283382543
-0.4042857033
-0.2679897389
-0.3068232631
-0.3117194293
-0.2917013256
-0.4022516859
-0.2625918227
-0.5483468705
-0.4290821106
-0.3394141199
-0.2260382386
-0.2363051239
-0.3102082037
-0.3027300132
-0.3986153169
-0.4429424761
-0.1376298252
-0.2392453227
-0.3880452985
-0.2753261107
-0.3321185288
-0.3617880104
-0.4340069908
-0.4166637450
-0.2889654626
-0.2908854327
-0.3188760186
-0.4653452288
-0.3626554693
-0.3629411415
-0.1405143257
-0.2400961076
-0.3382325559
-0.1796619296
-0.3971361853
-0.2282846261
-0.3369819985
-0.3764532540
-0.1243188796
-0.2551303594
-0.3196663162
-0.3457920249
-0.2816555863
-0.3296972752
-0.3837649325
-0.3068535852
-0.4027960350
-0.2278492174
-0.3705874760
-0.3712797789
-0.4077164233
-0.2582636770
-0.3365661903
-0.2698193216
-0.2409778710
-0.2858179245
-0.1831187540
-0.2423561107
-0.2255993736
-0.2554023052
-0.2765758290
-0.2829669150
-0.1620833950
-0.2084416667
-0.2321441534
-0.2083854845
-0.0608980919
-0.2419922143
-0.3293642805
-0.2589020760
-0.2344557484
-0.2862575478
-0.2448904667
-0.1378953959
-0.0969161808
-0.4212821832
-0.2227310694
-0.2426160589
-0.0772994765
-0.0403600765
-0.1539381981
-0.3285354138
-0.3376351981
-0.2021947586
-0.3185448287
-0.2153251200
-0.2167043900
-0.1402849389
-0.2546909837
-0.0668278989
-0.1646089319
-0.2378649276
-0.0460207513
-0.1509476933
-0.1466379843
-0.1621817727
-0.2367197130
-0.2014055761
-0.0941650610
-0.1290072810
-0.2337102611
-0.2308718724
-0.1675404782
-0.2314827267
-0.2409261590
-0.1476431410
-0.1863573515
0.0246176391
-0.2732861634
-0.0751812532
-0.1885213216
-0.2098785593
0.0294026032
-0.0479056635
-0.0796810865
-0.0516433907
-0.0890359118
-0.1392264907
-0.1652405128
-0.2243487261
-0.0532293033
-0.1364435287
-0.1731699553
-0.0574654094
-0.1124235429
-0.0875971633
-0.1672551030
-0.0389408313
0.0287842277
-0.1504334221
-0.0894970299
-0.1620002414
0.0098353591
-0.0694070210
-0.0557284103
-0.0284969208
-0.0381048914
-0.0854075925
-0.0639468506
-0.0426425974
-0.0317988160
-0.0423472432
-0.0063093573
0.0013804413
-0.0467901300
-0.0253768526
0.0488766385
-0.1053903467
-0.1329998744
-0.1304972839
-0.1422911567
-0.0452391748
-0.0205490342
-0.0102031438
-0.1200915649
0.1291863152
0.0150431054
0.0045960354
-0.0726639695
-0.0973449918
-0.2284943954
-0.0473777966
0.1039351716
0.0011174260
0.0582950351
-0.1497184759
-0.0877200273
-0.0233745516
-0.0034625556
-0.1383313885
-0.0485450314
-0.0709235132
-0.0239210837
-0.0206760827
0.0239682958
0.0365761833
-0.0159410073
0.0836102138
-0.0639096852
-0.0994730416
-0.0932761189
0.0802714097
-0.0024696394
-0.0538461075
-0.0222230793
-0.0621438374
0.0838424551
0.0061655260
-0.0105036423
0.0876275125
-0.0649050571
0.0083151089
0.0054833156
0.0549728204
0.1418160387
-0.1267684532
0.1099621155
0.0503402384
-0.0016744286
0.0469442764
0.2206955824
0.0704087564
0.0254920503
0.1127422064
0.0875166682
0.0668389639
0.2036307700
0.1065868893
-0.0386843727
0.1383956974
0.2198605306
-0.0531434712
0.0506905319
0.1518576374
0.0856235073
0.2517860671
0.1140251454
-0.0093730817
-0.0035554722
-0.0047980448
0.0120146130
-0.1228585975
0.0658012852
0.0456601590
0.0235543115
0.0057986272
0.0009556769
0.2688840747
-0.0438678536
0.1180494609
-0.1196063113
-0.1015823075
0.0198782285
0.1020711194
0.1109152709
-0.0233024756
0.0933661384
0.1923522081
0.1863221152
0.1563419059
0.1541464582
0.1103916126
0.1425220694
0.1562431154
0.0964215151
0.2275990622
0.1432510315
0.1297064004
0.3182477881
0.1712072939
0.2204884034
0.1411007828
0.0493671860
0.3364068444
0.1012712642
0.1193108081
0.1958938737
0.0907131944
0.1734890160
0.2160209255
0.1374507398
0.1844350316
0.0759090516
0.2399591364
0.2146834932
0.0832220778
0.0524822005
0.1757107283
0.1735148480
0.1136231071
0.2264773263
0.1496596070
0.1758438707
0.2078553040
0.2221069890
0.2499666149
0.1028155068
0.2978768844
0.1122595237
0.4315711093
0.1413568182
0.2721049640
0.2709221113
0.1750321641
0.2521337279
0.2414105989
0.1331820813
0.4187739501
0.3131763903
0.1871723217
0.2849492809
0.1708920960
0.2556664034
0.1561283850
0.2477749073
0.2839777462
0.3130111510
-0.0047091996
0.2220548071
0.2197348092
0.2004823195
0.2212292464
0.2505328781
0.2242689802
0.2300277409
0.3188691030
0.4383421951
0.2421068184
0.2408848956
0.1309552430
0.2824323314
0.3343308727
0.2510833176
0.1968780858
0.2282071273
0.3133819541
0.3280569593
0.3819600516
0.4641056863
0.2428616167
0.3613400155
0.2772693224
0.4245947199
0.4260099622
0.2923145524
0.2479185035
0.3514258293
0.1631015725
0.2958477947
0.3190568687
0.3945998209
0.3258789236
0.1448783001
0.3043194507
0.2807726456
0.3047961895
0.1652385745
0.2861890405
0.2152513203
0.2610789485
0.1468493271
0.2457333983
0.2686103463
0.2590116906
0.4506488461
0.2453998637
0.3722660569
0.4476315088
0.3229269972
0.4038264976
0.3267887742
0.4415975710
0.3250139696
0.3926209637
0.3519355071
0.2815220240
0.3950849242
0.3344431447
0.4056315775
0.2709540467
0.4554397529
0.3308338302
0.2881831140
0.4322934969
0.3802904349
0.5530252996
0.4895917083
0.3247208774
0.2916456512
0.3549699542
0.4186104552
0.3519311509
0.4005793083
0.4033804081
0.4287347197
0.4451804205
0.2390269352
0.1965276594
0.3815784591
0.5432355597
0.4388999983
0.4818977909
0.3340520452
0.3556960650
0.4906351058
0.3611577189
0.3685415596
0.2132978901
0.3860462527
0.3666780459
0.4383517349
0.4375811331
0.3764348076
0.5556143614
0.4717480113
0.4566081532
0.3656957735
0.5020857605
0.2971064769
0.4667202285
0.4244445346
0.4636875509
0.5314119599
0.4493817860
0.5040587537
0.4170346515
0.3297956720
0.4155748436
0.4269392441
0.3855835102
0.5237763334
0.4470339394
0.6343749809
0.3947388884
0.5361251473
0.4114416889
0.4561667303
0.4224877383
0.4767195302
0.4936917635
0.4277515162
0.5703068822
0.2967498545
0.4485976499
0.4388510951
0.5023661540
0.4512615448
0.4443970423
0.4914252190
0.4816958501
0.4550112101
0.4455766406
0.5309217101
0.4438988859
0.4300570828
0.4896151787
0.3735750362
0.4015045044
0.4850681093
0.3775307579
0.6105549869
0.4691118823
0.5869133121
0.5319799732
0.4921035750
0.5760991699
0.4925528753
0.3980503394
0.6395647534
0.4079558725
0.4716251521
0.5028819579
0.5198411353
0.5311786022
0.5320722831
0.6500565826
0.4660257086
0.4999296697
0.6063593724
0.4409956484
0.5979723637
0.5970554212
0.6136393815
0.4959119963
0.4147254707
0.6733905635
0.5533331339
0.6164310967
0.6290845555
0.5484386438
0.6475102065
0.5256718273
0.6429402941
0.6004490751
0.5759368498
0.6900141504
0.4810372543
0.5605934467
0.4936149952
0.4981027275
0.7114699988
0.6164878856
0.6062384703
0.5662931384
0.7061265741
0.6373851274
0.5633887251
0.6100914744
0.6627563374
0.6363217467
0.5961089015
0.6660916444
0.7724265216
0.4644528514
0.6143504015
0.6983019889
0.7567204842
0.5306335736
0.7258844790
0.5911708536
0.5791854549
0.5742994869
0.6326324774
0.6086919138
0.7650236117
0.9007459210
0.5424816317
0.6254651825
0.5233214714
0.6870322936
0.7562282514
0.7349206447
0.6291155908
0.6631509621
0.6786436513
0.5872504575
0.7492722172
0.7052040780
0.6701209859
0.8051978635
0.7541729749
0.6223670856
0.6846013040
0.7561547136
0.6872067679
0.7388272776
0.5819759591
0.5855323977
0.6850546520
0.6654018159
0.8196426191
0.7571169462
0.8461380924
0.7040860410
0.7064896079
0.6267436348
0.5102865250
0.6648548805
0.7442969456
0.8205988691
0.7591193464
0.4956072005
0.6546872457
0.8291087923
0.7114722231
0.8263433111
0.7427152376
0.7729129642
0.8842514600
0.6426503258
0.6961126479
0.8349765370
0.6819885600
0.7494422404
0.7077816095
0.7421649463
0.6143804293
0.8212665958
0.7065110862
0.5729856514
0.6479290848
0.7138835582
0.8029902823
0.7200793733
0.7386133343
0.7320079958
0.7776265032
0.8752455921
0.7097229267
0.7937551055
0.8463599643
0.7209116879
0.7993291827
0.7780433544
0.8005680063
0.8759042440
0.7951310759
0.7093626639
0.7519843932
0.7242553841
0.6828281797
0.7741800162
0.7039580483
0.8523691039
0.8277799414
0.8228265449
0.8104126991
0.9619787504
0.8249931019
0.9859600214
0.8608029513
0.6217134010
0.8120539719
0.7669762763
0.8300924068
0.7901848223
0.8175038333
0.8275034722
0.8757587414
0.7118882867
0.8031901539
0.9681520014
0.8648488659
0.9372677720
0.8345368193
0.9335952439
0.9361047525
0.6937981850
0.7783143002
0.8256246833
0.9311890450
0.8599006575
0.9641583210
0.9525416674
0.8406969975
0.7941469701
0.7698920609
0.8502082485
1.0534765123
0.9956512881
0.9969178293
0.8138785756
0.8488258859
0.9802655325
0.9791517237
0.8221187872
0.9065787341
0.8327078915
0.8993711372
0.8593338732
0.8080771128
1.0167127881
0.8759195227
1.1899212717
0.9911592651
0.8223795131
0.9724581245
1.0543864984
1.0215705208
0.9242182788
0.9010759529
0.8436658279
0.9893996849
0.8586908535
0.8966643087
0.9748807709
0.8415383780
0.9092646250
0.7939316930
0.9817465528
0.9445204827
1.0752915163
1.0050193571
0.8548119963
0.9282802066
0.8331400541
0.9453943967
1.0774114989
0.9383628949
1.1016109755
1.0419678959
1.0521508745
1.0743016188
0.9939323848
0.9497685007
1.0082040910
1.0042945576
1.0571112726
0.9181300966
1.0796989916
0.9757750664
1.0296293230
1.0688412939
1.1263672239
1.0326929276
0.9599440565
1.0651780072
0.9065102455
1.0463872529
1.1187384897
1.1025640678
