-0.8841586274
-1.0162850360
-0.9781184483
-0.9392135160
-0.9625504884
-0.9383696073
-1.0157158837
-0.9123455476
-0.9664318718
-1.0034527134
-1.0477063726
-1.0053589226
-1.0874961457
-0.9923421464
-0.9521059337
-0.9493930151
-1.0177304127
-1.0331490722
-0.8888596849
-0.7392337768
-1.0138993479
-0.8707419451
-0.9282902455
-1.0165353594
-0.9210410031
-0.8956808258
-0.9939702992
-0.8034919193
-0.9700931086
-0.9024235149
-0.9890237516
-0.8667429436
-0.7872661390
-1.0541944807
-0.8656004380
-1.0035175250
-0.9133559546
-0.8029298558
-0.7570698436
-0.7994508064
-0.8870785656
-0.7516654495
-1.0405927284
-0.9285249401
-0.9315568469
-0.7183384589
-0.8544791344
-0.8434526296
-0.9489853803
-0.8071502553
-0.7921500177
-0.8985563354
-0.9443557458
-0.8672393494
-0.8960787820
-0.9722253176
-1.0433736804
-0.8243953786
-0.9513114595
-0.7569897406
-0.8428885360
-0.9722126722
-0.8512959226
-0.8081224999
-0.9467756621
-0.9197952232
-0.8489482394
-0.9205773396
-0.9144297109
-0.8421834042
-0.9504936095
-0.7514504079
-0.7195701739
-0.7683968081
-0.9716218451
-0.9525985185
-0.8098124438
-0.8630285254
-0.8391067936
-0.7829039463
-0.7899578800
-0.7490977366
-0.8196050632
-0.9953438962
-0.7357299291
-0.7197951750
-0.7927036372
-0.9551888373
-0.9568165541
-0.7903128217
-0.8390386559
-0.5391408413
-0.6755371385
-0.8942353955
-0.9108461634
-0.7585640969
-0.7897072355
-0.8076913815
-0.8292469657
-0.8251839677
-0.8431099932
-0.8259445571
-0.7440246405
-0.8503103093
-0.8516774649
-0.8052509290
-0.9080085708
-0.9664391490
-0.9007070382
-0.7217381526
-0.8130439573
-0.8687153512
-0.7434834291
-0.8130235477
-0.8182200821
-0.6922295422
-0.6613125119
-0.5970157597
-0.8172933325
-0.6109225582
-0.6142228423
-0.7085795663
-0.8079253739
-0.6856961125
-0.7494224004
-0.5792971920
-0.5925162221
-0.6101996724
-0.9094840085
-0.7056207629
-0.6996929189
-0.6660550544
-0.7196533507
-0.7423734845
-0.7259516501
-0.7794195955
-0.6225046128
-0.6850786993
-0.7000817971
-0.6632295906
-0.7836374082
-0.6680212614
-0.7180881718
-0.7783297451
-0.6269124778
-0.8209165563
-0.6998496541
-0.7308238781
-0.7908941149
-0.5260429877
-0.7021860460
-0.8122979912
-0.5839595249
-0.6421627564
-0.6653821493
-0.6630817372
-0.7290478126
-0.5899352440
-0.7098999824
-0.7984427204
-0.8039847166
-0.6037628101
-0.5198361692
-0.6667397479
-0.5730412688
-0.7261106901
-0.7501217733
-0.6669329939
-0.5997371532
-0.7898385539
-0.7274498125
-0.6464831900
-0.7109457593
-0.6220587210
-0.5991831594
-0.6930803791
-0.6472160749
-0.6279405532
-0.6536609605
-0.5802843594
-0.6357401927
-0.5244085946
-0.6989080954
-0.6008417379
-0.6935461878
-0.7349004536
-0.5135393263
-0.6478688789
-0.5877227416
-0.6833678353
-0.6769242433
-0.6817823317
-0.6912396478
-0.6859162150
-0.6800554409
-0.5808373138
-0.6274055556
-0.4628387701
-0.6054941162
-0.5807826952
-0.5209212738
-0.5549402636
-0.4869676507
-0.5268556048
-0.6127089192
-0.5513447667
-0.6788927244
-0.4944356615
-0.5327118460
-0.5176134025
-0.8363838936
-0.6474399943
-0.6342792197
-0.6053292938
-0.3594077998
-0.4325019476
-0.5319882784
-0.5373139033
-0.5479303440
-0.6009893730
-0.6236428218
-0.6228446789
-0.4920577096
-0.5296902543
-0.6084744021
-0.5119336079
-0.6562532290
-0.4905142758
-0.5702731270
-0.5062636676
-0.3212362848
-0.6014100182
-0.6134870664
-0.5952106000
-0.6333616545
-0.4994866202
-0.4904440830
-0.5092847668
-0.5220766119
-0.5019233524
-0.5578584696
-0.6088041386
-0.4426062116
-0.4951783634
-0.5031295435
-0.5423399783
-0.5554687868
-0.5446783102
-0.4189907175
-0.5482524444
-0.4442004756
-0.5536165220
-0.4531155423
-0.4997886863
-0.5377574999
-0.4992336470
-0.3052713160
-0.4366357687
-0.5864443459
-0.3868966529
-0.3548518362
-0.4503966208
-0.4565127067
-0.3699247947
-0.5336688565
-0.5935036416
-0.5079683617
-0.5313955121
-0.3919773868
-0.3909124096
-0.3829486159
-0.3817999119
-0.4182227164
-0.4456890587
-0.5781815389
-0.5135232764
-0.3983972060
-0.4559430405
-0.4120646111
-0.3623246259
-0.3177199219
-0.5512531448
-0.3524917238
-0.3387987756
-0.4610475052
-0.4034020708
-0.4298939601
-0.3928294518
-0.4409578463
-0.4001412236
-0.5182467675
-0.4726772855
-0.5239296291
-0.3768665131
-0.5701727134
-0.3238130792
-0.3484538020
-0.4528091785
-0.2873863101
-0.3923331052
-0.3741289512
-0.4190405862
-0.4417604002
-0.2951862704
-0.2573188616
-0.4529215096
-0.3809400892
-0.4361442455
-0.3591461011
-0.3029766401
-0.4667419159
-0.4219284859
-0.4523322153
-0.3199095763
-0.3326938451
-0.2875992124
-0.5478542186
-0.2875059116
-0.4033447675
-0.2289381805
-0.2628516399
-0.3324283319
-0.2388282104
-0.3054244222
-0.2893475620
-0.3873015554
-0.3985676472
-0.5337336587
-0.3549478178
-0.2812605229
-0.2699952939
-0.4537616423
-0.3401567549
-0.4103851456
-0.3334721446
-0.2381340369
-0.4119403690
-0.3479871711
-0.2576947687
-0.3273231128
-0.3541765920
-0.1698305702
-0.1966432511
-0.1170270150
-0.4521156447
-0.3899216884
-0.2936958717
-0.3071217513
-0.2761154074
-0.3148913978
-0.2835492428
-0.3586816588
-0.2254743581
-0.1844191152
-0.3836642119
-0.2040427283
-0.4398238934
-0.3496461718
-0.3652638883
-0.2694718190
-0.3176893462
-0.3247561036
-0.2290391864
-0.3780024858
-0.4902453650
-0.4053840554
-0.2469136649
-0.3236988379
-0.1224777187
-0.2926898089
-0.1843651199
-0.1855928035
-0.1954842045
-0.2271290016
-0.2845419424
-0.1739392826
-0.2331646135
-0.3411680993
-0.2246920546
-0.2290089373
-0.3593205060
-0.1044528311
-0.3220197053
-0.4033663555
-0.3201711252
-0.2482816346
-0.1530270614
-0.1251248839
-0.1317891587
0.0050779407
-0.3143314704
-0.3241555572
-0.1752539987
-0.2664450803
-0.1803589049
-0.2166385044
-0.1973817167
-0.2463125446
-0.2973698297
-0.3332151692
-0.2544922774
-0.1869203975
-0.0994910424
-0.1808681881
-0.0998965967
-0.1469562404
-0.3013371249
-0.0119595031
-0.1877302693
-0.1353089555
-0.1776711483
-0.1263414053
-0.0671948373
-0.0685302947
-0.2590984898
-0.2312154161
-0.0940389571
-0.3122219689
-0.1720242553
-0.2189766765
-0.2933229674
-0.2243172405
-0.0718542346
-0.1176026819
-0.0033075018
-0.2031132821
-0.2097263354
-0.0997879790
-0.0941669176
-0.0665530331
-0.1563655897
-0.1710400302
-0.1190149166
-0.0808880579
-0.0205474009
-0.1677574292
-0.0247811685
-0.0376214054
-0.2483187442
-0.0697084392
-0.0138091300
-0.0987576200
-0.0975722321
-0.0371637247
-0.0368405183
-0.1486251403
-0.0844165792
-0.0619401430
-0.1215658651
-0.0079036294
-0.0333198101
-0.1047880593
-0.1584184954
0.0033632739
-0.1220256693
-0.1079744024
-0.1154222483
0.0026879975
0.0144383477
-0.1249584502
-0.1152839892
-0.0682405767
-0.1414844540
-0.1686157838
-0.0683050098
-0.1298621615
-0.0240507993
-0.0290345009
-0.0766602248
-0.1259567808
-0.1829586589
-0.1436369090
-0.1256340844
-0.1588545651
-0.1269952926
-0.0340930673
-0.0036227120
0.0930989357
-0.0615497991
0.0368194926
0.2310171801
-0.0153227738
0.0035714435
0.0583874378
0.0411261319
-0.1584757076
-0.1420363238
-0.1468989012
-0.0279376746
0.0527379968
-0.0715175667
0.0779077936
0.0116162028
0.0294458356
0.0865853764
-0.0489247087
-0.0113370579
0.0032149281
-0.1544371251
-0.0755545945
-0.0717846834
0.0593050483
0.1508708056
-0.0215414636
-0.0911247494
0.0405769582
-0.0896740177
0.1012545462
-0.1474182352
0.0434591626
-0.0118044379
0.1860531664
-0.0001384866
0.0245799958
0.0273625447
0.1145721355
-0.0209910453
-0.1670275567
0.1141360818
-0.1274895389
-0.0534843488
-0.0036344364
0.1130350808
-0.2190791189
-0.1013679530
-0.0207608396
-0.1070419730
0.0943443450
-0.0574638844
0.0494327410
0.1137386400
-0.0516564245
-0.0361249664
-0.0966408978
0.0827829611
0.0934465347
0.0133402374
-0.0190009691
-0.0243125865
0.0858936867
0.0888033525
0.1027253771
0.0765744288
0.3386604135
-0.0820239710
0.2293941880
0.1688632032
0.1668725940
0.0145555496
0.0698538952
0.1754933560
0.0066125557
0.0690431925
-0.0425426024
0.1244228156
-0.0686393364
0.1543353869
0.1399205412
0.1027974452
0.0875424082
0.0928268088
0.1259399413
0.1497073425
0.1628712419
0.0841685668
0.0836523550
0.1243842920
0.0334346747
0.1485764655
0.1451316787
0.2631220640
0.0447702874
0.2019608377
0.1737267446
0.0202801797
0.1285485113
0.0328144174
0.1438766643
0.1832201350
0.2903994898
0.1342583985
0.1920387369
0.1898921376
0.2188765120
0.0546272830
0.0925004887
0.2669641727
0.1855838434
0.0799068414
0.1644391287
0.2169412386
0.3157354824
0.2578240610
0.1769359152
0.2564060564
0.0631679640
0.2270022192
0.2629365056
0.2333909345
0.2010849469
0.0334697056
0.2625140056
0.1852346602
0.2933967909
0.2633143061
0.1251711391
0.1726345465
0.2884668972
0.0964515358
0.2463977692
0.1313240886
0.1235253736
0.2972223617
0.3017060996
0.2677444391
0.1825467633
0.2538804591
0.0472255459
0.2777451192
0.3738228258
0.3974648673
0.1098277795
0.3969508301
0.2049737133
0.2804389631
0.2163771903
0.1996283144
0.1619451954
0.2404596104
0.2699897595
0.4172372457
0.2286602649
0.1400153990
0.2193298826
0.3471168915
0.2700291244
0.3604862912
0.3065721028
0.3207562646
0.2594861665
0.2341227344
0.1289697156
0.2744654266
0.1430429131
0.2948638392
0.3982621612
0.3722672101
0.2138020295
0.3528011015
0.4429395326
0.1959497409
0.2798204830
0.1255622849
0.2948081195
0.1988487830
0.2209830939
0.3302896508
0.2319092507
0.2987723241
0.2983700912
0.3207026275
0.3781593376
0.2756765511
0.2105249654
0.2440836690
0.2897761035
0.3304205751
0.3036071707
0.2325888195
0.3252992461
0.4286012598
0.2967430164
0.3812802419
0.3110150201
0.2271357525
0.3260903967
0.4445009612
0.3038344296
0.3408488115
0.4026639022
0.3915029214
0.3219587605
0.2522633878
0.3156685133
0.4219195442
0.3848221525
0.4676017867
0.3968166314
0.4879800893
0.4019271755
0.3106421467
0.4312662788
0.2911275179
0.3988586880
0.2186713053
0.4540038787
0.3992529749
0.3634011030
0.4782095969
0.3078329655
0.4159886032
0.3495454777
0.5181354574
0.4236773559
0.3061489974
0.5356637651
0.4026430650
0.3687834257
0.4438720401
0.4146835250
0.4297897880
0.3818032036
0.3943254579
0.4460140293
0.3771402285
0.2432087344
0.4466827426
0.4223613006
0.4270275421
0.4474169022
0.4949375869
0.4371898900
0.3939221529
0.5843606781
0.4813494875
0.4916281354
0.4870806719
0.5090740249
0.5301769111
0.3758961215
0.4814919393
0.5167907042
0.3374704159
0.5524850516
0.6042384111
0.5346838230
0.3081294883
0.4049714070
0.5158184557
0.5582264001
0.6291675095
0.5089457916
0.5217418809
0.4284434329
0.3828436385
0.5352161684
0.5552076047
0.4956955406
0.6120909611
0.5673286391
0.4012906497
0.6567343403
0.5052909795
0.5167783294
0.5464412049
0.5007618237
0.5260942998
0.6482777518
0.5370535762
0.4114358184
0.5392213018
0.5528068478
0.5096781772
0.5983708256
0.5352837466
0.7478923079
0.5211580884
0.5624891123
0.3811143549
0.5133348859
0.4668691730
0.5322451565
0.5841940850
0.5859838195
0.4162735644
0.6357880117
0.5631443296
0.4690561698
0.7198227166
0.6203018020
0.5901748899
0.7382063623
0.5011935317
0.5947281507
0.5835030154
0.4894274344
0.5942044917
0.5950372047
0.6585517416
0.6569999658
0.5366809181
0.4502730654
0.5452931894
0.4932028958
0.4450448499
0.6876638350
0.4275428543
0.5278907397
0.4340462984
0.5714936456
0.6624192314
0.5729930105
0.6280477502
0.6635608172
0.5122472935
0.5651490798
0.6977546811
0.5719991133
0.5380478589
0.5423561192
0.7536830315
0.5824308942
0.5769894111
0.6543024508
0.6502874601
0.4677695480
0.6152258647
0.6152499807
0.6417438702
0.7665626505
0.4537253829
0.5955570331
0.7341977288
0.7507192857
0.5750867468
0.5411927276
0.6025966665
0.8744204769
0.6365078757
0.6383725818
0.7583311557
0.5543112298
0.7268299386
0.7310433971
0.6272400825
0.6791266733
0.6588598024
0.5846558216
0.7301847010
0.7638246889
0.7470127026
0.6389049980
0.6019399463
0.6794944539
0.5727897361
0.7752359624
0.7015966968
0.6979269180
0.7524271412
0.7762140370
0.6753351658
0.7448013099
0.6271463733
0.5565315282
0.7276950018
0.6038018190
0.6919973278
0.6239951273
0.7550235967
0.7951453662
0.7302784444
0.6779501409
0.6446556523
0.6708856536
0.8253587112
0.7657861819
0.8749055968
0.9453061513
0.8063876901
0.7715167254
0.6763251077
0.6852758562
0.6349743840
0.7195142198
0.8607052345
0.8521461278
0.8138864541
0.6844939050
0.6402986957
0.8351323923
0.7793190338
0.7424408494
0.7824985957
0.7773518936
0.8222138143
0.6923732503
0.9103174165
0.8015259763
0.8461147665
0.7423860245
0.7988498822
0.9432104531
0.6939885333
0.7391809427
0.8180009446
0.7956932745
0.6773669710
0.7881594885
0.8011318096
0.8335351664
0.7052644548
0.7016987563
0.8153372128
0.7710667894
0.8101602532
0.9602903332
0.7654517226
0.8401186392
0.9145144647
0.8107909257
0.9255718233
0.7795181395
0.9028255956
0.9905588881
0.7835575903
0.7950736808
0.7987821275
0.8970163515
0.8399576581
0.8277087029
0.8580775735
0.7769154081
0.8856737179
0.8356076031
0.8484272767
0.9444484025
0.8658298553
0.7963406664
0.9439110218
0.8497725438
0.8216595680
0.7535547136
0.9902472911
0.7680538039
0.8937419769
0.8782505995
0.8373386194
0.9400835509
0.9604118031
0.8893439077
1.0199678148
0.8194688155
0.8412334993
0.9235153014
0.8232096651
0.9079373147
0.7321026034
0.9510717942
0.9836772349
0.8378219499
0.8337133134
0.9867898314
0.8677618052
0.9579021782
0.9122241972
0.8019435088
0.8348474948
0.8560899825
0.8304100960
0.9622953798
0.9278877001
1.0018491087
0.8894260507
0.8744890774
1.0185118456
1.0769938828
0.9607372751
0.9032476808
0.8691681121
1.0354436746
0.9320119248
0.9691479990
0.9336217761
0.9060931200
0.9076308651
0.8993941143
0.9998349684
0.9732916439
0.9208631232
1.0708326818
0.8834880373
0.9333763643
0.8981526929
1.0518558368
0.9238529825
0.8960447659
1.0074505462
0.9610664631
1.0307937891
0.9873769322
1.0584277189
1.1161043132
1.0610401770
1.0070195973
1.0388545404
0.9107228114
1.0768492058
1.0536251892
1.0052403974
1.1173271050
