-1.0321635380
-0.9748101895
-1.0244930422
-1.0364172733
-1.0401700927
-1.1374687021
-1.1277186290
-0.9881323032
-1.0306068498
-1.0404761984
-0.9155077055
-1.1209547367
-1.0689496060
-0.9580412315
-0.9233224626
-0.8753132919
-1.0664563244
-1.0355983195
-0.9923669556
-0.9604677804
-0.9795164480
-0.7893349067
-1.0582633735
-0.9272151301
-0.9205360731
-0.9362491439
-1.0483198434
-0.9737324164
-0.9787677909
-0.9771014701
-0.8904666328
-0.8893685115
-0.9711576230
-0.9247346909
-0.9781575833
-0.9235799258
-0.9673617130
-1.0898483858
-1.0716427952
-1.0011577145
-0.9483156127
-0.9179990756
-0.9052357260
-1.0270465770
-0.8576476969
-0.9210162193
-1.0360623368
-0.9182005877
-0.8054643773
-0.8112319062
-0.9460114315
-0.9131822639
-1.0250341407
-0.8751280495
-0.8917606226
-0.9429829094
-1.1484364604
-0.9447188682
-0.8951909430
-0.9146606000
-0.8473167939
-0.9437118251
-0.8443430646
-0.9060031710
-0.8814146713
-0.8479684736
-0.8845799384
-0.8867653590
-0.8758555855
-0.9414184110
-0.7383459382
-1.0576072147
-0.8753392555
-0.7935640241
-0.6884909741
-0.8618179337
-0.7163813979
-0.8136106658
-0.9254996351
-0.9422086682
-0.9662018780
-0.8996831840
-0.7611943003
-0.8011760693
-0.7523133510
-0.8551617763
-0.7959090387
-0.7110174294
-0.8399028884
-0.7091422323
-0.7882756509
-0.6590356760
-0.8003992800
-0.9739336018
-0.8566480021
-0.8638657700
-1.0289402156
-0.6807390957
-0.8345626176
-0.7160701751
-0.7803383214
-0.9419890323
-0.8103325551
-0.8582244536
-0.8151403096
-0.7955152353
-0.8167872638
-0.8892411839
-0.8520851371
-0.9098332326
-0.7110110693
-0.8521276738
-0.8065731500
-0.6474241700
-0.7246515481
-0.8567598487
-0.7959897813
-0.8450400856
-0.7172198089
-0.8264248101
-0.7615930898
-0.6622489475
-0.6923481929
-0.7578928766
-0.6930321024
-0.8034401407
-0.7486258052
-0.6675154485
-0.8327960700
-0.7154968892
-0.7174607786
-0.6217805962
-0.7136382682
-0.8763627201
-0.8657381238
-0.7009279010
-0.6951392698
-0.7495121249
-0.6355586256
-0.9218684082
-0.7772127722
-0.7075096827
-0.7938849316
-0.6099690942
-0.6204705077
-0.8119287932
-0.6986397322
-0.6503648496
-0.6909035575
-0.6195612271
-0.5852776333
-0.8578051672
-0.8769788043
-0.6720843752
-0.8495479673
-0.7090304950
-0.6623042250
-0.6363558556
-0.7271358094
-0.7728430830
-0.7787809324
-0.7630394310
-0.7650473860
-0.6537442884
-0.7262291408
-0.4859841045
-0.6893535468
-0.5349481911
-0.5796360749
-0.6748935712
-0.6950971187
-0.7360013885
-0.6039914789
-0.8377800084
-0.5715312848
-0.7858703953
-0.6766574354
-0.8792106500
-0.7053540198
-0.6562217385
-0.6471575014
-0.5473794968
-0.5116526928
-0.6386417969
-0.4543234050
-0.7183018920
-0.6339570824
-0.7120370863
-0.5053018073
-0.8701751909
-0.6018025125
-0.6920880324
-0.6936624705
-0.5874185076
-0.5909502406
-0.6273246829
-0.7859261613
-0.6231622706
-0.6384060248
-0.6951900186
-0.5202819841
-0.6263972711
-0.6391577511
-0.7105145510
-0.6090874364
-0.6637644941
-0.5556361522
-0.5026135587
-0.4617242734
-0.7253366507
-0.5825787359
-0.5163369399
-0.6443032163
-0.5641251049
-0.4740347242
-0.6588978681
-0.6248671051
-0.7007845185
-0.4870473676
-0.6271911146
-0.5775598959
-0.6069157560
-0.4689806993
-0.5433441007
-0.4644306724
-0.4978166870
-0.4911551420
-0.5442570487
-0.5865851975
-0.4812903433
-0.4418269025
-0.5658738308
-0.6098062243
-0.6117431796
-0.4958363919
-0.5657361164
-0.6330270221
-0.5308489731
-0.5706818355
-0.6233328480
-0.5861013575
-0.4648312107
-0.5743872395
-0.5220780448
-0.6539137620
-0.5263419869
-0.5660343821
-0.3895806797
-0.5014839094
-0.6434149962
-0.6579754315
-0.5534043173
-0.4648684018
-0.5680437190
-0.4392057129
-0.5057499241
-0.5941009796
-0.3921821565
-0.4084488223
-0.6017163270
-0.3614807439
-0.4579424146
-0.4977109332
-0.4342851652
-0.3480832381
-0.4900838229
-0.4794900085
-0.2981563300
-0.3102758179
-0.3646913867
-0.4707397617
-0.4533511804
-0.3891733336
-0.4960397135
-0.3811515098
-0.4989620139
-0.4388202137
-0.4158610317
-0.4253982014
-0.4413169313
-0.4333247294
-0.3415231235
-0.4448273009
-0.4691955414
-0.4051577149
-0.3024001495
-0.4144329003
-0.5299097969
-0.5323178513
-0.3542600718
-0.4394123160
-0.4065964023
-0.3324245270
-0.4674018770
-0.4303103897
-0.3903362335
-0.4495331153
-0.5102036972
-0.4211834944
-0.4123253436
-0.3894267612
-0.5262403606
-0.3840421256
-0.2679068222
-0.5135819701
-0.3538615230
-0.3344683895
-0.4061840348
-0.4356596573
-0.4514476962
-0.3323013974
-0.4434729993
-0.3882472893
-0.4031021758
-0.4406211433
-0.3506595608
-0.5123093183
-0.4131309398
-0.1497022743
-0.3642871559
-0.2213787504
-0.3893125360
-0.3936143143
-0.2834731975
-0.5074664020
-0.3178496373
-0.4381758393
-0.3419666565
-0.2681823756
-0.4426033347
-0.3568389071
-0.2400154964
-0.2309075160
-0.3857116649
-0.4320474536
-0.3372572602
-0.3484241353
-0.3376654520
-0.1641461686
-0.4104750028
-0.3319468597
-0.2127378209
-0.2956441505
-0.3142925503
-0.5962402355
-0.3950240006
-0.3555916007
-0.3004208803
-0.1648178532
-0.2687329709
-0.1133182819
-0.3449272719
-0.3589677272
-0.3270281688
-0.4271360675
-0.3736824189
-0.1885355336
-0.2860582264
-0.3776300572
-0.1878647163
-0.2578305313
-0.3442857344
-0.4056511833
-0.1046267702
-0.2239599738
-0.2374852161
-0.3002746861
-0.2878923278
-0.1994859348
-0.2824284666
-0.2874958943
-0.1860217780
-0.2863408380
-0.1847592819
-0.2167066337
-0.2685251178
-0.2459594538
-0.3064174185
-0.2533768721
-0.2897072639
-0.2590112401
-0.2961141684
-0.3549028241
-0.3208178021
-0.2280045209
-0.2133960370
-0.2046341337
-0.1767039063
-0.1931029100
-0.1413782933
-0.3092948288
-0.2353342491
-0.1473480890
-0.1868246539
-0.1976840457
-0.3214898504
-0.2266035405
-0.2364500051
-0.3461966057
-0.2718027938
-0.3166527455
-0.2543468479
-0.2481360078
-0.2255654757
-0.2532118388
-0.2230075259
-0.2496316185
-0.3519129805
-0.2132318070
-0.1778939736
-0.0517677615
-0.3232707033
-0.0818707570
-0.2437004140
-0.0561497711
-0.1170990809
-0.0399230129
-0.1517690235
0.0464286975
-0.2329696280
-0.1099008951
-0.2153577370
-0.0445681727
-0.1798652919
-0.1848133058
-0.1460104903
-0.0413741234
-0.0956989559
-0.1029746946
-0.2093798679
-0.0704979872
-0.2495851717
-0.1124499914
-0.1353587329
-0.2241121416
-0.1363686143
-0.1261466144
-0.0431875017
-0.1168582138
-0.2405310065
-0.1324912800
-0.0370058366
-0.1969874475
-0.0910132897
-0.1178558463
-0.3211379520
-0.1187287017
-0.1442841547
-0.1360775127
-0.0479395917
-0.2292011979
-0.0705584776
0.0130508494
-0.2079692774
-0.0913601461
-0.1329802674
-0.0409978476
0.0834136372
-0.0603891250
-0.0913639255
-0.1354636595
-0.1076481243
-0.1566379709
-0.0048085496
-0.0378279039
-0.1232504551
-0.2398371029
-0.0116177622
-0.2222779008
0.0212738416
-0.0152115611
-0.0776240624
-0.0322771104
0.0107967359
-0.2217105939
-0.1352749698
-0.0221899979
0.0313151137
0.0362537163
-0.1214509538
0.0739690301
-0.0640559860
-0.0308154203
-0.0651705366
0.0706631283
-0.0064903273
-0.0100354226
-0.0692879993
0.0902476316
-0.0079886745
-0.1181810989
0.1084066755
0.1129061479
-0.0098657182
-0.1101497241
-0.0386571884
-0.0580599480
0.0310038093
0.0288382967
-0.0410840849
0.0236682350
0.1159148865
-0.0001522062
0.1073920099
-0.0384871392
0.0172122972
-0.1151978824
-0.0759499669
-0.0205410537
0.0132794850
-0.0993783210
-0.0068340774
0.0518928150
0.1932090693
0.0633871022
0.1559528853
0.0226485520
-0.0091780105
-0.0508450046
0.0698260799
-0.0033174533
0.1076592008
0.2235170242
0.1345919270
-0.0529445527
-0.0425173384
-0.0277803383
-0.0555346436
-0.1095287778
-0.1244070986
0.1128396441
0.1331727200
-0.0302834569
0.1039072438
0.1002913915
0.0804331271
0.2377985528
0.1373291919
0.0552560446
0.0717829599
-0.0360294676
0.1554358150
-0.0337811462
-0.0186494048
0.0368555808
0.0911492934
0.1482953560
0.1731458768
0.1033758287
0.0780406387
-0.0011917496
0.0245811025
0.0648206256
0.0031558629
0.0622579774
0.0958017582
0.2499886091
0.1665634998
0.1616850610
0.3443490091
0.1753088615
0.1399053741
0.1989878721
0.0441005676
-0.0006335429
0.1815611223
0.2413661873
0.0955641414
0.2242566148
0.1592952755
0.1081757518
0.1451113815
0.0320288126
0.2120342214
0.0893987404
0.2289558009
0.1470227364
0.2361457410
0.0708384371
0.2631225826
0.2256908493
-0.0507267664
0.1247570643
0.0028779902
0.1749074285
0.1510382721
0.2095235686
0.3685505855
0.1274401912
0.0743450437
0.1253379639
0.0214787293
0.0896356718
0.1961343990
0.2276228495
0.3256992091
0.1777753897
0.1483894781
0.3097803865
0.1784025421
0.1663567092
0.1445916507
0.2509859613
0.2800023627
0.4006300643
0.2123058232
0.3035278966
0.3232763236
0.0687316738
0.1935278188
0.1666738949
0.2681655291
0.2401135292
0.1067527207
0.1074630240
0.1032383260
0.1700112212
0.2508226884
0.2491173944
0.2791174419
0.1428490043
0.1882940660
0.2661162014
0.2946929845
0.0998931975
0.2333149455
0.1832462292
0.1805846926
0.1381382187
0.2348357731
0.1334992249
0.0878462967
0.3354847126
0.3347758681
0.2157068791
0.3428462539
0.2728211759
0.1601608706
0.2002689031
0.2963483006
0.3870613464
0.3269359191
0.5027269325
0.2653994876
0.3499008224
0.3531383035
0.2603453775
0.3776825973
0.3184669253
0.4001421796
0.4561486738
0.3197588107
0.1877907087
0.3478047241
0.3251310219
0.4213513144
0.3257427366
0.2565580574
0.4579799193
0.3172894541
0.3877465873
0.3757905608
0.3301075107
0.4690373892
0.3144151096
0.4159223153
0.3307930386
0.1590385043
0.3004598637
0.2975498787
0.3808446239
0.1646388804
0.4355446574
0.1548327982
0.4301089745
0.3012660805
0.2823866904
0.4794440765
0.2942348787
0.2197075197
0.3398783434
0.4269847283
0.4265643008
0.3670828882
0.4487811667
0.4555984388
0.3229948048
0.4227002912
0.3230260842
0.3900255644
0.3705721472
0.2881998562
0.4011119832
0.3941374795
0.2726025461
0.3485643532
0.3867744889
0.3879237363
0.4551137071
0.3108528936
0.3708954484
0.4069933076
0.4664016881
0.4564149964
0.4142157683
0.4622603617
0.4953092961
0.4801063611
0.3101682879
0.5295228491
0.5187044028
0.4771246898
0.4329389291
0.3481109062
0.4452328937
0.4931844665
0.3424331524
0.4084783710
0.4499522237
0.5543122202
0.5648264970
0.4184416573
0.3954622201
0.3586931517
0.4758239817
0.4722381536
0.5084913751
0.5301553392
0.5621946844
0.5573436070
0.4087274198
0.4476066146
0.5122767207
0.3907488555
0.4838333147
0.4973078904
0.5456114848
0.4747143304
0.3143257300
0.3427098683
0.6154919399
0.4371750002
0.5812484301
0.6106962848
0.3278180569
0.3837647443
0.5433911918
0.6898218827
0.5030877234
0.4884386899
0.4009274846
0.5566815348
0.5056005480
0.4573058653
0.4218482056
0.5461550473
0.2848902136
0.4349214445
0.5716108743
0.7573351741
0.5619306275
0.4701913722
0.5274898450
0.4965837865
0.6701551425
0.5889473958
0.4560994749
0.4408137551
0.5702860597
0.5338002668
0.5246361740
0.6182648917
0.5394567763
0.5681053120
0.7182990962
0.5867859395
0.5647220916
0.6181229488
0.5433775912
0.4277229847
0.5735994894
0.6883051425
0.6577075919
0.4984079162
0.5708994453
0.5291142362
0.5565165960
0.7630245495
0.5943044409
0.5995134911
0.6812701974
0.5630010842
0.4462619773
0.6791203269
0.6291445884
0.5953430835
0.5123973943
0.8349553848
0.7193404175
0.7142994341
0.6684407524
0.5463197426
0.7064684908
0.5598040455
0.6593749831
0.6220867971
0.6401508571
0.5604428532
0.6353670003
0.5782106900
0.6478356988
0.6026571103
0.6334944908
0.6444830814
0.6657524722
0.6854791226
0.7083641395
0.5380745065
0.5690672728
0.5933662980
0.6220577173
0.6130259192
0.6457090248
0.5853500079
0.7044285950
0.6056154413
0.6448252159
0.7657196469
0.5564965625
0.5822521698
0.7108426802
0.5904688391
0.5602671328
0.6401341214
0.5283711354
0.5281399626
0.6973316911
0.6545600538
0.8860399053
0.5897891896
0.5577314674
0.5814395789
0.6388386580
0.6468917630
0.6300994401
0.6894983558
0.7019021723
0.6839893815
0.7053542629
0.5930817925
0.7306646119
0.8616374366
0.7187872138
0.6212990702
0.8010458629
0.8431861854
0.7526589817
0.7377000510
0.8135822171
0.7069859831
0.7085907282
0.7831764329
0.7453894096
0.6292232273
0.8126425359
0.7852611598
0.8173345114
0.7611495903
0.6412491106
0.6537512283
0.5162007198
0.8065317304
0.6691086048
0.7409468852
0.8842940472
0.8421739220
0.8280429456
0.6036456541
0.7547080977
0.8564703388
0.8427914636
0.8029609508
0.7113285080
0.7350882676
0.7898769068
0.8501004609
0.6130938946
0.8168452326
0.8035414062
0.7801091203
0.7761349506
0.7107863754
0.7760415963
0.7025618621
0.7611189138
0.8786440511
0.7853434197
0.7187721078
0.8183194715
0.8087208751
0.8385680571
0.7544838136
0.9503734645
0.8701942407
0.8313687616
0.7418475286
0.7083282526
0.8040409318
0.8621358424
0.8667283425
0.6857681208
0.7023615069
0.7335429840
0.8158297339
0.6881214819
0.8185376078
0.8255548587
1.0060126429
0.8707709668
0.8105656877
0.8296840481
0.9744582979
0.8549118671
0.9075959792
0.8833423553
1.0254921898
0.6828800479
0.9266591683
0.8393439700
0.7999497477
0.9070462874
0.7755517081
0.8165445558
0.8043004257
0.9175402934
0.9736620343
0.8478447222
0.7941313930
0.8182862781
0.9868843161
0.9208982844
0.8647035055
0.9940553569
0.9000143351
0.8826664132
0.9520085510
0.7564405747
0.7891314495
0.8808402082
0.8019114995
0.7487666501
0.8222563614
0.6858272142
0.8911329201
0.9694207955
0.9957714299
0.9275867079
0.8589167575
0.9578158039
1.0617231016
0.9143976282
1.0457470976
0.9227919472
0.9300071424
0.9332485502
0.7095492462
0.9051090391
1.0827310319
0.7724287254
0.9451273144
1.0168405652
0.7851296925
0.9638606109
0.9284800445
1.0305360809
0.9802347538
0.9512503037
0.9013249327
0.9766595093
0.9477382517
1.0664070338
0.9420447778
0.9936202266
0.9995673305
0.9710784407
0.9257236405
0.8649664844
0.9001328280
0.8188558807
0.9575330701
1.0490330453
0.8996804646
0.9372785276
0.9891634523
0.9420107311
0.9383865369
1.0085806006
1.0970551915
1.0228250983
0.9811175144
