-0.9667879052
-0.9462463803
-1.0144542073
-0.9701036417
-1.0305493719
-0.9251096032
-1.0522770128
-0.9931302634
-0.9174248344
-0.9412032664
-0.9593831375
-0.9222434857
-0.9857083049
-0.9759302765
-1.1203191124
-0.9220477408
-0.9989704182
-0.9255562355
-0.9693077181
-1.0846271533
-1.0674456030
-0.8588072733
-0.8545200518
-0.8933880995
-0.8740447098
-0.9335207842
-0.9817425173
-0.8754677277
-0.9626950521
-1.0333455225
-0.8589375473
-0.8367874780
-0.9306769891
-0.6280245944
-0.9348844663
-0.8257857228
-0.8039332165
-0.9722351947
-0.8782317404
-0.9355741401
-0.9648002079
-0.9591303240
-0.8058296248
-0.9219429173
-0.9779082219
-0.8718375710
-0.7603765116
-0.7685503666
-0.9098148446
-0.9000205421
-0.9776122502
-0.8777509964
-0.7498472651
-0.8152924546
-0.9459201865
-1.0131921832
-0.8034662836
-0.9407644803
-0.8443551220
-0.9267287106
-0.7891131780
-0.8929707517
-0.8676496570
-0.8201811349
-0.7533877920
-0.8547577714
-0.9450735378
-0.8663514237
-0.9163133538
-0.8568134055
-0.8211740141
-0.7842878777
-0.8614493348
-0.8670503692
-0.9943275192
-1.0486370615
-0.9278150008
-0.8799367557
-0.9770217136
-0.9830012467
-0.8958083020
-0.7221827651
-0.7441379362
-0.8479600805
-0.7161883294
-0.8118230345
-0.9349049130
-0.8527428707
-0.8124590604
-0.8338493085
-0.9191885341
-0.7899780282
-0.8180689240
-0.9023457202
-0.7704641703
-0.7019704696
-0.7954773022
-0.8121568610
-0.8990744755
-0.9193520426
-0.8844545795
-0.8071058336
-0.7660152568
-0.7220921952
-0.7822573741
-0.6934676708
-0.6601487701
-0.7573311659
-0.7674541814
-0.7870794780
-0.7031953863
-0.8017603028
-0.7906777891
-0.7175570272
-0.8770881982
-0.6713306637
-0.7711857585
-0.7850482164
-0.6135102963
-0.8423227206
-0.6906968856
-0.6910647073
-0.7002685088
-0.6962580235
-0.5924120105
-0.8823883781
-0.7194653310
-0.7308371069
-0.9366005460
-0.7727797298
-0.7185945953
-0.6507793484
-0.7994189628
-0.8154627789
-0.7755995707
-0.6551703528
-0.6731386455
-0.7792199494
-0.8035212989
-0.8612349081
-0.6578446084
-0.7699437452
-0.6153254433
-0.7535593034
-0.6103306595
-0.7172937820
-0.6327215076
-0.7195043273
-0.8651889062
-0.6156167434
-0.5204946706
-0.6672852823
-0.8634267458
-0.7363789992
-0.6818615773
-0.7260029810
-0.5723366469
-0.7823539213
-0.7450115490
-0.6039751875
-0.7449855383
-0.7544823764
-0.7328743283
-0.6536722268
-0.5435965580
-0.6556959225
-0.5981101015
-0.5838389900
-0.6198690557
-0.7094114572
-0.7328018685
-0.6004836559
-0.6155821578
-0.6681612491
-0.6262744317
-0.6029083114
-0.5637314067
-0.6967115909
-0.6967673526
-0.5959747276
-0.6852316283
-0.6214811967
-0.6675555645
-0.6719980994
-0.5697137967
-0.5757310899
-0.8276303967
-0.4889149867
-0.6650419182
-0.6063854229
-0.6092431895
-0.4986668104
-0.5934317439
-0.6349518455
-0.7331153872
-0.7426769704
-0.6684568185
-0.7262548695
-0.6229964749
-0.5836618645
-0.5450027693
-0.7215452430
-0.5453186633
-0.6142939486
-0.5300353243
-0.6322887902
-0.6199353135
-0.5710172825
-0.5984944446
-0.5308588997
-0.5646837978
-0.4630708661
-0.4586764714
-0.6484778361
-0.5562314652
-0.6388383497
-0.4413061859
-0.5871000853
-0.6233955510
-0.6672614010
-0.5802877765
-0.4271757814
-0.5853387025
-0.5433866239
-0.5681478815
-0.5490833736
-0.6008781115
-0.6029188666
-0.4986806447
-0.7302920321
-0.5004790140
-0.5192641045
-0.4195212177
-0.6240646917
-0.4840070035
-0.6263841349
-0.4339090294
-0.5578791359
-0.5003361424
-0.7301242304
-0.6593851770
-0.6311542448
-0.4923334571
-0.6432858386
-0.5928906542
-0.5781976678
-0.3632390960
-0.4879215307
-0.4131476464
-0.5106177410
-0.4514398223
-0.4714900700
-0.4628005486
-0.4890936921
-0.4155412660
-0.5067687233
-0.5980901129
-0.4565939321
-0.4196209606
-0.4504817867
-0.4785306249
-0.5007121041
-0.3199495200
-0.5221842965
-0.4377136010
-0.5153089558
-0.4834268069
-0.4746039032
-0.5294296524
-0.5208619715
-0.3088452253
-0.3918125836
-0.4677772375
-0.5709920446
-0.4855412042
-0.4962668370
-0.3517490006
-0.3039948353
-0.5972013083
-0.4183685374
-0.4215742346
-0.4759514617
-0.4224638079
-0.3905229453
-0.3690748117
-0.3514812786
-0.3964505395
-0.4774797616
-0.4907918797
-0.3608042301
-0.4481832654
-0.4072783095
-0.2962915681
-0.3430621375
-0.4998041243
-0.5314202305
-0.3755337595
-0.2972538248
-0.4149470812
-0.4715966481
-0.3934788819
-0.3665428027
-0.4049034409
-0.5405704831
-0.3775346880
-0.5781544638
-0.4378789266
-0.3094678294
-0.3561254512
-0.4044607922
-0.4920764077
-0.4962403019
-0.3111936110
-0.4446987892
-0.2508714590
-0.4311932712
-0.3410106989
-0.4143882620
-0.3663417341
-0.3628397671
-0.3156378872
-0.4182887992
-0.4185103522
-0.1996032248
-0.4179452259
-0.4013492608
-0.3819541770
-0.4470397059
-0.2488863474
-0.3127966334
-0.2056592450
-0.3164993980
-0.2819114197
-0.3316720879
-0.3408587814
-0.3004503742
-0.2344037839
-0.3203515187
-0.3156506452
-0.2725162866
-0.2936270541
-0.2253752743
-0.2656215719
-0.4573734406
-0.2877915839
-0.3404985733
-0.2594633925
-0.3913542232
-0.2541106775
-0.3839886959
-0.2841657683
-0.4117089537
-0.3742635166
-0.3034701604
-0.3794251019
-0.2844359522
-0.2495843252
-0.3094840978
-0.2625032860
-0.3471010434
-0.2224053507
-0.4289394234
-0.2385122250
-0.2376351013
-0.2272698735
-0.1792095346
-0.3856748168
-0.2707293269
-0.0813972973
-0.3655300396
-0.1968034652
-0.2772040895
-0.0973515772
-0.2942482326
-0.2246654417
-0.2207485795
-0.3240570630
-0.2579482621
-0.1391676869
-0.2802282844
-0.1498670714
-0.1571570203
-0.1693981555
-0.0924469351
-0.2516400884
-0.2299542433
-0.2442322486
-0.0543141681
-0.3046531702
-0.3121832331
-0.1311140256
-0.2550306800
-0.2827625592
-0.2515895458
-0.2402220582
-0.1888973466
-0.2672120728
-0.2476158616
-0.3136442028
-0.1751268672
-0.2837018196
-0.1941848250
-0.1861709112
-0.3270006998
-0.0672316320
-0.2013325231
-0.0896536265
-0.2725167995
-0.3731037474
-0.1742235398
-0.0537612400
-0.2072263313
-0.1044170181
-0.1939540962
-0.1186844284
-0.2057493503
-0.2916882633
-0.0251706174
-0.2054608722
-0.2441208240
-0.2681748647
-0.1943514476
-0.1002827884
-0.3093775822
-0.0755772858
-0.2636590593
-0.1752834603
-0.1347724746
-0.2235643180
-0.0067314717
-0.2211594487
-0.2714260983
-0.1650294854
-0.0177082980
-0.0265586969
-0.0650269497
-0.1431527571
-0.0752919711
-0.1462402116
-0.0451035997
-0.0612520799
-0.1675747769
-0.1942135426
-0.2098259525
-0.1978392874
-0.1295209266
-0.1475284230
-0.0968590782
-0.0136928430
-0.1819329255
-0.1700224922
-0.1632641426
-0.0061916335
-0.1030301427
-0.0762634145
0.0400083480
0.1154939055
-0.0063277115
-0.0596136926
-0.1102222793
-0.0488114187
-0.1234234397
-0.2220704538
-0.0611488825
-0.0870155444
-0.0313441495
-0.0591412574
0.0727439637
-0.0029188705
0.0020978040
0.0461535508
0.0194904748
-0.1205390771
-0.0405703977
-0.0151985295
0.0009815429
-0.0417486291
0.0546514834
-0.0396477823
-0.1394373722
-0.0654172451
-0.0834159241
-0.0877933901
0.0593005786
-0.1548472880
0.0552203259
0.1150566119
-0.1025299333
0.0785370573
0.0393054164
0.0689738615
0.1082554160
-0.0569743710
0.0754915063
0.0617549128
0.0006175040
-0.0089054522
0.0013361141
-0.0013217393
0.0563584429
0.0089889930
0.0963610794
-0.1899376727
0.0692899528
0.1250230642
0.0116092162
0.1575665538
0.1212129978
-0.1336752461
0.0454079407
0.1352428258
0.1491260550
0.0272541512
0.0009208981
0.0912130084
0.2262961197
-0.1167672613
0.0027794627
0.0450330808
0.0408082368
0.1771118920
-0.0006299519
0.0550479887
-0.1491078274
0.1913834289
0.0038498057
0.0276529857
0.0145881793
-0.0214539675
0.0936040042
0.0549231311
0.1396892935
0.1413188425
0.1970565456
-0.0022581725
0.0536336998
0.1029290661
0.0207451175
0.0989531373
0.0731167851
0.0323983943
0.1256555979
0.0723690992
0.1394579225
-0.0018852993
0.0128207556
0.1693751568
0.0702197037
0.0984508340
0.1353539920
0.2529312923
0.1134759704
0.1729453807
0.0869068595
0.0821096250
0.1205667165
0.1595140729
0.2006166488
0.1550380803
0.1703006398
0.0987909284
0.2886728389
0.0982257591
0.0118776324
0.1253590938
0.1473020184
0.1071203949
0.1641362579
0.1323814417
0.1656970023
0.0711448846
0.0869934543
0.1335018411
0.2740029765
0.1048531686
0.1300453759
0.1628180127
0.1416445653
0.1973378240
0.1106352487
0.1757328657
0.1953392061
0.0341844469
0.1413645139
0.1278126580
0.1241855220
0.1667725694
-0.0582817853
0.2393376062
0.2804376428
0.0855513260
0.2368784414
0.1157215811
0.1020029634
0.1195412957
0.3376857005
0.2072382612
0.2265818954
0.3128142701
0.2230391453
0.1665815418
0.2524991097
0.0176212954
0.3178592251
0.1969939396
0.2166228004
0.2691353145
0.3479559505
0.2965144132
0.2372664926
0.1672484147
0.1779934416
0.0679038164
0.2428405526
0.2246784928
0.2913744774
0.3284357350
0.3723615091
0.1160087321
0.0956988619
0.3091575959
0.2915303091
0.3594216939
0.1838819431
0.1606965631
0.3052237298
0.1672155006
0.2389300508
0.2852770041
0.2555851010
0.2219311645
0.2783805043
0.3566818258
0.3367626846
0.3714226421
0.2252684511
0.3250115160
0.2045145050
0.1696307501
0.1350320724
0.3410038905
0.1114155077
0.4337982925
0.1767129080
0.2713831946
0.4206256055
0.2292256868
0.3983382454
0.3892396442
0.3864863740
0.2672086773
0.1344479233
0.2793818294
0.1472555844
0.2569874473
0.2253298862
0.3052655353
0.2938707490
0.2515671562
0.4008544439
0.4186730973
0.3955621145
0.2645302949
0.4994532409
0.3308508447
0.4847756261
0.3513125181
0.2417315744
0.3798347712
0.3356059688
0.3136932055
0.4266324117
0.1941198069
0.2588658366
0.3629007516
0.4649894636
0.3119128201
0.3909179558
0.3598694979
0.2648783927
0.3275149014
0.4193212803
0.3001778948
0.3328523915
0.3990878611
0.4961332904
0.2538153910
0.1665199772
0.3910195051
0.3991873017
0.4222273477
0.2579912743
0.2621650035
0.3951287233
0.4212485560
0.3912025742
0.2835084378
0.4516492270
0.3281975534
0.3348810928
0.4210972276
0.4829266551
0.3545109092
0.3697827751
0.4129034230
0.2814428856
0.4486932896
0.4866887706
0.4702800996
0.3780249287
0.4022351328
0.4304107965
0.4878657324
0.3987308115
0.4120703163
0.5330818349
0.4521055688
0.3922336873
0.4803132302
0.4381981367
0.4066885605
0.5117158223
0.3871828377
0.4710654615
0.4906220702
0.3619827801
0.4669991515
0.4424284185
0.4937586284
0.4542293194
0.4513396369
0.4096949923
0.4547370317
0.4340579010
0.4511114877
0.4473076954
0.4836154118
0.3914387464
0.5285807927
0.4844336390
0.3256298658
0.3597436076
0.4495239982
0.4150299525
0.4201088156
0.5012613581
0.3593548145
0.4512722929
0.3818701129
0.5042781175
0.4675313952
0.5603389725
0.6053930391
0.4480106877
0.5301100547
0.6168671577
0.3822745653
0.4515484540
0.5629508273
0.6587282696
0.4376868053
0.6285616760
0.6243256078
0.4769745556
0.5427107278
0.5721203069
0.4700093825
0.4278979130
0.5705972134
0.4715668318
0.5313971626
0.4794431011
0.5079931301
0.6415441962
0.5080167578
0.5813562257
0.4451644510
0.5665486339
0.5117473395
0.5629231720
0.5167153220
0.6242177873
0.5676334153
0.5961757440
0.4292661657
0.6388693513
0.5498464928
0.4881940800
0.4571301729
0.7054399768
0.4606451648
0.5827123728
0.6152072251
0.7001021410
0.7407557834
0.5541480799
0.4953492068
0.5941394649
0.5313418440
0.5919964723
0.6087496930
0.5493674325
0.7809880989
0.6796062428
0.5538313894
0.6229730204
0.5949237966
0.6817897830
0.5975687639
0.7272224521
0.7675883006
0.6034659041
0.5941539676
0.5705314989
0.7367579412
0.7851647929
0.6169212427
0.6195060624
0.6493854880
0.5944115375
0.7645202977
0.6070516231
0.6367058979
0.6108672562
0.7861420971
0.7171656605
0.6644771344
0.6086166826
0.6132197725
0.8045723995
0.7157542967
0.6364922711
0.6473942729
0.5512219356
0.7368299479
0.6044253860
0.6255788781
0.7630742009
0.6230076786
0.6550777528
0.6924083760
0.7389054704
0.6846660085
0.8421442047
0.6452237903
0.7111557428
0.7145420990
0.5603928438
0.8140500425
0.7719187611
0.6345621400
0.6530578450
0.6167438313
0.6554060972
0.6235788167
0.6430880039
0.8272492704
0.7406928507
0.6844802212
0.7902359579
0.7738383916
0.7788772074
0.7768833495
0.8041484522
0.6755056776
0.7371689807
0.5972572534
0.8311318350
0.6919813621
0.6018511446
0.7755091438
0.7131026592
0.8432669747
0.7651125344
0.8360748800
0.7402653223
0.7115072829
1.0054718514
0.7030245616
0.8317227365
0.7612492539
0.8477838927
0.7266581869
0.6956816344
0.7408795482
0.8710241357
0.6433928243
0.6670484231
0.8365950231
0.9038831572
0.8354463575
0.7119523863
0.8353855324
0.7705106586
0.8353390752
0.6923118504
0.8479168281
0.7743385075
0.8649404764
0.8956342548
0.8230072561
0.7791682518
0.8499515694
0.6969580546
0.7994260088
0.8646219585
0.8129930020
0.8043714405
0.8000780010
0.7869718166
0.6773847103
0.7476215866
0.7960048854
0.9099524611
0.8173052548
0.7974347305
0.8854970003
0.8194343365
0.8483372602
0.7930884892
0.7092882285
0.7469354857
0.7088675042
0.8593755463
0.8479097038
0.8021053969
0.9583508137
0.7544485869
0.8633976353
0.7428126939
0.8696537769
0.8323566879
0.8854151008
0.7696963427
0.9709821124
0.8386929144
0.9775578576
0.9329217360
0.7955588870
0.8571559438
0.9221863068
1.0700540428
0.9219582226
0.8797831558
0.8542867801
1.0077006061
0.8013016950
0.8337938143
0.9338208491
0.9674194177
0.9431323068
0.9681720121
0.8436764932
0.9894677040
0.8709836869
0.8002251058
0.8082608124
0.9617590193
0.9567181262
0.8230778705
1.0439451058
0.7504880781
0.8763289847
1.0859652550
0.9793744652
1.0710774482
0.9792042222
1.0096470135
0.8523236166
0.9724927655
0.9063734245
1.1813137438
0.8959617896
0.8554162625
1.0945596265
1.0122655997
0.9891353832
1.0004689882
1.0656840663
0.9194417164
1.0026129853
1.0370350160
0.9551862548
0.8233679918
0.9560577853
0.8818676506
0.9011437615
0.9850840365
1.0881847110
1.0234865105
1.0160890837
1.0445648528
0.9880549437
0.8907199815
0.9174164805
0.9774394299
1.0005510413
1.0051470627
1.0735666629
0.9841141752
