-1.0702169234
-0.8719972947
-0.8496752464
-0.9546981878
-0.9806146945
-0.9965881065
-1.0361356776
-1.1382362372
-0.9339181896
-1.1414358484
-0.9618366378
-0.7980410587
-1.0130144076
-1.1172828147
-0.9882429571
-0.7916970387
-1.1409145122
-1.0743568023
-0.9525328910
-1.0431617780
-0.8685134619
-0.9500578200
-0.9620075346
-0.9993710963
-1.0559973668
-0.7375007491
-1.0600993918
-0.8706579466
-0.9718359029
-1.0317570421
-0.9676437850
-1.0972287007
-0.7112460175
-1.0015215411
-0.9151686565
-1.0051678860
-1.0647452448
-0.8905648650
-0.9404329825
-0.9990768961
-0.8386157671
-0.8928807388
-1.0034306896
-0.8605750492
-0.9404690798
-0.8990773564
-0.9785723154
-0.8274014549
-0.9097928342
-0.8503842267
-0.6851583841
-0.8382517686
-0.9167525688
-0.9213183390
-0.9830657539
-1.0260959890
-0.9607652298
-0.8298277513
-1.0822814384
-0.9899028950
-0.8396902106
-0.9419022987
-0.7083303650
-0.9256914626
-0.8327767093
-0.8106129435
-0.7636999783
-0.9626210648
-0.9274035466
-0.7684072406
-0.8180301955
-0.9172774592
-0.9225771318
-0.9447370442
-0.9446672880
-0.8684294960
-0.8788475193
-0.7808397306
-0.8670391682
-0.7785771056
-0.8925428435
-0.9051359281
-1.0775807097
-0.9059610593
-0.9132807547
-0.7326502429
-0.6241939837
-0.8773209455
-0.7076996295
-0.6959736003
-0.9933389478
-0.7111083789
-0.8892666566
-0.7749565729
-0.9224064690
-0.8391189489
-0.8566576432
-0.7897438197
-0.7454737879
-0.7575982947
-0.7692202682
-0.6821916962
-0.8249887151
-0.7381610234
-0.7590280416
-0.7147923563
-0.5806669351
-0.7991389357
-0.7557161839
-0.8345539962
-0.8581325443
-0.7918738007
-0.7284850192
-0.7263912328
-0.7980412391
-0.8205142855
-0.7780003631
-0.5375248146
-0.7052786890
-0.7735713252
-0.7535044055
-0.6157866314
-0.7161379832
-0.6504946582
-0.8078508033
-0.7960656988
-0.6741543858
-0.7227140697
-0.6088853932
-0.5852368073
-0.8657136824
-0.6912329368
-0.7601125848
-0.7147400378
-0.8070065952
-0.6269015522
-0.5586501114
-0.7148688881
-0.8817505234
-0.8401531220
-0.7131793743
-0.6879380515
-0.7295759034
-0.6933741091
-0.7020976320
-0.7277114018
-0.6942286094
-0.6099495427
-0.7862138834
-0.7545260485
-0.7671341553
-0.6745024301
-0.7623993054
-0.6323104825
-0.6931220043
-0.8502388343
-0.7154689275
-0.7251110927
-0.6188899946
-0.6727152379
-0.5958267727
-0.6023457313
-0.8027618863
-0.7636161893
-0.8238301189
-0.7130912443
-0.6505392970
-0.6483054864
-0.7119573597
-0.5950676840
-0.6946812803
-0.5919494576
-0.5674388981
-0.7021354179
-0.6590056835
-0.7420835554
-0.5421792056
-0.7535675226
-0.7685872068
-0.5243389109
-0.7047485402
-0.6735388671
-0.6151453184
-0.6451459328
-0.5524104177
-0.6328804296
-0.5752318693
-0.5516301680
-0.6550774287
-0.7202418822
-0.6428428820
-0.5023230963
-0.6450449719
-0.5573692468
-0.6636447973
-0.5358402934
-0.5771283685
-0.6726984001
-0.6848666298
-0.5830842379
-0.6035262030
-0.6743090860
-0.7087992618
-0.6555093071
-0.5724437686
-0.5444574682
-0.7357087048
-0.6084662752
-0.6491682929
-0.6043119903
-0.6973208465
-0.7057347491
-0.6244586490
-0.6238906646
-0.6864288029
-0.6990255798
-0.4325121234
-0.5909223601
-0.4743264265
-0.5946229902
-0.4574842016
-0.6548085569
-0.6263172794
-0.5589978925
-0.5728202048
-0.6138219137
-0.5708672760
-0.3825764420
-0.6527870105
-0.4609513971
-0.5462722402
-0.6159158186
-0.6372729103
-0.5551376342
-0.4799480417
-0.5381945196
-0.5620580032
-0.4997266129
-0.4886288539
-0.5920716403
-0.4644230829
-0.7714147397
-0.3462473427
-0.5095979314
-0.4745651320
-0.5540166917
-0.4715066032
-0.5597350261
-0.5860319648
-0.3636700429
-0.5379073263
-0.6140011441
-0.4462707845
-0.6143563581
-0.3487699271
-0.4724477393
-0.5417729804
-0.5164004534
-0.3330147309
-0.3707581333
-0.3666687586
-0.4997244685
-0.5203309940
-0.4376463494
-0.5637062646
-0.3077388315
-0.2552091523
-0.4164199471
-0.4592111531
-0.5576701512
-0.2962175326
-0.5278163601
-0.4778579574
-0.3883743576
-0.5054309087
-0.3626968954
-0.5184184197
-0.4351844662
-0.4830456444
-0.5943356343
-0.4589161465
-0.3425643475
-0.4871973362
-0.4906963816
-0.2850080574
-0.3461757325
-0.2337987006
-0.4325868445
-0.5029152867
-0.4507619876
-0.4186973583
-0.4817550526
-0.4301377044
-0.3634286076
-0.3046767075
-0.4339494243
-0.4661472141
-0.4409374630
-0.3593510800
-0.5352854567
-0.2581539677
-0.3699366070
-0.3645754407
-0.2647841177
-0.4733542144
-0.3886947477
-0.3942073337
-0.4645412734
-0.3646675834
-0.1052783523
-0.3748993973
-0.3576523030
-0.3470027954
-0.4116049239
-0.4476711349
-0.4779937869
-0.2023534491
-0.3522100385
-0.3977982555
-0.3596316458
-0.3709786198
-0.3482301415
-0.3290376804
-0.2003790300
-0.3465017153
-0.5577901090
-0.2639496559
-0.5447726607
-0.3119259018
-0.4721587269
-0.4497231877
-0.3561518944
-0.4179261067
-0.4016090434
-0.2766896702
-0.2483387668
-0.3261056744
-0.3971531686
-0.2749013526
-0.3511474087
-0.2194208497
-0.2189720656
-0.4075687346
-0.4167732540
-0.4432010568
-0.3022478213
-0.4299113371
-0.2789175900
-0.2940100894
-0.1226594500
-0.3315384794
-0.2791242468
-0.2033149815
-0.3194253736
-0.4523136955
-0.2794364994
-0.2060355493
-0.3840909394
-0.2875054790
-0.4623212914
-0.2784851727
-0.2423595449
-0.1602931854
-0.4673822279
-0.2833402117
-0.1949742460
-0.3769518690
-0.3859712172
-0.2527940465
-0.2314477179
-0.3110939600
-0.3366672484
-0.1788711153
-0.0931635649
-0.4051317299
-0.1746995965
-0.2724894490
-0.2638116157
-0.1679010226
-0.2686952304
-0.1563129728
-0.2543294524
-0.1917059757
-0.3937826020
-0.1875797921
-0.3983331679
-0.2780849951
-0.4601175995
-0.2543449449
-0.1957750657
-0.0914256874
-0.2146290809
-0.3198088242
-0.2263371514
-0.2218143892
-0.1602152721
-0.0571099931
-0.2488962645
-0.2677806670
-0.1987120282
-0.1959007847
-0.1816071766
-0.2050565524
-0.2110362482
-0.2349332236
-0.1568507308
-0.2467192128
-0.2256414476
-0.1307630784
-0.1716981767
-0.2569690786
-0.1881377771
-0.2387831300
-0.1126899124
-0.2665100774
-0.0798257811
-0.1609312195
-0.1191712839
-0.0700852696
-0.2516262829
-0.1737314879
-0.0182768520
-0.0716953554
-0.2213267411
-0.0935200413
-0.1040061556
-0.1708813332
-0.2049143711
-0.1825970270
-0.1263208946
-0.2361473948
-0.0459325161
-0.0633242561
-0.0228953208
-0.0249830381
-0.1485825549
-0.0235681246
-0.1115371424
-0.0817119113
-0.1057000177
-0.0592305562
-0.1420192401
-0.1094998470
0.0177455157
-0.2545971166
-0.1248887857
-0.0551712654
-0.1323152389
-0.1363523438
-0.0664924537
-0.1513496676
-0.0246230341
-0.2409448042
-0.1498172828
-0.1324497330
0.0023162722
-0.1358409192
-0.0901560854
-0.0653344614
-0.1613957975
-0.1369804666
-0.0838263619
-0.1048563542
-0.2060245010
-0.0392883342
-0.2008740879
-0.0954265968
-0.0889689928
-0.0531950825
0.0654087922
-0.1722858998
-0.0564606368
-0.0500583031
0.0252441623
-0.0224084801
-0.0218343412
-0.1578367451
-0.0204206737
-0.0280308127
-0.0594271985
0.0667996561
-0.1116733500
-0.0474519430
-0.0825909671
0.0866293435
-0.2855600566
-0.0523592785
-0.0694043938
-0.0984764403
-0.0392872373
-0.1082459921
0.0000736617
0.0191066394
0.0395461246
0.0801748183
-0.0364741585
-0.1182988281
0.1356948024
-0.0298365429
0.0692630110
0.0490068302
-0.0577232485
0.0388892865
-0.0433719242
-0.0325974331
0.0818405399
-0.0252441376
-0.1723321928
0.1904303724
0.0243619139
0.1644009690
0.0590895228
0.0962284808
-0.0649540044
0.0506088788
-0.0000909636
-0.0179898573
0.0699862789
-0.0414392081
0.1451734829
0.0358436717
0.2293854573
0.2541274954
0.0895385227
0.1655231186
-0.0337154993
0.0716822666
-0.0296099069
-0.0274196508
0.1421424790
0.0221674998
0.0687909526
0.0149456740
-0.0339734207
0.0248318251
0.0966113708
-0.0271060388
0.0168004895
0.0633832209
0.1075515520
0.0315162900
0.0637633543
0.0555435503
0.1437432425
0.0174449390
0.0222017380
0.0934778606
-0.0096001682
-0.0294991336
0.1847603235
0.1624931363
0.1962354365
0.0967806728
0.0086834650
0.0312607833
0.1660527350
0.2033436009
-0.0168886712
0.3541115756
-0.0228744566
0.1117624441
0.2667258588
0.0619523984
0.2550228697
0.2330101172
0.0791033973
0.1550556063
0.2452562156
0.1243653957
0.2240379552
0.1674511384
0.1469237224
0.0916978661
0.1169450354
0.2611672803
0.1578598373
0.2250535355
0.0627714996
0.1644300588
0.1184345651
0.1841271672
0.0806694634
0.2082789306
0.2375723214
0.1061607084
0.0487622134
0.2025253625
0.2969653090
0.1832798815
0.1405027729
0.2183162790
0.2865489421
0.0483852486
0.1047076318
0.2333291243
0.0787070125
0.1791020746
0.2631895093
0.1992202001
0.1520430390
0.2486353081
0.2500237153
0.1522191938
0.1546619436
0.0946867831
0.3683809488
0.1515303462
0.1833435626
0.2696829867
0.3707308482
0.3825481378
0.4201370531
0.1822999112
0.1994996007
0.0564481316
0.3901310504
0.1804431137
0.2003012321
0.2303387577
0.2365589541
0.2648245513
0.2179971095
0.2439456917
0.2168314452
0.2511412112
0.4307899870
0.1553919285
0.2397047613
0.1543395238
0.1823022354
0.3058840637
0.3337595457
0.2187607559
0.1501582874
0.3408507770
0.3504397812
0.2009979435
0.3227266197
0.2900566317
0.1968831759
0.3093815780
0.1657457888
0.3549943178
0.1521930321
0.2015164520
0.3477568055
0.3063519203
0.2542081182
0.2327114034
0.2614913164
0.4826529420
0.3633941142
0.4458482313
0.2883906269
0.2727997008
0.2910936865
0.2336168205
0.3921249052
0.3160137723
0.2144077990
0.2653741552
0.1912390688
0.4559655592
0.3778273103
0.2942939265
0.3428957144
0.3784280854
0.3522424255
0.2227313915
0.1390273829
0.1759246338
0.3401307489
0.4820005056
0.2816518533
0.3578991508
0.3518120840
0.3596010508
0.4246115640
0.4989073431
0.3731967707
0.3312550741
0.2436832088
0.4317337829
0.4474936553
0.4645746587
0.3333237954
0.4513082505
0.2987384836
0.3720573815
0.2523998358
0.2837120533
0.3613891402
0.3518595570
0.3703268026
0.1968943954
0.3705628255
0.3031173662
0.3992081815
0.3721758958
0.4012746948
0.4453427806
0.5042035412
0.4423567629
0.2614388857
0.3905272682
0.3833772209
0.5209710006
0.4076298797
0.4065901424
0.4487804202
0.4543354239
0.4918672892
0.3940352634
0.5913469196
0.4534063847
0.3510220115
0.2858665738
0.3966641233
0.3609363878
0.4586373423
0.4797929851
0.4898320392
0.4859250319
0.3262684009
0.5082779000
0.2567180508
0.3915089497
0.5808773451
0.5681870738
0.5880998790
0.3130577716
0.4644373768
0.3516651691
0.5609791054
0.3686808669
0.5178116076
0.3352458901
0.4485898033
0.3242882824
0.4152096192
0.4525353495
0.4859735265
0.3061702937
0.3904837935
0.4423364620
0.6276868530
0.5362287179
0.6018913401
0.5255439901
0.4419559848
0.6360782970
0.5149930747
0.4444303273
0.4914143961
0.3903823471
0.4534053956
0.4710900777
0.5244388946
0.5157487971
0.7006923632
0.4760033081
0.5974633934
0.5387232287
0.5443534892
0.4910240140
0.3281340771
0.4251519556
0.5905854184
0.4326382250
0.5144594986
0.3983768849
0.5444200969
0.4823478250
0.4980985200
0.7037947604
0.4864669536
0.4910479887
0.5487461946
0.6025959434
0.5306073033
0.6403340524
0.5339567031
0.6624620423
0.5327150578
0.5544588909
0.6367043926
0.5317582333
0.5476564620
0.5538440952
0.5414230704
0.4497389279
0.5170625296
0.5467787694
0.5992554638
0.5540979134
0.5514912075
0.6109789956
0.7000298015
0.6501664115
0.7034772214
0.5910266182
0.5607427331
0.6080747810
0.7488657266
0.6430446128
0.5397251957
0.7172468484
0.6393675524
0.6989019380
0.6575590450
0.6411838619
0.4734808735
0.6822790426
0.6886301585
0.8247595013
0.5153080890
0.6411480414
0.6684448501
0.7078112045
0.6654261551
0.5881648995
0.6726680660
0.7670365338
0.6160585717
0.6854059705
0.6617529556
0.5318821929
0.7078121503
0.6782973006
0.6785729377
0.6230736489
0.6239860448
0.6362496302
0.7593610353
0.7056459332
0.7569952622
0.7470574493
0.6366314558
0.6159958997
0.5212584111
0.7204720558
0.7117426851
0.8096690935
0.7254621915
0.6373561569
0.6485794363
0.7022076278
0.5940323147
0.5158787058
0.4837627507
0.7154464783
0.7190722895
0.6499302593
0.6043695302
0.5003897203
0.7241356028
0.8987751474
0.7174965126
0.7874615708
0.7992671536
0.7427999227
0.6828401730
0.8092279669
0.8324349124
0.6934314961
0.6347785895
0.6948045261
0.6908693205
0.7639334203
0.7211233845
0.8022547350
0.6967458055
0.6800792470
0.7123754146
0.6431884061
0.6346582887
0.8130242845
0.8241245564
0.6749637805
0.6982186082
0.6745959162
0.7958009718
0.6963400337
0.8014234798
0.7456089984
0.6907626722
0.6989275213
0.8518348454
0.7099436416
0.7877879954
0.8745215994
0.5896300061
0.8940578156
0.8277629356
0.8742997188
0.8485968720
0.7315365681
0.6980169677
0.8614249635
0.7486053762
0.7623730927
0.6980852598
0.7272311978
0.7627120077
0.6899404432
0.8546516511
0.8316729687
0.8242221369
0.7638773133
0.8828826145
0.9312217288
0.8655596929
0.8599132919
0.8898023536
0.8949100656
0.7345454289
0.9098351415
0.9454759144
0.7805207348
0.8564823590
0.8535721771
0.7841746124
1.0087839564
0.8809463417
0.7655518704
0.8662029749
0.7464423316
0.7292717394
0.8289823090
0.8026686210
0.7470120777
0.8663510437
0.8751987746
0.9045425388
0.8219107114
0.8618647111
0.9065202648
0.9059140261
0.9045022747
0.9908416530
0.8547650071
0.8711187920
0.8832549972
0.8204858509
0.9620498424
0.8184528064
1.0650932633
0.8505442634
0.8729374231
0.8363426082
0.9402142626
0.9221493977
0.8952387581
0.9501155521
0.8819702593
0.7824532748
0.8476594917
0.8586279517
0.6704890825
0.9256148228
1.1088717353
0.9845616033
0.9766792752
0.9091029087
0.8984805425
0.9562862126
0.9825919227
1.1515434450
0.7887270630
0.9670452355
1.0245293811
0.8885720089
0.8794512650
0.9379668778
0.9149162615
0.8819385986
0.9167101866
0.9067846143
0.8161468871
0.9931246759
0.9960891679
1.0413890323
1.0084149093
1.0273728805
0.8188330700
0.9921969464
1.0023689049
1.0495589866
1.0258630037
0.8869612502
0.8512652323
1.0657924773
1.2020830469
0.9434536988
0.8170728582
0.9129929172
0.9375423048
0.9243171307
0.9999661188
0.9431859245
