-0.9753529015
-0.9500496085
-0.9997142685
-0.9846171543
-1.0299452734
-0.9352459971
-1.0557676880
-0.9993749151
-0.9108926490
-0.9241291998
-0.9658180244
-0.9000609690
-0.9910129009
-0.9694147677
-1.1070062294
-0.9354235056
-0.9976354560
-0.9205180273
-0.9637418469
-1.0985860977
-1.0660908648
-0.8479001466
-0.8414475313
-0.9002099514
-0.8613868813
-0.9402044952
-1.0253029771
-0.8656653585
-0.9276254764
-1.0436072892
-0.8769602565
-0.8360630791
-0.9289216287
-0.5981852468
-0.9242717582
-0.8299102102
-0.7970165663
-0.9737919792
-0.8927192410
-0.9278649121
-0.9506817529
-0.9976745182
-0.7815253568
-0.9246278760
-0.9847147822
-0.8526267039
-0.7826978465
-0.7730119789
-0.9267819102
-0.8863157087
-0.9888818678
-0.8710314341
-0.7500120351
-0.8061249607
-0.9303606070
-1.0033243277
-0.8066054663
-0.9244738109
-0.8317121434
-0.9652220354
-0.7824862881
-0.9055102536
-0.8531698662
-0.8295363863
-0.7692164645
-0.8491735751
-0.9710480724
-0.8545153374
-0.9207924860
-0.8492060253
-0.8323536809
-0.7913458790
-0.8500923599
-0.8668546194
-0.9945246145
-1.0618838305
-0.9151989379
-0.8862648250
-0.9796375509
-0.9697119206
-0.8907303866
-0.7291623026
-0.7467729197
-0.8434047222
-0.7182869504
-0.8183128171
-0.8980261728
-0.8525815982
-0.8146108401
-0.8316150501
-0.9056937909
-0.7813006473
-0.8089161174
-0.9073635513
-0.7690591677
-0.7054779376
-0.7832331674
-0.8449653081
-0.8764016736
-0.9165645546
-0.9004471675
-0.8140340619
-0.7552239075
-0.7117521272
-0.7999569086
-0.7000788467
-0.6408587498
-0.7574162614
-0.7623087218
-0.8002177089
-0.7069648064
-0.7775450782
-0.7843940348
-0.7259005799
-0.8859477122
-0.6655192761
-0.7770714902
-0.7903794762
-0.6467739926
-0.8627624309
-0.6867070027
-0.7063184726
-0.6786902185
-0.6883583872
-0.5995769725
-0.8421643870
-0.7094669259
-0.7241229950
-0.9382100381
-0.7711419816
-0.7508904428
-0.6405848019
-0.7870688374
-0.7988909672
-0.7852905236
-0.6410871038
-0.6579390771
-0.7808664705
-0.8129471366
-0.8595106271
-0.6713892345
-0.7731541524
-0.6172974692
-0.7619786168
-0.5924349895
-0.7249707237
-0.6389868119
-0.7296487384
-0.8792952287
-0.5962132201
-0.5049223195
-0.6884386488
-0.8654590580
-0.7774780261
-0.6938392699
-0.7240131882
-0.5764036435
-0.7795966797
-0.7445978244
-0.5915042401
-0.7506940493
-0.7720207116
-0.7305361519
-0.6452852224
-0.5222768486
-0.6428690228
-0.6034266984
-0.5831534978
-0.6215812930
-0.6996554723
-0.7108584746
-0.6035616958
-0.6122262562
-0.6499189185
-0.6301784456
-0.5926517573
-0.5487897567
-0.7084698604
-0.7086852806
-0.5749911276
-0.6952252916
-0.5983914454
-0.6556416909
-0.6783101161
-0.5617230700
-0.5653807986
-0.8055245931
-0.5098751574
-0.6532509614
-0.6221457225
-0.6071731764
-0.5246729470
-0.5912873493
-0.6509809640
-0.7453976449
-0.7275182601
-0.6462543907
-0.7355041248
-0.6213163551
-0.5850052206
-0.5470116946
-0.7042449572
-0.5510042099
-0.6119145515
-0.5381593747
-0.6324087012
-0.5948835054
-0.5594687960
-0.5873299421
-0.5215483358
-0.5606518489
-0.4708628301
-0.4824485478
-0.6272571728
-0.5673781859
-0.6325770817
-0.4505190589
-0.5778501457
-0.6354335607
-0.6457628468
-0.5576867818
-0.4457571494
-0.5665203775
-0.5497828090
-0.5633840989
-0.5285988324
-0.5850538871
-0.6161840354
-0.4921793829
-0.6974507912
-0.5046821773
-0.5427776979
-0.4145704072
-0.6269447628
-0.4852310327
-0.6170285344
-0.4514936153
-0.5613436012
-0.4950930108
-0.7285085733
-0.6533723313
-0.6070398566
-0.4952678827
-0.6488135490
-0.5592226969
-0.5754074678
-0.3733407390
-0.4814183663
-0.4007546670
-0.4919072414
-0.4651450429
-0.4837519782
-0.4563853189
-0.4927924282
-0.3885226010
-0.5034882126
-0.5727190410
-0.4370443427
-0.4051022688
-0.4511970439
-0.4848811634
-0.5046046218
-0.3322996335
-0.5450736147
-0.4576183051
-0.5129319379
-0.4781900474
-0.4731422114
-0.5288530738
-0.5280517133
-0.3069524970
-0.4041845642
-0.4911330273
-0.5522343472
-0.4933336945
-0.4993987953
-0.3739131283
-0.3137673175
-0.5939959428
-0.4238751335
-0.4172041431
-0.4502501263
-0.3838823438
-0.3964598107
-0.3506618364
-0.3699841747
-0.4134562073
-0.4615684630
-0.4851479280
-0.3553059367
-0.4467067821
-0.4088894807
-0.3214354921
-0.3528805845
-0.4924883984
-0.5082310985
-0.3794130263
-0.3021673538
-0.3936605625
-0.4621389082
-0.3880113697
-0.3568513585
-0.4182690068
-0.5368602266
-0.3732368133
-0.5713396626
-0.4393529737
-0.3267764167
-0.3599128364
-0.3941279772
-0.4819704550
-0.4947316590
-0.3450170262
-0.4420215902
-0.2275406912
-0.4298978107
-0.3475837400
-0.4156548616
-0.3650586545
-0.3603244489
-0.3042230898
-0.4029440417
-0.4537334863
-0.2040780838
-0.4282096026
-0.4067866364
-0.4070649569
-0.4280368814
-0.2441140686
-0.3320972721
-0.1994258302
-0.3165235228
-0.2614324590
-0.3322157723
-0.3561540780
-0.3044973357
-0.2152972153
-0.3070526663
-0.3106371001
-0.2858659383
-0.2602022357
-0.2192647499
-0.2602759825
-0.4595203145
-0.2779682014
-0.3480859181
-0.2411938688
-0.4087731996
-0.2528655185
-0.3547500434
-0.2742156177
-0.3872622033
-0.3710567452
-0.3034723316
-0.3832485950
-0.2829382923
-0.2518667211
-0.3051322060
-0.2429938714
-0.3498254170
-0.2052369583
-0.4487557273
-0.2113596463
-0.2397450372
-0.2191058770
-0.1702059629
-0.3830930690
-0.2698117663
-0.0959969299
-0.3579691505
-0.1914474362
-0.2612755604
-0.1268390071
-0.2892505752
-0.2144535500
-0.2283120821
-0.3023614824
-0.2861718063
-0.1498162733
-0.2681314360
-0.1483595446
-0.1300544642
-0.1753148227
-0.0909175825
-0.2331557787
-0.2250649330
-0.2311248725
-0.0622427679
-0.3045339589
-0.2917161426
-0.1275194683
-0.2541528202
-0.2885889473
-0.2450441736
-0.2471768289
-0.1793903816
-0.2747047207
-0.2596010873
-0.3205679299
-0.1819189883
-0.2797124280
-0.1853794277
-0.1754874900
-0.3313551572
-0.0659726399
-0.2189936388
-0.0909058697
-0.2303073381
-0.3558199388
-0.1602686009
-0.0739992323
-0.2106525082
-0.1030841284
-0.2210257069
-0.1161602267
-0.1938115193
-0.2965535129
-0.0396182288
-0.2088612376
-0.2491247977
-0.2754794600
-0.2067396632
-0.0979338349
-0.3050376964
-0.0870126271
-0.2516008056
-0.1934286818
-0.1714355841
-0.2209866890
-0.0054261784
-0.2238789286
-0.2629449012
-0.1779666877
0.0170037063
-0.0417413298
-0.0750282908
-0.1754349603
-0.0563722438
-0.1213710593
-0.0544172405
-0.0826707904
-0.1409614323
-0.1996784554
-0.2072342668
-0.1833249698
-0.1014743816
-0.1450540304
-0.0932982205
-0.0110505012
-0.1627003241
-0.1511758871
-0.1787986122
-0.0092636429
-0.1038993432
-0.0827388493
0.0530177526
0.1126705031
-0.0047519603
-0.0309517817
-0.1010452894
-0.0154927224
-0.1318706622
-0.2259994272
-0.0349469577
-0.0797788804
-0.0422601077
-0.0582376672
0.0858802295
-0.0090157314
0.0018558060
0.0530357266
0.0143731760
-0.1442915290
-0.0381961540
-0.0314211473
0.0095870115
-0.0595809127
0.0504602780
-0.0527228052
-0.1294702806
-0.0651593168
-0.0571121059
-0.0846924547
0.0627479431
-0.1441841965
0.0479006732
0.1200292617
-0.1147983225
0.0763440897
0.0278596763
0.0570067801
0.0996840694
-0.0580595535
0.0689657008
0.0578073094
-0.0012127910
0.0014294042
0.0063854208
0.0127827795
0.0321641443
0.0242068866
0.0632551785
-0.2144257199
0.0549907679
0.1201907433
0.0052845360
0.1320484813
0.1129191530
-0.1388557850
0.0340077975
0.1264786239
0.1425241279
0.0500189854
0.0083066617
0.0826661453
0.2307725401
-0.1370668930
-0.0186405628
0.0410373888
0.0510423439
0.1812631332
0.0102013491
0.0566070867
-0.1511065550
0.2030400318
0.0292502891
0.0278873296
0.0067747832
-0.0193225748
0.0803423483
0.0560635595
0.1440130283
0.1804833380
0.1901827500
-0.0035343595
0.0568575050
0.1042238815
0.0072577605
0.1015316426
0.0583064864
0.0465731050
0.1106682913
0.0837639813
0.1498233218
-0.0214360455
0.0150439474
0.1610473626
0.0707502428
0.0971968013
0.1121242453
0.2645044722
0.0928993207
0.1894970717
0.0817456493
0.0569680965
0.0936887804
0.1332556508
0.2099113852
0.1800700137
0.1698725882
0.0843362882
0.3030469637
0.1242323474
0.0057039422
0.1318374210
0.1330767364
0.0985523293
0.1585517299
0.1288298535
0.1538489852
0.0761542699
0.0723778351
0.1706221810
0.2795761473
0.1070634819
0.1630958537
0.1792301300
0.1267575325
0.1988850233
0.1312425546
0.1475491167
0.1872840140
0.0673086458
0.1405118800
0.1250347324
0.1316437112
0.1566989626
-0.0665073484
0.2387573461
0.2792414810
0.0614992652
0.2469990142
0.1062632227
0.0881393695
0.1194420676
0.3439989064
0.1987024055
0.2237190290
0.3148960047
0.2227728357
0.1483738535
0.2491209719
0.0320784115
0.3125653835
0.1939145034
0.2245195630
0.2819115777
0.3376138060
0.2798205553
0.2206019584
0.1395151409
0.1962106475
0.0953605944
0.2621171393
0.1884881620
0.2973311440
0.3384149937
0.3578900406
0.1114524055
0.0960355647
0.3080414950
0.2983512527
0.3265539404
0.1846790229
0.1512108773
0.3081289513
0.1825118236
0.2333632503
0.2759912544
0.2442253186
0.2369091771
0.3116414106
0.3501321560
0.3219518311
0.3500146941
0.2364799985
0.3218839563
0.2018457122
0.1905303607
0.1504206232
0.3493708318
0.0965204677
0.4095861598
0.1734521289
0.3010013128
0.4065380181
0.2212363205
0.3940559691
0.3851612566
0.4006676521
0.2363419952
0.1114959676
0.2875559345
0.1663963535
0.2674188906
0.2402392603
0.2729584356
0.3148934697
0.2673750016
0.3840816762
0.4233944193
0.3872654067
0.2670171844
0.4999379974
0.3246261751
0.4727277273
0.3292798986
0.2595260953
0.4123180728
0.3252229041
0.3101661998
0.4215348366
0.1868279669
0.2480519681
0.3710266036
0.4473864376
0.3047400148
0.3900510641
0.3746065254
0.2503295152
0.3391297768
0.4178804332
0.2945624927
0.3530153593
0.3813891662
0.4715640978
0.2500652589
0.1911762636
0.4242602415
0.4067204995
0.4439641995
0.2658456200
0.2835858951
0.3641493983
0.4128745758
0.3763272988
0.2824987999
0.4588686090
0.3086921593
0.3420341037
0.4231190829
0.4593210962
0.3696827034
0.3656309794
0.3948277498
0.2856457054
0.4606826757
0.4802575228
0.4500207719
0.4034777814
0.3801583810
0.4387982331
0.4724115412
0.4157149690
0.3993739391
0.5100980813
0.4386233121
0.3780809737
0.4847634529
0.4256829458
0.4165082293
0.5179149263
0.3613500073
0.4883160275
0.5048459998
0.3303611189
0.4488469968
0.4384935181
0.4964304860
0.4599074024
0.4441028040
0.4158198056
0.4387179265
0.4335986949
0.4510133058
0.4445439287
0.5060493943
0.3665930653
0.5262063395
0.4706987401
0.3286450797
0.3879531301
0.4306526732
0.3903657903
0.4000939073
0.4996521399
0.3233761294
0.4458139547
0.3998333657
0.5232765947
0.4720373998
0.5428997234
0.5888803656
0.4248216335
0.5354450270
0.6092495473
0.4168461094
0.4723938630
0.5667707161
0.6570109492
0.4497378934
0.6438581325
0.5938138828
0.4827411767
0.5519327795
0.5752574253
0.4538679726
0.4331746299
0.5582959282
0.4759233744
0.5074211884
0.5160917951
0.5150415041
0.6494405131
0.5273301742
0.5713259616
0.4445538885
0.5838253991
0.5014983902
0.5628694440
0.5123022621
0.6182952535
0.5568917535
0.5781724110
0.4239096078
0.6616254770
0.5465561290
0.4975001629
0.4594312865
0.7000537592
0.4834687358
0.5768584695
0.5971611002
0.6961093143
0.7510988629
0.5574511622
0.4789717855
0.5825242350
0.5501763267
0.5948008989
0.6196715661
0.5661609312
0.7739623054
0.6815565877
0.5585019495
0.6185937522
0.5726606192
0.6710992604
0.5967771651
0.7051332672
0.7720089251
0.6053324712
0.5911677224
0.5837936315
0.7391844511
0.8109527392
0.6122732677
0.6186385533
0.6337374297
0.5965498592
0.7771285617
0.6176711586
0.6574025385
0.6136270507
0.7892269158
0.6785014356
0.6926275478
0.6124469000
0.6043432874
0.8000583647
0.7143501769
0.6408374727
0.6678152563
0.5292875907
0.7210259647
0.6201556410
0.6466720159
0.7558736792
0.6055538454
0.6678256361
0.7041957388
0.7335852126
0.6508140754
0.8375468512
0.6442531446
0.7255404660
0.7202285172
0.5529956686
0.8237243956
0.7560470970
0.6257794968
0.6590319507
0.6375470624
0.6568657446
0.6170754413
0.6591026666
0.8114110222
0.7354795841
0.7023327999
0.7888181908
0.7439516268
0.7497663711
0.7482756957
0.7867680557
0.6784433940
0.7558930994
0.6046092004
0.7759332110
0.6833183666
0.6063149802
0.7715287702
0.7070914339
0.8443283398
0.7734808210
0.8229081901
0.7318485257
0.7222690763
1.0162084404
0.7106183210
0.8432264012
0.7643475928
0.8417272049
0.7379647023
0.7184476395
0.7384302924
0.8422462657
0.6508153680
0.6488037859
0.8378934081
0.8899585296
0.8404352668
0.7227416658
0.8602382464
0.7486059897
0.8280503855
0.6866756159
0.8643535686
0.7872626809
0.8641505506
0.8721290357
0.7955434793
0.7984110558
0.8486540342
0.7068333926
0.8020281766
0.8637281479
0.8112194674
0.8303724152
0.8017315616
0.7802905355
0.6856828478
0.7694843917
0.7990994299
0.9160087660
0.7940191354
0.8061520344
0.8855071525
0.8310870304
0.8492192443
0.7728251042
0.7142274975
0.7570206363
0.7063428364
0.8615230262
0.8582847910
0.8074045839
0.9652683152
0.7607455544
0.8624126645
0.7220677977
0.8533050889
0.8471816571
0.8608902623
0.7804847654
0.9581302142
0.8524908917
0.9571938349
0.9537649355
0.8154192808
0.8600049753
0.9255744986
1.0855151134
0.9455998349
0.8748551475
0.8607003884
1.0179171315
0.7982852292
0.8422134980
0.9183683528
0.9761946925
0.9483768866
0.9797317518
0.8551754916
0.9775944366
0.8788739144
0.8026727895
0.8137867505
0.9308760227
0.9238015649
0.8099316804
1.0373428413
0.7353307928
0.8777127194
1.0789664403
0.9926009113
1.0803269539
0.9825279144
1.0196060215
0.8768203952
0.9729728086
0.9009800635
1.2039522076
0.8887706605
0.8505699686
1.1000443779
1.0247241829
0.9924269874
1.0044554354
1.0665678169
0.9263077181
1.0296868993
1.0165273885
0.9513589700
0.8435767647
0.9561921885
0.8649197317
0.9195108087
0.9885683053
1.0756693092
0.9943340784
1.0084400360
1.0301284072
0.9981228415
0.8884675391
0.9079680509
0.9760912504
1.0004284836
1.0183249822
1.0965419568
0.9784091306
