-0.8767765090
-1.0062187818
-0.9908134865
-0.9474605526
-0.9627309395
-0.9343989776
-1.0508637259
-0.9193576094
-0.9704490817
-0.9811308403
-1.0346390423
-0.9930707679
-1.0788800371
-0.9890719874
-0.9477049245
-0.9495124988
-1.0027255396
-1.0195681077
-0.8913099899
-0.7273748869
-1.0041077668
-0.8829373527
-0.9362851867
-1.0258106731
-0.9317120141
-0.8836480213
-1.0059275475
-0.7934097532
-0.9808541272
-0.9157075103
-0.9649099197
-0.8622205183
-0.7812197996
-1.0491160984
-0.8768365601
-1.0238190207
-0.9249177702
-0.7893264063
-0.7547738971
-0.8170724272
-0.9128035836
-0.7361586848
-1.0326683816
-0.9214893065
-0.9198443819
-0.7127170408
-0.8590630018
-0.8438678738
-0.9483823799
-0.7823514020
-0.7672769477
-0.9070058231
-0.9402591392
-0.8571120657
-0.8949940415
-0.9810405125
-1.0550146014
-0.8021012013
-0.9708006052
-0.7770951568
-0.8598892997
-0.9851577255
-0.8340216890
-0.8100304804
-0.9127584432
-0.9251619255
-0.8448849370
-0.9123184419
-0.8913013705
-0.8308314817
-0.9397536405
-0.7598376482
-0.7361185569
-0.7740172765
-0.9584145753
-0.9442954227
-0.8318395590
-0.8580667136
-0.8296706851
-0.7664585702
-0.7981833352
-0.7362979158
-0.8049719761
-1.0059146656
-0.7449526550
-0.7325082775
-0.7908542839
-0.9720232795
-0.9507823198
-0.8056690687
-0.8431647550
-0.5485017595
-0.6623281188
-0.8721196814
-0.9157364284
-0.7687802723
-0.7937135257
-0.8101355660
-0.8200173655
-0.8335639379
-0.8620931619
-0.8226579980
-0.7396765715
-0.8515153979
-0.8595739328
-0.8099579285
-0.9061241137
-0.9818945021
-0.8888137731
-0.7242064926
-0.8086919488
-0.8656290881
-0.7698078965
-0.8158173995
-0.8343396784
-0.6775403776
-0.6739440697
-0.6088873979
-0.8213532729
-0.6089945713
-0.6068244932
-0.6801391951
-0.8129339024
-0.6701325513
-0.7436251217
-0.5828419137
-0.6191654400
-0.6090403129
-0.8970813922
-0.7123538083
-0.6859264911
-0.6704890228
-0.7269363605
-0.7484981931
-0.7196638574
-0.7932619641
-0.6069400774
-0.6710568116
-0.6961012503
-0.6767800282
-0.7836665452
-0.6687861385
-0.7143595725
-0.7902475252
-0.6226098135
-0.7841035054
-0.7137580948
-0.7248854665
-0.7701322897
-0.5221697283
-0.7087915943
-0.8010822939
-0.5705431307
-0.6743371652
-0.6529212003
-0.6657522861
-0.7304043810
-0.5894029844
-0.6966671609
-0.7832014849
-0.8043707087
-0.6110461287
-0.5393447253
-0.6929499978
-0.5895242925
-0.7288973241
-0.7282884000
-0.6811925117
-0.6120697786
-0.7758613237
-0.7210505078
-0.6588901623
-0.6992774301
-0.6393889271
-0.6037708731
-0.6839100067
-0.6302211581
-0.6298926529
-0.6790327646
-0.5919016306
-0.6052847754
-0.5119611973
-0.7056852990
-0.5692012260
-0.6990965540
-0.7431438707
-0.5173115278
-0.6216404462
-0.5997211061
-0.7005544735
-0.6837247563
-0.6707265478
-0.6998174465
-0.6953572526
-0.6941971877
-0.5725261907
-0.6355374486
-0.4513740933
-0.6204736408
-0.5796096210
-0.5127965929
-0.5366745690
-0.4848198233
-0.5214343575
-0.6092695542
-0.5687474036
-0.6861067624
-0.4971358104
-0.5421154900
-0.5349716296
-0.8242142787
-0.6524884886
-0.6207106094
-0.6142240539
-0.3973027330
-0.4534696922
-0.5336824448
-0.5120198053
-0.5436136809
-0.6066954402
-0.6111456455
-0.6329524161
-0.4943967491
-0.5557484858
-0.6188884852
-0.5073751631
-0.6497533427
-0.4988627591
-0.5727161690
-0.5138815869
-0.3330201515
-0.6176243779
-0.6106335938
-0.5947886986
-0.6276465090
-0.5154978040
-0.4850473468
-0.4914325451
-0.5512500351
-0.4940875698
-0.5619012324
-0.6066899466
-0.4475811515
-0.5108559031
-0.4991943727
-0.5661143538
-0.5483906411
-0.5311844634
-0.4686518479
-0.5358879259
-0.4398317056
-0.5266485705
-0.4427067050
-0.5114608640
-0.5470399597
-0.4903734838
-0.3200474367
-0.4552150628
-0.5750409905
-0.3937557607
-0.3444879796
-0.4493842821
-0.4606962059
-0.3793688397
-0.5226602369
-0.5860200477
-0.4849555247
-0.5092485033
-0.3837227791
-0.3768395634
-0.3581577146
-0.3824226744
-0.3998891096
-0.4229829748
-0.5419306167
-0.5035471985
-0.4034853602
-0.4457958466
-0.4138665780
-0.3591266772
-0.2914271958
-0.5384678251
-0.3595615433
-0.3404148017
-0.4746602386
-0.4015217886
-0.4084293708
-0.3932008070
-0.4513705725
-0.4139576849
-0.4979955055
-0.5003172659
-0.5259291833
-0.3640339502
-0.5560877071
-0.3162309847
-0.3423717361
-0.4437618726
-0.2818480204
-0.3720489565
-0.3769802391
-0.4198338156
-0.4218438884
-0.3353014664
-0.2632872017
-0.4427441885
-0.3538591571
-0.4410126860
-0.3329239335
-0.3180160773
-0.4680713221
-0.4102500023
-0.4498094770
-0.3187503679
-0.3411302231
-0.2906114351
-0.5390528125
-0.2882543869
-0.4067746063
-0.2302207174
-0.2879797716
-0.3557583181
-0.2581192700
-0.3158787405
-0.3008043206
-0.3713596612
-0.3844198920
-0.5280597637
-0.3582893248
-0.3062425095
-0.2635183726
-0.4447925253
-0.3336426045
-0.3947299567
-0.3201457773
-0.1982481643
-0.4116197644
-0.3400831887
-0.2488725208
-0.3301070553
-0.3474381243
-0.1876019899
-0.2288635981
-0.0974300926
-0.4435182627
-0.3845669712
-0.2808923993
-0.3319719818
-0.2905471894
-0.3052991132
-0.3016646884
-0.3536127286
-0.2244788849
-0.2115628706
-0.3753311927
-0.2107959080
-0.4413247029
-0.3559741612
-0.3680430877
-0.2831486631
-0.3075567744
-0.3045804968
-0.2344203158
-0.3713431814
-0.4702623003
-0.4442844862
-0.2436625328
-0.3275682535
-0.1096342537
-0.2966518087
-0.2004310545
-0.2300398685
-0.2304837346
-0.2275119983
-0.3036248225
-0.2134456949
-0.2563738835
-0.3090699473
-0.1957884929
-0.2273726897
-0.3489530127
-0.0970173964
-0.2986439028
-0.4159090456
-0.3292403388
-0.2642685812
-0.1654767741
-0.1443566851
-0.1393137753
0.0146428382
-0.2756822723
-0.3216434865
-0.1751445140
-0.3111829780
-0.1773574702
-0.2195404088
-0.2186475288
-0.2577986472
-0.2997403419
-0.3401510374
-0.2778213858
-0.2000926017
-0.0989214576
-0.1522172568
-0.0946308940
-0.1270486220
-0.3048977790
-0.0223725332
-0.1688282893
-0.1366656147
-0.1750339090
-0.1238024455
-0.0921420501
-0.0872698123
-0.2745242204
-0.2273022478
-0.0926068229
-0.3090042537
-0.1621050834
-0.2033130364
-0.2944704147
-0.2130277618
-0.0775728285
-0.1229105075
-0.0229500403
-0.1930838517
-0.2118362280
-0.1137401960
-0.0950164650
-0.0835393270
-0.1555439362
-0.1869347392
-0.1290299366
-0.0785736321
-0.0535353695
-0.1590533764
-0.0590692777
-0.0235163627
-0.2845372578
-0.0651592661
-0.0256022063
-0.1179699851
-0.1127236716
-0.0440059718
-0.0203791831
-0.1385910928
-0.0834287530
-0.0867270461
-0.1167101645
-0.0141302282
-0.0314949892
-0.1150722700
-0.1701097428
-0.0035191601
-0.1003532073
-0.0957806155
-0.1364837048
0.0063019845
0.0110226028
-0.1253442826
-0.1218849711
-0.0880737357
-0.1313285882
-0.1547108067
-0.0945744858
-0.1513998552
-0.0336990463
-0.0382141745
-0.0603538528
-0.1120566586
-0.1954544193
-0.1375164885
-0.1384797287
-0.1402230290
-0.1029736519
-0.0332335910
-0.0033361576
0.1190420169
-0.0432796186
0.0171609554
0.2395526525
-0.0175181979
0.0122461841
0.0707740566
0.0236639189
-0.1672837821
-0.1362396084
-0.1369055355
-0.0206546039
0.0816943883
-0.0725248641
0.0825469575
0.0128818511
0.0178112477
0.0739219382
-0.0458127721
-0.0211185430
-0.0024477571
-0.1467743083
-0.0772277318
-0.0687954671
0.0620963579
0.1421095883
-0.0304407377
-0.0888319174
0.0527901154
-0.0815940704
0.0960334077
-0.1431673520
0.0296912674
0.0183257682
0.1731835570
0.0179580855
0.0278795277
0.0271807581
0.1089697430
-0.0064693776
-0.1520620178
0.1138155835
-0.1271775908
-0.0473512769
0.0300377213
0.1002473375
-0.2219237659
-0.1055100432
-0.0176150200
-0.0880981722
0.0998918472
-0.0627359697
0.0336484465
0.0978379185
-0.0370299574
-0.0203953121
-0.0969118987
0.0710725138
0.1222018335
0.0470954852
-0.0146926767
-0.0228951734
0.0750092207
0.1160803461
0.1008681640
0.0998662473
0.3222213369
-0.0812401470
0.2527320282
0.1833129790
0.1478816604
0.0069855121
0.0733736266
0.1528504886
0.0115657028
0.0625729811
-0.0364204833
0.1428428326
-0.0651596072
0.1443671983
0.1360564527
0.1088665353
0.0887978174
0.0680938476
0.1135685957
0.1668591394
0.1599623212
0.0855950221
0.0800248063
0.1482917962
0.0671361819
0.1450743467
0.1295628492
0.2801348146
0.0226506255
0.1887210049
0.1595516447
0.0088042561
0.1387629916
0.0205088555
0.1485383649
0.2178154003
0.2469561400
0.1388629571
0.2163928673
0.1747040902
0.2092221412
0.0910867676
0.1128644536
0.2587990701
0.1701823174
0.0722356774
0.1773915507
0.2218649458
0.2936601727
0.2668644590
0.1741681601
0.2302305378
0.0605463719
0.2286604847
0.2813264592
0.2552525316
0.1935827421
0.0279225467
0.2580381999
0.1783429790
0.3213673514
0.2865960272
0.1401649202
0.1753834321
0.3152732198
0.1090151773
0.2558947298
0.1307583762
0.1399923154
0.3133019265
0.3038381171
0.2727869026
0.1859270180
0.2687397011
0.0618300814
0.2792578227
0.3703721417
0.3842547427
0.1267966453
0.3847525568
0.1920243339
0.2863040220
0.2144634268
0.1937916535
0.1547838701
0.2298723382
0.2820138704
0.4005539776
0.2438002649
0.1361801853
0.2036119917
0.2847793475
0.2510256618
0.3594445684
0.2760597884
0.3368683963
0.2664301948
0.2496713381
0.1648869472
0.2724206619
0.1584599952
0.2885145000
0.4115561010
0.3706312647
0.1598680856
0.3479995344
0.4612641527
0.1895273775
0.2767714969
0.1393866484
0.2925816007
0.1954739946
0.2566776711
0.3267328922
0.2005509800
0.3126187587
0.2558861767
0.3048121025
0.3785067454
0.2675735868
0.2217148340
0.2581864366
0.2947123839
0.3335760790
0.3396197899
0.2325088832
0.3379646657
0.4409460915
0.2790225268
0.3808850747
0.3117608720
0.2290283440
0.3016546002
0.4488486523
0.3093839792
0.3326189844
0.4080947155
0.3834627779
0.3148656699
0.2631773033
0.3300550047
0.4197406464
0.3893077057
0.4594006005
0.3909350425
0.5356985257
0.3985058921
0.3343111598
0.4319926092
0.3120653906
0.4269864772
0.2150813369
0.4391001478
0.3959493137
0.3583311021
0.4645834879
0.3254058291
0.4391648964
0.3341874839
0.5080756720
0.4201786133
0.2919447590
0.5058135579
0.3861807164
0.3551170786
0.4239707010
0.4121806382
0.4462831981
0.3769719072
0.3800123563
0.4517546627
0.3718438041
0.2425148053
0.4385356350
0.4337555074
0.4300479750
0.4411429385
0.4910195539
0.4256497337
0.4018402094
0.6148733225
0.5049384718
0.4669880753
0.4715183838
0.5065818978
0.5349421051
0.3719850790
0.4818355506
0.5378569352
0.3346040293
0.5494318422
0.5991177226
0.5463222693
0.3164933882
0.4187967578
0.5079437884
0.5578405469
0.6430956398
0.5149859378
0.5250379929
0.4202619351
0.3766588423
0.5256009075
0.5697782740
0.4881957274
0.6220353339
0.5712848498
0.4134387609
0.6542911161
0.5115840028
0.5233994283
0.5659822816
0.4724651727
0.5188376714
0.6417271887
0.5285695386
0.3976363342
0.5494576487
0.5463170401
0.5285158715
0.5728482477
0.5509372219
0.7548015891
0.5242682372
0.5526161489
0.3667437571
0.5020706317
0.4660750632
0.5516485341
0.5919584612
0.5916043232
0.4180465024
0.6521397734
0.5734077080
0.4704220101
0.7147865870
0.5969702429
0.5881575915
0.7225376899
0.5110485717
0.5827824264
0.5805934526
0.4800567976
0.5969773513
0.5941775303
0.6643779944
0.6702462842
0.5367600578
0.4446849080
0.5651919609
0.4813593203
0.4722735616
0.6852574232
0.4235809906
0.5250527997
0.4275481039
0.5794374777
0.6417070968
0.5805262650
0.6491005426
0.6808199294
0.5172896711
0.5635022041
0.6866308018
0.6026777342
0.5535022353
0.5656718122
0.7408869191
0.5752611680
0.5811332851
0.6218309560
0.6547709733
0.4669320872
0.6543806346
0.6073540739
0.6606717459
0.7756186544
0.4532037231
0.5875799581
0.7370486202
0.7634008433
0.5735403759
0.5310150728
0.6045868012
0.8752031465
0.6263385077
0.6396534829
0.7369570199
0.5558254271
0.7331659896
0.7350960253
0.6208842998
0.6643680228
0.6700838417
0.5928433062
0.7247321596
0.7593650963
0.7413198272
0.6484634203
0.5804484378
0.6883480979
0.5930803122
0.7698623574
0.6975655449
0.7117366344
0.7612630964
0.7973785636
0.6762595297
0.7531934560
0.6524049132
0.5544123678
0.7209483740
0.6177170834
0.6924832565
0.6113369363
0.7330838649
0.8035195039
0.7538378144
0.6606797753
0.6469207401
0.6608085785
0.8378202445
0.7681590657
0.8585787870
0.9408337871
0.8190871450
0.7715579194
0.6587976678
0.7230672457
0.6360663549
0.7199949920
0.8645948122
0.8576405906
0.8295582500
0.6653309078
0.6434306785
0.8149557005
0.7610347148
0.7304017807
0.7553879507
0.7890156587
0.8084314527
0.7101657602
0.9176991876
0.8007237316
0.8407775774
0.7308192074
0.8061069633
0.9355144271
0.7002635647
0.7521712230
0.8453774154
0.7929403256
0.6798285764
0.8021701192
0.7953356913
0.8341230092
0.7211062273
0.7020412685
0.8208821678
0.7426674277
0.7927041770
0.9719868969
0.7774933395
0.8430957394
0.8978497208
0.8063746840
0.9284097223
0.7777883633
0.9294183182
1.0093487765
0.7874053141
0.7767503596
0.8153520499
0.9204636456
0.8930417685
0.8137798739
0.8386939480
0.7797038428
0.8790426758
0.8440666752
0.8491186139
0.9319413569
0.8699468115
0.7813854478
0.9554288594
0.8510437497
0.8197642183
0.7481280482
0.9867031849
0.7777924040
0.9237834507
0.8891164506
0.8540646479
0.9140758375
0.9584104765
0.8675610520
1.0116926634
0.8152575364
0.8244898397
0.9206142819
0.8075710750
0.8929092640
0.7525671807
0.9570870445
0.9580573073
0.8133343445
0.8102259836
0.9710306542
0.8776247534
0.9543404519
0.9112055230
0.7940678106
0.8293431505
0.8593321480
0.8507893887
0.9619375346
0.9550977587
1.0244162289
0.8761623551
0.8834982091
1.0358073601
1.0723612227
0.9541728874
0.9063443370
0.8726302999
1.0233394959
0.9067022529
0.9729063094
0.8953532552
0.9191678058
0.9042515582
0.8969485580
1.0211761198
1.0128707813
0.9219251953
1.0558761478
0.8723177262
0.9394466629
0.8657315113
1.0405284570
0.9506913817
0.8958163477
1.0128220909
0.9531204507
1.0201581751
0.9847095249
1.0573049648
1.1050447807
1.0498294370
1.0047618976
1.0471608594
0.8970533764
1.0721856827
1.0473751209
1.0187690682
1.1248014542
