-0.8938962268
-1.0252250726
-0.9734978407
-0.9338871945
-0.9726950454
-0.9473670309
-1.0352776626
-0.9103187100
-0.9723568854
-1.0073878642
-1.0469776068
-0.9822714365
-1.0862854410
-0.9996864018
-0.9511681844
-0.9417451005
-1.0143060822
-1.0339004173
-0.8962780357
-0.7352656895
-1.0016614299
-0.8670520431
-0.9342084280
-1.0078495810
-0.9133210144
-0.8858016208
-0.9983810130
-0.8088739311
-0.9739158351
-0.9087508245
-0.9665219697
-0.8656737876
-0.7727456467
-1.0538140890
-0.8525376813
-1.0176775180
-0.9246286486
-0.8050269823
-0.7740789382
-0.7868029771
-0.8901642139
-0.7349729210
-1.0377008821
-0.9453154168
-0.9398484377
-0.7125711993
-0.8228529999
-0.8476286595
-0.9220105318
-0.8189082214
-0.7858537689
-0.8950824309
-0.9611475759
-0.8404462889
-0.8868461958
-0.9941582356
-1.0377232660
-0.8199407558
-0.9789523278
-0.7694368151
-0.8423979157
-0.9725038186
-0.8529727135
-0.8361235082
-0.9262633157
-0.9047416690
-0.8449317726
-0.8978168188
-0.9061275946
-0.8409007599
-0.9329978893
-0.7805179241
-0.7094043534
-0.7586061715
-0.9726253356
-0.9498236393
-0.8205862840
-0.8678962500
-0.8330873414
-0.7907949126
-0.8121816776
-0.7491007173
-0.8106997344
-0.9885525018
-0.7326068359
-0.7244811102
-0.7957990634
-0.9598679147
-0.9542135667
-0.7822916482
-0.8288807198
-0.5449337568
-0.6854345769
-0.8854213361
-0.9141717210
-0.7627912912
-0.7855796255
-0.8046392700
-0.8355373534
-0.8117413593
-0.8894774034
-0.8324690750
-0.7419817778
-0.8491589730
-0.8443639937
-0.8098540093
-0.8881224578
-0.9636649206
-0.8864454935
-0.7228037789
-0.8281016443
-0.8427003101
-0.7673681011
-0.8102133101
-0.8385817019
-0.6834440990
-0.6982918624
-0.6236185288
-0.8322449107
-0.6004485852
-0.6070864763
-0.7002119211
-0.8108619557
-0.6829608673
-0.7374847705
-0.5684154111
-0.6029245006
-0.6050859911
-0.9275088088
-0.7055546501
-0.6828747498
-0.6800353136
-0.7077803062
-0.7422037274
-0.7248882503
-0.7881731568
-0.6066340855
-0.6797349489
-0.7230952873
-0.6495341099
-0.7889601233
-0.6720347610
-0.7092540606
-0.7854817496
-0.6123839024
-0.8010212856
-0.7151117783
-0.7300112522
-0.7886718629
-0.5200783944
-0.7102224290
-0.8056509464
-0.5785714695
-0.6716202045
-0.6456851947
-0.6915615442
-0.7481387419
-0.5849009593
-0.7100234427
-0.7974797400
-0.8078309669
-0.6115260100
-0.5194246760
-0.6849104800
-0.5800532725
-0.7090483613
-0.7311319250
-0.6842459563
-0.6196837490
-0.7942121251
-0.7181401083
-0.6603332825
-0.6945269102
-0.6436867125
-0.5946754189
-0.6885336834
-0.6357046449
-0.6429731508
-0.6655827848
-0.5877566384
-0.6263731806
-0.5008471891
-0.7021108137
-0.5808384890
-0.7159683146
-0.7333143359
-0.5395064831
-0.6401962528
-0.5921028204
-0.6729478404
-0.6669234771
-0.7006148423
-0.6981955827
-0.6865410832
-0.6888821359
-0.5880719070
-0.6215989663
-0.4491673493
-0.6053483448
-0.5883590416
-0.5321543169
-0.5379025934
-0.5006009821
-0.5218075583
-0.6021593825
-0.5849365674
-0.6804689134
-0.5086203724
-0.5539725283
-0.5482529022
-0.8199970843
-0.6439009281
-0.6236616522
-0.6104183749
-0.3689625390
-0.4634820231
-0.5271707605
-0.5369922942
-0.5360792142
-0.5961614088
-0.6127495264
-0.6380109544
-0.4978964975
-0.5465072122
-0.5977203703
-0.5051404027
-0.6543263896
-0.4967385739
-0.5714178218
-0.5226416242
-0.3125728908
-0.6161989465
-0.5778948881
-0.6139246891
-0.6178570864
-0.5041265916
-0.4837822548
-0.5045523980
-0.5415942208
-0.4885467323
-0.5465338167
-0.6142353473
-0.4530883927
-0.5021110025
-0.5041802996
-0.5505241118
-0.5438997680
-0.5475756867
-0.4525164061
-0.5473020673
-0.4392754932
-0.5456878738
-0.4367145468
-0.5122655308
-0.5424288927
-0.5001516590
-0.3043636325
-0.4642536080
-0.5743707353
-0.3967090449
-0.3430694523
-0.4615941215
-0.4477762303
-0.3859275884
-0.5365007266
-0.5812512318
-0.5033039664
-0.5191349857
-0.4018694803
-0.3776434408
-0.3833374770
-0.3809088261
-0.4044497551
-0.4147458048
-0.5732782621
-0.5160503432
-0.3936515832
-0.4424008391
-0.4094459404
-0.3631936859
-0.3131729221
-0.5399271902
-0.3691308791
-0.3550567535
-0.4722410815
-0.4087810964
-0.4096453107
-0.4215869325
-0.4609573700
-0.4101875039
-0.4993715820
-0.4992769275
-0.5408639194
-0.3796206045
-0.5536472001
-0.3095218104
-0.3450896527
-0.4774188855
-0.2733717266
-0.3804662752
-0.3819756926
-0.4274277063
-0.4349772334
-0.3181958609
-0.2615690819
-0.4299485070
-0.3707794620
-0.4324838134
-0.3528320912
-0.3153918720
-0.4877576583
-0.3898374194
-0.4803442238
-0.3336167987
-0.3681136835
-0.2771649346
-0.5369346231
-0.2878877868
-0.4219508697
-0.2432863884
-0.2679937452
-0.3490088028
-0.2676583949
-0.3110819080
-0.2737378944
-0.3886897759
-0.3941894375
-0.5222895967
-0.3668438927
-0.2804111664
-0.2789957722
-0.4251058529
-0.3314368784
-0.4398551056
-0.3439431594
-0.2100576851
-0.4065096473
-0.3349662246
-0.2515982970
-0.3352450638
-0.3550335586
-0.1793965170
-0.2269680554
-0.1193651734
-0.4453163116
-0.3696759280
-0.3027778045
-0.3037301599
-0.2730528549
-0.2922059805
-0.2876794295
-0.3588594584
-0.2151865506
-0.1917234298
-0.3868619968
-0.2092612298
-0.4280125066
-0.3346014917
-0.3764328809
-0.2973312002
-0.2848728288
-0.3255877588
-0.2318410220
-0.3736099828
-0.4726273898
-0.4371214844
-0.2407814430
-0.3193777102
-0.1089970635
-0.2966918623
-0.1927565529
-0.2115488619
-0.2156926233
-0.2235640069
-0.2933442608
-0.1899066203
-0.2262627263
-0.3127547786
-0.2097739841
-0.2185340708
-0.3525689646
-0.0938872413
-0.3014298546
-0.3882296170
-0.2940890912
-0.2757517155
-0.1494065103
-0.1345730162
-0.1352560028
0.0045649137
-0.2770388847
-0.3415138363
-0.1529937614
-0.2846226683
-0.1778275440
-0.2416621692
-0.1815436602
-0.2306405876
-0.3160788466
-0.3107384711
-0.2845011080
-0.1994676825
-0.0909128368
-0.1654519163
-0.1176366846
-0.1426523136
-0.2959966879
-0.0359021129
-0.2018010268
-0.1256466991
-0.1950154431
-0.1216409230
-0.0696455194
-0.0643449191
-0.2478448853
-0.2431288095
-0.1079739407
-0.3207528671
-0.1709936907
-0.2233570142
-0.3083231522
-0.2310427126
-0.0851341562
-0.1030834662
-0.0172649472
-0.2076584730
-0.1904022827
-0.1062869440
-0.0949443785
-0.0784928138
-0.1538612743
-0.1677478578
-0.1362804533
-0.0686157147
-0.0369575585
-0.1450837464
-0.0549732937
-0.0294923255
-0.2701940579
-0.0694270359
-0.0387664333
-0.1026591801
-0.0959326540
-0.0397143821
-0.0276043120
-0.1393608813
-0.0798604896
-0.0646598992
-0.1288582365
-0.0229139076
-0.0346875645
-0.1386642815
-0.1812696506
0.0103807282
-0.1164411748
-0.1175405862
-0.1330624164
0.0054441599
0.0300971265
-0.1222534708
-0.1293268090
-0.0910235467
-0.1211124932
-0.1482895994
-0.0930728954
-0.1370133101
-0.0124130126
-0.0361702028
-0.0804788385
-0.1314317874
-0.1903044187
-0.1480527210
-0.1121651503
-0.1351462061
-0.1141213034
-0.0386577601
-0.0092956351
0.1100801013
-0.0376232671
0.0146746687
0.2180687522
-0.0261624815
-0.0082014334
0.0742069205
0.0511318591
-0.1554334028
-0.1581051961
-0.1183927381
-0.0100832919
0.0723170143
-0.0866664744
0.0867475593
0.0113394755
0.0055244068
0.0748533564
-0.0401147526
-0.0120816339
0.0358292263
-0.1419240002
-0.0826190285
-0.0728407957
0.0658567828
0.1314886638
-0.0269748479
-0.0798921831
0.0328781479
-0.0869165724
0.1140974433
-0.1583689293
0.0110766043
-0.0004656602
0.1876182457
0.0274448825
0.0218885490
0.0104620734
0.1019062452
-0.0232113711
-0.1629231423
0.1029642752
-0.1356753792
-0.0456244041
-0.0013498090
0.1271099353
-0.2218607626
-0.1155705971
-0.0225223015
-0.1052887910
0.1022036514
-0.0668026278
0.0160126958
0.0859669099
-0.0564015196
-0.0294858731
-0.0791884554
0.1016214736
0.1126411725
0.0464787492
-0.0296107149
-0.0095435181
0.0793435423
0.0934206307
0.0897709523
0.0888797601
0.3152105308
-0.0920695929
0.2547431713
0.1766625188
0.1495904606
0.0094403166
0.0605335451
0.1525464743
0.0112912347
0.0860118274
-0.0400014336
0.1086175023
-0.0563563263
0.1577837413
0.1284552220
0.1034100998
0.1080480561
0.0751294538
0.1224529921
0.1487574962
0.1567207157
0.0960065429
0.0886048425
0.1510218552
0.0612075655
0.1904517499
0.1490231144
0.2714208164
0.0475949470
0.2024400304
0.1553056672
0.0166858592
0.1468595807
0.0344995263
0.1262867493
0.2208663750
0.2530715223
0.1221404849
0.2047771793
0.1814833593
0.2217161991
0.0915182373
0.1217185141
0.2738141256
0.1885498742
0.0873960722
0.1795433427
0.2134444151
0.3081838082
0.2423207691
0.1673645511
0.2616416406
0.0780975819
0.2027889411
0.2709339344
0.2614600315
0.1883267781
0.0472816010
0.2449101562
0.1688137831
0.3039411349
0.2463154080
0.1234977813
0.1729955117
0.3019594084
0.1185680707
0.2603432822
0.1289239210
0.1582011120
0.3203695053
0.2852082607
0.2551637871
0.1897809676
0.2491555968
0.0567691089
0.2713107900
0.3747048094
0.3602946841
0.1252504180
0.3905503464
0.2112256175
0.2703290888
0.2305990453
0.1845407560
0.1414092571
0.2410179521
0.2792216801
0.3864407017
0.2524793091
0.1320741322
0.2032058094
0.3111566935
0.2664058966
0.3438629583
0.2915481022
0.3375758790
0.2566151988
0.2639611735
0.1420945666
0.2741260761
0.1507066153
0.3051618450
0.4226452812
0.3774250320
0.2102129017
0.3552908222
0.4748888768
0.1727173523
0.2903082944
0.1488714919
0.3105388677
0.1837759260
0.2320690460
0.3504580903
0.2067432979
0.3095543167
0.2758480726
0.3127970522
0.3747056949
0.2581429355
0.2121585790
0.2476905251
0.2909085719
0.3229136342
0.3072696658
0.2309909765
0.3338306423
0.4413609689
0.2923703464
0.3827486363
0.3005863966
0.2206729699
0.3151450844
0.4566201252
0.3091285130
0.3375506351
0.3973258251
0.3846148075
0.3166920066
0.2563469550
0.3280394409
0.4379621063
0.3806220612
0.4795093130
0.4114263858
0.5150139435
0.4130492679
0.3194656131
0.4263508645
0.2978405072
0.3969829423
0.2187183756
0.4582010583
0.4079051020
0.3583688134
0.4708489204
0.3286227195
0.4104641246
0.3507156787
0.4935843391
0.4173725462
0.3006715694
0.5203795238
0.3833307673
0.3675947360
0.4271967349
0.4025288500
0.4243001982
0.3808263209
0.3598972847
0.4385499637
0.3562853239
0.2417823580
0.4461690206
0.4439383784
0.4386851469
0.4347917402
0.4785709021
0.4363355544
0.4061735713
0.6103635239
0.5194380396
0.4803097688
0.4778155561
0.4902709601
0.5238583182
0.3701934326
0.4553380025
0.5096913853
0.3629412446
0.5735741433
0.6163801381
0.5448565599
0.3136728526
0.3833063109
0.4990446581
0.5689978755
0.6180834882
0.5062839725
0.5455464571
0.4228810304
0.3876707958
0.5136904988
0.5698993863
0.4859984861
0.6350071891
0.5530587696
0.4159674859
0.6633795348
0.5117075547
0.5126957597
0.5628791810
0.4885302856
0.5168734011
0.6614875562
0.5358767307
0.4188080193
0.5362578803
0.5380681077
0.5277303658
0.5858003851
0.5284993989
0.7410708989
0.5192035993
0.5337105674
0.3823060003
0.5104849852
0.4724546016
0.5216182132
0.5849235725
0.5563711805
0.4157779606
0.6561465807
0.5713851962
0.4779024737
0.7332942644
0.6074254349
0.5876733564
0.7118272447
0.5113523632
0.5826746709
0.5962642251
0.4939160048
0.5952987389
0.6040268901
0.6552419480
0.6520544199
0.5374160806
0.4629430744
0.5603722622
0.4968304837
0.4584625897
0.6690771891
0.4109925400
0.5325517783
0.4498990021
0.5940194784
0.6537298725
0.5904577956
0.6449216644
0.6897553819
0.5007985007
0.5559257224
0.6990311606
0.5813127624
0.5626601088
0.5346631222
0.7516875264
0.5640189821
0.5626678555
0.6545304552
0.6286832778
0.4588750507
0.6239943738
0.6396391913
0.6632603088
0.7713800832
0.4645117185
0.5892177012
0.7327321121
0.7688218726
0.5746962324
0.5300639981
0.6085061600
0.8731479468
0.6531673734
0.6254496020
0.7518486704
0.5365596789
0.7294369765
0.7378687882
0.6307859690
0.6758765539
0.6692193741
0.5784100885
0.7259339872
0.7782228774
0.7302914755
0.6435963127
0.5789772726
0.6759625388
0.5914045525
0.7625200137
0.7036762285
0.6898084352
0.7505007023
0.8017082057
0.7132056191
0.7400839744
0.6284704534
0.5620341781
0.7346158295
0.6275144861
0.6840682249
0.6107805061
0.7293883221
0.7986323556
0.7453779936
0.6789235377
0.6349109990
0.6408747681
0.8155584962
0.7411694360
0.8680421402
0.9279220846
0.8334059307
0.7566293809
0.6664725675
0.6914835668
0.6355202228
0.7103504159
0.8556677579
0.8548889822
0.8398215726
0.6691684630
0.6615302654
0.8256364593
0.7801277827
0.7466763181
0.7700523421
0.7869572340
0.8406974259
0.6970964863
0.9169714543
0.7973078777
0.8294104259
0.7237581927
0.8170293385
0.9333606948
0.6913358951
0.7247538313
0.8217144202
0.8047234247
0.6760314652
0.8153864774
0.8017930681
0.8329756284
0.7127640071
0.6961935228
0.8246635875
0.7666719620
0.8121961495
0.9342778043
0.7830845121
0.8215106509
0.9265891929
0.8053407666
0.9130350219
0.7684418475
0.9290444660
1.0043112656
0.7854707443
0.7980134971
0.8192863795
0.9052934613
0.8724534025
0.8125266170
0.8410270534
0.7686325154
0.8709631557
0.8297711576
0.8534745567
0.9511281180
0.8770449604
0.7963290712
0.9361991166
0.8255357094
0.8192946919
0.7686160672
0.9977716095
0.7705462774
0.9371424213
0.8584834695
0.8708432002
0.9217362374
0.9675391196
0.8791365807
0.9948254719
0.8274170697
0.8332994647
0.9256031103
0.7981366199
0.9092730967
0.7446360549
0.9502988675
0.9671822803
0.8208119205
0.8381544122
0.9523158208
0.8717929120
0.9533315998
0.9177311430
0.8072453503
0.8466975399
0.8528365771
0.8236248966
0.9665835373
0.9365291016
1.0040107412
0.8750615628
0.8696563969
1.0307622015
1.0916509516
0.9474100922
0.8972808621
0.8838520018
1.0017809616
0.9127056929
0.9502617043
0.9017394531
0.8958655707
0.9047184157
0.8657334494
1.0183132984
0.9806903031
0.9097267897
1.0492762828
0.8746796479
0.9532848673
0.8770199007
1.0343423886
0.9548127329
0.9069431937
0.9919224232
0.9607753824
1.0191245912
0.9931497817
1.0677536110
1.1130834407
1.0622074232
1.0161459350
1.0352548955
0.9134652979
1.0706678061
1.0485637106
1.0329695408
1.1275952857
