-1.1497553541
-1.0882298750
-1.0069772359
-1.0030575915
-0.9788403140
-1.0967138263
-1.0969762596
-0.8945459467
-1.0721463799
-1.0147213154
-0.9201504808
-0.8011698296
-0.8961055769
-1.0249038273
-1.0162189161
-0.9225313887
-0.9244393064
-0.8628668028
-1.0562418327
-0.9732381854
-0.8899297552
-0.9401830134
-1.0270835953
-0.8125567354
-0.9508830091
-0.8451053419
-1.0226043858
-0.9835913834
-0.9579297427
-0.9485779289
-0.9496110628
-0.8361541306
-0.9299541510
-1.0954640691
-0.7978011319
-0.8411380094
-0.9343431837
-1.1054479352
-0.8588471856
-0.9091455627
-0.6791325570
-0.8426652321
-0.9075909624
-0.9709565413
-0.7626070357
-0.8516582812
-0.9080530406
-0.8896371705
-0.9949104692
-0.9215598566
-0.9074546730
-1.0784721744
-0.8939566923
-0.8307244408
-0.8693948901
-0.8054875652
-0.8916785524
-0.9877504298
-0.8474952525
-0.8986004294
-0.9268855166
-0.8770947125
-1.0616036442
-0.9558810401
-0.8419072669
-0.8278804740
-0.7788344137
-0.7255778563
-0.8858478289
-0.9296404379
-0.8131658996
-0.9299462192
-0.8086816716
-0.9599598108
-0.8911577256
-0.8899484951
-0.7272876975
-0.7965637426
-0.8661407738
-0.9815030933
-0.7682439452
-0.9588905100
-1.0388541592
-0.8958146315
-0.8610986337
-0.8093308563
-0.6903547622
-0.8890800226
-0.8605217267
-0.7582771703
-0.7994873739
-0.8672149864
-0.7642401480
-0.8453030921
-0.7488564012
-0.7301640098
-0.8177193621
-0.8380950313
-0.6891388939
-0.8375833370
-0.6949066349
-0.7656723994
-0.7075557336
-0.7520415883
-0.7322399990
-0.8997669235
-0.7796732127
-0.7354440689
-0.7856750050
-0.7493095362
-0.9050189898
-0.6780993710
-0.7789386967
-0.7618601450
-0.6890273863
-0.8185831916
-0.7428142959
-0.6121141895
-0.8714199128
-0.7838927061
-0.7484861669
-0.8142810305
-0.9442249517
-0.7458000669
-0.8178288669
-0.8201585883
-0.6629117055
-0.6908180317
-0.8395978133
-0.7685859077
-0.8309734570
-0.8678367131
-0.7331320536
-0.7291015554
-0.6337882878
-0.6928901368
-0.6799227058
-0.7842876707
-0.5941039111
-0.7470526421
-0.7629454172
-0.7165632889
-0.7178896328
-0.7271508294
-0.6887774708
-0.8586239463
-0.5261104486
-0.6370639305
-0.7182691120
-0.8256366166
-0.7240495947
-0.6408872005
-0.6208665736
-0.6188595790
-0.6035722296
-0.5468733188
-0.6346648291
-0.7900110028
-0.5951881499
-0.7594287733
-0.5987968796
-0.8414397363
-0.7553291587
-0.8715274039
-0.8034469416
-0.6063301408
-0.6908147833
-0.7405547623
-0.6664517352
-0.6708222019
-0.7215356389
-0.5868409372
-0.5289923216
-0.5652157503
-0.6616466552
-0.6253635939
-0.6250738119
-0.8223868884
-0.5340449822
-0.5589835295
-0.7285757760
-0.7005139778
-0.7137746500
-0.5059979920
-0.6186677439
-0.6223021531
-0.6045282799
-0.5637878808
-0.7322089427
-0.6296445301
-0.5797654022
-0.6283572551
-0.6393254657
-0.6616051857
-0.5928794837
-0.6778520668
-0.6217081478
-0.7237762148
-0.6818040577
-0.6824032623
-0.6624832098
-0.6800654954
-0.7112230603
-0.5052093284
-0.3710293135
-0.5429918520
-0.5955908179
-0.5956459989
-0.5355217090
-0.6534782835
-0.5568367844
-0.4865323983
-0.5768453093
-0.6098991129
-0.6628136480
-0.3933480128
-0.5495065391
-0.4087895966
-0.6565520744
-0.5485695184
-0.4809242223
-0.6593397870
-0.4739765417
-0.5874431399
-0.5439238685
-0.5820020829
-0.5958333440
-0.4585474695
-0.5899771622
-0.5489582509
-0.5813760667
-0.3678356748
-0.6832046643
-0.6355725499
-0.6194536809
-0.5873867065
-0.3958770174
-0.4398272149
-0.6060481296
-0.5990887330
-0.5302326899
-0.5147608703
-0.6057997768
-0.5294269875
-0.5119447304
-0.5278354612
-0.5138045888
-0.4658418108
-0.5015336823
-0.5020999924
-0.6436161966
-0.5102550944
-0.5184847353
-0.5709978746
-0.5072183868
-0.5475196609
-0.6327790412
-0.4224333915
-0.5978469875
-0.4507941391
-0.3731612303
-0.5100068359
-0.5878981844
-0.5180207091
-0.4293033250
-0.6169554826
-0.5159812411
-0.5837021208
-0.4998072991
-0.4646702860
-0.4896535323
-0.4361358081
-0.4434545708
-0.3962848048
-0.5638959761
-0.3768386149
-0.4199294770
-0.4188588197
-0.4894486982
-0.2842025116
-0.5741191201
-0.4851173488
-0.4103755959
-0.3457744458
-0.3576984381
-0.6113088214
-0.4358290612
-0.5662863237
-0.5119211175
-0.4109738532
-0.4173434122
-0.3924688741
-0.3475568400
-0.4706825015
-0.3855141214
-0.5435215967
-0.3933454641
-0.3260490174
-0.4072630445
-0.3533514055
-0.4070251719
-0.4339485247
-0.4027498207
-0.3110296780
-0.4278826390
-0.4699711103
-0.4089655343
-0.3769841857
-0.5242802853
-0.2857119302
-0.4728415115
-0.3956599664
-0.5155922256
-0.4524268743
-0.4028092149
-0.3164112643
-0.3790786378
-0.1947615502
-0.4237077404
-0.4154083632
-0.2799780168
-0.2967171916
-0.3297983472
-0.3007986716
-0.4115027340
-0.2838822918
-0.5416708848
-0.4097425752
-0.3343283321
-0.1964503015
-0.2318329386
-0.2909270005
-0.2972605684
-0.4045073111
-0.4684699287
-0.1713327516
-0.2293810734
-0.3820921346
-0.2629475950
-0.3270404806
-0.3718579451
-0.4404166572
-0.4252691046
-0.2987265881
-0.2984226322
-0.3276184709
-0.4564637865
-0.3730020694
-0.3665127594
-0.1549816496
-0.2264092081
-0.3415902657
-0.2204349047
-0.4160953043
-0.2321318715
-0.3168751920
-0.3816095940
-0.1320359002
-0.2579203585
-0.2919671768
-0.3235619945
-0.2775322608
-0.3323169601
-0.3811886288
-0.3027806325
-0.3975391421
-0.2422255235
-0.3863764833
-0.3611891631
-0.4097519281
-0.2360844904
-0.3168136854
-0.2560246410
-0.2277199289
-0.2889514653
-0.1868244216
-0.2422661840
-0.2368662322
-0.2332343274
-0.2780175131
-0.2672055364
-0.1532904913
-0.2245947004
-0.2383042619
-0.2034428994
-0.0812751418
-0.2555425916
-0.3260832498
-0.2607365783
-0.2463007975
-0.3046457674
-0.2514205538
-0.1704055267
-0.0982317592
-0.4081434421
-0.2250880051
-0.2224875131
-0.0917702169
-0.0367706281
-0.1374262224
-0.3310741096
-0.3252490281
-0.2103420154
-0.3217803175
-0.2040385439
-0.2152907417
-0.1569195946
-0.2592618319
-0.0954040335
-0.1550417525
-0.2268304977
-0.0469335906
-0.1340656387
-0.1477534517
-0.1588877081
-0.2232111881
-0.1853440190
-0.0955178220
-0.1310773259
-0.2555601673
-0.2399175493
-0.1570115826
-0.2032543183
-0.2400545064
-0.1341508695
-0.1991444393
0.0322101011
-0.2830900995
-0.0453048822
-0.1772743241
-0.2156988607
0.0185452435
-0.0207704831
-0.0711799559
-0.0439506586
-0.1015388859
-0.1398746489
-0.1668937921
-0.2382901019
-0.0517795729
-0.1466460776
-0.1720486854
-0.0662051792
-0.1121291459
-0.0841569562
-0.1680724383
-0.0422838523
0.0461732154
-0.1642321792
-0.0928715550
-0.1473374092
0.0092916343
-0.0680597761
-0.0434622048
-0.0181720908
-0.0365851874
-0.0636200302
-0.0832205203
-0.0327366225
-0.0380120641
-0.0442905829
0.0034241681
-0.0011275904
-0.0437424007
-0.0168415162
0.0603090305
-0.1035146693
-0.1327279936
-0.1273183386
-0.1652605401
-0.0645296463
-0.0139020161
-0.0027661843
-0.1299143809
0.1511397506
0.0094202248
0.0106931417
-0.0780630403
-0.0834092672
-0.2307380229
-0.0648973296
0.1119140514
-0.0198906807
0.0634791196
-0.1415224790
-0.0906669265
-0.0512437253
0.0018958620
-0.1165468044
-0.0585419400
-0.0566261231
-0.0123960250
-0.0339356955
0.0350714714
0.0251007390
-0.0022976457
0.0791598257
-0.0533513530
-0.1022067263
-0.1108081037
0.0942814408
0.0170506545
-0.0407272759
-0.0185100741
-0.0788422970
0.0562077120
0.0101268041
-0.0095095463
0.0760880730
-0.0847919149
0.0121143541
-0.0306308987
0.0423790238
0.1356683381
-0.1097610454
0.1145481795
0.0457253079
-0.0027864106
0.0408180051
0.2170444829
0.0918267451
0.0292032039
0.1420783478
0.0813130819
0.0419373063
0.1957012417
0.1119309754
-0.0399458690
0.1235716645
0.2049235614
-0.0493320073
0.0709217855
0.1623730336
0.0794887558
0.2362599122
0.1209168647
-0.0095867381
0.0057620404
-0.0079494243
0.0015373301
-0.1381670843
0.0942923407
0.0373491131
0.0236853740
-0.0166314780
0.0082455943
0.2630695513
-0.0557362419
0.1472131456
-0.1382845879
-0.1040031933
0.0131357414
0.1208477859
0.1456263423
-0.0168890502
0.0844061508
0.1976856417
0.2058755969
0.1505249737
0.1323845468
0.1124407132
0.1407981358
0.1628685277
0.0944921447
0.2217551831
0.1441406395
0.1209793058
0.3018624920
0.1324873870
0.2127899688
0.1154669466
0.0526763470
0.3303500240
0.0752276026
0.1284876954
0.2065510258
0.1034299726
0.1979680548
0.2121627107
0.1494607925
0.2062606210
0.0700385450
0.2169211687
0.2286351850
0.0448367105
0.0335157207
0.1690227559
0.1671803426
0.1013985877
0.2152453584
0.1758739639
0.1497668355
0.2188175610
0.2172727120
0.2463881991
0.0930021258
0.2739831279
0.1127487389
0.4357196843
0.1371580893
0.2812971585
0.2739081350
0.1772886193
0.2535303889
0.2461810515
0.1365647302
0.4097766896
0.3060743029
0.2085464583
0.2978102922
0.1997746289
0.2471262594
0.1536465742
0.2418213147
0.2805983468
0.3108610988
0.0305155931
0.2284499281
0.2117276667
0.1947850149
0.2100482823
0.2443686318
0.2227814713
0.2299911466
0.3140866553
0.4493860168
0.2401311151
0.2100647748
0.1418234931
0.2853789921
0.3520696015
0.2048457087
0.2171195535
0.2228249035
0.3265070740
0.3196902445
0.3637198177
0.4694710679
0.2466676069
0.3532525896
0.3022827402
0.4048881950
0.4171440376
0.3048662571
0.2624343656
0.3407478839
0.1279397581
0.2903945289
0.3139273455
0.3720995324
0.3164862686
0.1383410630
0.3016744809
0.2958384193
0.2863912336
0.1334147130
0.2818940895
0.2113350636
0.2586626747
0.1509150061
0.2552049038
0.2575590510
0.2537006973
0.4342517763
0.2295038898
0.3834604789
0.4170960924
0.3018773427
0.4114481373
0.3262048649
0.4599923785
0.3181088169
0.3720429924
0.3503402776
0.3129667594
0.3882972013
0.3286823504
0.4154689789
0.2895384197
0.4344667129
0.3496667616
0.2936527088
0.4220352199
0.3544621038
0.5417807804
0.4939688150
0.3327712090
0.3122260987
0.3352578900
0.4090685996
0.3314006862
0.3905486142
0.3555796320
0.4299021385
0.4109024982
0.2333516384
0.1957300855
0.3785433243
0.5306239607
0.4434956887
0.4699829048
0.3217399725
0.3667299056
0.4788179363
0.3594576392
0.3947403164
0.2085392967
0.4050273125
0.3707860077
0.4305353950
0.4626727121
0.3726475433
0.5631399795
0.4813665016
0.4566469283
0.3793168374
0.5017373550
0.2616931023
0.4925412240
0.4326375208
0.4611320246
0.5317242586
0.4328819724
0.4821748495
0.4034526101
0.3394170138
0.4175251285
0.4311856490
0.3643790349
0.5152784619
0.4260198039
0.6334327988
0.3937665192
0.5208377678
0.4228385592
0.4582429802
0.4284926768
0.4684501535
0.4818358996
0.4195755278
0.5644801782
0.2893990430
0.4623745234
0.4654539051
0.4869777206
0.4519356942
0.4304530258
0.4904884160
0.4782941625
0.4573331893
0.4465368293
0.5094398149
0.4177241142
0.4316418031
0.5040115511
0.3884055546
0.3948621359
0.4876355114
0.3636201998
0.6436107569
0.4637521675
0.5929970215
0.5303913126
0.5062451223
0.5640782342
0.4941889442
0.3945637601
0.6488296004
0.4119620561
0.4796779865
0.5006384992
0.5262862012
0.5424901712
0.5310108164
0.6320549589
0.4818505650
0.4953089574
0.6114208102
0.4357414337
0.5805625365
0.5919535965
0.6248583024
0.5222622281
0.4115117048
0.6840617277
0.5414166774
0.6128436482
0.6313898868
0.5326050428
0.6270209751
0.5288000132
0.6551712525
0.6091784424
0.5691201578
0.6890673815
0.4751003056
0.5527814113
0.4815273015
0.4890244143
0.7176260885
0.5930151684
0.6269007909
0.5973754884
0.6820234938
0.6192280524
0.5635524066
0.5896681420
0.6525192405
0.6370798955
0.5862995161
0.6698462995
0.7796479276
0.4640743238
0.5864229146
0.6990429874
0.7089735747
0.5229724038
0.6974963212
0.6030422984
0.5792110836
0.5714480514
0.6443851458
0.5992306073
0.7559141339
0.8783412338
0.5300416613
0.6316530438
0.5295774906
0.6909601682
0.7610957863
0.7164297119
0.6305219441
0.6900966512
0.6964585694
0.5985510343
0.7442798788
0.7183692917
0.6911515054
0.8066216825
0.7328284016
0.6378858299
0.7056757643
0.7673408239
0.6930978664
0.7441775503
0.6078312663
0.5992261606
0.6675817669
0.6566077260
0.8213550000
0.7338608177
0.8573791947
0.6898488098
0.7020721496
0.6084961809
0.5245861527
0.6739945602
0.7426521516
0.7986120131
0.7647645147
0.4958335500
0.6564222325
0.8453019443
0.7127417627
0.8201487325
0.7264740527
0.7632057774
0.8994771126
0.6314836771
0.6855806253
0.8327686352
0.6808401100
0.7497068915
0.7065744321
0.7513747673
0.5916130457
0.7962658229
0.7027255691
0.5714817998
0.6474505792
0.7118189093
0.8108675353
0.6923211285
0.7386677945
0.7481019624
0.7770906848
0.8999912194
0.7257508533
0.8050509925
0.8268140758
0.7136415602
0.7929794097
0.7867876127
0.8074107640
0.8672746297
0.8009687838
0.6948093207
0.7548364439
0.7427835240
0.6889804615
0.7956127203
0.7263438075
0.8351555699
0.8461362079
0.8050872998
0.8195706864
0.9616043604
0.8248875223
0.9622903781
0.8402260389
0.6260659398
0.7821975210
0.7564492685
0.8494983168
0.7690231574
0.8079463685
0.8353489356
0.8715803081
0.7161557329
0.8089461413
0.9688037864
0.8502836665
0.9471644802
0.8373167401
0.9338933312
0.9281162058
0.7105368194
0.7784527647
0.8355579336
0.9541364886
0.8570685004
0.9489157148
0.9681028086
0.8364643079
0.8189228676
0.7636129792
0.8398311202
1.0511212780
0.9848707878
0.9913454795
0.8256291821
0.8755601062
0.9741473297
0.9762685179
0.8384648634
0.9105316041
0.8443088441
0.9119179826
0.8709534671
0.8068392276
1.0097289081
0.8751833644
1.1905161830
0.9984471877
0.8236815413
0.9672996328
1.0748802689
1.0345315734
0.9207693590
0.9161704781
0.8629798756
0.9824013186
0.8846948962
0.8742591957
0.9801824179
0.8426970381
0.8993936172
0.7907783250
0.9936924090
0.9572792363
1.0837368528
0.9906463321
0.8873422262
0.9023361830
0.8029780328
0.9439302584
1.0858527129
0.9332204035
1.0960355769
1.0636862290
1.0513786135
1.0840381771
0.9995625625
0.9343747886
1.0167977097
0.9815577385
1.0430028099
0.9092558914
1.0937190088
0.9655691018
1.0266560916
1.0797120760
1.1535343816
1.0325518381
0.9508904084
1.0641195380
0.9075416083
1.0384573603
1.1164510882
1.1000283944
