-1.0728975378
-0.8848573683
-0.8499310057
-0.9811469706
-0.9776014861
-0.9711368109
-1.0438741523
-1.1468897770
-0.9244468691
-1.1244903967
-0.9864216670
-0.7879562269
-1.0160516848
-1.1166484017
-0.9818227654
-0.7850254137
-1.1473224440
-1.0728268926
-0.9739675799
-1.0248401577
-0.8642454472
-0.9486611561
-0.9688080834
-0.9913089643
-1.0374013293
-0.7572897434
-1.0515348750
-0.8590762960
-0.9553628143
-1.0156085236
-0.9599676228
-1.1182292541
-0.7047087380
-1.0315232135
-0.9098525086
-1.0063378376
-1.0506556565
-0.8871340703
-0.9398043098
-1.0101440574
-0.8450158515
-0.9001102768
-0.9816198701
-0.8577542135
-0.9366500758
-0.9094383222
-0.9519348903
-0.8330302918
-0.9046874965
-0.8633526070
-0.6790334788
-0.8646938785
-0.9254045838
-0.9154612414
-0.9802718439
-1.0064135380
-0.9748686727
-0.8163302235
-1.0709271126
-1.0228757231
-0.8324997742
-0.9360150249
-0.7117982889
-0.9227341322
-0.8362064513
-0.8117344839
-0.7745789949
-0.9820618208
-0.9289172509
-0.7571268851
-0.8249074777
-0.9295039702
-0.9006153772
-0.9459481947
-0.9255007809
-0.8549232458
-0.8549086355
-0.7888018457
-0.8601739529
-0.7700302047
-0.9030335595
-0.8995318284
-1.0769122773
-0.8980070685
-0.9106858772
-0.7355063222
-0.6316103711
-0.8733628938
-0.7236758321
-0.6972882633
-1.0030779551
-0.6788480762
-0.9037444705
-0.7786875831
-0.9001137554
-0.8073420256
-0.8659052507
-0.8065878181
-0.7191831104
-0.7473294820
-0.7631107979
-0.6777833542
-0.8358534508
-0.7628678902
-0.7653188243
-0.7491549347
-0.5545628783
-0.7961304263
-0.7501614391
-0.8362369156
-0.8564563376
-0.7895371622
-0.7130117212
-0.7057563264
-0.7892999031
-0.7975735145
-0.7772479225
-0.5354680012
-0.7122536677
-0.7408437479
-0.7510573042
-0.6191066458
-0.7318828316
-0.6569999651
-0.7800066672
-0.7861778805
-0.6546590216
-0.7482744084
-0.6058237192
-0.5704003160
-0.8667801757
-0.6815004223
-0.7601564851
-0.7340013922
-0.8077029825
-0.6391792039
-0.5095840635
-0.7160860522
-0.8907451052
-0.8471622733
-0.7038473034
-0.6759456891
-0.7123370727
-0.6843265460
-0.7095624039
-0.7058707698
-0.7330547659
-0.6195395561
-0.7863567430
-0.7667623406
-0.7481981878
-0.6593761296
-0.7535144892
-0.6348868390
-0.6998806200
-0.8650259054
-0.7213631597
-0.7442797533
-0.6161287320
-0.6624718977
-0.5950201436
-0.5804660723
-0.7911953526
-0.7457113002
-0.8411876985
-0.7326458978
-0.6318439129
-0.6474187530
-0.7016736657
-0.5801295890
-0.6959755765
-0.5986626506
-0.5577490501
-0.6897169304
-0.6497868745
-0.7484694816
-0.5292686817
-0.7464437376
-0.7679382848
-0.5416406252
-0.7226467023
-0.6838140472
-0.6351134945
-0.6573451670
-0.5543672513
-0.6540143250
-0.5851359249
-0.5531945733
-0.6621461277
-0.7176322203
-0.6576751598
-0.5205758865
-0.6557161744
-0.5548651414
-0.6677382164
-0.5366726190
-0.5897683324
-0.6356298840
-0.6742736983
-0.6068344477
-0.6107089227
-0.6942266582
-0.6942823384
-0.6404365177
-0.5746649695
-0.5475289881
-0.7458139017
-0.6056945496
-0.6544452639
-0.6083543027
-0.6780172593
-0.7190064592
-0.6503791154
-0.6196053542
-0.6456046973
-0.6802267682
-0.4413751655
-0.5826545711
-0.4704590040
-0.5877822986
-0.4606118000
-0.6120741139
-0.6118040876
-0.5775276859
-0.5702232300
-0.6303453796
-0.5699356633
-0.3696885046
-0.6588603083
-0.4366010945
-0.5406611405
-0.6343841830
-0.6606092391
-0.5468951185
-0.4759925830
-0.4960650228
-0.5555674001
-0.4675663453
-0.4986477600
-0.5915025788
-0.4410165510
-0.7445022962
-0.3607619932
-0.5310447141
-0.4929969014
-0.5519727418
-0.4781981338
-0.5738538184
-0.5870568802
-0.3793619655
-0.5312112442
-0.5995134501
-0.4443221050
-0.6276951946
-0.3622885703
-0.4568605829
-0.5431829278
-0.5316785471
-0.3306783914
-0.3662037176
-0.3488502073
-0.4944920649
-0.4878402967
-0.4227875656
-0.5583853765
-0.3314977330
-0.2584895005
-0.4231800560
-0.4896012759
-0.5638326503
-0.3100844185
-0.5273172812
-0.4598891786
-0.3971549992
-0.4880859942
-0.3501262993
-0.5283242168
-0.4419536803
-0.4885479197
-0.6081920982
-0.4576050192
-0.3317893304
-0.4997427232
-0.4763966034
-0.3076048913
-0.3412534255
-0.2390799293
-0.4419343877
-0.5075629882
-0.4388660750
-0.3999310748
-0.4894214033
-0.4126339431
-0.3873692672
-0.3005197260
-0.4227023460
-0.4160911024
-0.4281676268
-0.3497148131
-0.5337371314
-0.2497213397
-0.3774574392
-0.3743947640
-0.2773102715
-0.4897660789
-0.3989500089
-0.3975583512
-0.4755371693
-0.3598638255
-0.0873616733
-0.3511515757
-0.3590921865
-0.3514966424
-0.4021882290
-0.4399464311
-0.4693008744
-0.2031565229
-0.3613094534
-0.3826664816
-0.3281274346
-0.3788696993
-0.3294698527
-0.3384944852
-0.2087458552
-0.3376614578
-0.5686742087
-0.2708917925
-0.5028858134
-0.3059740948
-0.4750893905
-0.4173442470
-0.3552088727
-0.4169407540
-0.4110772300
-0.2900193445
-0.2280336405
-0.3293658346
-0.4125881681
-0.2747567399
-0.3382762098
-0.2377434254
-0.2229140700
-0.4222369167
-0.3889446503
-0.4512785627
-0.3033379802
-0.4393432698
-0.2748819198
-0.3329592644
-0.1118359685
-0.3204533606
-0.2701341732
-0.1807527945
-0.3161347757
-0.4421363023
-0.2773455758
-0.2061793461
-0.3775203216
-0.2876045157
-0.4468042953
-0.2902310546
-0.2360484942
-0.1752744226
-0.4506772339
-0.3007126025
-0.2082841179
-0.3653710098
-0.3579989949
-0.2935778454
-0.2232476971
-0.3035730027
-0.3143766603
-0.1640318893
-0.1096894591
-0.4307989020
-0.1957888989
-0.3089511668
-0.2375791453
-0.1624041710
-0.2548585547
-0.1633626359
-0.2475655131
-0.1849859628
-0.3892996780
-0.1831543942
-0.3897449509
-0.2817971296
-0.4565813887
-0.2738516719
-0.2106749959
-0.0781092752
-0.1956637156
-0.3079910889
-0.2381773284
-0.2230618067
-0.1391134805
-0.0698918059
-0.2320808503
-0.2612717600
-0.1972784049
-0.1811842674
-0.1749601422
-0.2098434239
-0.2232098144
-0.2294775050
-0.1524752891
-0.2239638946
-0.2250400474
-0.1227998626
-0.1691667516
-0.2705110252
-0.1854705233
-0.2330593090
-0.1390419110
-0.2413184926
-0.0697855085
-0.1614894014
-0.0984375816
-0.0822894974
-0.2458016696
-0.1443760832
-0.0267773176
-0.0562588952
-0.2076949254
-0.1049811013
-0.1134259610
-0.1568195699
-0.1944097596
-0.1919951910
-0.1222302705
-0.2156923521
-0.0466513996
-0.0702040395
-0.0080858764
-0.0051065524
-0.1445447914
-0.0191922136
-0.0880466872
-0.0758050172
-0.0781685191
-0.0540593107
-0.1661807792
-0.1039894584
0.0265336677
-0.2590517219
-0.1075238149
-0.0614594616
-0.1276238315
-0.1363458613
-0.0730573687
-0.1491368344
-0.0264957363
-0.2558888312
-0.1446214799
-0.1284322341
-0.0242574780
-0.1278741784
-0.1225255604
-0.0417123025
-0.1619800148
-0.1479208482
-0.0799457388
-0.0949216552
-0.2118214665
-0.0591836358
-0.1936998274
-0.0895943441
-0.1164883784
-0.0546040287
0.0856261914
-0.1821885286
-0.0618448888
-0.0808240638
0.0425488565
-0.0242125980
-0.0404605225
-0.1532633453
-0.0376177938
-0.0149095730
-0.0835556576
0.0687085026
-0.0919886978
-0.0463453337
-0.0752150046
0.1142278681
-0.2816783249
-0.0478689152
-0.0852765375
-0.1063313360
-0.0283117332
-0.1437454411
-0.0175957156
0.0106699625
0.0465688203
0.0803604404
-0.0353678225
-0.1320104024
0.1421546706
-0.0274704445
0.0592334551
0.0396635357
-0.0296529948
0.0432990731
-0.0314611196
-0.0142797469
0.0818112699
-0.0331687048
-0.1457246821
0.1666680370
0.0266238819
0.1850989493
0.0601416850
0.0834957087
-0.0696608220
0.0507805451
0.0147629810
-0.0010203359
0.0990672839
-0.0324334729
0.1484694440
0.0624035367
0.2427473215
0.2428843720
0.1061708015
0.1207006057
-0.0237061391
0.0520547266
-0.0493352559
-0.0416914440
0.1288841764
0.0088274664
0.0691166787
-0.0141128142
-0.0201837768
0.0320100630
0.0919565456
-0.0407150072
0.0224892073
0.0516622672
0.1172332402
0.0226081549
0.0692443809
0.0973829990
0.1281590345
0.0275074288
0.0309955646
0.0866502246
-0.0018959350
-0.0161447011
0.1691268355
0.1640270851
0.1911700959
0.0799396238
0.0064274949
0.0381309300
0.1464441443
0.1831950434
-0.0241578689
0.3771597981
-0.0124935505
0.1079520176
0.2560321189
0.0597932695
0.2269678053
0.2455405627
0.0768823507
0.1599306044
0.2518984023
0.1314518747
0.2158259249
0.1374017639
0.1546414409
0.0837131435
0.1366543435
0.2819702263
0.1596199477
0.2461614918
0.0848734607
0.1722863238
0.1192437450
0.2013277169
0.0982225160
0.2006564231
0.2119754295
0.1025155094
0.0604947378
0.1818580095
0.2951955111
0.1927889374
0.1279557892
0.1942912914
0.2952045303
0.0691943290
0.1141001814
0.2363419933
0.0721777334
0.1796185823
0.2740398204
0.1862844382
0.1398423458
0.2567142687
0.2593165280
0.1774562907
0.1414411306
0.0862540855
0.3612922388
0.1416677113
0.1938443788
0.2482494490
0.3598735921
0.3783709462
0.4123622575
0.1538609500
0.2087551569
0.0768584201
0.4190904826
0.1877946230
0.2168319991
0.2177891944
0.2364040547
0.2978269947
0.2067872711
0.2407693744
0.2104906054
0.2537659469
0.4080580934
0.1708223919
0.2144057092
0.1703271010
0.1805943771
0.2961911565
0.3293837242
0.2387934592
0.1475189657
0.3418703156
0.3457156730
0.1853891477
0.3350176911
0.2672995851
0.2121093782
0.3261449100
0.1456519247
0.3656024879
0.1674303822
0.1864064313
0.3535866166
0.2914083543
0.2867927641
0.2460592568
0.2849436777
0.4860249368
0.3557532610
0.4466481920
0.2776582531
0.2769644131
0.2916945824
0.2552783279
0.4077306294
0.3122602064
0.2097345537
0.2548085166
0.1918690903
0.4676542534
0.3635596010
0.2913281951
0.3071180320
0.4022831314
0.3504057577
0.2139121079
0.1471005350
0.1699881876
0.3527040541
0.4808222085
0.2714202922
0.3631771570
0.3420778356
0.3911005808
0.4242058426
0.4884143977
0.3659285510
0.3471413169
0.2373190399
0.4188914053
0.4962101937
0.4686956937
0.3466016078
0.4504211885
0.2762164310
0.3705575919
0.2461868399
0.2990362256
0.3497458144
0.3359743554
0.3907248475
0.2124986040
0.3703307040
0.3239877569
0.4030026050
0.3529668116
0.4021712398
0.4648804910
0.4977347812
0.4361781228
0.2639453392
0.3878242918
0.3582778511
0.5252325909
0.4024108073
0.4199438251
0.4534864280
0.4457243540
0.4941028776
0.3961179648
0.5931023522
0.4639021687
0.3523174153
0.2822199816
0.3893525633
0.3670363241
0.4616341040
0.4760951680
0.4849978646
0.4997744197
0.3342568194
0.4866322163
0.2631991131
0.3969463395
0.5787434946
0.5598921121
0.5863416655
0.3069713063
0.4499928296
0.3731109601
0.5493332198
0.3726023232
0.5394446191
0.3374300849
0.4602836082
0.3092184150
0.3866703491
0.4743504018
0.4853190183
0.3192492658
0.3864393617
0.4382715454
0.6117315484
0.5296632037
0.6117664039
0.5238710740
0.4164457590
0.6271008646
0.5618492197
0.4693268244
0.5019644451
0.4015293145
0.4425804183
0.4866922266
0.5399664578
0.4976409919
0.6749053838
0.4768855643
0.6157557709
0.5457844969
0.5266697164
0.5263502527
0.3571492676
0.4011101229
0.5582084985
0.4529435715
0.5145767513
0.3871258979
0.5617315599
0.4702863582
0.5021857894
0.7003247157
0.4915959986
0.4979523843
0.5467014308
0.6049806694
0.5442940781
0.6223916660
0.5333498594
0.6581604886
0.5374191887
0.5828076842
0.6300875050
0.5452594978
0.5548967542
0.5626513989
0.5386988235
0.4409744167
0.5425986247
0.5361312901
0.6099096241
0.5535507310
0.5700729418
0.6052025561
0.7276540126
0.6434168087
0.6758449081
0.6014464696
0.5330531672
0.5918389572
0.7161361534
0.6277468867
0.5771259933
0.7269488656
0.6421120103
0.6725621698
0.6292278555
0.6451542433
0.4910979429
0.6750548710
0.6816176326
0.8178288492
0.5091096207
0.6398310307
0.6718607763
0.6937716318
0.6759394994
0.5873150462
0.6752395971
0.7753195224
0.6558974230
0.6828769152
0.6704557582
0.5321110089
0.7230439874
0.6683438234
0.6860204192
0.6164827134
0.6429953998
0.6221649921
0.7537689230
0.7126721679
0.7724767195
0.7558845765
0.6443444594
0.6422546865
0.4942725028
0.7149466596
0.7389368482
0.8076752066
0.7207209264
0.6308778250
0.6436019225
0.7155188450
0.5717977981
0.4989784995
0.4780111374
0.7329905964
0.7111827338
0.6390534986
0.6376751057
0.4938993263
0.7252302462
0.9273732338
0.7142716369
0.7760357659
0.8092465407
0.7577338048
0.6744202725
0.8307747934
0.8299088302
0.6896885998
0.6287492686
0.6965001822
0.6987095401
0.7581679823
0.7322734673
0.7857255054
0.6809167576
0.7054069225
0.6917368852
0.6432816993
0.6532032525
0.8042236559
0.8052804078
0.6819992872
0.7043898326
0.6880723535
0.8084364542
0.6917089504
0.8168973910
0.7589683308
0.6859763925
0.6941759215
0.8480691430
0.7199849363
0.7851810405
0.8887021121
0.5905640724
0.8589934391
0.8447080057
0.8573865743
0.8564695370
0.7174034382
0.6866757509
0.8545882287
0.7493334256
0.7758680937
0.7079917079
0.7317153202
0.7554335226
0.7246571527
0.8738201645
0.8359140862
0.8217085173
0.7712654960
0.8459350774
0.9278818164
0.8602721321
0.8646810264
0.8583988223
0.8931350407
0.7188309008
0.9147153674
0.9353580967
0.7797637541
0.8668860854
0.8346142374
0.7879611058
1.0258732307
0.8832619903
0.7671042671
0.8629656351
0.7489155134
0.7483710433
0.8239636538
0.7913255243
0.7452373391
0.8762274207
0.8536809822
0.9028283291
0.8060929257
0.8690751826
0.9091845357
0.8941458514
0.9137201030
0.9799817664
0.8640878954
0.8774755351
0.8957608672
0.8025159680
0.9565781990
0.8250413208
1.0676939120
0.8590468979
0.8594398747
0.8384250135
0.9712719975
0.9287387100
0.9050988739
0.9573457765
0.8703925336
0.7938831201
0.8543076916
0.8611820520
0.6750176470
0.9266205852
1.1263750914
0.9896397984
0.9878142940
0.8989029815
0.8905298396
0.9694525509
0.9837215610
1.1416654906
0.8176232033
0.9769310958
1.0064107576
0.8856006703
0.8859309407
0.9348553743
0.9293670500
0.8745077176
0.9134500506
0.9242214302
0.8166636981
0.9884319851
0.9996828781
1.0382138120
0.9939284989
1.0360994911
0.8376382629
0.9874560047
1.0201973994
1.0524318120
1.0055717577
0.8860960898
0.8517704548
1.0714138711
1.1938012349
0.9508819781
0.8314803642
0.9171294452
0.9528166287
0.9305084898
1.0244702304
0.9374050076
