-0.9908154611
-0.9509262770
-1.0029090069
-0.9757768840
-1.0392375711
-0.9212074147
-1.0410310329
-1.0154753794
-0.9152982271
-0.9154600507
-0.9475053939
-0.9400220323
-0.9846597387
-0.9662248521
-1.0955503371
-0.9467060087
-0.9876204227
-0.9226909338
-0.9812668651
-1.0915791556
-1.0681672682
-0.8522152194
-0.8498448177
-0.8811736144
-0.8766137639
-0.9395710900
-0.9990013853
-0.8788315082
-0.9450672171
-1.0296997255
-0.8938631942
-0.8496070960
-0.9246033947
-0.5955778096
-0.9534468232
-0.8386715895
-0.7987600772
-0.9953081840
-0.8910301733
-0.9358475921
-0.9631480682
-0.9654336684
-0.7978423829
-0.9333425906
-0.9653888904
-0.8795888949
-0.7494587598
-0.7648098104
-0.9291695183
-0.8876543107
-0.9649500140
-0.8801703395
-0.7521550423
-0.8083350469
-0.9536235459
-1.0084618685
-0.8165761526
-0.9290084543
-0.8407458441
-0.9309037990
-0.7859724002
-0.9019720674
-0.8459263523
-0.8126323220
-0.7681472562
-0.8203655116
-0.9521530770
-0.8587846723
-0.9341459631
-0.8583026844
-0.8398420879
-0.7934545891
-0.8603721040
-0.8843892406
-0.9977392236
-1.0514895610
-0.9386901587
-0.8773241443
-0.9844778722
-0.9791300499
-0.8663485585
-0.7406071584
-0.7670273904
-0.8285370497
-0.7231539890
-0.8147841201
-0.9290572885
-0.8206291846
-0.8206548123
-0.8446614921
-0.8836831035
-0.7816350075
-0.8070939428
-0.9055017436
-0.7652366084
-0.7207116870
-0.7916839293
-0.8344876275
-0.9072676881
-0.9121576235
-0.8958752793
-0.8447278043
-0.7617156541
-0.7147309021
-0.7631623976
-0.7062156271
-0.6511814525
-0.7729516280
-0.7490878393
-0.7928501526
-0.6772980882
-0.7805423081
-0.7803461929
-0.7214267666
-0.8727259848
-0.6645494641
-0.7797098984
-0.7895493938
-0.6143822473
-0.8415163816
-0.7082049626
-0.6880728417
-0.7065816382
-0.6952637294
-0.6016070282
-0.8763412382
-0.7182143504
-0.7325879107
-0.9341909054
-0.7815377949
-0.7589301579
-0.6359186844
-0.7822277113
-0.8027864773
-0.7968325990
-0.6598633152
-0.6638599685
-0.7751174591
-0.7951933024
-0.8643996134
-0.6646910471
-0.7825985670
-0.6085732724
-0.7716230265
-0.6083948654
-0.7318798808
-0.6389078161
-0.7162956719
-0.8970909422
-0.6139321609
-0.5275820404
-0.6744831237
-0.8533427471
-0.7767617553
-0.6844209164
-0.7355782515
-0.5712492872
-0.7836647785
-0.7058826820
-0.6111187506
-0.7743084117
-0.7406837083
-0.7516268937
-0.6570336095
-0.5383664025
-0.6484360651
-0.6164169076
-0.5810640799
-0.6115858716
-0.7065621698
-0.7122798017
-0.6039888237
-0.6107124520
-0.6698284128
-0.6233539776
-0.5871500720
-0.5447771592
-0.7038131277
-0.6946142618
-0.5938891828
-0.6879050240
-0.6014954173
-0.6575254096
-0.6632532607
-0.5597715068
-0.5667700903
-0.8243027163
-0.5015374565
-0.6551886627
-0.6239994088
-0.5990589951
-0.5244591142
-0.6174138786
-0.6221489904
-0.7385014752
-0.7341445188
-0.6630524563
-0.7297376775
-0.6120469549
-0.5711331402
-0.5597458729
-0.7041419631
-0.5452511703
-0.6170140823
-0.5420731820
-0.6573663216
-0.6174876364
-0.5912198595
-0.5942803740
-0.5357393953
-0.5710340018
-0.4580152048
-0.4581887928
-0.6284682412
-0.5797874362
-0.6144672471
-0.4464923816
-0.5652747711
-0.6407569110
-0.6488419283
-0.5769770048
-0.4242798135
-0.5744003142
-0.5560560960
-0.5763038415
-0.5302070165
-0.5994433310
-0.6177240472
-0.4933463806
-0.7187745886
-0.4864845444
-0.5305023340
-0.4370035742
-0.6296638629
-0.4842119933
-0.6068592431
-0.4602226060
-0.5646346575
-0.4977107043
-0.7285675454
-0.6631422298
-0.6217674939
-0.4759935959
-0.6162370398
-0.5697891379
-0.5757200890
-0.3689518444
-0.4811633603
-0.4079667160
-0.4995617610
-0.4443953229
-0.4687470141
-0.4547126767
-0.4693287081
-0.4111510457
-0.5291749235
-0.5948604153
-0.4865283564
-0.4221693866
-0.4515974113
-0.4743165939
-0.5072256244
-0.3394154346
-0.5410798054
-0.4558403532
-0.4958418960
-0.4796064549
-0.4527606718
-0.5390780760
-0.5213703546
-0.3303902135
-0.3968762629
-0.4760412747
-0.5629644605
-0.4914869813
-0.4790816905
-0.3586756052
-0.3100107341
-0.5809573564
-0.3977064073
-0.4276449497
-0.4689536571
-0.4057300845
-0.3970116870
-0.3680759661
-0.3439946262
-0.4164824797
-0.4740032756
-0.4913440108
-0.3572701991
-0.4369761818
-0.4123021138
-0.2960140964
-0.3600220306
-0.4908653343
-0.5289654564
-0.3812945965
-0.3244957281
-0.3893551784
-0.4888566828
-0.3933999436
-0.3658412725
-0.4253900378
-0.5504775963
-0.3821144598
-0.5921232428
-0.4235501276
-0.3140635816
-0.3702527678
-0.3918798668
-0.4777565932
-0.4806749612
-0.3406528891
-0.4434248201
-0.2289559662
-0.4122925681
-0.3314032295
-0.3883983130
-0.3602246448
-0.3635042133
-0.3146454149
-0.4273173096
-0.4251792997
-0.2010574695
-0.4271472216
-0.4091320973
-0.3869711835
-0.4333913985
-0.2486547552
-0.2980472048
-0.2213550198
-0.3086098495
-0.2699468265
-0.3126150532
-0.3498725949
-0.2898889061
-0.2087201240
-0.2940840934
-0.3059397079
-0.2865710336
-0.2941342329
-0.2452574292
-0.2664980007
-0.4454011921
-0.2754844596
-0.3482651134
-0.2673390899
-0.4031639483
-0.2435055499
-0.3637511710
-0.2898739429
-0.4010156339
-0.3608376410
-0.2922428056
-0.3853223108
-0.2906335635
-0.2441219930
-0.2950313307
-0.2816924823
-0.3683671577
-0.2067889424
-0.4275059839
-0.2391557420
-0.2420128852
-0.2207751889
-0.1705687786
-0.3922174281
-0.2713063525
-0.0835490909
-0.3561237212
-0.2036543947
-0.2913469011
-0.1115157238
-0.2755014003
-0.2335986808
-0.2235526964
-0.3133568051
-0.2653448774
-0.1409830038
-0.2843984564
-0.1413777892
-0.1408086720
-0.1670756936
-0.0989984176
-0.2413313032
-0.2406198259
-0.2439658127
-0.0758278497
-0.2957701028
-0.2937626672
-0.1075614320
-0.2566402949
-0.2916706713
-0.2435000919
-0.2263241027
-0.1647482960
-0.2818315308
-0.2549644138
-0.3130425381
-0.1948204105
-0.2757802939
-0.1917276213
-0.1952130834
-0.3209638046
-0.0692828688
-0.2220741165
-0.0845083809
-0.2686720681
-0.3603224524
-0.1912182268
-0.0548715880
-0.2041485039
-0.1057565384
-0.2235195091
-0.1066096996
-0.1829398944
-0.2815023401
-0.0131454708
-0.1968897396
-0.2469050143
-0.2804862743
-0.1967388362
-0.1048950588
-0.3192741443
-0.0830621541
-0.2538619174
-0.1784325714
-0.1356288584
-0.2090813246
-0.0023795092
-0.2222308950
-0.2846252897
-0.1724497749
0.0142073340
-0.0406254175
-0.0785890093
-0.1778291521
-0.0584682615
-0.1439833067
-0.0448783719
-0.0667413309
-0.1644793664
-0.1981173668
-0.2076223893
-0.1892629761
-0.0857145683
-0.1419730726
-0.0995944511
-0.0197416858
-0.1819257083
-0.1577940414
-0.1834793432
-0.0041909615
-0.1146840107
-0.0713918817
0.0445528259
0.1151360698
-0.0058514414
-0.0449699298
-0.0975459859
-0.0260998786
-0.1298444673
-0.2405557208
-0.0595974304
-0.0880232054
-0.0077346580
-0.0407274472
0.0550688119
0.0002126160
0.0236544499
0.0419161944
0.0133747743
-0.1377003797
-0.0143403381
-0.0124789743
-0.0003898381
-0.0702927359
0.0429302134
-0.0646812998
-0.1269120517
-0.0613277570
-0.0771472641
-0.0947143716
0.0934182981
-0.1719430292
0.0745636728
0.1146957645
-0.1290126095
0.0853627227
0.0401523021
0.0778858216
0.1151856813
-0.0344954192
0.0687174086
0.0771961318
0.0041133109
-0.0328626396
0.0223982787
0.0026738324
0.0502941166
0.0115898181
0.0578284700
-0.1927250504
0.0632160871
0.1200103091
0.0007830072
0.1571742701
0.1061765938
-0.1405577209
0.0458804428
0.1399956983
0.1409130734
0.0414365994
0.0004958639
0.0898565100
0.2321378567
-0.1081420219
0.0001503039
0.0362043100
0.0341281989
0.1878065322
-0.0035668556
0.0522668169
-0.1546636380
0.1903657863
0.0231246841
0.0378019691
0.0050722590
-0.0019961060
0.0680262281
0.0653010523
0.1512207551
0.1439267540
0.1851225786
-0.0305382467
0.0677260590
0.0886851740
0.0213878011
0.1027713518
0.0640659206
0.0554902321
0.1075816378
0.0668502847
0.1732721551
-0.0069593033
0.0056165885
0.1807447953
0.0539363931
0.0967241701
0.0978203522
0.2356099904
0.1125941900
0.1789208187
0.0860097554
0.0688715049
0.1135768188
0.1423753670
0.1873837345
0.1548767609
0.1669240921
0.0999397338
0.2729887634
0.1384313197
0.0016584263
0.1432908353
0.1363278814
0.0913248000
0.1912448093
0.1392836062
0.1507104909
0.0768454655
0.0811933211
0.1430853850
0.2797035316
0.1011152079
0.1485050589
0.1909421137
0.1506704574
0.1939957320
0.1281585051
0.1690049041
0.1632141780
0.0351118403
0.1081580957
0.1444350207
0.1192907815
0.1663890145
-0.0648631117
0.2428853069
0.2870137549
0.0647375563
0.2404874061
0.0959557533
0.0859282244
0.1411191089
0.3327463137
0.2213798851
0.2393513182
0.3215204264
0.2336833438
0.1738310502
0.2584772211
0.0252480899
0.3053007416
0.2109307265
0.2305870224
0.2649204613
0.3462801392
0.2823526471
0.2374177288
0.1612448717
0.1995409333
0.0842721138
0.2560668865
0.2141253602
0.2903897379
0.3233991393
0.3470256848
0.1190632871
0.1032824236
0.3183327415
0.2880132309
0.3385725758
0.1803060226
0.1526734069
0.3211531352
0.1710312143
0.2585846248
0.2881625451
0.2609588836
0.2241303481
0.3019198165
0.3454851998
0.3354169369
0.3702852131
0.2372915640
0.3178425954
0.2040316104
0.1812750227
0.1617718185
0.3570768107
0.1154312398
0.4265329656
0.1830062017
0.2905403566
0.4210331971
0.2252853021
0.3983469954
0.3895291186
0.4145458946
0.2569254767
0.1102898638
0.2940580789
0.1701645504
0.2726328067
0.2352485339
0.2936576680
0.3062579814
0.2610772243
0.3912051648
0.4109500172
0.3954712086
0.2554207379
0.5063951302
0.3172690912
0.4739262592
0.3386765495
0.2315560021
0.3827422338
0.3320719823
0.3206240338
0.4310607855
0.1959544987
0.2647117962
0.3586263874
0.4472420327
0.3041970818
0.3859689371
0.3737570317
0.2484098531
0.3433364230
0.4338027323
0.3142455841
0.3402715385
0.3731379117
0.4932149329
0.2608964536
0.1554749833
0.3948333359
0.4107767890
0.4360373801
0.2685742840
0.2839118827
0.3865186823
0.4167588065
0.3592575033
0.2859135298
0.4655706545
0.3208653443
0.3176242609
0.4269833453
0.4705547239
0.3641616681
0.3769313779
0.4189218503
0.2705349799
0.4580286472
0.4801444646
0.4573067513
0.4077380316
0.4159591897
0.4313748377
0.4953528163
0.4030984661
0.4020792196
0.5337057977
0.4327181128
0.3755720906
0.4665552935
0.4345963320
0.4180533327
0.5267657447
0.3797195186
0.4880801222
0.4955068905
0.3509000858
0.4801738779
0.4427511885
0.4773506354
0.4598142812
0.4454824734
0.4263479357
0.4461776865
0.4179507315
0.4402416454
0.4520678258
0.5081081714
0.3790100639
0.5463179351
0.4658755616
0.3196236884
0.3819844245
0.4516757876
0.4173411921
0.4149045410
0.5167915492
0.3403559560
0.4517824900
0.3874847536
0.5005413759
0.4768035885
0.5371931753
0.5995999863
0.4424759259
0.5450147791
0.6215836957
0.3996267745
0.4525399783
0.5705475654
0.6335993973
0.4365198211
0.6300595352
0.6006006981
0.4796360924
0.5554175260
0.5983665936
0.4623379147
0.4350949161
0.5577572115
0.4852914595
0.5147474828
0.5133074857
0.4925236806
0.6515451135
0.5309796211
0.5661038421
0.4517950001
0.5618737103
0.5184193640
0.5527480128
0.4983547434
0.6116246210
0.5512337901
0.5863817034
0.4544264219
0.6454366517
0.5580438400
0.4899407807
0.4588610301
0.7164277319
0.4810105364
0.5871608842
0.6017368056
0.7075073210
0.7399035036
0.5415442770
0.4830584102
0.5894067580
0.5402247102
0.5917070387
0.5940702911
0.5702153968
0.7738974144
0.6638895572
0.5622409977
0.6175991267
0.5596106759
0.6635948909
0.6254350993
0.7308126911
0.7735020638
0.6124595463
0.6054922979
0.5892760780
0.7362468008
0.7901609767
0.6138191605
0.6460643492
0.6603878537
0.5967348779
0.7574095115
0.6061957938
0.6511893021
0.6214785479
0.7904701380
0.7175737387
0.6782216525
0.6124044734
0.6182424450
0.8032702355
0.7305430246
0.6518727741
0.6745903141
0.5435946356
0.7338892988
0.6181045020
0.6347150144
0.7792855899
0.6032794148
0.6867372482
0.6963423014
0.7382272039
0.6631336705
0.8279653481
0.6486942904
0.7213466604
0.7376047712
0.5621008668
0.8027638218
0.7681534594
0.6330179093
0.6565299213
0.6261595192
0.6626944462
0.6156878019
0.6545663875
0.8092343385
0.7257311302
0.7140002527
0.7842097949
0.7469605310
0.7481550144
0.7705211497
0.7962016576
0.6648944318
0.7526305247
0.6071294454
0.7990274416
0.7078980805
0.6043627736
0.7553000783
0.7045257797
0.8709227214
0.7678897771
0.8359004869
0.7208704585
0.7102658822
1.0308623096
0.7151973313
0.8504463896
0.7691911833
0.8422252203
0.7031365699
0.7019429802
0.7621212310
0.8599514838
0.6432679401
0.6762177236
0.8376408374
0.8845284590
0.8351141197
0.7015118989
0.8513546474
0.7637118807
0.8180117897
0.7178485306
0.8554354466
0.8078530892
0.8734956179
0.8821258200
0.7937085304
0.7789609738
0.8533266207
0.6852390514
0.7898531057
0.9060782927
0.8138173039
0.8261886653
0.7900121679
0.7864806557
0.6886415510
0.7587264695
0.7679669327
0.9273921904
0.7697655659
0.8090039068
0.8988808957
0.8421288449
0.8778797246
0.7845108947
0.7066322819
0.7763775213
0.7005128990
0.8604254656
0.8596968913
0.8079051599
0.9609164371
0.7677890853
0.8575697950
0.7508412343
0.8714846822
0.8544768594
0.8727118833
0.7856704554
0.9625962883
0.8572894465
0.9798488169
0.9389449719
0.8138015210
0.8473867692
0.9293056352
1.0814829458
0.9490098634
0.8723938569
0.8436773236
1.0083467830
0.8023188262
0.8359515837
0.9337681345
0.9770549267
0.9277608495
0.9584777161
0.8470862519
0.9781481717
0.8777671693
0.7989824394
0.8117509007
0.9587926829
0.9541666098
0.8072737296
1.0435001683
0.7541933915
0.8567892436
1.0871783871
0.9907784901
1.0602419139
0.9768740497
1.0207874208
0.8293081068
0.9850470724
0.9174147518
1.1807559852
0.9078934450
0.8516283244
1.0845157900
1.0142637583
0.9829326160
0.9811042180
1.0497655924
0.9467110603
1.0257305749
1.0406073470
0.9367355106
0.8079131008
0.9661508505
0.8646554631
0.8971334952
0.9928798327
1.0871700898
0.9973761237
1.0016608316
1.0366511343
0.9924218096
0.8774574125
0.9307480602
0.9829501770
0.9980541569
1.0116481312
1.0872805908
0.9961658534
