-0.9664631518
-0.9390573112
-1.0048015758
-0.9840643542
-1.0412801122
-0.9288414593
-1.0520989151
-1.0050956229
-0.8952697625
-0.9297503017
-0.9582027926
-0.9409110440
-0.9766228848
-0.9690494429
-1.1061483809
-0.9394506196
-1.0102782336
-0.9379881530
-0.9824148283
-1.0853156582
-1.0580511196
-0.8502230025
-0.8505822814
-0.9001593976
-0.8596171360
-0.9412301345
-1.0152830671
-0.8718343350
-0.9312355609
-1.0297523511
-0.9026764409
-0.8352300051
-0.9209996263
-0.6225506540
-0.9463049411
-0.8403436303
-0.7885485136
-0.9827335474
-0.8896264486
-0.9253960400
-0.9488172645
-0.9860771689
-0.7999290289
-0.9092497077
-0.9698231641
-0.8622651448
-0.7512186964
-0.7650861990
-0.9270271072
-0.8999925583
-0.9847361015
-0.8814444706
-0.7391488585
-0.8088125534
-0.9413014064
-0.9739889446
-0.8057978415
-0.9363583227
-0.8299156619
-0.9337487560
-0.7943709959
-0.9147530332
-0.8548987602
-0.8165298109
-0.7537862231
-0.8542135775
-0.9591881996
-0.8478267363
-0.9251160738
-0.8558824666
-0.8331172802
-0.7986995357
-0.8825266972
-0.8743168170
-0.9933873785
-1.0635396026
-0.9575855354
-0.8985053033
-0.9550126650
-0.9667340392
-0.8900178183
-0.7337831226
-0.7337541001
-0.8714195143
-0.7161818879
-0.8028210423
-0.9364229328
-0.8372993351
-0.8101454380
-0.8258837433
-0.9223015235
-0.7816598623
-0.8128724196
-0.9037011273
-0.7771190728
-0.6981925418
-0.7928925837
-0.8587181606
-0.9016870884
-0.8947903230
-0.8859781211
-0.8231557098
-0.7589904263
-0.6967016286
-0.7829864191
-0.6956610510
-0.6493716463
-0.7653624862
-0.7636183553
-0.8083968096
-0.6996296028
-0.7960717108
-0.7903265972
-0.7212558500
-0.8662901823
-0.6717088642
-0.7739110101
-0.7801017717
-0.6271268895
-0.8464197377
-0.6748180731
-0.7098645197
-0.6735081749
-0.7155529680
-0.5888155366
-0.8634808008
-0.7055204236
-0.7484569769
-0.9295075738
-0.7699740652
-0.7297452096
-0.6666889326
-0.7952992692
-0.8137373221
-0.7842647103
-0.6377676091
-0.6777894957
-0.7839203432
-0.7857682285
-0.8521753328
-0.6686301191
-0.7825482074
-0.6078840294
-0.7592439097
-0.6215122289
-0.7471031208
-0.6116542651
-0.7344468056
-0.8818864014
-0.6158007893
-0.5076542666
-0.6897255990
-0.8547736734
-0.7652645391
-0.6798734703
-0.7140848007
-0.5707286238
-0.7811272483
-0.7399985710
-0.6162406777
-0.7473629874
-0.7554592188
-0.7428344115
-0.6391768119
-0.5460983517
-0.6310994670
-0.6080026858
-0.5834353418
-0.6216808499
-0.7189388811
-0.7126996587
-0.5963592791
-0.6136320836
-0.6606292652
-0.6395492815
-0.5742430168
-0.5366004646
-0.7123148906
-0.6883376317
-0.5850442004
-0.6996313036
-0.5924156382
-0.6638852196
-0.6666000587
-0.5366577346
-0.5768859691
-0.8347433324
-0.4827946554
-0.6653462315
-0.6330859262
-0.6203619689
-0.5233389568
-0.6052738368
-0.6442796729
-0.7347711461
-0.7359486868
-0.6507505835
-0.7054935565
-0.6379688327
-0.5560469469
-0.5341782030
-0.7108079239
-0.5543538600
-0.6284983979
-0.5410274141
-0.6686618891
-0.6106427630
-0.5602077232
-0.5833923780
-0.5453210201
-0.5691718510
-0.4823337624
-0.4646617025
-0.6160946849
-0.5493723569
-0.6249696713
-0.4485300894
-0.5867849569
-0.6445816796
-0.6553403768
-0.5680197135
-0.4333539382
-0.5877847393
-0.5568914958
-0.5691298219
-0.5359599367
-0.6014119505
-0.6022680602
-0.4877340126
-0.7285175122
-0.4919655827
-0.5323182504
-0.4048978542
-0.6356469229
-0.4933864794
-0.6158289765
-0.4526065039
-0.5663143015
-0.5136552973
-0.7322765047
-0.6664084443
-0.6214505526
-0.4937466662
-0.6526292743
-0.5851511895
-0.5857109774
-0.3773738439
-0.4969666168
-0.4136665620
-0.4834695739
-0.4459661943
-0.4868565699
-0.4535008109
-0.5075359757
-0.3999938827
-0.5138642892
-0.5893026900
-0.4669990873
-0.4172072302
-0.4487968536
-0.4772226334
-0.4983233961
-0.3140289167
-0.5412738136
-0.4368169190
-0.4913034515
-0.4857619382
-0.4393745641
-0.5564915785
-0.5096747268
-0.3227529743
-0.4134801103
-0.4772317073
-0.5737681146
-0.5015138547
-0.4760056450
-0.3770497285
-0.3134825412
-0.6083034728
-0.4191539683
-0.4287441022
-0.4593475501
-0.3951290882
-0.3832478227
-0.3595843837
-0.3452607305
-0.4052661431
-0.4820119835
-0.4818982515
-0.3676485768
-0.4212755521
-0.4090804231
-0.2873315536
-0.3424565443
-0.5038114130
-0.5299436644
-0.3771301975
-0.3094241951
-0.4301687324
-0.4924419104
-0.3969026172
-0.3653729594
-0.4199698685
-0.5636055988
-0.3926993069
-0.5763203009
-0.4397956483
-0.3183981843
-0.3642437844
-0.4047931604
-0.4956594108
-0.5005150857
-0.3359297869
-0.4509161745
-0.2170918067
-0.4294094500
-0.3457438555
-0.4235907962
-0.3729282008
-0.3558571935
-0.3212898540
-0.4105107689
-0.4251453851
-0.1951037025
-0.4251994675
-0.4191887803
-0.3957278499
-0.4405310308
-0.2481178230
-0.2853997254
-0.1829464502
-0.3125506307
-0.2484697581
-0.3550461214
-0.3587269859
-0.3100732966
-0.2102483927
-0.3362709403
-0.2934527451
-0.2584175432
-0.2874450227
-0.2296031425
-0.2718234712
-0.4573020314
-0.3050573175
-0.3474792216
-0.2488166754
-0.4054590380
-0.2507975641
-0.3732214547
-0.2827160183
-0.3874630278
-0.3598368840
-0.3164914488
-0.3979660440
-0.2740315960
-0.2580814755
-0.3238371672
-0.2695113275
-0.3523900265
-0.2125299898
-0.4382176070
-0.2295549294
-0.2307324187
-0.2276573652
-0.2061048030
-0.3646288644
-0.2669358706
-0.0643556620
-0.3742782267
-0.1998912122
-0.2772650164
-0.1107847227
-0.2952900746
-0.2253241051
-0.2301028724
-0.3224781466
-0.2631532269
-0.1365318876
-0.2858332505
-0.1430726870
-0.1637756375
-0.1697444199
-0.0777174508
-0.2361768636
-0.2443156833
-0.2405883640
-0.0514321032
-0.3167493096
-0.2996236993
-0.1102244328
-0.2662740175
-0.3030296514
-0.2412241687
-0.2411536172
-0.1852988752
-0.2736253478
-0.2459488259
-0.3043851313
-0.1897968791
-0.2755879127
-0.1984962131
-0.1917097408
-0.3183420264
-0.0656025634
-0.2053309745
-0.0578056801
-0.2360265317
-0.3656701870
-0.1937944446
-0.0660255923
-0.2328930707
-0.0995817303
-0.2035622097
-0.0973420592
-0.1959386158
-0.2825768029
-0.0172403978
-0.2148192367
-0.2530787493
-0.2846482299
-0.1915230137
-0.0777597209
-0.2935989617
-0.0797862936
-0.2522997506
-0.1754352598
-0.1414700564
-0.2279218053
-0.0056820625
-0.2382258103
-0.2751305229
-0.1711896377
0.0169723675
-0.0244716752
-0.0678726217
-0.1590555150
-0.0645483336
-0.1316459634
-0.0765050135
-0.0650151542
-0.1628890521
-0.2104578424
-0.2059898166
-0.1910113345
-0.1023757562
-0.1512861082
-0.0988379800
-0.0101062015
-0.1737328134
-0.1454186978
-0.1719162275
-0.0058316868
-0.1211786381
-0.0678088887
0.0424611071
0.1302302203
0.0026757961
-0.0445682647
-0.0893168330
-0.0321712011
-0.1121732943
-0.2224271569
-0.0495982677
-0.1029664804
-0.0173577670
-0.0487808277
0.0819854940
0.0240163770
0.0109304062
0.0402099944
0.0114930119
-0.1292031629
-0.0311046453
-0.0149461150
0.0072501559
-0.0595042178
0.0505790019
-0.0604601107
-0.1630963626
-0.0562581422
-0.0630607111
-0.0646597443
0.0744485644
-0.1538827155
0.0690010731
0.1018896127
-0.1095879023
0.0858870096
0.0386924008
0.0920816214
0.0988181656
-0.0183729799
0.0617283363
0.0669624658
-0.0094838182
-0.0138139334
0.0178642905
0.0255349554
0.0795340043
0.0259772087
0.0728790493
-0.1868858784
0.0341523172
0.1194913640
0.0075572886
0.1414216355
0.1305807720
-0.1244857119
0.0439749754
0.1206634164
0.1266831346
0.0496734747
0.0031282279
0.0895467810
0.2044826164
-0.1072406012
-0.0131726725
0.0286912321
0.0325547822
0.1701438504
-0.0043457262
0.0696728506
-0.1446996757
0.1734810593
0.0090778372
0.0328044036
0.0059652722
0.0010420670
0.0782175589
0.0472055081
0.1365769590
0.1517536044
0.1719906229
-0.0211797017
0.0746927618
0.0795995871
0.0173008177
0.0924494545
0.0631989298
0.0504272683
0.0900829655
0.0888073162
0.1451115318
-0.0133085026
0.0004945740
0.1863105844
0.0648978695
0.0732498415
0.1254245116
0.2505808425
0.1104151195
0.1956331024
0.0815076811
0.0917111303
0.1029349850
0.1176463053
0.1982896429
0.1757420564
0.1621736559
0.0838015258
0.2758214670
0.1251088268
0.0091064029
0.1401949594
0.1310254836
0.1056625904
0.1770412684
0.1522757929
0.1640559562
0.0572870646
0.0814330190
0.1543564007
0.2725816348
0.0884593319
0.1225997251
0.1805079163
0.1455904423
0.1969887058
0.1125621301
0.1465193527
0.1876591574
0.0595320257
0.1358692189
0.1389312718
0.1023090930
0.1528156325
-0.0659530553
0.2393911027
0.2790223126
0.0903896915
0.2313607248
0.1138012090
0.1066313256
0.1380458250
0.3382851150
0.2134924674
0.2405838142
0.2929912571
0.2322742616
0.1679857221
0.2483161866
0.0378655196
0.3020731482
0.2089165121
0.1957855125
0.2775086346
0.3263006835
0.2925118360
0.2473829910
0.1544966805
0.1933609748
0.0910203915
0.2514834041
0.2369751740
0.2717437611
0.3062104183
0.3461602473
0.1036135868
0.0781204397
0.3154857087
0.2782531011
0.3482341887
0.1865964857
0.1619255743
0.3006524715
0.1982456898
0.2322846816
0.2988125949
0.2682991551
0.2151504705
0.2939543703
0.3665673869
0.3297517739
0.3573747898
0.2122765767
0.3058405274
0.2057979965
0.1821024657
0.1463605079
0.3515178098
0.0871967896
0.4157855983
0.1804232270
0.2637340104
0.4304058755
0.2313999728
0.3856127175
0.3898097164
0.3845863863
0.2550410086
0.1098110135
0.2697249800
0.1889177257
0.2718211000
0.2352960113
0.3068419362
0.2870116105
0.2658405491
0.4207686607
0.4165594919
0.3897385853
0.2605998724
0.5160855632
0.3287602121
0.4564053578
0.3533808722
0.2536286694
0.3894031400
0.3427468645
0.2959991636
0.4309799841
0.2065585437
0.2862102868
0.3723022951
0.4716701351
0.3078221740
0.3951503971
0.3584490488
0.2668335906
0.3252760350
0.4428570516
0.3090975875
0.3487083954
0.3949132412
0.5155831037
0.2522194093
0.1881321966
0.4047734761
0.4208909275
0.4319841572
0.2539132775
0.2745542960
0.3992701402
0.4237367951
0.3881052678
0.2846256133
0.4713072140
0.3112246086
0.3249071065
0.4379638447
0.4575576978
0.3593493058
0.3593552357
0.4178397232
0.2903134300
0.4412211757
0.4983682768
0.4693048872
0.3842369158
0.4107646685
0.4315212574
0.4862948391
0.4174488213
0.4165024396
0.5250464415
0.4557454187
0.3854609931
0.4813384196
0.4401953299
0.3966026646
0.5145196185
0.3827179589
0.4905818485
0.4664271571
0.3495058269
0.4492853776
0.4537297526
0.5027391398
0.4428147268
0.4822491532
0.4163867662
0.4442714805
0.4434890900
0.4558324679
0.4491581417
0.5037410212
0.3714774513
0.5360750626
0.4795979406
0.3193352928
0.4086636626
0.4712820304
0.3988066700
0.4240272893
0.4952827348
0.3538246578
0.4447851886
0.3690654171
0.5058205122
0.4742267220
0.5535730766
0.5852015690
0.4349322271
0.5534559247
0.6051223304
0.3946416403
0.4437974247
0.5582676249
0.6366308163
0.4449895092
0.6402746999
0.6028974712
0.4835369534
0.5530518704
0.5868242858
0.4467045943
0.4293795798
0.5350191710
0.4959693862
0.5204946322
0.4958010464
0.4786747082
0.6507583009
0.5296852468
0.5720021896
0.4448902503
0.5764750173
0.5209155841
0.5558259733
0.5229727292
0.6246572122
0.5471415164
0.5783568715
0.4488582944
0.6529836221
0.5466272408
0.4998239343
0.4540917257
0.7145092260
0.4879439172
0.6017453347
0.6245856199
0.6840829957
0.7358713342
0.5444089039
0.4910410753
0.5744411046
0.5527907614
0.5984712450
0.5923631171
0.5585778672
0.7758764729
0.6967728093
0.5488646452
0.6146658642
0.5707030508
0.6637379296
0.6155562963
0.7173752113
0.7908530218
0.5932609418
0.5685784222
0.5701444695
0.7376903295
0.7801976056
0.6412549729
0.6234714706
0.6473330020
0.5923403800
0.7696372760
0.6096970686
0.6370446143
0.6102970413
0.7725168861
0.6803997047
0.6670530448
0.6249915516
0.6075724340
0.8104876407
0.7198912134
0.6567191608
0.6759096541
0.5386685211
0.7388063644
0.6292958732
0.6434660046
0.7643965067
0.5928583657
0.6771588083
0.7018470912
0.7460632683
0.6579927428
0.8331120274
0.6469050858
0.6973766654
0.7205406987
0.5402822979
0.8083490819
0.7525852389
0.6287748726
0.6524464315
0.6541959203
0.6519390086
0.6125668900
0.6617430936
0.8229765690
0.7159566409
0.6912065822
0.7661725463
0.7502568233
0.7688371795
0.7504303230
0.7703156814
0.6941218405
0.7617825086
0.6020848839
0.7934261953
0.7027774367
0.6265364562
0.7586432216
0.7072801636
0.8577999107
0.7615561940
0.8390290640
0.7278288309
0.7217640608
1.0228694200
0.7059405333
0.8386560699
0.7474925677
0.8439050243
0.7367203169
0.6889168602
0.7580238440
0.8566522333
0.6433802247
0.6943975232
0.8281949387
0.8967395664
0.8349640298
0.7109393219
0.8479217291
0.7772770637
0.8191950015
0.7080616042
0.8573150254
0.8044252148
0.8709398658
0.8930435902
0.7899469557
0.7684168719
0.8435475026
0.7004561639
0.7875484978
0.8659444920
0.8151774537
0.8182820026
0.8018660556
0.7866251440
0.6874729943
0.7654045514
0.7969284920
0.9018518476
0.8052293334
0.7991691071
0.8861637714
0.8320282139
0.8678478539
0.7862666793
0.7083692508
0.7606461544
0.7184355855
0.8315116093
0.8411617783
0.8066574340
0.9568476354
0.7526501412
0.8627182573
0.7382938843
0.8627738424
0.8519445054
0.8942685079
0.7860508011
0.9445153462
0.8645124486
0.9520473801
0.9468712788
0.8121087997
0.8656266967
0.9411249669
1.0816563985
0.9331310777
0.8844265226
0.8410111350
1.0007055295
0.8027573806
0.8538836312
0.9325217398
0.9584503862
0.9475095074
0.9834083740
0.8462301775
0.9766142901
0.8980594927
0.7925661139
0.8034667431
0.9233094314
0.9548460891
0.8170697379
1.0609975287
0.7496170721
0.8720467273
1.0741810295
1.0013679564
1.0647529368
0.9882907249
1.0095205836
0.8640349329
0.9761271423
0.9005310084
1.1894090069
0.8928985038
0.8424534937
1.1007953332
0.9927607894
1.0054929471
0.9845295705
1.0370380056
0.9269879324
1.0153908440
1.0357753018
0.9438134140
0.8303853623
0.9349254243
0.8498869068
0.9098339195
0.9626364422
1.0933400708
0.9884618737
1.0020497322
1.0258705638
0.9976744962
0.8816562661
0.9304758504
0.9661402469
1.0059068406
1.0056174885
1.0730431686
0.9818513473
