-1.0713670146
-0.8805579118
-0.8504232177
-0.9596639434
-0.9451960745
-0.9695926166
-1.0360350100
-1.1383773564
-0.9298372679
-1.1120795439
-1.0003388482
-0.7746744438
-1.0295080943
-1.1374277114
-0.9958266862
-0.7861273058
-1.1380887654
-1.0673327372
-0.9669785186
-1.0203133661
-0.8711625135
-0.9477007884
-0.9755399652
-0.9900082640
-1.0627465799
-0.7636389173
-1.0723548202
-0.8595537135
-0.9558952609
-1.0244883889
-0.9634915784
-1.0873737410
-0.6934276252
-1.0219548276
-0.9120031640
-0.9913887411
-1.0609553310
-0.8856743343
-0.9189257996
-1.0007682071
-0.8588271743
-0.8810046314
-1.0037410467
-0.8709513035
-0.9436436888
-0.9034488847
-0.9557548147
-0.8577200820
-0.8885500253
-0.8391888994
-0.6999287068
-0.8303229798
-0.9259074907
-0.9308415299
-0.9859306255
-1.0133482951
-0.9816091726
-0.8419529173
-1.0908335297
-1.0233908467
-0.8379422582
-0.9165949927
-0.7253947970
-0.9135439985
-0.8418810255
-0.8130901043
-0.7798012325
-0.9758681125
-0.9361706899
-0.7495670676
-0.8398141508
-0.9495421812
-0.9112890690
-0.9462281351
-0.9408002160
-0.8623978837
-0.8575052294
-0.7699554337
-0.8475133835
-0.7950374192
-0.9170217419
-0.9090205272
-1.0885851737
-0.9189882247
-0.9159046719
-0.7332546506
-0.6447199727
-0.8682114971
-0.7218545711
-0.6911382057
-0.9910932731
-0.6864651480
-0.8929504573
-0.7930378691
-0.9065860144
-0.8224356881
-0.8308222776
-0.7980206945
-0.7362979109
-0.7248330942
-0.7713218754
-0.6465515436
-0.8477108301
-0.7338059001
-0.7639107707
-0.7108175512
-0.5306028963
-0.7988507345
-0.7724165471
-0.8256231401
-0.8447282351
-0.7865572933
-0.7127253523
-0.7249062134
-0.8002072043
-0.7798651023
-0.7915921267
-0.5458757502
-0.7074143096
-0.7484060840
-0.7675491299
-0.6210930546
-0.7200046426
-0.6562613076
-0.8071748877
-0.7875383144
-0.6727908335
-0.7384850044
-0.6193149109
-0.5725882665
-0.8621171295
-0.6842670598
-0.7516328450
-0.7097718394
-0.8187684919
-0.6245426153
-0.5444532999
-0.7164638431
-0.8829892925
-0.8232313393
-0.7167247021
-0.6801594273
-0.7085484456
-0.6919521331
-0.7206344178
-0.7286976063
-0.7126106990
-0.6256902563
-0.7919482713
-0.7693683764
-0.7698904726
-0.6837993241
-0.7849332463
-0.6133960459
-0.6987242601
-0.8592449824
-0.7152601715
-0.7498068616
-0.6185491209
-0.6678182729
-0.5884252440
-0.5860638579
-0.7965011892
-0.7598086536
-0.8126984469
-0.7182608142
-0.6305771942
-0.6447423887
-0.7092010568
-0.6183529774
-0.6875375495
-0.6200025415
-0.5577687062
-0.7049954757
-0.6599657206
-0.7308720539
-0.5246364427
-0.7477173478
-0.7653104885
-0.5277039476
-0.7398141221
-0.6802620695
-0.6430598086
-0.6448518847
-0.5535808579
-0.6563544523
-0.5793525662
-0.5534924886
-0.6617446794
-0.7214939713
-0.6505956638
-0.5090520773
-0.6486153069
-0.5363110516
-0.6796209219
-0.5359371671
-0.5905744572
-0.6497053137
-0.6736935149
-0.5970256282
-0.5996403666
-0.7018528006
-0.6890304775
-0.6512331216
-0.5624709692
-0.5373156575
-0.7459812304
-0.5962962594
-0.6659379735
-0.5885310180
-0.6830656915
-0.7085678411
-0.6358630998
-0.6037957917
-0.6673926605
-0.7171519666
-0.4308024201
-0.5802235785
-0.4645725382
-0.5929168279
-0.4437516329
-0.6218899060
-0.6351174896
-0.5699546676
-0.5606059359
-0.6135095357
-0.5627246235
-0.3833963700
-0.6577789840
-0.4525360645
-0.5442775727
-0.6334003201
-0.6643861036
-0.5337044435
-0.4982123991
-0.5184365442
-0.5640345939
-0.4767859492
-0.4758948114
-0.5965744698
-0.4510298110
-0.7686365744
-0.3599027500
-0.5039100906
-0.4803260134
-0.5592717446
-0.4779502488
-0.5847689025
-0.5783268999
-0.3517918009
-0.5380480811
-0.6009110870
-0.4501293540
-0.6143563423
-0.3430013139
-0.4689728857
-0.5198720019
-0.5279865335
-0.3613633515
-0.3815739946
-0.3484022453
-0.5044208675
-0.5177786604
-0.4427213687
-0.5487040300
-0.3267527193
-0.2592958417
-0.4238132122
-0.4720140679
-0.5699168038
-0.3143855804
-0.5407643675
-0.4729097807
-0.4170576784
-0.4957495551
-0.3489904206
-0.5212389113
-0.4353815492
-0.4871509221
-0.5896017293
-0.4413254415
-0.3370013615
-0.5056289863
-0.4934923917
-0.3053246255
-0.3307045639
-0.2304783165
-0.4169305864
-0.5145982199
-0.4482546637
-0.4138963015
-0.4658055226
-0.4159836948
-0.3801200905
-0.2843285138
-0.4516863361
-0.4438519252
-0.4327791997
-0.3659544413
-0.5095647736
-0.2670057298
-0.3660651842
-0.3499287729
-0.2724256852
-0.4772211623
-0.3673803539
-0.3780377180
-0.4722588215
-0.3457543112
-0.1058213605
-0.3628832794
-0.3620706431
-0.3298465453
-0.3941342011
-0.4630657884
-0.4729165401
-0.2070559156
-0.3642655827
-0.3897880745
-0.3684534262
-0.3733531316
-0.3287071034
-0.3378315055
-0.1990798088
-0.3417186649
-0.5559335372
-0.3007134906
-0.5263012175
-0.3081099189
-0.4838922774
-0.4263434176
-0.3421498826
-0.4361634229
-0.3990593631
-0.2919453723
-0.2174950452
-0.3077700367
-0.4211288792
-0.2570820920
-0.3506161168
-0.2559854642
-0.2143597229
-0.4288560624
-0.4000515053
-0.4432157647
-0.3093587700
-0.4459221892
-0.2870744512
-0.3172673945
-0.1185833072
-0.3235812303
-0.2842776702
-0.1857062922
-0.2907320675
-0.4410716317
-0.2808792512
-0.2072379560
-0.3964563180
-0.2900705684
-0.4586494530
-0.2987257769
-0.2390389691
-0.1705976016
-0.4452744888
-0.2853263705
-0.1876649215
-0.3967985563
-0.3550814095
-0.2814273588
-0.2325874377
-0.3086388381
-0.3376161221
-0.1838844201
-0.1056443257
-0.4110666950
-0.1699558430
-0.3053957191
-0.2664333536
-0.1601535961
-0.2633250582
-0.1558719714
-0.2627670425
-0.1684285096
-0.3861975014
-0.1921304943
-0.4083132474
-0.2878100660
-0.4497057589
-0.2496720847
-0.2014032842
-0.0732309625
-0.2213251361
-0.3044475044
-0.2319826460
-0.2433422959
-0.1464954274
-0.0586149888
-0.2319003057
-0.2700668442
-0.2081883592
-0.1639436549
-0.1624947918
-0.2010599080
-0.2239834132
-0.2281299000
-0.1398839184
-0.2367658783
-0.2138598712
-0.1004106649
-0.1818430191
-0.2381876412
-0.1903598026
-0.2316072712
-0.1272598013
-0.2542146195
-0.0906276623
-0.1462615721
-0.1218749484
-0.0945036096
-0.2520913644
-0.1550980479
-0.0073260985
-0.0451126205
-0.2216681273
-0.1083525898
-0.0924494886
-0.1529058100
-0.1994057366
-0.1651122174
-0.1284175215
-0.2184320722
-0.0532323067
-0.0516482740
-0.0184314028
-0.0049743979
-0.1440329284
-0.0260035240
-0.1017545934
-0.0613172922
-0.0954987496
-0.0472990413
-0.1479926624
-0.1052715782
0.0066802914
-0.2531386377
-0.1141557749
-0.0783545932
-0.1108594703
-0.1324511032
-0.0886721002
-0.1501573821
-0.0396668924
-0.2563028347
-0.1562061088
-0.1361052045
-0.0267211258
-0.1351227561
-0.1048046544
-0.0679650961
-0.1685706524
-0.1418020855
-0.0906856248
-0.0935094124
-0.2001191501
-0.0492737860
-0.1949628141
-0.0940736849
-0.1240463777
-0.0678917770
0.0936198932
-0.1479226920
-0.0684523747
-0.0627773773
0.0405304510
-0.0058666193
-0.0561764810
-0.1556438123
-0.0254788598
-0.0283319754
-0.0906821327
0.0615576521
-0.1025544080
-0.0516800265
-0.0550017660
0.0986842464
-0.2922278246
-0.0546144885
-0.0748256196
-0.1087346061
-0.0293090441
-0.1142586101
-0.0064839446
0.0140574184
0.0638671143
0.0762149900
-0.0364245961
-0.1315545920
0.1245546598
-0.0252807129
0.0701133919
0.0277453598
-0.0544018929
0.0104304812
-0.0240951016
-0.0230067399
0.0904590199
-0.0282653645
-0.1723595198
0.1613522129
0.0241238902
0.1679212867
0.0608212233
0.0847133278
-0.0845832700
0.0453447359
-0.0103263892
-0.0064970452
0.0879977582
-0.0356775814
0.1322872420
0.0582074993
0.2275999511
0.2607667518
0.0901234716
0.1227294550
-0.0393584600
0.0676606859
-0.0484316519
-0.0445083819
0.1524922671
0.0106521902
0.0566499374
0.0000598478
-0.0349313475
0.0418614558
0.0889448555
-0.0427361535
0.0242781685
0.0455958252
0.0975896392
0.0440929703
0.0618452615
0.0992366661
0.1447973911
0.0199303583
0.0293143027
0.1084026220
-0.0160402889
-0.0182695770
0.1735261438
0.1588731115
0.1877038814
0.0862369122
0.0063238996
0.0190167143
0.1560477261
0.1826171059
-0.0121630884
0.3717016966
-0.0119938531
0.1223403567
0.2532565481
0.0494983634
0.2532501698
0.2357881824
0.0945095237
0.1608001889
0.2399228436
0.1529224475
0.2398086753
0.1313589827
0.1520795891
0.0787075447
0.1351539851
0.2900338131
0.1552046845
0.2450711792
0.0478331760
0.1829266685
0.1109098583
0.1898822136
0.1049307280
0.1879532969
0.2176978634
0.1229859551
0.0715458355
0.1891677672
0.2807876149
0.1954532910
0.1146665922
0.2147562923
0.3003454903
0.0554677983
0.1260942267
0.2314480885
0.0848360774
0.1991149681
0.2739993785
0.1871385331
0.1602863768
0.2726093345
0.2403058979
0.1580027451
0.1333754311
0.0920255083
0.3736242891
0.1537449388
0.1831251395
0.2594692335
0.3493715814
0.3891680982
0.4087619465
0.1719378467
0.2130979290
0.0595431620
0.4089275674
0.1918234374
0.2092190793
0.2323782264
0.2323875901
0.2796253081
0.2067730501
0.2305212739
0.2217019600
0.2461990910
0.4069074750
0.1857019499
0.2241877776
0.1527098776
0.1957084523
0.2975821605
0.3380676630
0.2169170176
0.1533985690
0.3488067101
0.3549062488
0.1808681655
0.3320485558
0.2901908916
0.2053492077
0.3060476185
0.1470525694
0.3874884344
0.1585818316
0.2055668707
0.3523655997
0.2986633650
0.2475601468
0.2486387207
0.2661199113
0.4802236722
0.3762918660
0.4432730153
0.2895886756
0.2730566587
0.2889333275
0.2573666898
0.4096969464
0.2952266695
0.2057732322
0.2564066349
0.1818205167
0.4410206569
0.3611653683
0.3081284208
0.3110978987
0.3897296180
0.3331231693
0.2101821563
0.1322350061
0.1650385143
0.3724322279
0.4784044087
0.2818177884
0.3590567614
0.3434407181
0.3616258881
0.4118442664
0.4962844601
0.3691156137
0.3451722454
0.2362600135
0.4180869374
0.4815937075
0.4478993157
0.3354699019
0.4472367429
0.2868068620
0.3793808931
0.2510779268
0.2819346272
0.3367944169
0.3222278311
0.3596932888
0.2211905189
0.3589520503
0.3167536112
0.4038384556
0.3704878240
0.4205280440
0.4352145920
0.5146967157
0.4483115052
0.2665009367
0.3906120105
0.3718646105
0.5337436201
0.4172436481
0.4219215510
0.4372179790
0.4529335731
0.4790223554
0.3896270152
0.5962704244
0.4748453865
0.3539509221
0.2619406095
0.3960229176
0.3736031984
0.4592605120
0.4751240186
0.5014676168
0.5009977355
0.3451684301
0.4837013696
0.2644959669
0.3957164686
0.5900230581
0.5799987907
0.5888533093
0.3451741103
0.4544830183
0.3708843853
0.5599541110
0.3653768322
0.5394436619
0.3319991762
0.4535140544
0.3101966990
0.4067030329
0.4703797683
0.4897313968
0.3193748576
0.3952800221
0.4395119511
0.6159554559
0.5635919436
0.6077214327
0.5422517763
0.4591328746
0.6724330191
0.5406954555
0.4539273424
0.4909467607
0.4158412785
0.4484637721
0.4928185195
0.5306701260
0.4975127637
0.6904054580
0.4895254612
0.6000787007
0.5657635427
0.5271295973
0.5126414487
0.3328086186
0.3928218687
0.5628501241
0.4534346334
0.5048894734
0.4028478474
0.5674516576
0.4953312779
0.5083071806
0.6997871646
0.5056509510
0.4996999937
0.5217226064
0.6053225544
0.5411175255
0.6428336703
0.5419201963
0.6535314548
0.5227381710
0.5679378552
0.6382763539
0.5389281992
0.5632065350
0.5566077196
0.5550002204
0.4395965348
0.5224165895
0.5432823451
0.6075662584
0.5400759880
0.5687413853
0.6126643582
0.7013339357
0.6518960086
0.6616389320
0.6104839255
0.5541218707
0.6173008699
0.7342267078
0.6418811230
0.5777165644
0.7105654785
0.6296412111
0.6897673827
0.6446168409
0.6367619240
0.4901891965
0.6517955355
0.6882203706
0.8094370874
0.5131686518
0.6327588273
0.6814523383
0.7301637708
0.6708238859
0.6006080557
0.6520467600
0.7626651051
0.6358842651
0.6691984325
0.6865734591
0.5160011512
0.7108691141
0.6752344028
0.6760426489
0.6069250908
0.6193853255
0.6301179915
0.7591774899
0.7012820230
0.7622872121
0.7391009124
0.6350612603
0.6244368333
0.5063238099
0.7070161365
0.7292294202
0.8333835146
0.7295949185
0.6532484752
0.6462758936
0.6946193017
0.6091934593
0.5101192507
0.4666471811
0.7187512812
0.7270170831
0.6519418576
0.6127330517
0.4881357038
0.7220781045
0.9146245557
0.7065509252
0.7702413689
0.7958931078
0.7405216353
0.6533381787
0.8030918090
0.8454104073
0.6888021418
0.6376024411
0.6983798911
0.6864443602
0.7974966023
0.7288340374
0.7992705618
0.6701078690
0.6944409324
0.7008512749
0.6510927637
0.6434193057
0.8111183666
0.7913180560
0.6853235039
0.7112819807
0.6831194980
0.7911295483
0.6842502756
0.8008127727
0.7600070643
0.7150312863
0.6946230098
0.8314857608
0.7307237448
0.7643084875
0.8551994844
0.5968067477
0.8903629346
0.8369242846
0.8597621280
0.8344228478
0.7352681879
0.6920176744
0.8569881227
0.7450812042
0.7727703466
0.7006401199
0.7305429271
0.7525683125
0.6963344200
0.8526047180
0.8352081502
0.8183857099
0.7628222348
0.8826565991
0.9263108236
0.8835086759
0.8720695727
0.8682462544
0.8771943103
0.7456666799
0.9175866279
0.9177819236
0.7748380833
0.8429662079
0.8774767704
0.7794690700
0.9977531994
0.8678650733
0.7607949521
0.8548394361
0.7465115393
0.7579172980
0.8150284361
0.8068787962
0.7543615594
0.8644538257
0.8897630275
0.9071968112
0.8130936799
0.8681526642
0.8998629435
0.9144359413
0.9030569119
0.9925523783
0.8408521969
0.8729175179
0.8772948337
0.8178563788
0.9485013331
0.8147479330
1.0495739073
0.8388713295
0.8499653319
0.8293527868
0.9549707742
0.9149176038
0.9086685450
0.9517516928
0.8674864282
0.7919059144
0.8416469133
0.8553847013
0.6775000871
0.9250066887
1.1286230914
0.9771585734
0.9858143536
0.9130523392
0.8994545594
0.9450360375
0.9657122994
1.1312798980
0.7979916500
0.9207051539
1.0169016044
0.8717527876
0.8741123951
0.9235660593
0.9268278586
0.8998228475
0.9299248120
0.9194026856
0.8090719092
0.9873164122
0.9905625249
1.0235012519
0.9845952660
1.0290868155
0.8413792794
0.9956171827
1.0103261591
1.0545313703
1.0213577335
0.9051506211
0.8675634301
1.0774064756
1.1784715070
0.9638037168
0.8218609674
0.9157980163
0.9500968914
0.9304641848
1.0004609298
0.9204629607
