-1.1491494483
-1.0931036552
-1.0078461923
-1.0124643408
-0.9924740244
-1.0938329869
-1.0825999809
-0.8949303339
-1.0703923194
-0.9779574022
-0.9266866142
-0.7841237267
-0.9092270370
-1.0409295184
-1.0235477925
-0.9169306536
-0.9096183062
-0.8847847272
-1.0293938563
-0.9616033173
-0.8986213034
-0.9251813496
-1.0297000355
-0.7998897207
-0.9385618538
-0.8420713705
-1.0274286262
-0.9913692431
-0.9533778364
-0.9420741096
-0.9708428619
-0.8313979256
-0.9322566861
-1.1163505549
-0.7872405797
-0.8367792479
-0.9262489857
-1.1230835577
-0.8541384127
-0.8887979911
-0.6823722914
-0.8318326669
-0.8997427503
-0.9840686989
-0.7724675878
-0.8575989870
-0.9210644790
-0.8736208696
-1.0055875256
-0.9342657688
-0.8853886045
-1.0878727085
-0.9059850110
-0.8157511213
-0.8641375809
-0.7931899844
-0.8960697922
-0.9973860254
-0.8675463372
-0.8752564128
-0.9206849890
-0.8712590913
-1.0760690148
-0.9795980252
-0.8456567910
-0.8287597695
-0.7488959450
-0.7465618191
-0.8732895901
-0.9390958277
-0.8505109123
-0.9288437823
-0.7807569182
-0.9492409466
-0.8948159316
-0.8908956395
-0.7281722829
-0.7785149922
-0.8893765575
-0.9725232413
-0.7650735258
-0.9340535483
-1.0481903693
-0.8999076414
-0.8675792940
-0.7931329132
-0.6812155707
-0.8927058633
-0.8718844856
-0.7463877875
-0.8299463651
-0.8581273349
-0.7815382787
-0.8127397974
-0.7644337803
-0.7220541193
-0.8111328066
-0.8739396212
-0.6726040142
-0.8437333647
-0.7192906048
-0.7610325572
-0.7067149272
-0.7380055531
-0.7492334737
-0.8948829791
-0.7464605287
-0.7320669994
-0.7668899551
-0.7476020199
-0.9347597271
-0.6545824088
-0.7699780363
-0.7724558139
-0.6709918657
-0.8039967871
-0.7264240603
-0.5969889312
-0.8595581995
-0.7791121977
-0.7375348552
-0.7883129532
-0.9270093661
-0.7352706149
-0.8180090921
-0.8007998044
-0.6480720769
-0.7163121767
-0.8424289623
-0.7780043119
-0.8204958578
-0.8493098751
-0.7271483910
-0.7498437057
-0.6422377956
-0.6911719346
-0.7089450011
-0.7951383382
-0.5678865041
-0.7364864121
-0.7211244435
-0.7184276095
-0.7307503085
-0.7131754781
-0.6797346161
-0.8816206690
-0.5138268719
-0.6298752020
-0.7117335767
-0.8044460020
-0.7202654454
-0.6242408498
-0.6187356089
-0.6034390350
-0.6004591993
-0.5758021902
-0.6170308481
-0.8083602896
-0.5690101755
-0.7701085328
-0.6270050515
-0.8316376805
-0.7473711717
-0.8763469436
-0.7717867076
-0.6037333064
-0.6953364606
-0.7492051005
-0.6580279292
-0.6652398330
-0.6998127568
-0.5821424214
-0.4950767206
-0.5748798392
-0.6613966668
-0.6213654662
-0.6163037210
-0.8144547152
-0.5661306444
-0.5524900343
-0.7249017448
-0.6953444441
-0.7023838339
-0.5065907394
-0.6189505177
-0.6317762652
-0.6258301162
-0.5745159299
-0.7153037276
-0.6664525696
-0.5827831797
-0.6288016346
-0.6566174511
-0.6662595698
-0.6061209658
-0.6717281392
-0.5942324230
-0.7039715325
-0.7064364224
-0.6564521843
-0.6798621514
-0.6848902907
-0.7037128424
-0.5047685968
-0.3485762792
-0.5420625753
-0.5878230553
-0.6037667209
-0.5403301153
-0.6755304535
-0.5479603298
-0.4761898311
-0.5841014112
-0.6092245088
-0.6742061017
-0.4087285202
-0.5481383448
-0.4082573686
-0.6493384760
-0.5536181324
-0.4920855247
-0.6516599320
-0.5001260917
-0.5714144565
-0.5412359966
-0.5662859173
-0.5909866467
-0.4717307342
-0.5818556942
-0.5494864348
-0.5903084964
-0.3720339223
-0.6774280579
-0.6133236955
-0.6101764894
-0.6000866730
-0.3799504746
-0.4488342699
-0.6140307831
-0.6009237865
-0.5093119284
-0.5168572432
-0.6095886496
-0.5427293195
-0.5187871358
-0.5160194109
-0.5179708921
-0.4701272311
-0.4979457671
-0.5055975071
-0.6555337296
-0.5180582613
-0.5120405770
-0.5777069852
-0.5241343737
-0.5339587524
-0.6208677039
-0.4222650266
-0.5997757153
-0.4603135221
-0.3654539617
-0.4969175102
-0.5783145100
-0.5250892025
-0.4418075140
-0.6339240325
-0.5226525388
-0.5701818458
-0.4719856666
-0.4767491731
-0.5156271605
-0.4419850154
-0.4318990350
-0.4081945366
-0.5727952915
-0.3869511217
-0.4205830550
-0.4370307662
-0.4701074534
-0.2861546141
-0.5461638722
-0.4839658209
-0.3820641247
-0.3390752158
-0.3456672846
-0.6039695782
-0.4455000473
-0.5635188378
-0.5227906982
-0.4298007561
-0.4121796612
-0.4189147703
-0.3618119928
-0.4672411157
-0.3845547998
-0.5491564585
-0.4150363392
-0.2936590410
-0.3981077326
-0.3616793055
-0.4120381736
-0.4307992182
-0.3830372364
-0.3343008906
-0.4473763069
-0.4569421358
-0.4031315935
-0.3845231617
-0.5004452683
-0.3052252684
-0.4814846365
-0.3833635956
-0.4839017638
-0.4705639502
-0.4045516972
-0.3010543261
-0.3796079871
-0.2208994990
-0.4413712917
-0.4151519468
-0.2819145194
-0.3087141092
-0.3199683734
-0.2896790061
-0.4031008814
-0.2750108222
-0.5409805447
-0.4378705391
-0.3322704282
-0.1919126673
-0.2353869636
-0.2955002330
-0.3038549325
-0.4118932873
-0.4577423871
-0.1496454954
-0.2536458399
-0.3833818327
-0.2672528314
-0.3275862438
-0.3950300850
-0.4186816759
-0.4322698313
-0.2944919319
-0.2861651144
-0.3507449603
-0.4569660669
-0.3915408161
-0.3955141185
-0.1436098003
-0.2180428969
-0.3377504722
-0.2040239190
-0.3994591451
-0.2244484785
-0.3213503338
-0.3737876160
-0.1421552197
-0.2822351416
-0.2993449089
-0.3534383701
-0.2941152990
-0.3346386251
-0.3870067387
-0.3198954060
-0.3802079197
-0.2281112354
-0.3612232771
-0.3598671608
-0.3994356908
-0.2377621614
-0.3450154815
-0.2635849016
-0.2435977610
-0.2884269159
-0.2054382178
-0.2478081149
-0.2357619385
-0.2417131773
-0.2699405442
-0.2810949461
-0.1524962189
-0.1987391690
-0.2438563852
-0.2191888167
-0.0784869589
-0.2605672379
-0.3475704362
-0.2685267078
-0.2536570129
-0.2823081069
-0.2370442242
-0.1702608610
-0.1088486703
-0.4061091221
-0.2298869919
-0.2283422203
-0.0735084418
-0.0468035245
-0.1650109582
-0.3413408657
-0.3265431163
-0.2035065743
-0.3251140652
-0.1879493190
-0.2217309996
-0.1495303426
-0.2593573504
-0.0721518782
-0.1727883109
-0.2247113753
-0.0539723541
-0.1528480963
-0.1473057471
-0.1715662220
-0.2462368611
-0.1881307906
-0.1046607921
-0.1296442238
-0.2359687359
-0.2257439157
-0.1826566148
-0.2024441288
-0.2318782791
-0.1215823744
-0.1871220116
0.0257333960
-0.2605233193
-0.0709427896
-0.1681120659
-0.1968875776
0.0143656167
-0.0299323649
-0.0634609214
-0.0380107983
-0.1030117940
-0.1532920476
-0.1941977769
-0.2406929998
-0.0739418450
-0.1490176916
-0.1801050296
-0.0592832227
-0.0978255176
-0.1017928151
-0.1761176189
-0.0586329735
0.0268637686
-0.1561266766
-0.0786414740
-0.1323280680
-0.0132412702
-0.0508318026
-0.0499580508
-0.0160437128
-0.0629888603
-0.0491461088
-0.0646479760
-0.0411090475
-0.0422583874
-0.0342865891
-0.0055353059
0.0078840017
-0.0396086426
0.0016516620
0.0572244933
-0.1272067686
-0.1414386232
-0.1379027715
-0.1534648029
-0.0340587045
-0.0099244053
-0.0211958390
-0.1515249996
0.1346184261
-0.0081298910
0.0141632123
-0.0952339399
-0.0783294515
-0.2420680427
-0.0626848818
0.1293194972
-0.0316641356
0.0541343219
-0.1546650376
-0.0925778310
-0.0390626780
0.0268738842
-0.1111596585
-0.0682939585
-0.0675228740
-0.0201517185
-0.0295930641
0.0404456648
0.0149378315
-0.0091922591
0.0995359435
-0.0534872114
-0.1022224126
-0.1039264150
0.1129292970
0.0088462890
-0.0485135584
-0.0139411262
-0.0890765147
0.0583898787
-0.0062792253
-0.0118066980
0.0576815248
-0.0850753274
0.0249810680
-0.0237913141
0.0587851059
0.1478792255
-0.1282090824
0.1214139718
0.0478831436
-0.0067701222
0.0388336073
0.2217503327
0.0850465273
0.0099264575
0.1305357541
0.0736780777
0.0626272161
0.1901821017
0.1126777595
-0.0630154895
0.1337509772
0.2267046520
-0.0450447567
0.0540727130
0.1676603632
0.0660579394
0.2256895197
0.1243319980
-0.0064238337
-0.0027814837
-0.0283916662
0.0148062738
-0.1202549681
0.0885151843
0.0596589687
0.0386336679
-0.0096360723
0.0123697129
0.2639300534
-0.0498443231
0.1421120425
-0.1361050476
-0.0875467975
0.0426548161
0.0992947346
0.1172165572
-0.0290034966
0.0955647005
0.1940403565
0.2186793634
0.1372873142
0.1591581914
0.1070121925
0.1295256582
0.1504007757
0.0766743776
0.2346912478
0.1304638793
0.1306789954
0.3058018302
0.1457750516
0.1970322858
0.1383607669
0.0514747462
0.3465711519
0.0915945513
0.1305182399
0.2035138494
0.0942770681
0.1797285337
0.2205080601
0.1277137173
0.1917678207
0.0814488901
0.2140447271
0.2047646076
0.0546526386
0.0501552758
0.1956456549
0.1627235893
0.1078651776
0.2204996279
0.1531507068
0.1689354637
0.2014063511
0.2210804491
0.2618555395
0.1007823252
0.2797106160
0.1106748030
0.4349776711
0.1297941002
0.2983322686
0.2778775791
0.1812466805
0.2516918915
0.2530164571
0.1324957922
0.4195228886
0.3080048521
0.2135052897
0.3008848276
0.2096871297
0.2572324008
0.1712456927
0.2407427041
0.2815477325
0.3072338332
0.0234766615
0.2405652349
0.2082836690
0.1921293095
0.2207277055
0.2394766268
0.2521115628
0.2445158982
0.3035449369
0.4229923975
0.2453217750
0.2130285069
0.1373156492
0.3113360641
0.3658256345
0.2121594860
0.2042816133
0.2278153296
0.3141237087
0.3240856900
0.3822984012
0.4540722979
0.2490900351
0.3617996904
0.2918371166
0.3935228788
0.4179426651
0.3045088377
0.2362962638
0.3475388950
0.1330058433
0.3103873459
0.3233410310
0.3685865713
0.2910971157
0.1313188203
0.3026395375
0.2882232801
0.3113913866
0.1574368322
0.2677323147
0.2247037664
0.2824105488
0.1482824693
0.2805206721
0.2605456130
0.2504855228
0.4405231841
0.2624248212
0.3809448550
0.4285947353
0.3235247600
0.3918370736
0.3217482507
0.4513903521
0.3102099479
0.3681269924
0.3397807029
0.3070775810
0.4002487439
0.3336413314
0.4161346980
0.2795663520
0.4535039396
0.3370832597
0.2817705229
0.4392051649
0.3636168687
0.5486617380
0.4844518305
0.3093861381
0.2846832167
0.3467496408
0.4191513832
0.3370987096
0.3954512925
0.3670539220
0.4419842235
0.4383037236
0.2341874523
0.1935139516
0.3915487474
0.5454799752
0.4232468240
0.5000677200
0.3396494689
0.3445929399
0.4701795119
0.3497939264
0.3700886671
0.2082770483
0.3898171812
0.3815898719
0.4326236417
0.4634632300
0.3732849150
0.5489193147
0.4717668916
0.4431222914
0.3952865202
0.4894834421
0.2843490143
0.4703357232
0.4244650752
0.4586601371
0.5184380799
0.4624996435
0.4920916811
0.4234189119
0.3200091176
0.4312225375
0.4398898896
0.3685359513
0.5237868748
0.4396765780
0.6255924825
0.4007474227
0.5218258350
0.4083829459
0.4401137901
0.4163392389
0.4770285541
0.4865557234
0.4092370002
0.5657022900
0.2883632259
0.4826612477
0.4435720430
0.4730446975
0.4694067200
0.4410522609
0.4867617285
0.4791893392
0.4453704130
0.4218380717
0.5337497035
0.4349316975
0.4515261802
0.5058492769
0.3863334636
0.4101840364
0.4666342479
0.3568830880
0.6000717380
0.4560183036
0.5895720204
0.5378418162
0.5108900206
0.5591430457
0.4950118273
0.4048616681
0.6475155954
0.4052057740
0.4803747856
0.4997743755
0.5133183497
0.5524538360
0.5221017485
0.6443930170
0.4594645742
0.5077548917
0.6187195754
0.4578996842
0.5953886147
0.6083762965
0.6250532086
0.5144438851
0.4117201207
0.6809811240
0.5612971871
0.6058187627
0.6465737241
0.5420366890
0.6402421881
0.5202480585
0.6526396265
0.5983657712
0.5647679543
0.6784606868
0.4784553377
0.5401848205
0.4955094396
0.5114779491
0.7023065669
0.6088068585
0.6132753965
0.5956039864
0.6996726712
0.6452863240
0.5563585314
0.5904126651
0.6543574153
0.6320431711
0.5788140162
0.6507357357
0.7908521504
0.4594258485
0.6251488290
0.7047590398
0.7750949983
0.5308896829
0.6955919716
0.5840708426
0.5895002505
0.5686328063
0.6540002865
0.6036065604
0.7564887329
0.8923741207
0.5278615473
0.6225511407
0.5022441163
0.6925745439
0.7639985076
0.7258447194
0.6313913395
0.6720816505
0.6963404732
0.5919814843
0.7539475211
0.7107975703
0.6907029264
0.8085264234
0.7376140496
0.6318039843
0.6972949808
0.7562614293
0.6991281820
0.7374000922
0.5878702622
0.5843676351
0.6794691893
0.6615942863
0.8228208733
0.7386133599
0.8524763161
0.6947895134
0.7415873558
0.5918087363
0.5311907575
0.6509099741
0.7429734918
0.8130467740
0.7543940572
0.4841145274
0.6542822884
0.8252132725
0.7029716569
0.8152136050
0.7202885307
0.7589824750
0.8794613779
0.6547330272
0.6845496549
0.8467805088
0.6879777153
0.7514616418
0.6948903994
0.7503426146
0.6042864487
0.8206742589
0.6961939354
0.5854465115
0.6395877946
0.7062144206
0.7953579563
0.7042062409
0.7334933152
0.7507830710
0.7853927217
0.8987948650
0.7222543148
0.7789923544
0.8293424137
0.7251075390
0.7575509084
0.7942930708
0.8007161368
0.8912211252
0.7977227634
0.7013672141
0.7433751215
0.7246766496
0.7095037516
0.7882600481
0.7152866419
0.8360753018
0.8589364952
0.8067608249
0.8161576149
0.9431260976
0.8307398649
0.9954393855
0.8617750677
0.6285976563
0.7905364068
0.7799862514
0.8516586034
0.7887538446
0.8034049943
0.8330755515
0.8876962945
0.7097781671
0.8293216951
0.9671371932
0.8550492758
0.9535083038
0.8238432593
0.9235446283
0.9486572677
0.7113338611
0.7490425018
0.8320211458
0.9526212592
0.8572977303
0.9640008876
0.9584438541
0.8231702454
0.8024305414
0.7718142202
0.8531960726
1.0558398339
0.9751973985
1.0101609773
0.8306481231
0.8755600398
0.9596408632
0.9679534484
0.8257262340
0.8924432108
0.8492289130
0.8981447664
0.8509170985
0.7946842475
1.0214334451
0.8620873494
1.2002090777
1.0066444124
0.8213396692
0.9796213911
1.0625579364
1.0385173757
0.9128367515
0.9266104577
0.8811102680
0.9944550244
0.8661978168
0.8882562996
0.9761341615
0.8313336254
0.9026419559
0.8040045888
0.9591931055
0.9542385414
1.0676985676
0.9948836817
0.8846642920
0.8958614315
0.8234243662
0.9333553371
1.0826243640
0.9366145525
1.1202077659
1.0565281563
1.0679660122
1.0892321995
0.9965234768
0.9397590825
1.0221333092
1.0049179362
1.0327534344
0.9203536199
1.1054383595
0.9692746372
1.0235185725
1.0710256131
1.1509158639
1.0226842124
0.9576749308
1.0626326380
0.9292431092
1.0154281741
1.1015132947
1.1021420845
