-1.1291270358
-1.0790130993
-1.0108742358
-0.9996776617
-0.9955923530
-1.0772208589
-1.0951884653
-0.9006752366
-1.0604021910
-0.9723187954
-0.9399194772
-0.8087677059
-0.9056298246
-1.0276415110
-1.0415065396
-0.9090728717
-0.9078451237
-0.8598016538
-1.0361219866
-0.9705040188
-0.8893319996
-0.9322243638
-1.0318035353
-0.7918517856
-0.9426807736
-0.8443020808
-1.0267998797
-0.9776819727
-0.9461088156
-0.9484136684
-0.9529068901
-0.8327866843
-0.9257759423
-1.0990428156
-0.7901333249
-0.8539669287
-0.9285993822
-1.1309710663
-0.8666499754
-0.8889473448
-0.6981050853
-0.8211729878
-0.8998904709
-0.9688518277
-0.7719226850
-0.8661620070
-0.9201746987
-0.8782272316
-1.0008008850
-0.9395667604
-0.9131075460
-1.0852681040
-0.8842392145
-0.8282077502
-0.8761641508
-0.8007162342
-0.8949637879
-0.9807807011
-0.8670178696
-0.8852597019
-0.9102935956
-0.8634264025
-1.0579367589
-0.9630164096
-0.8438039140
-0.7979113561
-0.7769739718
-0.7595580304
-0.8816298648
-0.9240451487
-0.8273703388
-0.9398495005
-0.8090096542
-0.9708410368
-0.9027529262
-0.9063439386
-0.7136890864
-0.7835272428
-0.8899071204
-0.9704007918
-0.7864447950
-0.9683121031
-1.0237708795
-0.8993434457
-0.8562009965
-0.8048095531
-0.6921938898
-0.8941764404
-0.8549790876
-0.7505267358
-0.8256991535
-0.8644788404
-0.7797447665
-0.8043950578
-0.7665765343
-0.7510542788
-0.8038119729
-0.8584418566
-0.6840286768
-0.8482717415
-0.7079223123
-0.7753882517
-0.7380706043
-0.7321067162
-0.7375411980
-0.9101033501
-0.7807165396
-0.7337707092
-0.7906209212
-0.7560958785
-0.9213207815
-0.6606578065
-0.7800310774
-0.7528553628
-0.6630404788
-0.8069009023
-0.7169831593
-0.6147383038
-0.8835931514
-0.7829677297
-0.7575263770
-0.8095741644
-0.9409842992
-0.7375895744
-0.8407282973
-0.8290568884
-0.6634869647
-0.6956575586
-0.8368103068
-0.7723138955
-0.8359878667
-0.8438650719
-0.7294327034
-0.7383745595
-0.6339189320
-0.6825008439
-0.6946932637
-0.7913850179
-0.5645438165
-0.7325778715
-0.7499689124
-0.7143983616
-0.7135743942
-0.7350892280
-0.6511863373
-0.8570147582
-0.5173666444
-0.6408936378
-0.7136139972
-0.7939441362
-0.7176505748
-0.6265151976
-0.6222796345
-0.5914021308
-0.5963346760
-0.5698612142
-0.6409288999
-0.8073483805
-0.5860786601
-0.7825878661
-0.6287783650
-0.8384696650
-0.7328838135
-0.8755529344
-0.7942881349
-0.6005837481
-0.6977892790
-0.7343491435
-0.6730561776
-0.6678264018
-0.7040080200
-0.5765044058
-0.5097411809
-0.5879658267
-0.6456413531
-0.6351636677
-0.6293863384
-0.8184589179
-0.5578655919
-0.5378925128
-0.7375965951
-0.7154115553
-0.7052479097
-0.4989187724
-0.6061777295
-0.6505647655
-0.6168197437
-0.5692945786
-0.7262259032
-0.6541026441
-0.5699861422
-0.6178276715
-0.6688042476
-0.6580758851
-0.5876526556
-0.6665310821
-0.6056071113
-0.7152769572
-0.6962700096
-0.6653061426
-0.6630134807
-0.6928988013
-0.6928912493
-0.4909624710
-0.3740964634
-0.5210808289
-0.5907094024
-0.5864352095
-0.5411445445
-0.6418550243
-0.5662801660
-0.5047437038
-0.5871143370
-0.5892873179
-0.6563707507
-0.3908830424
-0.5415467711
-0.4241764169
-0.6496289494
-0.5475296608
-0.4814071395
-0.6705966636
-0.4938230476
-0.5726430926
-0.5499724420
-0.5457088769
-0.5876545593
-0.4652932356
-0.5832397749
-0.5550422632
-0.5850690493
-0.3634416382
-0.6962931593
-0.6242982882
-0.5906694515
-0.5935992104
-0.3998501904
-0.4542328282
-0.6008072625
-0.6159045937
-0.5232462098
-0.5477025746
-0.6240366229
-0.5524412174
-0.5182270515
-0.5190656362
-0.5114644304
-0.4855518646
-0.5173008234
-0.5227255396
-0.6560410156
-0.5149771296
-0.5217920242
-0.5684513005
-0.5266760107
-0.5466372875
-0.6291663023
-0.4303103008
-0.5940057073
-0.4349329768
-0.3782211480
-0.4965648476
-0.5781173902
-0.5265787562
-0.4362315404
-0.6191555924
-0.5305050178
-0.5732880122
-0.4950938313
-0.4756033514
-0.4931455009
-0.4400482742
-0.4166986924
-0.3913286462
-0.5642873247
-0.3639452293
-0.4136997244
-0.4130419735
-0.4881334981
-0.3105418371
-0.5548117698
-0.5039139715
-0.3943568988
-0.3392367529
-0.3582706482
-0.6419632239
-0.4286768425
-0.5479133826
-0.5178117129
-0.4001031557
-0.4307081830
-0.4014830341
-0.3418460870
-0.4767508868
-0.3874361669
-0.5309882665
-0.4183182270
-0.3018642043
-0.3900925160
-0.3608634699
-0.4192956453
-0.4439470013
-0.3826835036
-0.3239143119
-0.4464303049
-0.4500511860
-0.4038999315
-0.3895893111
-0.4906062089
-0.2786173549
-0.4691805208
-0.3879778993
-0.5149677610
-0.4421355377
-0.3871166965
-0.3151680315
-0.3920273512
-0.1857062635
-0.4105484307
-0.4150974788
-0.2937696253
-0.3077812948
-0.3138167404
-0.2997179471
-0.3839495346
-0.2606002618
-0.5211210843
-0.4125096654
-0.3362579384
-0.2002471158
-0.2423122883
-0.2982947556
-0.2977327922
-0.4102221038
-0.4417380275
-0.1366131641
-0.2418385416
-0.3940340948
-0.2814974311
-0.3192036265
-0.3868531441
-0.4237727202
-0.4066679753
-0.2922654632
-0.3014099208
-0.3243699254
-0.4542110183
-0.3665648314
-0.3761720670
-0.1358601507
-0.2170404310
-0.3312575832
-0.1907506351
-0.4013645794
-0.2221951100
-0.3372794227
-0.3878816186
-0.1314235520
-0.2732280721
-0.2968884261
-0.3361458821
-0.2716927786
-0.3321227280
-0.3763726729
-0.2902098068
-0.3916179827
-0.2456230292
-0.3925955530
-0.3320975965
-0.3932169137
-0.2281833245
-0.3317135450
-0.2785954899
-0.2306759000
-0.3015738974
-0.2009473021
-0.2426169317
-0.2349969415
-0.2286732100
-0.2739011103
-0.2885724602
-0.1431736024
-0.2096424600
-0.2348462641
-0.2071984397
-0.0655615931
-0.2355939441
-0.3392544255
-0.2522711184
-0.2427872774
-0.2920377003
-0.2381555539
-0.1551751182
-0.1427002183
-0.4078187426
-0.2141741003
-0.2230589794
-0.0679617360
-0.0459443045
-0.1483041600
-0.3005572489
-0.3110338933
-0.2098518018
-0.3146480572
-0.2149822566
-0.2072549261
-0.1521650485
-0.2570180388
-0.0730135272
-0.1707566635
-0.2330382206
-0.0549692017
-0.1502011719
-0.1358411084
-0.1518840071
-0.2295995944
-0.1777949151
-0.0747508983
-0.1296484118
-0.2434376791
-0.2341137163
-0.1610235311
-0.2200109766
-0.2423674919
-0.1177245902
-0.1853909060
-0.0017449493
-0.2706330298
-0.0720378521
-0.1601871518
-0.2098163560
0.0018603435
-0.0434191462
-0.0914602649
-0.0347547179
-0.1059510552
-0.1370956927
-0.1975335896
-0.2397321562
-0.0488141308
-0.1551748323
-0.1666672331
-0.0534205812
-0.1046532416
-0.0658930687
-0.1706868992
-0.0651671283
0.0236792444
-0.1711506362
-0.1000614207
-0.1619740982
-0.0041547556
-0.0652047153
-0.0464227592
-0.0067186381
-0.0405234565
-0.0696651724
-0.0661077978
-0.0399201355
-0.0470215514
-0.0251865557
-0.0115589417
0.0254010552
-0.0446701794
-0.0141008604
0.0465776464
-0.0991621137
-0.1334843570
-0.1217662524
-0.1490481251
-0.0279128737
-0.0075634886
-0.0132909213
-0.1441607117
0.1055691009
0.0123196698
0.0059752695
-0.0706947281
-0.0686898809
-0.2202923936
-0.0505462661
0.1215401765
-0.0093055559
0.0391332645
-0.1591324696
-0.0998649921
-0.0344506993
0.0066710992
-0.1197091450
-0.0568960428
-0.0527542830
-0.0205567741
-0.0241145047
0.0249700972
0.0428072190
-0.0015078329
0.0816437471
-0.0748030902
-0.1219184735
-0.0831115093
0.0891192710
-0.0019941289
-0.0508531909
-0.0201203727
-0.0808723863
0.0663190111
0.0043753192
-0.0243420880
0.0762626233
-0.0862141766
0.0264705590
-0.0218912542
0.0827741713
0.1537793501
-0.0977635555
0.1283475110
0.0586926075
-0.0002871292
0.0292592711
0.2140907237
0.0771138225
0.0079070369
0.1447956053
0.0949973889
0.0672306055
0.1872796980
0.1162019477
-0.0576936626
0.1030173031
0.2047984137
-0.0305293394
0.0492008894
0.1660911914
0.0857774280
0.2372510691
0.1101654370
-0.0042983578
-0.0010029423
-0.0189758902
0.0197338058
-0.1280937663
0.0785805907
0.0470050539
0.0401802508
-0.0123436760
0.0228415329
0.2624154627
-0.0475697817
0.1443400523
-0.1418420077
-0.0945804132
0.0238324976
0.0930777054
0.1123669337
-0.0428711021
0.0919732082
0.2022392517
0.1821170051
0.1300384651
0.1496575792
0.1015274559
0.1369986166
0.1427233710
0.0827602456
0.2051817316
0.1542923989
0.1173453531
0.3046976420
0.1412744082
0.2077396498
0.1319667040
0.0615291727
0.3438503119
0.1023215555
0.1473560162
0.1796706100
0.1009690450
0.1867332888
0.2302872907
0.1513221987
0.1984387112
0.0790157506
0.2039345263
0.2204174535
0.0429548575
0.0432928965
0.1683050734
0.1887611672
0.0987502793
0.2277559316
0.1608472065
0.1607860576
0.2095959069
0.2308421356
0.2668013416
0.1099708442
0.2879163342
0.1075860345
0.4201183929
0.1273044392
0.2970183332
0.2758394549
0.1807070293
0.2701727411
0.2476665482
0.1332588420
0.4246012385
0.3100071841
0.1966024068
0.3035088606
0.1871982574
0.2454644338
0.1749284695
0.2315299090
0.2877654727
0.3345609408
0.0240717674
0.2406313951
0.2446924603
0.1941041880
0.2247090573
0.2301490496
0.2474757461
0.2248778288
0.2943847851
0.4374860055
0.2551381647
0.2251980536
0.1286761493
0.2750074942
0.3660844009
0.2132952484
0.2241464225
0.2262042253
0.3311337765
0.3289308308
0.3651049805
0.4454537346
0.2268992882
0.3493593091
0.2945142685
0.4085088610
0.4290096293
0.2793406487
0.2547870149
0.3612642051
0.1557070272
0.2973516175
0.3441085507
0.3766725045
0.3185998665
0.1454483911
0.3080957951
0.2777600602
0.2819249190
0.1557830579
0.2873944809
0.2037360768
0.2709046459
0.1374604859
0.2780511323
0.2521700474
0.2649142860
0.4364435096
0.2463122193
0.3802358652
0.4446521301
0.3146817082
0.4205420539
0.3231821362
0.4371037649
0.3366061004
0.3890106914
0.3507704743
0.3088064284
0.4032948536
0.3251830459
0.4158027076
0.2770476327
0.4395584526
0.3344315988
0.3079794634
0.4514892224
0.3565966258
0.5166765446
0.4597189736
0.3129995718
0.2840988161
0.3413134721
0.4275404734
0.3408450158
0.3886157770
0.3702138015
0.4304713883
0.4099033723
0.2403011222
0.2111888048
0.3938261696
0.5222630811
0.4502739701
0.4841020119
0.3312542524
0.3616755696
0.4796407706
0.3525767333
0.3592100045
0.2187545661
0.3894867269
0.3895401054
0.4360109210
0.4495799166
0.3741348279
0.5308188464
0.4552754376
0.4706352831
0.3808145352
0.4954723744
0.2938500429
0.4648971515
0.4094300707
0.4672076438
0.5158948876
0.4338588522
0.5013022079
0.4154519351
0.3199328734
0.4214361292
0.4562140012
0.3784729342
0.5234845234
0.4438902912
0.6249968610
0.3805850561
0.5273094266
0.4366124273
0.4510280558
0.4100380767
0.4686232028
0.4864504543
0.4279506467
0.5619918034
0.3028084688
0.4689586965
0.4636296791
0.5016871909
0.4600708456
0.4365079902
0.4904532802
0.4848579658
0.4530246895
0.4492047756
0.5020132971
0.4512619292
0.4384565825
0.5043183211
0.3918320213
0.4017818929
0.4781979415
0.3310867424
0.6386989076
0.4523116657
0.6016038756
0.5436888834
0.5226696803
0.5433477017
0.4857990931
0.3908132542
0.6531210284
0.3741948313
0.4612915447
0.4871951705
0.5195069663
0.5382104833
0.5327106956
0.6499984905
0.4761438408
0.4999481579
0.6154484027
0.4382172102
0.5849856535
0.6211198232
0.6311192272
0.5037160744
0.4045736199
0.6761998542
0.5411178326
0.6232479345
0.6226101046
0.5437538038
0.6557475710
0.5175700159
0.6672021028
0.6061127490
0.5826516633
0.6800559611
0.4750793945
0.5497688342
0.5011539364
0.5011948219
0.7186328437
0.6017561066
0.6379961083
0.5772743483
0.7075322454
0.6371697705
0.5498704430
0.6146275581
0.6723734084
0.6334823651
0.6006265206
0.6568168318
0.7798216313
0.4687275101
0.5980022004
0.7055908980
0.7660306064
0.5367985580
0.7116754589
0.6078325413
0.5829842705
0.5496418749
0.6451527201
0.5958923336
0.7662508481
0.8817030579
0.5366266058
0.6224006317
0.5284869225
0.6764919966
0.7420486031
0.7011429371
0.6357769481
0.6632003028
0.6886847800
0.6189600949
0.7592802401
0.7183149907
0.6777420678
0.7831767807
0.7441311578
0.6397884136
0.6921029902
0.7887887327
0.6968335729
0.7396877996
0.5716822907
0.6081457023
0.6767706268
0.6730887686
0.8329919869
0.7409079790
0.8454888739
0.7041188331
0.7130655480
0.6127937133
0.5257920571
0.6460922240
0.7339558879
0.8049231574
0.7518626328
0.5086363227
0.6595734487
0.8415646704
0.7196449548
0.8292531984
0.7433579554
0.7451595323
0.9263199686
0.6302621969
0.6833975421
0.8245152285
0.6691759631
0.7663939960
0.7051852005
0.7558786350
0.6041560347
0.8373859747
0.7037481929
0.5649647149
0.6692733073
0.7201732479
0.8010005645
0.7199251464
0.7237377682
0.7377747439
0.7865331072
0.8774338891
0.7338561914
0.8057368518
0.8312267522
0.7117504655
0.7962398920
0.7918765990
0.7962859238
0.8760077709
0.8049651672
0.7083397237
0.7368643509
0.7318681592
0.6776069636
0.7908746432
0.7133629590
0.8306899612
0.8480740513
0.8108067773
0.8163931419
0.9455346024
0.8370080082
1.0011262084
0.8496655739
0.6229257311
0.8006456130
0.7614452928
0.8491877857
0.8140340028
0.8147764779
0.8486706647
0.8636321489
0.7235151593
0.8252542012
0.9835031477
0.8374480411
0.9489128935
0.8135487082
0.9185890973
0.9246188354
0.7178766372
0.7742680892
0.8285943816
0.9431266407
0.8646116248
0.9518896097
0.9749936659
0.8292208983
0.8221772415
0.7684940855
0.8523710907
1.0364155657
0.9609385249
0.9922007345
0.8271219966
0.8553503320
0.9521628280
0.9761981326
0.8395772330
0.9196858032
0.8392897831
0.8986265425
0.8450734479
0.8279452936
1.0145471693
0.8675353690
1.1802571635
1.0094019944
0.8235690376
0.9762395825
1.0588761764
1.0235504383
0.9250990396
0.9229234704
0.8642939452
0.9927767131
0.8598479718
0.8748495660
0.9824687315
0.8177114864
0.9242873507
0.7803209730
0.9732630180
0.9570529852
1.0712882195
0.9817484840
0.8969451766
0.9106513947
0.8011844524
0.9291676199
1.0970965409
0.9011548277
1.0999474784
1.0551800589
1.0522641498
1.0838386761
1.0021270530
0.9515204372
1.0148664169
1.0036673653
1.0491610719
0.9197323111
1.0813064976
0.9579777132
1.0298777975
1.0492753053
1.1396413003
1.0450728741
0.9518860810
1.0290259990
0.9075167992
1.0107633210
1.1347710128
1.0783019098
