-1.1200286024
-1.0777663327
-1.0195374979
-1.0003780282
-0.9903240526
-1.0835760505
-1.0891596240
-0.8918929272
-1.0598769049
-1.0223508737
-0.9292881690
-0.7984141365
-0.9065673936
-1.0504008796
-1.0400428798
-0.9093942765
-0.9372776637
-0.8766042905
-1.0269975327
-0.9731658887
-0.9139041354
-0.9242929260
-1.0195182629
-0.7973085528
-0.9259688493
-0.8416122058
-1.0161785193
-0.9889998271
-0.9248979119
-0.9578206498
-0.9548465077
-0.8098196064
-0.9349194246
-1.1171282962
-0.7986490599
-0.8277531402
-0.9353884339
-1.1149065112
-0.8589038167
-0.8764803229
-0.6767415510
-0.8341301973
-0.8930066295
-0.9573313977
-0.7739781084
-0.8602975601
-0.9083977234
-0.8897150717
-1.0196178600
-0.9243115643
-0.9151882475
-1.0946120825
-0.8767998605
-0.8384972908
-0.8791694420
-0.7930891375
-0.8779053282
-0.9753879190
-0.8521697523
-0.8750392168
-0.9093977445
-0.8665206295
-1.0791187024
-0.9662009553
-0.8615220170
-0.8159112762
-0.7693471826
-0.7338931913
-0.8737716580
-0.9335105424
-0.8223899203
-0.9411426415
-0.7967665517
-0.9501728279
-0.8906571659
-0.9070192532
-0.7165277682
-0.7921856271
-0.8796848936
-0.9673862904
-0.7815362219
-0.9461638673
-1.0418353505
-0.8814943786
-0.8610249654
-0.7941254005
-0.6977226095
-0.8954978522
-0.8711062983
-0.7541951056
-0.8139256938
-0.8707715142
-0.7760879713
-0.8152915714
-0.7660253005
-0.7347277427
-0.8237989155
-0.8346111553
-0.6507700260
-0.8458040459
-0.7111481092
-0.7509081046
-0.7297361384
-0.7463983203
-0.7349490801
-0.9106415695
-0.7697409751
-0.7135849643
-0.7708056300
-0.7382113285
-0.9131109215
-0.6382222552
-0.7506596402
-0.7493387997
-0.6698415118
-0.8032042796
-0.7371159613
-0.6086868511
-0.8802530963
-0.7885387457
-0.7532746684
-0.8196407850
-0.9206879975
-0.7336289494
-0.8308713180
-0.8143622990
-0.6562916163
-0.7019849208
-0.8104340338
-0.7664487739
-0.8452840612
-0.8456643947
-0.7098510101
-0.7348885139
-0.6293355723
-0.7107549646
-0.6923966206
-0.8432819953
-0.5706502494
-0.7310810824
-0.7417150696
-0.7145936887
-0.7123004584
-0.7262959646
-0.6985816989
-0.8502737613
-0.5305801998
-0.6034822665
-0.7151321131
-0.8105771418
-0.7237376044
-0.6210155079
-0.6164986872
-0.6093391612
-0.5902443483
-0.5454565533
-0.6447954729
-0.7834673586
-0.5734097310
-0.7634943465
-0.6279668162
-0.8363398912
-0.7559054827
-0.8807549996
-0.8034750923
-0.6094300927
-0.7086512085
-0.7359955731
-0.6759633674
-0.6746301172
-0.6964959259
-0.5777948487
-0.5219587803
-0.5566134745
-0.6415700940
-0.6343930950
-0.6134451181
-0.8088632862
-0.5395356836
-0.5498274396
-0.7142238988
-0.7010326085
-0.7145077023
-0.5197679803
-0.6237854137
-0.6533183446
-0.6053633934
-0.5591805483
-0.7163017368
-0.6276202103
-0.5787258941
-0.6541015245
-0.6706806112
-0.6554816676
-0.5700985956
-0.6580567342
-0.6204044473
-0.6828559353
-0.7078379647
-0.6442829803
-0.6717132003
-0.6544083254
-0.7087029995
-0.4741832759
-0.3472246623
-0.5186174040
-0.5978442449
-0.5883374799
-0.5407713129
-0.6681744258
-0.5551828182
-0.4813780033
-0.5832568052
-0.6080923690
-0.6607666653
-0.3859558741
-0.5521737911
-0.4068654128
-0.6639464436
-0.5642629130
-0.4949777583
-0.6482830122
-0.4744984501
-0.5682925817
-0.5399790531
-0.5738134119
-0.5823660698
-0.4646616872
-0.5812482888
-0.5369784629
-0.5901237934
-0.3530920576
-0.6796453222
-0.6064114790
-0.5952691766
-0.5913246371
-0.4073668064
-0.4560440371
-0.6056087265
-0.5975103301
-0.5172030237
-0.5001981875
-0.5988464755
-0.5471538297
-0.5158622589
-0.5066928637
-0.5161533926
-0.4701735219
-0.5051868857
-0.5387957043
-0.6622641988
-0.5324265504
-0.5235795354
-0.5803590039
-0.5074134191
-0.5413708074
-0.6165885696
-0.4304583268
-0.6160084844
-0.4434369354
-0.3740061480
-0.5043705856
-0.5846119589
-0.5456829196
-0.4190971659
-0.6081558681
-0.4945140715
-0.5659174094
-0.4816773841
-0.4842511759
-0.4955675214
-0.4511627859
-0.4219514528
-0.3879623756
-0.5752765908
-0.3598557069
-0.4189889128
-0.4411101683
-0.4711827158
-0.2929475794
-0.5563300089
-0.4954343919
-0.3888207662
-0.3605897393
-0.3443465986
-0.6285892630
-0.4499985152
-0.5518851417
-0.5181176341
-0.4167273107
-0.4081787576
-0.4202854898
-0.3607214122
-0.4857630067
-0.3943242605
-0.5434905432
-0.4150611668
-0.3186760161
-0.4088794069
-0.3687825524
-0.4321510782
-0.4358954677
-0.3802925453
-0.3396918915
-0.4557105060
-0.4710303733
-0.3930526292
-0.3925192435
-0.4907563693
-0.2784828245
-0.4759973789
-0.3898531930
-0.5107051414
-0.4693666962
-0.4002717716
-0.3064480166
-0.3906643434
-0.1921319288
-0.4249092257
-0.4305623803
-0.2605908235
-0.3078055103
-0.3417238082
-0.2908950971
-0.4075768208
-0.2651829285
-0.5247561907
-0.4344390362
-0.3333872629
-0.2042987068
-0.2582988621
-0.3032762612
-0.3034253371
-0.4014843064
-0.4558279568
-0.1621526730
-0.2420890659
-0.3908249250
-0.2645361451
-0.3447874472
-0.3649096166
-0.4360656687
-0.4308462058
-0.2736245765
-0.3002717081
-0.3322234271
-0.4456056230
-0.3840805888
-0.3737426460
-0.1277025622
-0.2164148063
-0.3213641344
-0.1841757478
-0.3947642766
-0.2222493427
-0.3457902977
-0.3764315589
-0.1390712514
-0.2771476749
-0.3089373023
-0.3546339285
-0.2925845584
-0.3236507054
-0.3656598055
-0.3051731733
-0.3867340719
-0.2214037495
-0.3657230212
-0.3368484874
-0.4218601655
-0.2353052123
-0.3315033716
-0.2838676987
-0.2338077388
-0.2977640938
-0.2016584140
-0.2362133881
-0.2263044948
-0.2500016960
-0.2841894924
-0.2685289785
-0.1618549767
-0.2239926165
-0.2339141669
-0.1921371950
-0.0717480441
-0.2533822328
-0.3451482845
-0.2559725152
-0.2226890222
-0.2851193460
-0.2537219970
-0.1583386283
-0.1058962466
-0.4027029125
-0.2450521385
-0.2317716474
-0.0748342184
-0.0505595512
-0.1708547536
-0.3380444881
-0.3483842851
-0.2047091322
-0.3266040976
-0.1988385280
-0.1993270573
-0.1168255079
-0.2488239275
-0.0789512440
-0.1463563201
-0.2203521727
-0.0583585069
-0.1526459086
-0.1626319757
-0.1638926122
-0.2495982980
-0.1800338060
-0.0925641938
-0.1232545017
-0.2561988484
-0.2326145840
-0.1703779732
-0.2026050667
-0.2448437058
-0.1472480295
-0.1837552439
0.0249692808
-0.2891540930
-0.0884550827
-0.1731706507
-0.2186925157
0.0305272754
-0.0114846327
-0.0942349504
-0.0652683739
-0.1000463993
-0.1534827073
-0.1892023122
-0.2393425907
-0.0621635455
-0.1381001479
-0.1844014823
-0.0526727983
-0.1006482333
-0.0711724877
-0.1554116551
-0.0495198053
0.0257087249
-0.1408665098
-0.0702782251
-0.1476012883
-0.0106544687
-0.0471448670
-0.0494674113
0.0043481772
-0.0431815762
-0.0759610400
-0.0615251872
-0.0471836768
-0.0263684044
-0.0333619572
-0.0065590998
0.0234813839
-0.0458853556
-0.0291471566
0.0616290018
-0.1059099083
-0.1410937675
-0.1415162456
-0.1626193944
-0.0354121150
-0.0346931433
-0.0167427982
-0.1472931187
0.1396368563
-0.0111876842
0.0114974951
-0.0787375074
-0.0788739388
-0.2194973673
-0.0536589330
0.1216098182
-0.0437508238
0.0539635249
-0.1632441039
-0.0887046865
-0.0239090248
0.0288684756
-0.1206715966
-0.0547736649
-0.0491357785
-0.0221184461
-0.0396128572
0.0173056136
0.0288694603
-0.0044314516
0.0855214604
-0.0510150417
-0.1016893158
-0.0992995022
0.0932236976
0.0173059406
-0.0360771519
-0.0356682686
-0.0849590819
0.0679658183
0.0020842869
-0.0121975776
0.0731344526
-0.0759353924
0.0014445931
-0.0247184430
0.0695042472
0.1544203281
-0.1208202496
0.1215646234
0.0473247948
-0.0100103931
0.0282386844
0.2084012032
0.0785950084
0.0111034130
0.1420689805
0.0921547105
0.0664848096
0.1859424518
0.1056251486
-0.0533502059
0.1174879475
0.2186366066
-0.0371911895
0.0467323785
0.1645708150
0.0782364185
0.2325491074
0.1018398717
-0.0190025875
-0.0054308931
-0.0231856715
0.0031312490
-0.1445859597
0.0799401568
0.0323130924
0.0201466103
-0.0062036220
0.0054479292
0.2614991386
-0.0441819831
0.1470679799
-0.1129188965
-0.0770745023
0.0242095476
0.0993701026
0.1150888573
-0.0329271627
0.1038238199
0.2041598305
0.1939911135
0.1542856960
0.1535115351
0.1163591545
0.1517974181
0.1293110795
0.0915424893
0.2089186117
0.1568196707
0.1455368843
0.3120383266
0.1542169270
0.2040133825
0.1377031552
0.0278934750
0.3520066665
0.1016836639
0.1265761734
0.1840911648
0.0971400888
0.1668292246
0.2317193765
0.1487936197
0.1896999215
0.0732823604
0.2263715629
0.2153855871
0.0437232995
0.0397157381
0.1667300642
0.1558675566
0.1144633725
0.2275024253
0.1582080438
0.1720898999
0.2088172385
0.2240609249
0.2451333186
0.0968807822
0.2690850846
0.1227165782
0.4148521573
0.1322346501
0.2665478572
0.2728844616
0.1792770136
0.2738637860
0.2541010484
0.1212830822
0.4188301618
0.3112789362
0.2176591268
0.2861224044
0.2052734018
0.2503302489
0.1477127586
0.2482372116
0.2976624159
0.3379074757
0.0185082619
0.2104370203
0.2237308576
0.1887661953
0.2171257101
0.2389893973
0.2490274376
0.2317505401
0.3003065716
0.4262117249
0.2355750058
0.2159976730
0.1260811925
0.2709527538
0.3290545123
0.2074413611
0.1818255497
0.2185176281
0.3282666705
0.3290317556
0.3690368664
0.4584699519
0.2516773975
0.3556221992
0.2767306310
0.4060128604
0.4197756048
0.2853736440
0.2519765883
0.3541373287
0.1434808476
0.2977998062
0.3202082793
0.3566833787
0.3239509983
0.1461842468
0.3099140169
0.3012356571
0.2851879590
0.1580229901
0.2756398309
0.2232975472
0.2685602022
0.1343010902
0.2602737511
0.2689531030
0.2439653566
0.4564548586
0.2474667378
0.3778428440
0.4144880073
0.3003688576
0.4146621756
0.3387411761
0.4497297048
0.3175326645
0.3808277094
0.3397936245
0.3168261564
0.3994612701
0.3396317683
0.4254672931
0.2835452202
0.4454646375
0.3432900432
0.2776982661
0.4248638620
0.3563978024
0.5347092217
0.4754546983
0.3186250935
0.2810974116
0.3464796476
0.3991664503
0.3376041695
0.3953540884
0.3608990119
0.4343209300
0.4180168351
0.2255067169
0.2089524703
0.3818734099
0.5487813654
0.4379924022
0.4888925429
0.3419000441
0.3722733021
0.4722163107
0.3371989008
0.3694782231
0.2106824059
0.4021210344
0.3841339073
0.4222045909
0.4640152495
0.3796132361
0.5633616844
0.4611605856
0.4598462460
0.3804453798
0.4989632619
0.2730875807
0.4815565756
0.4215030838
0.4561826965
0.5155029346
0.4276026829
0.4857294336
0.4175677834
0.3300782309
0.4120200919
0.4428298388
0.3705217282
0.5128657609
0.4228408531
0.6249138469
0.3974516974
0.5299480246
0.4455554621
0.4498994468
0.4293623527
0.4818152992
0.4857138647
0.4184665405
0.5570888260
0.3203496162
0.4770949858
0.4417396523
0.4925018634
0.4683261841
0.4375002152
0.4795386727
0.4834516548
0.4682199982
0.4319056449
0.5244605108
0.4451823119
0.4650625079
0.4999961052
0.3798903855
0.4216015565
0.4760301076
0.3476856062
0.6258245475
0.4559866042
0.6035432398
0.5355976313
0.5053211729
0.5611622465
0.4885797110
0.4027918503
0.6340279695
0.3980830511
0.4761656691
0.5177848308
0.5258275109
0.5259009472
0.5342992610
0.6514817294
0.4690059254
0.5051584299
0.6216968638
0.4630472863
0.6067222695
0.5975819285
0.6230920106
0.5094076570
0.4052430964
0.6788835227
0.5487640585
0.6096096557
0.6189586426
0.5444768580
0.6426673916
0.4934475321
0.6543589237
0.5911207365
0.5963129072
0.6866001711
0.4917817256
0.5548695157
0.4992041914
0.5014322044
0.7015260149
0.6038117020
0.6175370488
0.5928138022
0.6904104337
0.6367591400
0.5550084462
0.5975062079
0.6381220192
0.6129941242
0.5900065219
0.6695509050
0.7948099197
0.4618431032
0.6038362575
0.7087238783
0.7631080387
0.5404988199
0.7100182715
0.5850794386
0.5883110109
0.5608815367
0.6487587076
0.6086844191
0.7722858948
0.8818385148
0.5391178934
0.6319897160
0.5239764169
0.6744929354
0.7393799549
0.7098652405
0.6185205806
0.6751796004
0.7119769992
0.5969820471
0.7348746894
0.7075881213
0.6796142390
0.8133560460
0.7350371205
0.6404229084
0.6999232346
0.7794828736
0.6779870717
0.7389458747
0.5899691064
0.5910255034
0.6790625062
0.6644304447
0.8319630126
0.7353903574
0.8584491483
0.6859451515
0.7069428503
0.6257372977
0.5110583693
0.6704067927
0.7349122767
0.8087737149
0.7279589643
0.4885242128
0.6558110151
0.8336726841
0.7140983463
0.8365557284
0.7246151798
0.7634023744
0.9149294708
0.6340227434
0.6876350598
0.8381888742
0.6783170018
0.7555723460
0.7066482913
0.7552020166
0.6068440112
0.8261869472
0.6990676402
0.5726274783
0.6511060830
0.7001348272
0.8023646445
0.7240952800
0.7490256062
0.7416306881
0.7766713225
0.8614795656
0.7160087669
0.7980786438
0.8395188742
0.7148387269
0.7781387153
0.7729012840
0.8176572400
0.8766379288
0.8155276575
0.7120065551
0.7427864271
0.7341633108
0.6789527378
0.7924671136
0.7126686486
0.8296043351
0.8574388668
0.7967153881
0.8168258617
0.9543701205
0.8410659817
0.9739426138
0.8680027423
0.6100034314
0.7985544733
0.7953424662
0.8486021927
0.7929205148
0.8140563787
0.8477961510
0.8694219605
0.7198193252
0.8271115443
0.9620564017
0.8608293059
0.9659328887
0.8370055816
0.9357474826
0.9305623208
0.6887906346
0.7573495632
0.8266346920
0.9285056070
0.8622844501
0.9445028029
0.9724695153
0.8271972554
0.8126741608
0.7688595859
0.8512918946
1.0599101836
0.9697024853
0.9961633109
0.8180588259
0.8493610458
0.9828837304
0.9657561329
0.8273851358
0.8887198513
0.8562273004
0.8920312922
0.8400567151
0.8151856872
0.9853738028
0.8463010217
1.1717117456
0.9981054827
0.8150873938
0.9605195688
1.0757028966
1.0255952903
0.9116043086
0.8925916119
0.8668083026
0.9874926049
0.8546364893
0.8705127519
0.9814701433
0.8302227035
0.9177716983
0.8075746268
0.9822404936
0.9611289993
1.0685443810
0.9925611121
0.8987732513
0.9104310734
0.8308149771
0.8997047371
1.0948417785
0.9166853912
1.1216170333
1.0568554511
1.0667271114
1.0776658552
1.0042355505
0.9622178752
1.0148082988
0.9932173774
1.0551428427
0.9371814108
1.0813626096
0.9554816846
1.0056399386
1.0652994275
1.1356432223
1.0306614095
0.9732281667
1.0744282433
0.9041802096
1.0240023246
1.1127560783
1.1092026091
