-0.8764275972
-0.9983403230
-0.9907916206
-0.9168464424
-0.9484514563
-0.9357613257
-1.0311314570
-0.9116889777
-0.9781731984
-0.9833833248
-1.0405155558
-0.9877348527
-1.0628696543
-0.9952362743
-0.9654506017
-0.9490043687
-1.0018376124
-1.0347385784
-0.8866575358
-0.7314014406
-0.9913189877
-0.8912065113
-0.9270130071
-1.0294901567
-0.9368889780
-0.8799939965
-0.9892121162
-0.8031633306
-0.9950985002
-0.8870520714
-0.9962503504
-0.8584902010
-0.7907110699
-1.0700555357
-0.8673092962
-1.0276453965
-0.9258689964
-0.7901370064
-0.7651879042
-0.8023629820
-0.8901517785
-0.7601457356
-1.0216360513
-0.9268993659
-0.9356092193
-0.6914731233
-0.8220000385
-0.8527316462
-0.9519001438
-0.8233093211
-0.8040133502
-0.9087037360
-0.9486958360
-0.8400494198
-0.8910815730
-0.9719265309
-1.0464477974
-0.8037486288
-0.9611542452
-0.7745362676
-0.8495945539
-0.9759985604
-0.8566526712
-0.8064787569
-0.9271181598
-0.9322196719
-0.8531313562
-0.9073477145
-0.9046281354
-0.8377402095
-0.9243226249
-0.7447966378
-0.7346396465
-0.7682389868
-0.9555262836
-0.9324169506
-0.8151211939
-0.8747469375
-0.8321471019
-0.7844200179
-0.7960232980
-0.7535547543
-0.7977595936
-1.0086943621
-0.7209860056
-0.7201542242
-0.7939083436
-0.9448850289
-0.9589991062
-0.7767430495
-0.8335103172
-0.5600589016
-0.6659566956
-0.8569961941
-0.9233838320
-0.7622039769
-0.7917943874
-0.8107478576
-0.8271392374
-0.8296585056
-0.8459978028
-0.8427778144
-0.7477513890
-0.8369387331
-0.8586015766
-0.8006117019
-0.9200096339
-0.9813028010
-0.8880299986
-0.7335665274
-0.8124250279
-0.8513418120
-0.7353623884
-0.8298947105
-0.8011428146
-0.6765942553
-0.6868224211
-0.6191542126
-0.8119897802
-0.6035450559
-0.5879081703
-0.7149533871
-0.8014233567
-0.6510209189
-0.7173938861
-0.5768629335
-0.5947488321
-0.6154888562
-0.9047036431
-0.7120628484
-0.6821897982
-0.6678204420
-0.7066689750
-0.7352506719
-0.7233679643
-0.7782290784
-0.6306678258
-0.6931269674
-0.7140236150
-0.6497088797
-0.7851528460
-0.6851756842
-0.7203120855
-0.8035456962
-0.6242167603
-0.7840865929
-0.6995070014
-0.7217165598
-0.7873434303
-0.5334216250
-0.7082954424
-0.8125533300
-0.5707304051
-0.6728880326
-0.6658118286
-0.6760815088
-0.7132429920
-0.6054145170
-0.7099525102
-0.8021974536
-0.8012938679
-0.6183112542
-0.5266544593
-0.6723366008
-0.5901661105
-0.7163869587
-0.7470035310
-0.6994409344
-0.6079294732
-0.7822673825
-0.7302495611
-0.6703848748
-0.7015388829
-0.6207367593
-0.5987416779
-0.6864853294
-0.6202091357
-0.6484196016
-0.6697216125
-0.5868162407
-0.6169320835
-0.5143880373
-0.7182344145
-0.5674286765
-0.7113326425
-0.7414855208
-0.5305042874
-0.6462064925
-0.5937666207
-0.7151020898
-0.6954239185
-0.6982443162
-0.6811916221
-0.6922291864
-0.6716685521
-0.5861426603
-0.6210245683
-0.4612541354
-0.6210542994
-0.5825180155
-0.5230727326
-0.5370563173
-0.4857666902
-0.5331967770
-0.6116925558
-0.5654358480
-0.6814616720
-0.5066776832
-0.5567664267
-0.5370972801
-0.8086143148
-0.6597319301
-0.6118391184
-0.6045461567
-0.3827533475
-0.4442928644
-0.5423940511
-0.5319234688
-0.5295238997
-0.6072938052
-0.6084764973
-0.6134143762
-0.4842474292
-0.5560709705
-0.6082427071
-0.4902614004
-0.6553144357
-0.4741766417
-0.5774867096
-0.5340343243
-0.3229543906
-0.6062706593
-0.6098380673
-0.5977691082
-0.6284356358
-0.5129150951
-0.5045563714
-0.4967462387
-0.5538505803
-0.5260907843
-0.5592094713
-0.5971797888
-0.4616090626
-0.5103847458
-0.4790721642
-0.5506822734
-0.5433002670
-0.5446926290
-0.4552462636
-0.5519285447
-0.4340870642
-0.5381325653
-0.4460325104
-0.4930445734
-0.5395226891
-0.5074743237
-0.3074769604
-0.4347547069
-0.5672172439
-0.4290616728
-0.3534969765
-0.4690391151
-0.4400230856
-0.3513276248
-0.5173199301
-0.6116581981
-0.4911618332
-0.5297624378
-0.3820876634
-0.3840211481
-0.3667710564
-0.3872316876
-0.4187319133
-0.4378650690
-0.5771568525
-0.5278459774
-0.3778245670
-0.4291855601
-0.4077230517
-0.3831645930
-0.3131501981
-0.5417278437
-0.3673629081
-0.3572312009
-0.4859467714
-0.3985268330
-0.4264502116
-0.4016645330
-0.4597847915
-0.4224677723
-0.5006392908
-0.4965498393
-0.5295778223
-0.3739527043
-0.5419208841
-0.3210870883
-0.3551343041
-0.4344930342
-0.2899333504
-0.3786657623
-0.3743502411
-0.4507796519
-0.4388506886
-0.3275425510
-0.2736777485
-0.4323562755
-0.3428886418
-0.4180508772
-0.3652816834
-0.3139619223
-0.4686292964
-0.4106026804
-0.4832085946
-0.3455119605
-0.3760557343
-0.2910480968
-0.5454038348
-0.2487402968
-0.4020591102
-0.2364904789
-0.2880764512
-0.3359323701
-0.2368162727
-0.2810371243
-0.2843454252
-0.3620844288
-0.3838522484
-0.5182509734
-0.3639263864
-0.2808722736
-0.2791714354
-0.4351092059
-0.3371552620
-0.4253372840
-0.3296909468
-0.2339191884
-0.4178981680
-0.3564774957
-0.2522849991
-0.3270724998
-0.3625302744
-0.1810064057
-0.2235240063
-0.1107091600
-0.4355683770
-0.3685006273
-0.2911481930
-0.3143277304
-0.2899649566
-0.3118098505
-0.2678095362
-0.3370577879
-0.2052071430
-0.1975050364
-0.3823214307
-0.1939721573
-0.4477189611
-0.3540714538
-0.3896000327
-0.2860361645
-0.3147868996
-0.3120469890
-0.2531984723
-0.3926104655
-0.4748486655
-0.4273740030
-0.2536956097
-0.3191507675
-0.1021286593
-0.2888404669
-0.2054851090
-0.2206778429
-0.2100311297
-0.2358797965
-0.2961412901
-0.2144812847
-0.2450206031
-0.3173634869
-0.1928502221
-0.2131797321
-0.3445814466
-0.0864507520
-0.3105673678
-0.3900280209
-0.3071500025
-0.2632763483
-0.1579008065
-0.1475938096
-0.1295805943
0.0141420369
-0.2839318791
-0.3207160858
-0.1731855308
-0.3008707417
-0.1584661499
-0.2306346033
-0.2154730615
-0.2429367891
-0.2703620793
-0.3272025260
-0.2839548359
-0.1980729082
-0.1056971405
-0.1473726857
-0.1026955569
-0.1246741534
-0.3025761319
-0.0302544453
-0.1965016248
-0.1449474826
-0.1693349851
-0.1383081426
-0.0590209025
-0.0707421259
-0.2669677194
-0.2426051949
-0.1048901805
-0.3397925060
-0.1922409334
-0.2127366099
-0.3008229169
-0.2163511076
-0.0831153444
-0.0967763763
-0.0171363338
-0.1994855107
-0.2149123035
-0.1091666881
-0.0943667700
-0.0749933122
-0.1511428166
-0.1761526388
-0.1143731566
-0.0532773549
-0.0249572967
-0.1672427592
-0.0550848188
-0.0322601123
-0.2761391813
-0.0753690319
-0.0197728035
-0.1049886231
-0.1146279625
-0.0265081032
-0.0257968017
-0.1180668450
-0.0976704414
-0.0688319144
-0.1384359811
-0.0330155201
-0.0278758763
-0.1156432431
-0.1520076075
0.0079029075
-0.1278927671
-0.1118145813
-0.1249728106
0.0265365836
0.0257085766
-0.1295389476
-0.1252666667
-0.0846742897
-0.1181980362
-0.1382531370
-0.0667446924
-0.1173001140
-0.0107478640
-0.0314945504
-0.0551252881
-0.1336190000
-0.1968989395
-0.1486118512
-0.1456623146
-0.1628481340
-0.1225363452
-0.0563359383
-0.0320214844
0.0944892657
-0.0467526333
0.0309788307
0.2158930725
-0.0173502908
-0.0017718861
0.0867858880
0.0376242951
-0.1583167361
-0.1611138752
-0.1213198812
-0.0245540445
0.0536254231
-0.0809613370
0.0716147530
0.0266252620
0.0070551344
0.0655637856
-0.0290304947
-0.0167494676
0.0255285278
-0.1440014282
-0.0718017278
-0.0786743162
0.0457347649
0.1438001368
-0.0245977410
-0.0664077509
0.0453866538
-0.1156500833
0.1099947463
-0.1356105157
0.0330109829
-0.0026881944
0.1767535147
0.0027320101
0.0383015870
0.0382585833
0.1053171057
-0.0228034650
-0.1647414957
0.1240012612
-0.1293713067
-0.0398684490
0.0037130128
0.1082594125
-0.2254204455
-0.0990144204
-0.0175017582
-0.1154898866
0.0906732621
-0.0634692526
0.0268232786
0.0862664236
-0.0463527236
-0.0218044426
-0.0741499423
0.0802043655
0.1226735508
0.0433434801
-0.0240134055
-0.0110300759
0.0696776750
0.1198844912
0.0942006510
0.0973146303
0.3317356726
-0.0894832817
0.2628945241
0.1653250617
0.1522877436
0.0179649895
0.0793281381
0.1536204598
-0.0010348710
0.0639389590
-0.0328762824
0.1129021878
-0.0392241540
0.1462620211
0.1364279006
0.0943348267
0.0820023629
0.0962298940
0.1319547222
0.1583377353
0.1699971589
0.0745135515
0.0974502765
0.1569524039
0.0399361126
0.1405150093
0.1374554142
0.2665429837
0.0423024996
0.1826224987
0.1460568676
0.0326703546
0.1581375451
0.0370738642
0.1310829626
0.1846481985
0.2611029982
0.1413610564
0.1894335953
0.1930945718
0.2313924011
0.0729191561
0.1188508892
0.2621667465
0.1662646715
0.0850990679
0.1753371099
0.2045643940
0.2994473891
0.2405566660
0.1753026413
0.2484690942
0.0564245076
0.2248941296
0.2821175449
0.2473613410
0.1811891248
0.0257165594
0.2341215344
0.1635932022
0.2959896836
0.2533998264
0.1371556856
0.1857107272
0.2869283224
0.1010786176
0.2596500074
0.1213417120
0.1296389652
0.3097911546
0.3036994238
0.2515848708
0.1696809248
0.2631789190
0.0734516709
0.2771649849
0.3829579977
0.3652696034
0.1097883048
0.3905198890
0.2108085004
0.2894012218
0.2173861287
0.1868820002
0.1465925687
0.2144457327
0.2616706055
0.4030534616
0.2338869930
0.1312235455
0.2071306596
0.3122538282
0.2428977449
0.3559412299
0.3065619036
0.3325862312
0.2532350350
0.2573432694
0.1556900446
0.2561901702
0.1312843492
0.2966284858
0.4145287745
0.3748105943
0.1705014826
0.3707720530
0.4887825218
0.1723237507
0.2741753210
0.1327953410
0.2898306884
0.2008784964
0.2360848643
0.3356520578
0.2295200540
0.3045479628
0.2587918249
0.3060402351
0.3913634307
0.2651062992
0.2259297878
0.2407048483
0.2822903586
0.3272989880
0.3224639626
0.2343611347
0.3473759290
0.4287998776
0.2914312463
0.3691655557
0.3022905344
0.2398391801
0.3010069084
0.4599446224
0.2967987543
0.3208318585
0.4064640729
0.3822922880
0.3104057958
0.2654213708
0.3102998857
0.4234638840
0.3915816938
0.4743070874
0.4100509710
0.4966470256
0.4075660925
0.3337498210
0.4319578517
0.3083108690
0.4027897307
0.2265932293
0.4278350365
0.3870953686
0.3582567906
0.4725180146
0.3089748611
0.4324699773
0.3655060120
0.4900299099
0.4128840921
0.3044608643
0.5081807023
0.3988318503
0.3778686570
0.4246597842
0.4244505180
0.4344794896
0.3662449311
0.3876005995
0.4333320834
0.3581457804
0.2671137165
0.4582913675
0.4263687501
0.4225330862
0.4584567474
0.5176480006
0.4113828771
0.4006839974
0.5937642676
0.5038794632
0.4787760566
0.4795341156
0.5102421465
0.5312208228
0.3558696253
0.4716839104
0.5375383480
0.3463055959
0.5534968028
0.6169087462
0.5340381491
0.3120046661
0.4027139297
0.4946066302
0.5718294016
0.6372744320
0.5217977294
0.5329376853
0.4293706944
0.3858247313
0.5120775206
0.5481962153
0.4822216160
0.6253170171
0.5670287354
0.4130932769
0.6550869779
0.5214355235
0.5173236658
0.5461660485
0.4678750043
0.5270409496
0.6781088216
0.5319807904
0.4019119388
0.5469279687
0.5454728140
0.5424395073
0.5831000018
0.5278608027
0.7556579225
0.5230376035
0.5543087014
0.3492925562
0.5122367229
0.4670936387
0.5335647792
0.5666123255
0.5783063328
0.3980356603
0.6502238544
0.5882932869
0.4775081197
0.7038118215
0.6011766083
0.5839882705
0.7230938677
0.5173684422
0.6086884716
0.5967445442
0.4657153006
0.6212420871
0.5963302902
0.6533998510
0.6662657230
0.5346824666
0.4425352927
0.5546405580
0.4704032018
0.4435527761
0.6892669128
0.4292937593
0.5173077631
0.4213031121
0.5790524403
0.6654678725
0.5982111990
0.6413480123
0.6429919432
0.4880208042
0.5605552971
0.6884369301
0.5817513828
0.5483157365
0.5526310581
0.7610748125
0.5868874190
0.5591899621
0.6388663875
0.6357266373
0.4632379032
0.6202680203
0.6179828483
0.6486069274
0.7935083605
0.4716427868
0.5933877964
0.7414036366
0.7749259881
0.5646131967
0.5338759448
0.5924198485
0.8747504423
0.6433761500
0.6291742182
0.7565752777
0.5705646646
0.7318598854
0.7265587401
0.6307090064
0.6684018032
0.6691303709
0.5833865361
0.7319313720
0.7639948257
0.7468239196
0.6406170902
0.5946191857
0.6819856985
0.5812625263
0.7630663877
0.7080850914
0.6964621371
0.7355302845
0.7899229737
0.7023963223
0.7391663693
0.6362206138
0.5669525927
0.7261886163
0.6230028879
0.6916229657
0.6194030673
0.7335117080
0.7816608916
0.7552413917
0.6548819246
0.6579853843
0.6537913880
0.8336526187
0.7455396927
0.8690252737
0.9372936695
0.8000718082
0.7733098251
0.6664279364
0.7340440016
0.6142641705
0.7068269625
0.8577799862
0.8479025229
0.8059332697
0.6771543275
0.6491994343
0.8446045527
0.7547408442
0.7506459196
0.7577059976
0.7782293871
0.8157633631
0.6990240129
0.9075258939
0.8196844912
0.8473373384
0.7385577142
0.8035568121
0.9295470365
0.6942099489
0.7317752724
0.8001622181
0.7768408753
0.6856279677
0.8066849418
0.7837178225
0.8576195058
0.7072415654
0.6953180902
0.8309939086
0.7586994429
0.8056787577
0.9698073866
0.7788053568
0.8365873085
0.9067881845
0.8096456004
0.9288063074
0.7792158390
0.9222574127
1.0069497605
0.7855821042
0.8045764355
0.8288432366
0.9126276950
0.8702560312
0.8066106673
0.8249064247
0.7714001355
0.8707966986
0.8352306776
0.8405545441
0.9296879453
0.8751973725
0.7799654210
0.9418647038
0.8354414956
0.8402153103
0.7453470966
0.9650711745
0.7710382313
0.9077380799
0.8613055091
0.8468826839
0.9177654748
0.9720800365
0.8749379640
1.0053552219
0.8186246175
0.8110682525
0.9193853041
0.8081374562
0.9088779881
0.7268769387
0.9471379617
0.9926518466
0.8052897680
0.8367207537
0.9839124361
0.8741230775
0.9421983488
0.9205313280
0.8010478399
0.8504168002
0.8498880721
0.8364102271
0.9555558143
0.9535463412
0.9953912093
0.8867177011
0.8648113451
1.0333589270
1.0770429402
0.9693236944
0.8991519204
0.8672813937
1.0238895557
0.9030502077
0.9495028649
0.9082699739
0.9260420988
0.8996120156
0.8798029822
1.0151991530
0.9815911721
0.9272817439
1.0774139606
0.8847812874
0.9373541220
0.8883649232
1.0550612486
0.9524655396
0.8934094259
1.0127287639
0.9560821715
1.0079938201
0.9809352213
1.0730870555
1.1024702600
1.0526088039
0.9962966452
1.0560293546
0.8770477399
1.0599651820
1.0599127869
1.0344723923
1.1161194622
