-1.0469675164
-0.9008403130
-0.8465605050
-0.9513258035
-0.9691710556
-0.9924334054
-1.0515275679
-1.1616947160
-0.9323796171
-1.1251722234
-0.9871674640
-0.7917888934
-1.0145183087
-1.1185902381
-0.9796776602
-0.7755087649
-1.1304823212
-1.0651256230
-0.9596107126
-1.0276007235
-0.8750869521
-0.9739940088
-0.9915228468
-0.9888694465
-1.0550017724
-0.7661334538
-1.0854660387
-0.8650603142
-0.9539471768
-1.0160208597
-0.9628560008
-1.1086735167
-0.6945352068
-1.0113079745
-0.9051481582
-1.0106017016
-1.0591724700
-0.8866338684
-0.9382746908
-1.0014535615
-0.8537295252
-0.9070387233
-0.9790287650
-0.8599946066
-0.9593864358
-0.9045814311
-0.9582268592
-0.8398200658
-0.9069389330
-0.8360973674
-0.6873484415
-0.8229803606
-0.9458158297
-0.9287105702
-0.9961489994
-1.0076630999
-0.9780383717
-0.8397261632
-1.0684026889
-1.0159602613
-0.8289120463
-0.9170780778
-0.7329425798
-0.9405441385
-0.8129761510
-0.7947984860
-0.7618523656
-0.9810708117
-0.9501991531
-0.7627332775
-0.8371479636
-0.9447751310
-0.8985195222
-0.9611337694
-0.9219239640
-0.8390938849
-0.8868807411
-0.8022082820
-0.8571578341
-0.7724044622
-0.9000158761
-0.9117024942
-1.0656938755
-0.8857663934
-0.9135787000
-0.7520743429
-0.6488876067
-0.8958813219
-0.7095383961
-0.6734415502
-0.9863318966
-0.6942109009
-0.9171686434
-0.7871444995
-0.9100300601
-0.8204693094
-0.8599977656
-0.8059987762
-0.7306497655
-0.7433258031
-0.7603881952
-0.6695090175
-0.8510868403
-0.7344348403
-0.7468657921
-0.7301990290
-0.5556565842
-0.7744327924
-0.7514293242
-0.8176053958
-0.8568866204
-0.8049682313
-0.7143075006
-0.7184469006
-0.8184476156
-0.8104374551
-0.7631903784
-0.5523643740
-0.7049567465
-0.7671976348
-0.7592512190
-0.6232749753
-0.7278139343
-0.6605420436
-0.8028518580
-0.7746867360
-0.6715671101
-0.7500430687
-0.6195374720
-0.5884519731
-0.8632054793
-0.6956040923
-0.7648156150
-0.7300033665
-0.8093626527
-0.6132848737
-0.5703229357
-0.7208448538
-0.8801805149
-0.8434606379
-0.7171925775
-0.6797559055
-0.7043078786
-0.7141001994
-0.7189398777
-0.7336635683
-0.7187857115
-0.6286844904
-0.7917128493
-0.7811676087
-0.7653340590
-0.6646273044
-0.7947562535
-0.6234918125
-0.7051684179
-0.8577416176
-0.7259238082
-0.7495035425
-0.6157755526
-0.6701451282
-0.5842019955
-0.5865521922
-0.7704474366
-0.7619203910
-0.8456999537
-0.7237159160
-0.6406044672
-0.6197653122
-0.7091554063
-0.6054501510
-0.6907313377
-0.6118803493
-0.5697406466
-0.6988148030
-0.6585973555
-0.7492259077
-0.5494527904
-0.7423578630
-0.7697183850
-0.5528253188
-0.7078625781
-0.6752563994
-0.6448708352
-0.6564790916
-0.5533854017
-0.6476449397
-0.5740027873
-0.5420694149
-0.6450756129
-0.7376756995
-0.6422408756
-0.5110022944
-0.6667703725
-0.5395991713
-0.6496986156
-0.5284886316
-0.5782763767
-0.6613910961
-0.6799908785
-0.6024761525
-0.5967602600
-0.6928860355
-0.6955468257
-0.6418436250
-0.5804128369
-0.5272472404
-0.7266204518
-0.6117104715
-0.6528698466
-0.6166338942
-0.6688978948
-0.6993685897
-0.6461227144
-0.6215595262
-0.6692583068
-0.6860323599
-0.4209576562
-0.5989341147
-0.4742955514
-0.5821561367
-0.4638690931
-0.6432834913
-0.6306984514
-0.5666666268
-0.5823179539
-0.6129849050
-0.5624163438
-0.3886562203
-0.6689832807
-0.4364874167
-0.5768434075
-0.6203306384
-0.6568848168
-0.5586229873
-0.4905879845
-0.5419866847
-0.5520011060
-0.4849835522
-0.4801058049
-0.6084683801
-0.4562071235
-0.7642434711
-0.3548997607
-0.5033692181
-0.4971825428
-0.5309021611
-0.4642828709
-0.5870196818
-0.5955662434
-0.3583385979
-0.5193603495
-0.6171180941
-0.4497293752
-0.6525844564
-0.3512836155
-0.4552059932
-0.5311984360
-0.5017181159
-0.3701781936
-0.3789244407
-0.3509007449
-0.5148429620
-0.5222737857
-0.4366662180
-0.5661925511
-0.3477501002
-0.2610266863
-0.4003452897
-0.4820365765
-0.5624451528
-0.2998907486
-0.5438848207
-0.4528260464
-0.4011393696
-0.4878107880
-0.3613627113
-0.5128767875
-0.4572186354
-0.4846727786
-0.5936091929
-0.4633393971
-0.3372104821
-0.4897524551
-0.5003306785
-0.2958709501
-0.3279395664
-0.2293428026
-0.4140832942
-0.4952907221
-0.4332181583
-0.4127509128
-0.4702522222
-0.4515666001
-0.3978159117
-0.2857728420
-0.4326116990
-0.4273115943
-0.4382662260
-0.3673994398
-0.5287259747
-0.2482889828
-0.3689607479
-0.3572048274
-0.2550786392
-0.4706752706
-0.3869840767
-0.3880747280
-0.4848569285
-0.3562668807
-0.1067438641
-0.3531563001
-0.3679707161
-0.3419358948
-0.4133182239
-0.4616984621
-0.4664274879
-0.2125646960
-0.3605532750
-0.3929640930
-0.3271507324
-0.3822498698
-0.3477580965
-0.3275668309
-0.1959915176
-0.3349108341
-0.5611945110
-0.2963929994
-0.5260332396
-0.2965248678
-0.4661488091
-0.4341221391
-0.3641979025
-0.4112650760
-0.3839613831
-0.2858636395
-0.2378174814
-0.3310793524
-0.4244362031
-0.2681122232
-0.3642803810
-0.2179033245
-0.2292524870
-0.4321337104
-0.3978594657
-0.4471645080
-0.2934587688
-0.4506007366
-0.2683631517
-0.3261283846
-0.1283532780
-0.3349867884
-0.2588296139
-0.1919750216
-0.3140928164
-0.4453928699
-0.2884781952
-0.2119957398
-0.3759275128
-0.2914526468
-0.4539747203
-0.3038833507
-0.2246531012
-0.1687530928
-0.4477524567
-0.2880190406
-0.1917235895
-0.3719228254
-0.3763545321
-0.2778115423
-0.2295305216
-0.3015044530
-0.3477644706
-0.1751976943
-0.1192333511
-0.4123317957
-0.1803770152
-0.2941888593
-0.2450349541
-0.1682251209
-0.2392794039
-0.1695602008
-0.2681112255
-0.1843553314
-0.3710639588
-0.1703072272
-0.4119434619
-0.2815494313
-0.4862141167
-0.2528627251
-0.2172610311
-0.0720583960
-0.2119972471
-0.2893557285
-0.2416866035
-0.2273373889
-0.1558682328
-0.0723322301
-0.2228415748
-0.2805053667
-0.1986458596
-0.1774668387
-0.1575458863
-0.2082081874
-0.2111772274
-0.2307938695
-0.1546091747
-0.2288736942
-0.2366094156
-0.1241969697
-0.1632935399
-0.2536499813
-0.1868560679
-0.1993165169
-0.1234753050
-0.2436849748
-0.0768076644
-0.1499446397
-0.1233253544
-0.0970513904
-0.2745370476
-0.1553991349
-0.0039108476
-0.0487763691
-0.1994175042
-0.1016316340
-0.0962581891
-0.1499079096
-0.2022044756
-0.1775639936
-0.1339961938
-0.2365276419
-0.0313294297
-0.0707730588
-0.0179754041
-0.0281961062
-0.1535070860
-0.0147654186
-0.0900746583
-0.0740410697
-0.0843105449
-0.0513914020
-0.1430693971
-0.1083393491
0.0032095321
-0.2403406937
-0.1192368118
-0.0856332302
-0.1241314432
-0.1274957222
-0.0758423977
-0.1509793597
-0.0314070948
-0.2387641634
-0.1483643801
-0.1190049750
-0.0187144565
-0.1259012404
-0.0909983782
-0.0556791717
-0.1606115132
-0.1531787285
-0.0882300636
-0.1077355817
-0.2092439302
-0.0697187306
-0.1902851851
-0.1061958228
-0.1198158130
-0.0458996524
0.0954784953
-0.1720738438
-0.0578985495
-0.0680885313
0.0204784196
-0.0158465444
-0.0370597178
-0.1478030525
-0.0332413571
-0.0105337917
-0.0623297011
0.0622884174
-0.1030617800
-0.0431264892
-0.0969055960
0.0973029794
-0.2936647645
-0.0766979653
-0.0768477689
-0.1025576430
-0.0503118001
-0.1244658010
-0.0038285318
0.0419106966
0.0469011822
0.0819744442
-0.0261682977
-0.1265121361
0.1193989345
-0.0382880887
0.0444989508
0.0510118745
-0.0395370657
0.0329121578
-0.0242245690
-0.0245652020
0.0916378703
-0.0298198288
-0.1660923556
0.1628116901
0.0227760132
0.1762475610
0.0747574384
0.1041305910
-0.0776835289
0.0554946471
0.0036157736
-0.0062501290
0.0916819364
-0.0358505558
0.1580903015
0.0654288074
0.2346220916
0.2240134369
0.1077163802
0.1469019476
-0.0310861460
0.0513331294
-0.0408382463
-0.0445303161
0.1316784104
0.0138327298
0.0725637073
-0.0288414399
-0.0433250143
0.0234945853
0.0936085085
-0.0262432805
0.0399079757
0.0703812306
0.1127149737
0.0465222698
0.0924091373
0.0880921738
0.1491189869
0.0263289202
0.0303062104
0.0912236049
-0.0274753377
-0.0307163564
0.1707967397
0.1681630333
0.2003298979
0.1031150574
0.0165769203
0.0566514189
0.1508421247
0.1722226181
-0.0203621346
0.3857964234
-0.0288880431
0.1191906042
0.2537872141
0.0355793170
0.2552072954
0.2349580648
0.0975635839
0.1729182646
0.2470214141
0.1363211058
0.2325687673
0.1318704808
0.1419031531
0.0898455974
0.1232370867
0.2781208877
0.1501496851
0.2336877527
0.0597550644
0.1606239725
0.1109069621
0.1922259106
0.0872865792
0.1915317128
0.2142747259
0.1248150510
0.0649272413
0.1893557707
0.2719754486
0.2009572399
0.1559686360
0.2002099577
0.2908557434
0.0494944912
0.1036789203
0.2240451682
0.0789817008
0.1819906119
0.2808034371
0.1835395185
0.1519859420
0.2573485116
0.2470380397
0.1548778550
0.1441644283
0.0771245949
0.3644903622
0.1333616246
0.1889769319
0.2578778557
0.3507818093
0.3804076220
0.3996056689
0.1844538751
0.2347571036
0.0535830814
0.4217946497
0.1801521724
0.2068857583
0.2083503273
0.2333615106
0.2721785836
0.2133766806
0.2605021197
0.2009488131
0.2498784808
0.4084619755
0.1578724309
0.2289734234
0.1618133507
0.2259023858
0.3048703008
0.3447000720
0.2370517508
0.1696541185
0.3388914825
0.3390267374
0.1915977546
0.3363557429
0.2690737628
0.2436869595
0.3356458147
0.1489991517
0.3577388727
0.1355517048
0.1797503547
0.3643062471
0.3146284141
0.2955724202
0.2478927902
0.2573466434
0.4679345487
0.3747360340
0.4542171328
0.2938681538
0.2937748629
0.3067975504
0.2334734765
0.3864961108
0.3026499905
0.2296799706
0.2722213677
0.1996857639
0.4404909887
0.3694563104
0.2794683483
0.3317678884
0.3974420673
0.3303633564
0.2179462363
0.1527272783
0.1677662105
0.3470135561
0.4632392979
0.2922388439
0.3453041627
0.3550873864
0.3612055062
0.4169314812
0.4898737226
0.3861091603
0.3567684129
0.2267269759
0.4186521445
0.5014621201
0.4548783727
0.3402352993
0.4438593143
0.2896046488
0.3725554325
0.2212826072
0.2758847395
0.3629945504
0.3341849605
0.3735428973
0.2115993743
0.3685581815
0.3179428195
0.4193898138
0.3341548113
0.4292321618
0.4569635754
0.5173417935
0.4397362464
0.2664214609
0.3923467720
0.3725814402
0.5463050623
0.4053873362
0.3999312810
0.4514810732
0.4441778414
0.4816287902
0.3973529840
0.5838774326
0.4616392994
0.3651969916
0.2763722127
0.3739270663
0.3699184360
0.4591030414
0.4902101737
0.4946431805
0.4831848994
0.3411279128
0.4712375821
0.2834849645
0.3744935808
0.5793332716
0.5648165017
0.6057579674
0.3175366050
0.4566290268
0.3864619315
0.5540309990
0.3715020623
0.5409085130
0.3185439579
0.4551495350
0.3230930384
0.4176825880
0.4630598204
0.4827535255
0.3083516469
0.3903141616
0.4578445786
0.6132348073
0.5714841997
0.6176170460
0.5327033393
0.4450662381
0.6534478492
0.5478335721
0.4617190661
0.4954339382
0.4087932096
0.4483105047
0.5043081831
0.5355694043
0.5016410423
0.6859980735
0.4820491255
0.6051936134
0.5507080069
0.4999118981
0.5083961795
0.3421528229
0.3940420508
0.5803482766
0.4400205608
0.5141791529
0.4087250567
0.5428443177
0.4823209037
0.5036272741
0.6933436660
0.4924511248
0.4984531300
0.5453008689
0.6250118174
0.5312732074
0.6362560312
0.5213113710
0.6807788043
0.5376020040
0.5492231800
0.6399698366
0.5299754473
0.5413357674
0.5560087324
0.5281739913
0.4419841667
0.5273047213
0.5449684406
0.6134163758
0.5464794899
0.5623441742
0.6029053778
0.7117973375
0.6523481436
0.6991873213
0.6123276970
0.5414705415
0.6136790594
0.7399585118
0.6441552802
0.5643685028
0.7058596689
0.6262322276
0.6776167926
0.6289395017
0.6521142576
0.4816201155
0.6569071628
0.6603039480
0.8208878756
0.5352874357
0.6362210779
0.6630715163
0.7064344587
0.6527055793
0.5883080186
0.6714681723
0.7595924211
0.6388013568
0.6760435225
0.6803943843
0.5364313261
0.6837983148
0.6887043872
0.6796946467
0.6145659874
0.6219305488
0.6290954830
0.7532909570
0.7382639270
0.7694017442
0.7569777064
0.6154903208
0.6079580179
0.4952841406
0.7189442819
0.7193171162
0.8198692803
0.7345714269
0.6691268482
0.6510450743
0.7182893053
0.5802241444
0.5022011116
0.4681628342
0.7233688436
0.7336756546
0.6611307925
0.6255857364
0.5061166598
0.7334850756
0.9313471478
0.7175462825
0.7648804621
0.8055751119
0.7373881162
0.6828641980
0.8112748355
0.8289954123
0.6872754558
0.6167213011
0.7123066201
0.6993153692
0.7684052063
0.7375925544
0.7972173879
0.7032538424
0.6928888139
0.6998325983
0.6442566816
0.6349515693
0.8032573560
0.8118333344
0.6662011535
0.7140268824
0.6946021040
0.7927771881
0.6817425260
0.7791661800
0.7542521099
0.6864940558
0.7029766068
0.8349862456
0.7268835620
0.7908185874
0.8526517778
0.6061275741
0.8843537420
0.8257443516
0.8620890811
0.8081186915
0.7132265908
0.6967197533
0.8574996208
0.7342234401
0.7437662803
0.6949249496
0.7214074387
0.7636824115
0.7123058211
0.8757422606
0.8306883961
0.8278157887
0.7718317813
0.8488668842
0.9579901812
0.8632332131
0.8734002858
0.8870212925
0.8850847094
0.7125984283
0.9244866864
0.9258021963
0.7888837345
0.8420260684
0.8631455362
0.7796997282
1.0205065167
0.8849340383
0.7628642107
0.8714360050
0.7546900145
0.7400975716
0.8141448271
0.7868466249
0.7531616403
0.8627539631
0.8647101643
0.8936347873
0.8317601531
0.8713280615
0.9101368479
0.8959756024
0.9239395451
0.9722592854
0.8436567927
0.8690285207
0.8831809470
0.8140648748
0.9418010492
0.8168392552
1.0405236910
0.8396356698
0.8668676588
0.8397136054
0.9418554261
0.9257272849
0.8975790844
0.9496646964
0.8670118488
0.7972589815
0.8330384458
0.8493662390
0.6716352042
0.9343772323
1.1101920287
0.9793416437
0.9580906220
0.9143933809
0.8970176863
0.9624518996
0.9664536506
1.1502787167
0.7944806424
0.9446195020
1.0201735750
0.8925781531
0.8823525827
0.9313580623
0.9183554224
0.8976507625
0.9399688540
0.9184138225
0.8027507490
1.0021806982
1.0123774853
1.0596000359
0.9631015915
1.0094695090
0.8489931734
0.9961207035
1.0114265403
1.0669780002
1.0119266093
0.8985949039
0.8670046639
1.0547408269
1.1917372221
0.9551143973
0.8360772850
0.9090567015
0.9497893705
0.9263367673
0.9987985784
0.9171056218
