-0.9828591711
-0.9601602706
-1.0118638891
-0.9699133373
-1.0351997382
-0.9041652753
-1.0590679272
-0.9828136758
-0.9178285639
-0.9187436716
-0.9585818307
-0.9216876162
-0.9963380270
-0.9734383358
-1.1203368598
-0.9051567286
-0.9836323421
-0.9291388252
-0.9700649763
-1.0849208452
-1.0708352429
-0.8505615748
-0.8576662904
-0.9075302283
-0.8849741271
-0.9259790549
-0.9975772229
-0.8740662122
-0.9578653121
-1.0397951337
-0.8963477092
-0.8403901925
-0.9325268279
-0.6155051940
-0.9245318931
-0.8421816932
-0.7924787111
-0.9743631833
-0.9131959194
-0.9101167170
-0.9466311734
-0.9658395639
-0.7698016721
-0.9367037369
-0.9673750394
-0.8587738278
-0.7432435613
-0.7592579726
-0.9375302094
-0.8947291133
-0.9770015291
-0.8606478971
-0.7558706061
-0.7973759364
-0.9458687520
-0.9818592724
-0.8291008888
-0.9658319460
-0.8653718384
-0.9271510540
-0.7659494137
-0.9130213576
-0.8549349902
-0.8029761141
-0.7285111311
-0.8450437124
-0.9293318169
-0.8866593927
-0.9496315225
-0.8367967921
-0.8212733802
-0.7934426170
-0.8575233853
-0.8746584148
-0.9884714135
-1.0489288827
-0.9176627655
-0.8693064690
-0.9743174656
-0.9684894243
-0.8940483370
-0.7586136362
-0.7559717471
-0.8498153369
-0.7188258462
-0.8005554425
-0.9169402806
-0.8375038098
-0.8210199201
-0.8339603459
-0.8791378994
-0.7813497828
-0.8133958403
-0.9106911475
-0.7761848403
-0.7075159125
-0.7970026323
-0.8465734965
-0.8898326849
-0.9130984693
-0.9000258137
-0.8404724757
-0.7776933816
-0.7153741320
-0.7744089143
-0.7208028454
-0.6526934926
-0.7430914405
-0.7625298233
-0.8009758486
-0.7061143948
-0.7915809316
-0.7750012165
-0.7097844406
-0.8703670560
-0.6721251569
-0.7685611452
-0.7886108586
-0.6153027430
-0.8220222697
-0.7028891324
-0.6843566298
-0.6978299900
-0.6776581313
-0.5800024815
-0.8654909970
-0.7265708667
-0.7333834201
-0.9128955573
-0.7798702216
-0.7415805524
-0.6609688483
-0.7868799400
-0.8131619240
-0.7827704711
-0.6560851306
-0.6731977124
-0.7787850979
-0.7970455767
-0.8442603345
-0.6670262586
-0.7647191940
-0.5985519374
-0.7608073723
-0.6292171992
-0.7246083256
-0.6219032086
-0.7127591822
-0.8824438522
-0.6213629351
-0.5205521714
-0.6732280659
-0.8412887039
-0.7720187305
-0.6931660277
-0.7236973204
-0.5391832821
-0.7876222386
-0.7563747218
-0.6070898163
-0.7505810350
-0.7309075234
-0.7310010743
-0.6576867200
-0.5306895846
-0.6115526436
-0.6012562924
-0.5785190807
-0.6337237608
-0.7145874383
-0.7338885048
-0.5960956739
-0.6156799259
-0.6697875527
-0.6486727327
-0.5897524635
-0.5996477140
-0.6940629721
-0.6924896329
-0.5442525412
-0.7035920552
-0.6183167901
-0.6711801527
-0.6722451228
-0.5510525843
-0.5674148483
-0.8176071565
-0.4975546095
-0.6669413292
-0.6258690458
-0.6144682951
-0.5202654822
-0.5930410386
-0.6277019079
-0.7602873029
-0.7425851722
-0.6623003557
-0.7276605198
-0.6249624044
-0.5804502279
-0.5516794917
-0.6951070346
-0.5338729522
-0.6227225466
-0.5567968955
-0.6498658270
-0.6089935762
-0.5714858086
-0.5721146019
-0.5125069379
-0.5557190271
-0.4551772340
-0.4422695332
-0.6298507255
-0.5591234702
-0.6195307505
-0.4556821802
-0.5781282204
-0.6219519410
-0.6483830809
-0.5800483517
-0.4377951155
-0.5765534112
-0.5479196984
-0.5805739311
-0.5443894327
-0.6023601702
-0.6099821977
-0.5084903770
-0.7235233159
-0.4900981213
-0.5357623788
-0.4196096276
-0.6328838429
-0.4835918989
-0.6236558460
-0.4336050034
-0.5425455617
-0.5012791251
-0.7252244517
-0.6633532802
-0.6373431757
-0.4876084079
-0.6353115708
-0.5681670932
-0.5753750659
-0.3950962432
-0.4952780099
-0.4214445735
-0.4882318669
-0.4514294439
-0.4840971351
-0.4520174748
-0.4915979456
-0.3896512002
-0.5067419232
-0.6013795052
-0.4568460880
-0.4104642856
-0.4747766864
-0.4628088509
-0.5164340239
-0.3121107132
-0.5485177606
-0.4534824790
-0.4882568437
-0.4746874266
-0.4631756934
-0.5480381783
-0.5050857435
-0.3345909268
-0.4110149533
-0.4863026102
-0.5843311208
-0.4959705819
-0.4881899685
-0.3543284943
-0.3151026754
-0.5894088503
-0.4100171640
-0.4073935861
-0.4682078628
-0.4077385918
-0.3973939452
-0.3577221545
-0.3543026465
-0.4209724403
-0.4730863290
-0.5064988796
-0.3418500987
-0.4492307336
-0.3853139783
-0.3340489920
-0.3654206124
-0.5152501988
-0.5305734094
-0.3790108043
-0.3128678924
-0.4037549935
-0.4615410618
-0.3978078958
-0.3495913607
-0.4377767090
-0.5466631020
-0.3805039911
-0.5785589327
-0.4405042743
-0.3169172856
-0.3538954760
-0.4144690267
-0.4964134841
-0.5117375842
-0.3120511740
-0.4618590558
-0.2296848970
-0.4252887356
-0.3660025022
-0.4010720208
-0.3522652276
-0.3483743481
-0.3192002187
-0.4147973654
-0.4498540621
-0.2039727693
-0.4435767997
-0.4081153043
-0.3899079627
-0.4286902471
-0.2478369646
-0.3046208686
-0.2104110096
-0.2982931286
-0.2704757675
-0.3351366374
-0.3418656705
-0.3108297316
-0.2114048178
-0.3006197226
-0.3303303165
-0.2942752382
-0.2956265929
-0.2294571356
-0.2608806377
-0.4264270266
-0.3066675189
-0.3593830818
-0.2607269665
-0.4083437289
-0.2533260570
-0.3900115614
-0.2803367393
-0.3942118153
-0.3635965949
-0.2928919168
-0.3976436398
-0.2940795743
-0.2715238058
-0.3113005971
-0.2575218177
-0.3582040031
-0.1939513433
-0.4291865584
-0.2287808936
-0.2238001792
-0.2386098345
-0.1729626331
-0.3839684913
-0.2695884162
-0.0719268218
-0.3478470922
-0.1988543052
-0.2812377593
-0.1098160350
-0.3101376451
-0.2346034219
-0.2150862663
-0.3069976620
-0.2627989610
-0.1425617881
-0.2833753493
-0.1166462698
-0.1387677108
-0.1765718037
-0.0878909446
-0.2464970518
-0.2136540581
-0.2488995458
-0.0482520972
-0.2911129450
-0.2842850653
-0.1142047584
-0.2476194409
-0.3020621320
-0.2434285445
-0.2188104392
-0.1727162987
-0.2656619893
-0.2514188155
-0.3157779827
-0.1971630709
-0.2787496603
-0.1899467959
-0.1833412870
-0.3498871883
-0.0449443062
-0.2141816521
-0.0908595822
-0.2644425883
-0.3989447056
-0.1678221449
-0.0610553757
-0.2176099052
-0.1065208528
-0.2369362533
-0.1013527547
-0.1777984729
-0.2912383647
-0.0151749158
-0.2218627548
-0.2408805026
-0.2646133317
-0.1854968263
-0.0900703401
-0.3222801689
-0.0819871066
-0.2684217885
-0.1814965217
-0.1606436344
-0.2284498311
-0.0139648412
-0.2321277931
-0.2798202706
-0.1961366208
0.0124716535
-0.0479487257
-0.0841832452
-0.1999044104
-0.0695643102
-0.1310571106
-0.0578597382
-0.0710977333
-0.1497543713
-0.2007794927
-0.2082480174
-0.1805310474
-0.0953530626
-0.1622527804
-0.0934053794
-0.0247001096
-0.1626119342
-0.1583032336
-0.1697667949
-0.0084912004
-0.1073438221
-0.0717196116
0.0550051275
0.1314387971
-0.0136915188
-0.0531351134
-0.1303465589
-0.0412788272
-0.1298122586
-0.2352944336
-0.0386563669
-0.0687177761
-0.0277811028
-0.0307115064
0.0764958721
-0.0255707131
0.0109172064
0.0365114704
0.0049927397
-0.1574803666
-0.0306669683
-0.0321691887
-0.0058802424
-0.0811304792
0.0576860631
-0.0672001517
-0.1362743784
-0.0772700881
-0.0795740171
-0.0759195944
0.0569572341
-0.1618058974
0.0648245599
0.0954569764
-0.1039205312
0.0693713300
0.0354761497
0.0590772254
0.1226534636
-0.0346792249
0.0406576867
0.0507670837
-0.0006222788
-0.0112056238
0.0171715417
0.0215332670
0.0584108943
-0.0134199495
0.0828908362
-0.2055274980
0.0436056562
0.1280897131
0.0005394111
0.1437050599
0.1212287861
-0.1284352975
0.0489201721
0.1331583682
0.1622987487
0.0346446965
0.0008366978
0.0826725886
0.2207351490
-0.1146165562
0.0006879743
0.0267399940
0.0497345438
0.1862123856
-0.0064913647
0.0486940639
-0.1299467254
0.1999823019
0.0267331878
0.0334283563
0.0163967759
-0.0133140011
0.0684370415
0.0585427721
0.1475114057
0.1664957645
0.1982991220
-0.0020037340
0.0611847538
0.0974525491
0.0310438336
0.1138141036
0.0698251356
0.0483384136
0.0945062330
0.0715021900
0.1495323504
-0.0235303537
-0.0066005237
0.1793789608
0.0486248002
0.0725804170
0.0987243559
0.2351606915
0.1139289028
0.1912108878
0.0805203111
0.0841867992
0.0984237198
0.1458567370
0.1933298440
0.1628836654
0.1544301065
0.0925404294
0.2749219160
0.1166514237
0.0081261823
0.1196791123
0.1524545514
0.0999990932
0.1703327729
0.1391465660
0.1857707156
0.0732769002
0.0804769372
0.1626572953
0.2845128984
0.0927811433
0.1032741803
0.1824913524
0.1471453030
0.1976827576
0.1180516956
0.1497909889
0.1831284517
0.0451180329
0.1325674957
0.1263291838
0.1149104810
0.1700422916
-0.0462770501
0.2513884588
0.2682885738
0.1168187169
0.2380750992
0.1147401055
0.0842979628
0.1183186395
0.3378139026
0.2229732648
0.2226428033
0.3207526946
0.2118628680
0.1881202795
0.2491147566
0.0185876014
0.3000179356
0.2219174048
0.2274771260
0.2823813090
0.3516891576
0.2925710703
0.2459346372
0.1740623845
0.1920794340
0.1038024053
0.2473638447
0.2141444240
0.2800409768
0.3100972488
0.3626717779
0.1142738837
0.0831088729
0.3202139223
0.2887304167
0.3292326253
0.1758879467
0.1555684409
0.3065402214
0.1759198345
0.2521429385
0.2699728576
0.2523362999
0.2220672145
0.2955454831
0.3258379811
0.3231932210
0.3360908399
0.2245581618
0.3193010260
0.1837560263
0.1814544822
0.1522481019
0.3449519683
0.0994674088
0.4263127547
0.1715822774
0.2848808678
0.4361127748
0.2284598775
0.3980949720
0.4083801216
0.4041836228
0.2508837678
0.1222633379
0.2924840848
0.1702525518
0.2507353804
0.2411939935
0.2843706890
0.2921404214
0.2510076210
0.3965355914
0.4029516841
0.3986702918
0.2619241554
0.5187679879
0.2998117873
0.4986377294
0.3572680081
0.2527403469
0.3749891430
0.3325887100
0.3177986237
0.4380659682
0.2128085150
0.2672931158
0.3846059547
0.4547934554
0.3019124622
0.3918850234
0.3502351357
0.2642232550
0.3271907851
0.4273826812
0.2991941940
0.3522557092
0.3676568671
0.5038059491
0.2524606294
0.1635055443
0.4124858106
0.4095356690
0.4362752127
0.2525754954
0.2892358822
0.3835097753
0.4262462742
0.3717102290
0.2740886552
0.4573834604
0.3239243306
0.3318839436
0.4493817998
0.4726752148
0.3532700106
0.3639993740
0.4083609124
0.2690104518
0.4399201690
0.4815204965
0.4565095601
0.3870906980
0.4130074086
0.4655973518
0.4727237710
0.4136006145
0.4149823621
0.5200013177
0.4455197830
0.3901232754
0.4749601859
0.4321323437
0.4093550048
0.5089473263
0.3957969060
0.4799420648
0.4760489192
0.3541766127
0.4635486568
0.4469688256
0.5169037034
0.4586271845
0.4618545931
0.4269099331
0.4485633665
0.4378491694
0.4857985985
0.4533818931
0.5172294258
0.3622039067
0.5382409597
0.4730144968
0.3338139191
0.3971525901
0.4472477031
0.4224954924
0.4135203665
0.5017015406
0.3218961463
0.4499839170
0.3658964877
0.5174765196
0.4851034710
0.5566231810
0.5710110830
0.4326519059
0.5415756619
0.5862706078
0.3906251653
0.4615337603
0.5640966661
0.6659739966
0.4383439576
0.6340387465
0.5996111847
0.4878060365
0.5500612530
0.6002907135
0.4643630859
0.4313755907
0.5500204854
0.4952394197
0.4919350191
0.5117139899
0.4914900742
0.6589907152
0.5286073507
0.5663681421
0.4476273137
0.5779618518
0.5021526065
0.5675104142
0.5321063208
0.6135819155
0.5742676209
0.5858191014
0.4332624374
0.6560311633
0.5386147138
0.4965235005
0.4575758101
0.6980727085
0.4776579419
0.5790958635
0.6125369006
0.6869485702
0.7351027497
0.5605393523
0.4719269608
0.5931913372
0.5410325391
0.5860430140
0.5924486060
0.5696318409
0.7835373031
0.6793811362
0.5476365232
0.6085826208
0.5539144595
0.6828195969
0.5966704207
0.7145310629
0.7746805746
0.5872813214
0.5773099557
0.5863938401
0.7344749025
0.7870367147
0.6207435934
0.6154346965
0.6608611928
0.5846429698
0.7634053266
0.6052765657
0.6525848106
0.6108073169
0.7890197347
0.7242827754
0.6801138910
0.6055924940
0.6228770153
0.7840498604
0.7497269373
0.6684619616
0.6490284731
0.5405972475
0.7312888056
0.5989217372
0.6359976414
0.7757121819
0.6101540598
0.6659618668
0.6894455631
0.7247844343
0.6498526563
0.8332328589
0.6381053360
0.7121107895
0.7229049507
0.5412851152
0.7908124811
0.7511186796
0.6346075872
0.6604844338
0.6308690205
0.6567056248
0.6229740175
0.6519447033
0.8456712111
0.7312610023
0.6947167625
0.7909789666
0.7447138628
0.7723547898
0.7530920527
0.7797470586
0.6739503129
0.7540113230
0.6035858678
0.8008165900
0.6947754823
0.6088160854
0.7573842269
0.7119445167
0.8483907533
0.7689122450
0.8190938956
0.7140455303
0.7086504825
1.0269847957
0.7029050155
0.8427705840
0.7697258317
0.8547750781
0.7417382339
0.7316055983
0.7619052666
0.8546040957
0.6188254283
0.6727330990
0.8320431077
0.8692539447
0.8407797140
0.7126307935
0.8326809117
0.7580655075
0.8344984077
0.7209984832
0.8649869506
0.7897596565
0.8417336647
0.8896004419
0.7939720275
0.7681815966
0.8628470353
0.6973633178
0.7815718175
0.8960174254
0.8265708164
0.8287095119
0.8184088678
0.7904472453
0.6931526011
0.7642733093
0.7937421047
0.9202413542
0.7939066290
0.8187118565
0.8813976101
0.8223924611
0.8461282991
0.7735808544
0.7139753734
0.7613950361
0.7236425496
0.8620807088
0.8474233378
0.8000665476
0.9645185659
0.7513480507
0.8580342145
0.7446520227
0.8643699244
0.8489396194
0.8733403702
0.7727149996
0.9562649740
0.8461829091
0.9866710692
0.9396722841
0.8211767288
0.8528055142
0.9310347472
1.0989925279
0.9231479169
0.8746760160
0.8607334902
1.0044151818
0.8073972519
0.8155011102
0.9428380262
0.9768434504
0.9456150902
0.9635322618
0.8521332614
0.9940318754
0.8838836714
0.7949499595
0.8129341111
0.9437190185
0.9590859372
0.8291186102
1.0566284131
0.7348057580
0.8433716374
1.0742358884
0.9944176836
1.0808675043
0.9938536642
1.0175369088
0.8430561728
0.9621199083
0.9102415544
1.1868728116
0.8755277838
0.8326201185
1.0957133579
1.0126483591
1.0078989982
1.0008122041
1.0481492721
0.9163244354
1.0105915668
1.0538348455
0.9298710427
0.8176478968
0.9567041010
0.8732064256
0.9069417113
0.9639915927
1.0880219255
1.0265950572
0.9891388873
1.0221658478
0.9738625919
0.8786047375
0.9154701627
0.9706883640
0.9859151746
1.0049001101
1.0863892266
0.9845496825
