-1.0183906309
-0.9734908875
-1.0100148088
-1.0433255107
-1.0248713214
-1.1378333981
-1.1172892094
-0.9832438815
-1.0422971562
-1.0299526993
-0.9111303613
-1.1270549894
-1.0849477706
-0.9517494121
-0.9154799714
-0.8848073237
-1.0671921497
-1.0403863719
-1.0084422437
-0.9373608438
-0.9799100019
-0.7879224090
-1.0484817422
-0.9276492628
-0.9353241980
-0.9182235793
-1.0277336034
-0.9896945780
-0.9613043415
-0.9794164411
-0.8869116878
-0.8923417139
-0.9666200990
-0.9244046208
-0.9815766465
-0.9348225022
-0.9704856029
-1.0939968639
-1.0588406946
-0.9953634644
-0.9247012353
-0.9058547080
-0.9098440568
-1.0399441222
-0.8464701953
-0.9307844664
-1.0243730970
-0.9555800115
-0.8067225100
-0.8247225851
-0.9415282842
-0.9042587803
-0.9992689038
-0.8912269232
-0.9101024774
-0.9241141363
-1.1216589879
-0.9456931061
-0.8900154603
-0.9030272236
-0.8497492429
-0.9342854653
-0.8088740729
-0.9125467724
-0.8722690125
-0.8459048438
-0.8711443100
-0.8993236319
-0.8801877631
-0.9074648096
-0.7584276520
-1.0444105193
-0.8571205251
-0.8065209158
-0.6716841147
-0.8680310651
-0.7378715305
-0.8047643793
-0.9458398541
-0.9386570260
-0.9622487026
-0.8919950971
-0.7417934381
-0.7859037463
-0.7625401017
-0.8448573197
-0.8166572469
-0.7266622088
-0.8612372379
-0.7211282968
-0.7907749567
-0.6676698373
-0.8198993873
-0.9533119602
-0.8487216501
-0.8496037730
-1.0194965978
-0.6777445981
-0.8319684625
-0.7050131772
-0.7814516919
-0.9148775597
-0.8272299156
-0.8835079447
-0.7841783964
-0.8025742346
-0.8075016153
-0.8930411939
-0.8377158808
-0.8869875518
-0.6975834817
-0.8540166245
-0.7954113596
-0.6678155803
-0.7239851191
-0.8740786811
-0.7841410069
-0.8526364972
-0.7177966320
-0.8383549649
-0.7418827303
-0.6682474167
-0.6806140131
-0.7753572921
-0.6822778878
-0.8192273657
-0.7542825676
-0.7072739191
-0.8395821755
-0.7170547686
-0.7283786192
-0.6208381564
-0.7111494770
-0.8707102552
-0.8675650801
-0.7130489677
-0.7002807962
-0.7547650953
-0.6454052050
-0.9165959534
-0.7766693844
-0.7199575443
-0.7624601386
-0.6216856450
-0.6204424605
-0.8003720250
-0.6951434457
-0.6437065063
-0.6632180864
-0.6117514731
-0.5724947044
-0.8520425125
-0.8790803678
-0.6644850156
-0.8676853971
-0.6943943657
-0.6306818873
-0.6644258282
-0.7079625031
-0.8123117868
-0.7659130604
-0.7819946726
-0.7751287780
-0.6645788420
-0.7058970042
-0.4842138963
-0.6914027370
-0.5268378568
-0.5808766114
-0.6699881411
-0.6909094740
-0.7294116470
-0.6084094371
-0.8361938498
-0.5913825563
-0.7738100116
-0.6706036538
-0.8848596587
-0.6828258790
-0.6619581907
-0.6566018509
-0.5848117739
-0.4981934910
-0.6316719160
-0.4402062522
-0.7119614520
-0.6058961196
-0.7234046728
-0.5359792287
-0.8491054318
-0.6229889505
-0.6944138833
-0.7001958505
-0.6041531282
-0.5820672619
-0.6251790257
-0.7797696581
-0.6404631752
-0.6564828272
-0.7009365299
-0.5145120674
-0.6542674014
-0.6580728172
-0.6937561318
-0.5953583234
-0.6526897460
-0.5332958317
-0.5061705295
-0.4516142977
-0.7219599065
-0.5923935891
-0.5337776851
-0.6566679815
-0.5596017754
-0.4683064269
-0.6616263525
-0.6233971198
-0.7051697366
-0.4967875822
-0.6113345145
-0.5690989468
-0.6181552417
-0.4490372071
-0.5438138549
-0.4278488805
-0.4978557490
-0.4958792858
-0.5672823689
-0.5817289062
-0.5001862021
-0.4322589019
-0.5570086149
-0.6165257005
-0.6399311700
-0.5177458504
-0.5543205792
-0.6483822824
-0.5374479144
-0.5740893118
-0.6150430772
-0.5942057683
-0.4810000081
-0.5908134996
-0.4943862354
-0.6370138003
-0.5530819929
-0.5788245083
-0.3686744645
-0.4923687440
-0.6489464394
-0.6247471008
-0.5731874558
-0.4672411253
-0.5677555606
-0.4548275443
-0.5362173754
-0.5759812383
-0.3812267572
-0.3949943026
-0.5937871158
-0.3700295418
-0.4326639134
-0.4588856109
-0.4363654017
-0.3336697553
-0.4907994670
-0.4903448190
-0.3099842527
-0.3132310049
-0.3498264698
-0.4558076808
-0.4560285401
-0.4066628830
-0.4914940932
-0.3839095881
-0.5031337040
-0.4279490427
-0.3867251038
-0.3914919555
-0.4527928282
-0.4444954507
-0.3333107344
-0.4342976508
-0.4813582796
-0.4032841716
-0.2944086889
-0.3953531976
-0.5213635589
-0.5273461764
-0.3598857570
-0.4165883773
-0.4298056437
-0.3273837355
-0.4984288328
-0.4290100951
-0.3553876451
-0.4510465535
-0.4904615251
-0.4067415316
-0.4010439162
-0.3972844251
-0.5584750597
-0.3732011676
-0.2652379314
-0.5153735901
-0.3494492699
-0.3474625360
-0.3876242490
-0.4252075419
-0.4593960170
-0.3398314786
-0.3984713785
-0.3768992576
-0.4134042190
-0.4531508584
-0.3495680919
-0.5186640064
-0.4206361314
-0.1546317770
-0.3503573802
-0.2301214061
-0.4225155111
-0.3906645028
-0.2978554226
-0.5282014565
-0.3203016900
-0.4264599177
-0.3592364013
-0.2752557010
-0.4826703450
-0.3448391835
-0.2221643128
-0.2290157956
-0.3732371199
-0.4383489785
-0.3656912819
-0.3515275449
-0.3361386131
-0.1853326203
-0.4221809693
-0.3208734387
-0.1995297148
-0.3085176539
-0.3260790844
-0.6207439299
-0.4046379285
-0.3561899818
-0.2968533211
-0.1650791058
-0.2556790621
-0.1239448533
-0.3452653669
-0.3577159204
-0.3096221716
-0.4170498795
-0.3966514665
-0.1967743071
-0.2887300714
-0.3823385637
-0.1741205262
-0.2655653725
-0.3627876964
-0.4082983282
-0.1097917193
-0.2367506855
-0.2358777851
-0.2870398275
-0.2976721558
-0.1988287243
-0.2751138382
-0.2829940448
-0.1873166172
-0.2869613850
-0.1713515696
-0.2369322115
-0.2853777284
-0.2598938628
-0.3333203847
-0.2476117565
-0.2571960370
-0.2575878347
-0.3286892905
-0.3325166700
-0.3136209808
-0.2353733362
-0.2101218404
-0.2127567699
-0.1716094106
-0.1835533565
-0.1503873996
-0.3064732399
-0.2340024717
-0.1471741146
-0.1723819144
-0.1697433805
-0.3186434941
-0.1892760056
-0.2309567529
-0.3327077795
-0.2791409521
-0.3099202191
-0.2395924963
-0.2768612301
-0.2418911409
-0.2567795941
-0.2228254254
-0.2390439484
-0.3194051745
-0.2216800508
-0.1883335882
-0.0738256329
-0.3151376448
-0.1140598049
-0.2546068414
-0.0683199226
-0.1140512807
-0.0185265293
-0.1505394120
0.0716237542
-0.2211504089
-0.1018348534
-0.2108939982
-0.0552036274
-0.1777349390
-0.1782389181
-0.1640764799
-0.0342902037
-0.1068903242
-0.0824351395
-0.2111993104
-0.0846138081
-0.2462671678
-0.1002581655
-0.1417769065
-0.2268579208
-0.1522889301
-0.1130124081
-0.0375984481
-0.1170714140
-0.2337781454
-0.1359268577
-0.0253021842
-0.1828521049
-0.0756906082
-0.1350112792
-0.3159403496
-0.1209775164
-0.1392755458
-0.1091394950
-0.0523195096
-0.2285667567
-0.0731182881
0.0214945791
-0.1925229860
-0.0909305873
-0.1138405531
-0.0434385406
0.0713838472
-0.0790069064
-0.0855491663
-0.1230030289
-0.1074866925
-0.1459099868
-0.0251403018
-0.0359989321
-0.1160541606
-0.2245439234
-0.0181224838
-0.2409955471
0.0080407693
-0.0207282883
-0.1061878450
-0.0104238313
0.0151275242
-0.2229457720
-0.1272915856
-0.0182706745
0.0255491244
0.0409461509
-0.1325171974
0.0729426712
-0.0890508387
-0.0014921709
-0.0449609032
0.0734764420
0.0047603149
-0.0063686359
-0.0846300830
0.0805567446
-0.0058296195
-0.1174896149
0.1163423661
0.0904953410
-0.0033713069
-0.1241043181
-0.0273399323
-0.0447662585
0.0220546619
0.0220683068
-0.0571546486
0.0316020177
0.1164987729
-0.0110893384
0.0949503550
-0.0130927237
0.0036605668
-0.1125648848
-0.0810960291
-0.0240173163
0.0087974013
-0.0871902905
-0.0011056265
0.0432035293
0.1759787437
0.0654571365
0.1543683109
0.0222943899
0.0121075429
-0.0493772099
0.0420859970
-0.0032344945
0.1091998738
0.2081985714
0.1187805258
-0.0524788689
-0.0345896921
-0.0295024494
-0.0545002797
-0.0792994529
-0.1403459860
0.1094644340
0.1582993579
-0.0370914931
0.1288730782
0.0988898025
0.0967344988
0.2082774489
0.1403368857
0.0511325761
0.0742184894
-0.0359234999
0.1581893868
-0.0463266241
-0.0385098932
0.0271030329
0.0924216908
0.1411814211
0.1803151395
0.1137883885
0.0927746128
0.0050093120
0.0179647725
0.0727096917
0.0087406666
0.0606079155
0.0964772363
0.2481146876
0.1667826291
0.1592041555
0.3559402247
0.1749749146
0.1227522734
0.1848709956
0.0444223267
0.0037623413
0.1897571456
0.2464128021
0.0914276872
0.2311105158
0.1865897399
0.1112161338
0.1460773317
0.0319540086
0.2106629217
0.0734634631
0.2466148349
0.1514688461
0.2408647577
0.0564191402
0.2640212479
0.1991058283
-0.0482979716
0.1482565523
-0.0053191568
0.1698195755
0.1346168171
0.2157445736
0.3547364323
0.1025693384
0.0806130278
0.1744230863
0.0162462866
0.0970033635
0.2042587213
0.2433138528
0.3066183798
0.1586225615
0.1685633855
0.3112078419
0.1783045932
0.1575530992
0.1336965514
0.2444516019
0.2660228500
0.4006650729
0.2133015931
0.2861833739
0.3291250954
0.0751759560
0.2061780833
0.1900288791
0.2724164333
0.2390188285
0.1277965225
0.0893928428
0.1109724699
0.1693216724
0.2274565778
0.2550132483
0.3114037464
0.1570356953
0.1929022121
0.2603131214
0.3032894425
0.1039773265
0.2470502567
0.2087833384
0.2183515540
0.1350896975
0.2287015354
0.1400113688
0.0811017733
0.3442664498
0.3560986478
0.2229749301
0.3458263690
0.2474371135
0.1608615087
0.2110962138
0.2911088517
0.3861074050
0.3170856807
0.4992797064
0.2764096015
0.3398567749
0.3443867670
0.2479741987
0.3875459565
0.3146362876
0.4005860614
0.4605232058
0.3175198395
0.1992365187
0.3491616240
0.3269919056
0.4324559916
0.3333004244
0.2734665734
0.4587124540
0.3263868281
0.4171607640
0.3904501490
0.3115600835
0.4820450750
0.3171557545
0.4261809420
0.3364795094
0.1639003264
0.3191473806
0.3083979531
0.3834340844
0.1563285427
0.4690296944
0.1453927659
0.4219649016
0.2971858678
0.2859830525
0.4753534695
0.3251967884
0.2185234375
0.3534164900
0.4223524599
0.4492951921
0.3492670251
0.4378176525
0.4660732242
0.3282022654
0.4187146555
0.3129808689
0.3971194518
0.3757601229
0.2904971777
0.4052389980
0.4051641673
0.2578890557
0.3832407006
0.3860788313
0.3858711752
0.4686403512
0.3254742077
0.4030395935
0.4055612564
0.4902703054
0.4649947829
0.4238533253
0.4699572133
0.4848707218
0.4646394725
0.3055542599
0.5317534782
0.5306631571
0.4698683359
0.4484333191
0.3351321792
0.4241445759
0.5077360615
0.3404968944
0.4131433380
0.4348938243
0.5469388664
0.5882890551
0.4465867601
0.3929263549
0.3418297431
0.4709570353
0.4650782199
0.5260338921
0.5245335896
0.5664127600
0.5634860060
0.4110604039
0.4633110971
0.5058866341
0.3656701512
0.4949095070
0.4981325129
0.5625659253
0.4734327171
0.3082262309
0.3671900751
0.6113282812
0.4499360497
0.5738368182
0.6203900351
0.3286797886
0.3514249124
0.5455528315
0.6902845164
0.4865547455
0.4554484471
0.4058829371
0.5642077971
0.5186496405
0.4415602829
0.4466021792
0.5544651387
0.2857844878
0.4535032130
0.5633404289
0.7327836758
0.5640825919
0.4810992668
0.5108022085
0.5022296445
0.6494395478
0.5591378793
0.4630017279
0.4518431823
0.5619574553
0.5441130873
0.5440965556
0.6081592186
0.5302402871
0.5690375969
0.7265271310
0.6005428606
0.5721389505
0.6217695633
0.5514647074
0.4318270625
0.5683475236
0.7160785164
0.6508874608
0.5235619420
0.5741521946
0.5239683505
0.5318715726
0.7503213838
0.5866072322
0.5932455662
0.7069051412
0.5555837039
0.4421121299
0.6544880242
0.6468715164
0.5892183453
0.5392522456
0.8498588073
0.7441457923
0.7100720560
0.6530723101
0.5527128363
0.7094707904
0.5503955748
0.6674431995
0.6128358162
0.6409652735
0.5709625968
0.6621955815
0.5841908553
0.6521660687
0.6064350546
0.6059487889
0.6597994821
0.6647227860
0.6770605844
0.6962465232
0.5419624060
0.5624907766
0.5973937680
0.6383574739
0.6117994640
0.6565073691
0.5813618236
0.7166443998
0.6130637320
0.6531997133
0.7505539202
0.5457183880
0.5935453021
0.6907970441
0.6023648155
0.5790881633
0.6396742818
0.5291786867
0.5332322226
0.7057688406
0.6556412199
0.8776812512
0.5627883931
0.5663516958
0.5845836843
0.6362086624
0.6760934303
0.6110869632
0.6835844386
0.6789655068
0.7011154586
0.6921248350
0.6000503162
0.7242993950
0.8780101357
0.7226931665
0.6134342583
0.8014837755
0.8507305320
0.7545107171
0.7331164969
0.8087086271
0.7185310918
0.7294427882
0.7959015211
0.7498534579
0.6365737571
0.8178944247
0.7740017304
0.8115423411
0.7391319553
0.6327856494
0.6325083556
0.5424537948
0.7943372268
0.6849479482
0.7566775913
0.8720971537
0.8389366256
0.8187799619
0.6231845225
0.7309729905
0.8300690629
0.8531138534
0.8267300867
0.7245999477
0.7632820106
0.8109914591
0.8390217953
0.6264254415
0.8030922317
0.8072620897
0.7739835023
0.7833555344
0.7125992696
0.7706279204
0.6868976598
0.7593696783
0.8681398594
0.7861290381
0.7166665402
0.8525523967
0.8145371172
0.8535431776
0.7566320403
0.9528200342
0.8861514475
0.8394457714
0.7545104735
0.7314311767
0.8336340784
0.8717932604
0.8489650570
0.6873040912
0.7133017378
0.7405038653
0.8271794195
0.6984746255
0.8212900944
0.8053966248
1.0132751907
0.8586520687
0.8110225179
0.8059654575
0.9841203933
0.8655412481
0.8993237246
0.8917006976
1.0210248900
0.6944505984
0.9079221602
0.8096013384
0.7878391367
0.9310016068
0.7800539563
0.8178541678
0.7948216020
0.9472793878
0.9790724708
0.8569388415
0.7773535010
0.8294821190
0.9919385383
0.8899073882
0.8627297269
0.9846248413
0.9041181879
0.8734702568
0.9368279375
0.7705991456
0.7772340345
0.8986048369
0.7997979873
0.7631459923
0.8036408028
0.6864272091
0.9101836720
0.9950723220
0.9878676189
0.9175792234
0.8597081666
0.9749193008
1.0553593065
0.8940480145
1.0312475975
0.9326328895
0.9332180769
0.9391922389
0.7312827501
0.9068486161
1.0952865546
0.7753418524
0.9628705693
1.0012540751
0.7858299723
0.9693643543
0.9380936927
1.0126430619
0.9529103131
0.9636922036
0.8905858892
0.9816792592
0.9622241064
1.0529810755
0.9485697370
1.0115756926
1.0393592273
0.9893246238
0.9194732555
0.8630288728
0.8684582335
0.8287695989
0.9385780675
1.0452477282
0.9181121161
0.9416270513
0.9821521913
0.9484032867
0.9276969193
1.0274329718
1.0908374709
1.0325780886
0.9650904474
