-1.0692465883
-0.8869307605
-0.8398419434
-0.9594537109
-0.9564354650
-0.9810573610
-1.0335757864
-1.1544009343
-0.9350664308
-1.1317267747
-0.9810192251
-0.7904652131
-1.0180430432
-1.1218533812
-0.9855443538
-0.7908650995
-1.1275722861
-1.0684614801
-0.9720365069
-1.0243852298
-0.8705470057
-0.9488556678
-0.9902741817
-0.9897039796
-1.0605054349
-0.7384507655
-1.0687455046
-0.8736632971
-0.9573926433
-1.0428710854
-0.9753765222
-1.1003449299
-0.7034124521
-1.0345031824
-0.9199138305
-1.0214233848
-1.0546229214
-0.8941008648
-0.9219282261
-1.0282472774
-0.8677233086
-0.8808638456
-1.0160380575
-0.8636971486
-0.9455986979
-0.9242426548
-0.9688941848
-0.8457277999
-0.9227461117
-0.8499948637
-0.6801117413
-0.8440048324
-0.9272312154
-0.9203907693
-0.9796519468
-0.9809161284
-0.9678086635
-0.8225872946
-1.0841550330
-1.0225420705
-0.8335296197
-0.9246793581
-0.7355087612
-0.9280088237
-0.8133366880
-0.8202351492
-0.7633321784
-0.9947901769
-0.9255395946
-0.7650066925
-0.8058500515
-0.9345606641
-0.9051044629
-0.9613766953
-0.9209985610
-0.8693241513
-0.8391828154
-0.7985733080
-0.8499208976
-0.7802834618
-0.9214333887
-0.8858939742
-1.0503563809
-0.8970524593
-0.9276964169
-0.7507502369
-0.6156859830
-0.8869242102
-0.7278717535
-0.6726429295
-0.9824684266
-0.6897351020
-0.8968317446
-0.7926088857
-0.9191840865
-0.8059805361
-0.8586655898
-0.7975505509
-0.7418464743
-0.7671576596
-0.7690771249
-0.6448292903
-0.8575962701
-0.7263349779
-0.7496443283
-0.7222413299
-0.5432659930
-0.7875817192
-0.7572526454
-0.8150213437
-0.8450106974
-0.7806661191
-0.7165480411
-0.7397488373
-0.8126498596
-0.7886137995
-0.7789267557
-0.5406618171
-0.7110682451
-0.7894520040
-0.7609521282
-0.6172326645
-0.7275645875
-0.6658022260
-0.7799346780
-0.7846926068
-0.6741961409
-0.7291081297
-0.5973086471
-0.5889814059
-0.8841520387
-0.6898551551
-0.7673593399
-0.7290960452
-0.8056301032
-0.6236968220
-0.5467758227
-0.7198745417
-0.8835028053
-0.8138322445
-0.7134826657
-0.6657652862
-0.6991082803
-0.6982821002
-0.7214713387
-0.7204695505
-0.7089600843
-0.6163393354
-0.7805473829
-0.7503138730
-0.7610951633
-0.6720190615
-0.7674271733
-0.6137451711
-0.7098360614
-0.8447014027
-0.7035882415
-0.7533344274
-0.6178198824
-0.6698710746
-0.6083762864
-0.6011069383
-0.7868654563
-0.7542220169
-0.8404768028
-0.7203531063
-0.6251884727
-0.6271850917
-0.7076020831
-0.5856001066
-0.6861815441
-0.6048415608
-0.5479098913
-0.6848602038
-0.6439981984
-0.7181296083
-0.5317698343
-0.7498916752
-0.7608793652
-0.5508977595
-0.7178512942
-0.6645536003
-0.6400422314
-0.6637352748
-0.5668613132
-0.6611351187
-0.5639058166
-0.5471461792
-0.6591167561
-0.7317628897
-0.6445388879
-0.5060715204
-0.6374085058
-0.5502799250
-0.6482241619
-0.5415380310
-0.6095612405
-0.6537139095
-0.6721120879
-0.5911159478
-0.6312353997
-0.6879530796
-0.6983009693
-0.6489527210
-0.5603303011
-0.5527058975
-0.7205450860
-0.6096951009
-0.6451824581
-0.6247669852
-0.6743668595
-0.7168128319
-0.6393399934
-0.6015763795
-0.6729926109
-0.6890682413
-0.4182266635
-0.5944443085
-0.4750124819
-0.5960189707
-0.4629528393
-0.6317572293
-0.6185623061
-0.5831575160
-0.5722980773
-0.6148907859
-0.5788127216
-0.3967758652
-0.6682278370
-0.4300297170
-0.5607160483
-0.6252650477
-0.6648569048
-0.5330078851
-0.4876942008
-0.5188096448
-0.5662906942
-0.4778263395
-0.4974547255
-0.6049679222
-0.4244133101
-0.7790426709
-0.3430912511
-0.5189853062
-0.4812764326
-0.5489937308
-0.4727990740
-0.5945851215
-0.6065359412
-0.3743291636
-0.5572746621
-0.6054575724
-0.4671999890
-0.6333466251
-0.3658515517
-0.4519016991
-0.5306762087
-0.5063761116
-0.3541560952
-0.3686234704
-0.3553953349
-0.5147435157
-0.5173065935
-0.4296675982
-0.5732608194
-0.3513916374
-0.2823317141
-0.4387869793
-0.4671586549
-0.5708557666
-0.3072257335
-0.5630862453
-0.4821951721
-0.4111237044
-0.4988820015
-0.3523324781
-0.5225533775
-0.4339230407
-0.4940722916
-0.5990387572
-0.4608434798
-0.3434965520
-0.5004689703
-0.4833772179
-0.3291272844
-0.3409205250
-0.2170179847
-0.4236041924
-0.4856351277
-0.4525027439
-0.4115630906
-0.4790532861
-0.4379480095
-0.3826677659
-0.3006948382
-0.4280806061
-0.4197694094
-0.4206467286
-0.3698235768
-0.5164070396
-0.2737067877
-0.3767473459
-0.3521430321
-0.2476452481
-0.4727578952
-0.3685941725
-0.4010219665
-0.4579089132
-0.3556868513
-0.0983829703
-0.3594880254
-0.3597350903
-0.3551894876
-0.3973156249
-0.4450115183
-0.4627356224
-0.2150107210
-0.3556764804
-0.3886471982
-0.3664213468
-0.3638231885
-0.3410755956
-0.3211760119
-0.1979973105
-0.3388335392
-0.5434064388
-0.2793017717
-0.5476606668
-0.3078783944
-0.4703941073
-0.4217565416
-0.3455904217
-0.4260915341
-0.4034265601
-0.2725749079
-0.2182264658
-0.3271677436
-0.4305398446
-0.2664273412
-0.3604248739
-0.2211469414
-0.2116074387
-0.4349356853
-0.3992835239
-0.4339265746
-0.2815926848
-0.4361676190
-0.2684908045
-0.3208089352
-0.1091560151
-0.3176114047
-0.2788679076
-0.2015853643
-0.2914212481
-0.4413937034
-0.2752139958
-0.1989825003
-0.3784672094
-0.2782597707
-0.4529019025
-0.2682356768
-0.2482754295
-0.1580038870
-0.4606281998
-0.2797439202
-0.2171387321
-0.3819786488
-0.3624758901
-0.2861818889
-0.2380420884
-0.3159338783
-0.3311239621
-0.1744863832
-0.1179436908
-0.4239708153
-0.1699772652
-0.3036018697
-0.2414530543
-0.1681046322
-0.2357999928
-0.1557161717
-0.2378517670
-0.1977552744
-0.3771985030
-0.1834531223
-0.4039709656
-0.2848488017
-0.4401205264
-0.2448416269
-0.2289703934
-0.0983617019
-0.1984788696
-0.2994403822
-0.2298020319
-0.2351741986
-0.1399880018
-0.0726876312
-0.2116515880
-0.2495272747
-0.2013509716
-0.1968631085
-0.1829404477
-0.1927570844
-0.2251233459
-0.2401095531
-0.1519620534
-0.2218988510
-0.2400042427
-0.1057688403
-0.1930069339
-0.2413516646
-0.1921245345
-0.2380197491
-0.1391618163
-0.2448369140
-0.0787213268
-0.1528663177
-0.1292318233
-0.1032346225
-0.2604584121
-0.1506581327
-0.0164713548
-0.0666909887
-0.2285667588
-0.0877471459
-0.1074314239
-0.1546203322
-0.2005897447
-0.1763831702
-0.1478912835
-0.2336302352
-0.0296485863
-0.0644108188
-0.0453061146
-0.0241601051
-0.1463816943
-0.0322278212
-0.1021750086
-0.0702428528
-0.0771373612
-0.0439701564
-0.1474441189
-0.1107671661
0.0008775100
-0.2429923178
-0.1285996166
-0.0549997133
-0.1431367247
-0.1238312963
-0.0968712019
-0.1516387239
-0.0066413123
-0.2342006888
-0.1391847723
-0.1208540651
-0.0469375342
-0.1237591130
-0.0861400715
-0.0424075930
-0.1530465464
-0.1301596964
-0.1004760715
-0.0948478112
-0.2037891526
-0.0487086283
-0.1937865380
-0.0831938913
-0.1041138904
-0.0655195836
0.0730372704
-0.1851472628
-0.0605870173
-0.0597396384
0.0200212253
-0.0284476799
-0.0272670057
-0.1478553219
-0.0299216183
-0.0386228053
-0.0770349195
0.0623588148
-0.0946257549
-0.0704543127
-0.0650158800
0.1090098160
-0.2878803715
-0.0784697750
-0.0771018478
-0.0979013087
-0.0501413775
-0.1129669181
-0.0136776375
0.0069748712
0.0210121889
0.0613437588
-0.0166175440
-0.1312306410
0.1123443137
-0.0186781781
0.0597641223
0.0588368709
-0.0693382576
0.0258236538
-0.0580311308
-0.0488585362
0.0827333569
-0.0157890849
-0.1605165251
0.1755576984
0.0093358028
0.1739521502
0.0656410685
0.0720170286
-0.0662093486
0.0597601824
0.0004459961
-0.0153322698
0.0778127788
-0.0469601714
0.1290770747
0.0355638081
0.2338274155
0.2356898982
0.0969790160
0.1399323232
-0.0281523603
0.0847898724
-0.0491375639
-0.0436724504
0.1570922817
0.0218625424
0.0743433354
-0.0024534159
-0.0363872130
0.0133141541
0.0970700872
-0.0543462000
0.0496887616
0.0831365504
0.1058163960
0.0275804177
0.0705197365
0.0843872282
0.1380168883
0.0168389137
0.0345954405
0.0940222021
-0.0099065757
-0.0176341467
0.1765406938
0.1645364330
0.1808235210
0.0762673934
0.0245482686
0.0513386109
0.1590396648
0.1887596743
0.0095646437
0.3670515178
-0.0323307448
0.1306063816
0.2340480593
0.0646489861
0.2535932260
0.2252801369
0.0835783507
0.1840262380
0.2646601969
0.1409199594
0.2460288372
0.1392050650
0.1453276699
0.0952410101
0.1387001600
0.2655571010
0.1405859266
0.2552980900
0.0603421947
0.1700792303
0.1191757697
0.1737982820
0.0990458642
0.1900302363
0.2305451642
0.1229101055
0.0896463017
0.1909303577
0.2976333957
0.1854766861
0.1279133201
0.2115453029
0.2671523271
0.0745678656
0.0940570825
0.2321612515
0.0813410242
0.1794088612
0.2917793470
0.1780657371
0.1493818481
0.2593190840
0.2596815876
0.1553987334
0.1355702685
0.0763877195
0.3659546885
0.1256218258
0.1804495244
0.2654283517
0.3376790678
0.4074171038
0.4344779421
0.1943503516
0.2220769203
0.0694707502
0.4168398480
0.1844653590
0.2111089463
0.1967599873
0.2195816609
0.2642639770
0.2277270425
0.2191320907
0.2178444527
0.2323600538
0.4029742072
0.1829512760
0.2360978632
0.1618457234
0.1711012157
0.3225115194
0.3385366894
0.2338180371
0.1314148501
0.3207123975
0.3601118014
0.1861790352
0.3405808852
0.2930596694
0.2118527206
0.3203724821
0.1289260599
0.3561969094
0.1429221580
0.1946646616
0.3746729639
0.2883915654
0.2806609707
0.2370771468
0.2715246142
0.4757156152
0.3498439329
0.4258194084
0.2776921941
0.2802471212
0.3006190790
0.2634822886
0.3945208183
0.2822612469
0.2161938899
0.2760541504
0.2067866761
0.4449538277
0.3598807473
0.2994824229
0.3101353572
0.3613848157
0.3314538943
0.1997001133
0.1450522481
0.1841084796
0.3498031473
0.4564441312
0.2814516757
0.3598594011
0.3432261078
0.3648022057
0.4218343321
0.4783330547
0.3856204879
0.3510164093
0.2325334815
0.4115369371
0.4760770296
0.4645593378
0.3386372010
0.4526129650
0.2973543805
0.3593299592
0.2398198407
0.2805007391
0.3397147026
0.3289474035
0.3724228120
0.2171752481
0.3679036196
0.3059397403
0.3838811326
0.3619995499
0.4079963563
0.4515277359
0.5064658494
0.4301749244
0.2770978065
0.3823599464
0.3565199865
0.5556932175
0.4000817171
0.4235319800
0.4558286895
0.4516734750
0.4741654726
0.3849788428
0.5905762830
0.4562841650
0.3447774878
0.2756727835
0.3829192473
0.3794342530
0.4647621539
0.4993945574
0.4873540474
0.4971077021
0.3342441225
0.4836132651
0.2708593395
0.3998769202
0.5536248796
0.5878198389
0.5732064539
0.3556602783
0.4573746151
0.3794944687
0.5546951280
0.3649949544
0.5398642227
0.3190367179
0.4566267034
0.3292138131
0.4256382411
0.4566192610
0.4751192287
0.3178163575
0.3796684859
0.4542781476
0.6260122671
0.5499623947
0.5876817797
0.5489218613
0.4463292957
0.6435848787
0.5426659907
0.4446742183
0.4962605560
0.4073646994
0.4502618353
0.4914664712
0.5165261857
0.5040929639
0.6750099673
0.4833129516
0.5844598448
0.5499457482
0.5282026740
0.4923226666
0.3560065816
0.4112858808
0.5673089089
0.4351799147
0.5454500671
0.4060285353
0.5665489404
0.4848679232
0.4823153587
0.6868007474
0.4960173530
0.5065361808
0.5309148597
0.6079134120
0.5287119621
0.6333800248
0.5280915216
0.6475246783
0.5483408902
0.5688949532
0.6298993049
0.5405330172
0.5502172804
0.5632887720
0.5518113507
0.4497101896
0.5396407958
0.5594861920
0.6217714066
0.5423533359
0.5657437930
0.5996972454
0.7178438236
0.6484566489
0.6916565940
0.6093005127
0.5419386208
0.6193077857
0.7259484041
0.6629900780
0.5686175220
0.7142316310
0.6405192212
0.6751945175
0.6393298605
0.6625891951
0.5049733895
0.6638162753
0.6917262024
0.7954550193
0.5273673819
0.6076711590
0.6742610799
0.7096900445
0.6647663436
0.5887370881
0.6676609666
0.7669814901
0.6389420057
0.6902154310
0.6860585790
0.5227997721
0.6972060856
0.6726383606
0.6659467776
0.6306016526
0.6256433420
0.5937726460
0.7590673449
0.6853303539
0.7615023263
0.7761652971
0.6258701964
0.6320750493
0.5080685801
0.7083242256
0.7421474430
0.8180026704
0.7192764557
0.6430186125
0.6483111712
0.7216573425
0.5718782719
0.5047113793
0.4608886754
0.7274441302
0.7347078208
0.6340517830
0.6399012777
0.5031557431
0.7299139919
0.9060269014
0.7069574012
0.7634741680
0.8008481543
0.7493459451
0.6783500367
0.8128911368
0.8416743499
0.6706851148
0.6217161826
0.6929783529
0.6969232804
0.7735336754
0.7333030103
0.7856605000
0.7008778221
0.6755709728
0.6865951177
0.6395695101
0.6490830555
0.8071371557
0.8199099647
0.6940036934
0.7018919049
0.7165364799
0.8105928815
0.6764259152
0.8134607350
0.7657131802
0.6926343780
0.6982309403
0.8484705713
0.7374049419
0.7568989719
0.8709596569
0.5876033753
0.8805945815
0.8265929974
0.8678153274
0.8529966466
0.7001133272
0.6980611841
0.8459835142
0.7416137138
0.7662877489
0.6931208719
0.7449751280
0.7503921497
0.6972364287
0.8629721702
0.8358242405
0.8239547602
0.7720113750
0.8532813191
0.9445801011
0.8403394949
0.8634938121
0.8697917875
0.8875548721
0.7236902927
0.9010762988
0.9338085698
0.7647277840
0.8546308334
0.8512829720
0.7711696981
1.0251927389
0.8810578309
0.7878567357
0.8574194230
0.7526773964
0.7349459572
0.8385740236
0.7960977474
0.7465229097
0.8670915563
0.8791503483
0.8838490251
0.8183567682
0.8694717284
0.9095519253
0.8974686610
0.9215991685
0.9863811104
0.8385126967
0.8716391883
0.8982718971
0.8277602256
0.9494666051
0.8146065185
1.0407236852
0.8585125482
0.8707852090
0.8466082106
0.9507118291
0.9240993400
0.9099639278
0.9725968077
0.8413350035
0.7886343792
0.8299210800
0.8566119374
0.6869417121
0.9222633743
1.1103687162
0.9867592392
0.9808903151
0.9190589728
0.8916701350
0.9677873718
0.9917822171
1.1377375232
0.8112639009
0.9418679198
1.0308139607
0.8919845810
0.8694254478
0.9234076795
0.9088730733
0.8731068256
0.9212961370
0.9213212163
0.8098002734
0.9717069189
0.9919826328
1.0366560353
0.9776461086
1.0248239143
0.8425638762
0.9994442743
1.0183417722
1.0705856064
1.0238144578
0.9062304482
0.8618742137
1.0657005697
1.2050587554
0.9740332887
0.8447862228
0.9097459049
0.9675727052
0.9402212033
0.9944065412
0.9454971469
