-1.0477147989
-0.8819837524
-0.8479280895
-0.9662229651
-0.9600987998
-0.9785088831
-1.0550596472
-1.1237218965
-0.9181069817
-1.1189340675
-0.9758508737
-0.7956659217
-1.0107852668
-1.1099303752
-0.9916406798
-0.7705991143
-1.1282245408
-1.0704757120
-0.9576788635
-1.0279635012
-0.8625837227
-0.9513945625
-0.9893998654
-1.0065048586
-1.0453732266
-0.7616598362
-1.0746646804
-0.8613580449
-0.9600691573
-1.0122526280
-0.9710098286
-1.1094626208
-0.7058767583
-1.0156772013
-0.9027124892
-0.9947783963
-1.0445067397
-0.8905457780
-0.9545965921
-1.0065526993
-0.8688519047
-0.8945637228
-1.0221780941
-0.8623116399
-0.9331701863
-0.9274326575
-0.9618697301
-0.8225497449
-0.9095937365
-0.8640606996
-0.6964897571
-0.8532356667
-0.9274870152
-0.9132458891
-0.9753565688
-1.0269769701
-0.9594000607
-0.8459124441
-1.0869894277
-1.0011276506
-0.8480107896
-0.9336016337
-0.7102605709
-0.9270885104
-0.8098806750
-0.7979088257
-0.7756659213
-0.9815890318
-0.9133621277
-0.7605059999
-0.8279520263
-0.9360831556
-0.8894319168
-0.9700755803
-0.9316019572
-0.8708303362
-0.8819338707
-0.7848874002
-0.8447630422
-0.7840031350
-0.8994535174
-0.9056897230
-1.0753074558
-0.8872152794
-0.9009103053
-0.7456184623
-0.6323330098
-0.8883939080
-0.7082153073
-0.6704481908
-0.9794852923
-0.6888522049
-0.8984404239
-0.7914198902
-0.9144313066
-0.8233196883
-0.8624294162
-0.7949154431
-0.7227660464
-0.7511146316
-0.7578782685
-0.6664158506
-0.8256435243
-0.7603250464
-0.7784370248
-0.7191102856
-0.5464776336
-0.7942038612
-0.7382425267
-0.8315023669
-0.8597732018
-0.7809653511
-0.7502526031
-0.7345559897
-0.8114372197
-0.7815743007
-0.7715709756
-0.5667829129
-0.6916463645
-0.7490272998
-0.7732688774
-0.6079180059
-0.7289241292
-0.6568401276
-0.7815815295
-0.7600932564
-0.6765673520
-0.7361118614
-0.6194796133
-0.5707449298
-0.8687489892
-0.6882439495
-0.7483349080
-0.7358031899
-0.8289085101
-0.6057708991
-0.5523544250
-0.7236816837
-0.8970440481
-0.8342914444
-0.7010437569
-0.6854779308
-0.6912387230
-0.6938710147
-0.7368304202
-0.6960714483
-0.7056577327
-0.6237452262
-0.7996770382
-0.7466391878
-0.7731516017
-0.6685362860
-0.7747603707
-0.6161973397
-0.7032768724
-0.8617993229
-0.7240867397
-0.7658273264
-0.6324869594
-0.6707171701
-0.6031343459
-0.5881810570
-0.7989679114
-0.7640528305
-0.8492287447
-0.7050607333
-0.6589795400
-0.6441026476
-0.7113376505
-0.5951201276
-0.6978547920
-0.6252376517
-0.5510700795
-0.7013858383
-0.6292531539
-0.7178870475
-0.5219857859
-0.7456287029
-0.7687335155
-0.5421742683
-0.7176739171
-0.6715304204
-0.6398567247
-0.6501995866
-0.5629188303
-0.6537384548
-0.5823959138
-0.5319493564
-0.6449024697
-0.7237983516
-0.6199572779
-0.5112445530
-0.6382451483
-0.5401274501
-0.6379106657
-0.5445844125
-0.6041996142
-0.6453558470
-0.6780950078
-0.5839366895
-0.5987549566
-0.6716376548
-0.6744898486
-0.6521067577
-0.6037190608
-0.5537415738
-0.7377527044
-0.5938105455
-0.6541645987
-0.6056701681
-0.6819320891
-0.7224427772
-0.6286801142
-0.6098285476
-0.6905890203
-0.6950142975
-0.4271022980
-0.5822077407
-0.4812241028
-0.5971666963
-0.4796737679
-0.6278393673
-0.6108565858
-0.5696964582
-0.5674209352
-0.6592661070
-0.5716284656
-0.3707815867
-0.6585542502
-0.4490789497
-0.5489008284
-0.6325630501
-0.6607558155
-0.5354454414
-0.4900311972
-0.5431607241
-0.5541129218
-0.4946026314
-0.4904182769
-0.5842054128
-0.4427078812
-0.7705635190
-0.3421296197
-0.4996646860
-0.4912627475
-0.5465097413
-0.4819327413
-0.5957678426
-0.5995909892
-0.3585448343
-0.5411294228
-0.6090253749
-0.4641401048
-0.6406782176
-0.3466298150
-0.4425934680
-0.5093642699
-0.5247554715
-0.3654651352
-0.3749092070
-0.3571378837
-0.5101833008
-0.5105152891
-0.4443263062
-0.5713213629
-0.3309173843
-0.2560563117
-0.4220998086
-0.4720712873
-0.5794001378
-0.3199375985
-0.5456496531
-0.4846082780
-0.4047631493
-0.5142792020
-0.3349583045
-0.5312509881
-0.4466415051
-0.5026354405
-0.5930995824
-0.4566704718
-0.3522590049
-0.4853909653
-0.4802226528
-0.3085186192
-0.3434662809
-0.2294780586
-0.4106071397
-0.4920837930
-0.4358322771
-0.4428538419
-0.4868558556
-0.4487921950
-0.3680385191
-0.2910527304
-0.4255239636
-0.4494531127
-0.4464490134
-0.3599357939
-0.5338010547
-0.2588376179
-0.3812964332
-0.3639217977
-0.2654597774
-0.4898488236
-0.3809939568
-0.3702672566
-0.4886727947
-0.3416860515
-0.0993022960
-0.3553079745
-0.3586781370
-0.3390766686
-0.3956778788
-0.4656100789
-0.4672526989
-0.2002799507
-0.3619504485
-0.3981122327
-0.3646982229
-0.4002189863
-0.3292341990
-0.3384559693
-0.2179251196
-0.3524146307
-0.5433527673
-0.2599045227
-0.5165284034
-0.3022000076
-0.4771122888
-0.4295013554
-0.3592265044
-0.4203906423
-0.4162690346
-0.2867813819
-0.2389797710
-0.2918454242
-0.4149603743
-0.2606793619
-0.3470621922
-0.2308145983
-0.2324543011
-0.4114523188
-0.3911214595
-0.4514143113
-0.3202152135
-0.4479752462
-0.2678089459
-0.3159336518
-0.1362955888
-0.3282978462
-0.2754930859
-0.2060348393
-0.3178330905
-0.4483240190
-0.2839684243
-0.2013450432
-0.3898312375
-0.2770574630
-0.4531182515
-0.2845581415
-0.2491953121
-0.1819689465
-0.4388320563
-0.2974742303
-0.1956784654
-0.3903512095
-0.3789810222
-0.2766526842
-0.2235908662
-0.3115000930
-0.3359537102
-0.1788586688
-0.1079348585
-0.4249714897
-0.1718446652
-0.2934347926
-0.2628411571
-0.1525460445
-0.2776798878
-0.1475587118
-0.2677139833
-0.2012604633
-0.3843596058
-0.1722208979
-0.4000004367
-0.2807138360
-0.4583543477
-0.2593137602
-0.2246475220
-0.0851180916
-0.1979819971
-0.3242977811
-0.2589589733
-0.2365556889
-0.1360637641
-0.0559900334
-0.2269050056
-0.2609989178
-0.1889168229
-0.1953300420
-0.1819740610
-0.1966554546
-0.2078402303
-0.2213623504
-0.1567416194
-0.2476259139
-0.2169256024
-0.1166873076
-0.1996572927
-0.2502156054
-0.1846284761
-0.2266487854
-0.1153436437
-0.2731800661
-0.0787957065
-0.1725991954
-0.1235274985
-0.0837667401
-0.2699616205
-0.1714428146
-0.0080977151
-0.0691418856
-0.2335632448
-0.1223071652
-0.1060383798
-0.1522761666
-0.2100355536
-0.1788824659
-0.1295678858
-0.2133108903
-0.0402792072
-0.0578029811
-0.0215629887
-0.0424815760
-0.1507754141
-0.0137018294
-0.1062197416
-0.0654875312
-0.0938134027
-0.0533848213
-0.1301771997
-0.1081806391
0.0023451615
-0.2571090774
-0.1295020335
-0.0631746308
-0.1433798238
-0.1513658638
-0.0643774141
-0.1285441255
-0.0203281217
-0.2522388504
-0.1518319410
-0.1183758906
-0.0069125121
-0.1649668104
-0.0813585621
-0.0487834288
-0.1747471975
-0.1366016604
-0.0969075506
-0.0911882906
-0.1911297857
-0.0628970612
-0.1966343824
-0.1012248690
-0.1020233858
-0.0537663202
0.1010757178
-0.1689087803
-0.0703048977
-0.0557047896
0.0326648579
-0.0310698915
-0.0175918399
-0.1539163017
-0.0252823285
-0.0452613239
-0.0851111120
0.0718887988
-0.1065771752
-0.0457831351
-0.0710500834
0.1146514579
-0.3077134636
-0.0635896432
-0.0752831916
-0.1018048328
-0.0644733138
-0.1137034456
0.0013750082
0.0335312447
0.0348274691
0.0783009881
-0.0169677528
-0.1210395318
0.1297786288
-0.0102426422
0.0702258774
0.0730676637
-0.0418570018
0.0251661801
-0.0419807946
-0.0184583734
0.0929762867
-0.0607837972
-0.1619977360
0.1469085092
0.0120057757
0.1841626740
0.0568678853
0.0989222906
-0.0530632745
0.0634453129
0.0015372419
-0.0374539442
0.1041020702
-0.0348980902
0.1399754628
0.0590165180
0.2118560706
0.2708936163
0.1012829750
0.1408349823
-0.0351259983
0.0476467011
-0.0336423527
-0.0433257036
0.1326615648
0.0157390990
0.0719975457
-0.0100960879
-0.0462179222
0.0255551585
0.1121530384
-0.0490322739
0.0289926269
0.0549337954
0.0898641514
0.0538744135
0.0803441128
0.0788892310
0.1368694931
0.0259110539
0.0050506625
0.1023991442
-0.0339692403
-0.0185914964
0.1930821299
0.1545605906
0.1873066562
0.0779727105
0.0152724340
0.0431752356
0.1298112979
0.1753988618
-0.0129947755
0.3634171025
-0.0235776052
0.1277980952
0.2518177810
0.0434675430
0.2543203147
0.2306015415
0.0851431290
0.1552626569
0.2538466224
0.1275137629
0.2229599513
0.1566959983
0.1500930716
0.1039237817
0.1303185337
0.2709441229
0.1757866550
0.2227107336
0.0454549833
0.1645667059
0.1158567913
0.1706246827
0.1044882327
0.2038120102
0.2145259495
0.1069179319
0.0597325180
0.1921451223
0.2931062794
0.1907085389
0.1390602126
0.2086149458
0.2802462879
0.0441155380
0.0967928243
0.2089988140
0.0901323337
0.1876419549
0.2941388922
0.1690591533
0.1449144564
0.2609144104
0.2431120817
0.1350850651
0.1361109340
0.0825323900
0.3713673462
0.1349045104
0.1556121651
0.2620632329
0.3811463293
0.3875112243
0.3993221493
0.1611281557
0.2173825070
0.0492595382
0.4153724178
0.1877713916
0.1996441853
0.2160138826
0.2139878828
0.2857063061
0.2068628878
0.2454839207
0.2132418560
0.2477508740
0.4144637577
0.1758744134
0.2255762389
0.1934054173
0.1988631276
0.3250217007
0.3319461879
0.2386889683
0.1588158531
0.3485907723
0.3420442936
0.1810950620
0.3384554645
0.2912749351
0.2156115456
0.3414991572
0.1716616180
0.3628696801
0.1391903553
0.2000410408
0.3511246654
0.2949479854
0.2807087778
0.2374965081
0.2664531670
0.4726607132
0.3693302599
0.4306155149
0.3041969543
0.2961696433
0.2857978189
0.2426312940
0.4122419893
0.2860049737
0.2073641709
0.2717439233
0.1948967763
0.4380660327
0.3671960926
0.3092966697
0.3330133304
0.3826757965
0.3569214364
0.2275368277
0.1481582734
0.1728108145
0.3458286549
0.4543083144
0.2677895971
0.3379233532
0.3476406708
0.3613296036
0.4332689367
0.4900783577
0.3887154370
0.3325543813
0.2514833964
0.4396415101
0.4889412862
0.4781051164
0.3463806163
0.4323938543
0.2774357507
0.3949107647
0.2483889542
0.2696361520
0.3341490493
0.3502564850
0.3870270437
0.2129731078
0.3686029808
0.3339784346
0.4031147067
0.3685929282
0.4012398006
0.4418265834
0.5081895181
0.4366764081
0.2731627112
0.3663334866
0.3896426690
0.5490433591
0.4029478913
0.4254873418
0.4584229520
0.4552009491
0.4709748445
0.3881646883
0.5783698298
0.4608112079
0.3617338248
0.2636079841
0.3743593416
0.3497332998
0.4633072594
0.4818382344
0.4824294302
0.4909904226
0.3284159551
0.4853407499
0.2484942715
0.3765396671
0.5678980283
0.5806011663
0.6021790753
0.3304556133
0.4702034739
0.3701875522
0.5429456441
0.3563377533
0.5411757539
0.3125240104
0.4680256569
0.3236554784
0.4081070256
0.4686785282
0.4949685914
0.2771439042
0.4015659022
0.4577013372
0.6032463576
0.5625811508
0.5938027333
0.5415078697
0.4415014063
0.6440963291
0.5583086170
0.4451485696
0.4788477490
0.3976570104
0.4551898258
0.5050497673
0.5395424334
0.4925158420
0.6815352300
0.4651775710
0.6200717928
0.5650742178
0.5090777382
0.4914633798
0.3717200189
0.3997317428
0.5761174876
0.4489250154
0.5121429905
0.3964468057
0.5471549162
0.4821608154
0.5127260963
0.6944527701
0.4978737865
0.4924496487
0.5393062265
0.5961633061
0.5375542967
0.6460131266
0.5295986376
0.6449999660
0.5148875279
0.5608104689
0.6187953819
0.5415751009
0.5656358086
0.5647700487
0.5487775056
0.4555222606
0.5258043426
0.5378326007
0.6329974001
0.5491922419
0.5770319420
0.6087438623
0.7159155231
0.6492680047
0.6864817723
0.5985319014
0.5603535741
0.6082792506
0.7484451897
0.6340745041
0.5788603079
0.7148446630
0.6046107839
0.7009602833
0.6404256457
0.6482489034
0.4617223339
0.6725050922
0.6776817216
0.8086017968
0.5239479835
0.6640867954
0.6872404143
0.7026706007
0.6525392520
0.5768407004
0.6787491458
0.7648853300
0.6234689927
0.6715474830
0.6787326301
0.5290054608
0.7006583833
0.6738540974
0.6671976676
0.6189091290
0.6219272027
0.6349485433
0.7528515039
0.6919836710
0.7504400476
0.7523436178
0.6355877264
0.6138428626
0.4976936487
0.7087824892
0.7234878338
0.8197172921
0.7553000953
0.6609164559
0.6538229508
0.6984313536
0.5802784228
0.5144647798
0.4738109605
0.7326180073
0.7079842563
0.6542246672
0.6468893276
0.5037470312
0.7500351695
0.9182572612
0.7130739293
0.7678126962
0.7855454622
0.7371117529
0.6600537717
0.8126546918
0.8400995914
0.6876782629
0.6171125275
0.6985073322
0.6978176256
0.7745190034
0.7444024610
0.8128509815
0.7131322563
0.6789418049
0.7121352984
0.6379994219
0.6560179230
0.7961166131
0.7970981229
0.6898812066
0.7034318870
0.7111454335
0.8142325094
0.6752014716
0.7931754428
0.7441424856
0.7115214586
0.6999576674
0.8489837679
0.7222460780
0.7934065275
0.8685853068
0.5931146727
0.8931526391
0.8221300194
0.8731395175
0.8141889503
0.7308425518
0.7083798122
0.8541263117
0.7293546060
0.7634912140
0.6969118516
0.7265772602
0.7454776314
0.7061926509
0.8595943034
0.8115057902
0.8208754090
0.7744851472
0.8577090993
0.9330279529
0.8762340689
0.8769683383
0.8689867575
0.8931247357
0.7172318982
0.9376418924
0.9332687873
0.7832400232
0.8651908148
0.8443478526
0.7747494235
0.9928153966
0.8753565888
0.7660726755
0.8485324912
0.7537680355
0.7423225788
0.8101084162
0.7915667054
0.7451530804
0.8528870753
0.8681091534
0.8823415473
0.8151928731
0.8734082018
0.8948900200
0.8943152934
0.9210848750
1.0036882145
0.8559760189
0.8721465685
0.8823671705
0.7983747994
0.9402852205
0.8095131140
1.0627430165
0.8572630561
0.8671480819
0.8417736609
0.9484457433
0.9254288017
0.8777908793
0.9615741539
0.8798976611
0.7612387072
0.8468968699
0.8828303064
0.6878492225
0.9153885362
1.1179377494
0.9721802126
1.0140213478
0.9131928483
0.9187217097
0.9704935782
0.9571846530
1.1494238633
0.7979314428
0.9474174892
1.0194076698
0.8862230822
0.8916639038
0.9573081290
0.9036419157
0.8984526076
0.9395935011
0.9260700047
0.8200693400
0.9924976118
1.0011838024
1.0382529110
0.9725814610
1.0260609822
0.8292819947
0.9980074262
1.0089555126
1.0570995090
1.0253934557
0.9143333968
0.8567644009
1.0523288943
1.1904639481
0.9519309263
0.8286417141
0.9318920521
0.9533043477
0.9335327369
1.0099016014
0.9389090283
