-1.0650041309
-0.8830264972
-0.8345967285
-0.9596329661
-0.9566597296
-0.9987398498
-1.0329246242
-1.1250366128
-0.9340836144
-1.1496598413
-0.9741224552
-0.7826535483
-1.0167810170
-1.1296690478
-0.9811950478
-0.7856183675
-1.1433096661
-1.0680169965
-0.9603180562
-1.0377436681
-0.8619470925
-0.9359615290
-0.9754197524
-1.0058951226
-1.0474531928
-0.7523621762
-1.0709794139
-0.8633761663
-0.9554257045
-1.0248828823
-0.9472306057
-1.0806392008
-0.7155064523
-1.0333509454
-0.9068519637
-1.0170171475
-1.0459489986
-0.8913882447
-0.9438095459
-1.0054392677
-0.8419012491
-0.8949581980
-0.9933989990
-0.8686211049
-0.9494322852
-0.9154601656
-0.9651289552
-0.8333310693
-0.9062260837
-0.8448225036
-0.6732556907
-0.8495576937
-0.9383105628
-0.9308768058
-0.9927841498
-1.0033025678
-0.9846316037
-0.8268703986
-1.0992025241
-1.0133171816
-0.8248408093
-0.9253918275
-0.7357254340
-0.9149557287
-0.8133187234
-0.7920840241
-0.7824756889
-1.0011462306
-0.9288444985
-0.7645684822
-0.8220750291
-0.9481729700
-0.9122305825
-0.9570691918
-0.9395563291
-0.8850091280
-0.8608993290
-0.7786417448
-0.8743255457
-0.7739802839
-0.9172004305
-0.9011923700
-1.0680872256
-0.8913969534
-0.9072814669
-0.7433322594
-0.6445423293
-0.8996575655
-0.7063049551
-0.6814365389
-0.9820782271
-0.6897659021
-0.8909436108
-0.7897640896
-0.9284616158
-0.8358500288
-0.8543519567
-0.7894417020
-0.7075243872
-0.7496139314
-0.7595239421
-0.6502097082
-0.8397990344
-0.7475612912
-0.7599850238
-0.7208608426
-0.5572363762
-0.7802473954
-0.7450409267
-0.8128893404
-0.8367168469
-0.7976128973
-0.7269450039
-0.7160512825
-0.7988344221
-0.7747398423
-0.7856088138
-0.5468238548
-0.7066364045
-0.7726351680
-0.7796393776
-0.6052876497
-0.7289682832
-0.6681915189
-0.7967186188
-0.7679257685
-0.6669711102
-0.7419230397
-0.6051253601
-0.5812889603
-0.8625533532
-0.6971381642
-0.7594655935
-0.7190153833
-0.8075530118
-0.6216946686
-0.5459513531
-0.7066503616
-0.8922163928
-0.8110459135
-0.7064813520
-0.6765936296
-0.7043652491
-0.6990730399
-0.7118201464
-0.6917760468
-0.6914343104
-0.6067433839
-0.8045517472
-0.7807497903
-0.7777117835
-0.6791768861
-0.7674196953
-0.6165302107
-0.7172052280
-0.8454182720
-0.7125019557
-0.7223679102
-0.6052153603
-0.6598969449
-0.6027922957
-0.5752423543
-0.7816863028
-0.7767897250
-0.8396473391
-0.7037382471
-0.6384448845
-0.6369202387
-0.7183381854
-0.5888295397
-0.6718147880
-0.6168936437
-0.5553034542
-0.7026757050
-0.6455350159
-0.7332577355
-0.5301862797
-0.7407976484
-0.7509256613
-0.5474468905
-0.7002967506
-0.6693477349
-0.6376946565
-0.6450919227
-0.5366780638
-0.6454563730
-0.5683832476
-0.5552256617
-0.6748704576
-0.7407643657
-0.6539991101
-0.5269118331
-0.6431550034
-0.5538990308
-0.6658074771
-0.5233212254
-0.5802683016
-0.6657865589
-0.6741367101
-0.6154738063
-0.5920987151
-0.6872223542
-0.6978521507
-0.6424949760
-0.5743072929
-0.5663440571
-0.7406380599
-0.5936566113
-0.6478131828
-0.6151929420
-0.6868205910
-0.7126584658
-0.6350894510
-0.6121657446
-0.6735683006
-0.6836122513
-0.4167404139
-0.6047455712
-0.4766624965
-0.5958982081
-0.4429662986
-0.6230070897
-0.6143259034
-0.5462035725
-0.5914732145
-0.6364493486
-0.5722033872
-0.3813789167
-0.6770799916
-0.4431498855
-0.5456565866
-0.6289285446
-0.6521424010
-0.5528272485
-0.4871480009
-0.4971010843
-0.5556829156
-0.4781945868
-0.4839030583
-0.6149436522
-0.4655744082
-0.7706037873
-0.3507202870
-0.4946757927
-0.4861343830
-0.5459306726
-0.4710509419
-0.5764374208
-0.5894242413
-0.3707188714
-0.5609846752
-0.5991845520
-0.4431068076
-0.6400830958
-0.3459964937
-0.4485089948
-0.5244701355
-0.5004130317
-0.3427007009
-0.3610142396
-0.3571700653
-0.5141455792
-0.5081069383
-0.4348658025
-0.5588760919
-0.3208777628
-0.2639470288
-0.4312577377
-0.4747549576
-0.5715739871
-0.3000630583
-0.5452312462
-0.4788422387
-0.3899847149
-0.5223953543
-0.3585730336
-0.5074609110
-0.4379987595
-0.5022052684
-0.5975121852
-0.4530041415
-0.3211067723
-0.4748736695
-0.4843301712
-0.3057213152
-0.3509935508
-0.2229788521
-0.4257808846
-0.4913625379
-0.4484208518
-0.4175670353
-0.4904502168
-0.4322514992
-0.3838517006
-0.2853217720
-0.4250836282
-0.4375248957
-0.4431651359
-0.3574414057
-0.5113439558
-0.2587562180
-0.3780144061
-0.3615929775
-0.2695406063
-0.4867991364
-0.4153986396
-0.3977199770
-0.4838479267
-0.3545016176
-0.0970515626
-0.3556532707
-0.3740805659
-0.3454495702
-0.4059884637
-0.4580056636
-0.4667464575
-0.2138644519
-0.3593068651
-0.3845409508
-0.3348310496
-0.3783288568
-0.3420299478
-0.3382413657
-0.1961287978
-0.3515384356
-0.5462935665
-0.2857936033
-0.5249661835
-0.2938745331
-0.4747466589
-0.4412025654
-0.3536914340
-0.4030343854
-0.3908241684
-0.2843337883
-0.2288173096
-0.3203351633
-0.4186240574
-0.2557181951
-0.3626729926
-0.2342235636
-0.2192716696
-0.4256375538
-0.4028040217
-0.4298253489
-0.3035991897
-0.4437450359
-0.2784229975
-0.3172719592
-0.1047792034
-0.3307934604
-0.2813972386
-0.1870200389
-0.2949437181
-0.4267948005
-0.2574622727
-0.2154776751
-0.3839596761
-0.2868366923
-0.4453208618
-0.2857597655
-0.2403320440
-0.1626787495
-0.4570497095
-0.2951347286
-0.1913679552
-0.3932617678
-0.3863056998
-0.2710441358
-0.2199587116
-0.3041488188
-0.3383135475
-0.1716871411
-0.1019542142
-0.4393892554
-0.1667293709
-0.2910229636
-0.2373407968
-0.1528916933
-0.2711091850
-0.1670568417
-0.2622892069
-0.1857410017
-0.3830726256
-0.1913306163
-0.4187345679
-0.3054403762
-0.4493857820
-0.2537374775
-0.2151663643
-0.0762944885
-0.2014071407
-0.3098162620
-0.2163802958
-0.2292409783
-0.1350072838
-0.0888870962
-0.2191328608
-0.2738188699
-0.1905335369
-0.1915118898
-0.1727119561
-0.2082438090
-0.2163014024
-0.2243348933
-0.1503354464
-0.2233945945
-0.2288323139
-0.1188754098
-0.1915459905
-0.2495151705
-0.1928558576
-0.2407204295
-0.1321775662
-0.2474646894
-0.0819592455
-0.1535891309
-0.1220305899
-0.0802705862
-0.2482190347
-0.1676718316
-0.0176324153
-0.0661266933
-0.2094763756
-0.0742284479
-0.1097624577
-0.1586786204
-0.2117865387
-0.1784335519
-0.1425070782
-0.2166042376
-0.0383680393
-0.0716275593
-0.0026973003
-0.0153039687
-0.1340582309
-0.0164371258
-0.0887438592
-0.0737834609
-0.0891216804
-0.0437251624
-0.1576766769
-0.0967099030
-0.0016840983
-0.2498391833
-0.1344773377
-0.0569707369
-0.1305049630
-0.1476654704
-0.0685274155
-0.1567611469
-0.0439246560
-0.2449266072
-0.1401923318
-0.1285954946
-0.0440973345
-0.1171330441
-0.1089451957
-0.0548580778
-0.1639205636
-0.1574940363
-0.0828890970
-0.1119138949
-0.1953392437
-0.0247077743
-0.1847017141
-0.1009819390
-0.1077793383
-0.0673851105
0.0765677000
-0.1693865406
-0.0776975527
-0.0478279387
0.0265858063
-0.0294045793
-0.0172670480
-0.1624487038
-0.0184914357
-0.0171717434
-0.0741511622
0.0632652871
-0.1013159021
-0.0519268747
-0.0608231716
0.1013584911
-0.2768339286
-0.0729097553
-0.0805223165
-0.0984441226
-0.0389094506
-0.1155018897
-0.0111544684
0.0037998129
0.0378266734
0.0811133426
-0.0335597725
-0.1274576513
0.1312823829
-0.0296925028
0.0695609633
0.0485101954
-0.0444250297
0.0275562738
-0.0414419316
-0.0177348302
0.0964883511
-0.0177790697
-0.1576692913
0.1566734991
0.0133102858
0.1836485916
0.0557083861
0.0740413690
-0.0544142919
0.0422996566
0.0076848341
-0.0096860777
0.0767561132
-0.0423942934
0.1469646781
0.0616176778
0.2366112802
0.2318038797
0.0848925755
0.1293481893
-0.0339934471
0.0466681814
-0.0326872364
-0.0505906339
0.1304724374
0.0074568093
0.0573422857
-0.0051569822
-0.0472832569
0.0175513672
0.1010651505
-0.0227697345
0.0208429881
0.0806717622
0.0996397796
0.0288375074
0.0557672208
0.0725188202
0.1428654306
0.0302623935
0.0305941350
0.1104228963
0.0005557505
-0.0104025905
0.1861337478
0.1482297837
0.1773715375
0.0929782681
0.0138737181
0.0383065597
0.1445346895
0.1798958700
-0.0188082217
0.3623222185
-0.0384629239
0.1113268447
0.2584298414
0.0400075170
0.2547542393
0.2216669153
0.0852966786
0.1655816131
0.2469088888
0.1415338564
0.2447318930
0.1497179350
0.1529751809
0.0741317980
0.1320975482
0.2792868902
0.1451946429
0.2386108709
0.0425397037
0.1824979643
0.1416164837
0.2088219039
0.0869485749
0.2080204545
0.2197270554
0.1206785807
0.0520884611
0.1935368355
0.2962076060
0.1784273674
0.1305024346
0.2175065395
0.2767082481
0.0684993690
0.1010665902
0.2372441926
0.0840249401
0.1840440132
0.2985065422
0.1932839626
0.1426185396
0.2456064296
0.2494803337
0.1609841124
0.1444448753
0.0880675394
0.3738351441
0.1470778143
0.1599455437
0.2533828235
0.3681886731
0.3612065099
0.3944617045
0.1695889232
0.2229197138
0.0586790058
0.4134454327
0.1902044126
0.2149394097
0.2050601416
0.2213072354
0.2760708199
0.2120793659
0.2403888739
0.2118487733
0.2451793722
0.4172350618
0.1485068578
0.2383742832
0.1667305317
0.1705147775
0.3234808761
0.3366273982
0.2331179669
0.1422942276
0.3366457100
0.3367820025
0.1746918086
0.3252418523
0.2703785556
0.2071878492
0.3316327336
0.1534850672
0.3698968258
0.1474832905
0.1779768596
0.3622944532
0.2889735479
0.2767691645
0.2345455952
0.2615828684
0.4861711325
0.3527798057
0.4161366275
0.3147543948
0.2859443079
0.2954045079
0.2581332154
0.3832176913
0.3113992610
0.2097872551
0.2435207690
0.2057178999
0.4446500254
0.3606563814
0.3000249210
0.3277916497
0.3914047960
0.3413912498
0.2108488069
0.1513914671
0.1671231427
0.3562480410
0.4588626733
0.2573898867
0.3638026210
0.3643018024
0.3579569645
0.4325776134
0.5172895080
0.3936421469
0.3639725749
0.2220120210
0.4055615272
0.4691563009
0.4680371211
0.3321017110
0.4593328610
0.2958884914
0.3824720776
0.2456750205
0.2736447615
0.3697591351
0.3247754165
0.3680993701
0.2054177726
0.3614110780
0.3219031230
0.3902821359
0.3533354608
0.4229451850
0.4326815831
0.5249016552
0.4466636361
0.2548490323
0.3599505417
0.3668085478
0.5473182209
0.4032768374
0.4180707291
0.4385887526
0.4506826189
0.4721054850
0.3839344491
0.6089128412
0.4553719318
0.3638018993
0.2535020306
0.3852826735
0.3685454928
0.4536105279
0.4878431684
0.4784476845
0.4980536008
0.3429080838
0.5030218765
0.2744052771
0.3907355673
0.5653576846
0.5619827227
0.5874704945
0.3266159114
0.4462920519
0.3754880324
0.5543045425
0.3668298038
0.5513286244
0.3039016382
0.4485260946
0.3023513044
0.4183089419
0.4606458350
0.4729905534
0.2933397156
0.3835163872
0.4500884495
0.5991518045
0.5433050055
0.6102399953
0.5333499062
0.4321375763
0.6476268999
0.5624481008
0.4484563682
0.4935212804
0.3871540145
0.4514339799
0.4930230998
0.5524590328
0.5133284587
0.6791780191
0.4976779684
0.6046929557
0.5469563121
0.5144952230
0.4999602707
0.3257539847
0.4155033958
0.5608975165
0.4576624541
0.5094217029
0.3959522506
0.5535357703
0.4915139192
0.5083589146
0.6754336950
0.5231103061
0.5071927615
0.5463994693
0.5985107301
0.5457694003
0.6334485216
0.5526226009
0.6669668971
0.5334798464
0.5581690595
0.6432737810
0.5204922702
0.5675917126
0.5785110246
0.5457936172
0.4299584796
0.5181328823
0.5549169633
0.6140460872
0.5444715704
0.5520877098
0.6239460215
0.7243363378
0.6453028842
0.6850260981
0.5909897692
0.5548071842
0.6275389499
0.7336494679
0.6482456104
0.5724947169
0.7384898411
0.6530807872
0.6828225209
0.6301001910
0.6450102788
0.4732248776
0.6555500261
0.6859282627
0.8149357127
0.5274619926
0.6319589857
0.6666333353
0.7263848956
0.6767963312
0.6005946658
0.6643392001
0.7628277413
0.6214099098
0.6594836467
0.6872896532
0.5399861873
0.7295583509
0.6690206850
0.6753795248
0.6291422513
0.6256874986
0.6119438625
0.7588872541
0.7094458221
0.7764253093
0.7461478513
0.6178655873
0.6105794052
0.4883389611
0.7123820863
0.7188354532
0.8050766911
0.7388338197
0.6415039320
0.6496441330
0.7053700964
0.5787576427
0.5200695139
0.4868904186
0.7299021584
0.7023194624
0.6378378009
0.6215406638
0.4940581991
0.7462855046
0.9114606776
0.7036868761
0.7624309026
0.7982538308
0.7481485357
0.6686519545
0.8139711148
0.8346373398
0.7044742173
0.6110557000
0.6967939093
0.6946239419
0.7755836362
0.7243415954
0.8087867791
0.6791841206
0.6822125510
0.6908778887
0.6244688956
0.6506470910
0.8129358377
0.8075532355
0.6834020414
0.7155743384
0.6986772156
0.8123144028
0.7030916149
0.8181614768
0.7549586410
0.6845907425
0.7018337087
0.8333897410
0.7388248738
0.7775488513
0.8782044424
0.5903829281
0.8875195803
0.8371741298
0.8582482322
0.8205632030
0.7217816254
0.7026194619
0.8410731942
0.7712890443
0.7602544258
0.6957794093
0.7357600263
0.7526873841
0.7168532985
0.8569400396
0.8384911222
0.8207921506
0.7671301213
0.8414244425
0.9402493199
0.8546546798
0.8774471686
0.8738415140
0.9183868189
0.7275475926
0.9243991842
0.9398291572
0.7751855713
0.8458972291
0.8536311770
0.7657709371
1.0051159166
0.8850225417
0.7630139386
0.8620210572
0.7564340817
0.7528638391
0.8371555536
0.7926114940
0.7558051187
0.8517122816
0.8703320194
0.8970431248
0.8002280605
0.8687749861
0.8984374800
0.9126184082
0.9140487470
0.9920243952
0.8471063660
0.8662966844
0.8798861497
0.8111197496
0.9436605096
0.8241573284
1.0740635938
0.8435806956
0.8751332613
0.8423376864
0.9458215665
0.9288607140
0.9091657926
0.9570899817
0.8756277198
0.8057064185
0.8406106746
0.8638419379
0.6671652619
0.9214447524
1.1329056348
0.9698213800
0.9863503794
0.9083522850
0.8934213271
0.9556346809
0.9793677233
1.1481191990
0.7985235683
0.9313406334
1.0141452306
0.8795361237
0.8654597657
0.9228516874
0.9056766277
0.8785491261
0.9269696339
0.9364414155
0.8119291320
0.9857442997
0.9974836714
1.0348284054
0.9772600099
1.0091413669
0.8266729166
0.9886610835
1.0108671700
1.0395797488
1.0068176754
0.9000899853
0.8677291040
1.0799983439
1.2028702826
0.9464361185
0.8260881359
0.9118182282
0.9665494547
0.9294677238
1.0127631005
0.9582997065
