-1.1451981987
-1.0825751787
-0.9980185108
-0.9943409036
-0.9986911752
-1.0980302591
-1.0936983582
-0.9007927481
-1.0411267419
-0.9857595856
-0.9194408186
-0.8266861262
-0.9129314438
-1.0466949290
-1.0410307804
-0.9292111821
-0.9271735439
-0.8777947412
-1.0382996336
-0.9603307085
-0.8924178214
-0.9363934613
-1.0339806265
-0.7865129970
-0.9425693590
-0.8517183084
-1.0205322484
-0.9823190780
-0.9660952743
-0.9553603469
-0.9434239012
-0.8273419146
-0.9367862597
-1.1142106299
-0.7973443614
-0.8300915948
-0.9421156788
-1.1124726711
-0.8686349048
-0.8887919949
-0.6820098311
-0.8431601257
-0.9047589530
-0.9733659387
-0.7728459159
-0.8549079800
-0.9016569121
-0.8862815984
-0.9932568074
-0.9162536803
-0.9007695035
-1.0832050869
-0.8881555408
-0.8197470505
-0.8797835161
-0.7940831608
-0.9067788992
-0.9621632403
-0.8571132454
-0.8882390440
-0.9159214752
-0.8648249737
-1.0874806187
-0.9639683434
-0.8528859277
-0.8241938679
-0.7677544466
-0.7684368611
-0.8857903992
-0.9483532592
-0.8360341548
-0.9293776642
-0.8122673306
-0.9548742908
-0.9026613693
-0.8708967780
-0.7195296103
-0.7974968289
-0.8785831360
-0.9700858813
-0.7703676676
-0.9563991712
-1.0365051255
-0.8894194199
-0.8715064158
-0.8004549411
-0.6971639465
-0.9027801528
-0.8503604560
-0.7611126037
-0.8208695731
-0.8764768575
-0.7381699265
-0.8364812879
-0.7568059253
-0.7374650389
-0.8298523868
-0.8475779031
-0.6605531622
-0.8446116360
-0.7137450874
-0.7500668120
-0.7134709445
-0.7162299860
-0.7521166962
-0.9008589371
-0.7762060790
-0.7266117580
-0.7789556526
-0.7449928825
-0.9010805206
-0.6482540533
-0.7933901890
-0.7618416234
-0.6852504255
-0.8137620413
-0.7315234722
-0.6129745367
-0.8655699428
-0.7935825915
-0.7480703169
-0.8131773355
-0.9226753410
-0.7161744939
-0.8345856489
-0.8240668418
-0.6568817519
-0.7014981905
-0.8328046602
-0.7608380518
-0.8433850515
-0.8567017162
-0.7350526681
-0.7359868019
-0.6345091546
-0.7008429541
-0.7025304056
-0.8152490663
-0.5786013740
-0.7181515689
-0.7446572829
-0.7328246133
-0.7296997009
-0.7255016444
-0.6691221855
-0.8656712403
-0.5182125821
-0.6252804565
-0.7132178608
-0.8313446507
-0.7225072612
-0.6200095681
-0.6365894702
-0.5902467598
-0.5810125011
-0.5559270234
-0.6385771983
-0.8146667653
-0.5612532167
-0.7673810264
-0.6326233880
-0.8405419228
-0.7538664654
-0.8716732661
-0.7912506661
-0.5843922807
-0.6908280468
-0.7458779437
-0.6666037786
-0.6561567456
-0.7069449599
-0.5737270466
-0.4988273616
-0.5816005468
-0.6495337015
-0.6366127604
-0.6232143012
-0.8388498275
-0.5627840975
-0.5471071329
-0.7200994845
-0.6981189854
-0.7053936205
-0.5077981174
-0.6010481854
-0.6285998196
-0.6101996538
-0.5657054337
-0.7280445230
-0.6395224781
-0.5912080589
-0.6402597150
-0.6615271075
-0.6638052675
-0.5845661691
-0.6594779534
-0.6088903041
-0.7142233569
-0.6953872352
-0.6533287305
-0.6760313242
-0.6607411846
-0.7061119405
-0.4915318511
-0.3818576466
-0.5421350824
-0.5837730414
-0.5929462143
-0.5496918050
-0.6787741119
-0.5653423467
-0.4928523906
-0.5756056614
-0.6061642446
-0.6737295144
-0.4160517369
-0.5327992169
-0.4203267036
-0.6399772565
-0.5486435405
-0.4886831289
-0.6380668937
-0.4866797815
-0.5745281892
-0.5358765181
-0.5731659207
-0.5929001698
-0.4667610883
-0.5867399041
-0.5564877805
-0.5680976868
-0.3763199885
-0.6719551783
-0.6045846868
-0.6065162638
-0.5768109674
-0.4177831052
-0.4452375781
-0.6210906701
-0.5991415461
-0.4951926580
-0.5149052407
-0.5903127752
-0.5343201604
-0.4942595408
-0.5106037687
-0.5132826214
-0.4770115463
-0.5036992031
-0.5185505584
-0.6487864426
-0.5322114200
-0.5308695843
-0.5699353406
-0.5163120257
-0.5506473705
-0.6258701836
-0.4324061499
-0.5951921142
-0.4593892033
-0.3883867055
-0.5107263254
-0.5868989162
-0.5194300545
-0.4181611852
-0.6127141265
-0.5143566631
-0.5454399579
-0.4925805904
-0.4941243940
-0.4963002872
-0.4499837828
-0.4453229779
-0.3998976641
-0.5676142796
-0.3805883899
-0.4295534591
-0.4324379222
-0.4755485935
-0.2978876272
-0.5513283653
-0.4913914791
-0.3896269972
-0.3375596779
-0.3568096993
-0.6289258938
-0.4650165347
-0.5498545843
-0.5133744988
-0.4029257705
-0.4154568189
-0.4112940964
-0.3593137511
-0.4788157904
-0.3876313368
-0.5521638325
-0.4090485508
-0.3103790798
-0.3855917346
-0.3605229237
-0.4165280550
-0.4378428569
-0.3815747535
-0.3210045827
-0.4446374231
-0.4573287850
-0.3939999496
-0.3743928058
-0.4901923098
-0.3071731692
-0.4487310943
-0.3959347159
-0.5116497203
-0.4543035615
-0.3864713268
-0.3081194032
-0.3792303817
-0.1810423147
-0.4299150109
-0.4156385475
-0.2655034931
-0.2909863578
-0.3038426712
-0.2877542173
-0.3836028154
-0.2757492186
-0.5151777181
-0.4426128052
-0.3678552441
-0.2070690471
-0.2620759447
-0.3087800282
-0.2946596027
-0.3948510733
-0.4503933490
-0.1464387380
-0.2419559783
-0.3876655688
-0.2713450903
-0.3287239234
-0.3642612597
-0.4327511919
-0.4423145936
-0.2986116484
-0.3183225582
-0.3433507119
-0.4408522844
-0.3708116187
-0.3941742146
-0.1264295391
-0.2284614612
-0.3183018470
-0.2011583449
-0.3846984600
-0.2369274006
-0.2922788239
-0.4038812269
-0.1196220823
-0.2744618028
-0.2885899057
-0.3439508079
-0.3104430444
-0.3445642887
-0.3775198212
-0.3111783362
-0.4218230981
-0.2150857159
-0.3667800382
-0.3683833546
-0.4078068871
-0.2328353853
-0.3471911868
-0.2523273082
-0.2258221900
-0.3031230611
-0.1751036452
-0.2372741686
-0.2139546306
-0.2513626209
-0.2775418537
-0.2741900591
-0.1466352204
-0.1836854724
-0.2535022342
-0.2074485910
-0.0791949002
-0.2588371897
-0.3170581991
-0.2540019173
-0.2363481368
-0.2818504516
-0.2465363189
-0.1660190510
-0.1077091886
-0.4035441532
-0.2373276970
-0.2307638459
-0.0662511295
-0.0409383459
-0.1533793565
-0.3294071164
-0.3348932225
-0.2315100036
-0.3136882722
-0.2101236086
-0.2041458636
-0.1325721156
-0.2644832032
-0.0692347131
-0.1680867847
-0.2096441574
-0.0404344710
-0.1541836846
-0.1630981499
-0.1785746039
-0.2394610552
-0.1927841784
-0.0931473810
-0.1248313543
-0.2626942781
-0.2182038007
-0.1609239634
-0.2035440057
-0.2258849458
-0.1347304077
-0.2025359442
0.0164956528
-0.2626999926
-0.0801633223
-0.1688744943
-0.2008454853
0.0127031231
-0.0146166242
-0.0855088287
-0.0509709656
-0.0873925731
-0.1435910333
-0.1892751054
-0.2280518006
-0.0554286634
-0.1501080753
-0.1650291235
-0.0881551241
-0.0995469713
-0.0891740045
-0.1621493602
-0.0505892329
0.0133498453
-0.1584073929
-0.0854603642
-0.1434452972
0.0052231343
-0.0682711987
-0.0431119000
-0.0260396854
-0.0436579933
-0.0622942877
-0.0655625672
-0.0308753637
-0.0395359351
-0.0288345392
-0.0003665025
0.0241654690
-0.0302113322
-0.0236907819
0.0516596002
-0.1034885578
-0.1534286075
-0.1423137047
-0.1409481220
-0.0486257722
-0.0430695307
-0.0257278656
-0.1545033679
0.1507631643
0.0028932103
0.0071914665
-0.0807501122
-0.0749093141
-0.2230632157
-0.0590267096
0.1227607513
-0.0231552303
0.0571030035
-0.1466713789
-0.0790693100
-0.0364189458
0.0140353965
-0.1264499700
-0.0396520666
-0.0482694842
-0.0222517350
-0.0396629047
0.0390070170
0.0450910982
0.0028552177
0.0804975682
-0.0507174695
-0.1066620614
-0.1265791033
0.0930313917
0.0269055057
-0.0616568986
-0.0124605973
-0.0725370843
0.0527336865
0.0023623315
-0.0082260607
0.0716077957
-0.0746666370
0.0187997049
-0.0340883253
0.0573901292
0.1674670251
-0.1150561635
0.1074719155
0.0551669352
-0.0104446470
0.0342132888
0.2183904694
0.0769544434
0.0092736521
0.1320421057
0.1034879391
0.0555105109
0.1896614987
0.1191688840
-0.0516114425
0.1452630099
0.2115372182
-0.0132639783
0.0673757010
0.1578870343
0.0809292461
0.2188261911
0.1300490665
-0.0039000479
0.0127481120
-0.0063029109
0.0242634978
-0.1464865510
0.1012913853
0.0348889413
0.0208222452
-0.0122331982
-0.0109447543
0.2840204646
-0.0366391214
0.1432377896
-0.1467701673
-0.0797035535
0.0055500857
0.0970658474
0.1117947774
-0.0350325208
0.1080300069
0.2025553369
0.1981794407
0.1524739210
0.1472884915
0.0936222083
0.1352780647
0.1586435207
0.0843328213
0.1917540153
0.1540544776
0.1244770084
0.3076296060
0.1404975152
0.1888785036
0.1231113202
0.0533428801
0.3382269850
0.0926076394
0.1264500478
0.2101168955
0.0864642387
0.1700065739
0.2064857769
0.1657427799
0.1892812667
0.0862076048
0.2328642238
0.2191674678
0.0436192941
0.0513933438
0.1696382004
0.1670160684
0.0939734398
0.2045218284
0.1662285791
0.1664668576
0.2096087015
0.2183425957
0.2517182470
0.0950136420
0.2879995171
0.1108353707
0.4025085149
0.1519292392
0.2905150213
0.2766990900
0.1601822350
0.2674626111
0.2371544249
0.1401509421
0.4241768676
0.3070519293
0.2176028486
0.2937950028
0.1931311008
0.2537610673
0.1750939645
0.2458739517
0.2968236076
0.3374002767
0.0217299748
0.1989827628
0.2179386968
0.1868340141
0.2022536488
0.2484709098
0.2593000112
0.2243693754
0.3066029375
0.4264967867
0.2592115298
0.2223895551
0.1531212289
0.2669771970
0.3609187348
0.2305693603
0.2116924475
0.2360953610
0.3369630238
0.3193503519
0.3631144227
0.4638659019
0.2462879702
0.3612439574
0.2978259857
0.4080021612
0.4139443941
0.2955399280
0.2448055438
0.3529770566
0.1475639825
0.2919550157
0.3204749089
0.3880194765
0.3016600293
0.1446975510
0.3146062317
0.2714794114
0.2926015836
0.1486260422
0.2741151700
0.2202373045
0.2755095065
0.1470345857
0.2551325586
0.2588764308
0.2621428486
0.4606498671
0.2444389641
0.3776950564
0.4383282271
0.2987825134
0.4116661227
0.3140217213
0.4526462584
0.3134124212
0.3729493510
0.3586772659
0.3168717245
0.3970611751
0.3379585259
0.4122983748
0.2806367724
0.4503932714
0.3319744342
0.2836250672
0.4288791032
0.3751924667
0.5507648296
0.4831700105
0.3219413214
0.2822383253
0.3458053677
0.4188063136
0.3375286013
0.3821966858
0.3540889549
0.4543372156
0.4151140593
0.2228212900
0.1870375188
0.3787676998
0.5351565694
0.4206993069
0.4924291942
0.3477456000
0.3691485195
0.4770791680
0.3696825902
0.3586380024
0.2279020718
0.3786372299
0.3669424491
0.4255172967
0.4744220196
0.3899070209
0.5708143251
0.4616345063
0.4558315435
0.4030650940
0.4781073512
0.2640820507
0.4938809577
0.4400120172
0.4700792147
0.5148073858
0.4223054669
0.4968699050
0.4294563966
0.3372647735
0.4152240503
0.4259739684
0.3813056525
0.5322569255
0.4364733715
0.6297618958
0.4056598594
0.5279012186
0.4152548173
0.4445251592
0.4263364784
0.4816184112
0.4765989691
0.4243713523
0.5861639947
0.2768036442
0.4813449648
0.4542101240
0.5059219621
0.4505836889
0.4404316707
0.4887508464
0.4790950470
0.4561386494
0.4363984840
0.5268294697
0.4282315939
0.4486312486
0.5110511885
0.3850484867
0.4145526905
0.5048928370
0.3583095089
0.6196725791
0.4568507977
0.6025809350
0.5400798124
0.5210217256
0.5584223533
0.4785223119
0.3974255883
0.6504342743
0.4008611299
0.4939288238
0.4912991461
0.5199985523
0.5404736214
0.5406417024
0.6387255542
0.4733141667
0.5351510731
0.6095478258
0.4428458570
0.5874581850
0.5878026917
0.6251699732
0.4866946733
0.4212917958
0.6765018384
0.5776955800
0.5987539098
0.6322764601
0.5412805602
0.6246950226
0.5011985195
0.6399279792
0.6003506858
0.5746628039
0.6933513721
0.4691823617
0.5544533268
0.4853884318
0.4971946937
0.6984869823
0.6130437904
0.6357561731
0.5983183284
0.6919187416
0.6261241440
0.5663011446
0.6049076980
0.6612906395
0.6123975059
0.5863439785
0.6652462106
0.7710759276
0.4710049165
0.6144674121
0.6891886012
0.7363298861
0.5444371232
0.7128124135
0.6010286304
0.5888193541
0.5800215425
0.6433456164
0.6352981675
0.7856776996
0.8752718031
0.5237859084
0.6181270930
0.5069071912
0.6841524216
0.7458126051
0.7268539154
0.6211129132
0.6806072141
0.6881686130
0.6036685170
0.7434121550
0.7201747029
0.6890566559
0.8082180460
0.7356814351
0.6325686866
0.7050487793
0.7633783253
0.6855378307
0.7338673794
0.5966830477
0.6154986300
0.6685816184
0.6707270359
0.8232537521
0.7394412910
0.8655180273
0.6823501134
0.7113628369
0.5922781621
0.5237750871
0.6683162439
0.7422453456
0.8042605358
0.7372345748
0.4788800138
0.6549932587
0.8406438819
0.7109307507
0.8286047862
0.7346182878
0.7636450318
0.9071017551
0.6355334158
0.6984357270
0.8218021175
0.6807752487
0.7652590052
0.7133639047
0.7588792874
0.6152979746
0.8237422887
0.7049544605
0.5876451764
0.6495912744
0.6959468097
0.8048641004
0.7197182118
0.7233186537
0.7402422480
0.7727461924
0.8938735166
0.7254479583
0.7764210011
0.8316095675
0.7104571078
0.7697630794
0.7767013539
0.8089055469
0.8888941218
0.8146423201
0.6967909056
0.7436238031
0.7247014758
0.6866359106
0.7988697894
0.7107538825
0.8432449654
0.8345226312
0.8176720906
0.8135223597
0.9585411668
0.8310503506
0.9842246734
0.8557650137
0.6338266158
0.7894634044
0.7863014751
0.8653035425
0.7956040690
0.7998664368
0.8348785358
0.8807715263
0.7190385841
0.8193381875
0.9760697979
0.8518000556
0.9416412112
0.8370232801
0.9247099705
0.9179227182
0.7007952300
0.7647336237
0.8442528311
0.9496464085
0.8419080942
0.9671287954
0.9682085592
0.8285563950
0.8246232692
0.7545894927
0.8407754524
1.0713653485
0.9929096337
1.0016578592
0.8125979324
0.8870645923
0.9641271103
0.9713964581
0.8315560755
0.8984133405
0.8324825471
0.8892100263
0.8697168481
0.8171700049
1.0015563548
0.8757113908
1.1897414034
0.9858032195
0.8282824578
0.9594282063
1.0754599660
1.0311644976
0.9156303890
0.9003939218
0.8727681743
0.9912268886
0.8642200475
0.8895746239
0.9712910790
0.8243534027
0.9336523089
0.7916279249
0.9820132778
0.9681889646
1.0919520400
0.9955329194
0.8883278725
0.9078836195
0.7975780637
0.9357884346
1.0817490279
0.9340586256
1.0795913980
1.0651500905
1.0602470921
1.0725553812
0.9935587299
0.9378613401
1.0070493691
1.0024135038
1.0467809201
0.9109364950
1.1060177506
0.9674895212
1.0136975659
1.0800959741
1.1470391082
1.0265310840
0.9738503216
1.0612367370
0.9171162030
1.0207439368
1.1219748687
1.1086037548
