-0.9815966271
-0.9394048603
-0.9858220355
-0.9904823692
-1.0344430310
-0.9240128487
-1.0510854339
-1.0078543647
-0.8976394041
-0.9343185172
-0.9561285025
-0.9314008217
-1.0045533431
-0.9741479471
-1.1092731069
-0.9358663620
-1.0155606956
-0.9102540330
-0.9630351547
-1.0783484494
-1.0626954222
-0.8601283814
-0.8312686909
-0.9004807476
-0.8736656229
-0.9309155350
-0.9985683699
-0.8747818802
-0.9406305034
-1.0543153291
-0.8708613653
-0.8303334393
-0.9208108580
-0.6195413725
-0.9302727692
-0.8305918688
-0.7990604737
-0.9565994686
-0.8943899877
-0.9338019157
-0.9577513702
-0.9733167413
-0.7968783396
-0.9347197939
-0.9998049984
-0.8569604971
-0.7477455196
-0.7387389764
-0.9173381474
-0.9138213522
-0.9575655209
-0.8699042102
-0.7522011694
-0.8132681733
-0.9533382888
-0.9910913820
-0.8098144451
-0.9306612849
-0.8485009541
-0.9396617804
-0.7916461541
-0.9005131642
-0.8604858527
-0.8220417203
-0.7478501761
-0.8320203752
-0.9543246157
-0.8447478572
-0.9587777166
-0.8653305260
-0.8480444398
-0.7921109786
-0.8601046990
-0.8680204230
-0.9788005125
-1.0655540278
-0.9279609397
-0.8772536304
-0.9637878502
-0.9796975665
-0.8774082387
-0.7429906127
-0.7413648036
-0.8531734325
-0.7047921606
-0.8032741990
-0.9089383946
-0.8514553733
-0.8190448779
-0.8137502471
-0.9126571095
-0.7935043556
-0.8344805461
-0.9090892371
-0.7815423436
-0.7068189236
-0.7935612352
-0.8485369643
-0.8964836256
-0.9042562457
-0.8783129069
-0.8387936528
-0.7738426315
-0.7117485887
-0.7776680754
-0.7024152764
-0.6480121884
-0.7653701351
-0.7655804880
-0.8072953853
-0.7115213524
-0.8065509552
-0.7737297355
-0.7166170135
-0.9060361285
-0.6567007474
-0.7609158045
-0.7842260232
-0.6367886405
-0.8302743679
-0.6846337499
-0.7093319864
-0.6807120154
-0.7075517043
-0.6167173848
-0.8472818777
-0.6975399833
-0.7455737828
-0.9105293207
-0.7776838254
-0.7338149845
-0.6342585451
-0.7738617011
-0.8070710278
-0.7947081526
-0.6651857381
-0.6727873652
-0.7843261152
-0.8169742516
-0.8804281297
-0.6765296602
-0.7941151039
-0.6099108259
-0.7570931101
-0.6062088436
-0.7285509671
-0.6041215183
-0.7130338214
-0.8848192424
-0.6350242460
-0.5301212133
-0.6766226865
-0.8633260230
-0.7652978810
-0.6834791381
-0.7632572071
-0.5780703736
-0.7712891372
-0.7501660753
-0.5984755158
-0.7600123132
-0.7642174017
-0.7230688003
-0.6505526236
-0.5253441799
-0.6232076169
-0.6160302609
-0.5951511896
-0.6236339562
-0.7035410713
-0.7162282826
-0.6012345152
-0.5982308691
-0.6610632449
-0.6442061282
-0.5910335730
-0.5556135391
-0.7117108025
-0.7017400308
-0.5755668652
-0.6825237267
-0.6279486914
-0.6415254558
-0.6780503792
-0.5616560215
-0.5904251586
-0.8246632225
-0.5091054195
-0.6567601259
-0.6046009066
-0.6201900725
-0.5286749946
-0.5770572344
-0.6274121519
-0.7231478722
-0.7398162202
-0.6533501365
-0.7276478960
-0.6274087289
-0.5665328285
-0.5483205448
-0.6843190950
-0.5333580203
-0.6205919378
-0.5319160929
-0.6251906403
-0.6431922649
-0.5775399777
-0.5654995124
-0.5187251967
-0.5567641746
-0.4685071907
-0.4666295398
-0.6306425378
-0.5838150626
-0.6167668359
-0.4451865707
-0.5708489854
-0.6370737117
-0.6542111946
-0.5653304604
-0.4316730519
-0.5589267768
-0.5569973984
-0.5677908736
-0.5398890518
-0.5735850988
-0.6093695492
-0.5079705320
-0.7278622332
-0.4967166015
-0.5258663622
-0.4059062584
-0.6248175032
-0.4750809397
-0.6237776489
-0.4432459542
-0.5596424719
-0.5063523694
-0.7271468939
-0.6507069242
-0.6239681994
-0.4794975325
-0.6415494974
-0.5744227591
-0.5695651375
-0.3936477924
-0.4810668491
-0.4183492483
-0.4864437807
-0.4467438287
-0.4881157994
-0.4411298488
-0.4972068146
-0.4001661746
-0.5137968653
-0.5894636800
-0.4532731541
-0.4188030245
-0.4517591796
-0.4657383363
-0.5102998876
-0.3118464480
-0.5437023947
-0.4472869265
-0.5369746576
-0.4937948308
-0.4526867837
-0.5398701784
-0.5217760275
-0.3301900549
-0.4066607921
-0.4820414942
-0.5766219192
-0.4891765795
-0.4943259805
-0.3515847917
-0.3205394888
-0.5968058248
-0.4165084959
-0.4113498054
-0.4542326876
-0.3897044847
-0.4053486299
-0.3686421782
-0.3558494345
-0.3844105943
-0.4751347534
-0.4812745134
-0.3563741466
-0.4272044347
-0.4255243156
-0.3029607383
-0.3425885116
-0.4970941525
-0.5411503982
-0.3828167241
-0.3139529109
-0.3976820035
-0.4673409230
-0.4041031596
-0.3621682382
-0.4304774722
-0.5533615324
-0.3861809580
-0.5845395867
-0.4213707210
-0.3043474662
-0.3418712694
-0.3917526163
-0.5081127278
-0.5157134279
-0.3453821455
-0.4478472585
-0.2272462408
-0.4198433427
-0.3392691203
-0.4064145232
-0.3711911793
-0.3527210273
-0.2989877983
-0.4142720400
-0.4373155356
-0.1957257071
-0.4362261889
-0.4083262156
-0.4013238122
-0.4390133541
-0.2627811980
-0.3054773148
-0.1915811025
-0.3150676462
-0.2809013869
-0.3243298984
-0.3601867915
-0.2914282008
-0.2307845621
-0.3031878245
-0.3042662141
-0.2822430058
-0.2899138602
-0.2179703085
-0.2725836743
-0.4560899906
-0.2852029170
-0.3518645263
-0.2601948190
-0.3958686152
-0.2417816255
-0.3773994934
-0.2809943008
-0.4154686774
-0.3633859782
-0.2978293453
-0.3972241755
-0.2743188532
-0.2457111232
-0.2952028921
-0.2604548081
-0.3621102370
-0.2165577341
-0.4134749321
-0.2177531299
-0.2270534331
-0.2217720806
-0.1813849328
-0.3928681024
-0.2762179701
-0.0938888147
-0.3650459678
-0.1819203004
-0.2697758564
-0.1036394141
-0.3043238335
-0.2194868725
-0.2015965401
-0.3271429889
-0.2509726482
-0.1316590208
-0.2613198261
-0.1554494307
-0.1310584472
-0.1714382634
-0.0886641282
-0.2357692896
-0.2149966654
-0.2425589664
-0.0751604907
-0.3205791545
-0.2893716203
-0.1344045133
-0.2686944741
-0.2935223921
-0.2336589053
-0.2381843315
-0.1837458269
-0.2795486361
-0.2459880268
-0.3096848683
-0.1953364454
-0.2761495819
-0.1878713538
-0.1834229115
-0.3402730148
-0.0697912983
-0.2059368105
-0.0613073985
-0.2527218988
-0.3524198035
-0.1871953620
-0.0619603336
-0.2243641304
-0.1089187704
-0.2088456457
-0.1142261724
-0.1803520162
-0.2846013739
-0.0099959936
-0.2162577993
-0.2604282087
-0.2773643556
-0.1928990690
-0.0749162597
-0.3231630280
-0.0802984016
-0.2501349919
-0.1824307467
-0.1621475608
-0.2182077118
-0.0138739820
-0.2249029651
-0.2524315292
-0.1789078607
0.0191274442
-0.0379710430
-0.0658640074
-0.1588261661
-0.0586483711
-0.1395413818
-0.0624245801
-0.0479454159
-0.1533256432
-0.1828646340
-0.2180264514
-0.1864279822
-0.1024736073
-0.1407747342
-0.0888505233
-0.0156830571
-0.1641997760
-0.1470175685
-0.1641706374
-0.0029035306
-0.1190524185
-0.0517968607
0.0631744795
0.1222537613
0.0058925669
-0.0475255699
-0.0971426389
-0.0277880497
-0.0987552225
-0.2330422448
-0.0395833932
-0.0770343782
-0.0272008917
-0.0470894942
0.0657618790
-0.0036580512
0.0006408360
0.0459145846
0.0078098413
-0.1287493105
-0.0359025471
-0.0087519805
0.0110927797
-0.0581413541
0.0630125210
-0.0551662567
-0.1483477060
-0.0526241248
-0.0708907619
-0.0856520702
0.0879389037
-0.1618175350
0.0495955540
0.1060627648
-0.1240807652
0.0777838297
0.0376438438
0.0550134255
0.1052443957
-0.0290387314
0.0688384547
0.0428888571
0.0046973891
-0.0195864287
-0.0075521728
0.0290521845
0.0510256812
0.0209745348
0.0624058356
-0.2071069660
0.0531579705
0.1308883764
0.0028979931
0.1477942002
0.1251483610
-0.1406018877
0.0474091300
0.1422651061
0.1388529779
0.0317120912
0.0153633977
0.0601322201
0.2181351213
-0.1138431785
-0.0239423673
0.0599540208
0.0492178566
0.1931234280
-0.0160799700
0.0541610235
-0.1342410737
0.1986959639
0.0122481370
0.0199812341
0.0200456332
0.0091000827
0.0865443505
0.0614352631
0.1615467856
0.1202843275
0.1847192177
-0.0325352178
0.0353375814
0.0939095511
0.0028318041
0.1049762522
0.0634141077
0.0491278973
0.1006411080
0.0593249957
0.1269534199
-0.0078502198
0.0217187433
0.1844510971
0.0627876670
0.0968111319
0.1185882202
0.2682228622
0.1043544673
0.1985604647
0.0711913383
0.0735349686
0.1031148491
0.1359888374
0.1603593433
0.1637167356
0.1685050369
0.0863582504
0.2524953768
0.1188181485
0.0001126118
0.1351594643
0.1366750903
0.0862035073
0.1597588419
0.1367351892
0.1477755792
0.0650073699
0.0967493174
0.1402300032
0.2691219576
0.0921256760
0.1326347454
0.1752845852
0.1749844126
0.1929673443
0.1203805602
0.1454584858
0.1908973187
0.0317355267
0.1280308003
0.1339788618
0.1252159553
0.1598267642
-0.0342645246
0.2463988418
0.2784653978
0.0691926375
0.2393131602
0.1209025164
0.1020375672
0.1378506816
0.3494990691
0.2203893757
0.2210060113
0.3258692480
0.2117170854
0.1642907280
0.2636249421
0.0260844681
0.2894265205
0.1843219223
0.2060881563
0.2762922713
0.3454715176
0.2707095308
0.2383740311
0.1750147257
0.1939670081
0.0827583147
0.2514418651
0.2160341680
0.3037523782
0.3235491708
0.3494888382
0.1060547237
0.0888298997
0.3258829107
0.2837746151
0.3548272457
0.1928359731
0.1412589656
0.2812584462
0.1832836214
0.2488490228
0.2653057941
0.2462629999
0.2091257017
0.2904106368
0.3290897472
0.3538982045
0.3597013817
0.2241129162
0.3087440602
0.1978861049
0.1567750142
0.1469773682
0.3465175927
0.1032721777
0.3981221240
0.1991516288
0.2765203996
0.4213288218
0.2201970376
0.4007893044
0.3943183121
0.3949656866
0.2717857119
0.1067202048
0.2727895733
0.1684052957
0.2616640437
0.2428804164
0.3028501020
0.2993309316
0.2788913789
0.3899107925
0.4040812867
0.3861420148
0.2775437050
0.5074195294
0.3092174406
0.4624784279
0.3523410289
0.2341915660
0.3816464728
0.3580300082
0.3085505023
0.4072681587
0.1870483694
0.2705270945
0.3696927007
0.4502879873
0.2983609880
0.3810925278
0.3495314836
0.2570105252
0.3425768832
0.4285968587
0.3004766881
0.3414168150
0.3690172122
0.4819509762
0.2473190382
0.1801952435
0.3971875578
0.4038107068
0.4441917382
0.2523936922
0.2783648233
0.3732823815
0.4199634719
0.3636716954
0.2875406471
0.4628843797
0.3265445415
0.3166676154
0.4144903509
0.4698259667
0.3502980986
0.3671042819
0.4071883646
0.2586273314
0.4464752256
0.4980032998
0.4567215701
0.3792259276
0.4016700667
0.4256966751
0.4959903567
0.4111750940
0.3949918042
0.5096056787
0.4592663850
0.3693095262
0.4805621678
0.4086420385
0.4195284722
0.5166861415
0.3900946064
0.4697217582
0.5008832067
0.3482056173
0.4521223084
0.4391856554
0.4942816729
0.4495699471
0.4514199053
0.4340989500
0.4376619209
0.4320421692
0.4444573494
0.4582031273
0.4893704666
0.3635938860
0.5286101400
0.4839005976
0.3126912406
0.3866756713
0.4450711817
0.4075000738
0.4128892501
0.4980390530
0.3472122518
0.4534867318
0.3741831033
0.5203196507
0.4704240028
0.5515962449
0.5877187453
0.4354537604
0.5388681570
0.5765231623
0.4149077491
0.4755847672
0.5533004279
0.6659558882
0.4442425539
0.6100475539
0.6130169232
0.4939164211
0.5474264218
0.6027810098
0.4443975000
0.4510098962
0.5601362437
0.4888230823
0.5176804370
0.4900042143
0.4763408249
0.6379600459
0.5146462973
0.5608099956
0.4347435668
0.5828270287
0.5332484284
0.5779265965
0.5179786077
0.6090687065
0.5446764613
0.5913676548
0.4409192830
0.6456066616
0.5166806321
0.4955261127
0.4564773715
0.7107378021
0.4805421571
0.6045396270
0.6009271303
0.7082466830
0.7334630583
0.5630986332
0.4720898563
0.5971916801
0.5401532315
0.5860755357
0.6196199286
0.5399370077
0.7734970662
0.6644222474
0.5680162287
0.6046283935
0.5882489812
0.6657510725
0.6090931454
0.7094673196
0.7735470610
0.6035397389
0.5816218388
0.5898621342
0.7165355456
0.7907562544
0.6017037399
0.6147861173
0.6423481197
0.5924181522
0.7701844334
0.6172028555
0.6302973007
0.6033853217
0.8015214346
0.7018674456
0.6743574207
0.6210918026
0.6257644001
0.8027825539
0.7430019155
0.6667131670
0.6674896655
0.5393256384
0.7386548818
0.6299698667
0.6572135199
0.7639413667
0.6167906298
0.6680526734
0.6987423433
0.7135824410
0.6586334172
0.8461851198
0.6464669964
0.7129230904
0.7242235006
0.5515698157
0.8037187343
0.7572928897
0.6419145737
0.6652859231
0.6290031403
0.6614094151
0.6376784935
0.6601867605
0.8000581189
0.7403795822
0.6968802151
0.7796561063
0.7581301491
0.7638839515
0.7524841474
0.7932344406
0.6880909236
0.7354196704
0.6274146976
0.8147483792
0.7153778967
0.6123684782
0.7624235667
0.6967277160
0.8634582525
0.7710112091
0.8312436733
0.7235213268
0.7156732173
1.0173405940
0.7271009412
0.8474036894
0.7313762145
0.8288454885
0.7449011431
0.7040542212
0.7662411064
0.8644814036
0.6197495757
0.6603915263
0.8444909094
0.8896664724
0.8564989423
0.7077018653
0.8313217764
0.7513413202
0.8512361967
0.6754162685
0.8774395463
0.8078300064
0.8721385993
0.8913612086
0.7834784754
0.7923887969
0.8366712880
0.7026751639
0.8037014221
0.8972823170
0.8144672692
0.8105565906
0.7956258874
0.7974648039
0.6763115834
0.7791413034
0.7948402833
0.9316926885
0.7787125918
0.8052207693
0.8954339808
0.8377451936
0.8546356494
0.7890743078
0.7029493763
0.7733778209
0.7217450196
0.8645049003
0.8484255406
0.8117862838
0.9751297981
0.7575457230
0.8637999753
0.7425793922
0.8809401866
0.8611749877
0.9005577547
0.7746668118
0.9610243991
0.8570824088
0.9431694255
0.9363467132
0.8080076496
0.8528799257
0.9450322087
1.0797178458
0.9376157653
0.8894712853
0.8491795999
1.0107402720
0.8156737299
0.8533993693
0.9468104479
0.9711530022
0.9434689739
0.9681355938
0.8655328261
0.9960287711
0.8565834581
0.7781773097
0.7952656205
0.9526872186
0.9577158746
0.8339998601
1.0441032767
0.7244860647
0.8566049574
1.0448744242
0.9893305392
1.0823148370
0.9737501149
1.0200612957
0.8703287353
0.9740319890
0.9192893784
1.1788836628
0.8846994833
0.8473622626
1.0958834808
1.0173571174
0.9966283169
0.9848830633
1.0444740569
0.9356502631
1.0095194765
1.0310470414
0.9647267356
0.8326601323
0.9714965218
0.8646542588
0.9083014533
0.9823241564
1.0956672245
1.0048428280
0.9960385477
1.0326008093
1.0004711939
0.8824408041
0.9481981232
0.9591420399
0.9973019211
1.0025671003
1.0906718536
0.9813605682
