-1.0097696811
-0.9901511023
-0.9966409062
-1.0324030664
-1.0328180509
-1.1527884566
-1.1184484368
-1.0016164508
-1.0442800353
-1.0310342384
-0.9385644113
-1.1250937542
-1.0610749511
-0.9683365440
-0.9437597794
-0.8796762082
-1.0730341211
-1.0243154999
-1.0110642423
-0.9410550097
-0.9773994015
-0.7748111836
-1.0585297525
-0.9182127091
-0.8942760061
-0.9333510091
-1.0456124652
-0.9841843807
-0.9795855962
-0.9906655125
-0.9061139933
-0.8982837850
-0.9759793966
-0.9211906332
-0.9639152618
-0.9248850324
-0.9589055342
-1.0910087746
-1.0743835312
-0.9924633091
-0.9246004704
-0.9041381779
-0.9101097868
-1.0408302342
-0.8432458536
-0.9292469471
-1.0316827406
-0.9373234152
-0.8169616321
-0.8293021525
-0.9530421161
-0.9093311998
-1.0083969501
-0.8871795215
-0.9041518636
-0.9470662800
-1.1453156563
-0.9301766655
-0.8850587447
-0.8941860584
-0.8497250368
-0.9552850691
-0.8196805704
-0.8930379581
-0.8653686106
-0.8359126279
-0.8682711402
-0.9059575728
-0.8463690547
-0.9109370688
-0.7471265334
-1.0621573645
-0.8705921571
-0.7895041253
-0.6817952969
-0.8551941467
-0.7136611687
-0.8302591195
-0.9103263641
-0.9390438165
-0.9685547858
-0.8897765502
-0.7491339607
-0.8092139083
-0.7587539110
-0.8461495325
-0.7879230997
-0.7141188003
-0.8400275468
-0.7394910065
-0.7994184076
-0.6732966909
-0.8097664907
-0.9646151921
-0.8353253432
-0.8416709497
-1.0349041088
-0.6896223614
-0.8246596870
-0.7124259164
-0.7920276061
-0.9246764043
-0.8045887308
-0.8705653116
-0.8000451487
-0.8104997508
-0.8155510202
-0.9073804009
-0.8512684138
-0.9174956241
-0.7031898736
-0.8484032063
-0.7883859319
-0.6718239051
-0.7371409822
-0.8524910319
-0.7728577734
-0.8619219750
-0.7278202641
-0.8335963018
-0.7482633784
-0.6608141953
-0.6973697549
-0.7605391775
-0.7017293328
-0.7931362640
-0.7620663828
-0.7036942503
-0.8261681556
-0.7326809787
-0.7174320583
-0.6049881942
-0.7090785043
-0.8754061337
-0.8580967538
-0.7311575089
-0.6555824049
-0.7507611891
-0.6453503115
-0.9044996280
-0.7847964629
-0.7314553108
-0.7792339886
-0.6128075278
-0.6185856988
-0.8079321541
-0.6945015002
-0.6607944770
-0.7107328214
-0.6168854280
-0.5835681210
-0.8629796170
-0.8602105626
-0.6761648210
-0.8755149723
-0.7033517349
-0.6582591675
-0.6579373529
-0.7114232044
-0.7826611518
-0.7738410213
-0.7847779413
-0.7594928745
-0.6609911742
-0.7309143500
-0.4847852298
-0.6890197023
-0.5148752246
-0.5967520230
-0.6534479129
-0.6851115883
-0.7351888401
-0.6076111587
-0.8277489909
-0.5973464939
-0.7614502817
-0.6793924234
-0.8873178742
-0.7022424795
-0.6539381960
-0.6294192505
-0.5744332945
-0.5043823797
-0.6363586528
-0.4651051066
-0.7370752766
-0.6246597487
-0.7116121523
-0.5477904366
-0.8665884868
-0.6083785579
-0.6876376575
-0.6916748775
-0.6012934578
-0.5713061079
-0.6186383938
-0.7911610523
-0.6120484727
-0.6583005704
-0.7008648512
-0.5014077906
-0.6515905833
-0.6630896121
-0.7186296244
-0.5911032340
-0.6428744350
-0.5406026974
-0.4909741319
-0.4393895777
-0.7429775012
-0.5725867547
-0.5410483310
-0.6589614782
-0.5549886295
-0.4717111328
-0.6598587189
-0.6023788782
-0.7194574444
-0.4970019226
-0.6003724593
-0.5819264580
-0.6275625729
-0.4424903671
-0.5544500366
-0.4125553005
-0.4940973184
-0.4976073619
-0.5518768881
-0.5935533824
-0.4750015361
-0.4303953742
-0.5823880629
-0.6322929664
-0.6176195373
-0.5088991069
-0.5678240263
-0.6391255151
-0.5363014505
-0.5716498785
-0.6325981334
-0.5918781240
-0.4747730040
-0.5701658200
-0.5419554383
-0.6460569236
-0.5407373588
-0.5623111788
-0.3626059078
-0.5012634264
-0.6327350514
-0.6215268097
-0.5642719237
-0.4680029614
-0.5771357916
-0.4420168362
-0.5113636644
-0.5952937976
-0.3966131937
-0.3984675302
-0.6001018896
-0.3805979086
-0.4424106151
-0.4762705213
-0.4297143180
-0.3492676010
-0.4807530766
-0.5003016933
-0.3113327600
-0.3148723502
-0.3361862183
-0.4657173476
-0.4637780508
-0.4148816301
-0.4766508333
-0.3977617308
-0.4937342435
-0.4396964103
-0.4036385797
-0.4278820495
-0.4411094808
-0.4294171160
-0.3364219449
-0.4331951685
-0.4709398269
-0.3946487958
-0.2946117977
-0.4156042104
-0.5347938857
-0.5247880257
-0.3531432105
-0.4326951109
-0.4275879150
-0.3243936169
-0.4825953350
-0.4320517431
-0.3898592979
-0.4645757873
-0.5042388906
-0.4190787026
-0.4037024907
-0.4034802001
-0.5225165455
-0.3799558194
-0.2634993474
-0.5265877226
-0.3369703730
-0.3394546589
-0.4041315858
-0.4426650862
-0.4439575947
-0.3252540661
-0.4371072091
-0.3874122198
-0.3994506673
-0.4391321420
-0.3633139483
-0.5139632965
-0.3994249792
-0.1562653479
-0.3429521462
-0.2301826510
-0.4123406027
-0.3912145971
-0.2942960959
-0.5295992851
-0.3242879175
-0.4409544889
-0.3629992374
-0.2562233721
-0.4720231733
-0.3461258799
-0.2516185573
-0.2212730853
-0.3684492674
-0.4064335612
-0.3578067807
-0.3485395195
-0.3578615960
-0.1787120707
-0.4112923526
-0.3292604663
-0.2051245673
-0.3064180224
-0.3384649084
-0.6071619400
-0.4086462472
-0.3538075866
-0.3089159170
-0.1742756786
-0.2509504607
-0.1027939478
-0.3667271569
-0.3649832544
-0.3449329296
-0.4038617287
-0.3945670438
-0.1726463301
-0.2861645391
-0.3767909645
-0.1506845463
-0.2579418349
-0.3511170043
-0.4072738960
-0.1224054249
-0.2231290809
-0.2392262249
-0.2905431461
-0.2926374646
-0.2094369280
-0.2681579922
-0.2815554831
-0.1852366783
-0.2961805490
-0.1845368603
-0.2299093032
-0.2685657720
-0.2345927215
-0.3137819595
-0.2567222846
-0.2755649726
-0.2262138230
-0.3010333306
-0.3387635445
-0.3168048443
-0.2459375065
-0.2089084803
-0.2025029997
-0.1735574329
-0.1787630005
-0.1363461098
-0.2999111425
-0.2196145092
-0.1367346014
-0.1947256931
-0.1995416647
-0.3042563737
-0.2323196011
-0.2355719390
-0.3215113898
-0.2665165406
-0.3298430992
-0.2389500756
-0.2571481650
-0.2326913829
-0.2666154546
-0.2267110819
-0.2211041233
-0.3314812222
-0.2268829683
-0.2031827909
-0.0581541939
-0.3002455717
-0.0956322739
-0.2576613596
-0.0463090538
-0.0862858835
-0.0120963219
-0.1432770724
0.0361658785
-0.2383776636
-0.1237088678
-0.1967424704
-0.0368609172
-0.1854590242
-0.1825417772
-0.1515047771
-0.0292452083
-0.1166870069
-0.0916329791
-0.2148471900
-0.0676976264
-0.2561230401
-0.1068307216
-0.1525296294
-0.2151947790
-0.1278637454
-0.1129285619
-0.0538841236
-0.1056287681
-0.2483632431
-0.1526933487
-0.0397165745
-0.1873463633
-0.0686175210
-0.1165163724
-0.3086001858
-0.1213475224
-0.1329949571
-0.1294717245
-0.0566571152
-0.2285116016
-0.0520571625
0.0111676281
-0.2021887969
-0.0925211246
-0.1196979306
-0.0251251180
0.0661077633
-0.0649884240
-0.0782716463
-0.1176457392
-0.0973430376
-0.1386850894
-0.0230196758
-0.0247571457
-0.1058642669
-0.2261260134
0.0087337636
-0.2476645308
-0.0024199829
-0.0326170204
-0.1059263428
-0.0015265407
0.0133110395
-0.2055602059
-0.1383151692
-0.0318525467
0.0170672536
0.0554440228
-0.1213363264
0.0782639572
-0.0697943976
-0.0247153920
-0.0487072489
0.0714541456
0.0012209367
0.0009478382
-0.0654028867
0.0965389127
0.0155115994
-0.1089249493
0.1128292848
0.1040341576
-0.0129015542
-0.1214661264
-0.0356338430
-0.0426979959
0.0136908965
0.0357200330
-0.0561994787
0.0457150367
0.1067627388
-0.0197084419
0.1044901340
-0.0216025353
0.0039185390
-0.1271443553
-0.0744723738
-0.0283628421
0.0323894807
-0.0774051662
-0.0064821338
0.0482318636
0.1820638339
0.0535338308
0.1824092006
0.0235479796
0.0036016648
-0.0410788442
0.0795804516
-0.0047252704
0.1203648770
0.2058811149
0.1256389768
-0.0582752937
-0.0371342214
-0.0098019334
-0.0670769174
-0.1154254960
-0.1480044550
0.1096253301
0.1420556759
-0.0397931438
0.1204397744
0.0984754428
0.1067295278
0.2018607337
0.1443192938
0.0409543249
0.0675256244
-0.0417842521
0.1486017119
-0.0469298802
-0.0109948931
0.0222240846
0.0816978021
0.1529526259
0.1623084917
0.1045726380
0.0679163504
0.0038683505
0.0338320580
0.0918040308
0.0031596523
0.0604883333
0.0879398658
0.2476135153
0.1522830720
0.1586324162
0.3598405569
0.1680306391
0.1144399000
0.1877140499
0.0441890128
-0.0002384121
0.1819471329
0.2231855136
0.1119463999
0.2395348436
0.1632943969
0.1179824683
0.1285065460
0.0314371481
0.2122954528
0.0870389777
0.2227114803
0.1396818617
0.2349724560
0.0508883599
0.2520001489
0.2068140814
-0.0493151057
0.1219698568
0.0040299543
0.1568282392
0.1299765152
0.2236135514
0.3753392010
0.1333055875
0.0857813535
0.1474492520
0.0311136185
0.0848212061
0.1984653602
0.2286235100
0.3063558745
0.1715239643
0.1567310536
0.2978856801
0.2112662862
0.1643182501
0.1238651675
0.2508322772
0.2688767960
0.3917510795
0.2261501994
0.2888830311
0.3324748397
0.0657218279
0.2169069003
0.1766571154
0.2785164170
0.2491477758
0.1139914819
0.1141681123
0.0953607248
0.1725920162
0.2556639870
0.2401593398
0.3068287792
0.1501579642
0.1865135449
0.2649077274
0.3134874653
0.1070878777
0.2336737420
0.1866012332
0.1858867916
0.1441156481
0.2408873418
0.1430927854
0.0939630026
0.3400420841
0.3598665987
0.2157720069
0.3393093766
0.2462557604
0.1426805631
0.2082306767
0.2910651902
0.3958536823
0.3244755091
0.5232871724
0.2818684641
0.3359841518
0.3354105779
0.2597048630
0.3790244884
0.3237539525
0.3816716982
0.4789592264
0.3363209099
0.1757946122
0.3421933829
0.3475104138
0.4300484595
0.3147805044
0.2690204286
0.4645978286
0.3373116481
0.3905092992
0.3935741584
0.2992643035
0.4764393178
0.3327075429
0.4230408589
0.3342110970
0.1627063593
0.3161954301
0.2902856724
0.3973292882
0.1520215477
0.4563657631
0.1615373789
0.4200150643
0.2763202588
0.3037564592
0.5031111596
0.2999739402
0.2256904579
0.3423596780
0.4167475151
0.4234467354
0.3625086484
0.4348897230
0.4466977219
0.3141092420
0.4400077865
0.3213150552
0.3683366865
0.3904066471
0.2925620048
0.4311702498
0.3959393682
0.2513137418
0.3700561041
0.4020956879
0.3974994140
0.4743274082
0.3127943017
0.3763002923
0.4173562153
0.4774797273
0.4536568005
0.4458604846
0.4690655746
0.4942948425
0.4765443157
0.3165207462
0.5358979352
0.5435904102
0.4735626714
0.4317044277
0.3400571839
0.4417150871
0.5091394617
0.3600412823
0.4308121509
0.4320364818
0.5671098654
0.5725501649
0.4349344931
0.3846680047
0.3522884693
0.4816405795
0.4648726549
0.5112426157
0.5145033495
0.5526847155
0.5422372948
0.3934921992
0.4668948926
0.5155892711
0.3890653967
0.4830704088
0.5065521718
0.5569874599
0.4815786210
0.3355714710
0.3772359090
0.6204385922
0.4412010429
0.5567179172
0.5928115037
0.3126502127
0.3804754072
0.5493909476
0.7112456150
0.4878810019
0.4740578950
0.4234660082
0.5575808442
0.5130864723
0.4694586764
0.4580787093
0.5447722527
0.3005557705
0.4102023537
0.5692223703
0.7649227572
0.5810883427
0.4743615429
0.5436110813
0.5075744373
0.6479848612
0.5728175513
0.4595733667
0.4253197840
0.5959236998
0.5520384178
0.5268917528
0.6304167022
0.5299147847
0.5769825124
0.7140239855
0.5821188107
0.5703359326
0.6283019233
0.5455869039
0.4256612137
0.5888194795
0.6980419316
0.6493156738
0.5033686610
0.5758824468
0.5232694622
0.5435393559
0.7364050935
0.5807987305
0.5819929179
0.7173370918
0.5585914248
0.4553076189
0.6460554512
0.6334385597
0.5963830625
0.5264642326
0.8316616088
0.7445430505
0.7225660149
0.6636785308
0.5616724049
0.6989882130
0.5370575342
0.6585519670
0.6223837242
0.6730836301
0.5659729655
0.6391789343
0.5862214140
0.6661386566
0.5866496754
0.6065944213
0.6598134379
0.6725755665
0.6716090140
0.7179223433
0.5374869338
0.5620200136
0.5963608446
0.6341064703
0.6116768191
0.6337936362
0.5944981266
0.6965027776
0.5880952994
0.6471057217
0.7287836342
0.5391925541
0.5937754012
0.6956125364
0.6013467818
0.5740092948
0.6439631665
0.5244143597
0.5180391581
0.7005628491
0.6592218941
0.8734072166
0.5783285746
0.5735487564
0.5763987432
0.6302106225
0.6285478428
0.6367612384
0.6980120803
0.6898614658
0.6831137177
0.6757469168
0.6025228133
0.7277112447
0.8540387990
0.7330353189
0.6182474747
0.7911133587
0.8476844872
0.7577996208
0.7171318129
0.8024520075
0.7240387900
0.7253305915
0.7743997820
0.7537209853
0.6325280021
0.8318312490
0.7959894539
0.8117015581
0.7393156647
0.6478582520
0.6504738895
0.5480208375
0.7774386214
0.6789706428
0.7642359639
0.8666668256
0.8201430883
0.8010553134
0.6217869206
0.7277115042
0.8438595452
0.8671703991
0.8149877042
0.7145534293
0.7359418066
0.8009558188
0.8562967292
0.6221933623
0.7930874993
0.8007963453
0.7683782898
0.7861220040
0.7199470835
0.7780567808
0.6942434101
0.7596464401
0.8587672141
0.7801792700
0.7338443428
0.8286736882
0.7859467019
0.8701842453
0.7642626521
0.9497523921
0.8710522499
0.8436244805
0.7491236451
0.7231782895
0.8413175314
0.8590371517
0.8667104570
0.7084360745
0.6917454735
0.7342318750
0.8324283848
0.7014376888
0.8052805452
0.8098816451
1.0307734057
0.8589200738
0.8094739767
0.8157609511
0.9752481180
0.8400000533
0.9047810935
0.8991687939
1.0200353003
0.6872428352
0.9482203696
0.8111240778
0.8031003300
0.9227005040
0.7836353182
0.8183971054
0.7853192578
0.9282426308
0.9559476681
0.8483835765
0.7979079804
0.8372421046
0.9940018845
0.9039439860
0.8611047282
0.9683327293
0.9035014675
0.8925614533
0.9295889194
0.7864053105
0.7704916847
0.8935244826
0.7906995593
0.7697089285
0.8260617470
0.6736192949
0.8947420467
0.9924349333
0.9814822253
0.9413733498
0.8736898136
0.9407448216
1.0447014821
0.8893175162
1.0464007536
0.9268312044
0.9249482585
0.9373745597
0.7150670600
0.9086155609
1.1182520281
0.7432485872
0.9688487527
1.0115303193
0.8149879544
0.9767629569
0.9265858720
1.0189346730
0.9657468480
0.9698791536
0.8926260237
0.9898643262
0.9523104217
1.0729856677
0.9492412668
1.0082321528
1.0239361348
0.9714343214
0.9154917138
0.8719048251
0.8647507357
0.8311177541
0.9611986578
1.0384834285
0.9164955112
0.9263898214
0.9879631936
0.9424980312
0.9310940519
1.0293161839
1.0917917319
1.0239922832
0.9790070877
