-1.1560276931
-1.0729742136
-1.0110739771
-0.9865499764
-0.9973262658
-1.0873112634
-1.0789004549
-0.8885564047
-1.0716620643
-1.0018511936
-0.9311195787
-0.8061267908
-0.8966679344
-1.0060213768
-1.0324715107
-0.9077409553
-0.9039949648
-0.8583304146
-1.0320891747
-0.9713527223
-0.8994555300
-0.9299902738
-1.0466437198
-0.7907057839
-0.9627302735
-0.8444918505
-1.0321576045
-0.9945372333
-0.9391982287
-0.9611715219
-0.9587345542
-0.8391230271
-0.9543578647
-1.1169172899
-0.8019082827
-0.8402903019
-0.9538607276
-1.1155338397
-0.8702998447
-0.8745559133
-0.6891380342
-0.8163962360
-0.8999564266
-0.9571908858
-0.7595250258
-0.8628662429
-0.9010523874
-0.8778814183
-1.0137197887
-0.9322360743
-0.9068441094
-1.0673073343
-0.8686666017
-0.8079200736
-0.8677239379
-0.7911091661
-0.9173919216
-0.9692766972
-0.8700806088
-0.8715957510
-0.9108874512
-0.8674335524
-1.0803348164
-0.9336555378
-0.8551638945
-0.8222621413
-0.7577139553
-0.7439380818
-0.8783087816
-0.9353512093
-0.8323603624
-0.9356526603
-0.7825056326
-0.9559098431
-0.8984263573
-0.8804668226
-0.7420459590
-0.8006265266
-0.8799502588
-0.9517252259
-0.7584936148
-0.9603119304
-1.0222318254
-0.8901059084
-0.8634971960
-0.7892818654
-0.6735978987
-0.8992006322
-0.8376494706
-0.7516793656
-0.8357361884
-0.8728206746
-0.7549620304
-0.8174625432
-0.7830454538
-0.7356990302
-0.8305702384
-0.8543230251
-0.6714684752
-0.8348689431
-0.7048329407
-0.7427493273
-0.7217262885
-0.7206591558
-0.7434620906
-0.9032137812
-0.7834209639
-0.7188953848
-0.7734767799
-0.7383109259
-0.9011113644
-0.6490673166
-0.7769921538
-0.7566101436
-0.6732876160
-0.8137649281
-0.7450390692
-0.6099796751
-0.8638944779
-0.7785243478
-0.7399583347
-0.8064157246
-0.9236853778
-0.7329543660
-0.8273002262
-0.8143174216
-0.6449692058
-0.6946741633
-0.8150425702
-0.7749544807
-0.8275051769
-0.8289320668
-0.7353713598
-0.7364135003
-0.6213416314
-0.6899355138
-0.6892375096
-0.7962452362
-0.5762740383
-0.7430881770
-0.7157423947
-0.7496936203
-0.7103942902
-0.7294876461
-0.6737531399
-0.8552949649
-0.5130749476
-0.6209278262
-0.7096819543
-0.8273648621
-0.7179815516
-0.6348734553
-0.6187531020
-0.6171398139
-0.5884474126
-0.5618212700
-0.6471024752
-0.7958728237
-0.5846373166
-0.7616581711
-0.6263750626
-0.8441254992
-0.7384560361
-0.8882189571
-0.7721355808
-0.5812241533
-0.7023142569
-0.7267227596
-0.6883984134
-0.6621381822
-0.7011931042
-0.5786223916
-0.4903998828
-0.5956109383
-0.6241656233
-0.6392395056
-0.6382774164
-0.8226334898
-0.5528494962
-0.5611771981
-0.7345283835
-0.6938265115
-0.7156228070
-0.5168083117
-0.6351985129
-0.6515019886
-0.6021854331
-0.5825005955
-0.7180940028
-0.6403662382
-0.5798522712
-0.6143693708
-0.6490176161
-0.6515508799
-0.5928493093
-0.6663746954
-0.6187248670
-0.7202411571
-0.7066520851
-0.6483570676
-0.6605228082
-0.6439934635
-0.7051911904
-0.4839892252
-0.3585601966
-0.5420209876
-0.5939075644
-0.6040092646
-0.5170217815
-0.6834763990
-0.5629923590
-0.5002998682
-0.5614295285
-0.6032553111
-0.6643031539
-0.4080831764
-0.5372011530
-0.4081208126
-0.6430955240
-0.5386491602
-0.4876149732
-0.6623007815
-0.4852275725
-0.5966118829
-0.5031277237
-0.5794054330
-0.5842400931
-0.4770326250
-0.5679500008
-0.5348561845
-0.5999862364
-0.3655778791
-0.6886148655
-0.6325806954
-0.6071885359
-0.6017517273
-0.3915739235
-0.4617326855
-0.6116191004
-0.6075935947
-0.4999647817
-0.5373394187
-0.6026716177
-0.5368678930
-0.5331475845
-0.5206804028
-0.4725792687
-0.4770912282
-0.5126798354
-0.4883850986
-0.6395751752
-0.5211156920
-0.5017451582
-0.6006105806
-0.5234087656
-0.5427905600
-0.6089285133
-0.4338737092
-0.5833178702
-0.4414952103
-0.3832290758
-0.4970726361
-0.5843232318
-0.5487191518
-0.4201993665
-0.6089321299
-0.5145330516
-0.5836238197
-0.4956839488
-0.4862555679
-0.4994179324
-0.4428594003
-0.4199489439
-0.3830357963
-0.5609008836
-0.3918437788
-0.4127429686
-0.4267331362
-0.4714744608
-0.2906812747
-0.5663400595
-0.4969066859
-0.3596928325
-0.3414379952
-0.3450629562
-0.6415374029
-0.4514115331
-0.5546315596
-0.5204928701
-0.4093409552
-0.4223698646
-0.4118671709
-0.3523192999
-0.4709810102
-0.3786803811
-0.5424314476
-0.3911945059
-0.2967945333
-0.3811906131
-0.3859346571
-0.4365834998
-0.4150786129
-0.3902964593
-0.3362003214
-0.4249872450
-0.4420178654
-0.4031722148
-0.3733652974
-0.4985376126
-0.2888166167
-0.4779318507
-0.3808278229
-0.4805755086
-0.4809363287
-0.4039835514
-0.2960666799
-0.3596365718
-0.2103331645
-0.4360529075
-0.4141206169
-0.2717473969
-0.3000648118
-0.3223888606
-0.2982527785
-0.4163478090
-0.2835807797
-0.5290602309
-0.3975323492
-0.3400487102
-0.2027684299
-0.2307240441
-0.2846430445
-0.2935270662
-0.4291267070
-0.4593367272
-0.1305041902
-0.2230881364
-0.3846817799
-0.2562146396
-0.3198450832
-0.3943271450
-0.4377137760
-0.4155634203
-0.2886776697
-0.3128687900
-0.3276001280
-0.4502635496
-0.3630379202
-0.3780127938
-0.1378147620
-0.2261660808
-0.3233719502
-0.2119358916
-0.4003994439
-0.2253134313
-0.3138120343
-0.3886229228
-0.1306258999
-0.2778314345
-0.3100899124
-0.3540729856
-0.2923147339
-0.3216795503
-0.3602539254
-0.3123419614
-0.3874194140
-0.2470657260
-0.3670063480
-0.3620806759
-0.3901063648
-0.2491579360
-0.3442454500
-0.2715288416
-0.2236331956
-0.2844255165
-0.2021678149
-0.2390263870
-0.2307398011
-0.2542756331
-0.2679662700
-0.2759581480
-0.1597747277
-0.2164216710
-0.2279325799
-0.2168051456
-0.0832944503
-0.2422316628
-0.3320054688
-0.2437988055
-0.2542379548
-0.2743982056
-0.2537711619
-0.1526508021
-0.1061852028
-0.4152803638
-0.2313446941
-0.2172462664
-0.0767496848
-0.0598370015
-0.1728978999
-0.3258020166
-0.3431698541
-0.2080971340
-0.3218926059
-0.1929075533
-0.2085909886
-0.1384170491
-0.2683669054
-0.0906222766
-0.1582135375
-0.2198039351
-0.0411649552
-0.1606149327
-0.1433164297
-0.1659517870
-0.2337674297
-0.1741962845
-0.0907047365
-0.1517599217
-0.2550209264
-0.2161333229
-0.1677431352
-0.2017063153
-0.2448050586
-0.1395344067
-0.2007395923
0.0112951086
-0.2516395164
-0.0888852338
-0.1663540151
-0.2075332308
0.0150935806
-0.0367449202
-0.0707091398
-0.0423621192
-0.0991432910
-0.1477917955
-0.1783276196
-0.2268086295
-0.0636090704
-0.1468665928
-0.1861110871
-0.0411177821
-0.0817738178
-0.0980167205
-0.1750545809
-0.0612072373
0.0152745006
-0.1576793109
-0.0969909636
-0.1366032582
0.0068561149
-0.0469470877
-0.0489811435
-0.0065552447
-0.0474138365
-0.0583086139
-0.0698383733
-0.0378617782
-0.0375726280
-0.0091223719
0.0038660162
0.0018904327
-0.0469560102
0.0004999732
0.0554608144
-0.0917801278
-0.1447650241
-0.1342821582
-0.1499105686
-0.0723159771
-0.0254033266
-0.0217746621
-0.1428514407
0.1384344054
0.0043740345
0.0117923064
-0.0627893835
-0.0868067713
-0.2207683365
-0.0550911480
0.1326498312
-0.0392871557
0.0342797100
-0.1456890939
-0.0716074971
-0.0141898212
0.0112211594
-0.1418609119
-0.0516857514
-0.0489265743
-0.0180913020
-0.0568364214
0.0454424656
0.0247681363
0.0022694003
0.0946940259
-0.0499585214
-0.1034261792
-0.1040386724
0.0870461703
0.0160906531
-0.0376334471
0.0056227366
-0.0599117086
0.0512715629
0.0021830620
-0.0488295635
0.0793847738
-0.0664441564
0.0018355193
-0.0239014049
0.0538871777
0.1236229837
-0.1139634601
0.1413265986
0.0575337942
-0.0035505175
0.0249025287
0.1942792123
0.0776747079
0.0163988888
0.1243201113
0.0827503396
0.0699295189
0.1961892759
0.1189436448
-0.0726271352
0.1309644887
0.1996664874
-0.0540649461
0.0569335633
0.1782936529
0.0858996002
0.2461315807
0.1099562830
-0.0046592763
0.0168311941
-0.0149390965
0.0169790329
-0.1206630787
0.0807597131
0.0332846827
0.0321359486
0.0051913594
-0.0105012488
0.2724831661
-0.0463490294
0.1387727766
-0.1249243941
-0.0597754664
0.0262656657
0.1097269285
0.1219101982
-0.0202150771
0.0854233655
0.2137102207
0.1887460515
0.1696380044
0.1450161849
0.0915068862
0.1408742234
0.1426179686
0.0776264541
0.2079287797
0.1474189087
0.1345224029
0.3169707790
0.1570138229
0.2166386317
0.1355536772
0.0536454669
0.3406581021
0.1042151261
0.1406338111
0.2030973381
0.1080297464
0.1945179028
0.2132475567
0.1670580661
0.1812613181
0.0961877841
0.2225203372
0.2244180266
0.0382292804
0.0454893947
0.1704471891
0.1594237406
0.0930282020
0.2239163209
0.1536904631
0.1525597184
0.2203016177
0.2139054848
0.2520742999
0.1091359914
0.2827782115
0.1225938187
0.4333216872
0.1331778000
0.2671845834
0.2628564648
0.1707688376
0.2562486391
0.2313136425
0.1292459828
0.4199075214
0.3210636955
0.2049567021
0.2962695157
0.2057518595
0.2454963963
0.1599742867
0.2279983588
0.2824981997
0.3088587625
0.0190879766
0.2038813495
0.2155126321
0.1980488735
0.2145229917
0.2419049760
0.2461596130
0.2379824977
0.3007298552
0.4375619365
0.2517825889
0.2211192062
0.1267501644
0.3025797322
0.3600300729
0.2071471881
0.2041660236
0.2072815464
0.3258503657
0.3156057581
0.3711269802
0.4467728009
0.2555124323
0.3525239961
0.2836382824
0.4058424067
0.4203344331
0.3228725075
0.2551982081
0.3626268276
0.1365070705
0.2898454731
0.3425378028
0.3705173506
0.2987124185
0.1353541683
0.3148900149
0.2946829959
0.3039073822
0.1399951828
0.2633136226
0.2151192676
0.2731077421
0.1404168423
0.2484149675
0.2567339526
0.2581509360
0.4630858542
0.2517812365
0.3786142662
0.4404304121
0.3147939934
0.4026698463
0.3235331134
0.4768229685
0.3072160750
0.3650352712
0.3303300982
0.3178685800
0.4168007484
0.3444257853
0.4088306171
0.2705269192
0.4570216196
0.3425761561
0.2735457267
0.4283356690
0.3447891898
0.5305985461
0.4739205918
0.3221693358
0.3009373321
0.3446648960
0.4136335052
0.3471015711
0.3822204634
0.3542510290
0.4528584132
0.4139277426
0.2534055528
0.2054500767
0.3756699428
0.5441262216
0.4404910759
0.4793616138
0.3302708327
0.3944425397
0.4715716231
0.3496842709
0.3802561057
0.2183292022
0.3815608445
0.3809334579
0.4367162529
0.4433932100
0.3870805636
0.5605031863
0.4494719979
0.4740535407
0.3830336258
0.4943458993
0.2916644118
0.4715340106
0.4226980626
0.4873022719
0.5231484158
0.4339839212
0.4909421959
0.4176409011
0.3256129768
0.4147500720
0.4383942474
0.3926975381
0.5363810957
0.4286789143
0.6452422340
0.3868958490
0.5187931482
0.3973654009
0.4487784371
0.4175980193
0.4734152430
0.4896259340
0.4220466552
0.5658734210
0.3067113392
0.4596185541
0.4490920172
0.4880632784
0.4759910604
0.4396984514
0.4914550092
0.4945214480
0.4569861699
0.4490355154
0.5230640007
0.4356726015
0.4491856496
0.4963731874
0.3709206356
0.4131793738
0.4647552586
0.3387711932
0.6274188617
0.4544462819
0.6075177880
0.5385162719
0.5261088926
0.5394256779
0.4964057332
0.4025868061
0.6670924964
0.3936410840
0.4664058611
0.5026261964
0.4969858527
0.5374420501
0.5440145093
0.6734503726
0.4789610564
0.5232720245
0.6061182942
0.4402735742
0.5928347053
0.5749879041
0.6200020504
0.5155052836
0.3967542687
0.6615632866
0.5507982801
0.6139121099
0.6326648230
0.5596591587
0.6383807243
0.5247835129
0.6406876617
0.5936440330
0.5888505753
0.7036661433
0.4921987537
0.5610832375
0.4851290223
0.5253646233
0.6992131500
0.6130996004
0.6393505356
0.5843269772
0.6999804580
0.6168550973
0.5582967058
0.5993021179
0.6506361934
0.6318353705
0.5943066563
0.6561874048
0.7728650231
0.4707399124
0.6030072435
0.6954072072
0.7569480270
0.5149374713
0.6916618818
0.5917561491
0.6015632019
0.5672240328
0.6312287448
0.6080233444
0.7631239828
0.8739528469
0.5298702220
0.6227961820
0.5151103664
0.6868973164
0.7521189115
0.7305276553
0.6290385990
0.6709907010
0.6803324856
0.6012397186
0.7402151398
0.7086666398
0.6830131583
0.8060281924
0.7349339825
0.6165549722
0.6797657945
0.7732270261
0.7214751161
0.7519466822
0.5925559494
0.6117447439
0.6510556323
0.6611180514
0.8294437497
0.7489362076
0.8464687828
0.6965743616
0.7028208618
0.6185223871
0.5215071410
0.6562780112
0.7277184446
0.7903487772
0.7414530473
0.5082643978
0.6621343878
0.8315171889
0.7087273383
0.8098704685
0.7225598719
0.7404663742
0.9084318642
0.6155284357
0.6873517759
0.8473448169
0.6894570174
0.7595479020
0.6931817890
0.7415063773
0.6117843006
0.8314416442
0.6958468839
0.5781274815
0.6460784424
0.7047428121
0.8017024288
0.7084081174
0.7387236758
0.7557989983
0.7816598584
0.8785322050
0.7149554350
0.7938719921
0.8293364251
0.7037360272
0.8002250497
0.8115096850
0.7990985619
0.8830570000
0.8175466101
0.7024629562
0.7427973401
0.7196724535
0.7087842950
0.8050571925
0.7090986985
0.8406911348
0.8594069131
0.8083566238
0.8082500627
0.9713422776
0.8154725486
0.9821608811
0.8610372305
0.6297555483
0.7873108164
0.7729482761
0.8419449469
0.8127581415
0.8016652732
0.8484138735
0.8843597475
0.7220381797
0.7860333622
0.9465053193
0.8620253226
0.9369609256
0.8367100807
0.9323477702
0.9493710026
0.7183052322
0.7665913680
0.8389763857
0.9414592928
0.8661100914
0.9656651375
0.9675963319
0.8601083520
0.8104086590
0.7733963294
0.8500630436
1.0376621488
0.9710240778
0.9888745221
0.8089788534
0.8817486707
0.9498439738
0.9625265918
0.8353403151
0.8688062665
0.8485264256
0.8932339195
0.8521069452
0.8199156650
1.0093117025
0.8708770756
1.1838916154
0.9999097296
0.8377613857
0.9816071284
1.0723117697
1.0342052525
0.9098235091
0.8987403168
0.8502292175
0.9840714136
0.8549525904
0.8876578064
0.9733489394
0.8398969552
0.9148271041
0.7885657045
0.9775900043
0.9748101264
1.0643539408
1.0013833087
0.8651163121
0.9072917686
0.8295191700
0.9487405906
1.1036578227
0.9280517101
1.0886717439
1.0498927033
1.0553296892
1.0916136578
0.9884102593
0.9325462067
1.0046089723
0.9902341294
1.0568417476
0.9253135701
1.1133653005
0.9647660885
1.0207457126
1.0675058245
1.1529914466
1.0571478656
0.9573180590
1.0444154855
0.9082785571
1.0536418145
1.1289866472
1.1119631997
