-1.1226293558
-1.0877188708
-1.0048969792
-0.9956203133
-1.0009818335
-1.1091409677
-1.0832479693
-0.8868613219
-1.0699520042
-0.9825629683
-0.9270759761
-0.8178173884
-0.8974093748
-1.0346652173
-1.0394886012
-0.9074808747
-0.9270024801
-0.8713434555
-1.0452922206
-0.9634181892
-0.9074840769
-0.9278883697
-1.0286918133
-0.7746172900
-0.9425705961
-0.8440141154
-1.0197445001
-0.9875485125
-0.9333492846
-0.9754863499
-0.9553783519
-0.8301997807
-0.9555452380
-1.1062000802
-0.8022173502
-0.8367094348
-0.9416574781
-1.1269490470
-0.8641346847
-0.8938906097
-0.6754456427
-0.8154806179
-0.9027658908
-0.9505780969
-0.7641573772
-0.8523343044
-0.9050137951
-0.9005426104
-0.9924975185
-0.9256245634
-0.8980256092
-1.0933410664
-0.8822698268
-0.8067290666
-0.8745064949
-0.7772441949
-0.8917973208
-0.9816521786
-0.8480743389
-0.8919974528
-0.9236411310
-0.8682260525
-1.0615422250
-0.9481770888
-0.8391756453
-0.8100018552
-0.7699384941
-0.7407641273
-0.8812098426
-0.9388636937
-0.8434733396
-0.9348395638
-0.8008426130
-0.9610954357
-0.8971160391
-0.9084935164
-0.7070916324
-0.7828255239
-0.8745551294
-0.9619243879
-0.7727441254
-0.9597931563
-1.0304742457
-0.9036819716
-0.8757335225
-0.7975994325
-0.7085323111
-0.9179698640
-0.8511764383
-0.7406021314
-0.7725040725
-0.8779972802
-0.7735987694
-0.8319485128
-0.7547219939
-0.7371644309
-0.8270588466
-0.8340863472
-0.6672708020
-0.8346802622
-0.7111618269
-0.7779673724
-0.7265244699
-0.7244149488
-0.7697279504
-0.9061530219
-0.7694677817
-0.7320858161
-0.7548514856
-0.7403796586
-0.9196184697
-0.6600723708
-0.7692094102
-0.7631771879
-0.6826321672
-0.8141498442
-0.7424527581
-0.6177391902
-0.8767852771
-0.7985112706
-0.7409103317
-0.8101282936
-0.9290090756
-0.7316898634
-0.8396439844
-0.8125209604
-0.6620260357
-0.6958772580
-0.8350908972
-0.7808930122
-0.8344228084
-0.8411718273
-0.7192018206
-0.7294022245
-0.6148418347
-0.7075130172
-0.7117300657
-0.8266386766
-0.5705858098
-0.7322876901
-0.7371834743
-0.7406208302
-0.7066876753
-0.7308272622
-0.6728119636
-0.8444071808
-0.5235145865
-0.6263185761
-0.7184848412
-0.8224102631
-0.7396407322
-0.6335203503
-0.6518309633
-0.6127979160
-0.6063674069
-0.5603148418
-0.6426912396
-0.8113900148
-0.5874403192
-0.7794999913
-0.6130809208
-0.8516608745
-0.7520919938
-0.8832133825
-0.7743131343
-0.5857237412
-0.7258026844
-0.7298782766
-0.6626214423
-0.6603031867
-0.6871174196
-0.5912339090
-0.5042881296
-0.5806947861
-0.6326158576
-0.6482910594
-0.6260878187
-0.8238258113
-0.5530429311
-0.5491386918
-0.7333838574
-0.6976396610
-0.6942818124
-0.5262856719
-0.6264363541
-0.6615226508
-0.5879840897
-0.5630535436
-0.7152310378
-0.6368046533
-0.5770956578
-0.6315515408
-0.6548455858
-0.6384680509
-0.5934362810
-0.6595653805
-0.6050047771
-0.6976184349
-0.7201044043
-0.6572402671
-0.6553172955
-0.6833170111
-0.7057742552
-0.5000865265
-0.3766501362
-0.5398411389
-0.5986092378
-0.5955192337
-0.5284339002
-0.6771252148
-0.5535919290
-0.4933526421
-0.5636031660
-0.6056487267
-0.6753652352
-0.4056820575
-0.5445789458
-0.3928266388
-0.6632574372
-0.5393341952
-0.4899349020
-0.6557772638
-0.4660274612
-0.5925186825
-0.5363330542
-0.5748983569
-0.5760019021
-0.4804762491
-0.6025590805
-0.5301145822
-0.5657921263
-0.3729767884
-0.6697391825
-0.6066112594
-0.6145748055
-0.6048591880
-0.4017017209
-0.4629523830
-0.6153986893
-0.6123410806
-0.5062648361
-0.5302099938
-0.6119505863
-0.5507786668
-0.5040882082
-0.5144340462
-0.5023163709
-0.4822779242
-0.5122536327
-0.5265762203
-0.6480721981
-0.5154844514
-0.5224313297
-0.5864580202
-0.5200079007
-0.5419937213
-0.6412161659
-0.4386324436
-0.5908272479
-0.4228194542
-0.3708780538
-0.4782737091
-0.5825305218
-0.5137792536
-0.4262386772
-0.6121922098
-0.5036379572
-0.5601615161
-0.4653880373
-0.4811368979
-0.5090753153
-0.4405332306
-0.4287448740
-0.3850666314
-0.5860176060
-0.3832688216
-0.4304272295
-0.4347539219
-0.4743665591
-0.3145116671
-0.5571608303
-0.5025192148
-0.3919101867
-0.3358293274
-0.3359606263
-0.6217819522
-0.4426884024
-0.5580652073
-0.5090854382
-0.3947259559
-0.4275032737
-0.4118467360
-0.3453588040
-0.4528821076
-0.3970251205
-0.5569301070
-0.4073661446
-0.3057825910
-0.4129558343
-0.3567594259
-0.4141705750
-0.4105467450
-0.3809124392
-0.3387755389
-0.4468086640
-0.4424908458
-0.3940708914
-0.3821018156
-0.5125150913
-0.2936396599
-0.4803966404
-0.3880641341
-0.4942050151
-0.4708309778
-0.3738569130
-0.3016910669
-0.3991064140
-0.2103416554
-0.4442993836
-0.4036466147
-0.2707478016
-0.2923109668
-0.3247842318
-0.3021331030
-0.4007584235
-0.2711192795
-0.5344478861
-0.4233932900
-0.3364319323
-0.2073022834
-0.2106297879
-0.3037509631
-0.3205520064
-0.4038574999
-0.4572741193
-0.1515797555
-0.2435358652
-0.3733661938
-0.2654080403
-0.3191274749
-0.3991798487
-0.4467509379
-0.4234410352
-0.3013454085
-0.3056490611
-0.3446877876
-0.4577520946
-0.3562936473
-0.3869802067
-0.1444665439
-0.2118514456
-0.3414694206
-0.1978086274
-0.3898159147
-0.2312722202
-0.3257459109
-0.3674801511
-0.1175448225
-0.2884880510
-0.2978276479
-0.3638641084
-0.2809090004
-0.3268768087
-0.3708017315
-0.3045088834
-0.3939729233
-0.2297887392
-0.3536741123
-0.3478428366
-0.3889351410
-0.2254911499
-0.3245632660
-0.2566205191
-0.2577620293
-0.2675239809
-0.1965203674
-0.2162006874
-0.2320631544
-0.2244204705
-0.2483681533
-0.2771070316
-0.1636336084
-0.2076921772
-0.2385437519
-0.1994124936
-0.0930836796
-0.2517527537
-0.3377894741
-0.2592254409
-0.2306474993
-0.3050728645
-0.2352134940
-0.1454462681
-0.1212586863
-0.4189325725
-0.2260215010
-0.2286664925
-0.0942459783
-0.0569860014
-0.1594881171
-0.3456454488
-0.3323346858
-0.1984213104
-0.3189213962
-0.2174068768
-0.2324612978
-0.1701131661
-0.2466429294
-0.0793694126
-0.1749121288
-0.2375164582
-0.0365672056
-0.1618628996
-0.1423265239
-0.1707333876
-0.2513915400
-0.1886604971
-0.0928636843
-0.1436779194
-0.2490211528
-0.2251249800
-0.1622346069
-0.2024178762
-0.2405560070
-0.1305460372
-0.1575043728
0.0214680631
-0.2683230198
-0.0779688538
-0.1752242461
-0.1989695997
0.0256908448
-0.0250474673
-0.0751114692
-0.0385522262
-0.0950984694
-0.1367789620
-0.1922613359
-0.2388996657
-0.0519374629
-0.1458669027
-0.1867741719
-0.0550022855
-0.1213274062
-0.0910636726
-0.1768477010
-0.0626838589
0.0017167227
-0.1539628676
-0.0806525752
-0.1456114776
-0.0067960128
-0.0315161659
-0.0326864873
-0.0138072197
-0.0190270570
-0.0631563691
-0.0652261321
-0.0237186893
-0.0193488578
-0.0301265674
0.0030241692
0.0280492480
-0.0404043399
-0.0381118107
0.0583744855
-0.0833249670
-0.1311599964
-0.1321498472
-0.1394803323
-0.0414488833
-0.0122398202
-0.0077987467
-0.1360907420
0.1386383786
0.0082220882
0.0276454190
-0.0837009767
-0.0721669867
-0.2259644465
-0.0468205794
0.1399868263
-0.0188316406
0.0550143942
-0.1393490921
-0.0942223827
-0.0223459343
0.0042221448
-0.1232035952
-0.0576847695
-0.0597585936
-0.0069120071
-0.0310444963
0.0161401833
0.0458586663
-0.0088004627
0.0859343040
-0.0680667059
-0.1144123507
-0.1135336352
0.0887803067
0.0265309666
-0.0556087429
-0.0087058457
-0.0816252162
0.0634323914
0.0156242436
-0.0374220317
0.0763378394
-0.0809925188
0.0095253360
-0.0160903744
0.0404706075
0.1332952973
-0.1104345639
0.1306417143
0.0475943567
0.0125766883
0.0209380229
0.2092056675
0.0870594228
-0.0131516268
0.1021610822
0.0934353499
0.0561906448
0.1955533651
0.1322191987
-0.0573695380
0.1159117893
0.1927461207
-0.0244629917
0.0632918040
0.1707228691
0.0781434655
0.2239099448
0.1233212369
-0.0008435681
0.0014438541
-0.0236679462
0.0276129848
-0.1251835265
0.0854730765
0.0339380798
0.0267084263
-0.0080553519
0.0064915741
0.2673486855
-0.0414706696
0.1388423719
-0.1310765142
-0.0851806750
0.0350421764
0.0996723521
0.1311922383
-0.0287458781
0.1045005803
0.1877185603
0.2032978534
0.1561722971
0.1725165445
0.1036688901
0.1484118110
0.1468731161
0.0762574426
0.2126752877
0.1714126415
0.1370338963
0.3180195093
0.1639184816
0.2124300059
0.1396880382
0.0376592323
0.3325764014
0.0942971217
0.1318030435
0.1884577443
0.0716682240
0.1760733454
0.2355139244
0.1529090832
0.2008602232
0.1086176855
0.2225971390
0.2136191555
0.0394258840
0.0448610346
0.1676661145
0.1778746256
0.0973867688
0.2038198866
0.1498018965
0.1598728791
0.2088589162
0.2210014574
0.2575458687
0.1009119411
0.2958891939
0.1080167648
0.4249155633
0.1464645215
0.3037778943
0.2693312112
0.1618626027
0.2762365519
0.2388585884
0.1113862230
0.4329501446
0.3019354756
0.1975447727
0.2924606885
0.1921731513
0.2578921528
0.1882268405
0.2333150360
0.2981643888
0.3120668137
0.0287221061
0.2100005140
0.2190754776
0.1845675919
0.2076033593
0.2611668413
0.2479676360
0.2547297153
0.3000494887
0.4316207890
0.2426401496
0.2339932644
0.1160801568
0.2993962034
0.3531728401
0.1942176156
0.1838609815
0.2169301338
0.3156654475
0.3259420978
0.3724823507
0.4453215997
0.2496765567
0.3607098410
0.2919569935
0.3996759208
0.4213870412
0.2698878789
0.2570021537
0.3766868638
0.1324362487
0.3030522242
0.3342278372
0.3597133832
0.3269633116
0.1400757356
0.3054848788
0.2689415450
0.3033549270
0.1414857301
0.2965137150
0.2015218702
0.2675295973
0.1485543374
0.2450061572
0.2564668150
0.2639818453
0.4400741284
0.2581980437
0.3924149388
0.4453777539
0.2961068277
0.3886964642
0.3411591304
0.4389499871
0.3076562337
0.3702551887
0.3578311930
0.3147042451
0.4051331844
0.3190383526
0.4327135141
0.2759913294
0.4692074000
0.3370526274
0.2963122427
0.4554373169
0.3656533707
0.5541075463
0.4788685238
0.3426131725
0.3012860594
0.3446353431
0.4110058507
0.3484891745
0.4056446570
0.3540794995
0.4257679077
0.4069766091
0.2201456059
0.1948078858
0.3644970923
0.5435714537
0.4284845090
0.4634877160
0.3364816742
0.3503651344
0.4700907742
0.3534077787
0.3600425769
0.2292138387
0.3922008849
0.3756469484
0.4282474546
0.4363456493
0.3891066675
0.5435259825
0.4604622490
0.4668567066
0.3831678265
0.4973229247
0.2766596442
0.4943090845
0.4148813195
0.4825960212
0.5232724222
0.4335796572
0.4837106021
0.4118551322
0.3390847839
0.4211158608
0.4451274757
0.3749514694
0.5248358715
0.4362249617
0.6518789082
0.4004863516
0.5502631900
0.4124972040
0.4313300742
0.4161564514
0.4638200593
0.4881487827
0.4167497655
0.5634977470
0.2835437064
0.4920115828
0.4623633096
0.4965041358
0.4548125017
0.4553420741
0.5077138524
0.4826942315
0.4577306546
0.4479829716
0.5259596080
0.4463337436
0.4424669542
0.5114535934
0.3827995533
0.3968600819
0.4837075718
0.3571128637
0.6241465706
0.4483736297
0.5838947644
0.5276227038
0.5074603310
0.5823243100
0.4916060241
0.3815564690
0.6626194791
0.4161594243
0.4691566267
0.5087870391
0.5240107282
0.5308951139
0.5497100699
0.6359136023
0.4725005590
0.5081406109
0.6079483400
0.4603449388
0.6081592718
0.5715349047
0.6336440995
0.5026573858
0.4087040524
0.6965261798
0.5468654533
0.6100731240
0.6293595640
0.5557101622
0.6555182548
0.5296730524
0.6680825727
0.5893249653
0.5709315826
0.6964225119
0.4855098949
0.5647975906
0.4858803235
0.5068079375
0.6947703467
0.6119986206
0.6138472931
0.5775616456
0.6923515761
0.6283852705
0.5558052700
0.5978158709
0.6462172810
0.6409941569
0.5982740596
0.6562038636
0.7761606022
0.4447667014
0.6203052601
0.7037754829
0.7553585185
0.5464590174
0.6979278892
0.6053535021
0.5948756713
0.5701838654
0.6389028965
0.6134725250
0.7558213686
0.8914045918
0.5399969155
0.6385917321
0.5247211076
0.6928016111
0.7499826807
0.7153646294
0.6315624779
0.6917094349
0.7024468893
0.5890115140
0.7516778089
0.6918526441
0.7072554068
0.8078249031
0.7528083834
0.6216141285
0.6828435613
0.7633748092
0.7067141838
0.7287145922
0.5951593806
0.5851491094
0.6758884145
0.6613605266
0.8226677131
0.7677982025
0.8600490040
0.6763949402
0.7131938555
0.5995116966
0.5192489491
0.6477105648
0.7403007847
0.8118189778
0.7523399658
0.4972127694
0.6893428550
0.8363013458
0.6912882558
0.8320555647
0.7434709735
0.7631468006
0.8896345954
0.6423024415
0.6748686751
0.8149916287
0.6853729902
0.7365024850
0.7475592032
0.7607134062
0.6057587513
0.8125026362
0.6835123812
0.5733519792
0.6542056183
0.6871314099
0.7997316659
0.7271887745
0.7286170698
0.7435091911
0.7733884706
0.8976704239
0.7309942139
0.7907783633
0.8326481762
0.7242137979
0.7926509120
0.7920431249
0.7927113633
0.8912931340
0.7984588302
0.6972949709
0.7475920867
0.7345280129
0.6888483682
0.8003709886
0.7271575413
0.8149881386
0.8253494541
0.8017055006
0.8085406364
0.9519665839
0.8279407705
0.9789505975
0.8617641207
0.6262316689
0.7936118631
0.7757308180
0.8502487986
0.7920649141
0.8045460307
0.8473882477
0.8819991680
0.7357823839
0.8157023762
0.9736197526
0.8618103287
0.9403044789
0.8207523279
0.9292655414
0.9315206933
0.7033849286
0.7684798165
0.8326670885
0.9311356656
0.8486219724
0.9673417897
0.9573186918
0.8315693696
0.8014174109
0.7786365472
0.8438921583
1.0512877938
0.9760621442
0.9893531756
0.8222496524
0.8704384927
0.9694716313
0.9838798698
0.8226721969
0.8967139537
0.8575520434
0.8792186609
0.8492316736
0.8096705473
1.0078714403
0.8718433383
1.1705860236
0.9710594677
0.8268027699
0.9782025258
1.0555116799
1.0477403210
0.9204242327
0.9141826936
0.8567107495
0.9699303836
0.8591006418
0.8769115090
0.9765876283
0.8364295308
0.9132551584
0.7779090140
0.9779110796
0.9777739666
1.0791387596
0.9924790910
0.8769030583
0.9191527142
0.8263595421
0.9264745313
1.0938934741
0.9362346586
1.0973404671
1.0367182502
1.0541430356
1.0737911863
0.9918549389
0.9295685188
0.9949254908
0.9973280433
1.0398703039
0.9164820787
1.1025715657
0.9785745655
1.0168570086
1.0652789575
1.1415944642
1.0262221045
0.9637309470
1.0551097062
0.9132130266
1.0394012147
1.1053163950
1.0974087211
