-1.0793006487
-0.8735345550
-0.8427239633
-0.9544342571
-0.9730359610
-0.9815910095
-1.0234727658
-1.1434366335
-0.9147942547
-1.1259921866
-0.9648596956
-0.7795015946
-1.0354813617
-1.1372879476
-1.0110921459
-0.7750676584
-1.1414094027
-1.0737746849
-0.9701889427
-1.0253212642
-0.8937413237
-0.9448990509
-0.9710917058
-0.9950032811
-1.0371111021
-0.7650495297
-1.0505808448
-0.8529398272
-0.9611661212
-1.0214672423
-0.9689121519
-1.0935117425
-0.7092327908
-1.0371282413
-0.8960468210
-1.0229606666
-1.0440551841
-0.9110876927
-0.9403527043
-1.0027315232
-0.8510247109
-0.8797464939
-1.0079451254
-0.8699374817
-0.9344984718
-0.9190137150
-0.9423206187
-0.8415625984
-0.9113459576
-0.8544601724
-0.6858495422
-0.8623964248
-0.9340831073
-0.9084881407
-1.0001069480
-1.0019340988
-0.9685156678
-0.8395782545
-1.0868047858
-1.0125520599
-0.8257027755
-0.9277449573
-0.7235460962
-0.9173696818
-0.8361105647
-0.8152910672
-0.7530023297
-0.9835040557
-0.9351742930
-0.7631490737
-0.8362803188
-0.9224361996
-0.8855417812
-0.9490698779
-0.9160546246
-0.8907853867
-0.8757497359
-0.7998320174
-0.8444930757
-0.7921605909
-0.9105276955
-0.8900632090
-1.0671456625
-0.9093193303
-0.9155545702
-0.7409084976
-0.6405807327
-0.8851505851
-0.7228461468
-0.6754698577
-0.9909745299
-0.6911495716
-0.9045998888
-0.7939308931
-0.9054278357
-0.8076319971
-0.8583738571
-0.8006862327
-0.7338109023
-0.7377109187
-0.7532556298
-0.6572845898
-0.8511209424
-0.7290192392
-0.7562796675
-0.7321152663
-0.5552583583
-0.8024993560
-0.7455890846
-0.8310590715
-0.8521495574
-0.7910467010
-0.7240289262
-0.7270174221
-0.8281628486
-0.7982581373
-0.7636977593
-0.5433682531
-0.7198977090
-0.7600111054
-0.7691398562
-0.6203411369
-0.7276685003
-0.6601198662
-0.7827674422
-0.7681921879
-0.6830262615
-0.7296343675
-0.6071321090
-0.5725047935
-0.8735306304
-0.6749820762
-0.7591898925
-0.7309612823
-0.8111649937
-0.5904595995
-0.5733918172
-0.7228403242
-0.8848026082
-0.8233685132
-0.7023272732
-0.6738221663
-0.7037182888
-0.7026862128
-0.7020185428
-0.7247962105
-0.7306029584
-0.6115206718
-0.7955650119
-0.7648773080
-0.7916703246
-0.7005021101
-0.7886705747
-0.6097216209
-0.7158884119
-0.8658189875
-0.7073099216
-0.7343976023
-0.6201538438
-0.6632538669
-0.5988275238
-0.6095680930
-0.7876329431
-0.7605319097
-0.8488380627
-0.7175205670
-0.6419257428
-0.6245628688
-0.7030648027
-0.5882554551
-0.6920913829
-0.6427702134
-0.5502330015
-0.6883270828
-0.6838004873
-0.7472498569
-0.5444413362
-0.7626375800
-0.7718420386
-0.5380786621
-0.6941070842
-0.6839619183
-0.6280360441
-0.6445347511
-0.5472276730
-0.6490806179
-0.5687781914
-0.5497861511
-0.6723597460
-0.7269745445
-0.6373332841
-0.5129723564
-0.6307550461
-0.5369093727
-0.6648333832
-0.5415338735
-0.5978623098
-0.6682342215
-0.6692604870
-0.5974134655
-0.5893322349
-0.6773117172
-0.6962622468
-0.6390063526
-0.5796666356
-0.5560922985
-0.7311111178
-0.5992179530
-0.6539645640
-0.6004859641
-0.6741310673
-0.7288103169
-0.6414449468
-0.6157876562
-0.6782337904
-0.6835565103
-0.4132120347
-0.5857295890
-0.4975538552
-0.5896775141
-0.4486009196
-0.6307798901
-0.6238933887
-0.5719201108
-0.5775715655
-0.6142815748
-0.5745514311
-0.3978630383
-0.6721788409
-0.4447335025
-0.5645433705
-0.6269562916
-0.6689586994
-0.5598386155
-0.4635291797
-0.5150695724
-0.5610484698
-0.4751760906
-0.4873737770
-0.5892640611
-0.4378724308
-0.7885584187
-0.3542112717
-0.4894327943
-0.4833746487
-0.5553609416
-0.4875089518
-0.5638111034
-0.5870822147
-0.3702758569
-0.5249647135
-0.6028439569
-0.4477575180
-0.6278971633
-0.3388489601
-0.4478413509
-0.5437637999
-0.5190593730
-0.3557550254
-0.3481930228
-0.3617413722
-0.4930360326
-0.5094410968
-0.4306799363
-0.5854047993
-0.3379223372
-0.2721083678
-0.4224608539
-0.4659114904
-0.5614677756
-0.3173961405
-0.5508851753
-0.4934232975
-0.4029547516
-0.5069289340
-0.3485807112
-0.5143327871
-0.4524574179
-0.4907021390
-0.5961044705
-0.4603156619
-0.3480674706
-0.4998594118
-0.4814605555
-0.3011398920
-0.3575254748
-0.2235099629
-0.4425302986
-0.4789770881
-0.4556790675
-0.4207476100
-0.4787568656
-0.4316277083
-0.3677062510
-0.2786889498
-0.4357244667
-0.4398510011
-0.4189462636
-0.3645414008
-0.5419282594
-0.2542466557
-0.3766989127
-0.3669185743
-0.2595063943
-0.4712902626
-0.3662234850
-0.4090274672
-0.4869644509
-0.3431038056
-0.0927419173
-0.3662194644
-0.3541700335
-0.3412693383
-0.4016879049
-0.4572498531
-0.4475315977
-0.2220463041
-0.3758723771
-0.3885989381
-0.3596248302
-0.3791847985
-0.3410394052
-0.3333854177
-0.1917752965
-0.3471481060
-0.5447703760
-0.2839903271
-0.5191196390
-0.3035172367
-0.4651002284
-0.4313432383
-0.3650672490
-0.4171008515
-0.3909811702
-0.2507584030
-0.2181776657
-0.3093573490
-0.4175431879
-0.2458651924
-0.3575684697
-0.2553280532
-0.2227241068
-0.4318438666
-0.4132004499
-0.4482764142
-0.3013400464
-0.4194839399
-0.2871995963
-0.3274104940
-0.0955713329
-0.3522771366
-0.2895741725
-0.1958286685
-0.2927177462
-0.4475930282
-0.2709014224
-0.2094711932
-0.3763260256
-0.2877703896
-0.4646345921
-0.3020067442
-0.2378652432
-0.1652409095
-0.4577807715
-0.2782877077
-0.1774494279
-0.3845941201
-0.3789862816
-0.2531471674
-0.2387599282
-0.2928835003
-0.3369723606
-0.1797739297
-0.0981186091
-0.4259260721
-0.1713955250
-0.3113243524
-0.2726044037
-0.1512101440
-0.2538519742
-0.1598237851
-0.2539343096
-0.2013355178
-0.3809780450
-0.1773587655
-0.3885530112
-0.2975287799
-0.4489410860
-0.2461292805
-0.2316180362
-0.0740642332
-0.1929842551
-0.2952318062
-0.2465081190
-0.2217950251
-0.1274907982
-0.0577701388
-0.2351230897
-0.2686314175
-0.2008567386
-0.2004793732
-0.1610361379
-0.2038727464
-0.2415166739
-0.2338632755
-0.1366149311
-0.2211339974
-0.2198470728
-0.1275194632
-0.1852293293
-0.2395609137
-0.1742474411
-0.2295950010
-0.1231894568
-0.2373911058
-0.0890558500
-0.1690020768
-0.1512310208
-0.0961792379
-0.2651875459
-0.1677932700
-0.0280531120
-0.0642225049
-0.2040344585
-0.1017951373
-0.1210320553
-0.1723598139
-0.1931956596
-0.1746064107
-0.1468366402
-0.2188105197
-0.0464436572
-0.0715767165
-0.0234240234
-0.0194172172
-0.1512567011
-0.0235996934
-0.0872327814
-0.0768069372
-0.1067369117
-0.0348802458
-0.1584788073
-0.1009446781
0.0046179802
-0.2591772479
-0.1444154761
-0.0669353762
-0.1257443491
-0.1469723010
-0.0762022235
-0.1498251331
-0.0120406891
-0.2305179546
-0.1317169602
-0.1300442979
-0.0281212620
-0.1392649713
-0.0934633997
-0.0649453819
-0.1655129828
-0.1414453896
-0.0984994104
-0.1021840173
-0.1881154476
-0.0548635633
-0.1808971978
-0.0839523171
-0.1187756097
-0.0632408602
0.0782635520
-0.1670179670
-0.0585081768
-0.0500210984
0.0229388143
-0.0438268016
-0.0226631147
-0.1603171783
-0.0313192361
-0.0252265414
-0.0786415477
0.0600456487
-0.0953681624
-0.0475125691
-0.0607425291
0.1121108320
-0.2809800173
-0.0685661450
-0.0881105811
-0.0922513822
-0.0354245455
-0.1419879210
-0.0015074874
0.0278717754
0.0342955346
0.0777833287
-0.0493352745
-0.1505918301
0.0996572573
-0.0144673138
0.0533080423
0.0550686094
-0.0644852457
0.0189146550
-0.0467428142
-0.0294075432
0.0769231414
-0.0289345178
-0.1826322995
0.1621474884
0.0420458612
0.1718623441
0.0530670865
0.0749120951
-0.0642567250
0.0392622503
0.0005545686
-0.0271256932
0.1061546152
-0.0568367843
0.1467337077
0.0359762226
0.2232137724
0.2602099260
0.1113590216
0.1313131700
-0.0146267449
0.0769366452
-0.0404344577
-0.0572514374
0.1311050548
0.0022233202
0.0740922555
-0.0248039326
-0.0565622718
0.0135482298
0.0865357646
-0.0333606493
0.0305544898
0.0575102463
0.0962263182
0.0206965531
0.0836242756
0.0745943844
0.1381595204
0.0180000031
0.0349361686
0.1196623431
-0.0162803447
-0.0385185930
0.1652378758
0.1738212382
0.1902956975
0.0870245380
0.0114372264
0.0123647686
0.1613975134
0.1730637285
-0.0068394704
0.3632378545
-0.0202920744
0.1158601111
0.2436250134
0.0359102660
0.2446230359
0.2163253250
0.0788633779
0.1610290329
0.2369883147
0.1470863788
0.2521786574
0.1450305503
0.1478551402
0.0850598127
0.1576012952
0.2471440121
0.1673618053
0.2376582036
0.0653516238
0.1645250322
0.1172010442
0.1875297546
0.0936162838
0.2022348447
0.2202591628
0.1081231439
0.0644521895
0.1982656146
0.2759925658
0.1841415200
0.1281243220
0.2035360270
0.2894501688
0.0569169213
0.1036914170
0.2286726674
0.0899178643
0.1952989589
0.2742951637
0.1831753095
0.1391523797
0.2604633843
0.2485880144
0.1708473518
0.1510026209
0.0794619518
0.3690095472
0.1357895612
0.1843466136
0.2527121542
0.3513169694
0.4077777505
0.4238510284
0.1597488771
0.2157231488
0.0753859029
0.4228175152
0.2187805573
0.2105917421
0.2335168145
0.2044511803
0.2706791560
0.2079537433
0.2406049461
0.2220331306
0.2468003298
0.4247070297
0.1648610601
0.2375121145
0.1675121807
0.1696490624
0.3210208715
0.3220500858
0.2238027842
0.1584799492
0.3395669876
0.3711685268
0.1822510492
0.3338549999
0.2817134454
0.2086018237
0.3202838657
0.1423537340
0.3517614366
0.1585947116
0.1772413517
0.3592668335
0.3016001975
0.2751776281
0.2725812110
0.2848705526
0.4747891775
0.3757176470
0.4544556384
0.3077546769
0.2907395111
0.2975561386
0.2502595824
0.3872271815
0.3000539664
0.2147341488
0.2747247387
0.1854114845
0.4469432189
0.3852490372
0.2918917786
0.3117417284
0.3895903911
0.3464342586
0.2203127269
0.1519722758
0.1700134692
0.3595697586
0.4608496770
0.2802791414
0.3540254705
0.3521949614
0.3657907767
0.4206193157
0.4781517029
0.3746564556
0.3585024880
0.2234787891
0.4184428465
0.4657841698
0.4703098507
0.3429538908
0.4340523349
0.2900979762
0.3769622381
0.2407257675
0.2905811916
0.3565217353
0.3408426244
0.3822279951
0.2176826012
0.3808576892
0.3279995608
0.3835244433
0.3451411231
0.4195452795
0.4411446207
0.5053205677
0.4545789703
0.2741271492
0.3944626749
0.3619134263
0.5465835419
0.3877581495
0.4153209009
0.4575382454
0.4458103799
0.5002495339
0.3775561548
0.6049841066
0.4701207973
0.3657536484
0.2819527660
0.3931917454
0.3836852123
0.4534981449
0.4804258064
0.5162556479
0.4963352591
0.3387745661
0.4632051297
0.2615748645
0.3768977420
0.5729566493
0.5718325929
0.5801911701
0.3187953386
0.4354591634
0.3719985847
0.5482644847
0.3769340892
0.5149950587
0.3277889968
0.4556239133
0.3049165290
0.4151280251
0.4536108053
0.4749948863
0.3190359606
0.3799346268
0.4483710900
0.5814476972
0.5276281313
0.6070173572
0.5535869870
0.4364458415
0.6286809798
0.5643715332
0.4449818422
0.4981035281
0.4097864107
0.4494609431
0.4841680925
0.5318379761
0.5227489433
0.6994379145
0.4880893891
0.6063879135
0.5487995602
0.5260850720
0.5154086182
0.3378432978
0.3892999219
0.5617796491
0.4712181133
0.5296684475
0.3988205156
0.5436631624
0.4855542638
0.4963157880
0.6794887570
0.4861595199
0.4926813370
0.5487426911
0.6020488142
0.5352906949
0.6219190029
0.5321056821
0.6626387378
0.5390109575
0.5556057926
0.6434202028
0.5301775798
0.5583127805
0.5736166727
0.5472340501
0.4569052935
0.5220259527
0.5381412500
0.6228523692
0.5440617922
0.5513647154
0.6198459500
0.7073882711
0.6427402393
0.6814301721
0.6105643600
0.5368014479
0.6351028191
0.7322434468
0.6563927317
0.5741472122
0.7116895430
0.6373233381
0.6921382441
0.6412214466
0.6632587515
0.4858880931
0.6641047150
0.6909083679
0.8177518218
0.5240799072
0.6164956171
0.6587583262
0.7102489498
0.6625265636
0.5781906070
0.6726901693
0.7650898062
0.6329181715
0.6843478730
0.6822542057
0.5378582280
0.7214164037
0.6601288679
0.6798824808
0.6139192863
0.6284945897
0.6318723730
0.7667565936
0.6957550958
0.7649576401
0.7281916888
0.6247646733
0.6175870393
0.4929145185
0.7138790895
0.7133211257
0.8356466810
0.7266843034
0.6481896487
0.6362623000
0.7066199391
0.5673381675
0.5157838096
0.4589550513
0.7225562359
0.7025885464
0.6262503235
0.6365241854
0.5030781980
0.7530907887
0.9122623814
0.7052174053
0.7760094863
0.8127266298
0.7421453381
0.6673951013
0.8068164101
0.8494754811
0.6873594079
0.6233129520
0.7004625293
0.7024648998
0.7943143014
0.7244708786
0.7997532823
0.7053155465
0.6767643290
0.6973780528
0.6616435049
0.6593743732
0.7974486731
0.8060051903
0.6810236745
0.7003598337
0.7062717453
0.8119631490
0.6924993092
0.8036729677
0.7552599399
0.7028934607
0.6847989772
0.8315367209
0.7477894874
0.7594358874
0.8900606562
0.5981705457
0.8958489411
0.8325733065
0.8684747341
0.8269798317
0.7055440296
0.7118751480
0.8437771555
0.7689684286
0.7707061565
0.6872424776
0.7269711798
0.7561437326
0.6899695551
0.8447492212
0.8414030979
0.8159342454
0.7696230980
0.8623249290
0.9416387698
0.8680931847
0.8450127453
0.8827875148
0.8934024766
0.7198805647
0.9160043857
0.9189056197
0.7983721592
0.8542565710
0.8391516880
0.7627765594
1.0183911907
0.8728188766
0.7910122537
0.8786211576
0.7358163323
0.7473331449
0.8191695380
0.8195243396
0.7584882609
0.8690511356
0.8850726037
0.8940452746
0.8132028952
0.8618602430
0.8932347534
0.8996072550
0.9269079056
0.9895472738
0.8384895424
0.8676138131
0.8824445311
0.8000036807
0.9361226636
0.8329410894
1.0744932060
0.8561505458
0.8619131118
0.8466479830
0.9544799228
0.9444482767
0.8939451599
0.9554309291
0.8816608108
0.7860214577
0.8544499167
0.8521850539
0.6841949548
0.9243082381
1.1063719516
0.9823035957
0.9940639880
0.9132674116
0.8816807384
0.9566602006
0.9519956461
1.1431994796
0.8059921422
0.9513712505
1.0272714851
0.8985745798
0.8905777807
0.9268883351
0.8866009187
0.8817383180
0.9192567461
0.9216458973
0.8036206013
1.0113009840
0.9922625160
1.0497907921
0.9979819974
1.0181217438
0.8131197806
0.9898201040
1.0117330049
1.0630394174
1.0232961367
0.9077001675
0.8550189145
1.0733003413
1.1784224311
0.9618812443
0.8170918481
0.9083291304
0.9489666185
0.9207449986
1.0250801427
0.9399485286
