-0.9918229466
-0.9831395187
-1.0089717747
-1.0264052551
-1.0273078702
-1.1446730679
-1.1205306126
-0.9881459220
-1.0390549674
-1.0157346445
-0.9332328054
-1.1219800678
-1.0722136416
-0.9705713317
-0.9515838943
-0.8770466669
-1.0571093409
-1.0263762333
-0.9883146457
-0.9542378253
-0.9648248031
-0.7805532715
-1.0562514982
-0.9097622256
-0.9175091388
-0.9202726103
-1.0519416774
-0.9953443422
-0.9651844227
-0.9852079493
-0.8805463067
-0.8917209115
-0.9684939927
-0.9299656457
-0.9962987404
-0.9301643601
-0.9580482442
-1.1020180449
-1.0584991373
-1.0042368833
-0.9131678155
-0.9120231365
-0.9304023718
-1.0454302261
-0.8515834395
-0.9454385070
-1.0333248090
-0.9265104966
-0.8163791341
-0.8324271676
-0.9337665722
-0.9083211280
-0.9924221068
-0.8846178437
-0.9054100963
-0.9235501084
-1.1353010752
-0.9606205939
-0.8632711387
-0.9091854497
-0.8558807930
-0.9385454735
-0.8211496264
-0.9042800261
-0.8720725832
-0.8504513311
-0.8784512127
-0.9059461908
-0.8699002247
-0.9211280364
-0.7654266574
-1.0584195478
-0.8578965053
-0.7916302395
-0.6892354196
-0.8755302859
-0.7038234638
-0.7970858914
-0.9239102298
-0.9420701207
-0.9573263306
-0.9010408409
-0.7493422058
-0.7965296216
-0.7508427654
-0.8398183828
-0.8166895063
-0.7579329473
-0.8434716050
-0.7284681639
-0.7936563555
-0.6726282673
-0.8274362536
-0.9524707511
-0.8502257097
-0.8413457250
-1.0282521767
-0.6923227124
-0.8478337008
-0.7041824084
-0.8076705954
-0.9203575220
-0.8067273625
-0.8641774953
-0.7910540614
-0.7976047211
-0.7984723221
-0.9045503077
-0.8608107118
-0.9142067271
-0.7182212563
-0.8458837425
-0.7911337973
-0.6492045361
-0.7215006258
-0.8554821091
-0.7846047439
-0.8571406656
-0.7091046816
-0.8053098249
-0.7730083429
-0.6572358945
-0.6827113690
-0.7659904217
-0.6760399687
-0.8021589787
-0.7733474774
-0.6988837568
-0.8154348135
-0.7263733398
-0.7119626691
-0.6394049433
-0.7209466620
-0.8845672165
-0.8642665059
-0.7088461555
-0.6732097780
-0.7681643932
-0.6375787683
-0.9248737802
-0.7553022288
-0.7241057009
-0.7806793973
-0.5877616705
-0.6017846116
-0.8069827188
-0.7119507989
-0.6516713246
-0.6917577923
-0.6102593953
-0.5848208214
-0.8312523390
-0.8821098546
-0.6750633071
-0.8448509479
-0.7044746088
-0.6494495588
-0.6503849824
-0.7208425713
-0.7878583342
-0.7728572304
-0.7684158361
-0.7807428172
-0.6546876776
-0.7185791799
-0.4898063152
-0.6876320404
-0.5275244913
-0.5738082074
-0.6974675775
-0.6703190306
-0.7203122007
-0.6213021321
-0.8273018928
-0.5768418263
-0.7633846165
-0.6786272796
-0.9026474225
-0.7134157602
-0.6640136318
-0.6385300226
-0.5688424051
-0.5120268455
-0.6314293191
-0.4533120718
-0.7018145016
-0.6246774412
-0.7207773236
-0.5539616872
-0.8704224763
-0.6120404177
-0.6805367692
-0.7046304158
-0.6002641378
-0.5811849029
-0.6313185548
-0.7776575611
-0.6284073778
-0.6577259666
-0.7079500484
-0.5217714068
-0.6453408828
-0.6420755609
-0.7161921918
-0.6004684531
-0.6589983721
-0.5401455214
-0.4997911833
-0.4683201802
-0.7266846274
-0.5973187915
-0.5417638768
-0.6585184138
-0.5479081016
-0.4653074652
-0.6716751184
-0.6082572775
-0.6846499958
-0.4979416770
-0.6168388408
-0.5906396891
-0.6264553433
-0.4413531428
-0.5271395805
-0.4495832453
-0.5004421253
-0.4915774875
-0.5516391729
-0.5698205101
-0.4819008995
-0.4216537796
-0.5811916239
-0.6372489120
-0.6261293121
-0.5040785817
-0.5664031855
-0.6256696652
-0.5428128327
-0.5470725523
-0.6572424229
-0.6048359223
-0.4798028358
-0.5687939885
-0.5168148963
-0.6385843917
-0.5450954511
-0.5715886971
-0.4021094889
-0.5004880625
-0.6378625006
-0.6307507004
-0.5683767828
-0.4517444308
-0.5677809888
-0.4433391084
-0.5113617867
-0.5803285856
-0.3889698339
-0.4007795436
-0.5847223697
-0.3552469467
-0.4488330846
-0.4675184561
-0.4440849070
-0.3498760801
-0.4770568238
-0.5072698929
-0.3112371628
-0.3287055790
-0.3659262484
-0.4855874284
-0.4489530488
-0.3894985578
-0.4978462712
-0.3864895129
-0.5008646565
-0.4348337435
-0.3785059606
-0.4128631354
-0.4416322348
-0.4343147731
-0.3489832308
-0.4535977289
-0.4782092331
-0.4050754095
-0.3060190380
-0.4112701094
-0.5316122199
-0.5281804490
-0.3648829355
-0.4422698252
-0.4142199572
-0.3131715566
-0.4805690546
-0.4214402551
-0.3711438271
-0.4581404237
-0.5033271502
-0.4220135098
-0.4021766427
-0.3880360303
-0.5565128585
-0.3782635919
-0.2689315114
-0.5144352555
-0.3242119220
-0.3361120830
-0.3912123360
-0.4426760124
-0.4655397703
-0.3122608978
-0.4281742404
-0.3777439294
-0.4182283740
-0.4284624422
-0.3382313378
-0.5364240926
-0.4159162131
-0.1482839376
-0.3539219590
-0.2189486433
-0.4151475776
-0.3897865656
-0.2976291408
-0.5264554650
-0.3197385037
-0.4195527624
-0.3445882937
-0.2656977057
-0.4750256464
-0.3512792700
-0.2479306771
-0.2144055798
-0.3765800974
-0.4321138710
-0.3677144182
-0.3540296374
-0.3359526195
-0.1816887603
-0.4116628929
-0.3234198853
-0.2039182489
-0.3245846368
-0.3220043995
-0.5941409722
-0.3999379655
-0.3454223318
-0.2975177912
-0.1635928920
-0.2472585059
-0.1018213328
-0.3593038967
-0.3646535829
-0.3146389412
-0.4021123778
-0.3904830438
-0.1651292034
-0.2678301866
-0.3805231167
-0.1637755107
-0.2538003812
-0.3357192620
-0.3876227125
-0.0945920562
-0.2482451088
-0.2660480883
-0.3219180722
-0.2833151255
-0.2057716427
-0.2744451707
-0.2836329825
-0.1812274036
-0.2915111805
-0.1870647959
-0.2040437113
-0.2752431162
-0.2252910915
-0.3313321540
-0.2471777298
-0.2478430462
-0.2478776694
-0.3044369411
-0.3370215282
-0.3099234571
-0.2239427717
-0.2232491565
-0.2033147987
-0.1898598950
-0.1913722857
-0.1565044812
-0.3158469248
-0.2343833096
-0.1548707294
-0.1841407415
-0.1859107695
-0.3241513602
-0.2021985705
-0.2407080358
-0.3534925754
-0.2689175992
-0.3007315356
-0.2605055095
-0.2797547695
-0.2270210786
-0.2568061910
-0.2148079021
-0.2320019204
-0.3264572669
-0.2237247073
-0.1883249494
-0.0365783929
-0.3037770860
-0.0870356333
-0.2684066774
-0.0463814824
-0.0828633273
-0.0269085366
-0.1456669873
0.0520546482
-0.2368165235
-0.1267179130
-0.2012004898
-0.0629000034
-0.1740689885
-0.1884415731
-0.1442344900
-0.0311132515
-0.1065991843
-0.0924557234
-0.2108541456
-0.0738662550
-0.2429383368
-0.1132609696
-0.1447811438
-0.2147882762
-0.1241655910
-0.1150642146
-0.0572689306
-0.1076556181
-0.2347401148
-0.1351620189
-0.0403708130
-0.1968761233
-0.0865519186
-0.1229241858
-0.3261519279
-0.1296041212
-0.1324637623
-0.1104322167
-0.0613396534
-0.2513915240
-0.0768118942
0.0107131049
-0.1892107639
-0.1053530555
-0.1411096807
-0.0370304875
0.0730710892
-0.0591021702
-0.0859050616
-0.1208367990
-0.0995607615
-0.1422815754
-0.0105155624
-0.0220996420
-0.1262134142
-0.2394943233
0.0063611125
-0.2530910726
0.0071068445
-0.0297182582
-0.0901171127
-0.0194534866
0.0090177975
-0.2041020961
-0.1369952131
-0.0130085099
0.0156317266
0.0696142864
-0.1224293782
0.0915551010
-0.0917216408
-0.0291253096
-0.0545993539
0.0588654003
-0.0034635670
-0.0033520882
-0.0879017905
0.0830390075
-0.0079794700
-0.1308398316
0.1042070181
0.0922726313
-0.0024307544
-0.1051513326
-0.0251048079
-0.0518579426
0.0121128257
0.0223117414
-0.0701115260
0.0397805741
0.1049886099
-0.0099289415
0.1071251255
-0.0190418954
0.0071536844
-0.1342407489
-0.0798627615
-0.0295788019
0.0230144663
-0.0977663053
-0.0002168602
0.0331857461
0.1561973284
0.0640185969
0.1723756705
0.0402152883
-0.0138705042
-0.0421126838
0.0815650414
-0.0198993889
0.1261563103
0.2300396714
0.1508352373
-0.0513937315
-0.0293902801
0.0050788966
-0.0651336867
-0.1116478884
-0.1241760229
0.1035051509
0.1470857878
-0.0249409828
0.1269285046
0.1024913119
0.1008018518
0.2130133781
0.1363594834
0.0721057728
0.0771714814
-0.0355949906
0.1584592737
-0.0040713329
0.0082268432
0.0181990091
0.0678763510
0.1340444146
0.1917914923
0.1198523351
0.0900736163
-0.0016264768
0.0240971747
0.0796136004
0.0050105270
0.0587407227
0.0950195191
0.2477625982
0.1670186832
0.1517722599
0.3849957247
0.1630372749
0.1232645659
0.2006609030
0.0515682178
-0.0005903099
0.1774250850
0.2423255415
0.1104373800
0.2193181333
0.1696393691
0.1015853346
0.1337506493
0.0175781979
0.2316025429
0.1054943333
0.2380853986
0.1319911682
0.2286179394
0.0456658248
0.2661585724
0.2245364308
-0.0384395575
0.1292016990
-0.0023695688
0.1766420087
0.1297806636
0.2336282855
0.3727846025
0.1167781214
0.0732001683
0.1376131480
0.0327106080
0.1058618257
0.2131491710
0.2257002956
0.3171094098
0.1683620614
0.1537588251
0.3097990454
0.2010189143
0.1580363654
0.1358318380
0.2574632245
0.2805764160
0.4051541745
0.2247032707
0.2919349590
0.3353046505
0.0812562533
0.2016243918
0.1651486389
0.2901882403
0.2402958474
0.1149788231
0.1027221489
0.1160773239
0.1681285421
0.2513180873
0.2533402809
0.2859658176
0.1425588575
0.2017843318
0.2677738489
0.3099870100
0.0961639986
0.2387582812
0.2044555348
0.1894959926
0.1409048566
0.2322212615
0.1269157013
0.1000448963
0.3478449615
0.3517906134
0.2039192222
0.3358587513
0.2528306761
0.1677229661
0.2101810713
0.2827835404
0.3708439083
0.3215195952
0.5150472115
0.2954560802
0.3334756602
0.3260896613
0.2460376490
0.3768023115
0.3200535902
0.4078210397
0.4782494628
0.3187163197
0.1803971815
0.3554388733
0.3225563141
0.4380508081
0.3355472463
0.2764946614
0.4530354149
0.3308406364
0.4092934750
0.3767790146
0.3009913900
0.4857464858
0.3218257709
0.4183277311
0.3331713990
0.1765292828
0.3052417445
0.3271675034
0.3763220057
0.1582890969
0.4415619496
0.1450729475
0.4151348320
0.2736934456
0.3000788980
0.4871356746
0.3024847117
0.2283664334
0.3425411923
0.4165608854
0.4487780025
0.3606464304
0.4542663362
0.4832665248
0.3269759376
0.4297308931
0.3319003992
0.3798312189
0.3683514361
0.3120212860
0.4160455108
0.4051524633
0.2794974384
0.3528292122
0.3878620549
0.3821651827
0.4582943329
0.3242078026
0.3694246220
0.4057819361
0.4903556707
0.4638964554
0.4393530022
0.4620646239
0.5045449462
0.4734420875
0.3123125692
0.5426034329
0.5479728634
0.4954241979
0.4212462223
0.3338585078
0.4505815374
0.5090049833
0.3322058427
0.4242976108
0.4435173429
0.5699969774
0.5584423638
0.4458602906
0.3944873107
0.3455567385
0.4847421304
0.4722460560
0.5326439832
0.5266614865
0.5721826890
0.5757637963
0.4168753750
0.4793774588
0.4938673413
0.3941995802
0.4687701131
0.4995279743
0.5308152005
0.4890555786
0.3162211848
0.3528298640
0.6163469701
0.4534004647
0.5621168896
0.5973557568
0.3492496081
0.3700789607
0.5601199885
0.6955836024
0.5005756567
0.4519618324
0.3916079767
0.5658817275
0.4957538821
0.4728646617
0.4449617568
0.5573775726
0.2903770218
0.4388196580
0.5652549684
0.7481580486
0.5732609066
0.4628210647
0.5387278346
0.4970637770
0.6404978312
0.5949248304
0.4518820317
0.4553544336
0.5570896428
0.5365166310
0.5320513705
0.6345679956
0.5252151612
0.5552257922
0.7513936510
0.5834358371
0.5921224928
0.6082698239
0.5581533604
0.4253321706
0.5629455276
0.6904194927
0.6538975058
0.5036627053
0.5629737953
0.5138402951
0.5424517129
0.7483703697
0.5879262405
0.5958803400
0.7171642652
0.5565656779
0.4422336743
0.6495911597
0.6355202801
0.5925074895
0.5155568928
0.8398922993
0.7252211944
0.7150130202
0.6670038033
0.5739584324
0.6906017019
0.5397640251
0.6735858627
0.6148422077
0.6450289321
0.5340191925
0.6292055928
0.5767088591
0.6632664662
0.6149581008
0.6122595128
0.6796845445
0.6522865921
0.6814112945
0.7351450070
0.5577477411
0.5668863828
0.6106314662
0.6360529461
0.5997395320
0.6249412193
0.6094226506
0.7238989958
0.5912277857
0.6263869072
0.7512079547
0.5501993820
0.5845447745
0.6855153750
0.6146509941
0.5756212476
0.6222168593
0.5208972817
0.5145813347
0.7006626865
0.6693107759
0.9021569982
0.5907906223
0.5677041858
0.5889114502
0.6349728720
0.6613195451
0.6180090046
0.6732472992
0.6752997111
0.6896157927
0.6884341730
0.5943982557
0.7210185752
0.8731988498
0.7349047884
0.6234572839
0.8001044804
0.8204930951
0.7364099049
0.7052078597
0.8054072640
0.7032198739
0.7241142248
0.7825675486
0.7405492453
0.6180553531
0.8224231153
0.7896164936
0.7891102468
0.7382807841
0.6387367218
0.6446921199
0.5172054078
0.7783000272
0.6930305115
0.7674051348
0.8590882248
0.8369040250
0.8159643684
0.6107671860
0.7291640215
0.8313778061
0.8728969764
0.8001254311
0.7028836540
0.7468278509
0.8112667420
0.8616913644
0.6335789833
0.7842219286
0.8136953161
0.7733153409
0.7753662703
0.6849880421
0.7724834516
0.6925064701
0.7763301312
0.8704483368
0.7981731187
0.7209322733
0.8425193048
0.7851453458
0.8486337229
0.7631993065
0.9338025628
0.8783388795
0.8427553855
0.7531977821
0.7278710657
0.7986164951
0.8644168524
0.8569072855
0.7044410244
0.7089128541
0.7187010039
0.8134916892
0.6762577807
0.8011304586
0.8129036440
1.0171434178
0.8536993481
0.8187439567
0.8265827395
0.9826247564
0.8428689137
0.9199975968
0.8850499485
1.0209322003
0.6749043561
0.9128720139
0.8060446855
0.7925451046
0.9318568953
0.7714307845
0.8152736708
0.7830040333
0.9436663948
0.9948136533
0.8536302395
0.7733286652
0.8178133064
1.0052162617
0.9270144692
0.8633089483
0.9787546676
0.9208502813
0.8878626521
0.9616447230
0.7543259730
0.7787479096
0.8786550838
0.7878231638
0.7659279801
0.8260272638
0.6892443212
0.8725515897
0.9779979325
0.9899757432
0.9342362426
0.8732640820
0.9702955193
1.0652446264
0.8938999329
1.0545225450
0.9183310451
0.9407119679
0.9377576702
0.7174637081
0.8866053790
1.1092364096
0.7687637940
0.9403538962
0.9982177821
0.7947895337
0.9637087540
0.9162742729
0.9973463332
0.9799643282
0.9550750298
0.8816906908
0.9842049643
0.9428855614
1.0503735244
0.9370626997
1.0054757672
1.0301053426
0.9731317591
0.9234585558
0.8638671689
0.8626376799
0.8080445114
0.9480163998
1.0423118161
0.9271165328
0.9208749676
0.9867227547
0.9484309783
0.9181424380
1.0247664082
1.0955763127
1.0242648932
0.9691740042
