-0.8667714185
-1.0116405655
-1.0032648537
-0.9566152968
-0.9500609882
-0.9258579420
-1.0033242742
-0.9232686909
-0.9822516916
-0.9874910972
-1.0324159517
-0.9991680995
-1.0617639820
-0.9936409579
-0.9332901556
-0.9483051523
-1.0126414528
-1.0303341759
-0.8922535131
-0.7284311263
-0.9950586044
-0.8856798862
-0.9442859570
-1.0134465689
-0.9156894558
-0.8869783584
-0.9900382521
-0.8151729322
-0.9942664041
-0.8960813967
-0.9767006842
-0.8664593652
-0.7685802897
-1.0407878663
-0.8822790095
-1.0208762053
-0.9190000055
-0.8266599859
-0.7797878750
-0.8125374373
-0.8979945850
-0.7516636165
-1.0156793087
-0.9250666659
-0.9561314588
-0.7047115820
-0.8526149306
-0.8648520843
-0.9559632181
-0.8106574159
-0.8089975434
-0.8957370764
-0.9586376045
-0.8629402116
-0.8962021536
-1.0090593996
-1.0416972996
-0.8204017092
-0.9546098303
-0.7744752813
-0.8525362153
-0.9593334507
-0.8583358245
-0.8000941116
-0.9254373314
-0.9237789888
-0.8443308544
-0.9162591224
-0.9024932688
-0.8490073822
-0.9391259109
-0.7444864477
-0.7289918942
-0.7817021752
-0.9798556239
-0.9596733229
-0.7993354189
-0.8390342806
-0.8407052422
-0.7839881529
-0.7882019643
-0.7572655920
-0.7875611455
-0.9966925360
-0.7489211186
-0.7160106042
-0.8045743291
-0.9636374469
-0.9564764630
-0.8001043856
-0.8118678289
-0.5459904354
-0.6571807088
-0.8596059210
-0.9390117164
-0.7703938186
-0.7876225346
-0.8165784332
-0.8142404210
-0.8189302741
-0.8693234032
-0.8492589591
-0.7399013898
-0.8617530750
-0.8557948269
-0.8015985520
-0.9138543663
-0.9777648410
-0.9099713813
-0.7364935372
-0.8258190172
-0.8654734851
-0.7485109862
-0.8060725992
-0.8334771537
-0.6620213771
-0.6708619251
-0.5966819644
-0.8151369491
-0.6110711828
-0.6260652070
-0.7127841749
-0.8071568228
-0.6555204990
-0.7292174741
-0.5769124335
-0.5956240214
-0.6335213754
-0.9263920912
-0.7077982002
-0.7046047813
-0.6687559983
-0.7175575910
-0.7432965317
-0.7116476509
-0.7951707213
-0.6553143030
-0.6709217497
-0.7093085635
-0.6542877823
-0.7942589044
-0.6715410380
-0.7433896024
-0.7988507196
-0.6200700539
-0.7994858997
-0.7004025393
-0.7389110176
-0.7626252505
-0.5156166863
-0.7280343042
-0.8085162964
-0.5644793387
-0.6700481317
-0.6556646779
-0.6860812047
-0.7289836132
-0.5935172048
-0.7078454737
-0.7981658448
-0.8038677539
-0.6146714832
-0.5232397730
-0.6837967456
-0.5838301532
-0.7465308467
-0.7362632200
-0.6949766049
-0.5960127532
-0.7737296745
-0.7283162368
-0.6571522331
-0.6978925627
-0.6293169568
-0.5894970621
-0.7015927221
-0.6450179945
-0.6157025190
-0.6569782473
-0.5908861696
-0.6103035163
-0.5114907462
-0.7027721106
-0.5905805631
-0.7223749064
-0.7208128112
-0.5352893175
-0.6344783221
-0.5905021023
-0.6921126881
-0.6884339334
-0.6893365391
-0.7001093487
-0.6868227658
-0.6786481596
-0.5669314164
-0.6151819391
-0.4582605525
-0.6316752177
-0.5784165429
-0.5163542086
-0.5511433318
-0.4981393068
-0.5315002816
-0.6145495831
-0.5496452791
-0.6920796688
-0.5022503062
-0.5472883115
-0.5432833013
-0.8232288367
-0.6711172185
-0.6282570914
-0.6112956686
-0.3698678394
-0.4514301344
-0.5358583989
-0.5371667867
-0.5482711758
-0.5895046315
-0.5999916542
-0.6306435365
-0.4832045515
-0.5337661565
-0.6081068908
-0.5067778886
-0.6308178163
-0.5001382731
-0.5685662336
-0.4958160631
-0.3298390709
-0.6121855233
-0.5914087783
-0.5848064862
-0.5987891540
-0.5166648820
-0.5038382470
-0.5021634490
-0.5460990922
-0.4859054623
-0.5617565939
-0.6022751554
-0.4504577120
-0.5131764381
-0.4929665925
-0.5534494747
-0.5381512934
-0.5448478219
-0.4518522709
-0.5403651994
-0.4496237436
-0.5469839770
-0.4324326777
-0.4942314498
-0.5487241582
-0.4841391653
-0.3027714073
-0.4401982507
-0.5691600622
-0.3940266358
-0.3542153320
-0.4560492815
-0.4476994688
-0.3661868868
-0.5261018059
-0.5816813825
-0.5034513718
-0.5207634617
-0.4053124298
-0.3839129538
-0.3741470522
-0.4157195693
-0.4011791500
-0.4558075205
-0.5705114898
-0.5079926464
-0.3812040066
-0.4531084150
-0.4086105914
-0.3631583251
-0.3031816526
-0.5528769051
-0.3632505229
-0.3466001112
-0.4556966064
-0.3918647011
-0.4157756190
-0.4155342959
-0.4435614917
-0.4305925248
-0.5002253659
-0.4856373107
-0.5215702493
-0.3720031328
-0.5556145394
-0.3253528603
-0.3465668738
-0.4600911591
-0.2828672526
-0.3753672351
-0.3745094190
-0.4224121411
-0.4280440225
-0.3166573795
-0.2661671262
-0.4398829923
-0.3593588450
-0.4300278036
-0.3522328981
-0.3086285238
-0.5021140611
-0.4026945338
-0.4577615632
-0.3371201603
-0.3515652955
-0.2823114750
-0.5251916418
-0.2610294915
-0.4083415968
-0.2543379173
-0.2781485414
-0.3273283251
-0.2507070359
-0.3116391663
-0.2897154731
-0.3792697488
-0.3951032372
-0.5249317831
-0.3680490425
-0.3024517423
-0.2752293513
-0.4489106363
-0.3346845957
-0.4246933964
-0.3378999876
-0.2194424240
-0.4184601798
-0.3400778319
-0.2599335693
-0.3489000580
-0.3420250113
-0.1865567380
-0.2273712270
-0.1091879087
-0.4605844687
-0.3731726296
-0.3025696416
-0.3177817591
-0.2885510722
-0.3217292691
-0.3045419421
-0.3590455542
-0.2296930597
-0.1782998631
-0.3675264900
-0.1877358817
-0.4394408465
-0.3362862113
-0.3845974768
-0.2894681184
-0.3021968531
-0.3052137921
-0.2430633699
-0.3671737214
-0.4628620151
-0.4331695536
-0.2573483034
-0.3269270790
-0.1001626134
-0.2825288558
-0.1994800550
-0.2316750306
-0.2050208803
-0.2284245902
-0.3023650286
-0.1826009279
-0.2484286603
-0.3126640442
-0.2055070610
-0.2110330314
-0.3480201923
-0.0805708522
-0.3242868626
-0.4038087814
-0.2999638838
-0.2687997368
-0.1443195093
-0.1327802222
-0.1277305604
-0.0005236912
-0.2915533755
-0.3311061053
-0.1511682065
-0.3006452145
-0.1618872480
-0.2077876121
-0.1951416540
-0.2497493785
-0.2943292345
-0.3358603733
-0.2637145695
-0.2114837864
-0.1050071658
-0.1894731088
-0.0996058114
-0.1282957825
-0.2847657140
-0.0506140011
-0.1951487418
-0.1397416876
-0.1867640515
-0.1327755320
-0.0775656058
-0.0713600242
-0.2692417946
-0.2379880015
-0.1098592914
-0.3053083144
-0.1888583330
-0.2355173094
-0.3088025746
-0.2230818988
-0.0804348115
-0.0996706384
-0.0060914431
-0.2053516670
-0.2021829614
-0.1093347691
-0.1171842345
-0.0823879648
-0.1624188561
-0.1782860994
-0.1132440630
-0.0724956171
-0.0420724680
-0.1829386085
-0.0370467770
-0.0191500532
-0.2450823350
-0.0583287137
-0.0347260113
-0.0891110144
-0.1107386671
-0.0635370429
-0.0207709115
-0.1590465577
-0.1044876725
-0.0694335969
-0.1292514252
-0.0216120305
-0.0337460957
-0.1348778240
-0.1614172153
-0.0076939118
-0.1256057459
-0.1034814718
-0.1325796903
0.0208659676
0.0299207840
-0.1444229206
-0.1064492538
-0.0839947803
-0.1191453000
-0.1534729666
-0.0813040804
-0.1417360803
-0.0200489749
-0.0187736779
-0.0621121548
-0.1284746657
-0.1660337179
-0.1440618740
-0.1280690630
-0.1553763204
-0.1297042622
-0.0514594813
-0.0152720478
0.0833220503
-0.0713328147
0.0153519340
0.2322670611
-0.0167564040
0.0082702829
0.0479097255
0.0369536599
-0.1752998860
-0.1431187214
-0.1298476704
-0.0272816762
0.0622052462
-0.0756397446
0.0768669812
0.0381631433
0.0072909983
0.0745411893
-0.0247163222
-0.0267100215
-0.0006574086
-0.1415538657
-0.0737726867
-0.0822790390
0.0596867972
0.1447979470
-0.0235096135
-0.0794756024
0.0354696105
-0.0964883715
0.1182871846
-0.1408136803
0.0266962985
0.0182362947
0.1820845135
0.0132044540
0.0209595693
0.0382566851
0.0889799655
-0.0300277509
-0.1470930171
0.1183743983
-0.1207322326
-0.0426981750
0.0146269199
0.1152591920
-0.2205350036
-0.1063529874
-0.0157850524
-0.1042623519
0.0967113677
-0.0641870443
0.0239226472
0.1039870558
-0.0562718912
-0.0420414176
-0.0753561476
0.0840530071
0.1115416131
0.0326533152
-0.0284061045
-0.0075662590
0.0747554261
0.1092686984
0.1128451462
0.0667900039
0.3294910052
-0.0723229354
0.2437916189
0.1775586581
0.1763151904
0.0044030018
0.0535166674
0.1719609587
0.0245015939
0.0752442776
-0.0483001782
0.1037357566
-0.0716312450
0.1454225568
0.1450002455
0.1288425232
0.0879231279
0.0723237739
0.1344924216
0.1648274179
0.1521890249
0.0708519896
0.1102980257
0.1478746065
0.0303686520
0.1652553296
0.1327406274
0.2860432313
0.0302704782
0.2173767602
0.1536952305
0.0237470642
0.1478769370
0.0292555532
0.1587456798
0.1753424340
0.2793369877
0.1326366705
0.1916443529
0.1692832900
0.2173801644
0.0954946460
0.1134342047
0.2648189410
0.1633096537
0.0810616236
0.1795164374
0.2222734135
0.3011972728
0.2655564369
0.1695291592
0.2546339093
0.0519672036
0.2280907777
0.2719575865
0.2259060899
0.1906547511
0.0495670569
0.2378799919
0.1759436289
0.3032548067
0.2684536448
0.1392680789
0.1756650906
0.2955815886
0.1041187718
0.2333790756
0.1406455734
0.1514424141
0.3129677129
0.2930589551
0.2603257436
0.1913041597
0.2352909619
0.0770254459
0.2745367931
0.3720748427
0.3938595255
0.1171803204
0.3887380554
0.1935921888
0.2895997243
0.1986218370
0.1825453363
0.1605685522
0.2396464276
0.2681377019
0.4261739265
0.2356497144
0.1250172714
0.2015671447
0.3007280580
0.2734550966
0.3582827479
0.2972725032
0.3209154749
0.2636116187
0.2571307591
0.1406104152
0.2482460555
0.1575178161
0.2948141833
0.4181634676
0.3553188202
0.1945355610
0.3614061077
0.4624452215
0.2064702172
0.2842974287
0.1430654169
0.2915292821
0.1754669984
0.2413728468
0.3156531778
0.2147674991
0.3169605886
0.2659443714
0.3157956879
0.3791134602
0.2709506122
0.2208650913
0.2788432869
0.2970297707
0.3297758751
0.3365166715
0.2189461513
0.3271483311
0.4133926071
0.2820029491
0.3664847499
0.2987946573
0.2313833005
0.3219885603
0.4626985851
0.3029124656
0.3234097728
0.3952993657
0.3861351409
0.3165574666
0.2638060829
0.3157029420
0.4287954242
0.3881962979
0.4796330235
0.4046156882
0.5107123265
0.4091818179
0.3254587247
0.4135226355
0.3085245226
0.4185423136
0.2264643420
0.4358861805
0.4153745871
0.3632032527
0.4643533530
0.2972379206
0.4280193792
0.3306343030
0.5012605303
0.4269404627
0.3092088803
0.5376471016
0.3990132266
0.3599696663
0.4307801004
0.3979379607
0.4469008422
0.3661052255
0.3732823107
0.4311308949
0.3610316834
0.2608012493
0.4643195605
0.4399879185
0.4295729434
0.4452789932
0.5047607780
0.4196751189
0.4168800752
0.5963471292
0.4948774435
0.4808300740
0.4884580328
0.5074045000
0.5218412105
0.3716265808
0.4637225420
0.5295784064
0.3493952987
0.5461769048
0.6059555195
0.5300774648
0.3143709370
0.4016430755
0.4975555729
0.5933756052
0.6123749361
0.5026995457
0.5345769045
0.4324109890
0.3997266870
0.5161466759
0.5487972492
0.4862052044
0.6144503177
0.5481993201
0.4195055672
0.6585549676
0.5263191296
0.4994297555
0.5605506706
0.4905491247
0.5249758928
0.6543718619
0.5356879987
0.4202225628
0.5452031282
0.5457302568
0.5381614509
0.6139263172
0.5386132282
0.7530562925
0.5223790141
0.5374095356
0.3810084119
0.5260212992
0.4780273849
0.5450907605
0.5697496346
0.5855997987
0.4119219105
0.6353453978
0.5724613115
0.4691075673
0.7314841117
0.5957094791
0.5912527302
0.7188078158
0.5158073424
0.6140085295
0.5716781741
0.4830104742
0.6065108822
0.6152676077
0.6484046303
0.6499231451
0.5378650863
0.4500311445
0.5326719931
0.4760133751
0.4593260002
0.6875384910
0.4202314969
0.5265665471
0.4266307934
0.5609579652
0.6647434289
0.5622832072
0.6384707351
0.6432872993
0.5110621956
0.5682912131
0.6851516224
0.5748217035
0.5598411443
0.5276463444
0.7646923321
0.5748224104
0.5675454203
0.6155842021
0.6831871167
0.4581987526
0.6212166637
0.6239848563
0.6542632414
0.7635290795
0.4742244004
0.5748216099
0.7240140724
0.7668968814
0.5780157557
0.5271140254
0.6029523412
0.8929956097
0.6673973097
0.6336476194
0.7370804388
0.5446192141
0.7167722918
0.7480417710
0.6124837115
0.6593324704
0.6516584126
0.5900842111
0.7225936850
0.7559976050
0.7254178176
0.6247116926
0.5837036836
0.6928809052
0.5815026708
0.7809608811
0.6944443404
0.7122145747
0.7424289233
0.8033705380
0.6785173099
0.7522083471
0.6371338239
0.5575821446
0.7176373544
0.6048301864
0.6856933329
0.6163718484
0.7297985725
0.7953915223
0.7497830763
0.6791931434
0.6353302200
0.6532207689
0.8409681502
0.7476887696
0.8598072484
0.9179259196
0.8186214594
0.7644025590
0.6573037756
0.6993487761
0.6199465599
0.7193348023
0.8532304937
0.8727282559
0.8250593178
0.6628977883
0.6466081256
0.8277534638
0.7672559514
0.7213641938
0.7689351794
0.7981659855
0.8203690925
0.7220600847
0.9082473338
0.8146620416
0.8395939038
0.7274876196
0.8181569228
0.9551442382
0.7020259208
0.7405085506
0.8128436838
0.7961489910
0.6810172573
0.8000728513
0.7974521164
0.8449332766
0.7064132025
0.6950709232
0.8163552272
0.7648028872
0.7998655773
0.9506709288
0.7727784200
0.8528153283
0.9035498431
0.8055418585
0.9373123946
0.7687724484
0.9192061832
0.9882561998
0.7724333987
0.8001733299
0.8126699366
0.9033425845
0.8807443287
0.8045936232
0.8188183978
0.7830506232
0.8852081415
0.8263685227
0.8417696199
0.9620583054
0.8703789991
0.7692227380
0.9366635351
0.8247747763
0.8260948757
0.7641460850
0.9843896341
0.7894794646
0.9051165400
0.8786458493
0.8455414362
0.9221681402
0.9681214447
0.8628263539
0.9998084553
0.8013517232
0.8039124190
0.9158210585
0.8133620328
0.9017686143
0.7221337909
0.9415137535
0.9904101453
0.8142633264
0.8385932948
0.9637738478
0.8779684303
0.9703019337
0.9077066982
0.8145432211
0.8277347188
0.8427779549
0.8354294862
0.9374261785
0.9539274890
1.0142812314
0.8805750524
0.8779607853
1.0236713642
1.1053003007
0.9744648253
0.9036476305
0.8645471312
1.0327576631
0.9138247834
0.9636624755
0.9214404792
0.9294921071
0.9225500554
0.8877874517
1.0021533586
1.0017717371
0.9310686240
1.0766970770
0.8873275761
0.9352407570
0.9194214555
1.0422760792
0.9679777555
0.8987370077
1.0014547397
0.9705848191
1.0270549104
0.9992617792
1.0620068857
1.1165239403
1.0494594530
0.9973123127
1.0499750744
0.9044893786
1.0716956523
1.0588402613
1.0532583877
1.1212790419
