-1.0002077270
-0.9702241765
-1.0074542595
-1.0573535761
-1.0251908771
-1.1288392625
-1.1153943170
-0.9952589218
-1.0528262583
-1.0225162272
-0.9153644872
-1.1281926619
-1.0693700118
-0.9433336334
-0.9375988708
-0.8758604674
-1.0741364025
-1.0296417246
-1.0145161036
-0.9392326007
-0.9659498673
-0.7689777423
-1.0619059790
-0.9140421936
-0.9194228437
-0.9237470423
-1.0439716155
-0.9871096728
-0.9633740454
-0.9793613627
-0.9053461683
-0.8898342270
-0.9726781182
-0.9234632885
-0.9682958071
-0.9234121963
-0.9675892547
-1.0945796779
-1.0500156553
-0.9960911045
-0.9184732308
-0.9142256707
-0.9190513826
-1.0258879062
-0.8682442917
-0.9216569578
-1.0131618107
-0.9659740496
-0.8112656128
-0.8226272122
-0.9562597912
-0.9016707744
-1.0066446421
-0.8835694752
-0.9155522733
-0.9580540326
-1.1330757023
-0.9377707321
-0.8965938786
-0.9032712585
-0.8234048814
-0.9214171454
-0.8283109544
-0.9145534162
-0.8672410857
-0.8406050149
-0.8701325006
-0.8998252232
-0.8884627206
-0.9221200620
-0.7620097483
-1.0519896213
-0.8903055986
-0.8074150842
-0.6847577432
-0.8718075848
-0.7388932703
-0.8031016182
-0.9279336107
-0.9565770262
-0.9504623783
-0.8947973663
-0.7452725930
-0.7970480112
-0.7685185267
-0.8521426384
-0.8119251410
-0.7303066370
-0.8503986994
-0.7174570083
-0.8060932489
-0.6605579663
-0.8160744889
-0.9685571803
-0.8554867975
-0.8468831214
-1.0288740241
-0.6958574144
-0.8235070910
-0.7061483061
-0.7761260757
-0.9175926104
-0.8173904733
-0.8755193570
-0.7988272818
-0.8046492597
-0.7961007189
-0.9004557270
-0.8593892873
-0.9167894649
-0.7071895472
-0.8598669131
-0.7928135067
-0.6780618482
-0.7336464808
-0.8660030634
-0.7818143438
-0.8347451855
-0.7179183917
-0.8064876590
-0.7513920185
-0.6673039613
-0.7062569002
-0.7806237218
-0.7038109275
-0.7976426346
-0.7750957827
-0.7027552676
-0.8560009891
-0.7073264812
-0.7302099538
-0.6108610570
-0.7190610123
-0.8764478496
-0.8705979123
-0.7061184338
-0.6827753921
-0.7247080771
-0.6347580374
-0.9139487618
-0.7910269145
-0.7305534898
-0.7966717410
-0.6144651403
-0.6199632569
-0.7950787139
-0.7031247728
-0.6478579573
-0.6846815377
-0.6310841716
-0.5714374614
-0.8445626053
-0.8880380881
-0.6775661408
-0.8534056572
-0.6822558339
-0.6524897861
-0.6533278941
-0.7290396763
-0.7687421552
-0.7659564849
-0.7832628566
-0.7564898842
-0.6597719560
-0.7104822499
-0.4981593072
-0.6725901238
-0.5455389228
-0.5855716525
-0.6674077802
-0.6850706777
-0.7207124691
-0.6189404396
-0.8393935269
-0.5532945264
-0.7543966235
-0.6523839350
-0.8994340000
-0.7006342296
-0.6736425636
-0.6273921969
-0.5499347231
-0.4989207910
-0.6193108498
-0.4649670051
-0.7469452262
-0.6387897368
-0.6970524462
-0.5286038763
-0.8599729312
-0.5950476289
-0.6833803132
-0.7105398603
-0.5915233399
-0.6140313257
-0.6279158679
-0.7792061259
-0.6409905392
-0.6384548927
-0.7049308585
-0.5216393733
-0.6487244342
-0.6549991068
-0.7018705929
-0.5876952410
-0.6693429534
-0.5454526065
-0.4933690734
-0.4620373354
-0.7283818605
-0.5837925168
-0.5095474757
-0.6514501658
-0.5576732670
-0.4625605182
-0.6431114901
-0.6165307212
-0.6941726385
-0.4986142412
-0.6085168895
-0.5796022113
-0.6218704761
-0.4302675660
-0.5565284180
-0.4388866082
-0.4866736054
-0.4712455628
-0.5506267886
-0.5921690677
-0.4872899626
-0.4319190818
-0.5638063705
-0.6414802082
-0.6087453137
-0.5003605818
-0.5550650322
-0.6408167816
-0.5479031373
-0.5502735945
-0.6489870651
-0.6033148045
-0.4702008347
-0.5850967720
-0.5187032961
-0.6587223337
-0.5318016124
-0.5743221508
-0.3859446064
-0.5024094218
-0.6476149273
-0.6290152570
-0.5542250804
-0.4764933097
-0.5907061814
-0.4474683883
-0.4954020501
-0.5959937953
-0.3843695735
-0.3822482255
-0.5975529825
-0.3671988503
-0.4408078289
-0.4803956306
-0.4247160171
-0.3692932923
-0.4811741521
-0.4786196206
-0.2942559278
-0.3267645447
-0.3531041914
-0.4629668174
-0.4475487767
-0.4113212469
-0.4870737772
-0.3785641431
-0.4931866675
-0.4335977995
-0.4072628529
-0.4195106487
-0.4309711512
-0.4303741922
-0.3396514500
-0.4288389860
-0.4623381565
-0.3935438065
-0.2837272870
-0.4042905369
-0.5334046952
-0.5392038070
-0.3561014189
-0.4336413674
-0.4331944932
-0.3304915865
-0.4794510219
-0.4330167985
-0.3707750361
-0.4560903948
-0.5113410692
-0.4385551967
-0.3903080612
-0.3913390013
-0.5345374256
-0.3760495519
-0.2785244939
-0.5113464822
-0.3300571770
-0.3546609987
-0.3890089526
-0.4404612985
-0.4550675083
-0.3225012712
-0.4242051508
-0.3605136363
-0.4171340908
-0.4222339890
-0.3430539151
-0.5162787626
-0.3991767212
-0.1549097925
-0.3662585565
-0.2439858505
-0.4021383528
-0.3996626865
-0.2906172184
-0.5179149621
-0.3142698890
-0.4505231696
-0.3388650042
-0.2551849756
-0.4788149938
-0.3473486950
-0.2373087468
-0.2232690122
-0.3831424109
-0.4174457995
-0.3564246552
-0.3582390142
-0.3425239540
-0.1674083797
-0.4193152256
-0.3535051995
-0.2211088407
-0.2991089865
-0.3208446652
-0.6203647254
-0.3910302522
-0.3662318773
-0.2876065372
-0.1777032088
-0.2405684616
-0.1208940281
-0.3342245731
-0.3501792934
-0.3151644757
-0.4038784464
-0.3785313034
-0.1772261525
-0.2815992335
-0.3739854463
-0.1698326040
-0.2442669455
-0.3594800275
-0.3997917169
-0.1168970427
-0.2336668695
-0.2403912456
-0.3017420033
-0.2910552228
-0.2062738006
-0.2791064695
-0.2887316886
-0.1916315779
-0.2910212008
-0.1845401737
-0.2183855848
-0.2908687296
-0.2474017898
-0.3074710809
-0.2635113523
-0.2820711041
-0.2611611110
-0.2930370764
-0.3454237839
-0.3113208320
-0.2289386471
-0.1992574654
-0.2013265274
-0.1510246958
-0.1750260070
-0.1466644846
-0.3027487791
-0.2205158185
-0.1280253349
-0.2000885860
-0.1868417370
-0.3410477017
-0.2038908862
-0.2304070846
-0.3449318922
-0.2859377712
-0.3107215067
-0.2676657254
-0.2601730899
-0.2340365278
-0.2653110970
-0.2132027544
-0.2555577057
-0.3311672438
-0.2350697057
-0.1786055830
-0.0390676428
-0.3195157241
-0.1035480639
-0.2515757016
-0.0533967510
-0.1127032428
-0.0240887889
-0.1480532771
0.0535480772
-0.2274593375
-0.1125427282
-0.2211242799
-0.0464692791
-0.1635400336
-0.1693988890
-0.1416723662
-0.0372499274
-0.1139758548
-0.0967801199
-0.2112606993
-0.0764932271
-0.2542096206
-0.1132823481
-0.1340486040
-0.2160040963
-0.1250087048
-0.1049608833
-0.0463033274
-0.1328742994
-0.2418211225
-0.1252432645
-0.0458441979
-0.1843575775
-0.0973503679
-0.1047651288
-0.3435239461
-0.1086421541
-0.1338729880
-0.1198516983
-0.0598874420
-0.2261047921
-0.0564388931
0.0137272827
-0.1899443492
-0.1100106622
-0.1220142999
-0.0521657543
0.0835518061
-0.0665118672
-0.0938819765
-0.1148644125
-0.1117730439
-0.1376914079
-0.0084066359
-0.0403605753
-0.1234498517
-0.2449540731
-0.0071623936
-0.2498207064
-0.0029478529
-0.0273646361
-0.1182145139
-0.0051013718
0.0088695205
-0.2003612554
-0.1514152674
-0.0217114743
0.0351438923
0.0569595649
-0.1341020852
0.0847226141
-0.0772546692
-0.0182821562
-0.0407351436
0.0607833756
-0.0004306450
0.0018939542
-0.0684779827
0.0866002545
0.0075104476
-0.0937774685
0.0964490284
0.1064374231
-0.0224179020
-0.0947418204
-0.0336940210
-0.0330386295
0.0148018364
0.0248289027
-0.0455826775
0.0317247712
0.1175073876
-0.0140888541
0.1067472458
-0.0272206328
0.0078734008
-0.1314852000
-0.0714466689
-0.0185921698
0.0099320857
-0.0859872843
-0.0152652892
0.0363200860
0.1937473213
0.0609862911
0.1635916571
0.0306506318
0.0078069658
-0.0667444525
0.0529723222
0.0025753282
0.1327991945
0.2148029654
0.1358452594
-0.0808346275
-0.0458430152
-0.0054185811
-0.0592943880
-0.1149291676
-0.1229100392
0.0997490538
0.1415425831
-0.0369961149
0.1185858526
0.0759257625
0.0853634000
0.1975977779
0.1538983185
0.0751038817
0.0918479069
-0.0341623701
0.1371854095
-0.0372036402
-0.0154623175
0.0285630963
0.1168064780
0.1427766489
0.1654128168
0.1197681120
0.0787062408
0.0173930466
0.0073987177
0.0692920777
-0.0053371344
0.0530242978
0.1230636840
0.2540532186
0.1718436951
0.1487994234
0.3514099379
0.1571038072
0.1247009356
0.2036511848
0.0462176346
-0.0060637925
0.1707960302
0.2412022142
0.0853960471
0.2453267305
0.1739450886
0.1129912527
0.1393882812
0.0327177608
0.2171334007
0.0930488036
0.2494715705
0.1395829144
0.2423046924
0.0530283138
0.2707732794
0.2059287194
-0.0554010141
0.1492050377
0.0124646394
0.1717957286
0.1369339203
0.2060555713
0.3570654383
0.1246487960
0.0693197934
0.1633007871
0.0305034115
0.1050958571
0.2337553066
0.2213025088
0.3205064134
0.1542637158
0.1597009998
0.3051949870
0.1831077860
0.1607369975
0.1350200458
0.2494413382
0.2893885516
0.3731684033
0.2105704538
0.2819965755
0.3304307417
0.0440951182
0.1904236960
0.1668169792
0.2787594120
0.2378750702
0.1210202145
0.0972557147
0.1129884683
0.1578111025
0.2358203859
0.2502603941
0.2800872472
0.1451292757
0.2014187742
0.2688457926
0.2963528362
0.1056978667
0.2038386335
0.1980182878
0.2093162823
0.1286658208
0.2132844288
0.1424626630
0.0934442630
0.3579724537
0.3548712561
0.2160123293
0.3393486483
0.2741858456
0.1560949044
0.2208056406
0.3065192498
0.3805451447
0.3304472999
0.5064263217
0.2787364272
0.3529765821
0.3493176686
0.2637024550
0.3819005934
0.3373368013
0.3843340734
0.4774630616
0.3134383797
0.1700968751
0.3676483254
0.3077165981
0.4123076088
0.3220759996
0.2501210983
0.4582406627
0.3307859888
0.3998849915
0.3972719509
0.3285105703
0.4702535558
0.3254088192
0.4165761695
0.3272115390
0.1667326962
0.2958168878
0.2945246424
0.3847994016
0.1581100654
0.4617180945
0.1433966078
0.4303446489
0.2901628841
0.2922885571
0.4665086722
0.2984681626
0.2245885599
0.3473863909
0.4045544949
0.4392595160
0.3617919894
0.4331241290
0.4619246076
0.3082604941
0.4183254780
0.3222031183
0.3747322005
0.3931549536
0.2992978342
0.4389740533
0.3977878581
0.2592829867
0.3516164212
0.3782667458
0.3774604825
0.4800571733
0.3273064514
0.3650947971
0.4034324926
0.4732285649
0.4511654238
0.4271231775
0.4711108168
0.4802510795
0.4895471055
0.3128844905
0.5268058933
0.5522784735
0.4705602184
0.4398954136
0.3507126487
0.4360617964
0.4824932358
0.3314220830
0.4256577416
0.4329412015
0.5626642227
0.5680488660
0.4310498126
0.3848098115
0.3710200334
0.4796834893
0.4697338084
0.4951108333
0.5359062054
0.5601013727
0.5560205380
0.4105307105
0.4536652323
0.5021578003
0.3805601702
0.5005663702
0.4894459144
0.5522850098
0.4856425461
0.3055104989
0.3722379984
0.6126683630
0.4327269506
0.5734259335
0.6259222837
0.3432069715
0.3664299501
0.5444933873
0.6950916848
0.5004748231
0.5035655252
0.3933723247
0.5641680558
0.5080073071
0.4736653749
0.4681545926
0.5504594967
0.2896468319
0.4465429380
0.5688156949
0.7572036072
0.5652912977
0.4632837596
0.5349579609
0.5063771682
0.6610111235
0.5982704107
0.4554262483
0.4584508306
0.5761246649
0.5245057423
0.5505939766
0.6286123788
0.5352362268
0.5816884962
0.7377897751
0.6105027871
0.5732426349
0.6220888360
0.5372139483
0.4296032762
0.5861697411
0.7123701132
0.6490905863
0.5097328856
0.5743323286
0.5361026546
0.5443041365
0.7598214100
0.5889515126
0.5966604055
0.6936533757
0.5393045411
0.4344123272
0.6437417501
0.6512613514
0.5673079692
0.5232756687
0.8419288502
0.7122982077
0.7093692765
0.6663247172
0.5538563397
0.6898064492
0.5472038458
0.6579831349
0.6095315342
0.6584563158
0.5518360409
0.6393936000
0.5844004496
0.6694308922
0.6190169989
0.6136060093
0.6586375044
0.6752054788
0.6961707030
0.7125025099
0.5282012462
0.5637809435
0.6133012720
0.6487573858
0.6080825094
0.6314508438
0.5732888467
0.7179911148
0.5912074670
0.6260877879
0.7424839603
0.5599037333
0.5940023259
0.7133872042
0.6010112504
0.5755561049
0.6544844507
0.5252037252
0.5223315410
0.6914545061
0.6359065348
0.8858928958
0.5866621522
0.5530168754
0.5901464835
0.6230687475
0.6717109885
0.5984543904
0.6903531398
0.6755933002
0.6887138946
0.6673542602
0.6013506046
0.7281007774
0.8679380232
0.7245809596
0.6242722108
0.7910213292
0.8401422427
0.7451894994
0.7302777470
0.7891278937
0.7129088972
0.7193447010
0.7913811227
0.7610714220
0.6515214882
0.8135409234
0.7875217112
0.8073008969
0.7601137871
0.6088720317
0.6400711475
0.5532325167
0.7827488695
0.6659420573
0.7497800280
0.8698124428
0.8158192302
0.8191550904
0.6066560388
0.7385750438
0.8373338913
0.8416222569
0.8110084405
0.7031361470
0.7409258135
0.8022517966
0.8672566072
0.6300245905
0.8039293949
0.7767567854
0.7701825690
0.7835129038
0.7019871291
0.7694722076
0.6932864980
0.7680747622
0.8896572013
0.7829043432
0.7175969409
0.8449764434
0.8101511737
0.8579312538
0.7510718941
0.9584915184
0.8600285076
0.8400481730
0.7579221228
0.7265949690
0.8255853141
0.8706830485
0.8673966441
0.7009277507
0.7104110765
0.7351679813
0.8051458568
0.6856640795
0.8077908175
0.8379426037
1.0186473335
0.8585194996
0.8097185071
0.8136610222
0.9841171295
0.8316853600
0.9153044470
0.8872249148
1.0089250717
0.6982904604
0.9149270830
0.8082445806
0.7890428539
0.9178667490
0.7816512638
0.8112669717
0.7903419663
0.9448746907
0.9695757530
0.8414729383
0.8080107718
0.8373237837
0.9888273775
0.9148994852
0.8530080733
0.9997006913
0.9102458168
0.8740034157
0.9465845162
0.7702063050
0.7768269108
0.8934710202
0.8140204438
0.7671917971
0.8166371406
0.6756644147
0.8908973087
0.9869156184
0.9847591129
0.9124573884
0.8484438566
0.9595561157
1.0639104602
0.9085658506
1.0284394464
0.9293624089
0.9316040654
0.9476160147
0.7132973030
0.9246067225
1.0933748397
0.7644402443
0.9483333306
1.0085347830
0.8058957627
0.9771756461
0.9290517799
1.0183631008
0.9622558142
0.9433832192
0.8787759055
0.9873223335
0.9616245833
1.0587551286
0.9322153503
1.0080929790
1.0208031004
0.9626463580
0.9204238963
0.8716155875
0.8855844527
0.8038652543
0.9591795103
1.0517214730
0.9343296463
0.9148960492
0.9831495323
0.9461966920
0.9415785631
1.0334511539
1.1035560112
1.0265027614
0.9716676064
