-1.1340437590
-1.0822709023
-1.0302172817
-0.9981776268
-1.0057632688
-1.0913547680
-1.0762117786
-0.9075641334
-1.0655963406
-1.0064559264
-0.9322679745
-0.7999708749
-0.8917129980
-1.0367537671
-1.0328396540
-0.9118676414
-0.9164848648
-0.8799279170
-1.0279229032
-0.9646739991
-0.9098756351
-0.9158215096
-1.0250636134
-0.8047667033
-0.9662068000
-0.8626344934
-1.0135017634
-0.9922161608
-0.9448320344
-0.9584474162
-0.9433959861
-0.8333765284
-0.9402322525
-1.1164960754
-0.8095652701
-0.8357679451
-0.9261445542
-1.1035672453
-0.8636807122
-0.8810922839
-0.6801674992
-0.8380583461
-0.9085639617
-0.9715286769
-0.7771552047
-0.8634538271
-0.9062376392
-0.8714159238
-1.0056887682
-0.9342692292
-0.9201624695
-1.0950174074
-0.8746201130
-0.8328576872
-0.8636066292
-0.7805884302
-0.9015613372
-0.9810747631
-0.8636827898
-0.8860505105
-0.9043666329
-0.8731209917
-1.0811221857
-0.9531935548
-0.8584754161
-0.8287921484
-0.7686056403
-0.7424114162
-0.8845002375
-0.9367387468
-0.8340208981
-0.9533737125
-0.7968893659
-0.9520673683
-0.9059126701
-0.8978426241
-0.7304610361
-0.8018202913
-0.8936858950
-0.9795291718
-0.7585803137
-0.9124224019
-1.0195539180
-0.8796105344
-0.8983559877
-0.7953061829
-0.6864459373
-0.9025298085
-0.8635842231
-0.7435027280
-0.8259871556
-0.8730108522
-0.7581557515
-0.8285096911
-0.7762945173
-0.7472730549
-0.8172446515
-0.8526460316
-0.6697507253
-0.8382137029
-0.7109700266
-0.7487602001
-0.7509648343
-0.7312614365
-0.7437197990
-0.8978111067
-0.7844473861
-0.7282963749
-0.7626504493
-0.7460224979
-0.9175473922
-0.6672088782
-0.7844886817
-0.7606116277
-0.6630548035
-0.8043322097
-0.7449745791
-0.6160345442
-0.8688808773
-0.7995776829
-0.7396945267
-0.8122449372
-0.9306065758
-0.7183570797
-0.8190942373
-0.8081532834
-0.6606925505
-0.7025281492
-0.8354928851
-0.7630498520
-0.8283277168
-0.8477771949
-0.7263204444
-0.7272422028
-0.6534537820
-0.7005564634
-0.7027745704
-0.8078291036
-0.5691615177
-0.7469644584
-0.7382378010
-0.7283454413
-0.7076746930
-0.7339902859
-0.6662603708
-0.8562907349
-0.5105027496
-0.6303153390
-0.7174307574
-0.8283784180
-0.7415649992
-0.6362124695
-0.6434323825
-0.6108129085
-0.5841888201
-0.5555245022
-0.6267140438
-0.8021904724
-0.5614599384
-0.7526950063
-0.6192930375
-0.8559004316
-0.7429671559
-0.8674824622
-0.7893707641
-0.5877626557
-0.7216973882
-0.7382944796
-0.6641627622
-0.6774082775
-0.7094994423
-0.6022170386
-0.4849787742
-0.5605499938
-0.6416815767
-0.6367168697
-0.6342676736
-0.8157517405
-0.5406772495
-0.5510513635
-0.7160996051
-0.7090001044
-0.7268263423
-0.5055432917
-0.5947115547
-0.6371239878
-0.6073859321
-0.5540472732
-0.7242198299
-0.6347096548
-0.5881312199
-0.6266866251
-0.6792064976
-0.6486272641
-0.6097478760
-0.6486122736
-0.6233385663
-0.7269938611
-0.7004101527
-0.6529311350
-0.6669052751
-0.6807068851
-0.7161932968
-0.4990357943
-0.3650679362
-0.5515628910
-0.5962102729
-0.6056068889
-0.5223134322
-0.6756211737
-0.5722458058
-0.4874554682
-0.5811872892
-0.6295767208
-0.6712609820
-0.3770382158
-0.5481489562
-0.4196033193
-0.6532216258
-0.5544351688
-0.4915831324
-0.6620376560
-0.4791184273
-0.5911274990
-0.5343682326
-0.5893889128
-0.5683162268
-0.4584447926
-0.5882892242
-0.5351772877
-0.5859719132
-0.3605422977
-0.6863765774
-0.6150189855
-0.5950226703
-0.6067436265
-0.3899608492
-0.4701464914
-0.6098502733
-0.6059938358
-0.5035892368
-0.5289936245
-0.6023643160
-0.5274349182
-0.5301513055
-0.5312275661
-0.4963106786
-0.4659309010
-0.5111833764
-0.5205732579
-0.6505498481
-0.5126975642
-0.5120209655
-0.5645114531
-0.5145048004
-0.5491125384
-0.6183405699
-0.4147877083
-0.6185248325
-0.4428926363
-0.3734988048
-0.5186646685
-0.5881274753
-0.5069590686
-0.4220014198
-0.6320299263
-0.5181582188
-0.5635199095
-0.4896011406
-0.4830817254
-0.5160289048
-0.4481799575
-0.4497540961
-0.3998372535
-0.5657038930
-0.4030533904
-0.4160295229
-0.4271347185
-0.4590620414
-0.2889738341
-0.5403707754
-0.5034390921
-0.3804188439
-0.3555913864
-0.3419458753
-0.6029712106
-0.4477552721
-0.5433579666
-0.5340464652
-0.4141897391
-0.4417561373
-0.4190708227
-0.3521803573
-0.4898534325
-0.4039210412
-0.5545622733
-0.3869857518
-0.2980135465
-0.4071999693
-0.3711450915
-0.4331935942
-0.4322599191
-0.3904596201
-0.3264984880
-0.4311350119
-0.4521440510
-0.3862162076
-0.3736448916
-0.5087825507
-0.3002349708
-0.4552406654
-0.3777302434
-0.4985671825
-0.4653456432
-0.3939222204
-0.2978712378
-0.3801929395
-0.2008580080
-0.4165000444
-0.4126438077
-0.2857308801
-0.3191092348
-0.3272962937
-0.3089253115
-0.4039740195
-0.2876112694
-0.5216252633
-0.4072975325
-0.3539745895
-0.2031484739
-0.2198372030
-0.2927784280
-0.2999169784
-0.3899359438
-0.4653772534
-0.1592815554
-0.2473751358
-0.4009313816
-0.2489369323
-0.3378963818
-0.3842130508
-0.4481312939
-0.4076863668
-0.2939875862
-0.3013082969
-0.3276704287
-0.4411536618
-0.3811715621
-0.3952924167
-0.1335391001
-0.2138086075
-0.3396869381
-0.2192941156
-0.3954908096
-0.2289238954
-0.3087029943
-0.3808367375
-0.1245879905
-0.2870923135
-0.2961367360
-0.3399458127
-0.2898650325
-0.3144495121
-0.3829415314
-0.3067287641
-0.4009452941
-0.2511202039
-0.3628972152
-0.3509816691
-0.4048693682
-0.2462985085
-0.3291901493
-0.2632167674
-0.2417619969
-0.2957910786
-0.1867258292
-0.2420261416
-0.2134918115
-0.2331308707
-0.2774540459
-0.2898027459
-0.1486577315
-0.1989413023
-0.2532684240
-0.1936691641
-0.0859681756
-0.2468020259
-0.3354024585
-0.2645744629
-0.2169492861
-0.2706589247
-0.2525184400
-0.1552788134
-0.1069202840
-0.3984392666
-0.2232762718
-0.2311692061
-0.0818670501
-0.0453098944
-0.1647495345
-0.3297546780
-0.3160688976
-0.1946395989
-0.3120604987
-0.1951289914
-0.2320830331
-0.1465045552
-0.2537442765
-0.0797482772
-0.1790371209
-0.2397990435
-0.0572750981
-0.1330157187
-0.1459605898
-0.1536595207
-0.2460496132
-0.1698808057
-0.0841736050
-0.1111169449
-0.2583632523
-0.2409911937
-0.1670827591
-0.2090776561
-0.2285922331
-0.1325274606
-0.2036348799
0.0184108357
-0.2710832922
-0.0518333438
-0.1832414933
-0.1995524101
0.0152364231
-0.0268543750
-0.0741119803
-0.0384528502
-0.1022625941
-0.1550665471
-0.1786689162
-0.2500921002
-0.0571101460
-0.1447414086
-0.1832128368
-0.0642436957
-0.1157287749
-0.0861106983
-0.1625824344
-0.0381332930
0.0343905417
-0.1822841393
-0.0908763879
-0.1352149153
0.0267957769
-0.0652759481
-0.0574106746
-0.0080295252
-0.0298665117
-0.0590878797
-0.0635137301
-0.0449994682
-0.0247205226
-0.0360976123
-0.0168685264
0.0104905710
-0.0380884629
-0.0340195176
0.0467142570
-0.1055165013
-0.1391705586
-0.1426497400
-0.1551357747
-0.0634948795
-0.0102074500
-0.0174964759
-0.1444878780
0.1545055628
0.0284597764
0.0100750247
-0.0709907522
-0.0915091469
-0.2179230461
-0.0609799530
0.1181795180
-0.0019242730
0.0565202911
-0.1463407741
-0.1084083739
-0.0512092243
0.0264861334
-0.1301473326
-0.0537112154
-0.0641867412
-0.0413498967
-0.0189599323
0.0333825914
0.0170963444
-0.0309362279
0.0816795854
-0.0566672585
-0.0908889409
-0.1263123632
0.1053273388
0.0126074217
-0.0500109682
-0.0147507771
-0.0593534838
0.0461454662
0.0109720484
-0.0277088433
0.0742439749
-0.0905658649
0.0222298768
-0.0230106806
0.0600214709
0.1544688810
-0.1018353987
0.1338762540
0.0537259708
0.0021189966
0.0385244571
0.2141468579
0.0697481627
0.0041581107
0.1308659011
0.0921221305
0.0684584360
0.1870368247
0.1036803945
-0.0534446831
0.1424540136
0.2171072040
-0.0511225990
0.0410880083
0.1622965071
0.0838325121
0.2381631358
0.1269443121
-0.0085287116
0.0085462203
-0.0016085626
0.0242312623
-0.1396473265
0.0922075114
0.0400959574
0.0608113160
-0.0007027370
-0.0175164783
0.2644395916
-0.0493429452
0.1363024712
-0.1201957066
-0.0920613753
0.0226962715
0.1002073885
0.1157466683
-0.0424730039
0.0948595057
0.1833804364
0.1887599732
0.1506527938
0.1445472161
0.0975282398
0.1345168320
0.1574102191
0.0944441679
0.2189282192
0.1534178870
0.1175924229
0.2946834932
0.1496623129
0.2104388825
0.1321492235
0.0488982431
0.3251740735
0.0968707135
0.1303633362
0.2085165397
0.0954510943
0.1734089874
0.2261439600
0.1594270965
0.2088262532
0.0810743492
0.2255191684
0.2181558733
0.0393770819
0.0313974860
0.1738330727
0.1650659310
0.1078515024
0.2041774432
0.1420667688
0.1509822013
0.2137324998
0.2220615595
0.2441354228
0.1012039833
0.2875198258
0.1124678367
0.4361485553
0.1454925931
0.3010145996
0.2723063970
0.1746488447
0.2934924997
0.2525110544
0.1333750796
0.4294957434
0.3245320528
0.1939894087
0.2932545334
0.1925507846
0.2405715851
0.1507059830
0.2613533782
0.2996619877
0.3302342832
0.0043908490
0.2070678281
0.2258809790
0.2052520486
0.2024328183
0.2479219188
0.2519452828
0.2300140316
0.3065413529
0.4382224893
0.2465946406
0.2274714534
0.1189091651
0.2674584167
0.3647495900
0.2205763743
0.2128371197
0.2369439251
0.3225201585
0.3181541071
0.3708783464
0.4361045678
0.2564955388
0.3711448035
0.2985946926
0.3998679468
0.4223039028
0.3028834708
0.2473342080
0.3667024807
0.1379561717
0.2907098585
0.3249244995
0.3906685533
0.3203615291
0.1419205799
0.3217307741
0.2839568263
0.2989235872
0.1714898763
0.3033143408
0.2078891969
0.2599197593
0.1371164815
0.2565049530
0.2727677662
0.2439613002
0.4275196791
0.2524696684
0.3841023673
0.4298238187
0.2940319957
0.4121254729
0.3252809461
0.4433741905
0.3177968491
0.3696933789
0.3500425874
0.3050682321
0.4054982531
0.3303725321
0.4163898705
0.2947370345
0.4675037704
0.3426820716
0.3001300347
0.4392974370
0.3757586625
0.5317629506
0.4833591202
0.3211569712
0.2918356988
0.3460650307
0.3959113864
0.3596784484
0.3824568933
0.3616272422
0.4349537935
0.4264042864
0.2342622606
0.1924696013
0.3838597960
0.5334143467
0.4439066248
0.4730499578
0.3293435799
0.3688068904
0.4745618145
0.3523823988
0.3661752336
0.2114251577
0.3753967266
0.3702178292
0.4253954527
0.4475684035
0.3575530759
0.5413180239
0.4572244401
0.4489793011
0.3725441554
0.4950762607
0.2743124688
0.4827619211
0.4367841219
0.4671983681
0.5251344639
0.4295502782
0.5093445302
0.4310398969
0.3380654806
0.4352366762
0.4239064122
0.3562318562
0.5256963383
0.4205751189
0.6326560658
0.3800203085
0.5127654720
0.4247527865
0.4346482585
0.4392495542
0.4915636731
0.4846372165
0.4034452062
0.5725228451
0.3082606817
0.4628202551
0.4280795969
0.4918618091
0.4488673065
0.4553016404
0.4926007674
0.4841969482
0.4607434323
0.4478885940
0.5106994158
0.4357784573
0.4555391967
0.4986082324
0.3803894953
0.4140111316
0.4734677062
0.3613406557
0.6155677347
0.4438021373
0.5891012493
0.5241143312
0.5142428923
0.5599448311
0.4911337430
0.3738766958
0.6633539921
0.3938208691
0.4694343100
0.5113182943
0.5216883205
0.5410864973
0.5300230179
0.6519185366
0.4790890161
0.4908089723
0.6105404534
0.4705224396
0.5791902253
0.5909332313
0.6251601855
0.5063977916
0.4119869027
0.6772792625
0.5583676017
0.6176042570
0.6342105401
0.5388262993
0.6378650321
0.5146212158
0.6572118280
0.6040191648
0.5739439688
0.6733312816
0.4841703716
0.5526504566
0.5030253066
0.5021334290
0.7075236833
0.6064989067
0.6182939613
0.5881176701
0.6805429857
0.6313954183
0.5443548208
0.6090425021
0.6547867416
0.6331848654
0.5825254768
0.6702886792
0.7756298072
0.4480191952
0.6094262708
0.6858919901
0.7436761175
0.5273703816
0.6998019186
0.5983979978
0.5920260568
0.5493109556
0.6476551852
0.6020573692
0.7601829136
0.8693021211
0.5263227258
0.6144899008
0.5153971746
0.6761774108
0.7383082176
0.7326592843
0.6200784664
0.6645842733
0.6912614140
0.6013856018
0.7536497522
0.7061549448
0.6735221139
0.8003902602
0.7498285067
0.6197490767
0.6965960609
0.7586711847
0.6838031574
0.7325631910
0.5769700839
0.6201632847
0.6857640275
0.6648451604
0.8230309891
0.7465376330
0.8295031441
0.7058582980
0.6997922282
0.6337768753
0.5440399544
0.6507142580
0.7320373107
0.7976954714
0.7177692500
0.5045116635
0.6541294074
0.8446411228
0.7213328294
0.8109585382
0.7287393046
0.7530075429
0.9199627285
0.6420494038
0.6962660592
0.8365302335
0.6778596439
0.7588336736
0.7063098165
0.7637512081
0.6422256758
0.8148603027
0.7073543646
0.5916742071
0.6486562786
0.6943417414
0.8102464719
0.7234044336
0.7405232614
0.7586380163
0.7815094736
0.8647113715
0.7245455749
0.7871658809
0.8436107161
0.7062297075
0.7853445305
0.8131220551
0.8025326021
0.8872577192
0.8095084780
0.6890983398
0.7518416969
0.7240480751
0.6854529808
0.7845322499
0.7304372878
0.8246737686
0.8421573450
0.8277853703
0.8230071995
0.9589055739
0.8440707768
0.9665948474
0.8648049872
0.6580079922
0.8040026096
0.7754235146
0.8341068915
0.7783813759
0.8086797926
0.8326130437
0.9089708606
0.7168591532
0.8090877939
0.9743920557
0.8311598546
0.9372745889
0.8245415201
0.9121973826
0.9603675669
0.7040504734
0.7375303969
0.8253463755
0.9583640115
0.8870428587
0.9455317701
0.9598737819
0.8423164985
0.7949173387
0.7679353551
0.8509774820
1.0483601296
0.9758026965
1.0003356557
0.8499133560
0.8804277129
0.9876625671
0.9719751720
0.8313797540
0.9172228522
0.8455233962
0.8810116180
0.8672551954
0.8200106459
1.0203599218
0.8573754261
1.1876054811
0.9813818297
0.8170978391
0.9735574419
1.0816035424
1.0564609844
0.9093793475
0.9282373713
0.8683644186
0.9793859825
0.8504822928
0.8776307888
0.9829401636
0.8421873303
0.9016906664
0.8012267122
0.9837646124
0.9732144755
1.0966341499
1.0074244680
0.8837948906
0.9150486233
0.8073930127
0.9251919605
1.1085049572
0.9332099523
1.1017852484
1.0688193169
1.0549226805
1.0875363022
0.9955507826
0.9292691423
1.0070812204
0.9879538650
1.0556706801
0.9054740545
1.0742721120
0.9759490767
1.0264513870
1.0791744282
1.1440726763
1.0414010432
0.9593941631
1.0573841630
0.9142166767
1.0312771321
1.1163567413
1.1042241595
