-0.9929801566
-0.9364830355
-0.9992249799
-0.9921524086
-1.0499334435
-0.8956381087
-1.0439501607
-0.9944344573
-0.9218797599
-0.9182802415
-0.9435318212
-0.9216333238
-0.9994480016
-0.9808899224
-1.1304024459
-0.9415804607
-0.9962076504
-0.9168028594
-0.9857163512
-1.0916753574
-1.0736394038
-0.8461985394
-0.8474565119
-0.8702553849
-0.8746571000
-0.9257474980
-0.9757700197
-0.8786093190
-0.9450164829
-1.0281458559
-0.8922946387
-0.8443919665
-0.9148339570
-0.6236833988
-0.9444078374
-0.8287159041
-0.7799373367
-0.9787972424
-0.9058114538
-0.9249650766
-0.9530778031
-0.9714892399
-0.7866407146
-0.9511067484
-0.9675498446
-0.8703083550
-0.7538564494
-0.7593545113
-0.9370832925
-0.8995548944
-0.9776628946
-0.8751407298
-0.7427366836
-0.8182698483
-0.9546118590
-0.9754389040
-0.8032155518
-0.9475539494
-0.8356138966
-0.9416276603
-0.7692332805
-0.8941850391
-0.8495024540
-0.8110023162
-0.7568977094
-0.8202140010
-0.9588587410
-0.8814730425
-0.9400604492
-0.8548331907
-0.8452380868
-0.7973649668
-0.8614634724
-0.8854569850
-0.9809584964
-1.0363989355
-0.9286960183
-0.8806945581
-0.9570071985
-0.9632031276
-0.8866559354
-0.7452462996
-0.7660586866
-0.8572666162
-0.6990964899
-0.8156665737
-0.9319610264
-0.8408501109
-0.8038482817
-0.8315664114
-0.8938685332
-0.7626175463
-0.8195487449
-0.8964171699
-0.7792689717
-0.7099566308
-0.8094739157
-0.8467928755
-0.9024299727
-0.9260097026
-0.8784901739
-0.8386006667
-0.7479954884
-0.7176986683
-0.7594075303
-0.7107163867
-0.6478491118
-0.7475761130
-0.7634229510
-0.8007404706
-0.7054654140
-0.7830549079
-0.7757484602
-0.7186505950
-0.8702788049
-0.6621395558
-0.7884749205
-0.7712825339
-0.6296846482
-0.8330879661
-0.6954039868
-0.7229671782
-0.6840396020
-0.7039263395
-0.5938282316
-0.8388353732
-0.7230450096
-0.7336169580
-0.9187708326
-0.7711487891
-0.7387921765
-0.6648891029
-0.7952341740
-0.8015223733
-0.7765730779
-0.6506400929
-0.6553630049
-0.7977312868
-0.7928847775
-0.8487616354
-0.6679329892
-0.7681057199
-0.6034339051
-0.7700314589
-0.6179398446
-0.7323079584
-0.6286930340
-0.7299771042
-0.8881438206
-0.6254111700
-0.5255710323
-0.6780870841
-0.8656631369
-0.7690987482
-0.6720860980
-0.7296147040
-0.5795172963
-0.7858397245
-0.7533275235
-0.5890057889
-0.7392451080
-0.7463631597
-0.7408257333
-0.6265213916
-0.5282005050
-0.6241156826
-0.6166503975
-0.6044500748
-0.6396315906
-0.6897970362
-0.7329270744
-0.6189889223
-0.6177927912
-0.6554701044
-0.6398738706
-0.5848945101
-0.5639987953
-0.7158611890
-0.6933222413
-0.5911455609
-0.6839463211
-0.6306191243
-0.6512709762
-0.6810790062
-0.5570725802
-0.5887195184
-0.8391388877
-0.5195167385
-0.6504653991
-0.6158785888
-0.6139124309
-0.5151870337
-0.5871283553
-0.6298657875
-0.7382637143
-0.7504329952
-0.6749900692
-0.7410819719
-0.6151568309
-0.5730041496
-0.5381606354
-0.6872362081
-0.5292246998
-0.6030588246
-0.5481119650
-0.6628659459
-0.6205754708
-0.5637889675
-0.5771166904
-0.5149662922
-0.5451941063
-0.4470786540
-0.4531461299
-0.6067066770
-0.5490274829
-0.6332155340
-0.4504360512
-0.5846982037
-0.6183538263
-0.6482820120
-0.5538311603
-0.4254977400
-0.5965879622
-0.5711538006
-0.5629745026
-0.5421911413
-0.5906810190
-0.6149501720
-0.5039188931
-0.7310405072
-0.4957971438
-0.5237579346
-0.4062665305
-0.6122262800
-0.4835512865
-0.6095881327
-0.4428709737
-0.5414559104
-0.5029214084
-0.7342909631
-0.6506289202
-0.6405736236
-0.4961123607
-0.6317388729
-0.5850529107
-0.5735957838
-0.3922124869
-0.4782589682
-0.4081258540
-0.4971907807
-0.4465458136
-0.4954856601
-0.4557769353
-0.4750785692
-0.4094165916
-0.4877322802
-0.5915851401
-0.4548293732
-0.4235356048
-0.4579400378
-0.4997294741
-0.5259090956
-0.3467605757
-0.5191540689
-0.4506195473
-0.4958105952
-0.4702084751
-0.4716307828
-0.5361757037
-0.5147533185
-0.3122353824
-0.4178817346
-0.4931517872
-0.5855243698
-0.5287909397
-0.4933402442
-0.3584962691
-0.3137741883
-0.5951012602
-0.4057524527
-0.4194054937
-0.4678536575
-0.3936779657
-0.3944530942
-0.3693285754
-0.3595600256
-0.4265352307
-0.4849815081
-0.4849383072
-0.3640834367
-0.4373382550
-0.3954578799
-0.2962961682
-0.3482321953
-0.5029064994
-0.5575773454
-0.3915866394
-0.3223308763
-0.4218762009
-0.4835755661
-0.3858546699
-0.3490038015
-0.4236617213
-0.5562774949
-0.3866595139
-0.5883324278
-0.4411611259
-0.3304732982
-0.3763758438
-0.3964921332
-0.4931575735
-0.5139991394
-0.3197688679
-0.4776824780
-0.2300796494
-0.4352669151
-0.3533527592
-0.4105118605
-0.3687115091
-0.3654455445
-0.3098739716
-0.4054441384
-0.4363341472
-0.1990390236
-0.4330164472
-0.4201482179
-0.4013208205
-0.4387273014
-0.2507845988
-0.3168204385
-0.1913139903
-0.3137452038
-0.2620702870
-0.3511136289
-0.3439754962
-0.3154210722
-0.2146057939
-0.3053525853
-0.3145672125
-0.2781180692
-0.2938378753
-0.2283941374
-0.2755311736
-0.4568474531
-0.3063102146
-0.3663262339
-0.2411215151
-0.4004643657
-0.2485032073
-0.3757281495
-0.2981322878
-0.4122060369
-0.3579634309
-0.2856246699
-0.3689938565
-0.2544723435
-0.2653109735
-0.3305351627
-0.2551218628
-0.3679331269
-0.2076285485
-0.4382789339
-0.2252513623
-0.2459633229
-0.2133623552
-0.1793734994
-0.3881951759
-0.2670361505
-0.0851010668
-0.3734801822
-0.1907377058
-0.2884645772
-0.0920168548
-0.2994245435
-0.2248412749
-0.2193284155
-0.3072794337
-0.2607491438
-0.1430711098
-0.2735411812
-0.1530642135
-0.1526680342
-0.1663126949
-0.0991355145
-0.2517188659
-0.2298261301
-0.2494156091
-0.0540336503
-0.2824898656
-0.2790484959
-0.1268343975
-0.2567784291
-0.2844289921
-0.2425113457
-0.2458600031
-0.1859146925
-0.2717943231
-0.2639559202
-0.3177192407
-0.1903566948
-0.2815728697
-0.2079967105
-0.1721685642
-0.3418847290
-0.0574600054
-0.2267444012
-0.0607401032
-0.2466047388
-0.3622917665
-0.1727433718
-0.0428159297
-0.2305005403
-0.0956085312
-0.2175522543
-0.1045218143
-0.1822924096
-0.2933297302
-0.0147741722
-0.1977189810
-0.2780024933
-0.2667375603
-0.1993094137
-0.0954097242
-0.3154121014
-0.0756371675
-0.2635214418
-0.1680633543
-0.1611220704
-0.2161544722
0.0090546647
-0.2242423573
-0.2845499239
-0.1778211928
0.0103363669
-0.0212600864
-0.0523779855
-0.1585308047
-0.0674042459
-0.1339442125
-0.0651244682
-0.0538359234
-0.1385210041
-0.1880131274
-0.2151505154
-0.1680926760
-0.1104024797
-0.1496430413
-0.0834048758
-0.0148673009
-0.1655240461
-0.1521466194
-0.1737551516
-0.0236767945
-0.1164969308
-0.0782777625
0.0685470969
0.1045063453
-0.0016352489
-0.0590713561
-0.1006514506
-0.0179078201
-0.1147706726
-0.2310105533
-0.0324644774
-0.0745808378
-0.0163102050
-0.0369304300
0.0648701691
0.0070292836
0.0295202714
0.0660152109
0.0219306690
-0.1539910881
-0.0438923610
-0.0196691187
-0.0007827042
-0.0450995251
0.0598451808
-0.0527601443
-0.1306163569
-0.0584734371
-0.0760608271
-0.0881709507
0.0754973900
-0.1695524102
0.0499681466
0.0908815307
-0.1347819615
0.0722398003
0.0358260388
0.0750489599
0.1049261413
-0.0412217412
0.0681349591
0.0715163467
-0.0114607229
-0.0142697954
0.0152804815
0.0169501177
0.0580987605
0.0199537670
0.0766109920
-0.1820001787
0.0590485889
0.1343677403
0.0108663977
0.1478190044
0.1161941778
-0.1279219616
0.0388578607
0.1067395631
0.1354173774
0.0365904759
0.0011942909
0.0949418023
0.2294858713
-0.1054816137
-0.0232720203
0.0420822362
0.0291929236
0.1759654626
0.0035513278
0.0687576678
-0.1214375684
0.1946167916
-0.0037937760
0.0188498016
0.0050696064
0.0116726263
0.0644970565
0.0527184244
0.1455290524
0.1511599657
0.1944203938
-0.0030504063
0.0477672053
0.1047167202
-0.0014153158
0.0949736745
0.0798520449
0.0392605644
0.1012572322
0.0788100263
0.1542566762
-0.0212121919
0.0166557215
0.1804034584
0.0767806681
0.0919990388
0.1151661915
0.2409517209
0.1096886256
0.1948633428
0.0822512779
0.0732835824
0.0841165069
0.1412332624
0.2061593918
0.1479321453
0.1596468052
0.0951100744
0.2785330463
0.1415460593
-0.0148542675
0.1503997452
0.1517310148
0.0950815581
0.1835335639
0.1320317403
0.1427520852
0.0691115222
0.0792710893
0.1480917643
0.2760131616
0.0860528310
0.1317751737
0.1782110067
0.1520388204
0.1964371819
0.1137981250
0.1497139265
0.1918776855
0.0607462946
0.1259581499
0.1424063882
0.1149746249
0.1669133504
-0.0573375650
0.2540085760
0.2750978374
0.0889618019
0.2449724636
0.1177608067
0.0811053938
0.1335125998
0.3095760722
0.2067199930
0.2280846026
0.3194476097
0.2264302053
0.1900247635
0.2574609112
0.0344873972
0.3177015602
0.2210557258
0.2153674303
0.2721606096
0.3416197289
0.2886920294
0.2331301858
0.1707916393
0.1876359768
0.0900615438
0.2433377521
0.2324333334
0.2984078483
0.3176683843
0.3560631360
0.1184790266
0.0877703670
0.2983733155
0.2840805316
0.3278130196
0.1832291601
0.1442296682
0.3029493665
0.2028173649
0.2338666658
0.2893461778
0.2486005609
0.2332586858
0.2965251664
0.3446231096
0.3370185871
0.3614892899
0.2356665570
0.3105528326
0.2084054891
0.2007901423
0.1473182440
0.3557935741
0.1076240000
0.4310150661
0.1729284117
0.2663388039
0.4303321300
0.2374092669
0.3897047018
0.3947707118
0.4072667554
0.2797158923
0.1163084836
0.2580292096
0.1790390354
0.2448293354
0.2481839216
0.3013410937
0.3162133353
0.2588924161
0.3947083214
0.4103442209
0.3848721882
0.2865361670
0.4966667861
0.3263845337
0.4784865218
0.3521896652
0.2298624266
0.3981913919
0.3357442525
0.3046008349
0.4583960904
0.2125702792
0.2426486052
0.3579337343
0.4639389314
0.2872127763
0.3869644826
0.3677506652
0.2642403674
0.3303706457
0.4195015684
0.3152070115
0.3307963225
0.3896849677
0.4770041914
0.2443086181
0.1635991980
0.3872075405
0.4050890639
0.4341350358
0.2678182886
0.2841989371
0.3742833832
0.4276768980
0.3734958451
0.2824035101
0.4593257292
0.3237999095
0.3252965043
0.4287538920
0.4570075731
0.3567121187
0.3642742115
0.4032723879
0.2827172577
0.4375453508
0.4917969617
0.4527220809
0.3949704421
0.3886884226
0.4411238842
0.4976866726
0.4081708587
0.4158779592
0.5097220698
0.4513016103
0.3828170385
0.5168544207
0.4254054494
0.4183484010
0.5331746991
0.3828970745
0.4781827672
0.4773570449
0.3390494438
0.4389655788
0.4460586858
0.4991402760
0.4350664730
0.4605174761
0.4440066290
0.4303581305
0.4468594291
0.4601809573
0.4402740639
0.4934584959
0.3700152622
0.5215510080
0.4794095447
0.3058058752
0.3917870299
0.4658177078
0.3888736236
0.4266250234
0.5102533871
0.3284364997
0.4510248100
0.3818788628
0.5223449640
0.4834987382
0.5722772565
0.5785067239
0.4233441469
0.5571815903
0.5791394071
0.4044111694
0.4545066333
0.5576915608
0.6428390869
0.4433972752
0.6298982630
0.6183059576
0.4854073547
0.5670635198
0.5753219397
0.4389357333
0.4327612858
0.5474191271
0.4651578842
0.5079586662
0.5056082749
0.4879377863
0.6418778897
0.5343549926
0.5714675683
0.4240155621
0.5804905846
0.5016143133
0.5560075012
0.5045626897
0.6170199074
0.5332810334
0.6063239994
0.4539233756
0.6434430846
0.5650391995
0.4890720727
0.4736989036
0.6797244372
0.4875694949
0.5894569933
0.6148585643
0.6727519572
0.7355128851
0.5590780580
0.4579931330
0.5797834614
0.5360248387
0.5872314770
0.6026174499
0.5509281155
0.7889648850
0.6792545903
0.5433762688
0.5933805268
0.5680616908
0.6709154710
0.5994595158
0.7195899129
0.7688060636
0.6110514441
0.5842824597
0.5941393068
0.7528237267
0.7892408133
0.6240734079
0.6224398332
0.6637417745
0.5900427288
0.7501829923
0.6157596433
0.6403197107
0.6110882807
0.7910495663
0.7083439684
0.6653614887
0.6086167880
0.6094822278
0.8010537539
0.7398848964
0.6606927623
0.6712946945
0.5513940924
0.7303863088
0.6203263513
0.6268350054
0.7605200618
0.6037291342
0.6856733985
0.7147019873
0.7305101682
0.6763693918
0.8288363253
0.6442869675
0.7404688431
0.7224382746
0.5547036300
0.7902432192
0.7611641210
0.6325114669
0.6522628975
0.6490526251
0.6322132510
0.6094769943
0.6320998123
0.8197588220
0.7438564527
0.6922851199
0.7856545062
0.7389600510
0.7562841525
0.7667844184
0.7890790002
0.6763963151
0.7502335627
0.6172335592
0.7864603426
0.6970574694
0.5810392654
0.7613137906
0.6901722919
0.8502529719
0.7805810408
0.8265211879
0.7235071273
0.7049065452
1.0187500665
0.7082855972
0.8369168281
0.7436965460
0.8408147483
0.7339831875
0.7132758639
0.7722482922
0.8615550497
0.6463492720
0.6790102980
0.8099521356
0.8858303570
0.8576681075
0.7204822243
0.8438247501
0.7375647464
0.8178560830
0.7022970682
0.8563368726
0.8011176566
0.8692314080
0.8908634975
0.7815252430
0.7788572131
0.8515060227
0.7038883077
0.8107014533
0.8933460451
0.8068516210
0.8346717523
0.8055727478
0.7801858236
0.6814192612
0.7599357475
0.7833475959
0.9125437720
0.8085434653
0.8079350899
0.8624421574
0.8369499596
0.8569885855
0.7718347312
0.7090198515
0.7804153042
0.7286741899
0.8540073339
0.8402560027
0.7837061657
0.9550364118
0.7433333841
0.8599154995
0.7448431001
0.8750393406
0.8500589162
0.8994028826
0.7796318058
0.9650259526
0.8526119706
0.9612438383
0.9501593580
0.8105552438
0.8437283278
0.9314427722
1.0706406620
0.9272156322
0.8634524182
0.8430372231
1.0084847100
0.8168310122
0.8201174759
0.9205133136
0.9696598883
0.9301367186
0.9792185501
0.8337638001
0.9772937320
0.8591489094
0.7928757033
0.8147258803
0.9446807783
0.9721853336
0.8182112252
1.0490585961
0.7440292184
0.8619144845
1.0508048299
0.9918944332
1.0708839200
0.9999834728
1.0240366939
0.8633200971
0.9561993136
0.9150430146
1.1659689172
0.8712201276
0.8176524509
1.0965473891
0.9885630898
0.9842926574
1.0059443291
1.0740998008
0.9222128308
0.9947808374
1.0320609838
0.9568300926
0.8410829452
0.9641725761
0.8989295001
0.8834747439
0.9739085869
1.0959689860
1.0063540107
0.9935307772
1.0345032177
0.9810764142
0.8790216437
0.9343461697
0.9517914629
1.0170997242
0.9893752629
1.0803485722
0.9543367520
