-0.8955851405
-0.9994754555
-0.9868658142
-0.9437082346
-0.9565986939
-0.9394302084
-1.0378671519
-0.9426236963
-0.9738346826
-0.9981781611
-1.0465961414
-0.9876134679
-1.1015263202
-1.0098901010
-0.9486537339
-0.9567505905
-1.0125387386
-1.0182399151
-0.8994971107
-0.7336306271
-1.0242603476
-0.8830599738
-0.9320229972
-1.0151769851
-0.9331496210
-0.8944719923
-1.0058610838
-0.7983399039
-0.9830342771
-0.8810242936
-0.9904260520
-0.8394188156
-0.8016753891
-1.0504682346
-0.8965645317
-1.0133404452
-0.9405111459
-0.8381893713
-0.7694771233
-0.8046876950
-0.8894369015
-0.7468945233
-1.0336473826
-0.9305789196
-0.9314778894
-0.6910147589
-0.8069787585
-0.8596269233
-0.9299110454
-0.8091037879
-0.8051607455
-0.9102520659
-0.9474360686
-0.8710164211
-0.8602984974
-0.9932862104
-1.0493404975
-0.8200283206
-0.9666851376
-0.7864612315
-0.8471500352
-0.9943345967
-0.8436454711
-0.7969848540
-0.9241140025
-0.9292525966
-0.8647298166
-0.9149041017
-0.9050752138
-0.8263904481
-0.9222283076
-0.7474862461
-0.7250582263
-0.7682067391
-0.9548277182
-0.9323582454
-0.8214069542
-0.8561364514
-0.8506957438
-0.7853626406
-0.7990217249
-0.7441678611
-0.8063004293
-0.9820823393
-0.7362468746
-0.7249056703
-0.7766942660
-0.9603513378
-0.9692476219
-0.7718767215
-0.8304911125
-0.5338973740
-0.6690396751
-0.8714840731
-0.8963174972
-0.7807106625
-0.7951788090
-0.8163513501
-0.8272075106
-0.8337467538
-0.8741854521
-0.8573056821
-0.7469138090
-0.8496132057
-0.8258318420
-0.8039463614
-0.9109943470
-0.9787157713
-0.8827885152
-0.7312926822
-0.8239444859
-0.8566452787
-0.7359449017
-0.8083922281
-0.8276439584
-0.6907248219
-0.6936548094
-0.6000152373
-0.8531145214
-0.6025853178
-0.6203727752
-0.6882132229
-0.8083312773
-0.6555798400
-0.7289938915
-0.5596395088
-0.6073441500
-0.6031779564
-0.9102556484
-0.7177882106
-0.7022516478
-0.6622592152
-0.7202951078
-0.7339820248
-0.7196142491
-0.7854935090
-0.6208162965
-0.6938419698
-0.7238527254
-0.6748544467
-0.7929874298
-0.6668973049
-0.7008757069
-0.8114346177
-0.6146299404
-0.8050242234
-0.6987616408
-0.7138604181
-0.7857051881
-0.5125100170
-0.7240767529
-0.7995816530
-0.5711714163
-0.6699926157
-0.6794151044
-0.6445274970
-0.7248337460
-0.5990783710
-0.6981682591
-0.7963809400
-0.8259174477
-0.6120201899
-0.5084458445
-0.6559248376
-0.5723166316
-0.7263780955
-0.7443137269
-0.6618321115
-0.6181472670
-0.8040411691
-0.7184728149
-0.6581741556
-0.6940918186
-0.6285858241
-0.6008242634
-0.6790767203
-0.6292443197
-0.6240298051
-0.6445180912
-0.5970393863
-0.6414795337
-0.5031650133
-0.7205658087
-0.5797136123
-0.7014732890
-0.7414709962
-0.5298308507
-0.6311090499
-0.5859275090
-0.6669620177
-0.6838426821
-0.6760949205
-0.7025565877
-0.6821192121
-0.6812265175
-0.5776741472
-0.6335654568
-0.4465286991
-0.6202103311
-0.5694009744
-0.5163441238
-0.5110861693
-0.5037504353
-0.5271985654
-0.5992078242
-0.5675443342
-0.6818825439
-0.5002642419
-0.5703925342
-0.5375105426
-0.8106079550
-0.6697224203
-0.6157839296
-0.6060885796
-0.3831894561
-0.4631951256
-0.5209606575
-0.5388220952
-0.5409977885
-0.6142052511
-0.6089564849
-0.6274161265
-0.4833871339
-0.5366383428
-0.6079189134
-0.5105984287
-0.6235260734
-0.4957160042
-0.5782701291
-0.5136308604
-0.3347199015
-0.6111483449
-0.6232456871
-0.6072526972
-0.6335379048
-0.5162217548
-0.4860563338
-0.5093669124
-0.5428504863
-0.5096232357
-0.5471432737
-0.5970653855
-0.4445202036
-0.5013973827
-0.4991572722
-0.5456759590
-0.5580079322
-0.5434760409
-0.4460048162
-0.5475562087
-0.4432904623
-0.5256732261
-0.4691988219
-0.4974612284
-0.5548996426
-0.4878386512
-0.3139518557
-0.4441140496
-0.5793895867
-0.3906967946
-0.3454048428
-0.4723906962
-0.4581673699
-0.3794718145
-0.5243107618
-0.5983447048
-0.5051822667
-0.5230855231
-0.4066728869
-0.3861171628
-0.3744431336
-0.3624148026
-0.4194847209
-0.4307000121
-0.5770465822
-0.5454504485
-0.3752196764
-0.4585462637
-0.4357659033
-0.3864365641
-0.3218194968
-0.5573808684
-0.3758944112
-0.3415795504
-0.4616313110
-0.4073072667
-0.4211301975
-0.4138787411
-0.4554162433
-0.4089970016
-0.5084235050
-0.4981437070
-0.5402319869
-0.3822329816
-0.5434086935
-0.3244897526
-0.3559633314
-0.4516338332
-0.2861888602
-0.3793315736
-0.3956796583
-0.4213049009
-0.4334403830
-0.3235932349
-0.2548253176
-0.4463506271
-0.3677848930
-0.4285527309
-0.3616344034
-0.3181879435
-0.4648621131
-0.4148692655
-0.4876933180
-0.3228616355
-0.3600967929
-0.2931761192
-0.5548041392
-0.2642279440
-0.4206340140
-0.2351580734
-0.2770485220
-0.3528983147
-0.2509959555
-0.2998248913
-0.2946052569
-0.4021088465
-0.3879082865
-0.5128890079
-0.3633459896
-0.2990696179
-0.2545309498
-0.4508216448
-0.3454829604
-0.4280264235
-0.3368201931
-0.2193399412
-0.4127615469
-0.3328620537
-0.2598705858
-0.3417012759
-0.3574591395
-0.1888614576
-0.2125407314
-0.1087386741
-0.4478191876
-0.3852528722
-0.2836723236
-0.3280099264
-0.2891605976
-0.3087041429
-0.2853139762
-0.3680184196
-0.2320313217
-0.2147323685
-0.3682482566
-0.2026270363
-0.4369005699
-0.3254269740
-0.3866921656
-0.2792451568
-0.3145139532
-0.3026278696
-0.2087682430
-0.3756856189
-0.4879815094
-0.4350873990
-0.2496008646
-0.3284439769
-0.1122911761
-0.2992581463
-0.1939614385
-0.2247876261
-0.1916895316
-0.2196687630
-0.3029417357
-0.1948186525
-0.2455228816
-0.3126318959
-0.2018776118
-0.2210537519
-0.3572203069
-0.1096864604
-0.3264989809
-0.3897274391
-0.3449410858
-0.2649915963
-0.1328131925
-0.1349023885
-0.1466721293
-0.0238419329
-0.2845740214
-0.3505312513
-0.1732865476
-0.2702664610
-0.1929481291
-0.2196367371
-0.1921211235
-0.2604333713
-0.2795739791
-0.3225163889
-0.2722913275
-0.2078835191
-0.0959120939
-0.1909125977
-0.1175119848
-0.1257052673
-0.3032856793
-0.0097250465
-0.1993886543
-0.1610464479
-0.1732676875
-0.1223664976
-0.0697944474
-0.0754852440
-0.2558342614
-0.2504348501
-0.1102744324
-0.3122274435
-0.1839994067
-0.2302128646
-0.3001805733
-0.1907248001
-0.0651185570
-0.1045622889
-0.0114210087
-0.1902796247
-0.2029652037
-0.1144481689
-0.0903104719
-0.0849931808
-0.1657234810
-0.1499950778
-0.1107195600
-0.0717930148
0.0004656967
-0.1705729828
-0.0481133948
-0.0294039054
-0.2596691761
-0.0652288210
-0.0169697199
-0.1113844258
-0.1048936542
-0.0311501653
-0.0203241025
-0.1337492661
-0.0940994480
-0.0633024416
-0.1138227190
-0.0126420683
-0.0316404113
-0.1487624782
-0.1401362176
0.0000824611
-0.1166693284
-0.0979069709
-0.1173642406
0.0147829534
0.0307055698
-0.1156459008
-0.0976074237
-0.0908603960
-0.1227371828
-0.1436433694
-0.0945096491
-0.1349394090
-0.0057820882
-0.0275267919
-0.0628170993
-0.1329214985
-0.1923511870
-0.1491437287
-0.1411314839
-0.1430857004
-0.1277355676
-0.0485374754
-0.0156255566
0.0955557752
-0.0638618913
0.0187131250
0.2431578943
-0.0016058062
0.0173656160
0.0745704462
0.0399444438
-0.1613867731
-0.1448464153
-0.1272720168
-0.0091578679
0.0714657626
-0.0769548207
0.0905286056
0.0308425898
-0.0258460575
0.0512663478
-0.0287462750
-0.0087100517
0.0112394463
-0.1590385368
-0.0830480953
-0.0656191641
0.0449382529
0.1354529052
-0.0338029400
-0.0952760777
0.0539008660
-0.0800274333
0.1241185395
-0.1561518970
0.0239598802
-0.0008079614
0.2015666435
0.0229489386
0.0288048312
0.0205757806
0.0985582802
-0.0105155567
-0.1435185908
0.0948528240
-0.1414543953
-0.0291037884
0.0136619174
0.1441858542
-0.2122252406
-0.1270068665
-0.0151874264
-0.1028443992
0.0811727415
-0.0319454700
0.0354921301
0.0661130817
-0.0574322154
-0.0314647904
-0.0880005965
0.0673117781
0.0966341705
0.0447147011
-0.0347090294
-0.0095811125
0.1010780323
0.1017267292
0.1077187695
0.0954788317
0.3184536144
-0.0772727518
0.2307723770
0.1774099048
0.1728594351
0.0028661315
0.0836427398
0.1733609200
0.0022193364
0.0731545205
-0.0445889276
0.1106190511
-0.0684857427
0.1497184927
0.1477803392
0.1144914786
0.1124463224
0.0846059670
0.1360685019
0.1612463658
0.1496876455
0.0903178903
0.0976856299
0.1435120304
0.0451192805
0.1873635085
0.1409582055
0.2707265091
0.0537841105
0.2020063933
0.1514011181
0.0169844700
0.1345586179
0.0479460589
0.1416005874
0.1962523608
0.2625917880
0.1167936533
0.1858098948
0.1728528920
0.2165844111
0.0759420423
0.0987575969
0.2677147591
0.1856324888
0.0652805532
0.1781019077
0.2172725942
0.3010334756
0.2705414491
0.1818155849
0.2601592157
0.0486897345
0.2244547451
0.2704066920
0.2522273789
0.1954807517
0.0441143558
0.2667309711
0.1648871127
0.3144686377
0.2511355587
0.1108569119
0.1757996898
0.2937387409
0.0907676398
0.2392915389
0.1461835827
0.1363207207
0.3297639895
0.2974933632
0.2579396813
0.1839701015
0.2523258896
0.0548388904
0.2630065222
0.3773748407
0.3897973188
0.1230507012
0.3930512129
0.1907533943
0.2797199865
0.1967329223
0.1847063707
0.1363421866
0.2378966245
0.2730027979
0.4075258046
0.2428015827
0.1276418477
0.2036279276
0.3221762155
0.2573619958
0.3600432933
0.2900539564
0.3232063262
0.2611794930
0.2635203642
0.1324359646
0.2673983890
0.1506650132
0.2886402452
0.4024454553
0.3832969755
0.1788064194
0.3487834962
0.4626106116
0.2029821908
0.2708718449
0.1368494409
0.2853200584
0.2012977604
0.2490033017
0.3326292006
0.2242199864
0.2969946475
0.2526166678
0.2940250023
0.3689246316
0.2630115182
0.2081538304
0.2389506570
0.2919486673
0.3304986598
0.3358475592
0.2223664094
0.3349335030
0.4287695033
0.2838637118
0.3725517062
0.3142777066
0.2343810433
0.3096962291
0.4616788313
0.3090460893
0.3373193978
0.4213374903
0.3822150202
0.3088841353
0.2792410497
0.3206074428
0.4116011148
0.3821965010
0.4697618289
0.4184619743
0.4957079803
0.4021455391
0.3258743961
0.4149512490
0.3248763920
0.4027681578
0.2461969425
0.4423837607
0.4078359164
0.3351778246
0.4799231540
0.3139808953
0.4339283059
0.3518110733
0.4934805996
0.4387797584
0.3224501996
0.5113060456
0.3908238205
0.3728853659
0.4298824723
0.4057910293
0.4403412509
0.3768001581
0.3640513199
0.4344004491
0.3736582161
0.2482102925
0.4494613733
0.4223223453
0.4346580443
0.4494336019
0.4972378661
0.4168365228
0.3745163582
0.5881090197
0.5180435879
0.4655280514
0.4813602166
0.4973624483
0.5338706484
0.3677059044
0.4959254333
0.5372110525
0.3424599155
0.5912351406
0.6100935407
0.5466046813
0.3367018007
0.4067117459
0.4923618884
0.5638020084
0.6222118699
0.5131781813
0.5412136239
0.4073095663
0.4065610502
0.5334119342
0.5788055428
0.4893506157
0.6137061303
0.5855064046
0.4096770412
0.6567106995
0.5178440369
0.5167077421
0.5490497629
0.4704717987
0.5295636456
0.6556454502
0.5414059611
0.4148764258
0.5216703327
0.5305984367
0.5299135580
0.5797725241
0.5550571463
0.7586094778
0.5262056254
0.5598079099
0.3838792139
0.5050590502
0.4796228135
0.5534696302
0.5714102534
0.5928977452
0.4218554001
0.6465892732
0.5680750287
0.4803642561
0.7297845052
0.6022699401
0.5785031756
0.7414062508
0.5342458690
0.6067252532
0.5973760658
0.4569576674
0.6076762676
0.5991110851
0.6619137769
0.6595025084
0.5352757176
0.4702094597
0.5594655789
0.4737016787
0.4539072953
0.6951783418
0.4225043337
0.5525085336
0.4490592889
0.5653213571
0.6533319885
0.5678397479
0.6463352391
0.6613274336
0.4877941761
0.5633903431
0.6917966771
0.5806027351
0.5315163202
0.5399718936
0.7352047638
0.5742507479
0.5830036923
0.6566696830
0.6447138481
0.4462113004
0.6161976398
0.6057932587
0.6516643093
0.7875126697
0.4512216791
0.5873960781
0.7369675266
0.7763049023
0.5643684081
0.5210292815
0.5967710183
0.8570651222
0.6504115048
0.6414432866
0.7615410607
0.5673908453
0.7304408305
0.7523255594
0.6296276884
0.6831072789
0.6607572239
0.5989495612
0.7393037061
0.7727459831
0.7487994508
0.6135260329
0.6036645419
0.6812457156
0.5892972491
0.7700349731
0.7037406616
0.7094594724
0.7308942404
0.7945470485
0.6887075815
0.7639346907
0.6421385840
0.5460751997
0.7205104030
0.6143972135
0.6805360635
0.6225788920
0.7444844542
0.7923177642
0.7413638381
0.6701010457
0.6355642114
0.6424045203
0.8446714568
0.7397268252
0.8525324004
0.9414850592
0.8097686978
0.7737505595
0.6610545142
0.7048613527
0.6193191507
0.7091871857
0.8452823892
0.8680825415
0.8328163093
0.6931808621
0.6350016440
0.8464052437
0.7741394692
0.7292731714
0.7495790060
0.7926391331
0.8220865648
0.7024845820
0.9152586691
0.8075577047
0.8638947131
0.7392667529
0.8062172330
0.9328094910
0.6833759477
0.7605682938
0.8248797085
0.7926981904
0.6856082200
0.7904911555
0.7921722948
0.8406712252
0.6907228432
0.7034564522
0.8171154564
0.7859589512
0.8177048152
0.9558925819
0.7718204797
0.8610768282
0.9218334002
0.8103921796
0.9434172131
0.7946396002
0.9283063743
1.0063298934
0.7805504884
0.8084119032
0.8131683640
0.8933011589
0.8747032432
0.8175619408
0.8423534441
0.7865898723
0.8993012416
0.8379462366
0.8440464974
0.9358068114
0.8524872467
0.7752419678
0.9359251883
0.8534817396
0.8329264480
0.7674481046
0.9960916687
0.7772376911
0.9166601467
0.8526848057
0.8377321858
0.9267285560
0.9837077512
0.8788311078
0.9911526176
0.8137337284
0.8131510996
0.9153936484
0.7981198349
0.8771858933
0.7286999491
0.9404087862
0.9772554932
0.8208856963
0.8106914234
0.9638921727
0.8868138194
0.9636191216
0.9247110242
0.8120207227
0.8423983819
0.8784181434
0.8302176864
0.9554579104
0.9389274096
1.0173541631
0.8829170502
0.8726318909
1.0317777782
1.0868207587
0.9625219865
0.9013603924
0.8695588404
1.0349558753
0.9102523112
0.9696361085
0.9377884933
0.9124341340
0.9047469047
0.8816829861
1.0153047455
0.9943389587
0.9241274103
1.0683708377
0.8689216198
0.9161645658
0.8807474390
1.0607550953
0.9602538950
0.9077034219
1.0106335560
0.9413018798
1.0435228151
1.0108053158
1.0664505072
1.1078143610
1.0678584563
1.0030957882
1.0353120410
0.9017633317
1.0854857816
1.0582162403
1.0352871568
1.1155479471
