-1.0205593933
-0.9874860078
-1.0047835933
-1.0443095351
-1.0317497298
-1.1332530186
-1.1045167533
-0.9997005002
-1.0305080411
-1.0246209673
-0.9122291391
-1.1408775277
-1.0568816437
-0.9416335157
-0.9357688356
-0.8742910942
-1.0696494925
-1.0189419254
-0.9950480306
-0.9315766845
-0.9848583184
-0.7796221275
-1.0533277045
-0.9232674230
-0.9070196783
-0.9175129179
-1.0455728164
-0.9812241476
-0.9694051203
-0.9970587506
-0.8664129721
-0.8982594758
-0.9575315311
-0.9305682455
-0.9773043797
-0.9250675958
-0.9679313179
-1.0866239860
-1.0744259228
-1.0096868147
-0.9152851690
-0.9114931628
-0.8998526187
-1.0407412603
-0.8423848071
-0.9228521393
-1.0203904782
-0.9350946434
-0.8194871666
-0.8126281720
-0.9392897671
-0.9047401219
-0.9961851165
-0.8732680077
-0.9146898345
-0.9268042327
-1.1271296804
-0.9553046754
-0.9052610913
-0.9007623681
-0.8454324268
-0.9225435184
-0.8183924738
-0.9192115643
-0.8696653884
-0.8347316939
-0.8618532649
-0.8971094776
-0.8621175091
-0.9436313121
-0.7479883209
-1.0423345702
-0.8622752301
-0.7727620932
-0.6984654478
-0.8666095438
-0.7086586039
-0.7995944839
-0.9263914976
-0.9417724554
-0.9651275452
-0.9024536011
-0.7454762195
-0.8169119758
-0.7592201889
-0.8500886662
-0.8149182792
-0.7293154269
-0.8664097860
-0.7212040466
-0.8021651581
-0.6675434849
-0.8185958160
-0.9611373152
-0.8762767428
-0.8662271266
-1.0577893595
-0.6621184816
-0.8371650743
-0.7132192373
-0.7835401604
-0.9183080686
-0.8063904447
-0.8610162154
-0.8033956554
-0.8102402314
-0.8040004361
-0.9065625080
-0.8593940975
-0.9015773625
-0.6895035963
-0.8521182586
-0.7898532860
-0.6608431585
-0.7238629378
-0.8670726003
-0.7910736417
-0.8646945904
-0.7417111556
-0.8240840193
-0.7412447134
-0.6679075563
-0.6870801293
-0.7496204413
-0.6635880429
-0.8055814181
-0.7518156458
-0.6871869025
-0.8294598677
-0.7270439247
-0.6961766837
-0.6063975786
-0.7254854544
-0.8746212758
-0.8406562923
-0.7173576566
-0.6664568499
-0.7415305191
-0.6627740483
-0.9124890812
-0.7556935565
-0.7206615986
-0.7798650879
-0.6178971717
-0.6140047743
-0.8053856785
-0.6815807782
-0.6369137440
-0.6921114102
-0.6112873455
-0.5746370255
-0.8507730959
-0.8916722751
-0.6726096294
-0.8705686789
-0.7083762068
-0.6585216563
-0.6574301917
-0.7204213192
-0.7987723895
-0.7571398521
-0.7702732655
-0.7549628473
-0.6597657056
-0.7059489228
-0.4908154655
-0.6863188416
-0.5064277495
-0.5793098648
-0.6650983552
-0.7005208645
-0.7291571227
-0.6157578673
-0.8430098962
-0.5844750049
-0.7719861391
-0.6781791546
-0.8931285525
-0.6873638525
-0.6689992467
-0.6546550150
-0.5586833894
-0.4905971283
-0.6260382673
-0.4560036355
-0.7161369689
-0.6139090987
-0.7100952598
-0.5315369823
-0.8750283467
-0.6261589527
-0.7009810914
-0.7122050567
-0.5921383905
-0.5800900069
-0.6234043512
-0.7808644692
-0.6563551100
-0.6414542741
-0.6951593290
-0.5237589328
-0.6442874708
-0.6384743637
-0.7248197127
-0.5804046670
-0.6433657321
-0.5286728051
-0.4803445900
-0.4579223698
-0.7373804048
-0.5814568270
-0.5294391985
-0.6550566852
-0.5760208286
-0.4754145601
-0.6492217174
-0.6217226223
-0.7158352681
-0.4896198166
-0.6255687023
-0.5935410069
-0.5919414783
-0.4386349034
-0.5467692421
-0.4316363365
-0.5009421581
-0.4703185124
-0.5465405586
-0.5832340895
-0.5045188944
-0.4252835157
-0.5648720468
-0.6383987742
-0.6286419877
-0.5012442397
-0.5486328311
-0.6462584650
-0.5367354150
-0.5402976281
-0.6388204740
-0.5905470903
-0.4644882746
-0.5790467314
-0.5311786426
-0.6747456463
-0.5429946804
-0.5601635564
-0.3791746468
-0.4990169253
-0.6415938634
-0.6288544050
-0.5992067659
-0.4614630053
-0.5518506824
-0.4356468891
-0.5302753466
-0.5851531806
-0.3847393031
-0.4033387013
-0.5858769001
-0.3456643411
-0.4574359000
-0.4769781332
-0.4460296798
-0.3595306157
-0.4659247236
-0.5072308880
-0.2910915135
-0.3416886913
-0.3315526931
-0.4686468089
-0.4477965713
-0.4080836246
-0.5039514705
-0.3835205234
-0.5099740223
-0.4120828310
-0.4036238766
-0.4156024828
-0.4588573842
-0.4335301237
-0.3368713743
-0.4249624081
-0.4691781374
-0.3984570593
-0.3267765364
-0.3987615711
-0.5349102373
-0.5141400608
-0.3439551322
-0.4461386077
-0.4157449392
-0.3136888973
-0.4806091092
-0.4477629441
-0.3765051645
-0.4517900227
-0.4929720683
-0.4359573146
-0.3933195477
-0.4063260552
-0.5309903038
-0.4005600465
-0.2789378450
-0.5172261571
-0.3322838370
-0.3467878345
-0.4112312713
-0.4463578901
-0.4584388566
-0.3199775457
-0.4217026684
-0.3581732552
-0.4093133526
-0.4312577223
-0.3570060702
-0.4991986891
-0.3934565283
-0.1374310715
-0.3616298202
-0.1952946554
-0.3951401843
-0.3881796890
-0.2943794547
-0.5137370012
-0.3213862105
-0.4080421746
-0.3509413082
-0.2777800952
-0.4671353765
-0.3512324476
-0.2267984087
-0.2293156259
-0.3863857821
-0.4409675030
-0.3610034468
-0.3524566785
-0.3389691760
-0.1857001406
-0.4130456799
-0.3358442095
-0.1927557243
-0.3081731414
-0.3352973056
-0.6195074500
-0.3994128826
-0.3635696675
-0.2997407670
-0.1531616005
-0.2252496429
-0.1249931019
-0.3425582786
-0.3783548136
-0.3189957293
-0.4209030729
-0.3913064748
-0.1842916884
-0.2849290436
-0.3764620247
-0.1646062461
-0.2652647108
-0.3518556272
-0.4010491313
-0.1098198811
-0.2288796810
-0.2386715832
-0.2942964298
-0.2889553887
-0.2022632992
-0.2700875090
-0.2993359715
-0.1919382348
-0.2864566938
-0.1901863241
-0.2197303520
-0.2843678470
-0.2417822442
-0.3324816650
-0.2533058094
-0.2817865669
-0.2518283093
-0.3023545367
-0.3357511395
-0.3063147297
-0.2152423281
-0.2105820251
-0.2191248657
-0.1626976349
-0.1995821528
-0.1524637464
-0.3275059723
-0.2229993827
-0.1368856408
-0.2026031067
-0.1678891056
-0.3324483683
-0.1991464516
-0.2150419434
-0.3394166860
-0.2668404233
-0.3139358414
-0.2667292480
-0.2600942129
-0.2284605228
-0.2547249374
-0.2159793226
-0.2467538137
-0.3399926877
-0.2451797463
-0.1831913677
-0.0643082529
-0.3091418691
-0.1031753945
-0.2372623137
-0.0663160654
-0.0957531492
-0.0212577180
-0.1517471591
0.0448836020
-0.2124778237
-0.1134135718
-0.2039932535
-0.0587036237
-0.1794915278
-0.1880186711
-0.1542484689
-0.0223584421
-0.1010692307
-0.0982367051
-0.2179782084
-0.0717046810
-0.2536734991
-0.1157424668
-0.1508971153
-0.2152828437
-0.1296080326
-0.1062050549
-0.0519794336
-0.1175027728
-0.2430534480
-0.1493034397
-0.0294173669
-0.1967704150
-0.0827540787
-0.1401854554
-0.3238460447
-0.1266679462
-0.1375422837
-0.1125688250
-0.0308922712
-0.2328964927
-0.0685926039
0.0130431133
-0.2058267932
-0.0783213409
-0.1285450385
-0.0192083715
0.0759021991
-0.0609720651
-0.0918756404
-0.1057526830
-0.0820241930
-0.1434439881
-0.0067805183
-0.0385561106
-0.1313031742
-0.2246422519
-0.0124212134
-0.2631704439
0.0000525254
-0.0315227895
-0.1016662224
-0.0319776565
0.0195587748
-0.2315046283
-0.1299035578
-0.0306266442
0.0210251555
0.0544280534
-0.1512081731
0.0991896264
-0.0898804059
-0.0289100640
-0.0394754821
0.0536476003
-0.0023613072
-0.0076769912
-0.0821637495
0.0922361046
-0.0125929655
-0.1080961581
0.1078438226
0.1012105658
-0.0055989469
-0.0970187239
-0.0373585821
-0.0510207396
0.0149870525
0.0298208077
-0.0576003562
0.0387175612
0.1423041828
-0.0082697136
0.1157639298
0.0017736685
-0.0113077215
-0.1315658461
-0.0840289548
-0.0301557187
0.0145151020
-0.0817448171
-0.0195822425
0.0462558521
0.1646022172
0.0628168086
0.1618263516
0.0218498201
-0.0138165117
-0.0594470901
0.0643044411
0.0021358637
0.1217117747
0.2111693058
0.1307915902
-0.0642485578
0.0022578320
-0.0111673110
-0.0552965792
-0.1081786754
-0.1489961626
0.1148951428
0.1242608616
-0.0179478323
0.1287131575
0.1148398528
0.0967174615
0.2033265888
0.1262569274
0.0608475211
0.0773489803
-0.0498208109
0.1720189655
-0.0310965969
-0.0012591806
0.0195475648
0.0853730103
0.1442280093
0.1747851296
0.1212565296
0.0845135526
-0.0002572244
0.0353710736
0.0589887808
0.0167071165
0.0536608278
0.0984736791
0.2426182339
0.1975855159
0.1502394706
0.3516668045
0.1727330054
0.1177785308
0.1861519648
0.0457794060
-0.0023325300
0.1728982456
0.2333678841
0.1059608559
0.2263065647
0.1679172139
0.1064379124
0.1467995173
0.0320840671
0.2124391878
0.0748041518
0.2405281026
0.1332119733
0.2300568172
0.0462063397
0.2626215969
0.2075704064
-0.0670935730
0.1370635586
0.0133893504
0.1532378461
0.1526995401
0.2212946606
0.3716980859
0.1353342781
0.0768654541
0.1494054451
0.0315716128
0.1049760990
0.2092116934
0.2261431144
0.3090785037
0.1388707010
0.1717102811
0.3080782569
0.2054467569
0.1847769698
0.1256707340
0.2663715485
0.2786915298
0.4017284484
0.2426129827
0.3093130743
0.3397600637
0.0844631546
0.2133579327
0.1812647959
0.2907397634
0.2180725586
0.1157328649
0.1013644668
0.1183098612
0.1744317107
0.2363993750
0.2388552979
0.2920409737
0.1532779503
0.2038509979
0.2564802368
0.3091619088
0.1151211305
0.2109760270
0.2073660721
0.1904472185
0.1321786550
0.2084825766
0.1199530624
0.0944000783
0.3470306320
0.3461267888
0.2164846017
0.3506283944
0.2714301229
0.1603627777
0.1955489837
0.2916855841
0.3643761735
0.3092639027
0.4973856516
0.2796037151
0.3284142770
0.3536408094
0.2530541173
0.3729882546
0.3297735889
0.3862971932
0.4642612144
0.3230553934
0.1793125426
0.3495591122
0.3181114311
0.4384807851
0.3130614548
0.2626098578
0.4634120579
0.3335647683
0.3787025170
0.3536210803
0.3052130496
0.4669253517
0.3130462725
0.4097084706
0.3322609724
0.1590244584
0.3153620002
0.3146899720
0.3829645823
0.1510177576
0.4696087644
0.1308102646
0.4173564326
0.2887894664
0.3070937319
0.4935998821
0.2905135702
0.2283275931
0.3357112189
0.4113076237
0.4728580809
0.3506591098
0.4353375123
0.4497944584
0.3428187159
0.4253446864
0.3203248472
0.3806025660
0.3903356247
0.2764467685
0.4235893504
0.3943468872
0.2556515490
0.3674959145
0.3970425604
0.3686520147
0.4697300549
0.3320215808
0.3816178230
0.3975001047
0.4897067379
0.4669604104
0.4204484752
0.4578173779
0.4965668536
0.4755308912
0.3072447897
0.5222308779
0.5229291099
0.4836855037
0.4515997160
0.3357478499
0.4464180608
0.5057048436
0.3519521660
0.4155856987
0.4362047441
0.5649434978
0.5669154401
0.4256905550
0.3937835704
0.3567111733
0.4816236846
0.4839301546
0.4849830447
0.5105826726
0.5493863392
0.5681397220
0.4174791930
0.4472182266
0.5053264826
0.3754367109
0.4703672748
0.4923742928
0.5501245871
0.4886043782
0.2986627132
0.3325672782
0.6194678655
0.4538273800
0.5656811625
0.6162926755
0.3377595866
0.3676967286
0.5483857150
0.7123857045
0.4871038301
0.4863496085
0.3934993830
0.5393528784
0.4922457083
0.4646356122
0.4434422177
0.5618478502
0.2909393303
0.4314477786
0.5849092391
0.7560215945
0.5735493988
0.4784000499
0.5355119152
0.5204686236
0.6560734944
0.5813557999
0.4509758099
0.4291733151
0.5630979737
0.5305514040
0.5225596488
0.6170483843
0.5209299495
0.5750657178
0.7302309289
0.6190495391
0.5779154477
0.6245774007
0.5528168040
0.4203079099
0.5705279421
0.6916792957
0.6502082828
0.5059216165
0.5762010926
0.5104973938
0.5340955539
0.7637729658
0.5843790397
0.6025114780
0.7091893512
0.5519781448
0.4461063117
0.6571022774
0.6495908151
0.5859518428
0.5417293820
0.8486002555
0.7197622156
0.7235345818
0.6653639342
0.5594009365
0.6962919457
0.5569866919
0.6548414410
0.6191343109
0.6456467299
0.5608592565
0.6524454591
0.5801341295
0.6740607916
0.6172457883
0.6323174349
0.6550884310
0.6705173619
0.6780909498
0.7025817880
0.5381606272
0.5656284316
0.5988454402
0.6463758182
0.6443392572
0.6345805358
0.5903060455
0.7084177806
0.6149288665
0.6447938163
0.7438721996
0.5782176337
0.6132638246
0.6852831040
0.6064165763
0.5655147587
0.6408012544
0.5297625813
0.5371547156
0.6967873957
0.6357304515
0.8800492949
0.5918569175
0.5614705281
0.5885612785
0.6211815976
0.6409885498
0.6067603434
0.6704176757
0.6980801867
0.6883689754
0.6945063974
0.6149000341
0.7282308386
0.8850070441
0.7385774233
0.6291419504
0.7767859279
0.8499147645
0.7307185848
0.7183256684
0.8005890259
0.7107020213
0.7195893436
0.7979487344
0.7482886125
0.6203338096
0.8302564440
0.7999098334
0.7997352045
0.7343791761
0.6288843659
0.6524107943
0.5540464379
0.7802549783
0.6891432731
0.7500966022
0.8582368949
0.8273428875
0.8240588434
0.6045410213
0.7293301944
0.8461073663
0.8610892670
0.8156020024
0.7050954256
0.7514370468
0.7871178568
0.8430905324
0.6074671472
0.7903864749
0.8092596455
0.7901182145
0.7860388767
0.7068356657
0.7902360770
0.6878794927
0.7442480447
0.8663875692
0.7809385661
0.7403132647
0.8193440037
0.7969359090
0.8617692699
0.7532331043
0.9570473264
0.8600262631
0.8475078367
0.7664531436
0.7245615500
0.8222255762
0.8563213204
0.8530564823
0.6763028260
0.7161465473
0.7186800348
0.8329086395
0.7049240086
0.8130154942
0.8243299738
1.0112773160
0.8636829147
0.7988757096
0.8250555214
0.9754966529
0.8388855759
0.9259401546
0.8851430061
1.0394380354
0.6905718297
0.9182394686
0.8031403551
0.7958524352
0.9192512354
0.7963728995
0.8450963873
0.8034958755
0.9182537140
0.9868159246
0.8456728452
0.7874264813
0.8162353993
0.9871484671
0.9046668790
0.8500394082
0.9879827716
0.9075719103
0.8943056620
0.9428778764
0.7828444017
0.7539592060
0.9009410650
0.7863044002
0.7589265624
0.8081387171
0.6834683447
0.8849736386
0.9867978926
0.9763038854
0.9275587434
0.8748537284
0.9439519562
1.0709411631
0.9040069201
1.0465145454
0.9205615714
0.9368108465
0.9386889031
0.7229833695
0.8983443183
1.1146517774
0.7664394940
0.9646459633
1.0208739840
0.8093455461
0.9670191228
0.9360013385
1.0175609909
0.9654999304
0.9613537742
0.8869226014
0.9654803089
0.9509637280
1.0443514024
0.9409633024
1.0035101352
1.0172720435
0.9804666605
0.9059677848
0.8519655989
0.8568652541
0.8120377351
0.9562048440
1.0281794421
0.9235242029
0.9313368482
0.9876310718
0.9500468152
0.9150542305
0.9977821947
1.1104912143
1.0227500900
0.9761298060
