-0.9704475314
-0.9238097294
-0.9854103850
-0.9772781270
-1.0500039893
-0.9296045034
-1.0628391109
-1.0076426076
-0.9205293395
-0.9238492740
-0.9528896529
-0.9256945523
-1.0000919969
-0.9804284843
-1.1255912320
-0.9234282259
-1.0036565886
-0.9352827795
-0.9899835043
-1.0851518967
-1.0645550822
-0.8450103659
-0.8478995354
-0.9004662746
-0.8766654354
-0.9236968755
-1.0360798327
-0.8708879080
-0.9344162879
-1.0267220461
-0.8737188011
-0.8372403278
-0.9098853527
-0.6123014439
-0.9614672695
-0.8333884328
-0.7961484666
-0.9780706956
-0.8922676232
-0.9302611976
-0.9613882429
-0.9598507477
-0.7994786970
-0.9365968654
-0.9718368754
-0.8547523801
-0.7585436162
-0.7646729726
-0.9247051001
-0.9106788365
-0.9827553521
-0.8640612513
-0.7689000214
-0.7983144872
-0.9478647407
-0.9799010089
-0.8192886837
-0.9211411562
-0.8462907359
-0.9466013536
-0.7910741929
-0.9019669051
-0.8665927881
-0.8166787588
-0.7556267201
-0.8167165768
-0.9454155260
-0.8689432008
-0.9425011706
-0.8663901646
-0.8408313820
-0.7759607887
-0.8701581236
-0.8894009203
-0.9866158224
-1.0553615139
-0.9382968773
-0.8769459372
-0.9914667134
-0.9814917363
-0.8709154798
-0.7430314069
-0.7576342103
-0.8518437993
-0.7278554813
-0.8091508205
-0.9099924029
-0.8538774215
-0.8151810755
-0.8293469981
-0.9032207091
-0.7691190900
-0.8235075212
-0.9109044257
-0.7662467895
-0.7278810599
-0.8139638759
-0.8415737324
-0.9104892946
-0.9311712707
-0.8697437243
-0.8239511001
-0.7634824850
-0.6943507461
-0.7714684529
-0.7259841674
-0.6436670239
-0.7833974638
-0.7575883147
-0.7847222145
-0.6998148844
-0.7827163082
-0.7873724518
-0.7145370272
-0.8779617763
-0.6593824093
-0.7783615771
-0.7780229206
-0.6223746177
-0.8359863947
-0.6829569490
-0.7028782617
-0.6898318635
-0.6866433912
-0.5961655449
-0.8659856320
-0.7144198445
-0.7598975745
-0.9325693444
-0.7854364782
-0.7263558716
-0.6601494463
-0.7999869973
-0.8104216257
-0.7975588319
-0.6362529060
-0.6859604874
-0.8023102358
-0.8013543171
-0.8577181379
-0.6669207449
-0.7630287455
-0.6262959045
-0.7627315675
-0.6309050517
-0.7360857523
-0.6283716158
-0.7095078501
-0.8900352172
-0.6198736701
-0.5076713136
-0.6769202465
-0.8562285190
-0.7519313888
-0.6710123113
-0.7507358231
-0.5856259478
-0.7771788498
-0.7269226776
-0.5820829671
-0.7417853865
-0.7556677141
-0.7348205155
-0.6351435749
-0.5252720339
-0.6267976874
-0.6038736986
-0.5774006581
-0.6139542944
-0.7007134129
-0.7205039315
-0.6059756597
-0.6085753712
-0.6587239612
-0.6473307074
-0.5861078491
-0.5412404624
-0.7017733954
-0.7078936437
-0.5793278756
-0.6958267176
-0.6211056368
-0.6636704363
-0.6832516268
-0.5610110092
-0.5528337247
-0.8296326206
-0.4763379584
-0.6785761124
-0.5961813799
-0.6330498072
-0.5139489535
-0.5902241697
-0.6188157629
-0.7309967149
-0.7450315365
-0.6344861831
-0.7223237429
-0.6212684717
-0.5770846120
-0.5651617884
-0.7007222925
-0.5375909741
-0.6098505250
-0.5338208596
-0.6366167591
-0.6186054326
-0.5754742000
-0.5825114294
-0.5175122461
-0.5699605407
-0.4568697422
-0.4761471740
-0.6255141950
-0.5495864265
-0.6217174291
-0.4553736315
-0.5745940689
-0.6438235183
-0.6630621400
-0.5683872220
-0.4175391635
-0.5727242568
-0.5446679360
-0.5833624828
-0.5409098784
-0.6043390318
-0.5998422588
-0.5038105205
-0.7266127773
-0.4855815298
-0.5325162607
-0.3993468524
-0.6351623497
-0.4640654310
-0.6047234019
-0.4378387966
-0.5495665482
-0.4859898869
-0.7247687695
-0.6653692169
-0.6438244000
-0.4857540259
-0.6315159082
-0.5702932964
-0.5482609442
-0.3691176690
-0.4828665012
-0.4198424133
-0.4886108863
-0.4372684465
-0.4737969055
-0.4515965869
-0.4871103869
-0.4014692179
-0.5112286910
-0.5918140607
-0.4741336058
-0.4157906052
-0.4508718268
-0.4657067532
-0.4894045721
-0.3273207927
-0.5306043554
-0.4549994750
-0.5135850677
-0.4888354015
-0.4660862421
-0.5339769193
-0.5252279947
-0.3230309331
-0.4025117354
-0.4745884031
-0.5714594007
-0.4805440875
-0.4881500760
-0.3721669004
-0.3103675898
-0.5988600880
-0.4179690554
-0.4191524903
-0.4536759601
-0.3858654358
-0.4162893833
-0.3581701317
-0.3351040965
-0.4049241158
-0.4891995431
-0.4883725310
-0.3391369344
-0.4187722306
-0.4042014521
-0.2992415382
-0.3591331920
-0.4901521592
-0.5356852481
-0.3820381766
-0.3254957023
-0.4090669383
-0.4980007678
-0.3859097707
-0.3604961847
-0.4295209809
-0.5374232039
-0.3665538301
-0.5795444535
-0.4394107094
-0.3175311371
-0.3533267725
-0.4040295694
-0.4795414790
-0.4784160186
-0.3050572277
-0.4540308414
-0.2416865422
-0.4144910419
-0.3517917984
-0.4086126096
-0.3542333460
-0.3594969645
-0.3289460107
-0.4094956305
-0.4274901820
-0.2100392556
-0.4322074296
-0.4156310611
-0.3868251921
-0.4457268354
-0.2576906804
-0.3027241275
-0.2134981291
-0.3050128978
-0.2605617390
-0.3313488782
-0.3574688060
-0.3022190258
-0.2183759174
-0.3040019549
-0.3109572098
-0.2932122069
-0.2970790589
-0.2246701472
-0.2700283536
-0.4532098628
-0.2717068025
-0.3607453149
-0.2651064920
-0.4119952465
-0.2344114642
-0.3607365380
-0.2564925627
-0.3993601467
-0.3590752970
-0.3145335404
-0.3946563932
-0.2844594263
-0.2629013040
-0.2920980860
-0.2644980595
-0.3596030939
-0.2064385880
-0.4325846066
-0.2240419124
-0.2453385579
-0.2253822557
-0.1850474316
-0.3849621269
-0.2628917016
-0.0750975615
-0.3784840292
-0.2100262117
-0.2821434437
-0.0965923452
-0.2972976432
-0.2406805181
-0.2330011785
-0.3003607994
-0.2597159709
-0.1457144902
-0.2658251628
-0.1475529354
-0.1449267460
-0.1682612180
-0.1001984091
-0.2309261758
-0.2111824229
-0.2450705328
-0.0865799077
-0.3063203278
-0.3076151146
-0.1119359028
-0.2767027577
-0.2800304371
-0.2489298289
-0.2345602168
-0.1800568020
-0.2713540381
-0.2409239236
-0.2997846384
-0.1855517085
-0.2725678331
-0.2110457181
-0.2006325056
-0.3206511045
-0.0660724101
-0.2087698874
-0.0598913168
-0.2683003318
-0.3611819344
-0.1763171628
-0.0531456211
-0.1950187085
-0.1046012332
-0.2397423408
-0.0972626469
-0.1815787749
-0.2694303850
-0.0029782999
-0.2094479268
-0.2670254355
-0.2595210505
-0.1980258010
-0.1008537257
-0.3106115847
-0.0804327496
-0.2603337978
-0.1751999242
-0.1560578447
-0.2046666738
0.0005580636
-0.2278224705
-0.2621316985
-0.1739098297
0.0376421880
-0.0435342935
-0.0729913489
-0.1634365522
-0.0650757407
-0.1115975293
-0.0320872487
-0.0495741653
-0.1673201714
-0.2055137851
-0.2207701562
-0.1834121962
-0.1050155153
-0.1560941706
-0.0755352924
-0.0077113919
-0.1864482023
-0.1546643622
-0.1706043643
-0.0205238265
-0.1250320886
-0.0654759814
0.0510956384
0.1025486710
-0.0446503513
-0.0634197385
-0.1083403863
-0.0253277823
-0.1487360296
-0.2348900198
-0.0383220895
-0.0823725403
-0.0126521889
-0.0335275039
0.0691180413
-0.0108787736
-0.0004348388
0.0555604399
-0.0207551447
-0.1166735286
-0.0482560300
-0.0261884063
-0.0073149240
-0.0462885888
0.0420098591
-0.0455582633
-0.1529205204
-0.0675496610
-0.0921023557
-0.0820670091
0.0583565129
-0.1595139400
0.0567002483
0.1099542204
-0.1266015626
0.0723771836
0.0311042721
0.0861554225
0.1006137973
-0.0327711490
0.0613880735
0.0586488844
-0.0075169899
-0.0343871222
-0.0037608563
0.0166814589
0.0474790621
0.0331925452
0.0708781302
-0.2051340129
0.0543618840
0.1180087572
0.0194404962
0.1496871229
0.1243482891
-0.1277777081
0.0541636909
0.1301037552
0.1514736387
0.0454266870
0.0103430493
0.0873618127
0.2343129814
-0.1320590023
-0.0084508895
0.0230155992
0.0444078548
0.1766407613
0.0048576994
0.0729591585
-0.1504307754
0.1633753572
0.0174223560
0.0336943591
0.0147467542
0.0078975540
0.0805345412
0.0603949891
0.1547211463
0.1630100690
0.1680331800
-0.0153928394
0.0567526489
0.0844034047
0.0125872600
0.0945379978
0.0616692879
0.0662638641
0.0891854554
0.0746713211
0.1420295476
-0.0235580440
0.0236320180
0.1802154963
0.0538383418
0.0797896348
0.1132040028
0.2320748944
0.1110467028
0.1957559286
0.0902835440
0.0673874179
0.1125123423
0.1529929921
0.1782111735
0.1624078828
0.1743715143
0.0947024624
0.2720463103
0.0911656937
-0.0190153012
0.1361240007
0.1348528133
0.0989217756
0.1670104035
0.1480047134
0.1592637071
0.0742777743
0.0885950888
0.1235181724
0.2745873022
0.0945399941
0.1440280042
0.1858378730
0.1548465637
0.2126929311
0.1276544555
0.1588550039
0.1841789413
0.0247109791
0.1489267723
0.1532085669
0.1239321596
0.1770824597
-0.0592903386
0.2538001896
0.2946250701
0.0813829465
0.2477425172
0.1225109796
0.0812005157
0.1265396735
0.3213437798
0.1937570988
0.2386205979
0.3222557303
0.2163395649
0.1581161880
0.2461347988
0.0037276821
0.3237781753
0.2260900988
0.2317327492
0.2566319013
0.3483208816
0.3120848373
0.2324524878
0.1624216864
0.1934954041
0.0810417235
0.2816989361
0.2263044707
0.2966415309
0.3405676981
0.3699293109
0.1141635470
0.0866345190
0.3063647000
0.2771243069
0.3279442469
0.1937140991
0.1477930566
0.3157966855
0.1952813589
0.2548879017
0.2801087018
0.2612247442
0.2195778449
0.2973063754
0.3389876662
0.3405388545
0.3592002597
0.2260099889
0.3127450472
0.2067232908
0.1900382243
0.1492851970
0.3614531229
0.1120475892
0.4118197143
0.1780404960
0.2825756932
0.4275165704
0.2063025905
0.3951160321
0.3970949321
0.4021635427
0.2506045249
0.1149125685
0.2855069751
0.1658647232
0.2644311648
0.2235388753
0.2927896508
0.2938826286
0.2827719143
0.3921801768
0.4095912413
0.3877160995
0.2575063833
0.5173912447
0.3246825130
0.4683302234
0.3515249872
0.2440647919
0.3925470466
0.3435653920
0.3041715661
0.4261789810
0.1928451902
0.2536562634
0.3730032098
0.4691301474
0.3103864262
0.3964068160
0.3640902467
0.2637943165
0.3250742362
0.4299524665
0.2963797159
0.3334411574
0.3701874196
0.4916178757
0.2493615432
0.1698340811
0.3942828049
0.4257262142
0.4310141324
0.2643028362
0.2761874386
0.3830054127
0.4080284129
0.3700331786
0.2807870487
0.4541125483
0.3307504787
0.3151740805
0.4321747559
0.4675592967
0.3544321914
0.3755904482
0.4275440489
0.2833559925
0.4480863245
0.4907023828
0.4593356684
0.3948826064
0.3985542505
0.4352278897
0.4917852835
0.4081689143
0.4016217525
0.5122191820
0.4764530644
0.3913726818
0.4768882015
0.4405895052
0.4028933003
0.5256724205
0.3951421227
0.4591905742
0.5093489415
0.3580168035
0.4571413564
0.4366714794
0.4741533293
0.4459083860
0.4510723625
0.4235951424
0.4384534467
0.4406593756
0.4693593494
0.4510204913
0.4990228482
0.3931680853
0.5347832998
0.4833301322
0.3269157370
0.3787793657
0.4555583205
0.4024958278
0.4240111054
0.5162975792
0.3323495623
0.4305713981
0.3541180200
0.5219426517
0.4708781598
0.5492276862
0.5810567735
0.4443891895
0.5354545296
0.6016073778
0.3944281673
0.4596930860
0.5638952606
0.6491754787
0.4552107275
0.6308958902
0.6147500311
0.5006385045
0.5489872573
0.6069716935
0.4502973944
0.4321093266
0.5502741743
0.4607403157
0.5342611827
0.4779393104
0.4881587004
0.6515786818
0.5287288956
0.5683662979
0.4455198814
0.6005099454
0.5176659277
0.5584123310
0.5130064630
0.6282550026
0.5498591144
0.5844628400
0.4277940142
0.6450206218
0.5624732030
0.4883116969
0.4447759566
0.7064854313
0.4783283078
0.5874561345
0.6193817454
0.6845460699
0.7302383717
0.5565255258
0.4713895099
0.5730809746
0.5331907477
0.6021726453
0.6053673558
0.5565775448
0.7836302948
0.6742744825
0.5441363361
0.5990641875
0.5672038073
0.6774119742
0.5891188864
0.7099368646
0.7643149455
0.6066670842
0.5764547301
0.5855284402
0.7443264839
0.7956453491
0.6253489441
0.6351635203
0.6580410845
0.5861473342
0.7641303740
0.6111373083
0.6454247038
0.6272116568
0.7725383730
0.6972152399
0.6772224676
0.6122993937
0.6220467105
0.8008498324
0.7352165480
0.6621201928
0.6822634611
0.5335643496
0.7299350179
0.6091648937
0.6327398306
0.7649685841
0.6002303765
0.6766196055
0.6901470913
0.7237569151
0.6470044575
0.8219605509
0.6384940464
0.7306318234
0.6903423615
0.5541686443
0.7859619300
0.7428079659
0.6370486787
0.6517712042
0.6238843349
0.6417935778
0.6268899857
0.6414044203
0.8167338725
0.7154414345
0.6994369368
0.7889725096
0.7553785041
0.7775714708
0.7719468396
0.7808605146
0.6730767391
0.7451569962
0.6074433610
0.7955348592
0.6986333540
0.6017115276
0.7627852728
0.6993681286
0.8360492369
0.7848158095
0.8452210276
0.7308870396
0.7054522185
1.0110653601
0.7107957810
0.8466915554
0.7752663685
0.8508943399
0.7240124604
0.7080835984
0.7772590820
0.8647950259
0.6567306640
0.6663423717
0.8380286616
0.8850137715
0.8384927899
0.7177287362
0.8477123358
0.7631748145
0.8437192528
0.6914503374
0.8654445350
0.8103608861
0.8626599143
0.9097884707
0.7937397920
0.7731612885
0.8550296390
0.6862761180
0.7909035847
0.8835963598
0.8134709782
0.8112999895
0.7963784037
0.7671535753
0.6569129165
0.7700155724
0.8101378500
0.9186295493
0.8138115715
0.7996464137
0.8763178695
0.8110599325
0.8603612976
0.7788562662
0.7158917894
0.7689828283
0.6920634501
0.8602407671
0.8595581201
0.7905443937
0.9557992042
0.7418780577
0.8497938204
0.7626438542
0.8820750867
0.8482159028
0.8771982522
0.7812612814
0.9521697557
0.8570618775
0.9606488749
0.9204925087
0.7889845947
0.8270799151
0.9369867888
1.0796300108
0.9147479005
0.8542672164
0.8444767167
1.0003819392
0.7914485528
0.8279256334
0.9446690789
0.9759451869
0.9486648265
0.9750207168
0.8467724090
0.9802635340
0.8759820021
0.8072453217
0.8090947119
0.9572918699
0.9497900520
0.8309441156
1.0141022737
0.7265512891
0.8816021475
1.0700512230
0.9926853593
1.0661036607
0.9788069681
1.0108026836
0.8487290186
0.9496732843
0.9165708927
1.1955351457
0.8767516880
0.8382558657
1.0944552899
1.0120662388
0.9991178064
0.9923851533
1.0602531399
0.9439845174
1.0253620151
1.0378152558
0.9662696729
0.8348605447
0.9482093683
0.8801704873
0.9056093028
0.9839794956
1.0912176437
0.9973787542
1.0112248882
1.0458611131
0.9913099223
0.8809703952
0.9186569340
0.9521623009
0.9771217990
1.0066919134
1.0769858124
0.9850875063
