-0.9922264013
-0.9261555152
-1.0146858225
-0.9706263302
-1.0444309788
-0.9339014196
-1.0523783324
-1.0120288319
-0.8981398206
-0.9262559365
-0.9417780937
-0.9177601110
-0.9903064170
-0.9865598970
-1.1272084714
-0.9271768951
-1.0076044685
-0.8980887830
-0.9764142403
-1.0892149312
-1.0718756078
-0.8484594423
-0.8611913618
-0.8956826361
-0.8554400171
-0.9202487738
-0.9961369900
-0.8773722390
-0.9397326711
-1.0237297987
-0.8893159730
-0.8364719932
-0.9251733620
-0.6176891716
-0.9457692904
-0.8393197694
-0.7944628252
-1.0000116796
-0.9114833623
-0.9287703355
-0.9457200316
-0.9662771637
-0.7928390553
-0.9303838517
-0.9861286556
-0.8506609367
-0.7487588947
-0.7560214882
-0.9244338813
-0.9013093757
-0.9808756818
-0.8811227235
-0.7313180564
-0.8182247804
-0.9530881185
-0.9791739309
-0.8041252287
-0.9430468309
-0.8396221225
-0.9277847043
-0.7729190171
-0.9113233344
-0.8541303512
-0.7908627384
-0.7706289587
-0.8279421551
-0.9404653283
-0.8749516785
-0.9456303125
-0.8413470610
-0.8319910506
-0.8023620915
-0.8618696712
-0.8855712699
-1.0047593820
-1.0646587575
-0.9368921872
-0.8913832861
-0.9688386281
-0.9620785201
-0.8728343807
-0.7445868837
-0.7416848357
-0.8408023209
-0.7310561580
-0.8122069773
-0.8992373732
-0.8662651932
-0.8216486100
-0.8344033093
-0.8930246037
-0.7923408817
-0.8073339552
-0.9020065401
-0.7874156502
-0.7108654323
-0.7849188403
-0.8329946533
-0.8782178993
-0.9211171964
-0.8786500717
-0.8280782615
-0.7844747123
-0.7187954310
-0.7879268418
-0.7080081068
-0.6338771644
-0.7658934815
-0.7588561765
-0.7938673186
-0.6934005642
-0.7752662992
-0.7819568730
-0.7178724833
-0.8681997823
-0.6612378969
-0.7658264950
-0.7898862545
-0.6331770732
-0.8543254555
-0.6753712033
-0.7079056299
-0.6801305917
-0.6885720025
-0.5929675926
-0.8735945595
-0.7378104530
-0.7489745601
-0.9193812693
-0.7867265354
-0.7403455858
-0.6633875703
-0.7871370800
-0.8195974346
-0.7870174724
-0.6499978132
-0.6782703854
-0.7798239751
-0.8108359871
-0.8381530891
-0.6748808223
-0.7675936318
-0.6033810912
-0.7702380216
-0.6199730976
-0.7278011941
-0.6312586068
-0.7030965168
-0.8613442718
-0.6288164967
-0.5140096459
-0.6912832652
-0.8544104444
-0.7629005463
-0.6829106621
-0.7384598922
-0.5709457705
-0.7868265684
-0.7455777619
-0.5997624124
-0.7490230678
-0.7490108710
-0.7506680015
-0.6271970487
-0.5522625257
-0.6466561220
-0.6240072083
-0.5854604595
-0.6332075106
-0.7243022616
-0.7345055926
-0.6187422462
-0.6096971105
-0.6589337076
-0.6287262597
-0.6033615361
-0.5462144178
-0.6942173452
-0.6870510300
-0.5819205815
-0.6786034717
-0.6094387175
-0.6326896698
-0.6592888743
-0.5636172762
-0.5802134721
-0.8400451855
-0.4981146639
-0.6598829637
-0.6018143422
-0.6030810619
-0.5248037812
-0.6058816871
-0.6426249476
-0.7356899617
-0.7376149647
-0.6643795978
-0.7272052390
-0.6355121468
-0.5558670025
-0.5533370403
-0.7092289931
-0.5395626491
-0.6129761541
-0.5427892422
-0.6382414348
-0.6210302885
-0.6101601205
-0.5940149219
-0.5283609844
-0.5569482310
-0.5006056605
-0.4529594803
-0.6193975150
-0.5718405756
-0.6220915673
-0.4469382879
-0.5811843066
-0.6267399210
-0.6593269105
-0.5746759929
-0.4247315973
-0.5641905881
-0.5410996872
-0.5539883669
-0.5467617178
-0.5832300561
-0.6104366869
-0.4983222061
-0.7082548408
-0.5077611982
-0.5394623986
-0.4203174120
-0.6257896459
-0.4758549778
-0.6218572912
-0.4541562790
-0.5415986200
-0.4817036393
-0.7183103976
-0.6665551988
-0.6439582610
-0.4872564078
-0.6360446059
-0.5742987895
-0.5580975839
-0.3847558208
-0.4958856002
-0.4304844489
-0.4735570104
-0.4440947398
-0.4729983539
-0.4511142100
-0.4798847184
-0.4036545345
-0.5066434455
-0.5784295592
-0.4801326565
-0.4289244531
-0.4509661173
-0.4776715913
-0.4992698267
-0.3366844195
-0.5418515794
-0.4633392150
-0.5091283182
-0.4650971911
-0.4621508669
-0.5287584851
-0.5200735076
-0.3178726252
-0.4024119285
-0.4724786953
-0.5798851835
-0.4967015551
-0.4813274497
-0.3626856016
-0.3029181942
-0.6046180602
-0.4079294800
-0.4285028752
-0.4688104837
-0.3952305423
-0.4006777462
-0.3780612062
-0.3445473344
-0.4068793030
-0.4674929171
-0.4982629546
-0.3471552722
-0.4419495543
-0.3986136900
-0.2929078827
-0.3478755710
-0.4860402554
-0.5166287297
-0.3847452788
-0.3128872707
-0.3984160081
-0.4755069185
-0.3810783282
-0.3588977193
-0.4142231245
-0.5518526186
-0.3976644540
-0.5631788836
-0.4398278753
-0.3180629968
-0.3398163414
-0.4074896247
-0.5000797174
-0.4866838886
-0.3205919571
-0.4536992586
-0.2507371617
-0.4484223222
-0.3409359336
-0.4033329127
-0.3877164485
-0.3523459477
-0.3101327290
-0.4208177538
-0.4315238655
-0.2195397781
-0.4451264063
-0.4061482716
-0.3810413735
-0.4098314732
-0.2353062722
-0.2984875666
-0.1877753709
-0.3050179519
-0.2659235734
-0.3402980378
-0.3570569901
-0.3143175661
-0.2249774815
-0.3020545679
-0.3101204764
-0.2754462588
-0.2695932993
-0.2168688300
-0.2803682432
-0.4535910476
-0.2819825029
-0.3672326176
-0.2540138464
-0.3970636434
-0.2429971735
-0.3805236393
-0.2867463681
-0.3907821545
-0.3520940685
-0.3031482466
-0.3823482546
-0.2927617662
-0.2630828977
-0.2983230122
-0.2532616854
-0.3604405839
-0.2167509001
-0.4255827463
-0.2401708254
-0.2346804387
-0.2184163107
-0.1903775952
-0.3726918455
-0.2848189261
-0.0779942906
-0.3536936786
-0.1998286721
-0.2883643600
-0.1077773911
-0.2830082072
-0.2358470462
-0.2158706201
-0.3086782785
-0.2668408579
-0.1440917839
-0.2601298534
-0.1627860694
-0.1466871508
-0.1789276561
-0.0815541551
-0.2629169016
-0.2281512875
-0.2492470626
-0.0756389016
-0.2987652521
-0.2849325642
-0.1088453270
-0.2571638905
-0.2901580233
-0.2508219073
-0.2202171851
-0.1783418090
-0.2750286964
-0.2451699531
-0.3056410458
-0.1843899545
-0.2863003418
-0.2021467020
-0.1847169238
-0.3238746136
-0.0608567254
-0.1946455774
-0.0898442174
-0.2608449109
-0.3547682765
-0.1907652701
-0.0557075754
-0.2037935985
-0.0981469867
-0.2277265329
-0.1007928400
-0.1933605255
-0.2834931281
-0.0089770967
-0.2191300014
-0.2394745586
-0.2692200957
-0.1739566618
-0.0860153131
-0.2971712111
-0.0690868367
-0.2589005953
-0.1804879831
-0.1550506100
-0.2102024680
0.0044929946
-0.2090778323
-0.2793104454
-0.1741813340
0.0340274461
-0.0227625335
-0.0712618221
-0.1569024148
-0.0815955730
-0.1321942820
-0.0614570415
-0.0572225489
-0.1567313831
-0.2094812562
-0.2001401845
-0.1827894112
-0.1181937151
-0.1541248545
-0.0822120732
-0.0013051210
-0.1842415747
-0.1600451550
-0.1904589851
-0.0192585108
-0.1102930867
-0.0743322347
0.0523871847
0.1321934039
0.0054042621
-0.0454755611
-0.0953497894
-0.0233969909
-0.1276133205
-0.2473298887
-0.0401398235
-0.0667955780
-0.0357385771
-0.0402593936
0.0505454697
0.0054408021
0.0231411479
0.0426480194
0.0109926143
-0.1327091234
-0.0371822432
-0.0278933003
-0.0048462717
-0.0447380878
0.0578080441
-0.0262385130
-0.1235170270
-0.0666733067
-0.0815092900
-0.0768310246
0.0622761202
-0.1415395610
0.0629183101
0.1112498043
-0.0970060861
0.0653990203
0.0186623942
0.0858698064
0.0942501318
-0.0350456129
0.0760353033
0.0669061739
0.0043217665
-0.0112143150
0.0216391971
0.0201260348
0.0501462646
0.0038459435
0.0582781395
-0.1982546993
0.0696334933
0.1199023578
0.0095288609
0.1444611948
0.1183684568
-0.1343199206
0.0524718480
0.1385586698
0.1427171234
0.0521897517
-0.0070252612
0.0891844784
0.2343435480
-0.1096102683
0.0050851389
0.0130611357
0.0512857495
0.1799985266
0.0088891822
0.0441271813
-0.1507565751
0.1866600756
-0.0048745268
0.0246128559
0.0180349654
-0.0054277253
0.0803539151
0.0640309815
0.1521360916
0.1635887151
0.1847622183
-0.0037432781
0.0566193399
0.0857243973
0.0083270679
0.0887440002
0.0557670863
0.0300512923
0.1097938235
0.0631954540
0.1543022470
-0.0063907110
-0.0091383290
0.1863733388
0.0642179572
0.0901434867
0.1285567274
0.2341521850
0.1234691314
0.1807633956
0.0818964804
0.0709405851
0.1043532136
0.1238173329
0.1809335841
0.1573010834
0.1629929166
0.0883742505
0.2738394192
0.1074817439
0.0031682225
0.1364274492
0.1587503239
0.0785605863
0.1608414925
0.1222901493
0.1646782249
0.0790518941
0.0991411589
0.1426808944
0.2789704413
0.0983010883
0.1236142375
0.1900831479
0.1548253184
0.1887795679
0.1383812332
0.1541225899
0.1963458102
0.0403926975
0.1256541881
0.1374179227
0.1286244820
0.1679149163
-0.0673011309
0.2387854621
0.2743184874
0.0915060661
0.2479276315
0.0953186762
0.0757400323
0.1138961112
0.3331816954
0.1907057908
0.2311546614
0.3156163155
0.2138249897
0.1779727719
0.2580992525
0.0139765250
0.3170433804
0.2088387623
0.2159864554
0.2666967904
0.3713966313
0.3017326955
0.2350436843
0.1725000172
0.2012630337
0.0896430623
0.2555692964
0.2044019048
0.2859691883
0.3385240833
0.3409826263
0.1023895505
0.0738366876
0.3156328957
0.2971680178
0.3445015624
0.1731442016
0.1579612133
0.3182140800
0.1492131847
0.2495448594
0.2910781860
0.2467620840
0.2254703312
0.2993323947
0.3468678189
0.3222390970
0.3697024518
0.2229976220
0.3125625554
0.2039790380
0.1911845921
0.1368063566
0.3450809354
0.0948412826
0.4149661582
0.1736042953
0.2724585867
0.4168254110
0.2411433514
0.3885184661
0.3832993770
0.3843509536
0.2525710468
0.1270990418
0.2936080344
0.1707234646
0.2666329431
0.2260064417
0.2850850834
0.3099955835
0.2535710748
0.4093695517
0.4085939048
0.3933877493
0.2871095725
0.5051565713
0.3190769629
0.4884768329
0.3414327572
0.2407923338
0.3997922144
0.3269998359
0.3173898087
0.4193569241
0.1920489455
0.2781642736
0.3677659478
0.4418826009
0.3120958326
0.3833486006
0.3604251408
0.2563436838
0.3364916719
0.4189280772
0.3141844572
0.3257098779
0.3762469213
0.5154601856
0.2578116361
0.1721275594
0.4155709986
0.3981669087
0.4450151571
0.2526384929
0.2816415845
0.3762843174
0.4079385457
0.3780883200
0.2842837553
0.4446430197
0.3348479596
0.3216520897
0.4276470292
0.4766890651
0.3621859089
0.3754983900
0.4259812829
0.2535288288
0.4543364997
0.5072701539
0.4620562339
0.3746029307
0.4197756915
0.4260562656
0.4805760390
0.4005394770
0.3901940700
0.5173607382
0.4532007963
0.3970388644
0.4902471744
0.4193778026
0.4199419244
0.5396591442
0.3847534946
0.4923929245
0.4759608692
0.3445729334
0.4681292073
0.4413546933
0.5084302555
0.4656838465
0.4395535130
0.3980712501
0.4525658663
0.4334624115
0.4590509218
0.4582905458
0.4946862480
0.3640191865
0.5312384210
0.4645513486
0.3228444018
0.3840963735
0.4416934493
0.3995345448
0.4177273038
0.5106598430
0.3522939479
0.4293293179
0.3817965961
0.5159727869
0.4683636845
0.5404330884
0.5749844037
0.4531385433
0.5366658750
0.6013523611
0.4134424090
0.4579024453
0.5596954539
0.6481970625
0.4464406904
0.6348642767
0.6048571668
0.4798070472
0.5481095737
0.5755066483
0.4621160352
0.4396701037
0.5395853147
0.4925980537
0.5312633127
0.4977080466
0.4811668644
0.6631503575
0.5161229329
0.5705009368
0.4447447449
0.5536262804
0.5028433535
0.5773661758
0.5146584499
0.6071693896
0.5549491224
0.5992482684
0.4354011888
0.6509205312
0.5449310861
0.4935926764
0.4667306108
0.7050224897
0.4696417616
0.6061419846
0.6137658363
0.6964808447
0.7321837907
0.5454668259
0.4775407419
0.5840803385
0.5492979514
0.5850266140
0.6157164224
0.5693889301
0.7762255784
0.7016559931
0.5723255821
0.6214749478
0.5835564477
0.6777230177
0.5958886654
0.7349174857
0.7705892496
0.5938885292
0.5873064120
0.5795929634
0.7590129479
0.7997938971
0.6193350064
0.6276469101
0.6612518825
0.5851242089
0.7533149161
0.6137110689
0.6470838301
0.6315154940
0.7662692708
0.7144587576
0.6831873261
0.6367746087
0.6115297921
0.7981718174
0.7276352025
0.6512661233
0.6641093359
0.5321696864
0.7043508746
0.6159380926
0.6346315100
0.7791803850
0.6242756840
0.6830310461
0.6992427833
0.7359994187
0.6664733115
0.8303604165
0.6344396236
0.7185152582
0.7330001950
0.5585209377
0.7915421601
0.7583622748
0.6465440774
0.6406953991
0.6415439536
0.6674829035
0.6295254081
0.6408806895
0.8212757190
0.7107040250
0.7206394187
0.7777541807
0.7463500125
0.7723780097
0.7539994166
0.8016736029
0.6847181956
0.7539587969
0.6145354295
0.7889414799
0.7209150758
0.5981647714
0.7526610841
0.7166575108
0.8620855137
0.7588924003
0.8340847209
0.7217423266
0.7106601184
1.0136400400
0.7197272937
0.8504235701
0.7731109378
0.8538153091
0.7334788806
0.6952707617
0.7636331305
0.8382946909
0.6425138859
0.6758066821
0.8246402583
0.8796010619
0.8536401025
0.7037691135
0.8442472326
0.7646348972
0.8397057548
0.7004093538
0.8600598632
0.8017813801
0.8741193302
0.9080752546
0.8001363939
0.7955784885
0.8468246823
0.6851937901
0.8117762736
0.8696281806
0.8030153471
0.8127760233
0.7828257777
0.7689802972
0.6658209394
0.7711298762
0.8046392880
0.9119013276
0.7938236686
0.8308563848
0.8768439680
0.8345745382
0.8530162982
0.7943222235
0.7017281012
0.7725803993
0.7228903176
0.8657744167
0.8458464413
0.7885075269
0.9746818301
0.7450724640
0.8466439608
0.7444475503
0.8848617792
0.8463073859
0.8962670334
0.7863464441
0.9686385500
0.8386048881
0.9759893325
0.9364103248
0.8094182601
0.8823404688
0.9336896329
1.0769165591
0.9171533552
0.8763390709
0.8425115508
1.0030984004
0.7959400359
0.8160857704
0.9245085113
0.9889105321
0.9411552659
0.9754273244
0.8645311578
0.9816342241
0.8750813583
0.7735204245
0.8189311121
0.9377629871
0.9794847043
0.8146943270
1.0566948932
0.7404233569
0.8707606117
1.0807972262
0.9783156989
1.0586720233
0.9782853403
1.0199131137
0.8583878940
0.9583648651
0.9204325108
1.1680715385
0.8874674490
0.8463451768
1.0903049816
0.9876447102
0.9906015166
0.9913553521
1.0424678541
0.9438818450
1.0178233027
1.0438911615
0.9443905834
0.8319130035
0.9595244177
0.8683366251
0.9021114040
0.9747691070
1.0787821882
1.0039375928
0.9878468767
1.0316696942
0.9902167229
0.8650316865
0.9290536204
0.9668667368
0.9905669371
1.0085307321
1.0914700850
0.9797848297
