-1.0750086460
-0.8699109249
-0.8460544551
-0.9680595749
-0.9511624068
-0.9851909393
-1.0372431301
-1.1371645698
-0.9293347386
-1.1153625885
-0.9790271116
-0.8018165142
-1.0137131284
-1.1112988766
-0.9893036024
-0.7792395773
-1.1318791472
-1.0665709499
-0.9490298801
-1.0194272350
-0.8659677069
-0.9282782443
-0.9978112141
-0.9898484053
-1.0405729102
-0.7500416372
-1.0657028557
-0.8649960278
-0.9345464678
-1.0217318768
-0.9653988071
-1.1040946169
-0.7106233141
-1.0379911964
-0.9000686544
-1.0062105836
-1.0417356180
-0.9025476072
-0.9356435539
-0.9958919451
-0.8459077881
-0.8810785082
-0.9866898211
-0.8483531187
-0.9560379118
-0.9399869231
-0.9633669807
-0.8187512385
-0.9233803255
-0.8351726754
-0.6994406125
-0.8502984603
-0.9437754939
-0.9376002033
-0.9758872825
-1.0152407585
-0.9669632635
-0.8276266689
-1.0714832226
-1.0118578263
-0.8461307996
-0.9122964786
-0.7265799771
-0.9273762119
-0.8180263635
-0.8066076084
-0.7702149940
-0.9914227178
-0.9395921750
-0.7625950869
-0.8227752503
-0.9271508298
-0.9062821889
-0.9548723555
-0.9295756097
-0.8677044016
-0.8670415179
-0.7961295677
-0.8627027376
-0.7824161966
-0.9166754580
-0.9048667623
-1.0802874098
-0.9121139902
-0.9113941111
-0.7644615175
-0.6525517106
-0.9040867921
-0.7191954835
-0.6931513732
-0.9976496802
-0.6845457459
-0.8998156061
-0.7813515968
-0.9102489355
-0.8216886587
-0.8651116583
-0.7866934774
-0.7337044689
-0.7468413292
-0.7630938423
-0.6518204043
-0.8641645589
-0.7528172477
-0.7422895857
-0.7294494372
-0.5543763706
-0.7896162178
-0.7681332073
-0.8189529832
-0.8506991689
-0.7854603445
-0.7360265890
-0.7212688834
-0.7949599206
-0.7781732880
-0.7908381692
-0.5567241692
-0.7055380252
-0.7612229369
-0.7652500175
-0.6177996142
-0.7194899087
-0.6504231055
-0.8027878610
-0.7593248488
-0.6673888098
-0.7383485999
-0.6089397533
-0.5705516221
-0.8744744654
-0.6931356377
-0.7780644484
-0.7437459519
-0.8099328069
-0.6279967392
-0.5212986903
-0.7140323927
-0.8916903846
-0.8364474108
-0.7148846139
-0.6951609030
-0.7065525594
-0.6789699303
-0.7220786866
-0.7267831925
-0.7064406610
-0.6164083821
-0.7797475782
-0.7539199686
-0.7636655101
-0.6652042052
-0.7663422594
-0.6123492256
-0.7175750760
-0.8387571106
-0.7266724179
-0.7400017275
-0.6143454155
-0.6694726404
-0.5784343956
-0.5991539445
-0.8056963014
-0.7431661868
-0.8526581556
-0.7139875740
-0.6495033337
-0.6222191879
-0.6987619515
-0.5913649265
-0.6898272307
-0.6234777303
-0.5588152997
-0.6946781776
-0.6348340411
-0.7312485077
-0.5412361496
-0.7376023835
-0.7567231424
-0.5481497931
-0.7246644716
-0.6642181101
-0.6380186799
-0.6550735541
-0.5612213270
-0.6391874307
-0.5817523847
-0.5527177279
-0.6649686560
-0.7359126343
-0.6361461282
-0.5122384534
-0.6224585643
-0.5422501342
-0.6530531066
-0.5361520656
-0.6003283644
-0.6413145073
-0.6713814781
-0.5941569416
-0.6079832235
-0.6854931979
-0.6909440851
-0.6430416545
-0.5838463605
-0.5421430972
-0.7337868041
-0.6145647583
-0.6456564901
-0.6085752868
-0.6884515751
-0.7163255631
-0.6528745521
-0.6078335659
-0.6615924169
-0.7060973866
-0.4421966998
-0.5817986366
-0.4659351764
-0.5895001741
-0.4529832880
-0.6317884306
-0.6279350081
-0.5612334818
-0.5669521311
-0.6129899424
-0.5627736946
-0.3885835295
-0.6451803693
-0.4265591854
-0.5472222448
-0.6307925794
-0.6413328549
-0.5480839494
-0.4843724151
-0.5264687362
-0.5636756255
-0.4941724057
-0.4835451111
-0.6148586688
-0.4481388112
-0.7715359128
-0.3681207230
-0.5077208958
-0.4750926668
-0.5616352051
-0.4754504160
-0.5714845235
-0.6011316499
-0.3533800763
-0.5401582823
-0.6198810322
-0.4598355116
-0.6029688118
-0.3434092748
-0.4521822716
-0.5322286205
-0.4971405699
-0.3516536210
-0.3579465795
-0.3572639633
-0.4902540552
-0.5131659692
-0.4291835769
-0.5743392426
-0.3381059881
-0.2638210700
-0.4159542347
-0.4539200840
-0.5624881377
-0.3054486655
-0.5448456576
-0.4807971987
-0.4010941430
-0.5037736120
-0.3477871559
-0.5363649757
-0.4596244310
-0.4830704970
-0.5914086120
-0.4600313334
-0.3373488321
-0.5053705952
-0.4895890850
-0.3116445226
-0.3269893395
-0.2318932729
-0.4203238120
-0.5062346488
-0.4455401428
-0.4116603562
-0.4836917349
-0.4339715975
-0.3818852486
-0.2800720032
-0.4289839257
-0.4595355753
-0.4279917524
-0.3567650362
-0.5415883002
-0.2503455283
-0.3759655131
-0.3590810102
-0.2594179630
-0.4875059503
-0.3855614226
-0.3857021390
-0.4727761232
-0.3707108451
-0.0957000647
-0.3509836507
-0.3475741546
-0.3523343937
-0.4355463746
-0.4530549880
-0.4647302043
-0.2311050308
-0.3787732661
-0.4026005905
-0.3436845912
-0.3758564380
-0.3313756710
-0.3100543256
-0.2052856025
-0.3441906694
-0.5388254349
-0.2878281520
-0.5323387031
-0.3073720759
-0.4687720444
-0.4531918734
-0.3502346006
-0.4285152365
-0.3893696047
-0.2684846554
-0.2283962253
-0.3198043176
-0.4133845441
-0.2778939933
-0.3516990431
-0.2240513023
-0.2272255538
-0.4381656621
-0.4023871131
-0.4430883836
-0.3061945981
-0.4422552226
-0.2631738384
-0.3181474434
-0.1272373823
-0.3309514558
-0.2865967308
-0.2055115365
-0.2977241846
-0.4372290649
-0.2596204550
-0.2153094719
-0.3891880693
-0.2852571359
-0.4477041980
-0.3087939689
-0.2394285690
-0.1775963862
-0.4659824835
-0.2984875580
-0.2066925898
-0.3844238196
-0.3687679385
-0.2790156977
-0.2158170661
-0.3134309010
-0.3503578745
-0.1975614457
-0.1129979720
-0.4264200786
-0.1716824238
-0.3117455028
-0.2675490325
-0.1704252711
-0.2557078624
-0.1580758349
-0.2256989416
-0.2060107301
-0.3854752295
-0.1585899923
-0.3960379462
-0.3144469046
-0.4514309330
-0.2490125645
-0.2112023720
-0.0918987925
-0.2128761135
-0.3008488207
-0.2381127415
-0.2230358856
-0.1381993168
-0.0727688956
-0.2340074202
-0.2801058669
-0.1902974873
-0.2074249099
-0.1760836276
-0.1962477220
-0.2111121241
-0.2200281355
-0.1432277811
-0.2339066801
-0.2125779908
-0.1312302814
-0.2024419253
-0.2524560487
-0.1859664976
-0.2426323241
-0.1288295298
-0.2490987351
-0.0860440053
-0.1525425574
-0.1431529506
-0.0983343895
-0.2509735573
-0.1661544765
-0.0075964058
-0.0668732887
-0.2320110374
-0.1027608129
-0.0984050894
-0.1584708767
-0.2087490141
-0.1836626607
-0.1290058980
-0.2245409678
-0.0364912270
-0.0754893161
-0.0103125238
-0.0149853361
-0.1487280553
-0.0189472109
-0.1083658108
-0.0772156237
-0.0698409836
-0.0567430297
-0.1243557263
-0.0970017225
0.0033790838
-0.2380274034
-0.1111464071
-0.0627606367
-0.1410033632
-0.1447509326
-0.0784119929
-0.1552432632
-0.0252958909
-0.2383722631
-0.1479204443
-0.1231726146
-0.0160151608
-0.1087218093
-0.1065945303
-0.0492640392
-0.1739184929
-0.1582719808
-0.0877521725
-0.1047009034
-0.1946474755
-0.0629112191
-0.1826456160
-0.0865216287
-0.1113685081
-0.0590944872
0.0941546401
-0.1709742301
-0.0482311339
-0.0552383869
0.0226129860
-0.0284314763
-0.0317061255
-0.1567086164
-0.0305145097
-0.0193240795
-0.0787190415
0.0902311139
-0.0999105897
-0.0572174884
-0.0700069895
0.0963474744
-0.2913440978
-0.0665988169
-0.0566547835
-0.0803695197
-0.0502880257
-0.1258511710
0.0064773680
0.0195931021
0.0213549553
0.0638875468
-0.0089367306
-0.1254350358
0.1254792470
-0.0260928118
0.0493970880
0.0465739858
-0.0374544574
0.0136368800
-0.0479454648
-0.0207712806
0.0921537902
-0.0501530038
-0.1587952990
0.1506963306
0.0152073447
0.1543954633
0.0494949417
0.0804325669
-0.0901499004
0.0364240282
-0.0117649703
0.0046208266
0.1037919336
-0.0436130671
0.1591753121
0.0427178224
0.2288644046
0.2604480432
0.0902238496
0.1360030210
-0.0275894979
0.0710532013
-0.0453689251
-0.0241368551
0.1406200843
0.0188742650
0.0622150315
-0.0141950192
-0.0463750320
0.0070992121
0.1156455212
-0.0442775565
0.0318528286
0.0672170014
0.1242285857
0.0499726202
0.0680437076
0.0694720544
0.1489022359
0.0208977475
0.0288900546
0.0874278230
-0.0047209551
-0.0110987713
0.1713586333
0.1670796301
0.1804946753
0.0739178171
0.0277086381
0.0195412732
0.1674160692
0.1879245475
-0.0000166881
0.3684967423
-0.0364803711
0.1259805679
0.2612202827
0.0557487283
0.2521819323
0.2254130248
0.0709187244
0.1622051953
0.2311653179
0.1336357754
0.2293486596
0.1666960520
0.1474291877
0.1023805095
0.1453148495
0.2505044318
0.1583424886
0.2270580587
0.0622518093
0.1773890420
0.1177923915
0.1877247287
0.1005724954
0.1919080379
0.2174797982
0.1145637657
0.0514647328
0.2011242756
0.2796404557
0.1901167942
0.1328514060
0.2178155952
0.2678549346
0.0729166782
0.0958241560
0.2232535591
0.0957425113
0.1775619315
0.2862850160
0.1795026246
0.1539201146
0.2687247438
0.2456762683
0.1474532260
0.1436279597
0.0999197277
0.3656370259
0.1772478527
0.1797376372
0.2611944804
0.3513472057
0.3838493198
0.4120356977
0.1611363151
0.2371588370
0.0598175437
0.4162572839
0.1944279131
0.2286140808
0.2249160748
0.2351730874
0.2635626655
0.2065196453
0.2445256064
0.2046880869
0.2315958512
0.4297329083
0.1512361757
0.2315151142
0.1513215510
0.1947294486
0.3117770857
0.3451695364
0.2392871426
0.1541958675
0.3450921028
0.3504302422
0.2047284783
0.3330110279
0.2884932968
0.1995042025
0.3292365449
0.1477476475
0.3741426699
0.1498977560
0.1687878900
0.3635835185
0.2958390440
0.2724300499
0.2476068669
0.2704390576
0.4919289026
0.3453119852
0.4371918520
0.2947955232
0.2932479275
0.3037808121
0.2374948179
0.3934330748
0.2958457676
0.2029861099
0.2735790360
0.1857182475
0.4517022466
0.3766535814
0.3096349671
0.3298200866
0.3951646335
0.3400840997
0.2084462188
0.1438951688
0.1852737197
0.3475498013
0.4607254895
0.2627793417
0.3390369337
0.3541863133
0.3838620785
0.4259069588
0.5106055517
0.3871775805
0.3494344707
0.2299396415
0.4152785152
0.4733452822
0.4768731216
0.3425150226
0.4533311769
0.2835858456
0.3739249698
0.2396098116
0.2878080535
0.3486259776
0.3448628224
0.3688785242
0.2203158189
0.3651176386
0.3276972235
0.4095305217
0.3462143972
0.4052851498
0.4306721403
0.5211728935
0.4379310389
0.2663080305
0.3937403155
0.3605517783
0.5435887016
0.3963882325
0.4030373147
0.4511946259
0.4562187278
0.4576525890
0.3938586008
0.5892710906
0.4613009048
0.3554071227
0.2928822239
0.3689855938
0.3560978152
0.4711384443
0.4847735156
0.4875082060
0.5004907153
0.3251313148
0.4733147016
0.2572726683
0.3795880945
0.5716889405
0.5632562267
0.5940390707
0.3246325411
0.4474209349
0.3585470336
0.5399996819
0.3794048123
0.5498272859
0.3421154513
0.4430209108
0.3029420926
0.4124919777
0.4654870509
0.4790403699
0.2975124541
0.3793214963
0.4504846878
0.6322089817
0.5681322200
0.6198443236
0.5220183298
0.4253956530
0.6466681267
0.5620159010
0.4426363115
0.4810777289
0.3878771798
0.4575141806
0.4915607290
0.5247093398
0.4827256501
0.6752097965
0.4711653350
0.5938939165
0.5661901307
0.5246695305
0.5062296496
0.3340634517
0.4090112801
0.5825330297
0.4488627804
0.5223136072
0.3900994181
0.5455288125
0.4895454407
0.5219862267
0.6873409453
0.5058234346
0.5124041094
0.5481292010
0.6034703163
0.5431299454
0.6460295555
0.5287548837
0.6440259144
0.5398343287
0.5677601606
0.6483693431
0.5447694207
0.5510081382
0.5680720271
0.5568467034
0.4526164258
0.5363848046
0.5588480319
0.6224640856
0.5581534239
0.5643350444
0.6171136637
0.7286590780
0.6553046598
0.6940240433
0.6124133250
0.5401101456
0.6175526910
0.7176469178
0.6431431454
0.5649099177
0.7076232997
0.6361869588
0.6993425430
0.6627515414
0.6291303787
0.4768841910
0.6555260739
0.6756508905
0.8061395282
0.5064559827
0.6335576838
0.6600598455
0.7255111250
0.6662694159
0.5972341921
0.6827914659
0.7708874528
0.6365409358
0.6919263611
0.6898986472
0.5486258448
0.7049767038
0.6946430281
0.6752671853
0.6162541968
0.6314193413
0.6282882977
0.7641710334
0.6801007947
0.7706819782
0.7495249657
0.6237650710
0.6081057035
0.5134608835
0.7164228387
0.7140157165
0.8152599151
0.7201737519
0.6509934103
0.6561105882
0.7076743652
0.5752551003
0.5109515662
0.4549225853
0.7402456028
0.7147000587
0.6250150629
0.6210401661
0.5051795032
0.7415917335
0.9061986138
0.6889075492
0.7702449522
0.7888663844
0.7628811794
0.6821655297
0.8133193585
0.8443465278
0.6718518410
0.6315935733
0.7056479340
0.6989673787
0.7610747684
0.7443154372
0.7830301207
0.6946544719
0.7001875147
0.7066913551
0.6542454506
0.6362366986
0.8129790013
0.8253208410
0.6894942384
0.6995586638
0.6904053368
0.8230802244
0.6770214283
0.8304451645
0.7710810316
0.6987737141
0.6942994826
0.8301508456
0.7124405325
0.7938205662
0.8628494604
0.5768528126
0.8795527612
0.8369982519
0.8550411635
0.8511160022
0.7247838419
0.7204965823
0.8425845427
0.7481944438
0.7857474217
0.6914835980
0.7378796579
0.7607298377
0.7029432753
0.8712135699
0.8359206850
0.8072114536
0.7476233099
0.8700188420
0.9452208065
0.8759765429
0.8567576338
0.8955947254
0.9032179772
0.7464460925
0.8981277144
0.9317968578
0.7960340781
0.8665790362
0.8614940787
0.7698067119
1.0010537107
0.8872505710
0.7725748574
0.8645143629
0.7550387050
0.7567515118
0.8124974762
0.7943668582
0.7529687868
0.8697440844
0.8631622025
0.9028909734
0.8314216970
0.8677599660
0.9189104157
0.8905711701
0.9241898112
0.9901516203
0.8443340935
0.8725483670
0.8617905235
0.8180309193
0.9397925590
0.8167185953
1.0561589212
0.8342264285
0.8757439174
0.8454616190
0.9535107479
0.9381980199
0.9080372663
0.9662735162
0.8578067522
0.7972531543
0.8462848223
0.8407039363
0.6699723684
0.9190477428
1.1078143097
0.9889020077
0.9818781603
0.9004677367
0.8768774477
0.9510361691
0.9718551484
1.1395400117
0.8165547053
0.9461228148
1.0163782725
0.8834522309
0.8896787786
0.9253880066
0.9035530733
0.8965097050
0.9146869112
0.8981734060
0.8008364426
0.9905673401
1.0110093976
1.0265256489
0.9831516490
1.0227983315
0.8398303298
1.0081366714
0.9931734161
1.0714180001
1.0252962006
0.8955085248
0.8535421057
1.0704442913
1.1903315112
0.9406725868
0.8361533539
0.9096061455
0.9482274815
0.9316394248
0.9920099866
0.9555441551
