-1.1376369897
-1.0833711641
-1.0067518237
-0.9995368770
-1.0009623458
-1.0954712664
-1.0888027006
-0.8905927627
-1.0526094963
-0.9929272065
-0.9346084305
-0.7890738687
-0.9012860465
-1.0292408540
-1.0397389513
-0.9222248474
-0.9334845625
-0.8540050501
-1.0423477470
-0.9814995357
-0.9064686528
-0.9194599548
-1.0212818373
-0.7988843473
-0.9459116002
-0.8505957297
-1.0012502844
-0.9793688183
-0.9481046994
-0.9708074524
-0.9505358020
-0.8295301732
-0.9300454296
-1.1117929952
-0.7984101712
-0.8556409346
-0.9425627410
-1.1055592599
-0.8600871926
-0.8933776231
-0.6729894012
-0.8394271086
-0.9144188542
-0.9437296708
-0.7805582844
-0.8514145520
-0.9131129118
-0.8832067371
-1.0121620553
-0.9398855488
-0.9121594054
-1.0689499569
-0.8920840879
-0.8363232975
-0.8783662789
-0.7902717482
-0.8815919690
-0.9921228470
-0.8668415903
-0.8970990677
-0.9199017247
-0.8561540026
-1.0702576355
-0.9554719322
-0.8353140254
-0.8103662624
-0.7575971308
-0.7568469621
-0.8821391725
-0.9258465656
-0.8324287463
-0.9435669640
-0.7943108823
-0.9439309585
-0.8965512257
-0.9114040823
-0.7033704643
-0.7761245436
-0.8717641065
-0.9730443711
-0.7928276313
-0.9267608018
-1.0459409558
-0.8915899216
-0.8817842243
-0.7998963778
-0.6874910147
-0.8861223456
-0.8691550398
-0.7609342233
-0.8095387768
-0.8589054800
-0.7718100552
-0.8295319156
-0.7542285028
-0.7421695952
-0.8295722972
-0.8413622393
-0.6762847061
-0.8488469547
-0.7114476007
-0.7615409235
-0.7250743155
-0.7444978621
-0.7308646886
-0.8976119361
-0.7682275640
-0.7149048647
-0.7920859552
-0.7486848593
-0.8971948502
-0.6681358096
-0.7700579685
-0.7600699574
-0.6615509593
-0.8064700756
-0.7370798289
-0.6018779987
-0.8544760916
-0.7888275407
-0.7367791329
-0.8125891087
-0.9054721190
-0.7236344497
-0.8164668358
-0.8123485556
-0.6597955699
-0.7174566951
-0.8181596945
-0.7813013815
-0.8322076366
-0.8688395509
-0.7387638660
-0.7364499231
-0.6496150378
-0.7105358223
-0.6747138123
-0.8146000223
-0.5622583293
-0.7219881866
-0.7250106764
-0.7279930491
-0.7210235517
-0.7265565113
-0.6899598999
-0.8515975575
-0.5168824770
-0.6117976384
-0.7315587050
-0.8172358861
-0.7274789295
-0.6061709825
-0.6150677185
-0.5924584786
-0.6092133583
-0.5402876410
-0.6365917052
-0.8078067048
-0.5942869480
-0.7805361404
-0.6403262061
-0.8735839140
-0.7402470019
-0.8981393442
-0.7968736358
-0.6061377846
-0.6968556185
-0.7365359660
-0.6612930344
-0.6633725095
-0.7018647637
-0.5872482903
-0.5060196890
-0.5777863554
-0.6481731024
-0.6354077201
-0.6558363473
-0.7971552515
-0.5499405155
-0.5450924868
-0.7550720758
-0.7011649695
-0.7022227564
-0.5348439850
-0.6162375363
-0.6257277230
-0.6048982166
-0.5853528275
-0.7203567225
-0.6409117787
-0.5840251391
-0.6314963445
-0.6781351236
-0.6479287735
-0.5975351357
-0.6674300557
-0.6157268994
-0.6996494325
-0.6964922256
-0.6586514247
-0.6878424186
-0.6746017018
-0.6956903501
-0.5103165285
-0.3515656428
-0.5507888658
-0.6010847026
-0.5952966275
-0.5517470052
-0.6673281184
-0.5484804920
-0.4996272648
-0.5730656791
-0.5885897305
-0.6732298325
-0.3958204288
-0.5546411798
-0.3968940973
-0.6445116746
-0.5414774125
-0.4781687541
-0.6636106110
-0.4858448999
-0.5810288174
-0.5325422083
-0.5857588759
-0.5978146857
-0.4617439733
-0.5931893915
-0.5511371207
-0.5721947772
-0.3559433663
-0.6703934727
-0.6284281171
-0.6142913083
-0.6011913378
-0.4012624719
-0.4577074894
-0.6027464677
-0.6275503712
-0.5005258960
-0.5144198215
-0.5989176796
-0.5431091262
-0.5278338400
-0.5310245025
-0.4967888322
-0.4768451188
-0.5272393573
-0.5222749865
-0.6158988821
-0.5284178409
-0.5186256466
-0.5770182432
-0.4876522743
-0.5348197004
-0.6112916573
-0.4319381272
-0.6050577130
-0.4594230170
-0.3666293427
-0.4936655893
-0.5768928461
-0.5258704202
-0.4328023179
-0.6272475663
-0.4928005009
-0.5527047604
-0.4813437601
-0.4911416537
-0.5145386134
-0.4377408520
-0.4284353766
-0.3759571212
-0.5617125201
-0.3842969585
-0.4252300822
-0.4242773801
-0.4941009208
-0.2972497129
-0.5661899061
-0.4838059098
-0.3833389076
-0.3499192138
-0.3463152880
-0.6250642055
-0.4505216156
-0.5547484113
-0.5035446583
-0.3946417904
-0.4202067259
-0.4218991627
-0.3466416493
-0.4600102507
-0.3866847608
-0.5478248277
-0.3973475870
-0.3144966078
-0.3761010262
-0.3760994975
-0.4342214504
-0.4534285236
-0.3775349863
-0.3306117105
-0.4339201596
-0.4441153790
-0.3988422090
-0.3928062771
-0.5073945941
-0.2923285488
-0.4661525310
-0.3941322215
-0.5052625029
-0.4754496015
-0.4027427550
-0.3296092022
-0.4001135394
-0.2022445803
-0.4261359688
-0.4268834884
-0.2639204355
-0.2990640587
-0.3460643649
-0.2918257850
-0.4108214147
-0.2954722124
-0.5324636359
-0.4110320820
-0.3415093846
-0.2244143511
-0.2316683225
-0.3110379954
-0.3228057862
-0.4070602166
-0.4431832286
-0.1551704919
-0.2469959602
-0.3997280401
-0.2506917083
-0.3154366767
-0.3965321208
-0.4207308908
-0.4493805894
-0.2789469093
-0.2750230797
-0.3226508853
-0.4412188189
-0.3834926470
-0.3862533167
-0.1144353464
-0.2178224038
-0.3384428490
-0.1826077817
-0.3962571657
-0.2354936944
-0.3305550302
-0.3795486713
-0.1256880074
-0.2832779930
-0.3136697375
-0.3420307330
-0.2921719659
-0.3260799738
-0.3698718224
-0.3112223047
-0.4031559351
-0.2376308616
-0.3719905259
-0.3670803082
-0.4130819074
-0.2453484777
-0.3339274533
-0.2765650786
-0.2553012898
-0.3032180461
-0.1807527181
-0.2471314075
-0.2345702255
-0.2534474528
-0.2698013394
-0.2889749142
-0.1549768579
-0.2053067696
-0.2419560493
-0.2104813891
-0.0875020730
-0.2564846283
-0.3400560215
-0.2475403720
-0.2333090676
-0.2759884742
-0.2299063341
-0.1554094776
-0.1242930102
-0.4006334199
-0.2222199833
-0.2258493861
-0.0658006301
-0.0535259237
-0.1501091717
-0.3290161841
-0.3198523050
-0.2117951013
-0.3180459569
-0.1772541723
-0.2083971142
-0.1557926200
-0.2573127842
-0.0604042266
-0.1538339623
-0.2090472348
-0.0334698956
-0.1437434269
-0.1603690136
-0.1649363940
-0.2385048058
-0.1869322865
-0.0961931595
-0.1284023538
-0.2546474990
-0.2364456895
-0.1726024942
-0.2038717533
-0.2419642543
-0.1311535797
-0.2025685905
0.0212494358
-0.2659091618
-0.0742123231
-0.1852088994
-0.2057358400
0.0108963663
-0.0339327596
-0.0706375235
-0.0447788248
-0.0976708045
-0.1395012385
-0.1992489488
-0.2287177638
-0.0470630587
-0.1365464452
-0.1682034137
-0.0635416502
-0.1236032374
-0.1099064794
-0.1789050728
-0.0565487462
0.0333139397
-0.1827752040
-0.0859722828
-0.1568659139
-0.0183789541
-0.0673480101
-0.0464626936
-0.0106309925
-0.0465075184
-0.0523027501
-0.0755098817
-0.0393592051
-0.0245466840
-0.0378257047
-0.0108797534
0.0044986205
-0.0416853515
-0.0176329403
0.0583234041
-0.0889113914
-0.1548627291
-0.1456887079
-0.1391070066
-0.0518201931
-0.0221005623
-0.0242483181
-0.1397459230
0.1192718675
0.0116470451
0.0188150437
-0.1004370484
-0.0850235016
-0.2265304530
-0.0775084206
0.1321413380
-0.0068742211
0.0361718903
-0.1439358554
-0.0987518875
-0.0337098755
0.0130472431
-0.1139647872
-0.0534298851
-0.0428571936
-0.0187333901
-0.0232427770
0.0197074103
0.0351676508
-0.0198202243
0.0929078867
-0.0636174556
-0.1003146970
-0.0888119522
0.1000230399
0.0229994212
-0.0483821079
-0.0268979080
-0.0521580945
0.0544565759
-0.0014675507
-0.0258957879
0.1046493900
-0.0741799192
0.0285847054
-0.0377000696
0.0551315663
0.1379524577
-0.1168730315
0.1311972541
0.0609938204
-0.0006072589
0.0435264592
0.2061910011
0.0679364460
0.0158701072
0.1458362509
0.0867073020
0.0573199741
0.1911335618
0.1406052953
-0.0520090847
0.1367388690
0.1896280686
-0.0223352471
0.0492173188
0.1573145927
0.0715472634
0.2510218172
0.1232906101
-0.0208500234
0.0070238524
-0.0244988426
0.0220055503
-0.1260488572
0.1011277919
0.0312637040
0.0535458731
-0.0215554569
0.0082292572
0.2394338165
-0.0506216121
0.1547233345
-0.1317231721
-0.0812562989
0.0079385733
0.1035445002
0.1180916163
-0.0249341564
0.0849187301
0.2131658481
0.2074200837
0.1450924955
0.1483391346
0.0973806315
0.1404377657
0.1375512514
0.0739938410
0.2285249454
0.1200120733
0.1233036297
0.3057182316
0.1668893855
0.2110745071
0.1197390025
0.0470805098
0.3296071303
0.1095890358
0.1298521337
0.2187070386
0.0861330653
0.1790542007
0.2004406554
0.1627488462
0.1940822996
0.0885137216
0.2195279966
0.2368413650
0.0463785738
0.0378995061
0.1863103427
0.1734851932
0.1075258718
0.2280112443
0.1503558792
0.1613104710
0.2128293942
0.2186761385
0.2610742129
0.1036239328
0.2998695929
0.1228464547
0.4276646408
0.1332312746
0.2768088295
0.2752071616
0.1800807422
0.2788408494
0.2403917377
0.1198079599
0.4197923252
0.3157626626
0.1941090670
0.3041815913
0.2108114642
0.2560718435
0.1581451355
0.2547068713
0.2886899256
0.3153445419
0.0322081280
0.2042075784
0.2434444127
0.1762312608
0.2242533295
0.2598950352
0.2360779825
0.2441842460
0.2921693934
0.4335423772
0.2413385437
0.2351949651
0.1044643586
0.2791874807
0.3688102270
0.2222926481
0.1943107503
0.2159399245
0.3254227738
0.3393277326
0.3883160977
0.4676332792
0.2475932616
0.3576628290
0.2829230983
0.4220422593
0.4364189396
0.2956311927
0.2520902594
0.3643660118
0.1313619991
0.3184184427
0.3451328909
0.3799272966
0.2993262002
0.1409178033
0.3022865947
0.2805028701
0.2923775540
0.1682961592
0.2828875556
0.2259277280
0.2803004337
0.1512896926
0.2557810161
0.2672340731
0.2614330940
0.4414226809
0.2388284183
0.3919331804
0.4297663544
0.3051815161
0.4182040591
0.3286500612
0.4428168517
0.3146984261
0.3670045414
0.3467845033
0.3273404967
0.4100266546
0.3164392451
0.4053348188
0.2771960926
0.4611400712
0.3198858828
0.2840445764
0.4498254271
0.3670530160
0.5528135937
0.4852762511
0.3117569985
0.2870634853
0.3484710206
0.3950319880
0.3340433397
0.3756183039
0.3603074330
0.4774893644
0.4235191022
0.2326763086
0.2089666488
0.3829089386
0.5363351952
0.4312881996
0.4778910636
0.3203052749
0.3489955131
0.4847289714
0.3342988372
0.3452635189
0.2305738886
0.3788420240
0.3686963227
0.4204567750
0.4309856569
0.3814221470
0.5666997215
0.4474202301
0.4725811746
0.3797290525
0.5086507090
0.2801571721
0.4685780943
0.4419352243
0.4660236993
0.5497987117
0.4401420674
0.4982007596
0.4187464288
0.3397192342
0.4061356585
0.4295001408
0.3608903350
0.5197060351
0.4305685831
0.6267234376
0.3776375974
0.5343867098
0.4078500426
0.4316665373
0.4310874034
0.4902678582
0.4856630423
0.4057219539
0.5702388148
0.2973416431
0.4811128327
0.4415985645
0.4892798254
0.4735040392
0.4160228640
0.5027330661
0.4851699813
0.4577876350
0.4445111376
0.5010728780
0.4147313994
0.4449991773
0.4913688760
0.3816607412
0.3954818241
0.4790309593
0.3562923493
0.6178902726
0.4795707857
0.5905194020
0.5391085787
0.5123435545
0.5547074911
0.4578707265
0.3973103178
0.6531516023
0.4133557466
0.4875275540
0.5070125325
0.5353485106
0.5268062595
0.5207349386
0.6685131950
0.4705818832
0.5189401797
0.6167834833
0.4401342371
0.5944360098
0.5760779752
0.6352281035
0.4986848612
0.4259634651
0.6687599018
0.5603302874
0.5942884757
0.6433406820
0.5396976640
0.6475156451
0.5182902276
0.6513774207
0.5864265176
0.5532212423
0.6881393722
0.4925451775
0.5553338950
0.4915147350
0.4847767833
0.6858358007
0.6208441723
0.6268971239
0.5988336892
0.7227252822
0.6241916128
0.5685588889
0.5983376997
0.6596508975
0.6468577444
0.5899790957
0.6672600225
0.7944950242
0.4674116956
0.6148029032
0.6893050691
0.7355509193
0.5108367416
0.7066380553
0.5802053046
0.6044869320
0.5713944238
0.6537972311
0.6183202228
0.7654336599
0.8737517255
0.5564729490
0.6220913073
0.4975333025
0.6843902765
0.7484025316
0.7061424242
0.6437026794
0.6750019508
0.6949935660
0.5879212162
0.7396543303
0.7115074737
0.6920354876
0.7978396792
0.7498772110
0.6387499176
0.7002561803
0.7813171442
0.6904099904
0.7675090610
0.5828868094
0.5983519102
0.6803147993
0.6669786422
0.8242787986
0.7588599904
0.8433123358
0.6948423958
0.7255440911
0.6155130713
0.5410592825
0.6571138892
0.7461393899
0.8158548031
0.7469573253
0.4888593450
0.6678866901
0.8234306164
0.7229996254
0.8268582661
0.7441028870
0.7495882156
0.8999661252
0.6497126863
0.6968382162
0.8359201637
0.6875612549
0.7651779986
0.6996042460
0.7560327253
0.6046200041
0.8322164855
0.6965010940
0.5868734937
0.6462968611
0.7091945309
0.7942704652
0.7253709898
0.7097599088
0.7462281331
0.7883199679
0.8669449257
0.7163666125
0.7962104850
0.8299103197
0.7206613952
0.7850810467
0.8011163581
0.7965219192
0.8752620645
0.7973199724
0.6977959504
0.7375981289
0.7465752105
0.6837029144
0.8024405420
0.7142265524
0.8395184925
0.8374733593
0.7997236097
0.8141672851
0.9411141805
0.8427436617
0.9818329134
0.8625143704
0.6335979827
0.7837250425
0.7849937132
0.8428557549
0.7958035988
0.7980891198
0.8605736263
0.8655611749
0.7124236237
0.7963780587
0.9776733673
0.8661769712
0.9567471096
0.8203808950
0.9311467541
0.9343939874
0.6972273490
0.7564171480
0.8168608857
0.9434204653
0.8668349056
0.9658078173
0.9897122862
0.8081454432
0.8275758408
0.7730928706
0.8442319766
1.0469547007
0.9934117454
1.0169648225
0.8343606671
0.8588322767
0.9902098738
0.9665398733
0.8287869426
0.9049481708
0.8130479172
0.8817967427
0.8576934465
0.8270163231
0.9972330006
0.8619145959
1.1798780118
0.9975515107
0.8289065391
0.9698187600
1.0647442027
1.0243633987
0.9259379667
0.9328487412
0.8680563672
0.9810315758
0.8588606330
0.8759593513
0.9665943910
0.8384640847
0.9178993376
0.7960608956
0.9913043277
0.9409461887
1.0685347581
1.0003250986
0.8832424681
0.8910788464
0.7748339986
0.9398302044
1.0836978101
0.9203884897
1.1218099518
1.0563019829
1.0536128014
1.0750143191
1.0048866126
0.9286606138
0.9996371840
1.0059587312
1.0488467420
0.9121059168
1.0817774945
0.9688406475
1.0080116498
1.0942211825
1.1356331522
1.0440996033
0.9521550117
1.0419528353
0.9008040537
1.0468045711
1.1056656243
1.0969039811
