-1.0714733791
-0.8897214415
-0.8545583450
-0.9747546132
-0.9380456970
-0.9772009817
-1.0191123275
-1.1440337697
-0.9229496075
-1.1232751537
-0.9679562925
-0.7910787100
-1.0285622216
-1.1132249478
-0.9863463871
-0.7734886712
-1.1223091766
-1.0756822972
-0.9800302126
-1.0307400942
-0.8609951949
-0.9431309540
-1.0022476656
-1.0088254353
-1.0490278499
-0.7397892973
-1.0704997762
-0.8641225482
-0.9397341395
-1.0313948003
-0.9877500120
-1.0852011269
-0.7173361901
-1.0449833301
-0.9149353666
-0.9855250609
-1.0427117364
-0.8982363894
-0.9277060748
-1.0167812551
-0.8434039523
-0.8903959596
-0.9930575151
-0.8551497413
-0.9584635916
-0.9325765206
-0.9866029944
-0.8224905107
-0.9059141649
-0.8690497935
-0.6990294023
-0.8583641914
-0.9467769776
-0.9089559500
-0.9927442359
-0.9977825629
-0.9642401940
-0.8233643869
-1.0917480373
-1.0255776768
-0.8286495258
-0.9231047179
-0.7189446018
-0.9088516221
-0.8317690776
-0.7954846619
-0.7657341186
-0.9940030708
-0.9186977505
-0.7768149965
-0.8145874723
-0.9364077625
-0.9091595823
-0.9429803284
-0.9481437807
-0.8791883699
-0.8773729773
-0.7941451640
-0.8566409862
-0.7929511974
-0.8949015776
-0.9172287937
-1.0785241563
-0.9056903009
-0.9118699465
-0.7655836129
-0.6483729894
-0.8889041078
-0.7020619645
-0.6910148386
-0.9934628161
-0.7036813292
-0.8787104324
-0.7840072526
-0.9065878542
-0.8264102124
-0.8518437541
-0.8033857629
-0.7317906177
-0.7560976972
-0.7682023013
-0.6682642045
-0.8379079548
-0.7545327431
-0.7581025452
-0.7253850834
-0.5349861991
-0.7906158250
-0.7539214627
-0.8378170032
-0.8366646033
-0.7925518442
-0.7248510370
-0.7199565831
-0.8167892377
-0.7959195804
-0.7857350285
-0.5696375655
-0.6914015037
-0.7612680579
-0.7491636347
-0.6244654256
-0.7383968214
-0.6557684644
-0.7899173573
-0.7612437445
-0.6693719316
-0.7310993855
-0.6061999695
-0.5864252172
-0.8800266904
-0.7003086840
-0.7636675876
-0.7223635408
-0.8022485892
-0.6153299183
-0.5515199478
-0.7067325294
-0.8801158093
-0.8390034773
-0.7108004391
-0.6895112075
-0.7131276676
-0.7090460309
-0.7006973784
-0.7097274082
-0.7021838027
-0.6250046968
-0.7727541413
-0.7521243857
-0.7516524543
-0.6769260159
-0.7806204192
-0.6240979167
-0.7002627338
-0.8460644616
-0.7027465957
-0.7389018317
-0.6255772442
-0.6555835773
-0.6043630714
-0.5841629280
-0.7789878252
-0.7460306241
-0.8478465105
-0.7110124262
-0.6195090482
-0.6457200134
-0.6844388210
-0.5890647141
-0.7024975571
-0.5942502434
-0.5498202546
-0.6961722912
-0.6545709964
-0.7292656471
-0.5230755573
-0.7556892066
-0.7511254956
-0.5295415746
-0.7267771755
-0.6845732186
-0.6479169187
-0.6291690537
-0.5551035411
-0.6425393918
-0.5695706027
-0.5432498685
-0.6699976827
-0.7275572765
-0.6423958750
-0.4981675809
-0.6422220220
-0.5350436995
-0.6618624275
-0.5231122478
-0.5762543220
-0.6591930259
-0.6628556430
-0.6099639502
-0.6005610597
-0.6667370658
-0.6903832469
-0.6665826193
-0.5724700597
-0.5636495794
-0.7398861354
-0.5860920532
-0.6441130687
-0.6116457680
-0.6787952748
-0.7173725468
-0.6466334722
-0.6092795381
-0.6567986631
-0.7008727423
-0.4334192178
-0.5934033099
-0.4831990510
-0.5949751797
-0.4539415237
-0.6325260240
-0.6190786150
-0.5752905686
-0.5735822233
-0.6234308451
-0.5392469689
-0.3774406385
-0.6716547676
-0.4544616345
-0.5767159065
-0.6320869719
-0.6646407550
-0.5511903851
-0.4722816577
-0.5302321131
-0.5462189095
-0.4813730854
-0.4868031154
-0.6036537306
-0.4610109059
-0.7548810571
-0.3507246465
-0.4939259957
-0.4853100794
-0.5433519919
-0.4679100091
-0.5751197734
-0.6169011605
-0.3620243053
-0.5303061018
-0.6197335926
-0.4517473748
-0.6182781891
-0.3828544735
-0.4494613887
-0.5213606923
-0.5021436033
-0.3501388716
-0.3804795753
-0.3481317676
-0.5195103727
-0.5078898689
-0.4217053711
-0.5749924747
-0.3373848407
-0.2552348965
-0.4167904724
-0.4716933031
-0.5589106589
-0.3034552489
-0.5293813507
-0.4703740714
-0.4047146805
-0.5173452888
-0.3411805513
-0.5278169950
-0.4357220395
-0.5081872820
-0.5884106446
-0.4601930906
-0.3408493141
-0.4924753839
-0.4910028911
-0.3146941780
-0.3395946015
-0.2346310497
-0.4149082904
-0.4925923284
-0.4395135319
-0.4197073046
-0.4753952874
-0.4403606518
-0.3841572346
-0.2926843941
-0.4447502325
-0.4691256146
-0.4356229504
-0.3756118141
-0.5357932354
-0.2564846350
-0.3881907734
-0.3462849465
-0.2910104642
-0.4711706229
-0.3868728060
-0.4125981587
-0.4933014538
-0.3555832334
-0.1080841337
-0.3468806905
-0.3540459851
-0.3632904492
-0.4058757702
-0.4426607971
-0.4870896368
-0.2267781731
-0.3670478556
-0.3959910591
-0.3756494306
-0.3610958852
-0.3254850684
-0.3382368208
-0.2096302733
-0.3511431002
-0.5609811394
-0.2817404045
-0.5202421973
-0.2910137198
-0.4702592149
-0.4100064871
-0.3513004618
-0.4168816954
-0.4114473172
-0.2731928798
-0.2198359606
-0.3156950060
-0.4213471563
-0.2738562352
-0.3658463508
-0.2289146376
-0.2230963715
-0.4266072094
-0.4173229502
-0.4426793819
-0.2995623296
-0.4504838992
-0.2674318819
-0.3174544058
-0.1285810727
-0.3084085859
-0.2927189839
-0.2157589482
-0.2940544926
-0.4451108103
-0.2928055717
-0.2027728203
-0.3867750887
-0.2971119391
-0.4486596151
-0.3021297801
-0.2304641186
-0.1547589337
-0.4496715523
-0.2884065564
-0.1995732561
-0.3846516509
-0.3510381213
-0.2795670146
-0.2425490824
-0.3179793206
-0.3372405797
-0.1721753742
-0.0981927440
-0.4226805977
-0.2157511666
-0.3080769117
-0.2580994586
-0.1837077985
-0.2537067927
-0.1673911638
-0.2650356296
-0.1926939160
-0.4011975552
-0.1693607377
-0.3955944171
-0.2897239903
-0.4581462118
-0.2576964305
-0.2226584085
-0.0685558667
-0.2058941415
-0.2957952207
-0.2515268855
-0.2509853553
-0.1428603497
-0.0728789213
-0.2366846392
-0.2643305066
-0.1971090483
-0.1704953534
-0.1964662176
-0.2028846032
-0.2144789532
-0.2137107016
-0.1430549298
-0.2445755779
-0.2313335770
-0.1249911709
-0.1919700450
-0.2394146770
-0.1907513303
-0.2251246678
-0.1336210010
-0.2274032164
-0.0754583334
-0.1380904412
-0.1214501567
-0.1074563855
-0.2708992705
-0.1663333814
-0.0265721274
-0.0581370373
-0.2083505958
-0.0932274858
-0.1036992043
-0.1632823101
-0.2179792992
-0.1756554753
-0.1370733608
-0.2274240842
-0.0398779905
-0.0531644909
-0.0120479398
-0.0150174075
-0.1407207076
-0.0177183224
-0.0975004921
-0.0621608876
-0.0926204560
-0.0388698825
-0.1384147602
-0.0983055727
0.0184019054
-0.2522012530
-0.1366276938
-0.0721111284
-0.1376120608
-0.1250935564
-0.0788825783
-0.1461177421
-0.0340031939
-0.2342820259
-0.1304974315
-0.1279920378
-0.0431152539
-0.1200508831
-0.0934946743
-0.0515001425
-0.1604086608
-0.1515073194
-0.0920479715
-0.0925350105
-0.2036629533
-0.0421728767
-0.1955402884
-0.0848593667
-0.1133960847
-0.0715190801
0.0770205256
-0.1729344542
-0.0684037798
-0.0658733327
0.0055798903
-0.0256092757
-0.0373337511
-0.1431543256
-0.0171332823
-0.0455961574
-0.0631972072
0.0702384935
-0.0819133991
-0.0553995880
-0.0848884895
0.1311827758
-0.3008117529
-0.0609678524
-0.0710527412
-0.1195847799
-0.0414114249
-0.1201829942
0.0117672931
0.0216688495
0.0435099658
0.0852047167
-0.0190629990
-0.1023124829
0.1388887017
-0.0378177068
0.0729981867
0.0439206055
-0.0585839290
0.0200948591
-0.0375159213
-0.0194199631
0.0936536780
-0.0106509936
-0.1538487493
0.1797788153
0.0340078092
0.1796732896
0.0512024747
0.0737543599
-0.0804048994
0.0536932034
-0.0019014242
-0.0142192563
0.0981852589
-0.0314487220
0.1457886149
0.0338396783
0.2317701937
0.2475719119
0.0864945183
0.1403523322
-0.0208123751
0.0408877877
-0.0292585226
-0.0208347914
0.1449086922
0.0337723688
0.0664920975
-0.0050930776
-0.0360716728
0.0232883149
0.0948214522
-0.0381239274
0.0372682711
0.0635654966
0.0904149282
0.0346838295
0.0761774493
0.0766090623
0.1498612840
0.0240344299
0.0322846110
0.0990479040
-0.0055830528
-0.0012250341
0.1756478699
0.1416692809
0.1791547580
0.0654525455
-0.0210628926
0.0322846418
0.1687059374
0.1980340402
0.0005028548
0.3723911123
-0.0320301029
0.1234463052
0.2632145062
0.0548286430
0.2428365420
0.2289253773
0.0902146032
0.1667826904
0.2514585955
0.1415825052
0.2270330668
0.1504098063
0.1484153065
0.0883777890
0.1429790716
0.2741443869
0.1651654746
0.2300274868
0.0475497206
0.1603230350
0.1298722572
0.1743942865
0.0982828237
0.1850242738
0.2214862270
0.1058938307
0.0646956206
0.1709783547
0.3064745352
0.1795734641
0.1317148890
0.2141276337
0.2904633192
0.0719105591
0.1113050697
0.2264344056
0.0874826645
0.1872744315
0.2909014432
0.1876311135
0.1544927372
0.2459930111
0.2347304569
0.1533677481
0.1335498235
0.0796898086
0.3697174103
0.1504471809
0.1810804264
0.2673260251
0.3681553758
0.3883270662
0.4022871721
0.1821434686
0.2230629248
0.0674563139
0.4192947355
0.1991785971
0.2104754381
0.2075812709
0.2145471674
0.2649523072
0.2162521408
0.2444730300
0.2082835239
0.2401048474
0.4212765797
0.1581260319
0.2346451044
0.1645676096
0.1802353856
0.3249328715
0.3234165802
0.2172709956
0.1360965350
0.3557408373
0.3569741099
0.1924955403
0.3479720222
0.3006764198
0.2035883155
0.3190234140
0.1679534213
0.3562703643
0.1594018698
0.1920157328
0.3598915828
0.2898831225
0.2798613087
0.2433692838
0.2794038097
0.4896003839
0.3675409386
0.4325385954
0.2946662864
0.2763571956
0.3132755764
0.2676126794
0.4002940387
0.2852240281
0.2316141591
0.2614534813
0.2075758416
0.4533349214
0.3659168912
0.2938437002
0.3185125207
0.3691505499
0.3312108946
0.2033539222
0.1516079520
0.1873960609
0.3377853253
0.4715883437
0.2925253401
0.3504757025
0.3359161302
0.3761153940
0.4286989788
0.4961075005
0.3974379246
0.3473337023
0.2502573087
0.4058700260
0.4823638488
0.4784856320
0.3339655876
0.4331387615
0.3110742749
0.3649442522
0.2502737778
0.2902119201
0.3395441349
0.3498980423
0.3778729081
0.2207736534
0.3556192294
0.3322053181
0.4100281560
0.3713145581
0.4251619509
0.4529344629
0.5262264050
0.4349254863
0.2711872893
0.3852223964
0.3737297092
0.5390628376
0.4018002972
0.4139145625
0.4578671594
0.4501600260
0.4744834011
0.3838094408
0.5911512613
0.4537980532
0.3600626031
0.2723998504
0.4054096953
0.3734917377
0.4367879385
0.4875077792
0.4994294516
0.5189344329
0.3394290503
0.4765937063
0.2798802793
0.3998116831
0.5869578956
0.5482005156
0.5875005091
0.3211986586
0.4547062554
0.3796859640
0.5540823329
0.3662777621
0.5315501965
0.3265828792
0.4727371539
0.3133066740
0.4079035922
0.4761376083
0.4910368530
0.2983426053
0.3826240567
0.4637036302
0.5998682405
0.5540954471
0.5936998458
0.5207288316
0.4483181374
0.6512401139
0.5430624468
0.4504314932
0.4925584540
0.3975947832
0.4665359335
0.4870324400
0.5430810859
0.4860741753
0.6820885198
0.4738050943
0.5885923327
0.5465053403
0.5306558150
0.5146549151
0.3536006294
0.4105775807
0.5561154266
0.4501957181
0.5105189252
0.3902659164
0.5602661222
0.4891806503
0.5157736860
0.6861737230
0.4917334535
0.5179581184
0.5413579661
0.5977584131
0.5406462458
0.6399787979
0.5279890848
0.6745685063
0.5352725998
0.5655000976
0.6392735213
0.5360163301
0.5537972412
0.5796003693
0.5227395863
0.4248871870
0.5231693384
0.5700769434
0.6156944330
0.5465681838
0.5478041445
0.6075850009
0.7177047086
0.6477502398
0.6961663982
0.6090166071
0.5552201896
0.6222191712
0.7278160821
0.6523101829
0.5764966634
0.7191648352
0.6343947137
0.6724153942
0.6498918412
0.6478507613
0.4920917426
0.6797456208
0.6933161406
0.8044700937
0.5190616639
0.6375910418
0.6672962094
0.7216301747
0.6637918082
0.5788988214
0.6630665649
0.7615326764
0.6291998151
0.6849335078
0.6641944712
0.5401694035
0.7151623616
0.6742389341
0.6770777946
0.6158121951
0.6285519396
0.6284101689
0.7635231465
0.7031995290
0.7576037141
0.7380186244
0.6248270402
0.6269455279
0.4997456342
0.6951178884
0.7333789011
0.8116968315
0.7295167120
0.6611514859
0.6619716356
0.6929755339
0.5688563620
0.5229186298
0.4839863704
0.7295490328
0.7190903512
0.6484480268
0.6219655232
0.4833638462
0.7505118189
0.9138423053
0.6983540000
0.7689944727
0.8069708477
0.7507521907
0.6750448764
0.8022309080
0.8520667264
0.6900144702
0.6192446060
0.6958626196
0.7042162441
0.7556835080
0.7122093211
0.7919782273
0.7069004116
0.6819911566
0.7027777998
0.6427123016
0.6435518312
0.8120981064
0.8108222870
0.7058109640
0.7185720422
0.7085403991
0.8087200601
0.6704474508
0.8104418057
0.7636375231
0.7064416091
0.6851933887
0.8541508492
0.7451868907
0.7890909334
0.8852916255
0.5866836976
0.8827938986
0.8323505005
0.8720053135
0.8444301967
0.7039771941
0.7180544375
0.8512840724
0.7482173220
0.7530523553
0.6981679180
0.7288358728
0.7687309429
0.6904534219
0.8618014979
0.8352889429
0.8145851978
0.7503457588
0.8610046656
0.9337602742
0.8696277004
0.8583702982
0.8824815416
0.8937170505
0.7283655122
0.9316472626
0.9266410932
0.7828217382
0.8663658854
0.8439832896
0.7775150737
1.0176545599
0.8642885788
0.7803141075
0.8608798210
0.7258939543
0.7442589246
0.8293445156
0.8007615124
0.7384321011
0.8616587792
0.8760620690
0.8920900010
0.8148762110
0.8853795012
0.9014873733
0.8890373123
0.9029291374
0.9687082804
0.8381857235
0.8895648510
0.8720193405
0.8152946175
0.9278553766
0.8171328742
1.0686124095
0.8440235713
0.8781865403
0.8387771125
0.9584794556
0.9146287379
0.9003815748
0.9639929767
0.8747667173
0.7916683007
0.8340251635
0.8550568373
0.6843019242
0.9294148000
1.1304067172
0.9765281819
0.9899428885
0.9210527174
0.8935056153
0.9657169323
0.9662907271
1.1744005645
0.8047354890
0.9704320604
1.0085105292
0.8857592417
0.8857919192
0.9270875126
0.9069501594
0.8881811095
0.9246050267
0.9142095288
0.8023124590
0.9760886516
0.9782468973
1.0495876596
0.9966221155
1.0312390983
0.8416843411
0.9890752303
1.0037911116
1.0592239588
1.0373367719
0.9249206549
0.8568239339
1.0610068445
1.1765229422
0.9576124320
0.8361048211
0.9264888285
0.9546313582
0.9356694258
1.0139151432
0.9431064443
