-1.0556722007
-0.8792338017
-0.8392774406
-0.9723371646
-0.9378764897
-0.9858886692
-1.0373442359
-1.1498249794
-0.9172305281
-1.1347746711
-0.9696990271
-0.8035313173
-1.0211394998
-1.1152360266
-0.9814014648
-0.7715295850
-1.1398410469
-1.0667513980
-0.9490974971
-1.0223365411
-0.8803483684
-0.9442336542
-0.9727376557
-1.0150696704
-1.0492135100
-0.7685334370
-1.0654720972
-0.8498718788
-0.9491193333
-1.0318130384
-0.9825163292
-1.0859361958
-0.7003952491
-1.0223609053
-0.9177675343
-1.0219463071
-1.0322269706
-0.8856584071
-0.9462379076
-1.0170342543
-0.8829442659
-0.9017971007
-0.9925263905
-0.8565280276
-0.9485798785
-0.9184978033
-0.9718218623
-0.8277109019
-0.9148508066
-0.8458068202
-0.6832850268
-0.8409586484
-0.9320743387
-0.9152686730
-0.9676397927
-0.9980371296
-0.9666108265
-0.8193172084
-1.0719958786
-1.0192420522
-0.8336969023
-0.9292631768
-0.7288295370
-0.9084882035
-0.8328504843
-0.8258751755
-0.7459264037
-0.9873679886
-0.9340534989
-0.7661438918
-0.8319333670
-0.9377176720
-0.9031758147
-0.9428360895
-0.9055891863
-0.8588014947
-0.8689037137
-0.7949437708
-0.8609044665
-0.7630143553
-0.9095747954
-0.9054944528
-1.0718038865
-0.8905087539
-0.9084162436
-0.7360486757
-0.6437566296
-0.8814924507
-0.6979071001
-0.6869808720
-0.9727137420
-0.6975148563
-0.9049182490
-0.7765462106
-0.9230226496
-0.8235154035
-0.8784834083
-0.8224387718
-0.7240421861
-0.7517686233
-0.7668871824
-0.6620972082
-0.8310751401
-0.7357760293
-0.7759106858
-0.7289509310
-0.5541383166
-0.7828000928
-0.7547510817
-0.8461018476
-0.8316986740
-0.7912074381
-0.7130902399
-0.7221314838
-0.8051079124
-0.7709770150
-0.7690455505
-0.5407847953
-0.7127128503
-0.7762659968
-0.7676085663
-0.6062473139
-0.7071924068
-0.6702036390
-0.7918833134
-0.7818969328
-0.6678450391
-0.7511025849
-0.5930091518
-0.5866831549
-0.8584595392
-0.7111849549
-0.7660833319
-0.7017147026
-0.8171616742
-0.6016910381
-0.5443046504
-0.7233227033
-0.8872510764
-0.8322722591
-0.7102459773
-0.6800495441
-0.7017809099
-0.6680202171
-0.7300101824
-0.7350878639
-0.7199334811
-0.6297962789
-0.7964008639
-0.7478062095
-0.7628154344
-0.6749715502
-0.7645207703
-0.6093323990
-0.6879463759
-0.8630068826
-0.7155527359
-0.7395124015
-0.6204789682
-0.6545135684
-0.5980097005
-0.5967982931
-0.8029239108
-0.7584263788
-0.8423444078
-0.7064487167
-0.6284432178
-0.6267181738
-0.7225474512
-0.5945251738
-0.6764909976
-0.6073849680
-0.5499239105
-0.7114957284
-0.6417285643
-0.7303792654
-0.5316429093
-0.7442389986
-0.7699270401
-0.5230332637
-0.7069470106
-0.6575423387
-0.6273642282
-0.6581968850
-0.5571564599
-0.6551785807
-0.5819961009
-0.5438693303
-0.6679408220
-0.7098222403
-0.6288104028
-0.4925102565
-0.6495278622
-0.5450092473
-0.6630235162
-0.5201839674
-0.5973517243
-0.6465117712
-0.6769352159
-0.6040174970
-0.6244485908
-0.6791418231
-0.7025098153
-0.6532018751
-0.5831188834
-0.5559156019
-0.7494753477
-0.5935918692
-0.6409770274
-0.6081682734
-0.6693919390
-0.7151680830
-0.6507053572
-0.6104651987
-0.6809825142
-0.6873294803
-0.4386181566
-0.5901092506
-0.4810690707
-0.5822350472
-0.4415132754
-0.6175879430
-0.6136054283
-0.5563877467
-0.5741694586
-0.6376046826
-0.5637838672
-0.3710329010
-0.6527907900
-0.4493817554
-0.5533071111
-0.6372181331
-0.6440433447
-0.5405052140
-0.4766556324
-0.5332360824
-0.5423176392
-0.4710728381
-0.4621683929
-0.5809464956
-0.4490058097
-0.7598080478
-0.3489973565
-0.5263128472
-0.4594569887
-0.5377935308
-0.4564301548
-0.5629370980
-0.6085563377
-0.3619254394
-0.5420051776
-0.5782384970
-0.4672424784
-0.6325925716
-0.3421260019
-0.4669778778
-0.5417393684
-0.5113292459
-0.3594948366
-0.3952867163
-0.3349571156
-0.5051887324
-0.5173369162
-0.4276215633
-0.5519541603
-0.3308874735
-0.2679322119
-0.4312564264
-0.4514412824
-0.5735237200
-0.3259574592
-0.5502868619
-0.4812752092
-0.3849676354
-0.5051976959
-0.3330656326
-0.5144740182
-0.4422087587
-0.4927765594
-0.6032690553
-0.4554211306
-0.3165780426
-0.4918043685
-0.4706357545
-0.2923840568
-0.3445330114
-0.2014855656
-0.3932975153
-0.5002452583
-0.4485226148
-0.4234241232
-0.4799832374
-0.4389487051
-0.3746269741
-0.2879683739
-0.4330427124
-0.4638129160
-0.4366145480
-0.3646274178
-0.5421926418
-0.2573416516
-0.3637613444
-0.3403110364
-0.2754595091
-0.4743064897
-0.3841055055
-0.3874406107
-0.4887127865
-0.3415015580
-0.1090309510
-0.3572038325
-0.3599254826
-0.3520867838
-0.4125099524
-0.4482426875
-0.4606334396
-0.2280633182
-0.3658623788
-0.3726104853
-0.3494143929
-0.3734181338
-0.3443261736
-0.3304715909
-0.1990514008
-0.3499607215
-0.5478587022
-0.2624009644
-0.5352254791
-0.3044413849
-0.4711909935
-0.4336482463
-0.3576300951
-0.4251235781
-0.4152444863
-0.2910739875
-0.2217143848
-0.3135926070
-0.4024608404
-0.2801683336
-0.3561300237
-0.2323352177
-0.2286231111
-0.4184863503
-0.4073879506
-0.4483805563
-0.3055817723
-0.4412500785
-0.2878621254
-0.3056237414
-0.1171372193
-0.3300619101
-0.2898001673
-0.1963056710
-0.2933036096
-0.4306993146
-0.2781371693
-0.2161280838
-0.3718431323
-0.2981373351
-0.4545309206
-0.2845424634
-0.2360914732
-0.1748902099
-0.4237618942
-0.2853994294
-0.2052127512
-0.3714744958
-0.3752181923
-0.2821392534
-0.2187554589
-0.3196228523
-0.3450655487
-0.1649545747
-0.1061908060
-0.4299916450
-0.1613978645
-0.2851039902
-0.2718201550
-0.1637677973
-0.2748739786
-0.1594262842
-0.2625377536
-0.1900409925
-0.3783908041
-0.1902580598
-0.3994595288
-0.2836042353
-0.4511320695
-0.2464983607
-0.2241243702
-0.0809377873
-0.1714278885
-0.3088449458
-0.2349196917
-0.2344134041
-0.1560012067
-0.0621298814
-0.2269773833
-0.2644831230
-0.1928013155
-0.1933984214
-0.1719483875
-0.2002317742
-0.2081219004
-0.2211428478
-0.1434355158
-0.2285768734
-0.2187378884
-0.1139726111
-0.1909187808
-0.2616431305
-0.1846307232
-0.2230356412
-0.1218406178
-0.2538831977
-0.0808766051
-0.1539044940
-0.1183691058
-0.0905294370
-0.2580867942
-0.1702894962
-0.0293750576
-0.0643383660
-0.2272628463
-0.0911672846
-0.0990826106
-0.1557764902
-0.2183233442
-0.1817388513
-0.1526553255
-0.2270575872
-0.0334788163
-0.0859598793
-0.0094722367
-0.0252873905
-0.1393608191
-0.0331002696
-0.0977191418
-0.0757242577
-0.0870560001
-0.0526894369
-0.1295519525
-0.1230649070
-0.0071203536
-0.2341185992
-0.1252628201
-0.0481372944
-0.1228380265
-0.1407093743
-0.0721902465
-0.1672082674
-0.0124079957
-0.2165049775
-0.1393125645
-0.1164270993
-0.0462540934
-0.1357578161
-0.0890029947
-0.0552537373
-0.1515849555
-0.1503801926
-0.0953742708
-0.0995985185
-0.2057615807
-0.0614437663
-0.1731400793
-0.0944334811
-0.1079633415
-0.0649489963
0.0785477441
-0.1716213218
-0.0757669691
-0.0599362758
0.0312548899
-0.0346657255
-0.0402620600
-0.1539621004
-0.0211209584
-0.0186018611
-0.0553483187
0.0651837743
-0.0912184834
-0.0641243422
-0.0619463269
0.0993792824
-0.2894748613
-0.0639800328
-0.0488786252
-0.1043625744
-0.0320156357
-0.1320645825
-0.0037285809
0.0120758496
0.0369227939
0.0953458705
-0.0216617748
-0.1256712697
0.1329728337
-0.0334014104
0.0504832414
0.0564313987
-0.0287373764
0.0414902902
-0.0468844568
-0.0275204048
0.0947948513
-0.0340548855
-0.1583305047
0.1753427089
0.0052963141
0.1751888780
0.0697343569
0.0981277486
-0.0887300977
0.0418067827
0.0026569310
-0.0043675338
0.1076364880
-0.0348300764
0.1494376425
0.0261871968
0.2511135207
0.2416484459
0.0898855107
0.1466682698
-0.0189182558
0.0630839206
-0.0448781822
-0.0449375820
0.1233832723
0.0012900534
0.0604264227
-0.0037147365
-0.0304007557
0.0314825722
0.1043542488
-0.0440255552
0.0284276333
0.0691047317
0.1011615207
0.0321888787
0.0856375581
0.0727749589
0.1323298531
0.0330477452
0.0257983435
0.1147347116
-0.0121357832
-0.0226869202
0.1798331562
0.1660845898
0.1911061246
0.0929732624
0.0239741026
0.0386348620
0.1415686492
0.1920599433
-0.0000344723
0.3671362973
-0.0143314931
0.1229202982
0.2497322632
0.0537090751
0.2510084438
0.2334640899
0.0859880783
0.1529759956
0.2622282582
0.1232155218
0.2200351651
0.1433409838
0.1340118599
0.0770721824
0.1436450888
0.2872010676
0.1562875422
0.2468533150
0.0608428277
0.1651431857
0.1195395875
0.1810700621
0.0927191543
0.1916308161
0.1962951784
0.1058975003
0.0637243432
0.1872902621
0.2867331980
0.1802422749
0.1431347462
0.1995050018
0.2988092344
0.0506846929
0.1069104211
0.2414516214
0.0788375389
0.1820274784
0.2977118370
0.1717873689
0.1743639736
0.2548619109
0.2291599471
0.1688574803
0.1551393492
0.0786337220
0.3711937441
0.1367345571
0.1907955344
0.2658777172
0.3532682108
0.3912667232
0.3904020375
0.1827596909
0.2217164506
0.0608237115
0.4180738070
0.1920373175
0.2168099719
0.2391801529
0.2099011642
0.2719983909
0.2272129206
0.2321109943
0.2214747297
0.2257875797
0.4283206160
0.1594915692
0.2144295513
0.1619180191
0.1797911442
0.3186632727
0.3368493867
0.2354134548
0.1552595293
0.3417732243
0.3241396635
0.1921950584
0.3082034349
0.2838564171
0.2131490597
0.3246475350
0.1478947925
0.3543270320
0.1706528848
0.1857475221
0.3563586155
0.2969891734
0.2744945556
0.2561279210
0.2662692226
0.4737342742
0.3783416369
0.4356371063
0.2955093758
0.2880943197
0.2916038581
0.2464878583
0.3866458603
0.3075461885
0.2216767203
0.2847410422
0.1892605126
0.4516179043
0.3606505861
0.2921804012
0.3170360242
0.3963888362
0.3322913999
0.2093032068
0.1453847762
0.1790587569
0.3489342014
0.4750467338
0.2751810272
0.3627218302
0.3610348820
0.3834485321
0.4399956044
0.5069461992
0.3782471743
0.3580494111
0.2447394564
0.4084689675
0.4879059000
0.4630084283
0.3269690400
0.4422244680
0.2998551441
0.3654106830
0.2249151264
0.2840364747
0.3505056027
0.3383325068
0.3637514116
0.2335740883
0.3773770782
0.3261278910
0.3935188870
0.3576318295
0.4139301528
0.4677767774
0.5086076840
0.4655739084
0.2755595116
0.3708780479
0.3674737980
0.5618605323
0.3865887150
0.4216658128
0.4548304753
0.4475326438
0.4634252905
0.3729635014
0.6005740637
0.4616654658
0.3477755191
0.2691077829
0.3722135315
0.3638834590
0.4739197963
0.4935328405
0.4846904152
0.5085420987
0.3315379478
0.4923990192
0.2535774538
0.3874070301
0.5706607126
0.5646575782
0.5939313647
0.3355419060
0.4684150272
0.3803813524
0.5514285191
0.3581891907
0.5150905453
0.3237894649
0.4601915223
0.3010703704
0.4264177052
0.4733636101
0.4852003748
0.3022547797
0.3738569005
0.4501514715
0.6248899931
0.5442936080
0.6062529457
0.5468499187
0.4290892378
0.6327318848
0.5611508666
0.4541639186
0.5113605147
0.3988332649
0.4415529558
0.4898951877
0.5155552034
0.5131744597
0.6989824619
0.4694285353
0.6011454515
0.5477292707
0.5125884067
0.5262103077
0.3418571693
0.3914077127
0.5728583470
0.4477520339
0.5108671280
0.3845678117
0.5568654148
0.4963111831
0.5073385521
0.6853937548
0.4945030363
0.4945942895
0.5461289325
0.5921765221
0.5449680365
0.6379324536
0.5264855199
0.6470226357
0.5367983136
0.5558690981
0.6590940967
0.5279078863
0.5617265430
0.5743464698
0.5431608253
0.4466578484
0.5355802450
0.5433238854
0.6140664364
0.5678487894
0.5482942699
0.6020963241
0.7110955288
0.6454209909
0.6694986760
0.5913463219
0.5578907530
0.6188602435
0.7364784302
0.6431851965
0.5830965998
0.7160587501
0.6427311003
0.6830941974
0.6394734670
0.6402108694
0.4820864177
0.6750399516
0.6911681421
0.8257906132
0.5133654664
0.6581982656
0.6783461282
0.7058739385
0.6531073715
0.5949815783
0.6656262584
0.7610530327
0.6216738609
0.6913465786
0.6764816479
0.5280261123
0.6945507175
0.6705597067
0.6760043656
0.6173204699
0.6177384655
0.6300335880
0.7574762805
0.7107473070
0.7515652553
0.7478753488
0.6454025191
0.6171694876
0.5253387220
0.7078118894
0.7350898106
0.8150658965
0.7119467797
0.6300073807
0.6483858750
0.7138915719
0.5870815212
0.5110117380
0.4913232190
0.7283790719
0.7262901208
0.6454238447
0.6311744822
0.4763385136
0.7288519848
0.9144385100
0.6919310277
0.7833562128
0.8074954463
0.7317738617
0.6618240350
0.8128279980
0.8375107152
0.7017206879
0.6316844355
0.6843540067
0.6866865827
0.7951323213
0.7431997069
0.8152651280
0.7078342064
0.6898758642
0.6996911439
0.6454157035
0.6404514328
0.8204049571
0.8017140356
0.6845315603
0.7205953576
0.6912512484
0.7879992940
0.7064401915
0.8036714808
0.7624829936
0.7000737909
0.7152580604
0.8468669943
0.7339526295
0.7870932662
0.8620104296
0.5862980937
0.8901669898
0.8249064341
0.8538615098
0.8255230299
0.7117305185
0.7049281845
0.8566764392
0.7731358374
0.7587921719
0.6773370367
0.7276021000
0.7638308299
0.6901308835
0.8797760247
0.8412294246
0.8204380597
0.7609603864
0.8685554785
0.9398691829
0.8549333632
0.8596445629
0.8898880674
0.8953637155
0.7229210552
0.9318098383
0.9214382322
0.7841781929
0.8662676328
0.8668397134
0.7730925205
1.0153619885
0.8670010230
0.7782004782
0.8473468679
0.7536714484
0.7288622201
0.8151215657
0.7812013617
0.7473780767
0.8609185880
0.8721190131
0.9072287293
0.8258343853
0.8707973819
0.8977132971
0.8811012128
0.9243204110
0.9869785209
0.8440191705
0.8644667601
0.8879218857
0.8223165241
0.9332117959
0.8161827530
1.0572757535
0.8380055288
0.8858259131
0.8426567366
0.9402270554
0.9143050491
0.8925493126
0.9499484615
0.8640830154
0.8045287643
0.8224822554
0.8050942031
0.6595096032
0.9373150490
1.1334828172
0.9788834470
0.9768272902
0.9037846652
0.8898678430
0.9531461758
0.9761815907
1.1400146482
0.8096597191
0.9581692490
1.0143333036
0.8834092187
0.8650907634
0.9236609358
0.9305321044
0.8939022021
0.9419682668
0.9171941402
0.8032737070
0.9794432657
1.0147946690
1.0402906889
0.9813222884
1.0217990023
0.8342155518
1.0143345100
1.0029643314
1.0595044223
1.0155731797
0.9207844992
0.8526914062
1.0628417483
1.1852308972
0.9578635161
0.8182358148
0.9248577731
0.9536271064
0.9407700544
1.0080659070
0.9437266020
