-0.8913529905
-1.0008622311
-0.9686250655
-0.9399314298
-0.9467762850
-0.9406524967
-1.0282763350
-0.9150267334
-0.9738246909
-0.9905581167
-1.0426953519
-0.9941556876
-1.0710145915
-0.9959819880
-0.9583701897
-0.9392595630
-1.0092915998
-1.0419450114
-0.8884505198
-0.7371038511
-0.9892916742
-0.8864067396
-0.9137827724
-1.0111385795
-0.9141806564
-0.8914195248
-0.9883756515
-0.7924685671
-0.9770332393
-0.9164026227
-0.9952231446
-0.8555734725
-0.7872577305
-1.0377313288
-0.8532892137
-1.0288719322
-0.9392557103
-0.8325904562
-0.7872437242
-0.8203017913
-0.8928226287
-0.7443301223
-1.0278886914
-0.9506405423
-0.9308888817
-0.7042477138
-0.8314281694
-0.8701374440
-0.9393515849
-0.8042619284
-0.7931101507
-0.9195635283
-0.9530624962
-0.8316330315
-0.8650396653
-0.9503069883
-1.0286680081
-0.8113199842
-0.9684118743
-0.7580515104
-0.8503010088
-0.9652320014
-0.8418359741
-0.8026496967
-0.9384894308
-0.9207244604
-0.8633011020
-0.9069509604
-0.9147582232
-0.8474065073
-0.9294188113
-0.7779769392
-0.7108515377
-0.7695329529
-0.9690243745
-0.9443867954
-0.7952708687
-0.8337895897
-0.8398485055
-0.7847744139
-0.7956598682
-0.7482430397
-0.8152962531
-0.9883239101
-0.7225584640
-0.7160885051
-0.8189876871
-0.9539655578
-0.9354170985
-0.7879551143
-0.8206194895
-0.5283962753
-0.6676112606
-0.8533604053
-0.9238465896
-0.7609847585
-0.7919017576
-0.8241101182
-0.8350896027
-0.8406419619
-0.8596750891
-0.8258292583
-0.7310498478
-0.8459188103
-0.8258274442
-0.8018751948
-0.9114641310
-0.9710106176
-0.8868196487
-0.7324189475
-0.8172961751
-0.8641963794
-0.7544682276
-0.8156436279
-0.8432806054
-0.6752687662
-0.6886200398
-0.6052276330
-0.8296020856
-0.6137105868
-0.5967917797
-0.6920351836
-0.8154696674
-0.6779410559
-0.7476802653
-0.5841654354
-0.6017545727
-0.6106570550
-0.9220352227
-0.7051659722
-0.6986276397
-0.6547187820
-0.7003013076
-0.7275347672
-0.7207211394
-0.7899954582
-0.6285518483
-0.6677359630
-0.7264622960
-0.6657383743
-0.7698189960
-0.6683745837
-0.6845926642
-0.8067915430
-0.6273289835
-0.7930211189
-0.6903249825
-0.7177435611
-0.7777313466
-0.5150424934
-0.7132482632
-0.7855166212
-0.5516638651
-0.6508006973
-0.6733189888
-0.6809513898
-0.7166686362
-0.6042231858
-0.7133111670
-0.8011768505
-0.8091205532
-0.6102775905
-0.5260194264
-0.6866869381
-0.5754697561
-0.7215255815
-0.7296951116
-0.6771286319
-0.6045939080
-0.7838783965
-0.7081889011
-0.6491825382
-0.7020434866
-0.6353016260
-0.6017910522
-0.6674104552
-0.6470342828
-0.6308273485
-0.6641735494
-0.5868587715
-0.6226904570
-0.5319904240
-0.7173326982
-0.5833318851
-0.7318472546
-0.7203114028
-0.5294240179
-0.6350900766
-0.5869040424
-0.7095276612
-0.6768013579
-0.7068480095
-0.6858315835
-0.6803337962
-0.6732555673
-0.5871643983
-0.6466248517
-0.4552710304
-0.6151008641
-0.5824678398
-0.5006453867
-0.5258128248
-0.4945438649
-0.5214134170
-0.5937117009
-0.5555913875
-0.6731869707
-0.5095875318
-0.5444213839
-0.5263209179
-0.8138049765
-0.6609515462
-0.6265820499
-0.6269633712
-0.3824231970
-0.4470367721
-0.5322358078
-0.5248475972
-0.5659120714
-0.5954130956
-0.6166499830
-0.6277411102
-0.4857382468
-0.5452328964
-0.6159007614
-0.4995442761
-0.6270796125
-0.4784258521
-0.5749312285
-0.5180975339
-0.3135444468
-0.6184717728
-0.5909546185
-0.6064244179
-0.6245826595
-0.5132892592
-0.4881609850
-0.5018970601
-0.5073950734
-0.4994036366
-0.5618468114
-0.5977282194
-0.4641451509
-0.4933876582
-0.5021545718
-0.5278866399
-0.5387985157
-0.5285390313
-0.4610393784
-0.5424400022
-0.4396040238
-0.5364930278
-0.4484918547
-0.4928999744
-0.5544802865
-0.5177632776
-0.3058746985
-0.4569744735
-0.5901282889
-0.3879800949
-0.3471485706
-0.4610307620
-0.4468633998
-0.3681340178
-0.5345418121
-0.5907608719
-0.4962362274
-0.5266431904
-0.3862926237
-0.3988350370
-0.3663316126
-0.3991394840
-0.4243216996
-0.4232403353
-0.5812116384
-0.4965875730
-0.3680440586
-0.4439889463
-0.4161290395
-0.3601360737
-0.3150371148
-0.5493810479
-0.3676297797
-0.3507408046
-0.4969823901
-0.4223032121
-0.4113410142
-0.4101547740
-0.4398648491
-0.4390483209
-0.4957306587
-0.5005152518
-0.5267890279
-0.3543225586
-0.5479512045
-0.3117406566
-0.3255730293
-0.4189321763
-0.2728449989
-0.3814999135
-0.3751982414
-0.4223492054
-0.4537620958
-0.3374451690
-0.2687714552
-0.4351148669
-0.3541948300
-0.4233016608
-0.3649059229
-0.2992714815
-0.4716627167
-0.3958250741
-0.4515783791
-0.3535606449
-0.3632270429
-0.2740703325
-0.5333882116
-0.2754077004
-0.4037280317
-0.2523040319
-0.2738717959
-0.3522430211
-0.2632225548
-0.2861123805
-0.2940585196
-0.3821971398
-0.3783966063
-0.5249178022
-0.3589372785
-0.2961695862
-0.2797359983
-0.4381083748
-0.3575177403
-0.4130200731
-0.3492317271
-0.2174824757
-0.4091588172
-0.3460390512
-0.2512945273
-0.3246792962
-0.3313227464
-0.1962324107
-0.2214109341
-0.0996667320
-0.4413231346
-0.3954911936
-0.3038801882
-0.3361262184
-0.2696470765
-0.3078260031
-0.2890605604
-0.3415356582
-0.2329438473
-0.1892213833
-0.3735536542
-0.1970238440
-0.4439669740
-0.3495315811
-0.3811776017
-0.2984770644
-0.3064604930
-0.3267833900
-0.1993863778
-0.3795249258
-0.4896929649
-0.4309535229
-0.2593429952
-0.3258161248
-0.0978444458
-0.2890410009
-0.2127010515
-0.2124092367
-0.1888373216
-0.2257634307
-0.2887077180
-0.1874487621
-0.2574097651
-0.2852221448
-0.1943992545
-0.2143306114
-0.3344015748
-0.0826216059
-0.3306465731
-0.4060494598
-0.3194915899
-0.2662395632
-0.1559091237
-0.1171248370
-0.1241518624
-0.0009839057
-0.3021086169
-0.3142025625
-0.1656259762
-0.2822626242
-0.1724687302
-0.2464473064
-0.1921257534
-0.2533179765
-0.2872574913
-0.3337810892
-0.2832083907
-0.2078508004
-0.0839733482
-0.1915319486
-0.1087630541
-0.1388971343
-0.3084106198
-0.0432952289
-0.1783632692
-0.1133049527
-0.1933504993
-0.1393123034
-0.0944772779
-0.0679827180
-0.2619994525
-0.2436811537
-0.1084746507
-0.3263624536
-0.1792188854
-0.2006736724
-0.3051613993
-0.2369196348
-0.0775689322
-0.1041652334
-0.0148293022
-0.1982807120
-0.2136446511
-0.0989618701
-0.1025291721
-0.0804558398
-0.1456565844
-0.1771388801
-0.1222151013
-0.0769335914
-0.0426084765
-0.1680903519
-0.0373292274
-0.0318410058
-0.2559319677
-0.0750169961
-0.0310403248
-0.1097149809
-0.1194021894
-0.0614661620
-0.0247419605
-0.1257870233
-0.0843929604
-0.0685228076
-0.1328047998
-0.0178505212
-0.0339136192
-0.1167999789
-0.1743034563
0.0097607033
-0.1127695345
-0.1035187052
-0.1454273984
-0.0062407127
0.0468974053
-0.1187420900
-0.1218010034
-0.0636873600
-0.1412918374
-0.1275574979
-0.0928244650
-0.1472736343
-0.0183707612
-0.0362467248
-0.0744130663
-0.1098125881
-0.1834164262
-0.1445456334
-0.1304230542
-0.1516094673
-0.1292781534
-0.0573343998
-0.0198065801
0.1052208789
-0.0352375168
0.0062848340
0.2270983559
-0.0211231401
-0.0035582795
0.0767860511
0.0358069038
-0.1662445765
-0.1642250178
-0.1351013508
-0.0330132165
0.0687219985
-0.0599390866
0.0562766393
0.0180331968
-0.0155114683
0.0618276691
-0.0291722572
-0.0423575070
0.0039795682
-0.1326859245
-0.0644799657
-0.0669916562
0.0765686153
0.1487258719
-0.0395227309
-0.0706014194
0.0503012317
-0.0984510694
0.1136260097
-0.1424726463
0.0159086580
0.0150881945
0.1748454272
0.0175443708
0.0379611235
0.0253391021
0.1104093468
0.0016793863
-0.1539087943
0.0979048101
-0.1443491151
-0.0310971553
0.0161377656
0.1219946005
-0.2296488284
-0.1048785067
-0.0166202022
-0.1013418448
0.0955130763
-0.0652527214
0.0376949769
0.0723423840
-0.0435403957
-0.0097508698
-0.0982302400
0.0735156171
0.1123027943
0.0296819752
-0.0230045516
0.0048258036
0.0733392259
0.1139483558
0.0804908377
0.0627044190
0.3149419907
-0.0701684147
0.2520138075
0.1814631181
0.1677683937
0.0241349164
0.0963308112
0.1616656323
0.0117564089
0.0781730051
-0.0292437313
0.1263380726
-0.0769940594
0.1433062667
0.1295635263
0.1139179454
0.1151761500
0.0849173326
0.1303525155
0.1571735648
0.1246472839
0.0774153361
0.0834229332
0.1546349891
0.0426778136
0.1543679865
0.1441473349
0.2836670596
0.0284825094
0.2168986847
0.1517506159
0.0189155043
0.1614461983
0.0117268735
0.1593479946
0.1918438326
0.2655055099
0.1092691998
0.1816191562
0.1739006725
0.2221604053
0.0861313415
0.1337981369
0.2666915802
0.1909477767
0.0963844509
0.1715020510
0.2117454602
0.2975841581
0.2718279635
0.1784192325
0.2641176830
0.0605591202
0.2301616662
0.2566705637
0.2283659327
0.2101178735
0.0466111178
0.2725992935
0.1680542391
0.3099033569
0.2761185358
0.1349083348
0.2009954238
0.3049047005
0.1019408365
0.2394509220
0.1476086629
0.1540749482
0.3191277688
0.2951734509
0.2564503716
0.1696705203
0.2567972365
0.0639468838
0.2883745380
0.3832125966
0.3735232079
0.1150259046
0.3660539330
0.1893028290
0.2904033708
0.2027532711
0.2096657937
0.1575874610
0.2567742460
0.2781663216
0.4139164754
0.2313308145
0.1252623627
0.1941543517
0.3284254677
0.2713521829
0.3392430564
0.2946057351
0.3302959064
0.2606955730
0.2453993812
0.1457955685
0.2573948789
0.1408257575
0.2901985802
0.4280058686
0.3726728060
0.1826915280
0.3684436900
0.4355341566
0.1842442768
0.2757006056
0.1350335187
0.2922451291
0.2021821769
0.2401154058
0.3387730725
0.2109212738
0.3048697815
0.2759629972
0.3113474438
0.3826476863
0.2474067862
0.2186828631
0.2661289267
0.2762359572
0.3288651506
0.3207386011
0.2442368921
0.3677332040
0.4204223739
0.2794460069
0.3566372578
0.3240640656
0.2360742597
0.3122400974
0.4362594805
0.2979957617
0.3369440631
0.3838338005
0.3914647223
0.2970165273
0.2481278761
0.3158381609
0.4307781566
0.3681705086
0.4937460358
0.4135351128
0.5185785741
0.4031031359
0.3217554774
0.4214549551
0.2912289929
0.3852861503
0.2243374200
0.4502767697
0.3922189578
0.3594518598
0.4766330668
0.3092570449
0.4373791102
0.3718220046
0.4903761695
0.4261097078
0.2747056805
0.5066526284
0.4043125808
0.3748625041
0.4431037597
0.3914374439
0.4300474723
0.3683769414
0.3880508529
0.4354624909
0.3661978656
0.2607068326
0.4416283409
0.4216614313
0.4438455697
0.4401291470
0.4834473192
0.4168822334
0.3930209314
0.6030838235
0.5220783968
0.4818935185
0.4707043212
0.5056490680
0.5327897983
0.3701855700
0.4842063610
0.5292549469
0.3552934642
0.5722940940
0.6407209078
0.5299578019
0.3317045224
0.4165632204
0.4929287951
0.5649801880
0.6332035271
0.5075430263
0.5299896299
0.4237599215
0.4069286581
0.5232240508
0.5610032747
0.4677316391
0.6230829644
0.5412796313
0.4071203512
0.6800968836
0.5331134843
0.5313779923
0.5563783937
0.4896281728
0.5101680143
0.6504466585
0.5580136098
0.4155172343
0.5605721496
0.5532291848
0.5357083936
0.5967686654
0.5647953772
0.7322825463
0.5234793181
0.5549048604
0.3706572302
0.5272005445
0.4497374555
0.5447592405
0.5670486730
0.5624371096
0.4173003093
0.6598491548
0.5519128499
0.4594200479
0.7186312053
0.6094829976
0.6050445897
0.7325363424
0.5276411635
0.5862847696
0.6003755635
0.4728187938
0.5792338706
0.6088131476
0.6569259949
0.6483700825
0.5501813380
0.4588540772
0.5528735884
0.5000115211
0.4464810850
0.6938518563
0.4238994403
0.5294223177
0.4424465147
0.5883440859
0.6515904494
0.5850344830
0.6360215804
0.6579997656
0.4864684069
0.5549468244
0.7023476709
0.5869957161
0.5703494645
0.5339379701
0.7562250832
0.5808984391
0.5466703358
0.6353585102
0.6631105575
0.4500391485
0.6276810178
0.6152634264
0.6449831049
0.7427806698
0.4496319500
0.6014204408
0.7319798383
0.7520806392
0.5867901951
0.5287908973
0.6027796192
0.8628053739
0.6537653072
0.6318253241
0.7653528998
0.5427838378
0.7349503080
0.7348008692
0.6348233427
0.6643360446
0.6713973929
0.5914547852
0.7232832796
0.7743458333
0.7451354285
0.6448237576
0.5749017248
0.6735941922
0.5696642278
0.7679813171
0.6971297757
0.6863694447
0.7538178070
0.8175585586
0.6856822734
0.7611325311
0.6493049114
0.5539981649
0.7049417316
0.6057698922
0.6961591017
0.6305091843
0.7257434367
0.8141621344
0.7413197135
0.6746084143
0.6588112060
0.6508174988
0.8223235264
0.7482628097
0.8540334785
0.9236501809
0.8289180234
0.7748399388
0.6680584163
0.7084174869
0.6276663963
0.7108532074
0.8584889396
0.8602803469
0.8291041153
0.6627837155
0.6411353327
0.8605714132
0.7850943940
0.7496291283
0.7615963527
0.7869622118
0.8135874925
0.7053730009
0.9230683189
0.8113068731
0.8583877949
0.7144801094
0.8060561100
0.9221087969
0.7044353406
0.7393510480
0.8245761941
0.8082381401
0.6913674653
0.7896789755
0.7888564444
0.8518728211
0.7133890553
0.6954543951
0.8303374485
0.7677445006
0.8077919333
0.9349824643
0.7803126725
0.8449677090
0.9158985386
0.8079091441
0.9330435251
0.7760086701
0.9232213910
1.0067691580
0.7709828329
0.7928249458
0.8035787478
0.9189507403
0.8799125205
0.8239411536
0.8492024332
0.7667622129
0.8799428258
0.8128449809
0.8462144537
0.9594627522
0.8725763757
0.7902149614
0.9315749870
0.8126617663
0.8294182199
0.7338293485
0.9869979377
0.7652416719
0.9175288250
0.8892212016
0.8512341860
0.9164447881
0.9644453854
0.8826962266
1.0013217177
0.8201118536
0.8209989116
0.9154252867
0.8088745747
0.8943744974
0.7427089548
0.9371163619
0.9954407401
0.8369331305
0.8208583940
0.9779829445
0.8849930787
0.9563781691
0.9004760370
0.8134512939
0.8383806771
0.8596224775
0.8284931173
0.9592187891
0.9398241954
1.0229480922
0.8907691197
0.8717820683
1.0383408530
1.0804597761
0.9612919628
0.9106543718
0.8687727170
1.0168798696
0.9106002675
0.9594969514
0.9312253446
0.9029520343
0.9074542369
0.8863060870
1.0291113563
1.0079906823
0.9394590772
1.0657302403
0.8790942704
0.9441689543
0.8738608333
1.0381162062
0.9514563278
0.9189230417
1.0064957896
0.9581415098
1.0232432552
0.9810202887
1.0693277365
1.0980090770
1.0716607835
0.9917589552
1.0406879472
0.9197884244
1.0600266753
1.0408557669
1.0238264846
1.1299595275
