-1.0550198147
-0.8751028629
-0.8367824932
-0.9623373139
-0.9642801949
-0.9783779657
-1.0469581011
-1.1392807786
-0.9198691283
-1.1338947120
-0.9744495717
-0.7924663747
-1.0126657041
-1.1217687124
-0.9783461710
-0.7784866070
-1.1291651051
-1.0715348117
-0.9542191153
-1.0273475911
-0.8659907839
-0.9441154269
-0.9832069563
-0.9864439657
-1.0382152145
-0.7355545903
-1.0611306325
-0.8587685190
-0.9612451510
-1.0270673041
-0.9555582470
-1.0874131321
-0.7021772167
-1.0301633687
-0.9295741774
-1.0152881200
-1.0477387342
-0.8921577406
-0.9505033830
-1.0050719929
-0.8524325299
-0.9034777554
-1.0173594786
-0.8507818742
-0.9506727934
-0.9311120961
-0.9623265258
-0.8458568277
-0.9104896449
-0.8519514510
-0.6767398668
-0.8467169805
-0.9530267537
-0.9223420593
-0.9800805733
-1.0099360034
-0.9785091291
-0.8201427219
-1.0720565010
-1.0157465062
-0.8348940636
-0.9330649291
-0.7354366941
-0.9258039135
-0.8149452298
-0.8086225495
-0.7715321254
-0.9700574095
-0.9279838592
-0.7545311408
-0.8199555938
-0.9301725559
-0.8992520456
-0.9357166843
-0.9583937376
-0.8752071711
-0.8761057422
-0.7871449978
-0.8936760950
-0.7671385010
-0.9109078636
-0.8958884580
-1.0507923869
-0.8866917212
-0.9140172932
-0.7413612850
-0.6188638406
-0.8845757242
-0.7089588637
-0.6887138692
-0.9713023354
-0.6767026159
-0.9003466103
-0.7891086233
-0.9082814828
-0.8055765847
-0.8642419261
-0.7905593734
-0.7086623396
-0.7401970461
-0.7632257126
-0.6555987764
-0.8330128671
-0.7452272533
-0.7565484493
-0.7363111040
-0.5576426858
-0.7712749307
-0.7514263133
-0.8308029539
-0.8383881611
-0.7895169490
-0.7203112799
-0.7163497918
-0.7995564256
-0.7828959104
-0.7873875815
-0.5462414895
-0.6977607209
-0.7737495638
-0.7437749886
-0.6320100647
-0.7085572134
-0.6498195906
-0.7709891661
-0.7737444677
-0.6801561152
-0.7600965708
-0.5992202938
-0.5725451573
-0.8824992325
-0.6760646511
-0.7717859299
-0.7113948569
-0.8272823175
-0.5906462142
-0.5441328641
-0.7119442029
-0.9009602572
-0.8246891727
-0.7144330026
-0.6864938662
-0.7059607557
-0.6990223921
-0.7180113184
-0.7058083886
-0.7115771221
-0.6145488677
-0.8017622350
-0.7461918253
-0.7548702768
-0.6912978900
-0.7591309829
-0.6179701274
-0.6954675447
-0.8626164815
-0.6970780387
-0.7326516479
-0.6341380606
-0.6746694346
-0.6019147971
-0.5950519280
-0.7858771131
-0.7734428192
-0.8203805711
-0.7107008771
-0.6539731212
-0.6206640856
-0.7091832453
-0.5897016351
-0.6772250602
-0.6083487773
-0.5688499542
-0.6925204050
-0.6524525220
-0.7315469208
-0.5135612396
-0.7373744210
-0.7582002283
-0.5423281380
-0.7168801349
-0.6828468493
-0.6370631653
-0.6639374883
-0.5539575993
-0.6573152728
-0.5796584195
-0.5559616273
-0.6757258672
-0.7218290593
-0.6422672357
-0.5282763897
-0.6214307686
-0.5549792498
-0.6698966844
-0.5448889682
-0.5716573889
-0.6505197856
-0.6724515687
-0.5947171217
-0.6030099815
-0.6818160376
-0.7094690952
-0.6398305588
-0.5598883451
-0.5481337056
-0.7450351518
-0.6053304491
-0.6551272395
-0.5807870627
-0.6699787141
-0.7075098319
-0.6525930969
-0.6175824606
-0.6536213107
-0.7018469935
-0.4285453526
-0.6068558604
-0.4633919394
-0.5716797689
-0.4784586803
-0.6211020943
-0.6174063665
-0.5499148294
-0.5874818880
-0.6226731340
-0.5782788850
-0.4068300170
-0.6634236921
-0.4352996947
-0.5566982048
-0.6470180834
-0.6533224451
-0.5577075028
-0.4838467289
-0.5211787292
-0.5662660736
-0.5001978141
-0.4981475078
-0.5960901972
-0.4360204001
-0.7708809923
-0.3611694558
-0.4854636016
-0.4885824242
-0.5632319471
-0.4702694231
-0.5481783338
-0.6046841168
-0.3552849534
-0.5371591894
-0.6069664031
-0.4602922034
-0.6338692018
-0.3391310634
-0.4521193905
-0.5447960596
-0.5180639510
-0.3367970234
-0.3784775295
-0.3541690638
-0.5104702530
-0.4991623277
-0.4269269240
-0.5514700971
-0.3341008426
-0.2544797415
-0.4224811931
-0.4555656937
-0.5856596264
-0.3146531657
-0.5495003517
-0.4923011578
-0.3964213315
-0.5109320803
-0.3402484295
-0.5343434999
-0.4292059512
-0.4889889441
-0.5775676452
-0.4537882590
-0.3280406820
-0.5095443753
-0.4782311212
-0.3121506116
-0.3586232455
-0.2127128789
-0.4287705591
-0.4952526648
-0.4531280002
-0.3991464818
-0.4758706188
-0.4237628017
-0.3818956415
-0.2924177855
-0.4392228993
-0.4325684304
-0.4220255888
-0.3803094063
-0.5223721853
-0.2522625586
-0.3811082495
-0.3692202330
-0.2540288208
-0.4831079130
-0.3891495864
-0.4001837769
-0.4976578169
-0.3606288788
-0.1034065105
-0.3791470201
-0.3674528076
-0.3438840325
-0.4094801711
-0.4395593690
-0.4779605438
-0.2142229556
-0.3592135805
-0.4098324802
-0.3265479808
-0.3806706386
-0.3375096617
-0.3315773167
-0.1991276224
-0.3432867346
-0.5418172226
-0.2780392636
-0.5379410831
-0.2942196148
-0.4534641541
-0.4335823505
-0.3550075578
-0.4291636669
-0.3965575364
-0.2707508758
-0.2240859791
-0.3097115954
-0.4205483811
-0.2710963454
-0.3542288789
-0.2390255489
-0.2325257509
-0.4196115538
-0.4035440193
-0.4382777773
-0.3090554550
-0.4360444761
-0.2775312709
-0.3305977379
-0.1213784109
-0.3371904783
-0.2760800237
-0.2080318013
-0.2975689361
-0.4343654249
-0.2768067212
-0.2035302464
-0.3778866724
-0.2894753062
-0.4355414559
-0.2756730548
-0.2599329267
-0.1680184037
-0.4444853653
-0.2932958075
-0.1930040541
-0.3937799931
-0.3633453332
-0.2778304156
-0.2045731758
-0.3151693312
-0.3424488918
-0.1879553899
-0.1102033462
-0.4216488885
-0.1818963369
-0.2801644018
-0.2519138823
-0.1807739447
-0.2621850441
-0.1564547737
-0.2691011273
-0.2052179511
-0.3771215507
-0.1624484656
-0.4027137554
-0.2840614459
-0.4527197664
-0.2576670284
-0.2245062636
-0.0886722622
-0.2066824879
-0.2882147553
-0.2404108956
-0.2355222396
-0.1422570096
-0.0740927660
-0.2424196323
-0.2855232267
-0.1991270091
-0.1969769151
-0.1685646022
-0.1997088387
-0.2231139620
-0.2351160627
-0.1430039343
-0.2334117785
-0.2334210030
-0.1202743705
-0.1789367448
-0.2309932251
-0.1687482028
-0.2290312904
-0.1434952577
-0.2366984366
-0.0838372133
-0.1463219258
-0.1117004280
-0.0904174611
-0.2571161265
-0.1644552233
-0.0018710597
-0.0698670614
-0.2202794408
-0.1089092531
-0.1095755341
-0.1549083477
-0.1949541014
-0.1671136405
-0.1547723334
-0.2002963290
-0.0407630722
-0.0638761633
0.0020576043
-0.0066764208
-0.1562413988
-0.0183256287
-0.1159368542
-0.0652154155
-0.0730441792
-0.0595591156
-0.1438842033
-0.1048966646
0.0046056207
-0.2488761920
-0.1238239426
-0.0559823634
-0.1240202348
-0.1419399717
-0.0841538693
-0.1346418794
-0.0360762513
-0.2541696324
-0.1327278379
-0.1298211105
-0.0434592288
-0.1308761775
-0.1075270036
-0.0567869395
-0.1701034139
-0.1369374120
-0.1024123645
-0.1032855536
-0.1863868583
-0.0553721828
-0.1800544538
-0.0926465496
-0.1108855578
-0.0648691267
0.0760733924
-0.1853239418
-0.0583929049
-0.0593988639
0.0273386720
-0.0176635200
-0.0361730555
-0.1511516860
-0.0184023276
-0.0291616511
-0.0726120040
0.0558963261
-0.0841376241
-0.0675827477
-0.0684652612
0.0956009010
-0.2773997473
-0.0814669081
-0.0680821401
-0.0987211998
-0.0330463969
-0.1199093077
-0.0176477987
0.0143020442
0.0354956563
0.0737827311
-0.0396070438
-0.1193286092
0.1330394454
-0.0154097807
0.0474846559
0.0495268525
-0.0348352975
0.0358034066
-0.0278948230
-0.0489483406
0.0915066736
-0.0283552878
-0.1513190795
0.1599558062
0.0212832013
0.1475983503
0.0565549211
0.0728106886
-0.0825957980
0.0472531682
0.0119354687
-0.0088853979
0.0923511138
-0.0257241890
0.1495001215
0.0433477297
0.2186487350
0.2514542374
0.0867493326
0.1511445978
-0.0171356558
0.0560724899
-0.0428357079
-0.0276148234
0.1401225385
0.0104772602
0.0575997709
-0.0107762965
-0.0351986783
0.0321026724
0.1209026548
-0.0447545224
0.0364478061
0.0663745504
0.0869387858
0.0309292937
0.0740549398
0.1069841414
0.1466232647
0.0245986691
0.0228240309
0.0948142710
-0.0134737401
-0.0105298206
0.1621450920
0.1359670697
0.1732614895
0.0583772402
0.0123409643
0.0449181563
0.1517876064
0.1955185083
-0.0008360074
0.3681361226
-0.0371532772
0.1140220045
0.2449905815
0.0575178430
0.2604170238
0.2579441441
0.0856399382
0.1686055967
0.2518216717
0.1458315651
0.2189441998
0.1610577613
0.1400048303
0.0973951033
0.1240389010
0.2736134116
0.1571402622
0.2403709082
0.0541879124
0.1849791961
0.1297137365
0.1866441963
0.1177015299
0.2083160785
0.2168045178
0.1036286716
0.0668060296
0.2030273514
0.2806475118
0.1972706962
0.1403875264
0.2151712809
0.2769874003
0.0633223416
0.0934208076
0.2173029435
0.0839097903
0.1719708303
0.2916309061
0.1679187314
0.1607366546
0.2629973298
0.2573827299
0.1651362643
0.1259419211
0.0733450918
0.3443012347
0.1488517341
0.1907853001
0.2403993191
0.3441291926
0.3709480789
0.3883813479
0.1712983010
0.2103841802
0.0608605127
0.4169301358
0.1958129522
0.2012379642
0.1973727541
0.2102119632
0.2874710212
0.2232703991
0.2492668000
0.2159346826
0.2441092409
0.4241558152
0.1908332724
0.2335829189
0.1617758283
0.1687029852
0.2965192098
0.3431079571
0.2310514157
0.1474841158
0.3290594812
0.3323921262
0.1935582729
0.3297566061
0.2865443753
0.2081438215
0.3438957677
0.1443607218
0.3715914861
0.1611675011
0.1895330098
0.3673760077
0.3102437654
0.2528682399
0.2382876546
0.2759056993
0.4649822838
0.3547159172
0.4375995553
0.3128246188
0.2798158973
0.2862872446
0.2571941082
0.4183141685
0.3040013525
0.2115305223
0.2804797283
0.1947717932
0.4615644130
0.3675184618
0.2891952194
0.3245611852
0.4010925340
0.3445919034
0.2066070100
0.1307162292
0.1732970759
0.3471539881
0.4693582150
0.2708940720
0.3569413336
0.3504687867
0.3672103161
0.4092394114
0.4769796095
0.3809344255
0.3468295164
0.2356554953
0.4414749832
0.4744042612
0.4683831855
0.3503838705
0.4495711753
0.2795571912
0.3546242420
0.2402344996
0.2732719863
0.3574830848
0.3503577724
0.3605635791
0.2026574323
0.3752229337
0.3189067124
0.4000667623
0.3488041518
0.4092101155
0.4497498455
0.5083458382
0.4442140436
0.2731413972
0.3746504482
0.3716222583
0.5242979273
0.4022008812
0.4090045685
0.4617784259
0.4678031364
0.4597660113
0.3941014754
0.5815000887
0.4689550093
0.3561519168
0.2769632464
0.3789691806
0.3563103364
0.4750210426
0.4968851211
0.4998894074
0.5032011035
0.3360729778
0.4778538636
0.2554156674
0.3754948157
0.5765467965
0.5584590708
0.5772957880
0.3208215549
0.4713264355
0.3794514525
0.5581126062
0.3633116235
0.5348036663
0.3119879690
0.4370546829
0.3086675225
0.4199766614
0.4813226135
0.4836075512
0.3197550875
0.3864044406
0.4392378761
0.6142708604
0.5446001659
0.5843631679
0.5316529954
0.4110462166
0.6167633705
0.5566751128
0.4416384013
0.4745707905
0.3999294845
0.4476323153
0.4812769838
0.5158220980
0.5039700663
0.6870501847
0.4771228350
0.6099571814
0.5660119355
0.5214750908
0.4872416479
0.3523306538
0.4132097183
0.5590355015
0.4473349840
0.5257022145
0.3925935489
0.5379529007
0.4893715359
0.5043703846
0.6941750452
0.4958952487
0.5028632849
0.5477601298
0.6047385940
0.5234572756
0.6425392860
0.5551323846
0.6747952744
0.5284375886
0.5574123777
0.6310291758
0.5457259111
0.5415435646
0.5649019615
0.5392279348
0.4456406486
0.5188518940
0.5401090543
0.6248710483
0.5588906923
0.5592704593
0.6062148742
0.6936669327
0.6625842267
0.6956368787
0.6054475753
0.5317372603
0.6131735703
0.7395642057
0.6351857533
0.5959421347
0.7248833727
0.6341680901
0.6707247480
0.6391782391
0.6351155311
0.4630074686
0.6681776673
0.6927187722
0.8267355405
0.5235312589
0.6457180256
0.6718011341
0.7124816164
0.6700385659
0.5772263330
0.6753795855
0.7594996079
0.6175038527
0.6957483733
0.6660646583
0.5357612690
0.7054182001
0.6690910305
0.6690752862
0.6156114477
0.6221045835
0.6124129676
0.7599683601
0.7120752927
0.7621403145
0.7445911874
0.6417751026
0.6231965167
0.5020227611
0.7193593912
0.7156202159
0.8007802686
0.7255098899
0.6277177586
0.6391708135
0.6910439180
0.5854763291
0.5117651040
0.4712685140
0.7375574402
0.7232231858
0.6377926487
0.6374228035
0.4988976870
0.7268278474
0.9171220302
0.6944134114
0.7878668843
0.7960837171
0.7474891551
0.6559333867
0.8209164005
0.8266297270
0.6821925281
0.6163506084
0.6929307696
0.7047715934
0.7637306507
0.7345980062
0.7879440047
0.6972425395
0.6687641982
0.7165666000
0.6416388141
0.6627239150
0.8154234584
0.8108833114
0.6900024280
0.7006676659
0.7028572515
0.8060486885
0.6693412910
0.7994071825
0.7560265552
0.7003113290
0.6978144181
0.8588133763
0.7247394230
0.7805815908
0.8609970743
0.6005325911
0.8764296290
0.8301234122
0.8650875717
0.8506281367
0.6946322250
0.7208719907
0.8423670261
0.7366047079
0.7778637672
0.7018738163
0.7483773255
0.7659230017
0.7036327284
0.8553359668
0.8421940804
0.8155482048
0.7671640097
0.8695550655
0.9280411688
0.8781926457
0.8514022486
0.8770658797
0.9058440155
0.7173990367
0.9070295137
0.9324732397
0.7865830222
0.8505256722
0.8507810948
0.7856720339
1.0054223508
0.8899165838
0.7865480829
0.8548431031
0.7576052631
0.7477542109
0.8302878648
0.8018366659
0.7509915844
0.8862190134
0.8794932837
0.9024508700
0.8005377143
0.8646495819
0.8972207388
0.9168420087
0.9201506277
0.9932734898
0.8345262891
0.8848423435
0.8994024910
0.8196320280
0.9438250014
0.8144791186
1.0522777750
0.8381866950
0.8678376763
0.8455794073
0.9600405490
0.9281099608
0.8897212292
0.9654841384
0.8555007157
0.7800055225
0.8296871707
0.8599356941
0.6647734759
0.9289264613
1.1378497125
0.9964227047
0.9895763492
0.9069266452
0.8934110016
0.9531326243
0.9827155897
1.1320022946
0.8107610261
0.9583842972
1.0199720592
0.8828784525
0.8724474542
0.9182248871
0.9164904356
0.8751594234
0.9314039118
0.9285596346
0.8027942552
0.9771921456
0.9948990721
1.0452327519
0.9691968854
0.9959009170
0.8184409935
1.0135671091
1.0160402659
1.0466358626
1.0157649478
0.8994558726
0.8598406878
1.0644347867
1.1938088497
0.9515017869
0.8168408443
0.9214838574
0.9481370551
0.9186026934
0.9994796030
0.9396655305
