-0.8927893676
-1.0308774035
-0.9765036710
-0.9294869162
-0.9638143377
-0.9238480307
-1.0200803809
-0.9007549828
-0.9569438140
-0.9842702306
-1.0401017675
-0.9964093764
-1.0686725074
-0.9978748138
-0.9595016077
-0.9505209845
-1.0037928510
-1.0255358844
-0.8870129689
-0.7487397708
-0.9910316716
-0.8634965637
-0.9418333153
-1.0223496998
-0.9364997749
-0.8916028091
-0.9827201524
-0.8128774719
-0.9920048369
-0.9171842336
-0.9777557459
-0.8635355507
-0.7897816325
-1.0668400444
-0.8737315189
-1.0260546376
-0.9216766317
-0.8271672215
-0.7697013793
-0.7967202333
-0.8944982375
-0.7424026192
-1.0265599927
-0.9321969902
-0.9329868407
-0.7035379357
-0.8448359016
-0.8574192919
-0.9387943917
-0.8065146703
-0.7910883546
-0.8958728167
-0.9545066261
-0.8448576112
-0.8738175622
-0.9697971885
-1.0544382085
-0.8197526881
-0.9553508975
-0.7710977042
-0.8661826477
-0.9838684116
-0.8552492243
-0.7902241114
-0.9338037369
-0.9134141673
-0.8646616509
-0.9190533905
-0.9072954516
-0.8189745329
-0.9175179235
-0.7571760833
-0.7087979808
-0.7731877703
-0.9569710570
-0.9591072921
-0.8242059187
-0.8591254753
-0.8496616352
-0.7818001459
-0.8057389288
-0.7380706397
-0.7961298970
-0.9986923220
-0.7381429022
-0.7256595481
-0.8032659351
-0.9619746468
-0.9310198957
-0.8085071458
-0.8169929804
-0.5380892622
-0.6346505981
-0.8729247079
-0.9399315860
-0.7777347837
-0.7758046203
-0.8074390344
-0.8429605348
-0.8055807342
-0.8773534564
-0.8425555553
-0.7566760223
-0.8429318421
-0.8292209547
-0.8203395814
-0.9044884874
-0.9473492969
-0.8860160472
-0.7245177809
-0.7893801010
-0.8570636774
-0.7505767031
-0.8219676397
-0.8314619084
-0.6700703160
-0.6718751281
-0.6141417991
-0.8388339124
-0.6032822877
-0.6306941177
-0.6969362347
-0.8016965709
-0.6802131019
-0.7417616919
-0.5771426324
-0.6230435757
-0.6127038676
-0.9086331706
-0.7019714164
-0.7099343927
-0.6595301539
-0.7220876546
-0.7316439071
-0.6997218572
-0.7744233961
-0.6143553921
-0.6835295675
-0.7193488274
-0.6622709370
-0.8044213294
-0.6734326455
-0.7141305219
-0.7821987620
-0.6261744922
-0.7844000231
-0.6966817210
-0.7342427396
-0.7908013932
-0.5276542698
-0.7097576459
-0.7974118624
-0.5722423679
-0.6466393572
-0.6595191980
-0.6583242025
-0.7261424412
-0.5938742976
-0.7003331627
-0.8075637776
-0.8070936847
-0.6043981668
-0.5203607045
-0.6739592912
-0.5873087445
-0.7293945680
-0.7391949406
-0.6807280867
-0.6117661384
-0.7777878856
-0.7130575900
-0.6612866481
-0.7051240942
-0.6446626293
-0.5847033790
-0.6709053057
-0.6680133726
-0.6113738136
-0.6770437602
-0.5916510536
-0.6332310421
-0.4973661390
-0.6954938450
-0.5862264751
-0.7215264019
-0.7045837601
-0.5404417621
-0.6408004548
-0.5879516729
-0.6757809750
-0.6998397140
-0.6950918000
-0.7154024096
-0.6848109198
-0.6689658063
-0.5704506875
-0.6219874153
-0.4612182383
-0.6098855088
-0.5720159030
-0.5161866395
-0.5479893600
-0.4871778810
-0.5405181088
-0.6138928064
-0.5705889008
-0.6659697266
-0.4841994440
-0.5336415787
-0.5370917646
-0.8199663065
-0.6506330451
-0.6184284102
-0.5947796817
-0.3736982038
-0.4498112894
-0.5180303597
-0.5349601206
-0.5535693398
-0.6052919819
-0.6023488980
-0.6293664254
-0.4896693768
-0.5404295627
-0.5877960292
-0.5012575394
-0.6161959550
-0.4842409787
-0.5695546563
-0.5325227624
-0.3219679346
-0.6224306630
-0.5943713457
-0.6071522787
-0.6059660707
-0.5321274257
-0.4715212873
-0.5106939835
-0.5333017287
-0.5124727591
-0.5524742623
-0.6043568884
-0.4546650326
-0.5032029059
-0.5233963744
-0.5417545401
-0.5383298336
-0.5410928559
-0.4517054878
-0.5375033263
-0.4129742638
-0.5476487878
-0.4357436282
-0.4883868376
-0.5673196536
-0.5290275436
-0.2781547686
-0.4507875781
-0.5788149063
-0.3953923758
-0.3780195315
-0.4841399886
-0.4696281887
-0.3865241580
-0.5420877853
-0.5767592110
-0.4951595816
-0.5161538912
-0.3792950021
-0.3957693811
-0.3740624568
-0.3853706674
-0.4125929740
-0.4423497029
-0.5593400931
-0.5265836567
-0.3792436038
-0.4487002257
-0.4149277256
-0.3825455760
-0.3228848563
-0.5602882545
-0.3541042445
-0.3573392806
-0.4771110553
-0.3964336371
-0.4286884325
-0.4018726475
-0.4665758863
-0.4271953960
-0.4865454332
-0.4943909268
-0.5377679183
-0.3766020303
-0.5696306675
-0.3060037947
-0.3412776046
-0.4545873699
-0.2779299043
-0.3649095749
-0.3718145040
-0.4174475398
-0.4389452125
-0.3258604062
-0.2564316797
-0.4428189270
-0.3676338453
-0.4114499947
-0.3541072634
-0.2980072757
-0.4959913539
-0.3980942904
-0.4823675927
-0.3573663101
-0.3538909673
-0.2926688652
-0.5231827479
-0.2612599829
-0.4031350622
-0.2462012105
-0.2845113978
-0.3445636737
-0.2460670657
-0.3269837003
-0.2850660417
-0.3868256567
-0.3934772170
-0.5240630381
-0.3629943725
-0.2999691653
-0.2652403957
-0.4430142937
-0.3657610274
-0.4180641612
-0.3414560491
-0.2237404587
-0.4141017451
-0.3419718658
-0.2519963188
-0.3514391853
-0.3381675130
-0.1969516641
-0.2152272925
-0.1323303594
-0.4514941893
-0.3589471783
-0.2994720993
-0.2988889167
-0.2808230092
-0.3101995964
-0.2980658968
-0.3584035368
-0.2179855611
-0.2115339913
-0.3675211327
-0.1904054782
-0.4480844221
-0.3354830877
-0.3716705076
-0.2902872213
-0.2950568735
-0.3193645175
-0.2201175148
-0.3929410479
-0.4793052520
-0.4249112417
-0.2528914378
-0.3265375296
-0.1246993255
-0.2931433473
-0.2053795920
-0.2195343530
-0.1930776118
-0.2333401741
-0.2815639155
-0.2150633209
-0.2589175177
-0.3132356097
-0.1919387746
-0.2211668042
-0.3501141153
-0.1064990062
-0.3199000574
-0.3934475481
-0.3064997555
-0.2668804582
-0.1506653839
-0.1238063334
-0.1333888757
-0.0215056162
-0.2738468492
-0.3307785085
-0.1632975423
-0.3127761416
-0.1746649973
-0.2163112983
-0.2014624682
-0.2534653229
-0.2865441576
-0.3182591251
-0.2860024929
-0.2066306718
-0.0851633177
-0.1650492326
-0.1092882043
-0.1320833028
-0.2926035320
-0.0371829982
-0.1959609290
-0.1324389912
-0.1969521680
-0.1128508447
-0.0934734829
-0.0631491678
-0.2761012078
-0.2435848992
-0.1160599654
-0.3034159368
-0.1966529997
-0.2308426125
-0.3061147648
-0.2190373008
-0.0727074829
-0.1131133079
-0.0254786791
-0.1958245292
-0.2202869347
-0.0942543898
-0.0966477818
-0.1009841595
-0.1507555834
-0.1572794276
-0.1040519487
-0.0707859923
-0.0450790378
-0.1601254504
-0.0543071745
-0.0387922187
-0.2704276309
-0.0759603078
-0.0178276434
-0.0952993641
-0.1236494060
-0.0242845037
-0.0253931512
-0.1410189424
-0.0756554664
-0.0743640795
-0.1502561067
-0.0173006471
-0.0422288881
-0.1262037885
-0.1663828426
0.0096358701
-0.1097847902
-0.1124712883
-0.1254345442
0.0077108878
0.0380021082
-0.1177251853
-0.1146171518
-0.0639432483
-0.1356434880
-0.1349057225
-0.0970503355
-0.1476196671
-0.0105890673
-0.0063312613
-0.0553738995
-0.1133642100
-0.1747423070
-0.1459732216
-0.1250114858
-0.1364407306
-0.1126669114
-0.0421932442
0.0147978208
0.1085822618
-0.0556360999
0.0187049071
0.2118879114
-0.0082215194
-0.0038747039
0.0645690697
0.0322137049
-0.1836586301
-0.1734452445
-0.1243874633
-0.0421582439
0.0734471661
-0.0760506039
0.0606348291
0.0023235918
0.0151451935
0.0750010612
-0.0329084109
-0.0217205458
0.0277596429
-0.1481300109
-0.0748272188
-0.0717842491
0.0585758026
0.1360770928
-0.0311381795
-0.0768818246
0.0413250771
-0.0825103527
0.1095943521
-0.1418734963
0.0535807229
0.0033439138
0.1828639760
0.0050270646
0.0497429431
0.0141984890
0.0923162900
-0.0165656783
-0.1629666760
0.1086022006
-0.1265252963
-0.0345730674
0.0218468189
0.1351188535
-0.2223259615
-0.1085034978
-0.0231340695
-0.1050107449
0.1002122850
-0.0534430275
0.0269525054
0.1004512854
-0.0439235213
-0.0166526554
-0.0612589399
0.0706347014
0.1210464279
0.0239759047
-0.0222637212
0.0085767307
0.0642837174
0.1098196308
0.0940366909
0.0758183743
0.3352718273
-0.0821522249
0.2313156151
0.1478094680
0.1393564250
0.0254070502
0.0761575228
0.1525754896
-0.0044259902
0.0844770131
-0.0584639417
0.1122697516
-0.0718018260
0.1371896716
0.1513065800
0.1157505925
0.1047624748
0.0798120834
0.1332009113
0.1448609158
0.1657512672
0.0991341866
0.1015794638
0.1608725618
0.0498797328
0.1544471668
0.1277538171
0.2896888997
0.0343707841
0.2168777811
0.1613190881
0.0354921517
0.1319620446
0.0478397592
0.1382418641
0.1953216351
0.2520682255
0.1348318235
0.2071926045
0.1567902230
0.2033595882
0.0629998827
0.0960485527
0.2543131870
0.1722012911
0.0927121310
0.1621242006
0.2203695396
0.3259620309
0.2601910337
0.1758420271
0.2503784719
0.0748691433
0.2176038784
0.2911389408
0.2550914103
0.1965842394
0.0379728744
0.2700857389
0.1771473941
0.2955045186
0.2657481858
0.1303732098
0.1779840279
0.3023841780
0.1109728415
0.2550982283
0.1293663213
0.1702063569
0.3049059508
0.2923686559
0.2522287354
0.1930761772
0.2424693960
0.0963923484
0.2841700907
0.3788120852
0.3790181371
0.1149602372
0.3877421158
0.1973229328
0.2966888309
0.1907843884
0.1724704691
0.1576072860
0.2261342471
0.2687337958
0.4253917522
0.2292996670
0.1496102330
0.2047905389
0.3210438067
0.2574010179
0.3642880625
0.3107253943
0.3371161632
0.2597178716
0.2603885701
0.1221417293
0.2853076840
0.1401339887
0.2972872814
0.4206445337
0.3790107315
0.1874209954
0.3527872851
0.4708417144
0.1707117662
0.2814972837
0.1247128103
0.3096218857
0.1957578228
0.2351741426
0.3253357390
0.2309147947
0.2883104125
0.2637671507
0.3189737775
0.3871083019
0.2664539681
0.1963675114
0.2691652434
0.2903851172
0.3341756166
0.3256863872
0.2371910475
0.3376574719
0.4319372302
0.3080006316
0.3525050144
0.3134355279
0.2295066708
0.2889987382
0.4518465265
0.3028737181
0.3113841394
0.3879316577
0.3843186539
0.3080924120
0.2632323354
0.3173358892
0.4123333572
0.3936660915
0.4899474241
0.4102342696
0.5026016371
0.3985638874
0.3276211150
0.4254958022
0.2960203765
0.4091372958
0.2290249484
0.4367646498
0.4025122663
0.3637390381
0.4820413455
0.3216830991
0.4324511537
0.3465739563
0.5058161221
0.4222328236
0.2966829244
0.5125797192
0.3944848423
0.3532502894
0.4291525608
0.3953210969
0.4496958799
0.3692290001
0.3670473645
0.4209709745
0.3588003554
0.2495021393
0.4539685898
0.4119725145
0.4334964769
0.4377806290
0.4879257142
0.4333300216
0.4117635416
0.5877943031
0.5032616119
0.4974127283
0.5111131536
0.4901848848
0.5255561210
0.3737995965
0.4743629585
0.5340858469
0.3530943330
0.5496568607
0.6088991253
0.5445688363
0.3194720548
0.4062677583
0.4926329342
0.5667965294
0.6354138912
0.5102957010
0.5261758620
0.4120845844
0.3770575542
0.5242042641
0.5538039591
0.4810819619
0.6121078845
0.5602241696
0.4175658666
0.6729058376
0.5211349941
0.5255469053
0.5423489364
0.4926269215
0.5182078074
0.6478715555
0.5547011676
0.4219399054
0.5448242399
0.5411684848
0.5127043493
0.6046101207
0.5289393419
0.7496785794
0.4987123056
0.5632561366
0.3784307225
0.5005229597
0.4690417639
0.5372792846
0.5654422284
0.5839615910
0.4055634597
0.6595458758
0.5666007887
0.4569690853
0.6964358774
0.6228018099
0.6047195834
0.7115427945
0.5198980592
0.5945662434
0.5948013691
0.4627055914
0.5885243391
0.5914839402
0.6481301644
0.6636431685
0.5245970622
0.4792381001
0.5722961362
0.4792413771
0.4854828176
0.6754161878
0.4118791678
0.5128637238
0.4388456845
0.5783813789
0.6533934495
0.5750279170
0.6439728645
0.6665648501
0.4948858832
0.5717585360
0.6808740901
0.5995856667
0.5548909434
0.5515133331
0.7491827096
0.5774583014
0.5569788436
0.6351564530
0.6501216542
0.4537432925
0.6273287270
0.6079495705
0.6490660297
0.7952426265
0.4568102985
0.5906348820
0.7116753153
0.7731768661
0.5664886517
0.5272200181
0.5974529842
0.8827937863
0.6496463794
0.6338266302
0.7672169098
0.5510487941
0.7219833295
0.7304087408
0.6259551519
0.6498152197
0.6641432265
0.5989466798
0.6929695390
0.7596445990
0.7634564135
0.6383983268
0.5900067248
0.6768323542
0.5690222504
0.7741986003
0.6814597961
0.6899473141
0.7331519205
0.7959739027
0.6864686876
0.7453950404
0.6434790215
0.5652199994
0.7181262602
0.6431994936
0.6923053068
0.6356597315
0.7428404791
0.8059000811
0.7296997287
0.6630223261
0.6330399407
0.6402544393
0.8309929352
0.7446022785
0.8526888515
0.9493669386
0.8184256750
0.7746591949
0.6749016269
0.6988626382
0.6355018788
0.7026570168
0.8505622307
0.8519688026
0.8356889354
0.6711900981
0.6781635806
0.8268956705
0.7816930962
0.7253078016
0.7557424169
0.7829075137
0.8227384686
0.7202103001
0.9295606981
0.8100679868
0.8349060400
0.7255143212
0.8159760324
0.9256215843
0.7140901513
0.7415743144
0.8158326679
0.7851958756
0.6828508897
0.8098530000
0.7974071626
0.8405784578
0.7077791294
0.6960292326
0.8217435172
0.7848588840
0.8031589675
0.9313839736
0.7876665917
0.8366982239
0.9121265655
0.8166349337
0.9138609108
0.7762032876
0.9085005745
1.0141500740
0.7687144963
0.8087208132
0.8186801137
0.9078938804
0.8683123771
0.8184337885
0.8108090571
0.7889554234
0.8846117926
0.8418435293
0.8446431553
0.9525200942
0.8714469307
0.7970775807
0.9405766763
0.8330396477
0.8325505202
0.7535772621
0.9845581708
0.7648652908
0.8973825234
0.8760266231
0.8447825476
0.9229359569
0.9512171851
0.8762350391
1.0178011059
0.8100383293
0.8287904545
0.9092608667
0.8113604577
0.8892494173
0.7377318152
0.9611219720
0.9739217185
0.8213859040
0.8279533857
0.9716932187
0.8956822340
0.9453365293
0.9374980531
0.8111776006
0.8285420118
0.8449023052
0.8056737780
0.9550296402
0.9371572525
1.0126373878
0.8798023832
0.8811417875
1.0152017147
1.0762386255
0.9596902198
0.8858382377
0.8997800700
1.0140321292
0.9068716197
0.9725011537
0.9168175632
0.9157689351
0.9023964707
0.8977693988
0.9860585826
0.9826596382
0.9256400076
1.0621894919
0.8600508711
0.9607238447
0.8994088798
1.0367728815
0.9726758909
0.8899498452
1.0195709086
0.9477889228
1.0230141320
1.0067359061
1.0717439830
1.0949898054
1.0579956137
0.9995274811
1.0548284349
0.8967005373
1.0804667626
1.0489315239
1.0224352907
1.1127879001
