-0.8654577616
-0.9993033010
-0.9794359520
-0.9232904936
-0.9540768811
-0.9443263414
-1.0167942409
-0.9152314122
-0.9794493125
-1.0036852104
-1.0509569191
-1.0005476245
-1.0828978189
-0.9832421172
-0.9345808492
-0.9577321258
-1.0129072728
-1.0401011888
-0.9051704373
-0.7517977664
-0.9875193435
-0.8806534307
-0.9342687599
-1.0173854168
-0.9216677208
-0.8929511226
-0.9719938207
-0.7966462344
-0.9915117713
-0.8934504901
-0.9861035596
-0.8746284058
-0.7567190498
-1.0439164031
-0.8699428035
-1.0083904214
-0.9096980139
-0.8186570939
-0.7606709308
-0.7977197671
-0.8970196212
-0.7549440150
-1.0178414216
-0.9039746817
-0.9213381551
-0.6969057442
-0.8450344239
-0.8712167938
-0.9541243184
-0.8188241662
-0.8020293688
-0.9144695261
-0.9356868772
-0.8420920967
-0.8534006169
-0.9789231678
-1.0565001763
-0.8299129520
-0.9672728594
-0.7593476349
-0.8516588182
-0.9866485480
-0.8310639067
-0.8081559863
-0.9458637225
-0.9116879854
-0.8552694564
-0.8985491805
-0.8877617364
-0.8324424048
-0.9271334248
-0.7716450761
-0.7359020112
-0.7468633047
-0.9887220269
-0.9411101922
-0.8009053817
-0.8671581731
-0.8486702710
-0.7803537157
-0.7983040338
-0.7416554565
-0.7777766432
-0.9803337565
-0.7323334750
-0.7373788158
-0.8139682040
-0.9511637943
-0.9504043858
-0.8048747264
-0.8315540049
-0.5428050865
-0.6769276453
-0.8668532027
-0.8957210955
-0.7776108795
-0.7658714814
-0.8098434804
-0.8351400428
-0.8137520877
-0.8665817713
-0.8411632504
-0.7422818027
-0.8604282581
-0.8595700891
-0.8042027589
-0.8981070316
-0.9529200695
-0.8902860622
-0.7117064972
-0.8081418658
-0.8737042198
-0.7614240758
-0.8198804869
-0.8133089566
-0.6750797810
-0.6858771703
-0.5848180128
-0.8331665283
-0.6034905327
-0.6228806160
-0.7204250680
-0.8173711404
-0.6665906556
-0.7304596573
-0.5650145671
-0.6035152538
-0.6055188717
-0.9248385796
-0.7118394567
-0.6872082608
-0.6739012738
-0.6897611086
-0.7607413083
-0.7264474225
-0.7978406842
-0.6426423766
-0.6757217040
-0.7166552793
-0.6640866517
-0.7843428790
-0.6752181279
-0.7165713675
-0.7884970773
-0.6340158026
-0.7848806476
-0.7036797480
-0.7287962114
-0.7861669205
-0.5364911986
-0.7281364750
-0.7988711910
-0.5825965527
-0.6684746564
-0.6563134123
-0.6592117915
-0.7310066791
-0.6050684097
-0.7124338415
-0.7882664953
-0.7964724542
-0.6124968400
-0.5216195151
-0.6618848627
-0.5789296981
-0.7407590043
-0.7416389516
-0.6842705015
-0.6043568622
-0.7815757658
-0.7306999769
-0.6615369658
-0.7065815282
-0.6361509507
-0.5816670405
-0.6749545722
-0.6374716134
-0.6226973579
-0.6843276476
-0.6100124262
-0.6309860567
-0.5234371148
-0.7135657289
-0.5831335734
-0.6997785246
-0.7200704086
-0.5233897992
-0.6329497335
-0.6017318286
-0.6985249045
-0.6783357726
-0.6846162865
-0.6927023361
-0.7006834236
-0.6710544984
-0.5718309458
-0.6328178697
-0.4629455400
-0.6057827085
-0.5725467290
-0.5133780362
-0.5550238605
-0.4864391413
-0.5414409595
-0.6077411354
-0.5653711127
-0.6606198726
-0.5007599731
-0.5326432971
-0.5307267558
-0.8127021967
-0.6504446249
-0.6181359000
-0.6107113285
-0.3708998662
-0.4441927638
-0.5239132491
-0.5291517873
-0.5504461079
-0.6048882302
-0.6136231102
-0.6375375799
-0.5191575450
-0.5494184818
-0.6218455589
-0.5250399561
-0.6414631443
-0.4878894774
-0.5690190423
-0.5082127838
-0.3415617364
-0.6082622022
-0.6063008374
-0.5994113147
-0.6191093690
-0.5182969822
-0.4875393437
-0.5068508702
-0.5388542624
-0.4995419757
-0.5576262915
-0.6142413568
-0.4463569570
-0.4858097469
-0.5087154607
-0.5326560168
-0.5541640838
-0.5344511586
-0.4647051481
-0.5473971361
-0.4385906045
-0.5351063938
-0.4412347703
-0.4995005736
-0.5606171691
-0.4926399441
-0.3019969185
-0.4417313448
-0.5514680077
-0.3967665428
-0.3772993902
-0.4689939859
-0.4593155233
-0.3790335512
-0.5203648595
-0.5725807345
-0.4898374113
-0.5170122366
-0.3961119567
-0.3882534473
-0.3714716744
-0.3756168447
-0.4193836188
-0.4285268535
-0.5666163168
-0.5186333346
-0.3760823451
-0.4596418165
-0.4280835392
-0.3853408796
-0.2949044949
-0.5403477922
-0.3730596449
-0.3607431641
-0.4637260854
-0.4157045717
-0.4020676371
-0.4030770014
-0.4357979979
-0.4021974956
-0.5114739994
-0.5020597838
-0.5384465298
-0.3703339219
-0.5635459799
-0.3182291729
-0.3376462486
-0.4495306050
-0.2953893062
-0.3740345893
-0.3840366129
-0.4213119049
-0.4565960775
-0.3475497481
-0.2516317234
-0.4394612187
-0.3622971477
-0.4469244626
-0.3490190695
-0.3160914139
-0.4845116534
-0.3815127685
-0.4867934924
-0.3289018253
-0.3691425102
-0.2834717069
-0.5280013532
-0.2651047263
-0.4071049117
-0.2396806562
-0.2791169238
-0.3437307638
-0.2637706508
-0.3036825574
-0.3032806341
-0.3807325599
-0.4183574900
-0.5287417263
-0.3681985785
-0.2943226152
-0.2735051543
-0.4483644469
-0.3507871679
-0.4215417544
-0.3235590385
-0.2133298349
-0.4102830956
-0.3308292675
-0.2561688593
-0.3445989627
-0.3217237395
-0.1890200278
-0.2096507384
-0.1207968339
-0.4571372990
-0.3712437161
-0.2848374216
-0.3361292052
-0.2981951038
-0.3014477911
-0.2981952619
-0.3501848051
-0.2414006757
-0.2128400506
-0.3845592720
-0.2056639442
-0.4382174782
-0.3598174538
-0.3669025502
-0.2938406383
-0.2966530399
-0.3406860464
-0.2302688567
-0.3754409806
-0.4700046019
-0.4088652791
-0.2649742845
-0.3013469868
-0.1209668536
-0.3091191777
-0.1892610252
-0.2311097171
-0.1896295908
-0.2265511401
-0.2942569134
-0.2164603195
-0.2462143790
-0.3110334333
-0.2237829291
-0.2215810752
-0.3511143596
-0.0880579224
-0.3297312734
-0.4094699444
-0.3255095031
-0.2619768452
-0.1504134800
-0.1188183908
-0.1117867614
-0.0160115160
-0.2952255056
-0.3557435572
-0.1512803839
-0.3092417467
-0.1823572880
-0.2392366826
-0.1954493233
-0.2568602280
-0.2854639768
-0.3359855728
-0.2852330309
-0.2149711674
-0.0981672783
-0.1762133648
-0.1061722487
-0.1327970504
-0.3070739506
-0.0452628869
-0.1939871211
-0.1455387266
-0.2099512634
-0.1329610784
-0.0934745340
-0.0888222304
-0.2628106037
-0.2473443861
-0.0821352063
-0.3101893934
-0.1614616249
-0.2194530479
-0.3080629113
-0.2184993808
-0.1015214583
-0.0949898613
-0.0186773482
-0.2110215779
-0.2117847580
-0.1117717593
-0.0889144168
-0.0883582139
-0.1621588709
-0.1640478639
-0.1177228272
-0.0824657442
-0.0331364560
-0.1685895901
-0.0525041314
-0.0282298325
-0.2777576000
-0.0663902484
-0.0379970617
-0.1156829103
-0.0951024219
-0.0266660412
-0.0229854050
-0.1257284587
-0.0891170297
-0.0815663706
-0.1445560305
-0.0278012168
-0.0388525975
-0.1343692081
-0.1364766554
0.0078890288
-0.1248543244
-0.0923817762
-0.1241049690
0.0216920451
0.0297016878
-0.1368623203
-0.1211673546
-0.0936391290
-0.1438018925
-0.1496590760
-0.0712631184
-0.1596564269
-0.0330870435
-0.0161266229
-0.0615903063
-0.1201838858
-0.1781687224
-0.1541569733
-0.1410178002
-0.1241868494
-0.1224610848
-0.0384915651
-0.0196223596
0.1049678830
-0.0427565632
0.0121073606
0.2433010780
-0.0124964158
0.0033124030
0.0635244347
0.0420954708
-0.1600210579
-0.1516284291
-0.1365435161
-0.0165776484
0.0762910057
-0.0750489110
0.0597419345
0.0120435273
0.0118457786
0.0780863043
-0.0290958423
-0.0153880205
-0.0218520091
-0.1440819665
-0.0747841215
-0.0980466981
0.0603127599
0.1379601314
-0.0091823972
-0.0860474365
0.0484934237
-0.0623081120
0.1070152991
-0.1351301258
0.0520047771
0.0093198197
0.1627580048
-0.0167825930
0.0062315139
0.0515796054
0.0976244529
-0.0288762708
-0.1492069941
0.1251362684
-0.1399861700
-0.0393844739
0.0246138982
0.1252369606
-0.2054939097
-0.1089363214
-0.0135440620
-0.1117184209
0.0877054734
-0.0697760935
0.0364825236
0.0746380622
-0.0515948886
-0.0208796236
-0.0931748809
0.0713623281
0.0973500929
0.0328863522
-0.0303618852
-0.0155119754
0.0798829379
0.1106671258
0.1081037013
0.0644806161
0.3190221390
-0.0740203558
0.2319163918
0.1879217351
0.1465470918
0.0413272126
0.0932291733
0.1706546384
0.0148859860
0.0794291072
-0.0411551679
0.1256851000
-0.0584942087
0.1457385469
0.1416682286
0.1114325158
0.1159845034
0.0574077345
0.1096234716
0.1736491344
0.1619974201
0.0915471503
0.0829229798
0.1425893205
0.0441268096
0.1755272952
0.1213420112
0.2862548837
0.0436253791
0.2218584076
0.1727589563
0.0069615207
0.1289385603
0.0268266350
0.1621433797
0.2029130386
0.2717396936
0.1122202057
0.1829844645
0.1901759177
0.2081977198
0.0663837078
0.1181491509
0.2670875894
0.1897334714
0.0917569237
0.1803391981
0.2102201633
0.3132840111
0.2642870172
0.1922436603
0.2578158238
0.0615018172
0.2153853673
0.2641345828
0.2445177963
0.1907374543
0.0316619143
0.2480177055
0.1586202572
0.3233496447
0.2576587058
0.1308116213
0.1796824975
0.3059577704
0.1050789858
0.2435731645
0.1482008545
0.1400598384
0.2827764030
0.3159363245
0.2652722888
0.1950847933
0.2470382005
0.0731746467
0.2736140614
0.3741260581
0.3754231199
0.1067121787
0.3760014354
0.1777336072
0.2983508165
0.1969385224
0.1824454945
0.1519976592
0.2394788256
0.2770594878
0.3995519245
0.2380121198
0.1400674474
0.1944505241
0.3150926391
0.2643795084
0.3551869829
0.2688689437
0.3365383919
0.2809154383
0.2793894399
0.1247302345
0.2712928720
0.1714469619
0.3074690776
0.4010086056
0.3918197816
0.1804158268
0.3536407086
0.4685414946
0.1891480485
0.2896048794
0.1401915310
0.2982818425
0.1903651066
0.2524942565
0.3292789749
0.2008502829
0.2957846211
0.2532459931
0.2957428265
0.3858928141
0.2644109359
0.2133715137
0.2468263828
0.3097217593
0.3456325501
0.3205713097
0.2310592464
0.3427302568
0.4134041724
0.2872594640
0.3583296177
0.3015519084
0.2298086462
0.3257928036
0.4656553759
0.3156617993
0.3115099602
0.4113185620
0.3828528552
0.3260616296
0.2451220517
0.3060731829
0.4178725206
0.3903722577
0.4761268814
0.4283228043
0.4964343264
0.3901186065
0.3350451726
0.4366362172
0.3197876315
0.3967446654
0.2275525888
0.4513143889
0.4220886954
0.3744783696
0.4879166585
0.3215598383
0.4376572646
0.3582791333
0.4913908115
0.4221028727
0.3312380585
0.5041331408
0.3894675334
0.3676566570
0.4397148042
0.3756334780
0.4633814144
0.3685314429
0.3666141232
0.4496217326
0.3701436642
0.2350676913
0.4336771918
0.4050336658
0.4425819653
0.4456388428
0.4987035853
0.4174368549
0.4179605974
0.5867478906
0.5000327305
0.4829165108
0.4854865073
0.5024542115
0.5107649604
0.3656469218
0.4713266622
0.5429334884
0.3339960950
0.5468889666
0.6151364007
0.5330579270
0.3276128169
0.4142918210
0.4922642776
0.5748785453
0.6265089442
0.5244144134
0.5274301564
0.4003457033
0.3846778960
0.5149717477
0.5696406981
0.4737490921
0.6191333855
0.5546829359
0.4183822919
0.6637959289
0.5170863005
0.4952472050
0.5645669243
0.4990288576
0.5258927585
0.6410385740
0.5359565342
0.3999068155
0.5360940229
0.5294594514
0.5537589334
0.6013295079
0.5226908811
0.7469485246
0.5117666498
0.5542637485
0.3689157208
0.4995104392
0.4652665611
0.5319681276
0.5778095101
0.5799713479
0.4005090751
0.6499836107
0.5557377715
0.4902764279
0.7249834640
0.5982357093
0.5875407570
0.7347162183
0.5138633140
0.5715838191
0.5884847665
0.4588287336
0.6103872226
0.6011325761
0.6481301438
0.6513001286
0.5334722258
0.4512225819
0.5386076098
0.4782930805
0.4762858953
0.6862499597
0.4191253600
0.5299751010
0.4543483286
0.5690854412
0.6492967872
0.5811805146
0.6403570504
0.6588731716
0.4834149291
0.5626250419
0.7107254930
0.5767583317
0.5331511727
0.5407333223
0.7531794139
0.5655378870
0.5802634674
0.6170675578
0.6658231781
0.4585182892
0.6176713586
0.6069390402
0.6474994593
0.7850707039
0.4368492494
0.5928664790
0.7193629681
0.7527819484
0.5712136841
0.5445311484
0.5884999307
0.8532864570
0.6379051092
0.6392588515
0.7458123328
0.5513515986
0.7277767240
0.7314312135
0.6189195272
0.6504459709
0.6607545696
0.5738595350
0.7157199670
0.7684034566
0.7496835426
0.6451305671
0.5823271188
0.6691737302
0.5736999357
0.7802288610
0.6966032688
0.6923572911
0.7355538671
0.7916132347
0.6971660845
0.7554304694
0.6400989372
0.5584887581
0.7158558600
0.6019413068
0.6957810028
0.6281388800
0.7223256723
0.7790592844
0.7444307311
0.6782312558
0.6478982460
0.6522887328
0.8339222851
0.7499311797
0.8348690997
0.9344894922
0.8255483396
0.7628583920
0.6568371234
0.7106287226
0.6341882546
0.7111039393
0.8329355288
0.8534808464
0.8310867498
0.6861605482
0.6646547566
0.8386757479
0.7888906471
0.7331739267
0.7698218028
0.7766487490
0.8095417791
0.7065508165
0.9129382138
0.8203908644
0.8571665258
0.7321477018
0.8113680818
0.9329712040
0.7076089190
0.7490069375
0.8090015563
0.7916523141
0.6926176645
0.8016170811
0.7940042905
0.8254166976
0.7127812224
0.7051484877
0.8214895421
0.7796360560
0.7866266961
0.9617925966
0.7851432700
0.8458192764
0.9233793217
0.8259115462
0.9153083648
0.7799734900
0.9243407628
0.9991849070
0.7850640615
0.8068878900
0.8156108651
0.9034496324
0.8730141069
0.8089374656
0.8290933866
0.7805354547
0.8884826972
0.8285851549
0.8594540307
0.9195080882
0.8742235613
0.8040173688
0.9431065850
0.8285115428
0.8380184080
0.7649755940
0.9889752991
0.7526847034
0.8944199690
0.8756300839
0.8511238659
0.9129730616
0.9616989531
0.8917398087
0.9820764394
0.7994767811
0.8270671575
0.9389812198
0.8009667211
0.8857317586
0.7394612252
0.9629774332
0.9629022186
0.7881092856
0.8023784804
0.9749318070
0.8907692259
0.9745821132
0.9183349039
0.8011416902
0.8325101824
0.8611320185
0.8307176817
0.9512029055
0.9428465172
1.0010279922
0.8866649230
0.8932604998
1.0398356242
1.0899710070
0.9743225008
0.9102672530
0.8988099367
1.0220504710
0.9189008817
0.9524095012
0.9055760863
0.8970707445
0.8930204977
0.8996643363
1.0097150107
0.9861321370
0.9101419276
1.0956974462
0.8641370383
0.9396933606
0.8840515940
1.0376666944
0.9458329652
0.9020168302
1.0108662893
0.9445818595
1.0225148876
0.9724069110
1.0558282516
1.1082542572
1.0599734863
0.9833687144
1.0588425498
0.9107080927
1.0940001642
1.0434158372
1.0156928443
1.1313537079
