-1.1420975972
-1.0823180285
-0.9896244690
-1.0188921714
-1.0216914524
-1.0897616877
-1.0859035228
-0.8971928467
-1.0725329173
-0.9930997895
-0.9286210908
-0.8222067902
-0.9015946970
-1.0423069555
-1.0247370274
-0.9155442884
-0.9230685972
-0.8742676375
-1.0407806153
-0.9726020689
-0.9034630326
-0.9234733365
-0.9997170084
-0.8040578517
-0.9389027358
-0.8391578583
-1.0105098444
-1.0033651759
-0.9510039958
-0.9627618683
-0.9509831029
-0.8375460807
-0.9208916526
-1.1082418851
-0.8075028907
-0.8326619031
-0.9546274461
-1.1204839457
-0.8713397975
-0.8871288199
-0.6813939804
-0.8179566034
-0.8898044154
-0.9496234225
-0.7640656963
-0.8703093582
-0.9066535062
-0.8691363174
-0.9854097295
-0.9279866306
-0.9036142522
-1.0814668348
-0.8568018878
-0.8348834479
-0.8825622039
-0.7821606512
-0.9108540281
-0.9962971760
-0.8625402684
-0.8935547082
-0.9108983497
-0.8820735874
-1.0867119189
-0.9616350085
-0.8422352936
-0.8031501970
-0.7540320877
-0.7410282888
-0.8765673300
-0.9261590596
-0.8331011538
-0.9606584068
-0.7970290421
-0.9583650326
-0.8907794717
-0.9096046312
-0.7348363755
-0.7862507407
-0.8964839223
-0.9635657982
-0.7865534652
-0.9456996688
-1.0424046311
-0.8766737579
-0.8748320546
-0.8036681483
-0.6984206512
-0.9171760723
-0.8627135175
-0.7622630149
-0.8479719191
-0.8624275816
-0.7513880197
-0.8182655642
-0.7556816757
-0.7207107696
-0.7985279555
-0.8436261820
-0.6734754083
-0.8536860672
-0.7078224328
-0.7574567940
-0.7269694213
-0.7406153094
-0.7367860426
-0.9179941986
-0.7652748123
-0.7303557175
-0.7982049254
-0.7529669532
-0.9126879469
-0.6518978333
-0.7775133436
-0.7591824385
-0.6644744820
-0.8128684563
-0.7284611226
-0.5927642310
-0.8715511444
-0.8029677193
-0.7459546687
-0.8026661128
-0.9378430871
-0.7366741955
-0.8540896595
-0.8066770656
-0.6555510304
-0.7111665462
-0.8234930664
-0.7916557476
-0.8527954795
-0.8521428211
-0.7380169780
-0.7328856896
-0.6455649328
-0.6816920592
-0.7057993914
-0.8083670447
-0.5631498171
-0.7512348437
-0.7167077469
-0.7215228681
-0.7129524665
-0.7313036235
-0.6636092194
-0.8705076034
-0.5216372008
-0.6164610647
-0.7115772357
-0.7985587097
-0.7328563224
-0.6106966546
-0.6258871779
-0.6078002235
-0.5887867627
-0.5627667324
-0.6316034869
-0.7974958356
-0.5899054449
-0.7699522965
-0.6270366959
-0.8513790848
-0.7308304820
-0.8889290330
-0.7923363820
-0.5866161581
-0.6830572800
-0.7585663362
-0.6624357332
-0.6817033948
-0.6986394552
-0.5926955014
-0.5132240538
-0.5565476162
-0.6441210501
-0.6333511939
-0.6160914111
-0.8163482737
-0.5360474292
-0.5587582455
-0.7192282683
-0.6896079769
-0.7033540811
-0.5176629401
-0.6042339478
-0.6348910074
-0.5971872114
-0.5731954138
-0.7183331535
-0.6510886764
-0.5722598484
-0.6215123841
-0.6493839831
-0.6681051669
-0.5944457414
-0.6749990474
-0.6201682627
-0.6911474932
-0.6823649554
-0.6777807458
-0.6535999717
-0.6817962966
-0.6963538576
-0.4850078425
-0.3470209682
-0.5262621993
-0.6065511910
-0.5780313319
-0.5378809553
-0.6696580961
-0.5709424147
-0.4774539030
-0.5741434685
-0.6106449286
-0.6482524298
-0.4148347637
-0.5563012782
-0.4187841923
-0.6386756348
-0.5442456007
-0.5060746011
-0.6497596793
-0.4608971499
-0.5776113558
-0.5220113785
-0.5580822541
-0.5806356362
-0.4633726370
-0.5844803383
-0.5369931123
-0.5781449511
-0.3691413601
-0.6833858764
-0.6074007809
-0.6100649075
-0.5846658065
-0.3968482747
-0.4681307861
-0.6070381718
-0.5799521471
-0.5045603307
-0.5233876309
-0.6015268472
-0.5488376960
-0.5139478197
-0.5145638318
-0.5090450409
-0.4692466619
-0.5253571569
-0.5121854112
-0.6334247211
-0.5199747877
-0.5336433842
-0.5716852877
-0.5148244838
-0.5424168003
-0.6241157969
-0.4192994232
-0.5944224348
-0.4316796559
-0.3757906382
-0.4928039105
-0.5984413921
-0.5464635668
-0.4226417810
-0.6067333783
-0.5155101097
-0.5741686459
-0.4946234892
-0.4849164677
-0.4971007413
-0.4375087118
-0.4388590337
-0.4088862575
-0.5731709808
-0.3780922869
-0.4256063237
-0.4066888804
-0.4796275142
-0.2995654697
-0.5610234976
-0.4935057198
-0.3852079637
-0.3512809906
-0.3455653007
-0.6374017443
-0.4593295189
-0.5570837259
-0.5280072375
-0.4104740868
-0.4110911367
-0.4060660308
-0.3526065683
-0.4674051937
-0.3920124319
-0.5390937294
-0.3906529142
-0.3055167930
-0.3799661360
-0.3783367787
-0.4224770979
-0.4213059659
-0.3817478113
-0.3233976645
-0.4194570282
-0.4469617036
-0.4077548682
-0.3880065170
-0.4999678303
-0.2904601524
-0.4785734958
-0.3860059184
-0.5173090720
-0.4731812945
-0.3908167194
-0.3097052539
-0.3825842255
-0.2205036144
-0.4479959979
-0.4268788814
-0.2560489661
-0.2899141618
-0.3170828561
-0.3034082094
-0.4048708220
-0.2696762959
-0.5278114513
-0.4233075723
-0.3342013210
-0.2057777711
-0.2162290349
-0.2998593084
-0.3003627499
-0.4307846854
-0.4360985252
-0.1475732738
-0.2356992275
-0.3976882768
-0.2546584448
-0.3391315311
-0.3796836801
-0.4344758457
-0.4207568021
-0.2758590247
-0.3037654248
-0.3197658879
-0.4422047571
-0.3746616414
-0.3821758577
-0.1364336222
-0.2176247980
-0.3482861874
-0.1904966637
-0.4098101605
-0.2436851103
-0.3206655303
-0.3918105697
-0.1288458511
-0.2835989578
-0.3034133911
-0.3393487945
-0.2863716354
-0.3234087173
-0.3536618021
-0.2775079234
-0.3856527456
-0.2499043552
-0.3603476524
-0.3616918116
-0.3981878365
-0.2324290498
-0.3454732845
-0.2734991274
-0.2168182282
-0.2939642189
-0.1909499227
-0.2427418746
-0.2406939623
-0.2299350237
-0.2831235782
-0.2611555596
-0.1562735134
-0.2004744970
-0.2377272982
-0.1964798716
-0.0738631391
-0.2464761412
-0.3090654768
-0.2504901038
-0.2412932240
-0.2865905895
-0.2234260580
-0.1440286305
-0.1273933638
-0.4126325716
-0.2225888146
-0.2270615062
-0.0626919961
-0.0374232031
-0.1587537540
-0.3236932224
-0.3212552696
-0.2114184977
-0.3195761632
-0.1976535064
-0.2142158310
-0.1289883656
-0.2328794951
-0.0952992713
-0.1582256391
-0.2277622959
-0.0697245678
-0.1649554703
-0.1553987375
-0.1552811820
-0.2338788167
-0.2022329007
-0.0807201314
-0.1088934107
-0.2452602127
-0.2235208584
-0.1682378798
-0.2282904733
-0.2341583099
-0.1249960022
-0.1830776766
0.0038192432
-0.2911950358
-0.0761885317
-0.1921958035
-0.2137658545
0.0223278024
-0.0450974236
-0.0732465910
-0.0453504354
-0.0961593049
-0.1357706436
-0.2028308015
-0.2249765107
-0.0755506207
-0.1695316617
-0.1796630575
-0.0615212087
-0.0966112862
-0.0828658179
-0.1683320894
-0.0622123074
0.0365190060
-0.1703328729
-0.0783930384
-0.1522087673
-0.0020645196
-0.0533534894
-0.0560708158
-0.0235749469
-0.0379081696
-0.0671552906
-0.0594549230
-0.0335054947
-0.0258688672
-0.0195348834
-0.0120603433
0.0177875110
-0.0175866419
-0.0214721075
0.0485352082
-0.1029165441
-0.1309849615
-0.1185319478
-0.1587428816
-0.0614111587
-0.0176618396
-0.0253562052
-0.1395394971
0.1279835610
0.0225539255
0.0063367693
-0.0815860951
-0.0913434216
-0.2218513475
-0.0699694157
0.1224205473
-0.0056469946
0.0506410935
-0.1516066620
-0.0876320387
-0.0193849747
0.0000907626
-0.1196105086
-0.0520266918
-0.0718706909
-0.0304027534
-0.0436750843
0.0094919017
0.0403327659
-0.0330317170
0.0765514981
-0.0527953728
-0.0907083889
-0.0993930624
0.0925764823
0.0051264961
-0.0421537441
-0.0217527248
-0.0717549793
0.0833074812
-0.0000108452
-0.0280572467
0.0691038403
-0.0766771805
0.0136647361
-0.0204025198
0.0397939242
0.1424469212
-0.1084094483
0.1294728602
0.0589754812
-0.0057689400
0.0226897470
0.2095878222
0.0781890597
0.0091703846
0.1378143821
0.0871151497
0.0471390994
0.1923922967
0.1253179773
-0.0815815355
0.1245320695
0.2132154484
-0.0736740886
0.0644212510
0.1966714169
0.0737625697
0.2404879746
0.0961079928
-0.0262319721
0.0148619478
-0.0054144085
0.0176976211
-0.1516895451
0.0931592751
0.0246959627
0.0265424246
-0.0244638829
0.0048305803
0.2616095971
-0.0418118004
0.1501661719
-0.1354150831
-0.0945315958
0.0174742570
0.0994354447
0.1192461731
-0.0311539962
0.0846970755
0.2004225893
0.1929621782
0.1392466907
0.1347708446
0.1021182192
0.1437671941
0.1495549547
0.0827733991
0.2205031874
0.1433341610
0.1210479668
0.3139089227
0.1395195446
0.2042036712
0.1327949624
0.0499395941
0.3338220615
0.0947916376
0.1315269041
0.1990177450
0.0988991744
0.1913147960
0.2121137269
0.1496303391
0.2109049033
0.0799088042
0.2165978410
0.2283692646
0.0326541397
0.0367068656
0.1872666941
0.1676032098
0.1065686910
0.2092401356
0.1431171559
0.1842419394
0.2143659181
0.2173667173
0.2619468003
0.1306327924
0.2944931586
0.1062559157
0.4187444743
0.1409213722
0.2882424280
0.2792209133
0.1649164962
0.2606402357
0.2357694100
0.1144015501
0.4160017054
0.3041787408
0.1946201916
0.2839266550
0.1962716522
0.2200823567
0.1775457353
0.2467001953
0.2858146623
0.3163035573
0.0219832557
0.2202457658
0.2117064403
0.1816724992
0.2066823209
0.2402415038
0.2631705876
0.2289423363
0.2985395277
0.4363811566
0.2306311060
0.2300637386
0.1202951854
0.2724590825
0.3597938147
0.2045068594
0.1897576291
0.2381722696
0.3344222477
0.3227760700
0.3855328011
0.4654740497
0.2503303998
0.3621410458
0.3053871232
0.4125188240
0.4308567472
0.2851998031
0.2521672613
0.3687014890
0.1433374617
0.2925011384
0.3523624740
0.3652876882
0.3130089437
0.1435887421
0.3273220195
0.2729801865
0.2953177598
0.1453037252
0.2732114401
0.1963985524
0.2711475059
0.1292312397
0.2616648359
0.2589375413
0.2440154800
0.4401710044
0.2410921208
0.3567580357
0.4083143651
0.3186588331
0.3997917771
0.3237920436
0.4568496099
0.3019537075
0.3711670531
0.3454336921
0.2963112090
0.4132270208
0.3411409369
0.4179217355
0.2877338838
0.4579474067
0.3452980408
0.2774217470
0.4383957763
0.3707548590
0.5620602170
0.4741326097
0.3128096571
0.3052590342
0.3409206542
0.4021142577
0.3309328064
0.3670965086
0.3682659790
0.4448467053
0.4279685939
0.2315890070
0.1883862084
0.4018278108
0.5388018030
0.4362886310
0.4898972685
0.3335258632
0.3736993080
0.4593772686
0.3539912141
0.3666934970
0.2425010791
0.4046215587
0.3685892421
0.4148611196
0.4612214755
0.3852442219
0.5374008453
0.4653094027
0.4685282823
0.3905340462
0.5196950347
0.2781548112
0.4779425497
0.4244944389
0.4427772331
0.5336057674
0.4368365691
0.5018635209
0.4291100417
0.3407740177
0.4262438687
0.4478493832
0.3686142938
0.5234289151
0.4276028460
0.6248979391
0.4068161475
0.5336034416
0.4217956825
0.4448093119
0.4213022635
0.4642243555
0.5087180655
0.4141127071
0.5530495033
0.3009717608
0.4754893991
0.4457109954
0.5088672918
0.4790298900
0.4384228084
0.4984628022
0.5031887315
0.4581842486
0.4330143507
0.5059568724
0.4158946893
0.4535659956
0.5202829704
0.3864273437
0.4218604436
0.4779903923
0.3679206184
0.6178586382
0.4439361660
0.6052697686
0.5239318111
0.5293582024
0.5699244821
0.4915459925
0.3964043318
0.6597106609
0.3952673525
0.4718379903
0.5010110225
0.5091432324
0.5571434512
0.5434056077
0.6537524491
0.4746382722
0.5119096438
0.6003527930
0.4464030699
0.5903232665
0.5855082436
0.6144669613
0.4956108906
0.4071424575
0.6834397160
0.5473413277
0.6071956336
0.6410133991
0.5444848376
0.6354431605
0.4979652821
0.6363850757
0.6143293601
0.5661068116
0.6886077529
0.4870620109
0.5579193905
0.4970722124
0.4971899675
0.7303535579
0.6026896151
0.6360118694
0.5858425529
0.7211856686
0.6236415619
0.5644567744
0.5952565735
0.6621666701
0.6384274524
0.5984685713
0.6783206897
0.8028655751
0.4684620806
0.6264269837
0.6940121966
0.7520376621
0.5396185428
0.7227763397
0.5962506542
0.5848317482
0.5598214309
0.6517197283
0.6173999328
0.7619836545
0.8606109085
0.5202578566
0.6405942247
0.5328757351
0.6915963315
0.7654929539
0.7035718470
0.6378219607
0.6734119437
0.6932742152
0.5910072754
0.7433780875
0.7333494377
0.6733748678
0.7907521057
0.7521321266
0.6238608654
0.6988660178
0.7791310802
0.6882336715
0.7331362507
0.5949899459
0.5958323365
0.6625357549
0.6680392944
0.8368962088
0.7537528134
0.8416543840
0.6854356336
0.7204635917
0.6179903361
0.5467135997
0.6753826959
0.7396999656
0.8147551340
0.7470511692
0.4761585288
0.6669615396
0.8141225043
0.7090167404
0.8259222670
0.7489218586
0.7634620982
0.8949193826
0.6288099851
0.6903703669
0.8386143419
0.6794244389
0.7471452087
0.7159446741
0.7511461880
0.6118446192
0.8036899483
0.6971607780
0.5877621137
0.6474595246
0.7047337689
0.8128005189
0.7160889054
0.7340565738
0.7386736697
0.7846153397
0.8739790563
0.7263676964
0.7993102513
0.8373981967
0.7159916346
0.7799206180
0.8029440614
0.8032839822
0.8720206862
0.7949744601
0.6991001356
0.7455717356
0.7522112443
0.6851273968
0.7890386905
0.7033828310
0.8338341025
0.8208990489
0.8133414553
0.8124983441
0.9353165694
0.8617431219
0.9777535822
0.8625223656
0.6330994086
0.7940329686
0.7756365579
0.8455825050
0.7781567246
0.7986338230
0.8368255357
0.8774784495
0.7379130637
0.8104516355
0.9804890978
0.8398456668
0.9845884930
0.8281402952
0.9256035570
0.9431703389
0.6878693659
0.7538785733
0.8548221482
0.9439796862
0.8535077719
0.9388721959
0.9727895813
0.8371094699
0.7996826360
0.7775819074
0.8374359149
1.0399452152
0.9913264310
0.9947100678
0.8395939797
0.8488616256
0.9847208392
0.9759762860
0.8178426924
0.9104801268
0.8418073188
0.8966648595
0.8482474606
0.8359544236
1.0053507403
0.8673670479
1.1701219889
1.0012294661
0.8239888136
0.9554350322
1.0802298252
1.0164479373
0.9252949820
0.9277145658
0.8673112621
0.9836627289
0.8595704539
0.8895057287
0.9763663622
0.8397342793
0.9213793763
0.8000464720
0.9446203099
0.9524107573
1.0753023661
1.0079769042
0.8930995803
0.8962348426
0.8055425572
0.8970627985
1.0918205682
0.9271506492
1.1058140774
1.0471493803
1.0423396272
1.0820674421
1.0029570571
0.9355809651
1.0282658179
1.0008563382
1.0466492339
0.9219151835
1.0996443382
0.9523536730
0.9971214067
1.0551216906
1.1370753851
1.0390081530
0.9630022131
1.0557439115
0.9204440879
1.0494435508
1.1134519966
1.1242099300
