-0.8961299484
-1.0157865107
-0.9788740189
-0.9436010274
-0.9749199476
-0.9382752631
-1.0210327257
-0.9028788131
-0.9607439457
-0.9973321090
-1.0433572743
-0.9852080584
-1.0747213480
-0.9783504905
-0.9622442157
-0.9537085627
-1.0132763588
-1.0391387362
-0.8975817571
-0.7614733062
-1.0180708635
-0.8782575221
-0.9145119501
-1.0252917576
-0.9225715206
-0.8842785099
-0.9914653565
-0.8069675345
-0.9965276837
-0.8976795332
-0.9778861712
-0.8552118058
-0.7764416542
-1.0627010866
-0.8684570844
-1.0251585236
-0.9083944239
-0.7901390878
-0.7595771732
-0.7928894187
-0.8910690503
-0.7416424314
-1.0428092934
-0.9276171608
-0.9287590422
-0.6996650781
-0.8371363587
-0.8796042182
-0.9347210091
-0.8025975913
-0.7882485540
-0.9039605876
-0.9416891772
-0.8564315382
-0.8632959013
-1.0004092554
-1.0603531537
-0.8153079938
-0.9633142656
-0.7890635443
-0.8466791295
-0.9712496689
-0.8542290502
-0.8171308318
-0.9447814200
-0.9328486658
-0.8441065264
-0.8984543938
-0.9111917423
-0.8354897870
-0.9359565121
-0.7627854133
-0.7209599717
-0.7539600039
-0.9773396131
-0.9240356898
-0.8049447941
-0.8564665832
-0.8521343849
-0.7826740934
-0.8141242162
-0.7516629514
-0.8088323026
-1.0091575056
-0.7234416263
-0.7445049980
-0.7905578729
-0.9666552668
-0.9603240718
-0.8035565800
-0.8337556657
-0.5457777996
-0.6690574779
-0.8983278581
-0.9047862141
-0.7750570685
-0.7750765774
-0.8162417997
-0.8263144744
-0.8316684807
-0.8740143256
-0.8344968340
-0.7427114363
-0.8566517720
-0.8539364653
-0.8145780262
-0.9111135229
-0.9987068636
-0.9012188358
-0.7119846478
-0.8216241404
-0.8640810885
-0.7418342661
-0.8078012122
-0.8287813056
-0.6728218353
-0.6882517511
-0.6034471201
-0.8246719115
-0.6148607488
-0.6032280361
-0.6919133200
-0.8204628109
-0.6702442384
-0.7268860369
-0.5670416970
-0.6132041079
-0.5918534029
-0.9086483704
-0.7205154795
-0.6937932456
-0.6747270037
-0.7154243871
-0.7494694788
-0.7322529517
-0.7922177640
-0.6181361293
-0.6945483104
-0.7212125857
-0.6604574523
-0.7867762315
-0.6696189689
-0.7066432074
-0.8130182587
-0.6268412171
-0.7791958041
-0.6966753789
-0.7364024464
-0.7841235391
-0.4989820674
-0.7311271238
-0.8175071563
-0.5611476847
-0.6826386816
-0.6511234044
-0.6630262161
-0.7241445350
-0.5974067139
-0.6903845713
-0.7996744227
-0.8082272647
-0.6159378833
-0.5245922283
-0.6908262475
-0.5797196309
-0.7093643167
-0.7358951606
-0.6770170489
-0.5963054562
-0.7904123942
-0.7395306861
-0.6658356138
-0.7092901124
-0.6417760544
-0.5914905388
-0.6968531361
-0.6465270384
-0.6420899771
-0.6954793871
-0.5944686651
-0.6302332689
-0.5087949668
-0.7187953136
-0.5908151460
-0.7130942400
-0.7419800923
-0.5284604819
-0.6342847048
-0.6085775278
-0.7081852743
-0.7055044930
-0.6850527681
-0.6979301277
-0.7106182121
-0.6666357173
-0.5629924953
-0.6094894901
-0.4637839398
-0.6085958722
-0.5748277154
-0.5118635762
-0.5413943159
-0.5009459797
-0.5324132601
-0.6110686959
-0.5586033525
-0.6950972645
-0.5039802273
-0.5650156434
-0.5401185089
-0.8047493165
-0.6801921822
-0.6251744526
-0.6126832678
-0.3699792687
-0.4403333074
-0.5483966067
-0.5343754447
-0.5327817035
-0.6065331967
-0.6021606966
-0.6196216239
-0.4824453203
-0.5330876099
-0.6089836765
-0.4998812140
-0.6424790272
-0.4851151159
-0.5699500694
-0.5185578484
-0.3143722300
-0.6177760599
-0.5981433955
-0.5823498114
-0.6241649132
-0.4960971085
-0.4928783639
-0.4991859953
-0.5686333418
-0.4824346674
-0.5578055562
-0.6162789393
-0.4471826061
-0.5217849069
-0.4810893791
-0.5524833991
-0.5293077344
-0.5251951112
-0.4432781049
-0.5296990063
-0.4388071521
-0.5557883362
-0.4730384455
-0.5059383554
-0.5591527097
-0.4958557478
-0.3224410564
-0.4614208236
-0.5801355149
-0.3976322939
-0.3667271483
-0.4676687813
-0.4524193044
-0.3844388658
-0.5363323005
-0.5888525178
-0.4999170287
-0.5311506233
-0.3880891459
-0.4041663820
-0.3687006169
-0.3722444080
-0.4197174117
-0.4545806751
-0.5701006096
-0.5214064178
-0.4129441087
-0.4705168804
-0.4034131820
-0.3668376272
-0.3108019810
-0.5541488051
-0.3750803063
-0.3450961375
-0.4734082559
-0.3979198103
-0.4290206632
-0.4159778007
-0.4565105106
-0.4279942798
-0.5098905933
-0.5047703496
-0.5393692729
-0.3697784328
-0.5591113776
-0.3133319874
-0.3490265520
-0.4590904635
-0.2759868193
-0.3764856574
-0.3749439392
-0.4248841409
-0.4479527138
-0.3223428036
-0.2616460852
-0.4387141890
-0.3498528048
-0.4243624816
-0.3488419049
-0.3129872502
-0.4662727601
-0.4097421666
-0.4747795723
-0.3260971951
-0.3539794609
-0.2868747544
-0.5355198562
-0.2721650238
-0.4170401641
-0.2304318730
-0.2947117126
-0.3336635762
-0.2583506474
-0.3023094754
-0.2875823598
-0.3884543847
-0.3962908455
-0.5017604660
-0.3543938170
-0.2757716490
-0.2683052848
-0.4442687195
-0.3602189274
-0.4166460382
-0.3340473082
-0.2018391192
-0.4189927133
-0.3431312257
-0.2791873275
-0.3345958434
-0.3617286959
-0.1966873662
-0.2187700890
-0.1004900145
-0.4588248732
-0.3761827954
-0.2941912589
-0.3009660737
-0.2701527156
-0.3069873988
-0.2779093629
-0.3417231717
-0.2285789684
-0.2045293615
-0.3589964964
-0.1963510495
-0.4245720408
-0.3388584435
-0.3889900836
-0.2838402329
-0.2996363425
-0.3177916664
-0.2381839264
-0.3734859368
-0.4695004624
-0.4295930042
-0.2548678423
-0.3334440537
-0.1519418061
-0.2902445222
-0.1897817090
-0.2097146807
-0.2073673481
-0.2144851126
-0.2820222027
-0.2047510463
-0.2287691600
-0.3138003435
-0.1965926453
-0.2166882549
-0.3667889265
-0.0969212684
-0.3310836587
-0.3978267321
-0.3148301847
-0.2634286711
-0.1535379555
-0.1405186359
-0.1045101056
-0.0056454504
-0.2731421088
-0.3247455430
-0.1832718158
-0.2899439477
-0.1675916369
-0.2470910811
-0.2065448988
-0.2427703016
-0.2990273594
-0.3198453027
-0.2658916697
-0.1826693754
-0.1036386741
-0.1564968514
-0.1111097838
-0.1324280457
-0.3103022047
-0.0271382829
-0.1997236697
-0.1373733255
-0.1863278630
-0.1359574734
-0.0644255857
-0.0453467760
-0.2604990839
-0.2456416383
-0.1102671499
-0.3176632903
-0.1727794796
-0.2109332554
-0.2871105234
-0.2183162275
-0.0702572585
-0.0939097719
-0.0172447517
-0.1907464135
-0.2043927338
-0.0880148796
-0.0925033128
-0.0959848689
-0.1672844082
-0.1711613426
-0.1049310935
-0.0570019314
-0.0245507752
-0.1697494889
-0.0351411864
-0.0260270295
-0.2700860496
-0.0805727070
-0.0325446018
-0.0991320149
-0.0983052327
-0.0094114179
-0.0347636786
-0.1262980215
-0.0936603182
-0.0671942243
-0.1456278273
-0.0244280638
-0.0361377453
-0.1259679820
-0.1532169543
0.0002294955
-0.1381207124
-0.1062492960
-0.1249712759
0.0134782850
0.0253835592
-0.1303920737
-0.1119822597
-0.0794045478
-0.1271257593
-0.1507615007
-0.0641207570
-0.1488977556
0.0030472171
-0.0374262192
-0.1051542582
-0.1111378700
-0.1976829378
-0.1702388701
-0.1373730069
-0.1245451401
-0.1133442922
-0.0642014800
-0.0001664419
0.1042176694
-0.0586044408
0.0266117764
0.2290114814
-0.0207893011
0.0009347049
0.0684600099
0.0459402278
-0.1667860208
-0.1641627781
-0.1132779620
-0.0428294273
0.0660868321
-0.0824151268
0.0849632930
0.0353170766
-0.0115018243
0.0645115577
-0.0408305277
-0.0473526496
-0.0021017897
-0.1458303358
-0.0754997775
-0.0821111316
0.0657101801
0.1393057155
-0.0222442292
-0.0882736063
0.0451132548
-0.1026950310
0.1135223501
-0.1465401362
0.0227866964
0.0184517058
0.1855805957
0.0095242567
0.0171672115
0.0131442419
0.0959365837
-0.0295453901
-0.1388045616
0.1283319332
-0.1335316321
-0.0525279536
0.0174186228
0.1296075197
-0.2264119147
-0.0958511295
-0.0244235711
-0.1116716859
0.0875162279
-0.0519937950
0.0466542139
0.0891625209
-0.0196070919
-0.0107091565
-0.0954277661
0.0825155716
0.1235316214
0.0488826209
-0.0089399306
-0.0056856906
0.0678366695
0.0999835342
0.1057211300
0.0849235733
0.3280496694
-0.1051234724
0.2403106052
0.1815559481
0.1399874614
0.0314286751
0.0746254150
0.1606923367
-0.0051406326
0.0868906868
-0.0508895302
0.1203711167
-0.0599661105
0.1578594474
0.1497834813
0.1142502922
0.0988949690
0.0764601458
0.1112678747
0.1642601431
0.1338991353
0.0915684112
0.1100827359
0.1319849683
0.0409736177
0.1564991234
0.1310342419
0.2762973173
0.0424985357
0.2076217362
0.1391098812
0.0270686622
0.1314222754
0.0437177511
0.1718161502
0.2068995870
0.2561023071
0.1238724617
0.1957930714
0.1885252644
0.2082800050
0.0594729320
0.1232043904
0.2697679897
0.1728553168
0.0682646782
0.1882251603
0.2090226356
0.3223513380
0.2587360273
0.1958682587
0.2522887988
0.0423055761
0.2162077834
0.2837320031
0.2425062322
0.1953205209
0.0288914925
0.2663231602
0.1744794154
0.3213685984
0.2753687963
0.1188851911
0.1921261514
0.2877077121
0.1134232711
0.2626640928
0.1255513182
0.1467192687
0.2896717269
0.2898016378
0.2594083530
0.1763509216
0.2479275223
0.0591088218
0.2733793496
0.3768825667
0.3812979439
0.1352970148
0.3950471455
0.1893135256
0.2787216489
0.2143669267
0.2110846128
0.1481260369
0.2304770171
0.2765132788
0.4148227322
0.2193645332
0.1341661701
0.2022987266
0.3092137845
0.2616817184
0.3745134104
0.2856185758
0.3364777580
0.2647831531
0.2577089216
0.1466120929
0.2466981902
0.1349892829
0.2888672882
0.4138640222
0.3852409308
0.1744662178
0.3463371783
0.4665493537
0.2087421184
0.2578964645
0.1391941819
0.2934589053
0.1800002561
0.2601966852
0.3214157726
0.2097130776
0.3036165271
0.2855412766
0.2918176964
0.3887227046
0.2816406126
0.2134414237
0.2531648961
0.2741017263
0.3349924527
0.3005542130
0.2204895477
0.3529062926
0.4069488215
0.2777161856
0.3646544012
0.3032101225
0.2095350304
0.3215085476
0.4566514887
0.3186438530
0.3302040078
0.4040177734
0.3878262265
0.3063844925
0.2658466710
0.2996770169
0.4114950358
0.3710338885
0.4591520233
0.4168010646
0.5043747659
0.4005854251
0.3225304688
0.4234002159
0.3195734342
0.4051024140
0.2299366629
0.4466051375
0.4045459029
0.3534456379
0.4717778904
0.3039747234
0.4323644340
0.3614245157
0.5137228014
0.4219322227
0.3158052578
0.5039893047
0.3785534330
0.3619514789
0.4146459499
0.4123256478
0.4304284260
0.3822527438
0.3721272560
0.4190875129
0.3462157008
0.2591298012
0.4483841914
0.4433551388
0.4126286707
0.4341387773
0.5057596388
0.4311528590
0.3994918163
0.5651135068
0.4992293546
0.4887925958
0.4891576302
0.4944250015
0.5173887634
0.3813930770
0.4767249229
0.5543138958
0.3364375875
0.5698906070
0.6022029622
0.5482890347
0.3270481237
0.3862026397
0.4889079221
0.5712283677
0.6345258353
0.5289790293
0.5289775317
0.4298360303
0.3859261992
0.5358934437
0.5595342074
0.4838665379
0.6356506019
0.5645029670
0.4113606061
0.6596118146
0.5109722853
0.5040684780
0.5724744607
0.4809893810
0.5292475471
0.6502381208
0.5389138327
0.4059205607
0.5259884422
0.5346076837
0.5374004648
0.5934510542
0.5366172924
0.7310602658
0.5219100755
0.5356555891
0.3726726174
0.4998275167
0.4673365981
0.5165136491
0.5671631158
0.5906323979
0.4004590437
0.6374810460
0.5803650343
0.4600052939
0.7146268068
0.6216509952
0.5912576218
0.7305993480
0.5181700004
0.5893118917
0.5884309555
0.4854135426
0.6032335802
0.6169495217
0.6669007578
0.6621760890
0.5432467390
0.4690078049
0.5376963105
0.4875319136
0.4417481123
0.6836476475
0.4355044126
0.5222856050
0.4319843007
0.5641437903
0.6660461367
0.5953206869
0.6458046396
0.6644790811
0.4844968331
0.5556452200
0.6771271486
0.5867200091
0.5479536198
0.5406633210
0.7462525000
0.5721702596
0.5688144190
0.6451149463
0.6609114947
0.4562126398
0.6245649842
0.6299368773
0.6463609825
0.7728945893
0.4495700442
0.5964608158
0.7271656364
0.7689697251
0.5613922139
0.5216034074
0.6042916856
0.8630378835
0.6501394968
0.6353486232
0.7492788259
0.5607583337
0.7364490417
0.7261587657
0.6431986691
0.6631865256
0.6613118049
0.5688223616
0.7067821411
0.7775394184
0.7460510099
0.6394449240
0.5741743292
0.6899962766
0.5982597362
0.7723145028
0.7009986472
0.6995238879
0.7424635403
0.8035873513
0.7006561241
0.7454404136
0.6360572096
0.5590173090
0.7340529110
0.6300755392
0.6938902503
0.6297166209
0.7354472058
0.8061509577
0.7380962022
0.6852833058
0.6491860806
0.6460409517
0.8184983816
0.7519926455
0.8598275779
0.9273653031
0.8072905521
0.7723611687
0.6770089617
0.7093873632
0.6292164224
0.7299577134
0.8816345444
0.8463567702
0.8260651344
0.6788566755
0.6624689045
0.8274585741
0.7846634994
0.7386242806
0.7617022263
0.7845876505
0.8192816877
0.7176286224
0.9078022594
0.8118838295
0.8417814433
0.7342699046
0.8117910782
0.9500058537
0.6985548853
0.7407796270
0.8183469286
0.8046770924
0.6786094875
0.7843048345
0.8058380251
0.8496492893
0.7051778496
0.6893844762
0.8279325263
0.7564109971
0.8048392327
0.9514834443
0.7965970791
0.8486752477
0.9035552077
0.8241278885
0.9353823481
0.7699435045
0.9023366857
0.9936799936
0.7941618046
0.7978452803
0.7940271734
0.9075039618
0.8778762642
0.8040419399
0.8486408601
0.7891989416
0.8728650891
0.8223761350
0.8559332036
0.9452910237
0.8674284556
0.8106888092
0.9513194128
0.8334633941
0.8130602734
0.7476930834
0.9760066458
0.7650770523
0.9290327251
0.8657077679
0.8550644764
0.9323678023
0.9749133632
0.8679003489
1.0245533158
0.8062547695
0.8374474335
0.9265813263
0.8131411805
0.8995979977
0.7373889596
0.9349469802
0.9701274508
0.8052481193
0.8083730841
0.9623568997
0.8634202002
0.9681999634
0.9206840539
0.8043073413
0.8415633388
0.8412791538
0.8167055036
0.9328971321
0.9388746014
1.0104718480
0.8799046696
0.8900825627
1.0499419855
1.0886422700
0.9595596044
0.8822012871
0.8482925069
1.0142673551
0.8968493958
0.9505529889
0.8848612681
0.9069290747
0.8842095108
0.9030156667
1.0128336498
0.9856079039
0.9267577881
1.0826299116
0.8801388237
0.9448722563
0.8854613047
1.0349747964
0.9551780680
0.9041448844
1.0030434568
0.9547431168
1.0338883020
0.9740757851
1.0773568879
1.0912566055
1.0602432875
1.0051887214
1.0549287687
0.9019111392
1.0832842650
1.0598726887
1.0268399488
1.1335223509
