-1.1514722249
-1.0667823355
-1.0160305803
-1.0107345291
-0.9963373696
-1.0778088116
-1.0748555927
-0.9020601377
-1.0448543276
-0.9920733777
-0.9164644585
-0.8040544776
-0.8928764060
-1.0292718540
-1.0191015124
-0.9162617020
-0.9229861812
-0.8713069248
-1.0406518489
-0.9651065432
-0.9018145779
-0.9290764592
-1.0330207454
-0.7947362403
-0.9499325525
-0.8394125601
-1.0185358447
-0.9746104124
-0.9309061019
-0.9546045691
-0.9495431128
-0.8371452887
-0.9415318567
-1.1134863781
-0.7910013708
-0.8393253288
-0.9554688832
-1.1111679952
-0.8462805699
-0.8853284642
-0.6995951961
-0.8389908673
-0.9010275927
-0.9595472732
-0.7631149810
-0.8500747855
-0.9106507044
-0.8784736805
-1.0093309642
-0.9239131526
-0.9064746030
-1.0856234911
-0.8710688305
-0.8370809178
-0.8575046644
-0.7971876583
-0.8831153435
-0.9774566280
-0.8554846023
-0.8878756712
-0.9185849059
-0.8937209223
-1.0717564411
-0.9591425354
-0.8343452786
-0.7874158150
-0.7783113325
-0.7411718802
-0.8725570387
-0.9426352988
-0.8058791813
-0.9351124482
-0.8074349151
-0.9560358629
-0.9012879501
-0.8807737573
-0.7241635811
-0.7890971266
-0.8840017887
-0.9624127883
-0.7795193510
-0.9679038738
-1.0302458308
-0.8774146455
-0.8498818990
-0.8153146017
-0.6790885535
-0.9139136806
-0.8440698812
-0.7635198971
-0.8050962130
-0.8573754289
-0.7681826553
-0.8153822510
-0.7453116333
-0.7366312916
-0.8166621861
-0.8412275660
-0.6642798964
-0.8555330186
-0.7048644877
-0.7516181764
-0.7177519934
-0.7582030835
-0.7341155239
-0.8890529399
-0.7865472949
-0.7256194133
-0.7921706953
-0.7501501617
-0.9031637386
-0.6678560657
-0.7766965744
-0.7616571152
-0.6575653583
-0.7999252922
-0.7353202770
-0.6245822401
-0.8468715474
-0.7927603890
-0.7551440261
-0.8078763639
-0.9282154993
-0.7377492860
-0.8460064674
-0.8149511737
-0.6563935228
-0.7011080616
-0.8180198166
-0.7787439300
-0.8587812391
-0.8615031729
-0.7210375622
-0.7233460570
-0.6475837174
-0.6810789468
-0.6888049223
-0.8112936283
-0.5659599421
-0.7269693023
-0.7295156945
-0.7227009757
-0.7122771758
-0.7271345546
-0.6838567626
-0.8382870356
-0.5041433338
-0.6279943862
-0.7114039181
-0.8184745100
-0.7128289121
-0.6229491130
-0.6250283331
-0.5876064087
-0.5779428850
-0.5511057999
-0.6437835527
-0.8010439541
-0.5731562696
-0.7686038454
-0.6258606497
-0.8506141682
-0.7544668546
-0.8851735516
-0.7852729609
-0.6000784530
-0.7014676604
-0.7429472330
-0.6660344623
-0.6702848522
-0.6920967096
-0.5919708027
-0.4991140782
-0.5794488560
-0.6411312190
-0.6383150212
-0.6195189979
-0.8035996826
-0.5314222330
-0.5560879958
-0.7224704250
-0.6997562471
-0.7110061618
-0.5073741991
-0.6247421281
-0.6492693907
-0.6029646857
-0.5619510736
-0.7296861582
-0.6627327248
-0.5985650686
-0.6042819973
-0.6625649691
-0.6799743752
-0.6026483795
-0.6487427951
-0.6160311699
-0.7037256941
-0.6931449670
-0.6733076368
-0.6583544821
-0.6764716328
-0.6890385723
-0.4986158312
-0.3468056393
-0.5367321492
-0.6070805157
-0.5948396385
-0.5273845995
-0.6691697257
-0.5458507404
-0.4870973004
-0.5659014629
-0.6267249838
-0.6735417977
-0.3959527779
-0.5487203124
-0.3993599675
-0.6791870932
-0.5251661351
-0.4899460585
-0.6546870970
-0.4656014603
-0.5833304498
-0.5353358898
-0.5706281145
-0.6003578227
-0.4528206664
-0.5562248605
-0.5346562948
-0.5633624611
-0.3551746020
-0.6590721436
-0.6331307519
-0.6069295727
-0.6069988982
-0.4110538218
-0.4422607517
-0.6011843402
-0.6178080004
-0.5019046822
-0.5181647612
-0.5895388376
-0.5398634889
-0.5094088746
-0.5368385763
-0.5102543651
-0.4776587388
-0.5011316529
-0.5228301770
-0.6449467754
-0.5034967054
-0.5267017361
-0.5559197851
-0.5132480971
-0.5608163512
-0.6166054595
-0.4283455830
-0.6052357458
-0.4544894249
-0.3757290212
-0.5099751232
-0.6025016069
-0.5372622052
-0.4156622756
-0.6066930689
-0.5474115967
-0.5713993696
-0.4834219857
-0.4772230573
-0.4858557249
-0.4580606643
-0.4368233882
-0.3985837529
-0.5681096878
-0.3798596445
-0.4305493249
-0.4130804622
-0.4756599719
-0.2968462241
-0.5494548217
-0.4959786420
-0.3764838745
-0.3485643085
-0.3607324006
-0.6311969708
-0.4436603539
-0.5467412913
-0.5161436097
-0.4112187867
-0.4328795346
-0.4215125786
-0.3481407438
-0.4592900021
-0.3947146060
-0.5446510757
-0.4040433519
-0.3188201512
-0.3980223787
-0.3581475360
-0.4096295720
-0.4531412273
-0.3818235072
-0.3162352384
-0.4476698907
-0.4395964543
-0.3906602407
-0.3847647058
-0.5041903205
-0.3113409194
-0.4669698418
-0.3930316812
-0.5123919763
-0.4478352785
-0.3891083567
-0.3133563010
-0.3746891373
-0.2198228374
-0.4123203437
-0.4091032435
-0.2616306364
-0.2931598594
-0.3313414682
-0.3053131298
-0.4072322195
-0.2559828799
-0.5336527706
-0.4151796661
-0.3513002678
-0.2280530421
-0.2373860263
-0.3051867591
-0.3008018322
-0.4195950570
-0.4659318535
-0.1724805148
-0.2254050638
-0.3916723867
-0.2563596162
-0.3250521774
-0.3742335221
-0.4222173309
-0.4177128123
-0.2956409351
-0.3138367810
-0.3278380045
-0.4567358300
-0.3861893456
-0.3732147174
-0.1360739810
-0.2282817330
-0.3282257503
-0.1961468045
-0.4120044702
-0.2198625376
-0.3113404908
-0.3780867605
-0.1265233707
-0.2728407072
-0.2893533516
-0.3527475469
-0.2956694960
-0.3165790638
-0.3823210859
-0.2926587957
-0.3927295116
-0.2307716021
-0.3432229125
-0.3472511724
-0.3963703538
-0.2274739832
-0.3152855499
-0.2735678713
-0.2283139070
-0.3013462122
-0.1901823116
-0.2295867856
-0.2320251659
-0.2470376584
-0.2823136876
-0.2760653448
-0.1625618447
-0.1912548398
-0.2499708532
-0.2137959760
-0.0722412844
-0.2575406075
-0.3305664426
-0.2462426912
-0.2446798008
-0.2859029656
-0.2252509724
-0.1504357813
-0.1221579230
-0.3969334324
-0.2347866799
-0.2371666537
-0.0585007091
-0.0457368329
-0.1584573711
-0.3318626474
-0.3270077295
-0.2082031236
-0.3455439375
-0.2040173002
-0.2370161481
-0.1448184051
-0.2575946492
-0.1000547816
-0.1696434738
-0.2321683733
-0.0292879225
-0.1549588242
-0.1436331719
-0.1518389130
-0.2385099209
-0.1820917480
-0.0904324740
-0.1414645369
-0.2495071324
-0.2259126639
-0.1975803920
-0.2029498651
-0.2274299447
-0.1404443598
-0.1903116255
0.0259313681
-0.2755776261
-0.0601412769
-0.1875892525
-0.2076776792
0.0305481907
-0.0355094839
-0.0778740413
-0.0340010582
-0.0831071531
-0.1202398822
-0.1891319321
-0.2296421974
-0.0578699895
-0.1473093381
-0.1702317095
-0.0616318545
-0.1153286467
-0.0680298990
-0.1780220669
-0.0518597524
0.0468677624
-0.1564645633
-0.0793795920
-0.1440205985
-0.0081183763
-0.0381959658
-0.0547834402
-0.0036274498
-0.0495041312
-0.0704732252
-0.0503308272
-0.0464909438
-0.0150743301
-0.0138332256
-0.0084206467
0.0187601804
-0.0253342610
-0.0307237103
0.0508877847
-0.1103129879
-0.1457566195
-0.1395487161
-0.1641961594
-0.0455856930
-0.0170967782
-0.0092122340
-0.1314904850
0.1431392793
-0.0077961662
0.0176348633
-0.0592375501
-0.0602941523
-0.2296330421
-0.0452317231
0.1152473433
-0.0201456923
0.0566293979
-0.1398172281
-0.0959179662
-0.0319423960
0.0104267159
-0.1136985956
-0.0624095019
-0.0471021674
-0.0157137915
-0.0504373139
0.0216968795
0.0299772308
-0.0099637801
0.1015590500
-0.0561010238
-0.1072915080
-0.0983621656
0.1057788026
0.0200642404
-0.0620962261
-0.0357590699
-0.0844022960
0.0711182518
-0.0092709353
-0.0465950308
0.0875053521
-0.1085230536
0.0329342938
-0.0360247151
0.0601836301
0.1388731660
-0.1241384821
0.1274365025
0.0432000951
0.0176214913
0.0354679245
0.2146437746
0.0648934202
0.0194726928
0.1328566771
0.0964147406
0.0660849890
0.1865101270
0.1209625157
-0.0386528978
0.1455015342
0.2007574464
-0.0408266482
0.0518039954
0.1829510785
0.0803807487
0.2424445702
0.1132063904
0.0000784948
0.0211560024
-0.0243989088
0.0165011938
-0.1392719734
0.0870223620
0.0438091279
0.0349792220
-0.0103718130
-0.0027230528
0.2610952001
-0.0289858104
0.1265708011
-0.1486779270
-0.0720348385
0.0328795237
0.0838522183
0.1265213043
-0.0109467239
0.0923538848
0.2055918718
0.2175804717
0.1425277287
0.1293255139
0.1093064966
0.1373847814
0.1559695372
0.0613645942
0.2025721342
0.1633964330
0.1268990716
0.2870836537
0.1477131897
0.2193076090
0.1028685505
0.0499348630
0.3486841399
0.0834238940
0.1382562886
0.1912396522
0.0770666145
0.1736537501
0.2121002147
0.1596442880
0.1959941873
0.0785948205
0.2192794872
0.2147174878
0.0433498328
0.0330117674
0.1718722296
0.1604464052
0.1175660774
0.2304012379
0.1665749368
0.1554783463
0.2048899837
0.2110024065
0.2460437285
0.1095108242
0.3063212113
0.1183192661
0.4057098045
0.1484041332
0.2804936289
0.2639815344
0.1779883046
0.2743522012
0.2537815191
0.1294587341
0.4202401416
0.3124226119
0.1906356534
0.3003533051
0.1941976910
0.2508278115
0.1558131269
0.2276179576
0.2716244950
0.3134268893
0.0224471973
0.2112630247
0.2163944287
0.1692268386
0.2049616959
0.2415513035
0.2405055277
0.2272188936
0.2952236798
0.4341341841
0.2447633732
0.2315844430
0.1208516208
0.2904605317
0.3474531034
0.2193078222
0.2164673605
0.2230598827
0.3466908108
0.3130144102
0.3807674883
0.4590196566
0.2534145182
0.3511066196
0.2934156789
0.3939187186
0.3995726578
0.2946023480
0.2504230754
0.3494083327
0.1377021747
0.3014626263
0.3352080360
0.3871623909
0.3342243414
0.1522774745
0.2957572446
0.2788299343
0.2900353128
0.1532773193
0.2895554173
0.2088290514
0.2650700834
0.1447744313
0.2497340136
0.2526247728
0.2636469908
0.4394242418
0.2326294746
0.3885612631
0.4385858867
0.3074896313
0.4118123324
0.3188025476
0.4468805310
0.3029695901
0.3665955285
0.3442035451
0.3076758418
0.4014231627
0.3465428412
0.4208587159
0.2778676762
0.4600114079
0.3324403385
0.2986890077
0.4364454407
0.3623086940
0.5470407474
0.4753882392
0.3228501100
0.2563802901
0.3386179857
0.4002222860
0.3588409226
0.3655603406
0.3695071388
0.4257891130
0.4277054184
0.2201107639
0.1988339468
0.3726183258
0.5268321982
0.4208987060
0.4540346630
0.3410462315
0.3607893165
0.4708156290
0.3593502931
0.3822880267
0.2072777836
0.3978806967
0.3792783878
0.4207808398
0.4478159821
0.3875772813
0.5225793298
0.4588868926
0.4577692316
0.3913718398
0.4997917309
0.2793358194
0.4790231422
0.4306164497
0.4664039992
0.5166324896
0.4326697559
0.4945054685
0.4073798021
0.3409979160
0.4093671790
0.4240670944
0.3823342133
0.5127909921
0.4304609948
0.6412302200
0.3872117556
0.5283422765
0.4287730261
0.4517947429
0.4073716656
0.4731723547
0.5039398698
0.4104120873
0.5810310819
0.2873226275
0.5006717300
0.4569895081
0.4882766073
0.4568973683
0.4348797859
0.4692554224
0.4800684882
0.4528426050
0.4515379327
0.5116866023
0.4326276694
0.4319869832
0.5213574027
0.3982485876
0.4097641452
0.4902407810
0.3610814422
0.6309681905
0.4451795266
0.6009195158
0.5257275984
0.5245567996
0.5626770941
0.4632014718
0.4050726086
0.6633989610
0.4017604482
0.4896071824
0.4952264486
0.5091185555
0.5477267964
0.5445512765
0.6286763944
0.4703483861
0.5114429253
0.5846428835
0.4537861995
0.5834595691
0.5895865479
0.6171457955
0.5145851040
0.3996466241
0.6904432947
0.5540352259
0.6179721240
0.6199328246
0.5494775321
0.6431956621
0.5071384566
0.6528671293
0.6141705605
0.5550955270
0.6899691526
0.4754005113
0.5607197317
0.5087865713
0.5096616331
0.7176733659
0.6058735033
0.6081847037
0.5990764178
0.6914696693
0.6247100035
0.5547396032
0.5805241123
0.6645810967
0.6336217134
0.5930033619
0.6716412697
0.7783673067
0.4577384400
0.6066829053
0.7128036348
0.7308324953
0.5321184541
0.7105727618
0.6033508720
0.6020674035
0.5748924984
0.6458792223
0.5934308175
0.7711191423
0.8764037274
0.5464286000
0.6208346132
0.5013353655
0.6710413998
0.7439273748
0.7183035870
0.6218444698
0.6854835974
0.6823589315
0.6030060370
0.7437268100
0.7179589914
0.6740963791
0.7897184737
0.7250659665
0.6410557319
0.6841928026
0.7607498957
0.7015467406
0.7419902150
0.5888800320
0.5863232741
0.6696387288
0.6605065163
0.8245682818
0.7436480109
0.8376998059
0.6782362326
0.7275371731
0.6183284173
0.5216975085
0.6637471092
0.7560990519
0.7941523585
0.7478716114
0.4926139496
0.6586986984
0.8358181270
0.7014210751
0.8206082307
0.7353569038
0.7386213347
0.9052783609
0.6347631025
0.7026758722
0.8227480346
0.6699537718
0.7503456096
0.7060543004
0.7587146631
0.6247589828
0.8123256467
0.6937557234
0.5798768430
0.6430049394
0.7084099752
0.8111996289
0.7134746497
0.7381609358
0.7402806974
0.7904892869
0.8838368179
0.7206356246
0.7988105185
0.8457463978
0.6912426696
0.7916934953
0.7960056890
0.8245301534
0.8944182234
0.8169187104
0.7047358879
0.7475562973
0.7413514834
0.6956958945
0.7848724092
0.7178902469
0.8498592499
0.8422021025
0.8174248783
0.8100719002
0.9696433218
0.8420440070
0.9759343932
0.8562162679
0.6311280006
0.7924700411
0.7780804737
0.8413632602
0.8057541535
0.7968492238
0.8425435663
0.8843369804
0.7006319644
0.8009425836
0.9621914409
0.8570204427
0.9603757537
0.8514993613
0.8997367465
0.9336673410
0.7099580010
0.7688892855
0.8362096752
0.9350254828
0.8563673114
0.9537166662
0.9693563612
0.8522687410
0.8194308154
0.7712547395
0.8493020438
1.0466266854
1.0013424031
1.0085437586
0.8255467222
0.8706827732
0.9844272681
0.9891946265
0.8301768712
0.8997204533
0.8481698796
0.8750042297
0.8558037135
0.8180216192
1.0010255719
0.8543759108
1.1850350349
1.0122143319
0.8320611764
0.9634401788
1.0609469672
1.0308195793
0.9201664829
0.9126346727
0.8661502758
0.9819339401
0.8576327661
0.8705791530
0.9813509808
0.8306600153
0.9209435503
0.7889531200
0.9787092753
0.9669190235
1.0447891006
1.0060597261
0.9044856550
0.9098633767
0.8214049158
0.9220384498
1.0925984387
0.9310786211
1.1016042390
1.0497647671
1.0645692192
1.0570753272
0.9870039924
0.9556545156
1.0038375322
1.0060926101
1.0540995753
0.9172638936
1.1047662363
0.9615260723
1.0222217029
1.0759777021
1.1371277864
1.0318475050
0.9788704228
1.0494388245
0.8998543982
1.0278333416
1.1088633961
1.1125932631
