-0.9775214035
-0.9329558460
-0.9831267302
-0.9803077774
-1.0522706615
-0.9186325346
-1.0539071001
-1.0102774239
-0.9014371618
-0.9285222013
-0.9528790890
-0.9249486630
-0.9938182481
-0.9659873605
-1.1209725719
-0.9318393667
-0.9887084858
-0.9249698111
-0.9675520347
-1.0867831687
-1.0755844790
-0.8379672698
-0.8455937722
-0.8835243083
-0.8747152261
-0.9379573746
-1.0006906052
-0.8737321739
-0.9446084643
-1.0137353731
-0.8835990960
-0.8395049428
-0.9219490441
-0.6131955337
-0.9519254921
-0.8269738989
-0.8053265599
-0.9737329444
-0.8895795805
-0.9266106938
-0.9478773304
-0.9635430288
-0.7895689834
-0.9308148493
-0.9739564120
-0.8652812866
-0.7616911574
-0.7565193413
-0.9154865007
-0.8983338529
-0.9741998736
-0.8591638230
-0.7391110719
-0.8063264516
-0.9463391982
-0.9999935849
-0.8142793980
-0.9328711432
-0.8386730022
-0.9387880627
-0.7805615576
-0.8921641534
-0.8670221559
-0.8093414081
-0.7581375926
-0.8444528372
-0.9550536536
-0.8597685888
-0.9320736514
-0.8569136897
-0.8276043067
-0.7612351315
-0.8731958403
-0.8664847011
-0.9843725991
-1.0460021472
-0.9162094971
-0.8998757712
-0.9898450660
-0.9859059031
-0.8748256097
-0.7378104984
-0.7331743642
-0.8513867324
-0.7048725313
-0.8148791389
-0.9156786895
-0.8413584699
-0.8208882716
-0.8290300643
-0.9193137858
-0.7727953835
-0.8103789038
-0.9111603791
-0.7658705945
-0.7239107559
-0.8035006788
-0.8340886317
-0.8918596145
-0.9283746383
-0.9101664903
-0.8464855828
-0.7624366056
-0.7062265951
-0.7792483052
-0.7070366636
-0.6476973638
-0.7544468664
-0.7626604792
-0.7877147269
-0.7012535878
-0.7715944220
-0.7946812282
-0.7287399006
-0.8873276013
-0.6561164069
-0.7842598274
-0.7739035876
-0.6395175852
-0.8317347020
-0.6867371480
-0.6861373617
-0.6884542470
-0.6815444373
-0.5733071418
-0.8646245609
-0.7131243278
-0.7403968592
-0.9239804363
-0.7903192345
-0.7462170766
-0.6413104846
-0.7961409579
-0.7944628550
-0.7683459418
-0.6434738444
-0.6730664601
-0.7917328787
-0.8012025320
-0.8624893886
-0.6564947538
-0.7682361453
-0.6288025693
-0.7725498782
-0.6323344706
-0.7357002584
-0.6311297296
-0.7017656761
-0.8830983439
-0.6297851926
-0.5297852531
-0.6681384449
-0.8482201924
-0.7586120964
-0.6856338033
-0.7276530213
-0.5814412995
-0.7716989455
-0.7450181192
-0.5929547396
-0.7542470677
-0.7554167953
-0.7267300592
-0.6608801122
-0.5303452777
-0.6374339423
-0.6122783665
-0.5940115991
-0.6179695286
-0.7129808849
-0.7260314016
-0.5987673508
-0.6321634185
-0.6522778166
-0.6278677572
-0.5879997496
-0.5536868437
-0.7015722396
-0.6959340232
-0.5836827657
-0.6841386316
-0.5941990124
-0.6547134664
-0.6606596005
-0.5359770423
-0.5985740423
-0.8181702391
-0.4907908018
-0.6730439362
-0.6164356917
-0.6261909025
-0.5153126789
-0.5890897227
-0.6260253267
-0.7307640963
-0.7386484604
-0.6520743494
-0.7107889930
-0.6236715119
-0.5846893162
-0.5287211296
-0.6995484015
-0.5507051387
-0.6155388669
-0.5405477425
-0.6377246454
-0.6308550056
-0.5769652121
-0.5797818583
-0.5135491691
-0.5617272887
-0.4661861601
-0.4687835390
-0.6385326741
-0.5339426886
-0.6248142396
-0.4467197787
-0.5777335494
-0.6273101317
-0.6378798271
-0.5655767065
-0.4141332234
-0.5698510312
-0.5356447791
-0.5584259125
-0.5518246696
-0.5891119557
-0.6247551104
-0.5079721654
-0.7152610283
-0.5158657192
-0.5330554414
-0.4141307845
-0.6424048279
-0.4863039232
-0.6152833865
-0.4520777738
-0.5527825752
-0.4976677540
-0.7018674822
-0.6508034827
-0.6313145535
-0.4822517894
-0.6477757501
-0.5738382041
-0.5674857762
-0.3823636760
-0.4792198438
-0.4202814886
-0.4847273035
-0.4514294494
-0.4836196777
-0.4350694554
-0.4974065133
-0.4067706456
-0.5057715648
-0.5865749007
-0.4798396206
-0.4276803872
-0.4639409164
-0.4727113776
-0.5167152446
-0.3165921558
-0.5250992871
-0.4503070134
-0.5006451463
-0.4804357344
-0.4525668945
-0.5319399569
-0.5258431947
-0.3050645528
-0.4057973626
-0.4988052486
-0.5838365294
-0.4867530904
-0.5093681736
-0.3776911574
-0.2932372948
-0.5793864048
-0.4287437756
-0.4258801530
-0.4571259914
-0.3941715904
-0.3986984736
-0.3724426375
-0.3662196162
-0.3989313404
-0.4917209213
-0.5015317666
-0.3405949128
-0.4543512548
-0.3979796181
-0.3099853835
-0.3525021419
-0.5062215771
-0.5441212373
-0.3777432261
-0.2964034194
-0.4101389955
-0.4969416267
-0.3970999952
-0.3574551023
-0.4174316969
-0.5459731512
-0.3953033016
-0.5913951939
-0.4373349124
-0.3425493742
-0.3461761130
-0.4102767075
-0.4833961885
-0.5034754953
-0.3272386943
-0.4477982001
-0.2332353973
-0.4325696450
-0.3441359519
-0.4219318376
-0.3727660536
-0.3414276797
-0.3066825064
-0.3932005052
-0.4376251437
-0.2119840374
-0.4364403589
-0.3955038811
-0.3817081469
-0.4318353927
-0.2523850131
-0.2947463122
-0.2093763873
-0.3019486729
-0.2658266555
-0.3306380611
-0.3544243827
-0.3244590774
-0.2094292927
-0.3009799762
-0.3027262857
-0.2910083870
-0.2975547232
-0.2157892368
-0.2563746254
-0.4487814822
-0.2874428116
-0.3415578671
-0.2463688191
-0.4014855830
-0.2443583798
-0.3858977493
-0.2777757585
-0.4191038506
-0.3625187809
-0.3034122496
-0.4008570907
-0.2886072315
-0.2744887821
-0.3009267215
-0.2701960318
-0.3734180275
-0.2075499344
-0.4312361432
-0.2375771980
-0.2289509313
-0.2081501577
-0.1834127991
-0.3888346731
-0.2767462938
-0.0890157502
-0.3572277558
-0.2060134124
-0.2703558743
-0.0999548303
-0.2937448747
-0.2307747469
-0.2101359991
-0.3228892145
-0.2651831341
-0.1465284848
-0.2837855654
-0.1297215123
-0.1475435232
-0.1842498716
-0.0674898763
-0.2605909426
-0.2403883509
-0.2398632625
-0.0795794189
-0.2794283526
-0.3074607413
-0.1328649938
-0.2629324227
-0.2950008817
-0.2452411722
-0.2142186862
-0.1711021597
-0.2727292203
-0.2306407714
-0.3156790485
-0.1639688725
-0.2813165402
-0.2204621484
-0.1686210742
-0.3325946920
-0.0670267792
-0.2136828411
-0.0801780158
-0.2447040194
-0.3743063834
-0.1605011030
-0.0565176941
-0.2089577652
-0.0936730779
-0.2161922004
-0.0990472264
-0.1822658926
-0.2805066627
-0.0062099536
-0.2007364529
-0.2612092422
-0.2785277577
-0.1819672369
-0.0953954755
-0.2933463043
-0.0806586435
-0.2523032162
-0.1715814738
-0.1652645698
-0.2146180637
-0.0003762059
-0.2307260010
-0.2578779346
-0.1993182355
0.0190015714
-0.0143566263
-0.0878551956
-0.1680361064
-0.0676005711
-0.1423239660
-0.0755240953
-0.0491140367
-0.1725354996
-0.1874660580
-0.1954962814
-0.1666402046
-0.1017920436
-0.1633232944
-0.0972181501
-0.0210988535
-0.1799256605
-0.1517536940
-0.1558149459
-0.0151127608
-0.1150490941
-0.0722303053
0.0612921088
0.1230814474
-0.0133456079
-0.0506018338
-0.1265207863
-0.0419852197
-0.1268609405
-0.2351896022
-0.0545356840
-0.0809115655
-0.0404328832
-0.0400372102
0.0748261879
0.0176819816
0.0013234592
0.0405516323
0.0129949940
-0.1410776632
-0.0422147368
-0.0472939802
-0.0140270946
-0.0631014060
0.0328078098
-0.0680733908
-0.1406254029
-0.0681507703
-0.0832030554
-0.0781547031
0.0805518056
-0.1733751825
0.0645319598
0.0954771687
-0.1125678521
0.0918454422
0.0255583488
0.0794021002
0.1003642693
-0.0248331530
0.0712426519
0.0642939258
-0.0079533933
-0.0164099419
0.0113686045
0.0062642444
0.0600060515
0.0266475665
0.0736010365
-0.2035196655
0.0513366796
0.1193414510
0.0185374701
0.1527642592
0.1181473574
-0.1179561640
0.0590996370
0.1546596951
0.1415527453
0.0354875664
0.0030646484
0.0910980065
0.2300781547
-0.1358102557
-0.0028508473
0.0478623429
0.0452666899
0.1801933559
-0.0045057570
0.0656404258
-0.1608445846
0.1800393160
0.0007494823
0.0157717285
0.0194193870
-0.0144121753
0.0678700905
0.0586562005
0.1477864851
0.1492865111
0.1828855325
0.0021185303
0.0505858507
0.0952412544
0.0025922927
0.1249622326
0.0498159040
0.0553938733
0.0914467799
0.0634984723
0.1381817546
-0.0208116310
-0.0148661014
0.1835760374
0.0692337628
0.0897563733
0.1113722105
0.2336514459
0.1125875481
0.1959178873
0.0887824505
0.0567177309
0.1040385922
0.1543512047
0.1908002834
0.1645094565
0.1694438190
0.0924623645
0.2767120945
0.1338082148
0.0138989143
0.1268209173
0.1500096692
0.1026638395
0.1836250073
0.1288426846
0.1798331088
0.0721159808
0.0785210646
0.1490210240
0.2679184036
0.0929065172
0.1339002187
0.2037547937
0.1450189526
0.2028095065
0.1083849456
0.1282486899
0.1804555632
0.0508974282
0.1385510569
0.1366960506
0.1325482914
0.1744668421
-0.0517422721
0.2340888567
0.2770927866
0.0705349896
0.2291050932
0.1072769449
0.1070134420
0.1325291366
0.3151269065
0.2193144781
0.2565398700
0.3132547099
0.2180341455
0.1888876252
0.2682157071
0.0086140949
0.2978430989
0.2151461720
0.2207458206
0.2735859795
0.3410789025
0.2863796524
0.2372453575
0.1614968767
0.2105707955
0.0964650156
0.2607753154
0.2186046635
0.3023330387
0.3329866684
0.3638634484
0.1135829691
0.0917779279
0.3289403572
0.2696079878
0.3216642039
0.1988112939
0.1560759499
0.3132815143
0.1910869661
0.2690292688
0.2811220738
0.2458327899
0.2306514148
0.3077742933
0.3415326187
0.3454089398
0.3695012043
0.2203165071
0.3133551221
0.2009552623
0.1784080706
0.1431360747
0.3450106658
0.1069937317
0.4155974987
0.1844412400
0.2597505190
0.4296295657
0.2303725201
0.3913643649
0.4039147542
0.4056519560
0.2408492061
0.1153181272
0.2802857125
0.1549153269
0.2649086515
0.2123430317
0.3003796710
0.3109146938
0.2567051684
0.3941578172
0.3880832800
0.3931343889
0.2822203561
0.5037312416
0.3106822381
0.4771940441
0.3774921082
0.2430483887
0.4095316398
0.3298927100
0.3162984227
0.4386476580
0.1871983852
0.2697018020
0.3596477251
0.4671027051
0.3057907691
0.3980931302
0.3713379414
0.2489751023
0.3217083533
0.4156657214
0.3171603437
0.3425919732
0.3840877329
0.4803646369
0.2467861032
0.1928242499
0.3886865118
0.3996954393
0.4418798617
0.2540095594
0.2904577846
0.3949114801
0.4081321219
0.3801692065
0.2834420308
0.4232571327
0.3159045726
0.3163605373
0.4326734528
0.4470666395
0.3877046610
0.3561777921
0.3973413037
0.2588464309
0.4605807644
0.4783577314
0.4558508797
0.3921993385
0.4061261180
0.4428309586
0.4767234458
0.4009633796
0.3952116374
0.5233490850
0.4724181664
0.3969626573
0.4760095278
0.4239430513
0.4131898171
0.5198981978
0.3765970402
0.4709592240
0.5058477578
0.3490477030
0.4609614625
0.4540883532
0.5190896542
0.4416667928
0.4433128906
0.4258949468
0.4322774086
0.4480818490
0.4514876143
0.4690190510
0.4931350229
0.3834600622
0.5521555752
0.4914453014
0.2970039313
0.3807071700
0.4470603005
0.4028533992
0.4423070614
0.4982686443
0.3341638485
0.4447967040
0.3793321712
0.5268905969
0.4583768167
0.5519345180
0.5871489843
0.4500970398
0.5339177666
0.6176157865
0.4177017625
0.4437250831
0.5675481626
0.6555874698
0.4495756869
0.6195761788
0.6076801921
0.4864194026
0.5378708783
0.5923573471
0.4676532440
0.4299226685
0.5448746507
0.4584949632
0.5118339202
0.5047370616
0.4864501511
0.6393011802
0.5053237314
0.5483004202
0.4486385912
0.5806253413
0.5269807584
0.5441108624
0.5216366379
0.6187040998
0.5531717614
0.5773087713
0.4233707957
0.6694642697
0.5360865145
0.4972837218
0.4538312338
0.7110183567
0.4729413036
0.6035927462
0.6104087860
0.6704005917
0.7540528907
0.5361493737
0.5008196924
0.5899405571
0.5500710926
0.5812727854
0.6158730794
0.5589265086
0.7796161725
0.6893066227
0.5540925064
0.6196598636
0.5866710135
0.6738027387
0.5981382157
0.7191360559
0.7573971284
0.5886168181
0.5848972196
0.5981141185
0.7524175951
0.8104914068
0.6137832468
0.6262716920
0.6531380664
0.6049525617
0.7843862232
0.6071921057
0.6562389025
0.6161912001
0.7743297588
0.6870222976
0.6654518962
0.6290099086
0.6331482187
0.8139619069
0.7115635059
0.6490774542
0.6705936037
0.5329898151
0.7271874650
0.6080374215
0.6416192679
0.7778847616
0.6134806191
0.6668050606
0.7007133607
0.7320477647
0.6473450214
0.8480291991
0.6347026276
0.7016056084
0.7331122283
0.5697164120
0.8033173841
0.7533304868
0.6311771544
0.6500032078
0.6259241554
0.6518038035
0.6196739753
0.6371078642
0.8088215557
0.7222669406
0.7061954025
0.7937878112
0.7562027237
0.7634043644
0.7633333657
0.7897815507
0.6569625476
0.7510434136
0.6204411885
0.7970790775
0.6836888860
0.6022118793
0.7673230646
0.7075206544
0.8466646846
0.7766148051
0.8280103247
0.7230469762
0.7191613230
1.0227213769
0.7156825071
0.8536990430
0.7610331670
0.8425952083
0.7227119996
0.7048019826
0.7609910053
0.8578048639
0.6531469997
0.6612417420
0.8430794355
0.8932711161
0.8335593778
0.6986037922
0.8431526442
0.7650490279
0.8525219062
0.7311918324
0.8546562274
0.8195818708
0.8880402321
0.8991216324
0.7978693841
0.7633894495
0.8386017540
0.7047822738
0.7732874378
0.8803151387
0.8123014187
0.8077608989
0.7906918591
0.7937413232
0.6640553795
0.7625412041
0.7899363143
0.9112663573
0.7880739212
0.8162030647
0.8711464422
0.8201535208
0.8618029993
0.7872137406
0.7296681589
0.7672176914
0.7036890390
0.8502629871
0.8383721214
0.7890547713
0.9538202928
0.7536386519
0.8693719632
0.7460661254
0.8785890082
0.8567135179
0.8784939593
0.7968168704
0.9452230089
0.8421127176
0.9780330734
0.9193470045
0.8022965017
0.8561234317
0.9297601063
1.0558064873
0.9417427513
0.8717375817
0.8554461371
1.0155418882
0.7816359017
0.8326829147
0.9496026526
0.9796840581
0.9303645642
0.9646990899
0.8516535348
0.9914370738
0.8749560720
0.7905367159
0.8149207730
0.9550073983
0.9666152380
0.8188136658
1.0432257921
0.7317503078
0.8638226046
1.0468821676
1.0036230615
1.0494030848
0.9871889516
1.0401949237
0.8564020970
0.9783248555
0.9153428267
1.1934173038
0.8929829295
0.8500392998
1.1013426442
1.0048275795
0.9877557523
0.9894174874
1.0315373640
0.9314500201
1.0372357670
1.0484213858
0.9567409378
0.8345496068
0.9534226466
0.8474404568
0.9117835748
0.9579066590
1.0913026549
1.0001257349
1.0114181588
1.0413841396
0.9914866829
0.8856367224
0.9185017122
0.9621770831
1.0107287792
1.0013816606
1.1110261662
0.9591255805
