-0.9983244412
-0.9314329783
-1.0088079421
-0.9889919625
-1.0450238836
-0.9049155348
-1.0500015036
-1.0033112687
-0.9069620869
-0.9291984792
-0.9704697843
-0.9518557609
-0.9948748721
-0.9750326627
-1.1246485613
-0.9278371386
-1.0186219059
-0.8907034823
-0.9765518540
-1.0910367221
-1.0698520258
-0.8586360475
-0.8477973650
-0.8754807654
-0.8568504598
-0.9290361267
-1.0181829147
-0.8598520259
-0.9287770305
-1.0155786332
-0.8838961523
-0.8227300395
-0.9369878882
-0.6002876841
-0.9547966477
-0.8311678987
-0.7931090580
-0.9903545213
-0.8875510224
-0.9291317434
-0.9684488022
-0.9612100247
-0.7917687465
-0.9347217250
-0.9964547417
-0.8583932909
-0.7582040398
-0.7677263825
-0.9310708116
-0.8886195344
-0.9628495289
-0.8551557514
-0.7637868934
-0.8042012674
-0.9649337563
-1.0117182376
-0.8000924398
-0.9082702754
-0.8516388727
-0.9428988478
-0.7990008151
-0.9111156998
-0.8577704330
-0.8170855221
-0.7675114256
-0.8248191878
-0.9519655470
-0.8593227841
-0.9572279051
-0.8737722087
-0.8283394305
-0.8041530329
-0.8852602533
-0.8813637632
-1.0029436905
-1.0497417059
-0.9354644409
-0.8777037202
-0.9612724010
-0.9688443731
-0.8884804475
-0.7232409056
-0.7462595768
-0.8535943249
-0.7031100056
-0.8010310092
-0.9094090771
-0.8377096620
-0.8076716975
-0.8141533604
-0.9020713640
-0.7994563910
-0.8195163949
-0.8909834081
-0.7886595122
-0.7422744178
-0.8039298897
-0.8311673760
-0.8955925331
-0.9166583355
-0.8858998085
-0.8286080390
-0.7600456218
-0.7020939843
-0.7780329217
-0.7080014668
-0.6549838210
-0.7586585984
-0.7734286420
-0.8030906617
-0.7098815527
-0.8010137195
-0.7874259140
-0.7191427709
-0.8759835919
-0.6674734416
-0.7708276341
-0.7768142930
-0.6322627773
-0.8357810693
-0.6873482869
-0.6964814145
-0.6891504224
-0.6907157030
-0.5854814379
-0.8570301778
-0.7193750386
-0.7392735549
-0.9246134857
-0.7800969495
-0.7234221928
-0.6441456278
-0.7959342278
-0.8094203641
-0.7740417090
-0.6376695070
-0.6673045803
-0.7643603573
-0.7995430717
-0.8534241299
-0.6693202434
-0.7635402014
-0.5980644659
-0.7565845467
-0.6173389269
-0.7262584436
-0.6148648756
-0.7183900474
-0.8720852871
-0.6287101540
-0.4961187674
-0.6744870363
-0.8514902103
-0.7740044293
-0.6928715705
-0.7451957675
-0.5824303291
-0.7849237173
-0.7518808038
-0.6097780447
-0.7495507342
-0.7414371585
-0.7521609679
-0.6308271390
-0.5410193156
-0.6435663508
-0.6046129209
-0.6019920147
-0.6362743293
-0.6971323963
-0.7245787325
-0.6064001814
-0.6082784878
-0.6629821830
-0.6218504581
-0.5932569969
-0.5529245072
-0.6999532653
-0.6886459084
-0.5766384956
-0.6814478990
-0.6290577298
-0.6517949592
-0.6563567913
-0.5745036026
-0.5596865662
-0.8145620294
-0.4987617326
-0.6769533081
-0.6088054310
-0.5958579894
-0.5101734145
-0.5969137650
-0.6164252646
-0.7395841577
-0.7438032457
-0.6575070885
-0.7218473535
-0.6277545505
-0.5629969807
-0.5494416115
-0.7033052654
-0.5441504132
-0.5887604570
-0.5476611577
-0.6512339816
-0.6080047858
-0.5890957644
-0.6131028061
-0.5248109109
-0.5916026358
-0.4688343773
-0.4746050260
-0.6402017031
-0.5570940313
-0.6115921628
-0.4517951989
-0.5738503782
-0.6249613294
-0.6450797632
-0.5843579827
-0.4313138871
-0.5772964116
-0.5343883912
-0.5705082128
-0.5228166387
-0.5946522760
-0.6064408917
-0.4785408399
-0.7257019972
-0.4871497939
-0.5401807801
-0.4326418646
-0.6186528804
-0.4781572859
-0.6075218344
-0.4554304390
-0.5583512519
-0.5009435639
-0.7269041044
-0.6426538639
-0.6171866642
-0.5064478458
-0.6590431633
-0.5709946042
-0.5799370375
-0.3832945047
-0.4818095661
-0.4031639173
-0.4974734949
-0.4275992019
-0.4706791641
-0.4633164746
-0.4913362599
-0.4122200467
-0.4808550757
-0.5819183557
-0.4757387578
-0.3982461906
-0.4515945546
-0.4668655367
-0.4878474390
-0.3216668766
-0.5240891420
-0.4688634726
-0.5000857307
-0.4695399401
-0.4716737776
-0.5342973327
-0.5027812317
-0.3220588658
-0.3735212974
-0.4531417409
-0.5779113344
-0.4980578248
-0.4769050548
-0.3570010576
-0.3035410057
-0.5927782617
-0.4204407243
-0.4344244487
-0.4687702567
-0.3883964558
-0.4122448732
-0.3598956151
-0.3486822763
-0.4018904194
-0.4802032478
-0.4875968745
-0.3455123133
-0.4381805147
-0.4153160990
-0.3118850483
-0.3595627632
-0.4862171345
-0.5448403885
-0.3778802007
-0.3175700060
-0.4146037099
-0.5106063717
-0.3832632320
-0.3446948769
-0.4210857655
-0.5632766033
-0.3934430275
-0.5927248829
-0.4260934824
-0.3123693127
-0.3729693736
-0.3910122526
-0.4967781368
-0.4956715942
-0.3259196352
-0.4573810722
-0.2186243639
-0.4263752876
-0.3466992001
-0.4003760933
-0.3791944766
-0.3498914461
-0.3094522553
-0.4216137234
-0.4179383105
-0.2059458786
-0.4317080223
-0.4221181275
-0.3887501079
-0.4362907129
-0.2608751567
-0.3045600103
-0.1992078921
-0.3163389613
-0.2640341320
-0.3506251364
-0.3698955473
-0.3156081435
-0.2158965135
-0.3080419376
-0.3156819762
-0.3000967789
-0.2918095962
-0.2291739804
-0.2527519727
-0.4454935740
-0.2832943799
-0.3738774435
-0.2491746755
-0.3859513010
-0.2454737282
-0.3708805784
-0.2725627611
-0.4086332864
-0.3684315962
-0.3051542311
-0.3703835847
-0.2930891187
-0.2656628592
-0.3198162415
-0.2572892431
-0.3633822669
-0.1875925239
-0.4347050110
-0.2411785307
-0.2249021253
-0.2307676087
-0.1849894786
-0.3875719599
-0.2822683267
-0.0955563356
-0.3712405635
-0.1850488342
-0.2924217013
-0.1005111418
-0.2892692064
-0.2355047733
-0.2220616094
-0.3046732575
-0.2431111229
-0.1297431081
-0.2612535612
-0.1588597234
-0.1587266783
-0.1792726684
-0.1003574050
-0.2390823608
-0.2338185246
-0.2479155797
-0.0712865753
-0.2900693766
-0.3027484752
-0.1284659643
-0.2636498017
-0.2831316919
-0.2305615251
-0.2215395178
-0.1741184079
-0.2808905576
-0.2305413120
-0.3089838366
-0.1718412307
-0.2793003572
-0.1944637970
-0.2032760971
-0.3303837596
-0.0699937564
-0.2322544572
-0.1094537170
-0.2338601310
-0.3576280175
-0.1572981426
-0.0680389792
-0.2104370877
-0.1273019293
-0.2138734063
-0.1091596759
-0.1737615640
-0.2933264783
-0.0339919451
-0.2179257131
-0.2362508875
-0.2772631429
-0.1835850117
-0.0860837078
-0.3075855668
-0.0775470231
-0.2612563076
-0.1760075595
-0.1568985598
-0.2283071398
0.0061383443
-0.2307752251
-0.2816251524
-0.1982426391
0.0279646509
-0.0334535956
-0.0825922512
-0.1822236832
-0.0885558900
-0.1406550629
-0.0532724193
-0.0560199885
-0.1684125922
-0.2042913357
-0.2177960337
-0.1759192600
-0.1246137504
-0.1671258095
-0.1015557298
-0.0054980198
-0.1807411245
-0.1539435635
-0.1807164664
-0.0095820234
-0.1096361193
-0.0840142892
0.0425550891
0.1177336499
-0.0117120414
-0.0459577996
-0.0954761704
-0.0244555594
-0.1272069799
-0.2173086872
-0.0390839145
-0.0884355459
-0.0283913495
-0.0380863868
0.0760279692
0.0036942809
0.0113729438
0.0486864275
0.0022758327
-0.1129034510
-0.0456116129
-0.0171490636
-0.0026894955
-0.0597546595
0.0536222410
-0.0603070577
-0.1584387591
-0.0693845672
-0.0706122880
-0.0867024237
0.0893519581
-0.1913637592
0.0524516607
0.1080460932
-0.1113292728
0.0694556475
0.0308032712
0.0736179145
0.1014150678
-0.0283217519
0.0855308631
0.0596114171
0.0119531042
-0.0321162687
0.0041642258
0.0052426899
0.0582779021
0.0097968869
0.0657736060
-0.2034824154
0.0371010869
0.1080076262
-0.0030945347
0.1434324169
0.1303174612
-0.1193425591
0.0294405741
0.1285795261
0.1423686312
0.0157678867
-0.0114457494
0.0819419096
0.2323049628
-0.1193726265
-0.0226291895
0.0366538514
0.0353251629
0.1703002263
0.0174691194
0.0554473492
-0.1499551831
0.2001892932
0.0228989811
0.0177053060
0.0115662305
0.0078548988
0.0765609608
0.0806390270
0.1373077231
0.1470625293
0.1752291322
-0.0129584358
0.0574862960
0.0930308527
0.0181098914
0.1109750865
0.0429161769
0.0341541844
0.1004964859
0.0940043322
0.1485656060
-0.0381975978
0.0225022807
0.1806114146
0.0645025459
0.1042865662
0.1202210969
0.2338438635
0.1093738863
0.1962399696
0.0747964865
0.0907534472
0.0943004433
0.1480103048
0.1843554609
0.1633497810
0.1681752640
0.1077733345
0.2717526970
0.1174323208
-0.0092239519
0.1417419975
0.1375431963
0.0998090706
0.1687465427
0.1248357030
0.1541076311
0.0585490230
0.0821566576
0.1423854089
0.2821722930
0.0840800493
0.1227327634
0.1800619425
0.1402003515
0.1812461096
0.1152455894
0.1582686197
0.1888062152
0.0414726399
0.1405793733
0.1337114295
0.1084756417
0.1657401538
-0.0656175724
0.2397884922
0.2761965071
0.0736479927
0.2371126020
0.0860161264
0.0953387646
0.1426993642
0.3100035676
0.2078725910
0.2236385113
0.3138733220
0.2452807029
0.1785991290
0.2474402812
0.0085385285
0.2890501826
0.2051751559
0.2014316444
0.2716043720
0.3476498607
0.2719135967
0.2427986274
0.1487683538
0.1908736789
0.0929721397
0.2330235935
0.2114586484
0.2951271957
0.3147176512
0.3596603539
0.1219044493
0.0859089583
0.2983228066
0.2900830504
0.3500163304
0.1730068995
0.1609179955
0.3285179411
0.1733182445
0.2410050437
0.2608345065
0.2502717747
0.2160837639
0.2921089016
0.3482383080
0.3565259527
0.3419150495
0.2137276432
0.3082986363
0.2180639150
0.1740540930
0.1397487508
0.3457553430
0.0789557275
0.4126617875
0.1707547646
0.2805117953
0.4275902642
0.2128388493
0.3923287247
0.4132929852
0.3951491417
0.2364831845
0.1204453017
0.2854652808
0.1636858496
0.2593905745
0.2150231654
0.2862794843
0.2898727948
0.2561019386
0.4088115219
0.4117518099
0.3875008611
0.2811424599
0.5115030453
0.3163481071
0.4721820099
0.3286461946
0.2454191414
0.3815678169
0.3588751039
0.3319343386
0.4256209270
0.1760396273
0.2513833059
0.3517238550
0.4466681337
0.3009567744
0.4074271580
0.3559915527
0.2596366447
0.3321787044
0.4285631426
0.3124053445
0.3402681265
0.3897825770
0.5087186436
0.2467662605
0.1608555408
0.4205479824
0.3963196768
0.4434258436
0.2535427579
0.2755118551
0.3981350679
0.4072154908
0.3898556103
0.2827008456
0.4459754552
0.3081030725
0.3270543129
0.4395644376
0.4747864436
0.3685928216
0.3808044161
0.4317986342
0.2396439756
0.4320172761
0.5199296197
0.4467948849
0.3775730592
0.4015578772
0.4383941830
0.4938562352
0.4066370967
0.4068421793
0.5233950045
0.4383550700
0.3915210827
0.4803783722
0.4269609479
0.4235138030
0.5367293520
0.3750608639
0.4784577336
0.4910406725
0.3528484751
0.4529988798
0.4350231485
0.4821372558
0.4684378981
0.4550618320
0.4320963564
0.4405480271
0.4501274890
0.4622540752
0.4516961458
0.4978741200
0.3835266547
0.5182415410
0.4838723169
0.3116143721
0.3724848000
0.4460957787
0.4081507543
0.4256864899
0.4954461379
0.3337693212
0.4246303337
0.3513965061
0.5122094168
0.4846676107
0.5536832130
0.5933167917
0.4213782986
0.5350574170
0.6082226539
0.4122605854
0.4700254718
0.5657676024
0.6545764124
0.4514994973
0.6360378290
0.6169111035
0.4754667179
0.5433977367
0.6035040504
0.4485266650
0.4329152469
0.5495092671
0.4969695218
0.5119204389
0.5004192054
0.4887918468
0.6460522644
0.5120984528
0.5635656825
0.4340837434
0.5762238073
0.5270346231
0.5580296017
0.5124926071
0.6217555059
0.5281316340
0.5765541988
0.4495119027
0.6566837425
0.5397896647
0.4994299803
0.4474454691
0.7033529074
0.4708550509
0.5937758466
0.6132956335
0.6960343964
0.7172664802
0.5559914813
0.4766287017
0.6039485173
0.5643073209
0.5958006433
0.5655691061
0.5506337552
0.7739464603
0.6853877640
0.5511927166
0.6207449437
0.5688752364
0.6803031569
0.6071917839
0.7136177023
0.7681421386
0.6025846734
0.5617486426
0.5788872145
0.7147126834
0.8026752405
0.6128259995
0.5902870678
0.6549765835
0.5894674503
0.7632476148
0.6104543325
0.6395483417
0.6094722746
0.8086398081
0.7031391405
0.6715115002
0.6061093132
0.6072274093
0.8033019479
0.7357373802
0.6405771553
0.6486014825
0.5532860919
0.7382570472
0.6172042893
0.6376296772
0.7731113959
0.6220587949
0.6769935106
0.7061485076
0.7238400486
0.6720372072
0.8387850183
0.6352458067
0.7061167542
0.7391428746
0.5694180203
0.8000285994
0.7598678478
0.6319457885
0.6633242539
0.6396716207
0.6511218080
0.6248236139
0.6587443822
0.8221077481
0.7360624599
0.6787145804
0.7953953387
0.7527612882
0.7587044642
0.7444168726
0.7681813877
0.6598749020
0.7535570554
0.6107704042
0.7857448112
0.7007792387
0.6045488426
0.7737805230
0.6952856836
0.8525695586
0.7722173648
0.8590273277
0.7325539842
0.7054855051
1.0239676704
0.7201700032
0.8417094732
0.7539874503
0.8330880780
0.7205665689
0.6976331349
0.7555555896
0.8620550081
0.6438515859
0.6678085213
0.8198876658
0.8714775128
0.8273016469
0.7106213074
0.8535755581
0.7580760221
0.8118837403
0.6951720162
0.8580046830
0.7994503662
0.8627871516
0.8912633964
0.7921821152
0.7807528029
0.8556287031
0.6676410045
0.8088901763
0.8712812116
0.8133472787
0.8203702997
0.8190548163
0.7715096945
0.6690648413
0.7636043019
0.8013590298
0.9105605549
0.7959866490
0.8095435052
0.8833551975
0.8142911529
0.8442847034
0.7775478573
0.7061648005
0.7832907289
0.7175539236
0.8749515610
0.8237185015
0.7905263565
0.9538547430
0.7485775340
0.8535287076
0.7305213697
0.8753828791
0.8286872752
0.8764009910
0.7807028823
0.9404734174
0.8419272876
0.9546743899
0.9420903554
0.8113105529
0.8621718201
0.9265447535
1.0749661946
0.9369046161
0.8555768343
0.8548309419
1.0050501469
0.8016825482
0.8184904813
0.9281428523
0.9664979824
0.9129811759
0.9810509787
0.8582858465
0.9795550933
0.8592725194
0.7848169205
0.8266739255
0.9539397545
0.9589134781
0.8092910524
1.0439011626
0.7235385443
0.8839942750
1.0877460474
0.9890615016
1.0746034791
1.0078930194
1.0393378523
0.8548141279
0.9721418510
0.9107618315
1.1800796597
0.8935154497
0.8549586537
1.0834643761
1.0060211088
0.9993933855
1.0174860925
1.0278186657
0.9277357332
1.0157368941
1.0313817379
0.9354760632
0.8224722484
0.9771034322
0.8671639895
0.9145968454
0.9953649737
1.0936345206
1.0099733678
0.9865335442
1.0168330075
0.9891466986
0.8879778501
0.9062779352
0.9758715894
1.0124893075
1.0054219757
1.0741486651
0.9857512786
