-0.8891968567
-1.0096219730
-0.9752045014
-0.9421259655
-0.9731761158
-0.9451298420
-1.0184336672
-0.9206920170
-0.9773365010
-0.9902813733
-1.0382782973
-0.9992821844
-1.0800141534
-1.0084741938
-0.9613848858
-0.9594254853
-1.0104028028
-1.0007415177
-0.8784970271
-0.7406132823
-0.9797465492
-0.8954926137
-0.9361056664
-1.0103012706
-0.9350454128
-0.8732288915
-0.9818071275
-0.7918529372
-0.9830569644
-0.9003885788
-0.9665020465
-0.8635550018
-0.7826775853
-1.0678767280
-0.8481240330
-1.0365804734
-0.9284425580
-0.7962063448
-0.7713289383
-0.8044250424
-0.8993046414
-0.7482136342
-1.0383237297
-0.9457569467
-0.9318256829
-0.7260928116
-0.8417109481
-0.8508811448
-0.9456585641
-0.8146781939
-0.7940825501
-0.9044096422
-0.9472719467
-0.8403389009
-0.8795623882
-0.9773028291
-1.0434017864
-0.8064245074
-0.9519389695
-0.7725313420
-0.8498437096
-0.9717361531
-0.8352526228
-0.8223238741
-0.9364925899
-0.8990804735
-0.8455792721
-0.9154157894
-0.9118849426
-0.8477205143
-0.9294405433
-0.7505748126
-0.7111389910
-0.7575047527
-0.9680009935
-0.9326806687
-0.8072696240
-0.8572907305
-0.8293666719
-0.7921190871
-0.7962881342
-0.7526603873
-0.7791391406
-1.0010240233
-0.7327226970
-0.7443547514
-0.8035795217
-0.9581762521
-0.9699016330
-0.7902743704
-0.8301311340
-0.5623341959
-0.6642424587
-0.8804761315
-0.9355996442
-0.7639707427
-0.8118003574
-0.7934614972
-0.8382047216
-0.8210815786
-0.8682127794
-0.8325535475
-0.7402044154
-0.8246599287
-0.8450603985
-0.8084027590
-0.8807983302
-0.9691673860
-0.8869115225
-0.7280821729
-0.8211901609
-0.8479471968
-0.7571808045
-0.8123274980
-0.8220021886
-0.6827224644
-0.6846313659
-0.6042800552
-0.8286477973
-0.6154798534
-0.6036975897
-0.6932880720
-0.8295946157
-0.6716414515
-0.7247318867
-0.5771975037
-0.6124042961
-0.6046253078
-0.9273760928
-0.7043451592
-0.6667735689
-0.6757871819
-0.6969330068
-0.7334924033
-0.7161719798
-0.7882635252
-0.6357776992
-0.6918538684
-0.7309641134
-0.6711352670
-0.7880097138
-0.6738528692
-0.7177823294
-0.7959033729
-0.6196861549
-0.7943243281
-0.7020594464
-0.7176362308
-0.7774085159
-0.5143668197
-0.6950252588
-0.7981317695
-0.5730957644
-0.6679257808
-0.6602170424
-0.6580048770
-0.7219283805
-0.5802957977
-0.6962705856
-0.7935428693
-0.7995527310
-0.6017180508
-0.5336356792
-0.6641682119
-0.5995285474
-0.7301242520
-0.7234127074
-0.7051013427
-0.6092727853
-0.7770224231
-0.7314480624
-0.6528086439
-0.7085983877
-0.6242493102
-0.5873218327
-0.7128936902
-0.6341790771
-0.6301087003
-0.6814806712
-0.6060753497
-0.6316448049
-0.5290981047
-0.7025642940
-0.5937183179
-0.7170923763
-0.7388523823
-0.5093537590
-0.6510931508
-0.5810646793
-0.6763798846
-0.6723164347
-0.6883581788
-0.7017775412
-0.6840995643
-0.6989970197
-0.5777825992
-0.6305857702
-0.4600271719
-0.6161872985
-0.5878434715
-0.5417517144
-0.5405587032
-0.4861850234
-0.5262441014
-0.6010363485
-0.5611835552
-0.6788831301
-0.5029004031
-0.5318125637
-0.5323059448
-0.8226496687
-0.6524487977
-0.6046909615
-0.6124891835
-0.3736338475
-0.4486042806
-0.5272158076
-0.5317030933
-0.5312114181
-0.5919835438
-0.6227300001
-0.6283156310
-0.4756932016
-0.5320755145
-0.5963459689
-0.5111920617
-0.6444500418
-0.4816388157
-0.5673076359
-0.5265887953
-0.3367367601
-0.6215432668
-0.5844216436
-0.6178200055
-0.6172800325
-0.5053993965
-0.4980217404
-0.4902869778
-0.5287688423
-0.5037424435
-0.5578985904
-0.5945290335
-0.4553567218
-0.5051231972
-0.4985977418
-0.5269831870
-0.5412985016
-0.5593393356
-0.4551709932
-0.5604545194
-0.4349667805
-0.5443598308
-0.4435038397
-0.4846542511
-0.5549479820
-0.4991730410
-0.3111578792
-0.4582425757
-0.5731428474
-0.4064021385
-0.3521696037
-0.4652561066
-0.4370859299
-0.3870303510
-0.5221364557
-0.5775888183
-0.5286246253
-0.5124863420
-0.3846899322
-0.3846814910
-0.3722985513
-0.3908206479
-0.4242256473
-0.4281449516
-0.5660573807
-0.5226632016
-0.3777938316
-0.4475445292
-0.4068544013
-0.3856344429
-0.3045628775
-0.5248878887
-0.3940528951
-0.3479948151
-0.4741697859
-0.4095128022
-0.4094193856
-0.4156051877
-0.4605182812
-0.4164247486
-0.5020669459
-0.4888658070
-0.5296292469
-0.3882238878
-0.5606833004
-0.3098354214
-0.3564832169
-0.4499145353
-0.2862377341
-0.3727986709
-0.3661073772
-0.4137411098
-0.4292995365
-0.3309275528
-0.2609377565
-0.4584611043
-0.3655984459
-0.4226736543
-0.3607748364
-0.2991734900
-0.4792667264
-0.3783785415
-0.4715894106
-0.3330151601
-0.3558547443
-0.2834212794
-0.5423560990
-0.2625772390
-0.4265022663
-0.2475977898
-0.2984232780
-0.3434420271
-0.2571936918
-0.2903038755
-0.2779917460
-0.3867532135
-0.3953371434
-0.5222416354
-0.3469333290
-0.2867187502
-0.2560737538
-0.4178278755
-0.3434889650
-0.4145754593
-0.3304963980
-0.2085737804
-0.4240472329
-0.3337260551
-0.2533904622
-0.3367997037
-0.3692167483
-0.1864364179
-0.2020308118
-0.1130811080
-0.4295439645
-0.3893423640
-0.3040206687
-0.3269562292
-0.2879770250
-0.3130650734
-0.2855824915
-0.3566618344
-0.2498163970
-0.1961473539
-0.3905912983
-0.2099041166
-0.4349880048
-0.3390910906
-0.3729355020
-0.2746534918
-0.3075003040
-0.3042586340
-0.2031120539
-0.4087148937
-0.4858316590
-0.4211536879
-0.2563118618
-0.3383983387
-0.1119021107
-0.2808667371
-0.2049346916
-0.2232176055
-0.1911541090
-0.2396914920
-0.2959556258
-0.2050513978
-0.2415156578
-0.3118802079
-0.2084962117
-0.2069837554
-0.3490725098
-0.0993724442
-0.3369675390
-0.3948785925
-0.3201540086
-0.2872207802
-0.1530587874
-0.1403416253
-0.1322804509
0.0049124842
-0.2953585926
-0.3386086153
-0.1489570313
-0.3150860449
-0.1751916960
-0.2427600249
-0.1976066133
-0.2492097367
-0.2880855714
-0.3353053108
-0.2789776539
-0.1850177104
-0.1155775297
-0.1571538249
-0.1062963209
-0.1250449695
-0.3132446746
-0.0172674609
-0.1952082908
-0.1359835034
-0.1877123423
-0.1382955464
-0.0923276706
-0.0736774311
-0.2810201123
-0.2271947200
-0.1125302330
-0.3044045946
-0.1565547397
-0.2337485309
-0.3171445549
-0.2253220651
-0.0802862642
-0.1036494163
-0.0251139208
-0.1989979780
-0.2048977101
-0.1105585596
-0.0900848695
-0.0859707800
-0.1579415503
-0.1607069852
-0.1112130831
-0.0795266180
-0.0361817762
-0.1693891439
-0.0477043201
-0.0436708984
-0.2606816193
-0.0773520927
-0.0179499740
-0.1115410265
-0.1044172023
-0.0411336201
-0.0197853899
-0.1412630721
-0.0846684974
-0.0657942647
-0.1397537749
-0.0252960049
-0.0330449759
-0.1163005046
-0.1678384412
0.0206245934
-0.0982881189
-0.0906481887
-0.1372954596
0.0119093384
0.0134484205
-0.1107832787
-0.1150505206
-0.0685196617
-0.1303662388
-0.1545563378
-0.0856055163
-0.1400526759
-0.0000372741
-0.0168292321
-0.0755749557
-0.1320862450
-0.1797048380
-0.1376944062
-0.1234789470
-0.1513516362
-0.1332269729
-0.0571387845
-0.0093487273
0.0923567278
-0.0333157708
0.0264999927
0.2474274457
-0.0098041457
0.0152142849
0.0903684127
0.0438220775
-0.1706215964
-0.1621166003
-0.1168357764
-0.0313345799
0.0593807708
-0.0898156950
0.0688801781
0.0313098198
0.0050066903
0.0649921265
-0.0411760442
-0.0164679847
0.0133647516
-0.1539711138
-0.0841881436
-0.0938578662
0.0573567823
0.1259844317
-0.0428449878
-0.0805237171
0.0437909631
-0.0965072737
0.1020866136
-0.1514009290
0.0402528468
0.0052635970
0.1929829424
0.0126965821
0.0512574654
0.0241200771
0.1225413316
-0.0328699791
-0.1695390976
0.1095078204
-0.1293093551
-0.0253003675
0.0079744097
0.1374581100
-0.2325286763
-0.1146744463
-0.0183603965
-0.0995242189
0.0847708785
-0.0882453301
0.0304298788
0.1042560212
-0.0379219595
-0.0531344883
-0.0671359613
0.0909107682
0.1185023190
0.0358198322
-0.0095295726
0.0096586442
0.0737195626
0.1088939712
0.1013177533
0.0901525871
0.3209763857
-0.0763638843
0.2338935629
0.1864083653
0.1376430204
0.0220140818
0.0783698308
0.1617032921
0.0171342003
0.0739260696
-0.0462398891
0.1086029182
-0.0702840572
0.1421902062
0.1398376633
0.1029191132
0.1023788893
0.0834543862
0.1212685533
0.1593696106
0.1337389647
0.0821562588
0.1138534050
0.1324359710
0.0572497509
0.1480142517
0.1509692316
0.2792325867
0.0488085109
0.2049023565
0.1774237321
0.0172541833
0.1428463449
0.0228560369
0.1449732472
0.2033296893
0.2687862002
0.1011955924
0.1793848373
0.1720968313
0.2068697184
0.0652225584
0.1142873010
0.2636605742
0.1619352000
0.0697797179
0.1634495302
0.2092110095
0.2970608395
0.2770446200
0.1877129137
0.2460627103
0.0660268972
0.2437286365
0.2598564569
0.2522351340
0.1859739890
0.0344920157
0.2553393424
0.1667856151
0.3225092848
0.2766503855
0.1140609986
0.1799235441
0.2976046977
0.1066916506
0.2465424896
0.1270710711
0.1406163365
0.3254258163
0.2895530496
0.2487273211
0.1895835647
0.2429476497
0.0753408918
0.2702092450
0.3779541756
0.3855535502
0.0914411204
0.3966484207
0.2046424545
0.3070154869
0.2065430951
0.1990455939
0.1443768592
0.2446258496
0.2500753861
0.3863513916
0.2341039430
0.1312227350
0.1814107550
0.3235935835
0.2539104553
0.3377643188
0.2881607724
0.3235989348
0.2597825722
0.2593692491
0.1309970586
0.2520457686
0.1546070920
0.2772987493
0.4127748529
0.3756112725
0.1891423402
0.3816357828
0.4630972004
0.2059533231
0.2816954846
0.1280158449
0.2909043715
0.1919173923
0.2453295739
0.3262674373
0.2149359797
0.3154520295
0.2670483337
0.3025651915
0.3796652492
0.2523510081
0.1988308729
0.2629652549
0.2920716148
0.3286122017
0.3354152880
0.2337164593
0.3313130427
0.4139167175
0.2851469042
0.3672020643
0.2949079830
0.2306906753
0.3285271611
0.4831809497
0.2929857954
0.3330870932
0.4089461731
0.3985095504
0.3079212007
0.2627934760
0.3128792983
0.4187107810
0.3766409250
0.4811343999
0.4208698808
0.5088835657
0.4150123182
0.3245936080
0.4234716149
0.3066793860
0.4238985060
0.2181703956
0.4342618111
0.4082268223
0.3643256385
0.4780131762
0.3024697256
0.4247488950
0.3585391099
0.5012943925
0.4357736288
0.3054815099
0.5118065730
0.3877982343
0.3546518257
0.4316365011
0.4063271432
0.4272970916
0.3853671472
0.3617273933
0.4266299444
0.3708575397
0.2516781132
0.4442979907
0.4136067720
0.4302559940
0.4261064681
0.5124605866
0.4124977942
0.3997410501
0.6244606723
0.4892770991
0.4658707743
0.4837271758
0.5003312561
0.5247421208
0.3656384859
0.4677999606
0.5427860800
0.3672548199
0.5565369831
0.6252923722
0.5405418668
0.3262722933
0.4016114250
0.5009042620
0.5748637270
0.6382980996
0.5312590009
0.5323458314
0.4209555225
0.3785334876
0.5231033542
0.5618697696
0.4855002537
0.6214332625
0.5548024012
0.4145263867
0.6816411637
0.5136447398
0.5165320426
0.5736878081
0.4838273098
0.5274045401
0.6533239251
0.5481261197
0.4242324944
0.5488748807
0.5455693760
0.5298336792
0.5898548605
0.5418734239
0.7419271267
0.5174364749
0.5411241812
0.3717638835
0.4952465210
0.4523692733
0.5632905908
0.5729452786
0.5687783343
0.4161296818
0.6529961806
0.5705460021
0.4419238674
0.7329233165
0.6126897792
0.6044843450
0.7278981654
0.5223425436
0.5901071471
0.5923011483
0.4898412149
0.5923354249
0.5869445205
0.6453199549
0.6701728868
0.5250750158
0.4482721677
0.5662008925
0.4758531112
0.4746463781
0.6892518741
0.4357453223
0.5047331074
0.4541318793
0.5671181737
0.6590234109
0.5796006317
0.6410760312
0.6819786423
0.5188225497
0.5509499208
0.6778521042
0.5882698578
0.5678248097
0.5513494713
0.7448601611
0.5671587233
0.5857498388
0.6391489027
0.6511197260
0.4427461336
0.6089739346
0.6291949904
0.6655408746
0.7795078077
0.4591948987
0.5822180485
0.7164617461
0.7700482391
0.5716104640
0.5434795707
0.5837509862
0.8656776113
0.6409581309
0.6363753420
0.7545217219
0.5534305927
0.7185624916
0.7318428544
0.6219064957
0.6529440003
0.6640967545
0.5832108421
0.7280922703
0.7660513985
0.7304115537
0.6513929748
0.5896599709
0.6892401469
0.5960881295
0.7732297541
0.7089200145
0.7140034431
0.7487785163
0.7840061107
0.6844678426
0.7447844744
0.6279431555
0.5642766029
0.7342568256
0.6019966495
0.6851609257
0.6237354702
0.7351107488
0.7848029371
0.7583417792
0.6829409533
0.6364691838
0.6614798265
0.8208583389
0.7487182682
0.8640087712
0.9353348131
0.8097326380
0.7612607180
0.6698696405
0.7193126809
0.6174614050
0.7007871527
0.8754332671
0.8618785674
0.8256352953
0.6579778394
0.6506844063
0.8266559295
0.7745934962
0.7241352509
0.7563145404
0.7948375562
0.8266181485
0.7205231354
0.9128517003
0.8232502560
0.8360432084
0.7371618862
0.8103738757
0.9476129687
0.6877105940
0.7400372329
0.8265651290
0.7766547865
0.6972622212
0.8014719001
0.8108362638
0.8424169413
0.7134837230
0.6940708042
0.8093596511
0.7691515150
0.7872401925
0.9537697064
0.7865157378
0.8453736675
0.9195816913
0.8161816426
0.9113800150
0.7840283756
0.9336585122
1.0200767110
0.7829576724
0.7921291675
0.8149605442
0.9060702907
0.8740870215
0.8380668238
0.8360416721
0.7668680967
0.8906080438
0.8226380510
0.8268619485
0.9552234405
0.8778964697
0.7972968234
0.9446899621
0.8264687167
0.8150299524
0.7637006424
0.9800499365
0.7714232126
0.9123281302
0.8504297010
0.8580840875
0.9125088914
0.9734742513
0.8665741319
1.0068354154
0.8273985518
0.8186131905
0.8995325767
0.8072096571
0.9184294774
0.7460413334
0.9536003731
0.9723335151
0.8234029196
0.8255029724
0.9618131570
0.8979670304
0.9596901498
0.8963195525
0.7977149556
0.8289238361
0.8714330116
0.8298174705
0.9498624597
0.9416610041
0.9994113961
0.8785408426
0.8703589357
1.0202205710
1.0856713686
0.9605998725
0.9053313915
0.8813004002
1.0113871272
0.9070147277
0.9507348198
0.8961057751
0.9107512930
0.8973551601
0.8759891143
1.0088305412
0.9877693821
0.9276105283
1.0822121981
0.8861044187
0.9404430849
0.8921973084
1.0336998735
0.9469159047
0.8842399942
0.9954647328
0.9394550678
1.0228073793
0.9869056844
1.0602429670
1.1089631345
1.0532772706
0.9972989066
1.0482424110
0.9007703623
1.0728055925
1.0506778156
1.0271124449
1.1220520951
