-1.1315491497
-1.0781541285
-0.9988021820
-1.0057350495
-1.0162538676
-1.0828818168
-1.0699158245
-0.8878976063
-1.0512456488
-0.9915299238
-0.9452001427
-0.8079301658
-0.9007349039
-1.0355360447
-1.0240543893
-0.9016133144
-0.9112316736
-0.8890878650
-1.0487114123
-0.9808616807
-0.9144003899
-0.9295568356
-1.0297899467
-0.8101051818
-0.9495194001
-0.8552345869
-1.0261698994
-0.9805652353
-0.9620647134
-0.9559389759
-0.9492527054
-0.8312004992
-0.9311245405
-1.1011180741
-0.7977579289
-0.8482800644
-0.9309759622
-1.1224076002
-0.8532697669
-0.8828879183
-0.7151832167
-0.8421370699
-0.9127290994
-0.9363187677
-0.7687981185
-0.8438463511
-0.9069069546
-0.8835782409
-0.9998358984
-0.9377389742
-0.8996648460
-1.0752716051
-0.8968168478
-0.8207735100
-0.8778294560
-0.7844777085
-0.9115907640
-0.9841341227
-0.8776246587
-0.8947600400
-0.9110726596
-0.8722690663
-1.0725305183
-0.9422388936
-0.8433381404
-0.8105829720
-0.7632739216
-0.7261344835
-0.8688217797
-0.9161409102
-0.8161236547
-0.9285651358
-0.8054425876
-0.9588855588
-0.8884940616
-0.9070890217
-0.7126432620
-0.7955751893
-0.9022083337
-0.9563992772
-0.7665610306
-0.9445673075
-1.0272987654
-0.9034209731
-0.8766303520
-0.8070526587
-0.6740585035
-0.9110948186
-0.8552000454
-0.7691546375
-0.8190652135
-0.8659137295
-0.7661850670
-0.8271045262
-0.7664926334
-0.7418472014
-0.8187162695
-0.8412224951
-0.6805778058
-0.8460569758
-0.7117072567
-0.7784650365
-0.7235442657
-0.7401252712
-0.7316806854
-0.9068530233
-0.7911450002
-0.7091830517
-0.7814017228
-0.7370287189
-0.8926748190
-0.6473394581
-0.7877826205
-0.7604548182
-0.6721120787
-0.8125472957
-0.7246813076
-0.6016477799
-0.8637408648
-0.7970253710
-0.7346931208
-0.8179306786
-0.9390985665
-0.7467601167
-0.8337285074
-0.8032834718
-0.6593529909
-0.7069722239
-0.8503211593
-0.7735144443
-0.8432450954
-0.8601204595
-0.7489450447
-0.7293616255
-0.6460315747
-0.7055861950
-0.6903521440
-0.7930192243
-0.5589973560
-0.7336833168
-0.7380009919
-0.7356972712
-0.6841446210
-0.7314606931
-0.6669906091
-0.8688569696
-0.5293239090
-0.6062557049
-0.7135626944
-0.8149943914
-0.7243465324
-0.6067304054
-0.6271640343
-0.5973024378
-0.6144315094
-0.5743307961
-0.6428017022
-0.7808942436
-0.6026486254
-0.7679817415
-0.6254028866
-0.8589977383
-0.7471810618
-0.8739296923
-0.7935582469
-0.5862241796
-0.7036683858
-0.7517724738
-0.6601680427
-0.6763089899
-0.7108115841
-0.5995099852
-0.4930152367
-0.5633860751
-0.6538951353
-0.6260838138
-0.6420785102
-0.8351673558
-0.5528798348
-0.5518528088
-0.7370811434
-0.7065872707
-0.7029199076
-0.5142530686
-0.6117985848
-0.6521436040
-0.5864945482
-0.5605553567
-0.7138460932
-0.6462000259
-0.5767208108
-0.6259679805
-0.6795588913
-0.6674419501
-0.5977227306
-0.6598063670
-0.6215292931
-0.7064577280
-0.6788904177
-0.6577016965
-0.6620122892
-0.6905823493
-0.6956843071
-0.4906402487
-0.3654597830
-0.5385035827
-0.6010795911
-0.5884881298
-0.5445935192
-0.6797756947
-0.5492950928
-0.4891037036
-0.5720896637
-0.5868874189
-0.6648258833
-0.4008251476
-0.5652099920
-0.4256780633
-0.6476754184
-0.5521510677
-0.4739740494
-0.6611328906
-0.4839313968
-0.5679377800
-0.5369969053
-0.5814412050
-0.5846395368
-0.4624451611
-0.5824679407
-0.5459660091
-0.5988957108
-0.3819570405
-0.6571166712
-0.6093340093
-0.6059874788
-0.5594256658
-0.4012272014
-0.4670665084
-0.6265484068
-0.5961556398
-0.5156326025
-0.5232072189
-0.6037244989
-0.5465158047
-0.5088894138
-0.5205771875
-0.5203658203
-0.4665983530
-0.5173015081
-0.5061245150
-0.6625860875
-0.5099682588
-0.5239668491
-0.5588611316
-0.5177685294
-0.5432646395
-0.6262435115
-0.4391739463
-0.5974384436
-0.4442216125
-0.3503241433
-0.5117622558
-0.5938904240
-0.5046669474
-0.4314580104
-0.6119870502
-0.5168004079
-0.5814664916
-0.4749145880
-0.4819028600
-0.4837569324
-0.4384336945
-0.4413097627
-0.3844900779
-0.5644068754
-0.3838045133
-0.3990354165
-0.4179836866
-0.4805068399
-0.2911221538
-0.5658585010
-0.4997700679
-0.3944285199
-0.3425399546
-0.3520951944
-0.6276227250
-0.4556970419
-0.5446846033
-0.5217732952
-0.4095285720
-0.4176275050
-0.4115154321
-0.3446521184
-0.4902370012
-0.3932202569
-0.5548940451
-0.3774447396
-0.2918799123
-0.4024929599
-0.3486762568
-0.4321224170
-0.4329664141
-0.3868395173
-0.3255791570
-0.4519707803
-0.4569563536
-0.3961414538
-0.3821887296
-0.5215459213
-0.2933629473
-0.4895357601
-0.3720567289
-0.5023718596
-0.4535523627
-0.3820246739
-0.3111230629
-0.3981720808
-0.1829102119
-0.4311571511
-0.4016085480
-0.2769851306
-0.3258562832
-0.3290033391
-0.3008845313
-0.4108456547
-0.2627802483
-0.5391699776
-0.4245288296
-0.3537463714
-0.2061082454
-0.2263728133
-0.3002586476
-0.3116082290
-0.4240569926
-0.4547141750
-0.1559280868
-0.2308823267
-0.3897041178
-0.2777843051
-0.3251521854
-0.3815042426
-0.4192503586
-0.4107668868
-0.2877157742
-0.3183488906
-0.3252837858
-0.4531830695
-0.3821519482
-0.3913353412
-0.1127211244
-0.2123772359
-0.3348376535
-0.2167629378
-0.3878083121
-0.2227170178
-0.3404275899
-0.4003169046
-0.1405822085
-0.2719511092
-0.3108121090
-0.3520818534
-0.2853555571
-0.3207804437
-0.3858440046
-0.2856743993
-0.4069286407
-0.2156931179
-0.3755895791
-0.3511779420
-0.3908371213
-0.2239406690
-0.3248869946
-0.2487924470
-0.2386017116
-0.2865030923
-0.1944822180
-0.2439623340
-0.2265376086
-0.2562782063
-0.2724039019
-0.2956777043
-0.1725765219
-0.2135949954
-0.2349657529
-0.2156068731
-0.0778014231
-0.2629264283
-0.3373140571
-0.2668921968
-0.2386052329
-0.2711289577
-0.2459376333
-0.1353902093
-0.1109160220
-0.4064795238
-0.2229016631
-0.2274011301
-0.0728783317
-0.0620396218
-0.1598651873
-0.3189607959
-0.3277086368
-0.2073410894
-0.3037969940
-0.2106559373
-0.2107175052
-0.1201093616
-0.2408633757
-0.0816181941
-0.1704193193
-0.2241095845
-0.0307471519
-0.1325093780
-0.1498661819
-0.1437581062
-0.2480105953
-0.1845649974
-0.1013422805
-0.1371767239
-0.2543270768
-0.2348806230
-0.1622293865
-0.2126674487
-0.2400493487
-0.1305750639
-0.1781964406
0.0299337640
-0.2862461005
-0.0643466627
-0.1626257609
-0.1900615730
0.0110024242
-0.0237225233
-0.0698382823
-0.0578906906
-0.0777093515
-0.1372253381
-0.2086707422
-0.2218792156
-0.0583217361
-0.1346160161
-0.2002104044
-0.0635356984
-0.1038855357
-0.0784306120
-0.1689054442
-0.0630270819
0.0096801868
-0.1464455790
-0.1012825187
-0.1335635892
0.0173550162
-0.0766548235
-0.0489163562
-0.0058258925
-0.0313739551
-0.0570786727
-0.0623868761
-0.0308468454
-0.0237495794
-0.0205936513
-0.0275080377
0.0011946270
-0.0500878573
-0.0096942695
0.0606421190
-0.0909178807
-0.1478705329
-0.1332110684
-0.1552677410
-0.0416844564
0.0034563011
-0.0261101070
-0.1524033991
0.1348919756
0.0019378773
0.0072091328
-0.0730665627
-0.0786562488
-0.2172337202
-0.0699342270
0.1064700298
-0.0114842634
0.0487671814
-0.1535470994
-0.0876968394
-0.0192019672
0.0219871477
-0.1113977611
-0.0523352176
-0.0643258271
0.0103049076
-0.0437120402
0.0471118057
0.0552000802
-0.0206069315
0.1001018830
-0.0499123642
-0.1092005806
-0.0906490471
0.0965537291
0.0064343149
-0.0512669344
-0.0173107686
-0.0682202153
0.0703718275
0.0264784059
-0.0418033253
0.0849560261
-0.0815772118
0.0258497240
-0.0196438592
0.0566402024
0.1424711986
-0.0996758702
0.1373889052
0.0396051786
0.0113355687
0.0338192131
0.2243008191
0.0799615821
0.0213044495
0.1402784010
0.0853032896
0.0670274461
0.2108856605
0.1128331165
-0.0554931755
0.1191702576
0.2109714179
-0.0302953996
0.0531379769
0.1617140013
0.0761569079
0.2399504384
0.1177053743
0.0152751732
0.0166927605
-0.0021753638
0.0088547948
-0.1448794232
0.1124007311
0.0483682693
0.0227293817
-0.0129539575
0.0181624053
0.2564195489
-0.0505682926
0.1323055976
-0.1466161539
-0.0711614385
0.0380305094
0.1012128585
0.1354891108
-0.0352012839
0.1008943446
0.1911541803
0.1908759811
0.1489976345
0.1411956172
0.1115122848
0.1522154677
0.1483335425
0.0851948966
0.2149240407
0.1472879005
0.1166313101
0.3171838800
0.1506271289
0.2033800816
0.1274337078
0.0464727408
0.3420509042
0.0613724873
0.1358890409
0.1963423585
0.1036038480
0.1712574388
0.2141652180
0.1656622612
0.1881495967
0.0857540882
0.2346473241
0.2091079338
0.0393716832
0.0580307144
0.1617908279
0.1742825448
0.0966757227
0.2341842763
0.1514119651
0.1635359652
0.2105199664
0.2303239167
0.2359250727
0.0913319173
0.2960572476
0.1188148903
0.4142979399
0.1574126066
0.2876849811
0.2802794978
0.1659791348
0.2889602715
0.2461123140
0.1163716108
0.4174526308
0.2892528850
0.2007082110
0.3168593700
0.1912293453
0.2395479981
0.1617292487
0.2463146090
0.3084484111
0.3175334178
0.0077559133
0.1927280206
0.2223276048
0.1853427948
0.2308364743
0.2598732160
0.2518627375
0.2422360616
0.3045808481
0.4253491535
0.2540242362
0.2308607687
0.1341733313
0.2800014022
0.3702253223
0.2221819363
0.1921310294
0.2250920929
0.3201071908
0.3302095373
0.3716703955
0.4706344415
0.2493135738
0.3600844345
0.3218720732
0.4025842012
0.4219372808
0.2933459817
0.2465117426
0.3496707986
0.1310548252
0.3102494402
0.3404276669
0.3933962062
0.3053373474
0.1176904408
0.3007362102
0.2808982944
0.3008577728
0.1542627508
0.2848383798
0.2019035523
0.2542942522
0.1195813269
0.2492186649
0.2810478454
0.2623370014
0.4472702807
0.2538389974
0.3585539281
0.4372142208
0.3230850483
0.3893641344
0.3375937802
0.4605964338
0.3132814655
0.3809388017
0.3630205830
0.3185625411
0.4032124836
0.3263857535
0.4366390289
0.2748735402
0.4513242891
0.3429116666
0.2675671087
0.4412374072
0.3743725623
0.5433127833
0.4644856528
0.3240118490
0.2952574905
0.3444462421
0.3958097167
0.3258451049
0.3925024153
0.3730160651
0.4605896170
0.4127546846
0.2533071662
0.2089430090
0.3968188555
0.5405823821
0.4635595962
0.4857585999
0.3304304328
0.3705232103
0.4676090366
0.3568424369
0.3734481246
0.2341163670
0.3919625740
0.3727919161
0.4163389673
0.4709462426
0.3780325480
0.5517404425
0.4714931481
0.4646324042
0.4018844204
0.4969365484
0.2604436474
0.4745504525
0.4227033618
0.4627807794
0.5172793820
0.4513849081
0.5046738464
0.4081144121
0.3173245518
0.4157153652
0.4285762737
0.3715011853
0.5243412565
0.4261656804
0.6387637169
0.3776850970
0.5384541150
0.4167162163
0.4536256853
0.4408958208
0.4827806162
0.4842661757
0.4109495836
0.5604298276
0.2971325519
0.4833860173
0.4608245678
0.4950701491
0.4623877875
0.4489584428
0.4985882036
0.4834019588
0.4428207522
0.4368251613
0.5104784268
0.4361336374
0.4492292665
0.4927045220
0.3826329167
0.3981966384
0.4714472970
0.3607460962
0.6194234421
0.4367971019
0.5931814190
0.5371270161
0.5349612811
0.5540725856
0.4825205848
0.3852118097
0.6344180520
0.3901548408
0.4675038219
0.5010875425
0.5329916437
0.5394847335
0.5293847211
0.6574711429
0.4917050683
0.5011136323
0.5929908359
0.4477073340
0.5904636044
0.6014547620
0.6387007927
0.4981796958
0.3937475986
0.6817547191
0.5558445503
0.6309744372
0.6333694966
0.5647928253
0.6474514168
0.5087713723
0.6621684380
0.5939250197
0.5732383125
0.6956668534
0.5010768778
0.5606972510
0.4847126439
0.4914209230
0.6823296475
0.6040259558
0.6206895946
0.5904093035
0.6893650944
0.6073245464
0.5686160522
0.5956884469
0.6618904077
0.6437352652
0.5876429470
0.6551167443
0.7467297715
0.4816786069
0.5989102064
0.6962310563
0.7693014712
0.5288862370
0.7133473612
0.5929911281
0.5949201222
0.5616896362
0.6348479021
0.6163994223
0.7775982030
0.8736365329
0.5477198694
0.6058822581
0.5040679336
0.6742730602
0.7454460839
0.7163160901
0.6387600889
0.6799389984
0.7084713416
0.6169644812
0.7323682104
0.7173612604
0.6696541977
0.8027962527
0.7335170168
0.6502235147
0.7014519382
0.7689274612
0.7117156774
0.7518979193
0.5862393495
0.5891515933
0.6917799366
0.6696635213
0.8391600611
0.7597172820
0.8454000886
0.6977116757
0.7230070214
0.6285507183
0.5234769206
0.6517304340
0.7603341391
0.8293718646
0.7523922944
0.4837021406
0.6812841175
0.8300435538
0.7177574210
0.8248125467
0.7568186361
0.7463273463
0.8892453676
0.6225713348
0.6827248438
0.8352655231
0.6726367269
0.7539408777
0.7044654707
0.7527818571
0.6165709518
0.8253246118
0.6716739035
0.5839103752
0.6344110869
0.6817476565
0.7945601065
0.6963961916
0.7367695328
0.7287354455
0.7834155816
0.8923550664
0.7259549944
0.7887879230
0.8536995449
0.7090798268
0.7567155618
0.8117640603
0.8005927090
0.8919949842
0.8093494583
0.6961211575
0.7473403556
0.7356955331
0.6908609243
0.7913628763
0.7130374386
0.8312346412
0.8344511652
0.8276631097
0.8216701763
0.9468871297
0.8225377121
0.9774121106
0.8600748657
0.6449647503
0.7999437509
0.7658528210
0.8526752485
0.7825319599
0.8221827765
0.8259142743
0.8795457877
0.7133018588
0.8112838277
0.9656004688
0.8628222057
0.9540711610
0.8354914785
0.9115253258
0.9287131222
0.6853248601
0.7718498951
0.8276437762
0.9513503520
0.8669407144
0.9513865631
0.9747245388
0.8195428103
0.7969592870
0.7706282374
0.8559248784
1.0503333300
0.9893340354
1.0056656455
0.8264313048
0.8729558549
0.9805144236
0.9679365744
0.7979868610
0.9044891013
0.8423228005
0.8898888108
0.8719100630
0.8135266618
1.0170467372
0.8713543552
1.1834730686
0.9792013168
0.8197092443
0.9789814870
1.0724403170
1.0233637510
0.9381934456
0.9168682014
0.8528478326
0.9884597772
0.8602711428
0.8775216789
0.9924136571
0.8511561524
0.8991159540
0.7994725257
0.9835155620
0.9570290115
1.0901324728
0.9991975767
0.8874294620
0.8995006252
0.8106142128
0.9402885593
1.0982198637
0.9196148670
1.1048966168
1.0746305401
1.0524598828
1.0903914809
0.9822372983
0.9384384462
1.0169160110
0.9992120279
1.0404813238
0.8979474785
1.1055408581
0.9568286406
1.0283815406
1.0432519095
1.1152863110
1.0450381815
0.9764222794
1.0476045844
0.9102861747
1.0298038446
1.1123866825
1.1215730135
