-1.0616245238
-0.8914226154
-0.8420976137
-0.9637534361
-0.9739468327
-0.9831233857
-1.0384475997
-1.1259344048
-0.9373514120
-1.1258011041
-0.9737373377
-0.7924714571
-0.9980253104
-1.1282506899
-0.9828990650
-0.7991295115
-1.1231990757
-1.0735834850
-0.9473658720
-1.0232479597
-0.8838768161
-0.9565657406
-0.9890154019
-1.0047214105
-1.0487626064
-0.7632604019
-1.0718555241
-0.8655816484
-0.9618943438
-1.0137558771
-0.9715599870
-1.0986996591
-0.7045049294
-1.0240396055
-0.9153704204
-1.0231417150
-1.0387211443
-0.9031465829
-0.9513555963
-1.0073797772
-0.8566704791
-0.9084248827
-0.9863886622
-0.8757022678
-0.9639709321
-0.9301188622
-0.9569347160
-0.8296941405
-0.9120622874
-0.8456002417
-0.6850786543
-0.8586465805
-0.9247076729
-0.9234980654
-0.9846101886
-1.0087048438
-0.9647568598
-0.8318619255
-1.0821912083
-1.0072807008
-0.8393438046
-0.9197261071
-0.7217103670
-0.9374231436
-0.8211344322
-0.8081195255
-0.7673503614
-0.9865264748
-0.9135165127
-0.7707308213
-0.8314557222
-0.9389397329
-0.9111962503
-0.9586961773
-0.9242294143
-0.8644874420
-0.8518896509
-0.7840958818
-0.8586748393
-0.7740700141
-0.9051760067
-0.9150200744
-1.0716306296
-0.8918973893
-0.9148087281
-0.7376304280
-0.6369882193
-0.8852241214
-0.7037749830
-0.6789861618
-0.9770850383
-0.6968227796
-0.9045171002
-0.7741180170
-0.9226444074
-0.8443866223
-0.8646641586
-0.7960838640
-0.7350434514
-0.7678528260
-0.7532024415
-0.6589919467
-0.8360854435
-0.7321585372
-0.7688403459
-0.7304935672
-0.5395614165
-0.7955397391
-0.7537180878
-0.8224689358
-0.8390815286
-0.7985064242
-0.7301110228
-0.7355425707
-0.8151653776
-0.7885284614
-0.7730039595
-0.5454880734
-0.6910729668
-0.7614185653
-0.7700143201
-0.5950546495
-0.7182072163
-0.6531781796
-0.7813374740
-0.7836405015
-0.6614920894
-0.7474658070
-0.6099677136
-0.5881055428
-0.8939962480
-0.6961236959
-0.7753776012
-0.7153877155
-0.8143776360
-0.6258299965
-0.5631724428
-0.7225914646
-0.9035703697
-0.8237459328
-0.6896557999
-0.6702552779
-0.7254818156
-0.6871699275
-0.7334157855
-0.7207931836
-0.7116890221
-0.6194324572
-0.8059939202
-0.7664021815
-0.7717828255
-0.6708318486
-0.7695021020
-0.6088125119
-0.7044318134
-0.8802525468
-0.7165994689
-0.7380464875
-0.6105267012
-0.6643353957
-0.6142340712
-0.6123335290
-0.7673689440
-0.7649713704
-0.8445179615
-0.7277799845
-0.6603161783
-0.6403791345
-0.7012424005
-0.6028412790
-0.6799682424
-0.6085272243
-0.5548605364
-0.7191833803
-0.6383546562
-0.7192704035
-0.5427589753
-0.7388237782
-0.7721094659
-0.5407977169
-0.7339080518
-0.6683359452
-0.6395418913
-0.6650533212
-0.5454771240
-0.6433994222
-0.5865599626
-0.5518455908
-0.6538636392
-0.7272753093
-0.6385898743
-0.5210319993
-0.6369655429
-0.5435091846
-0.6589231358
-0.5098887547
-0.5846101518
-0.6398871718
-0.6734385521
-0.6026120712
-0.6259654961
-0.6786492733
-0.6898327615
-0.6631083064
-0.5545375875
-0.5547747101
-0.7503004122
-0.5844798493
-0.6436528280
-0.6124460982
-0.6608393305
-0.7244530231
-0.6405215194
-0.5911354899
-0.6849031949
-0.6917714304
-0.4233362333
-0.5850769414
-0.4821108325
-0.5983730316
-0.4506882217
-0.6365263277
-0.6269509950
-0.5618507731
-0.5652228309
-0.6083722177
-0.5597927739
-0.3879484083
-0.6727461544
-0.4537029177
-0.5549836594
-0.6213680483
-0.6512459820
-0.5503882454
-0.4716954952
-0.5164577877
-0.5389692166
-0.4929015338
-0.4878464881
-0.5845159873
-0.4613723921
-0.7612120534
-0.3693034027
-0.5062446593
-0.4757126950
-0.5557412665
-0.4962036185
-0.5846803678
-0.5944731577
-0.3669531418
-0.5388212865
-0.6049482123
-0.4707870066
-0.6355635842
-0.3560536157
-0.4590774651
-0.5270058487
-0.5287710538
-0.3429681993
-0.3590536807
-0.3480520158
-0.5166647496
-0.5205849887
-0.4360953577
-0.5763005458
-0.3312804949
-0.2540772197
-0.4295111308
-0.4621951361
-0.5645726209
-0.3096663039
-0.5428889595
-0.4552687189
-0.4007592389
-0.5240869600
-0.3591493848
-0.5269566333
-0.4476696666
-0.4960225212
-0.5980336537
-0.4627507070
-0.3330347935
-0.4989885941
-0.4741869578
-0.2871298639
-0.3637769954
-0.2246261633
-0.4293773653
-0.4959859827
-0.4642466039
-0.4181905734
-0.4907296597
-0.4446966142
-0.3683229130
-0.2876772073
-0.4387097498
-0.4345337382
-0.4487313006
-0.3710552689
-0.5113190762
-0.2655599625
-0.3815974492
-0.3722205846
-0.2629775888
-0.4775382165
-0.3859788947
-0.3828054298
-0.4986456101
-0.3494331437
-0.1053077228
-0.3611681908
-0.3718945351
-0.3470548074
-0.4181189866
-0.4453667995
-0.4704376178
-0.1964277736
-0.3477757353
-0.4005639964
-0.3648964060
-0.3683062804
-0.3335433775
-0.3410858018
-0.1947839654
-0.3385276647
-0.5566140758
-0.2873858280
-0.5481789799
-0.3134891177
-0.4786195285
-0.4263566276
-0.3613029059
-0.4072723745
-0.4028510587
-0.2737423706
-0.2188713557
-0.3219134479
-0.3931625359
-0.2954659221
-0.3698819482
-0.2378332227
-0.2227500217
-0.4177040123
-0.4148294437
-0.4636794095
-0.2930697217
-0.4477662269
-0.2659792746
-0.3144240910
-0.1037047571
-0.3367436887
-0.2632665628
-0.2013378838
-0.2978743538
-0.4340389882
-0.2696082169
-0.2104167292
-0.3945813258
-0.2969496170
-0.4610267109
-0.2919470154
-0.2530773138
-0.1734852219
-0.4373502103
-0.2884710188
-0.2252944459
-0.3788316956
-0.3896299993
-0.2673617057
-0.2414548848
-0.3050345676
-0.3237317193
-0.1890447807
-0.0936925869
-0.4132723583
-0.1754677622
-0.2896130710
-0.2636116226
-0.1686039165
-0.2485756639
-0.1533032814
-0.2450328518
-0.2004177470
-0.3839056414
-0.1819053901
-0.4355783389
-0.2933837975
-0.4455418893
-0.2598787917
-0.2133264640
-0.0872596037
-0.1907065923
-0.2940564195
-0.2162231440
-0.2475839418
-0.1313846662
-0.0498507598
-0.2247729775
-0.2754782761
-0.1970800556
-0.1729716432
-0.1627149570
-0.2191924116
-0.2331192604
-0.2335201913
-0.1418786033
-0.2396212447
-0.2054369592
-0.1355632374
-0.1915699479
-0.2396555223
-0.1524828378
-0.2242221007
-0.1271823448
-0.2260474354
-0.0817535559
-0.1601376447
-0.1121523087
-0.0850814108
-0.2668789546
-0.1688244685
-0.0132829325
-0.0567219382
-0.2066746069
-0.1043849977
-0.0933356573
-0.1614223611
-0.2032120222
-0.1703177468
-0.1388097082
-0.2342690197
-0.0226834216
-0.0745250781
-0.0211971717
-0.0118148781
-0.1210401490
-0.0140257440
-0.0885094279
-0.0598957816
-0.0904078091
-0.0349461207
-0.1481192297
-0.1033497196
0.0112942837
-0.2593045105
-0.1169262694
-0.0541069932
-0.1397827915
-0.1247453079
-0.0648937293
-0.1451027307
-0.0421604795
-0.2490654114
-0.1454461200
-0.1319748155
-0.0526464846
-0.1272779383
-0.0835476400
-0.0400751118
-0.1719391919
-0.1531131398
-0.0860056861
-0.1056781821
-0.2086897736
-0.0343564941
-0.1946997239
-0.0746684809
-0.0957911224
-0.0610609724
0.0723543072
-0.1904243176
-0.0544313585
-0.0668401777
-0.0090996147
-0.0378042575
-0.0131526986
-0.1561675287
-0.0276001602
-0.0162058435
-0.0580685410
0.0611669288
-0.0969882819
-0.0605674812
-0.0775983416
0.1162090833
-0.2802688493
-0.0742149186
-0.0765409967
-0.1016874533
-0.0521892045
-0.1260505741
0.0009718948
0.0264675589
0.0552507582
0.0659547050
-0.0253366830
-0.1174655196
0.1277704922
-0.0278127278
0.0417785821
0.0428057182
-0.0450644090
0.0249330268
-0.0314156194
-0.0165711846
0.0837165071
-0.0439543225
-0.1608623959
0.1593144045
0.0314379037
0.1717253474
0.0527773903
0.0873761604
-0.0845200456
0.0468589070
0.0189127876
-0.0328905026
0.0711938451
-0.0402992441
0.1261421122
0.0546888358
0.2365711538
0.2574846700
0.0747088261
0.1586909607
-0.0277770862
0.0815482312
-0.0365007209
-0.0368719880
0.1333321697
0.0226842348
0.0448362385
-0.0035682625
-0.0143251480
0.0223391591
0.0918724443
-0.0391428065
0.0430303151
0.0846107028
0.1039407607
0.0328655697
0.0881308058
0.0855025054
0.1363618328
0.0209290997
0.0220136685
0.0946089252
-0.0388102502
-0.0108396779
0.1739871040
0.1706341508
0.1807800514
0.0727235106
-0.0013339823
0.0267298527
0.1349034556
0.1753383536
-0.0045258949
0.3601054862
-0.0086994726
0.1156532185
0.2609054094
0.0338376867
0.2507650592
0.2236335608
0.0774815520
0.1786774665
0.2529875666
0.1242957364
0.2199181277
0.1380819006
0.1434487523
0.1022380129
0.1549431725
0.2663667625
0.1612425119
0.2343841463
0.0595146846
0.1867985022
0.1256384095
0.1776064676
0.1030003143
0.2016274267
0.2235448835
0.1141903898
0.0735202759
0.1814955900
0.2849921725
0.1908403537
0.1378845175
0.1885258857
0.2747579815
0.0558805962
0.0973961075
0.2284364180
0.0769739681
0.1911221416
0.3020523701
0.1885963198
0.1451198567
0.2838553332
0.2479958147
0.1505145742
0.1471998349
0.0866413531
0.3791474945
0.1360774604
0.1758714924
0.2533257993
0.3690369400
0.3722488609
0.3912744318
0.1725248866
0.2197866606
0.0610601633
0.4047664109
0.1975017083
0.1949625296
0.2217893416
0.2084270595
0.2656392268
0.2179714833
0.2417265264
0.2064869436
0.2464265069
0.4066630740
0.1689553040
0.2195031001
0.1573560319
0.1760990227
0.3094965837
0.3054948958
0.2142170039
0.1359051918
0.3296156294
0.3408424483
0.1954800016
0.3288013149
0.2999829743
0.2184290503
0.3097442953
0.1688811171
0.3597386978
0.1613367947
0.1923517742
0.3517992261
0.2884343398
0.2914384991
0.2326417722
0.2657929920
0.4849204326
0.3547845583
0.4204201328
0.3214997589
0.2774616116
0.2989955592
0.2591946740
0.3795943019
0.3160617520
0.1901526081
0.2816923166
0.1967073486
0.4470598070
0.3548364625
0.2710131216
0.3236594300
0.4001635344
0.3421909770
0.2069091434
0.1326500277
0.1839755045
0.3528117107
0.4647382092
0.2586270857
0.3675443377
0.3475840244
0.3497524957
0.4325885486
0.4867808687
0.3845512940
0.3320228901
0.2211366051
0.4203423623
0.4818644462
0.4723529239
0.3339255364
0.4494585300
0.2795875637
0.3778840628
0.2573914822
0.2765967616
0.3436528525
0.3495672611
0.3677546958
0.2235739547
0.3796475292
0.3193438481
0.3986630151
0.3388332950
0.4277668090
0.4512482290
0.5287043250
0.4396855934
0.2648787782
0.3818008591
0.3728727519
0.5450373018
0.3984983671
0.4285632137
0.4644025857
0.4497508874
0.4751350780
0.4027933491
0.5761106050
0.4712727047
0.3546818250
0.2678559212
0.3811055438
0.3569361352
0.4381144816
0.4866577091
0.4740209872
0.4984428368
0.3305227522
0.4861191854
0.2740611201
0.3826116408
0.5918030366
0.5660354241
0.5930229263
0.3393718963
0.4566690133
0.3772993997
0.5609053306
0.3732524655
0.5428425487
0.3127535355
0.4635171536
0.3150930186
0.4032079710
0.4680304633
0.4665153999
0.2914026130
0.3548068107
0.4447636010
0.6071016740
0.5552581894
0.5905577569
0.5543451298
0.4504370129
0.6242994674
0.5398404952
0.4630222036
0.5001762288
0.4122474518
0.4437947610
0.4922959606
0.5467283402
0.4871135172
0.6689692406
0.4740251442
0.5927390521
0.5483914667
0.5313488506
0.5163621763
0.3570798872
0.4171304297
0.5660937855
0.4431070019
0.5071269362
0.4050316117
0.5538392598
0.4884603140
0.4976520221
0.6916564495
0.4884020957
0.5036179441
0.5725655697
0.6041321794
0.5413777888
0.6429877540
0.5190615782
0.6773950755
0.5476505232
0.5665046432
0.6228934110
0.5416524230
0.5493061913
0.5711058653
0.5439476863
0.4441109433
0.5428276648
0.5452647231
0.5973344923
0.5791680566
0.5701197364
0.5976506917
0.7260788067
0.6638535834
0.6804456165
0.6205261856
0.5377154013
0.6291814730
0.7357701017
0.6336272240
0.5557134211
0.7236411381
0.6126347226
0.6853285582
0.6419762263
0.6398859070
0.4718014799
0.6595992167
0.6754386231
0.8095207433
0.5251651786
0.6396125766
0.6743025340
0.7229988243
0.6631667999
0.5909441627
0.6926917566
0.7736033312
0.6195385232
0.6805747964
0.6724021240
0.5280261984
0.7203861577
0.6734249414
0.6849740868
0.6231724496
0.6103221746
0.6311054385
0.7616537073
0.7009718620
0.7697726238
0.7506555806
0.6402820037
0.6210732062
0.4931092621
0.7143670910
0.7254050603
0.8118936217
0.7143830535
0.6605193314
0.6455026153
0.7073357805
0.5768119344
0.4940644009
0.4694356883
0.7190025486
0.7177189811
0.6491135858
0.6345656654
0.4794866717
0.7479791414
0.8894583473
0.7195387635
0.7692302069
0.7982177393
0.7256777558
0.6653445461
0.8181436256
0.8357321126
0.6901227394
0.6375125334
0.7078298754
0.6977070501
0.7725706397
0.7229012161
0.8101306714
0.6788042440
0.6845050981
0.7135313394
0.6321032805
0.6469967012
0.8084090302
0.8164739418
0.6856892008
0.7231583565
0.6924666434
0.8077445428
0.6682963331
0.8173490339
0.7588158954
0.7043700320
0.6904248972
0.8358551873
0.7271459162
0.7782402749
0.8463971399
0.5811463648
0.8905866554
0.8250609220
0.8577839856
0.8383153201
0.7248405240
0.7087361544
0.8379502416
0.7476116863
0.7562453956
0.7008930431
0.7424403181
0.7705204261
0.7078306733
0.8618633781
0.8415977831
0.8287569423
0.7519391932
0.8461169190
0.9329077472
0.8585466584
0.8831489053
0.9027067268
0.8916711385
0.7413250498
0.9369774134
0.9508210388
0.7705295596
0.8571126495
0.8647067092
0.7663665393
1.0023841453
0.8836511341
0.7909078954
0.8557081943
0.7518372117
0.7439565830
0.8377949866
0.7835455284
0.7642848743
0.8716774927
0.8810443895
0.9013648570
0.8091315662
0.8630544668
0.8955235547
0.8955203862
0.9165536381
0.9877337327
0.8208598102
0.8763412076
0.8971040259
0.8125771318
0.9508389465
0.8076029655
1.0844372812
0.8414756825
0.8753450387
0.8545484982
0.9513868311
0.9406131713
0.9120341925
0.9664990888
0.8672398347
0.8096844685
0.8427691462
0.8705312434
0.6698316631
0.9129444224
1.1135603990
0.9705985791
0.9692562477
0.9252844330
0.8837295467
0.9575528971
0.9672401931
1.1523029687
0.7978161138
0.9483694430
1.0231060086
0.8838192290
0.8681752594
0.9232974709
0.9104794620
0.8875228620
0.9104328162
0.9259995728
0.8060869864
0.9864969544
1.0061224553
1.0393628969
0.9969551614
1.0150043791
0.8234661109
0.9875909504
1.0187910425
1.0607417020
1.0315161971
0.8974234396
0.8616778818
1.0724223811
1.1853765245
0.9467281515
0.8293642151
0.9198484547
0.9741337793
0.9345450676
1.0130735538
0.9428592604
