-1.0226846798
-0.9864902123
-1.0035067810
-1.0379862537
-1.0227187260
-1.1487865842
-1.1419484110
-0.9876990207
-1.0404731285
-1.0292187422
-0.9123694459
-1.1186572856
-1.0644390239
-0.9568852783
-0.9507724935
-0.8780808637
-1.0578369550
-1.0338382604
-0.9981583892
-0.9313754055
-0.9557713635
-0.7713863968
-1.0516699009
-0.9185253551
-0.9061207193
-0.9419218810
-1.0235973702
-0.9694311367
-0.9659395050
-0.9912590867
-0.8879117561
-0.9029785254
-0.9552954750
-0.9245134644
-0.9695683647
-0.9185302426
-0.9609814585
-1.1017814528
-1.0663988849
-1.0058059315
-0.9136010463
-0.8864313841
-0.9303368091
-1.0403722077
-0.8603678010
-0.9223585892
-1.0293916325
-0.9540953556
-0.8188649313
-0.8084406338
-0.9420796562
-0.9234547483
-1.0004345078
-0.8682253642
-0.8984458151
-0.9370178077
-1.1353454269
-0.9488920247
-0.8888890277
-0.9207083587
-0.8585588523
-0.9298543198
-0.8326411994
-0.8951908963
-0.8818422110
-0.8502080009
-0.8770200347
-0.8951939992
-0.8768552565
-0.9269072594
-0.7630556091
-1.0671444480
-0.8756278345
-0.7858701542
-0.6897227927
-0.8389102089
-0.7161908903
-0.8149692288
-0.9103648002
-0.9296938299
-0.9478302104
-0.9028953637
-0.7537531063
-0.7959831571
-0.7670824172
-0.8578724438
-0.8018411217
-0.7277434214
-0.8512544558
-0.7201005142
-0.8116085677
-0.6852099744
-0.8037417152
-0.9623008502
-0.8404638704
-0.8456553335
-1.0116390836
-0.6951240217
-0.8404294814
-0.7106387562
-0.7707467551
-0.9194433905
-0.7841630663
-0.8529834481
-0.8188589773
-0.8189035071
-0.8236706523
-0.8895867727
-0.8542807225
-0.9044343980
-0.6767607977
-0.8627572725
-0.7710857891
-0.6579585393
-0.7019235892
-0.8745815753
-0.7773437085
-0.8598155682
-0.7302090644
-0.8035565453
-0.7524074676
-0.6567792666
-0.6894458172
-0.7554126904
-0.6903562727
-0.8019769968
-0.7644506493
-0.7059142112
-0.8358627993
-0.7253069732
-0.7206860928
-0.6063000517
-0.7264320221
-0.8492013606
-0.8661911624
-0.7036308903
-0.6867473009
-0.7469405209
-0.6442699458
-0.9124742960
-0.7739647934
-0.7170480631
-0.7706996928
-0.5980759728
-0.5971642022
-0.7885976433
-0.7032213914
-0.6563905645
-0.6747668931
-0.5987116794
-0.5715125525
-0.8542387514
-0.8853744108
-0.6768797574
-0.8841504639
-0.6973280774
-0.6670116349
-0.6552462914
-0.6963012719
-0.8073322268
-0.7820798730
-0.7592805573
-0.7749156763
-0.6643824869
-0.7050322748
-0.4865152711
-0.6797346953
-0.5168274436
-0.5763808759
-0.6666337263
-0.6702095695
-0.7270506721
-0.6235890041
-0.8446006203
-0.5673263495
-0.7845548500
-0.6611866221
-0.8706925206
-0.7006143041
-0.6548023003
-0.6332524114
-0.5670108664
-0.5022485901
-0.6402258423
-0.4572502660
-0.7260873196
-0.6198057562
-0.7124994653
-0.5258229834
-0.8738460229
-0.6079869191
-0.6645518444
-0.7059842799
-0.6104247996
-0.6024392040
-0.6389684389
-0.7766391536
-0.6105036670
-0.6612631321
-0.7039546153
-0.5214240349
-0.6402786499
-0.6617235345
-0.7014079592
-0.5874907910
-0.6547810395
-0.5571144528
-0.4823037972
-0.4473555259
-0.7107300200
-0.5919181373
-0.5124380649
-0.6435584309
-0.5605665154
-0.4729055649
-0.6754514581
-0.6216124009
-0.7274562721
-0.4958282534
-0.6004311774
-0.5943296331
-0.6151603770
-0.4539339296
-0.5383813252
-0.4318449637
-0.5175134907
-0.4872346219
-0.5550102149
-0.5954068209
-0.4713877413
-0.4279019749
-0.5825418719
-0.6115696348
-0.6084838215
-0.5171502533
-0.5523371664
-0.6349044828
-0.5447894667
-0.5806138587
-0.6353550373
-0.5822760930
-0.4634757945
-0.5666260706
-0.5006670408
-0.6616171080
-0.5203456229
-0.5470283545
-0.3831784152
-0.5156314940
-0.6396765683
-0.6468608983
-0.5684527151
-0.4743498356
-0.5602740385
-0.4439262829
-0.5238194164
-0.5839626721
-0.3910280231
-0.4025772202
-0.6083960635
-0.3568822435
-0.4461212492
-0.4678493804
-0.4271395127
-0.3675320901
-0.4789764623
-0.4833105315
-0.3134486335
-0.3160985534
-0.3643338942
-0.4691267949
-0.4541523457
-0.4129734660
-0.4874417071
-0.3837998353
-0.5085155440
-0.4357499343
-0.4092941997
-0.4352240020
-0.4373971488
-0.4403703517
-0.3379625601
-0.4283646107
-0.4463025375
-0.4105486221
-0.3061064971
-0.4165112011
-0.5263615825
-0.5250025419
-0.3640183010
-0.4397079464
-0.4202720333
-0.3255122445
-0.4707144861
-0.4443927620
-0.3708598945
-0.4784668740
-0.4889299572
-0.4364697264
-0.4019972598
-0.3894375736
-0.5378534197
-0.3968436701
-0.2711746971
-0.5223955556
-0.3269992027
-0.3468612508
-0.4097058192
-0.4303428844
-0.4483091814
-0.3398819245
-0.4247211703
-0.3753244010
-0.3997600732
-0.4529016110
-0.3517348673
-0.4977849486
-0.4146521623
-0.1466386207
-0.3877252809
-0.2167974094
-0.4132084643
-0.3858770325
-0.2849970151
-0.5365018033
-0.3053859561
-0.4216386740
-0.3385463816
-0.2594314961
-0.4806511953
-0.3591913306
-0.2276515774
-0.2055786679
-0.3731579313
-0.4191947944
-0.3566304455
-0.3380417435
-0.3383795369
-0.2037451463
-0.4071476153
-0.3548632752
-0.1944839618
-0.3170504795
-0.3039308486
-0.5893788079
-0.3999954905
-0.3713282992
-0.3159279373
-0.1615656165
-0.2698620323
-0.1158864962
-0.3655773935
-0.3579614705
-0.3214829995
-0.4309330259
-0.3805844444
-0.1772283695
-0.2822525102
-0.3981870752
-0.1672460399
-0.2584772225
-0.3468916190
-0.3969955901
-0.1283115658
-0.2218236333
-0.2548684987
-0.2887645690
-0.2817693881
-0.1886481365
-0.2707884354
-0.3009011867
-0.1835972782
-0.3171318096
-0.1704734340
-0.2241248884
-0.2693753518
-0.2304506137
-0.3532910828
-0.2653560096
-0.2697201104
-0.2609162442
-0.2957898056
-0.3297059422
-0.3196575356
-0.2249762516
-0.2058625708
-0.2133847040
-0.1661936052
-0.1717514988
-0.1621786017
-0.3007866725
-0.2328506221
-0.1577838373
-0.1985559654
-0.1826129822
-0.3199069650
-0.2097011158
-0.2209618507
-0.3441165205
-0.2721362647
-0.3188180339
-0.2808642607
-0.2639411131
-0.2086766986
-0.2693596396
-0.1946278841
-0.2491131503
-0.3351373906
-0.2337915338
-0.1907252523
-0.0649270107
-0.3188308272
-0.1010118584
-0.2419178649
-0.0482726764
-0.0834092241
-0.0208044640
-0.1482929691
0.0408690678
-0.2301108897
-0.1265623284
-0.2000491901
-0.0753486935
-0.1646190194
-0.1913785715
-0.1429779165
-0.0168043102
-0.1315749749
-0.0937854816
-0.2211984812
-0.0574609319
-0.2379837605
-0.1029442684
-0.1396559568
-0.2132845010
-0.1388213336
-0.1108172571
-0.0552219620
-0.1370721053
-0.2514319627
-0.1380125550
-0.0290068707
-0.1989392441
-0.0781322320
-0.1240815531
-0.3349415225
-0.1350119071
-0.1193610218
-0.1093932555
-0.0505161423
-0.2342679146
-0.0775594122
0.0117334211
-0.2130406700
-0.0871419880
-0.1312511210
-0.0267581913
0.0741961462
-0.0772087215
-0.0734883162
-0.1038787920
-0.1059962743
-0.1599144624
-0.0034509829
-0.0402174046
-0.1103844250
-0.2245147924
-0.0051674707
-0.2258788266
0.0027357572
-0.0313848288
-0.0991813812
-0.0059032525
0.0201899235
-0.2258445335
-0.1367485458
-0.0182283384
0.0027674712
0.0799301754
-0.1251298692
0.1050874808
-0.0923996645
-0.0225066673
-0.0415131229
0.0618937568
-0.0155959050
-0.0025176207
-0.0701201403
0.0661330476
-0.0027770532
-0.1048786283
0.1194905810
0.1147556290
-0.0037563034
-0.1042666123
-0.0463086151
-0.0433009776
0.0168638345
0.0167881414
-0.0627603905
0.0236526274
0.1163469549
-0.0229321758
0.1040969273
-0.0264801085
0.0095036633
-0.1372825102
-0.0762716874
-0.0277811411
0.0250587950
-0.1031547400
0.0041270140
0.0306576820
0.1739739912
0.0656850531
0.1493614115
0.0308667761
0.0171203799
-0.0572595972
0.0487304994
-0.0122765270
0.1122090320
0.2115703320
0.1289712454
-0.0503459155
-0.0317513362
-0.0063757516
-0.0620479839
-0.1090955440
-0.1209453651
0.1176053559
0.1472913895
-0.0379612853
0.1450009003
0.0784235135
0.1072404256
0.2037350506
0.1361364294
0.0707519125
0.0791213822
-0.0451689805
0.1627543576
-0.0273495218
0.0017786116
0.0177554607
0.0806995959
0.1645238013
0.1617498791
0.1098116219
0.0666693660
0.0092065327
0.0367941731
0.0609687089
0.0104433306
0.0523941207
0.0998933773
0.2685418684
0.1720594463
0.1377944807
0.3441922950
0.1568772438
0.1137912111
0.2175851185
0.0486870808
-0.0033120319
0.1927528025
0.2389236731
0.1013231640
0.2382519534
0.1772492565
0.1192497101
0.1649550133
0.0304176857
0.2182895261
0.0889106675
0.2568693728
0.1491021393
0.2105912330
0.0720726023
0.2686873612
0.2069892406
-0.0434289068
0.1278534348
0.0025674165
0.1534017607
0.1518884771
0.2174421598
0.3630075135
0.1391744201
0.0662290422
0.1488269844
0.0180328883
0.0950906178
0.2107616809
0.2186943645
0.3139228332
0.1615264068
0.1725188891
0.3048202281
0.1728332478
0.1582250492
0.1419914432
0.2421230844
0.2821801507
0.3893917394
0.2169648451
0.3132858445
0.3317279139
0.0662258436
0.2049096397
0.1879554005
0.2762302322
0.2357713758
0.1102750541
0.1000724584
0.0872835795
0.1536473481
0.2344705126
0.2418243321
0.3098010578
0.1455707616
0.2136315013
0.2591501835
0.2805201548
0.0987845190
0.2272175548
0.2072435135
0.1862829846
0.1354921970
0.2266462144
0.1570361077
0.1007833094
0.3381673995
0.3520890400
0.2324238014
0.3574869517
0.2546202224
0.1532422591
0.2199955396
0.3074788530
0.3749850624
0.3433087719
0.5053577983
0.2772107731
0.3574739845
0.3549614849
0.2737492178
0.4012853823
0.3184604067
0.3861852198
0.4517398413
0.3107246209
0.1993554799
0.3509403255
0.3206772664
0.4229019823
0.3301387933
0.2647483548
0.4599138862
0.3141616005
0.4025009238
0.3906799330
0.2944654469
0.4873084954
0.3104906850
0.3977965163
0.3208193250
0.1712904712
0.2995589984
0.3137525328
0.4026081978
0.1593013466
0.4394649738
0.1464561497
0.4235860781
0.2892826813
0.2939206655
0.4947173216
0.2978501870
0.2365929206
0.3432140326
0.4276874723
0.4193965882
0.3435609364
0.4250390502
0.4644368340
0.3218436836
0.4248883397
0.3193601610
0.3819270740
0.3532744809
0.2943443577
0.3999910174
0.4009792025
0.2562431679
0.3777621240
0.3815156530
0.3773996649
0.4521373703
0.3253091266
0.3653956112
0.4072062085
0.4850507409
0.4590431497
0.4464109000
0.4602317408
0.5033443172
0.4715397028
0.3065174253
0.5363478915
0.5376122779
0.4773817127
0.4332976895
0.3539853940
0.4453703208
0.4997417443
0.3426915567
0.4144591087
0.4159513017
0.5605434803
0.5738572799
0.4212434078
0.3730088819
0.3827520736
0.4702071631
0.4639830110
0.5274309860
0.5155034444
0.5547592794
0.5650430999
0.4038731559
0.4605914320
0.5020999388
0.3786260430
0.5011339978
0.4939585094
0.5417616242
0.5125188682
0.3177934859
0.3803057836
0.6163297009
0.4243795650
0.5629689951
0.6376025230
0.3242417099
0.3761240655
0.5453160018
0.7032705691
0.5037743142
0.4668524783
0.4006807561
0.5636110605
0.4943580339
0.4522080554
0.4687115326
0.5461062193
0.2743902457
0.4277335684
0.5502569005
0.7638449365
0.5624892102
0.4484956856
0.5323191475
0.5270904012
0.6311951115
0.5735065560
0.4440412361
0.4433537702
0.5948366122
0.5391419568
0.5533966665
0.6310457024
0.5504458231
0.5687843695
0.7227706238
0.5868878999
0.5753721107
0.6264247321
0.5364281028
0.4315317201
0.5809439734
0.7079102222
0.6551379590
0.5289343344
0.5735659808
0.5343296658
0.5428616926
0.7697649057
0.5863916316
0.5841873896
0.7006271000
0.5458170883
0.4371435987
0.6471628526
0.6351960346
0.5805216827
0.5303480408
0.8349630038
0.7270904089
0.7230820813
0.6663015126
0.5818205795
0.6940434290
0.5514721468
0.6784344243
0.6352537180
0.6566022489
0.5678924154
0.6462841564
0.5862408078
0.6777281778
0.6087992943
0.6126576862
0.6643439394
0.6893604423
0.6859180656
0.7205816959
0.5470016803
0.5898495973
0.5844587360
0.6352528234
0.6188476087
0.6343907759
0.5713794534
0.6977991406
0.5988946259
0.6523082655
0.7506598046
0.5643712890
0.5908885432
0.7103841655
0.6124703743
0.5821895211
0.6474803316
0.5481983789
0.5268599498
0.6870300615
0.6707369684
0.8756374314
0.5689647138
0.5721847326
0.5785317755
0.6211891987
0.6538057184
0.6141598937
0.6934339600
0.6912669849
0.6838571998
0.6950596997
0.6120233950
0.7368788482
0.8824617321
0.7277052282
0.6390213439
0.8088687346
0.8513289625
0.7477138399
0.7183409982
0.7975660931
0.6991674509
0.7294843120
0.7837190587
0.7455947873
0.6239950783
0.8355849261
0.7818850449
0.8114692793
0.7264483407
0.6283747067
0.6503554740
0.5414761540
0.7884598465
0.6722439703
0.7755867414
0.8716601084
0.8473327262
0.8186940959
0.6408710492
0.7169687643
0.8467591256
0.8491582552
0.8052571223
0.6966337833
0.7574931798
0.8048995449
0.8609204397
0.6267849890
0.7808907511
0.7960582577
0.7666091463
0.7754957317
0.7137198752
0.7640185919
0.7155154651
0.7541630778
0.8529209699
0.7808695293
0.7419514404
0.8317936299
0.7943351282
0.8723696187
0.7317254360
0.9470322147
0.8654672133
0.8364873587
0.7494791037
0.7253427024
0.8120405111
0.8569388301
0.8604356566
0.6972800568
0.7045607614
0.7339092781
0.8171485860
0.6795224038
0.8233092255
0.8162285631
1.0146030900
0.8718848612
0.8085894401
0.8213500029
0.9791948609
0.8452739989
0.9157382824
0.8981611221
0.9989424450
0.6876936057
0.9288156708
0.8118391551
0.7839823885
0.9192784338
0.7836571179
0.8433658900
0.7750898645
0.9256638381
0.9723707455
0.8435435104
0.7953593365
0.8055959680
1.0050533106
0.9054616535
0.8596034368
0.9986622452
0.9112049158
0.8819333642
0.9257147594
0.7883049408
0.7779633685
0.8782475459
0.8090665164
0.7531304268
0.8185853559
0.6750499778
0.8780292794
0.9780811318
0.9664316017
0.9247477388
0.8532385175
0.9601222280
1.0616673011
0.9125529815
1.0408984895
0.9216774603
0.9276195648
0.9400088875
0.6952401436
0.9242907504
1.1037528344
0.7912690489
0.9411376436
1.0115050177
0.8097957477
0.9522539051
0.9314857201
1.0215616606
0.9822615777
0.9530463897
0.8848870470
1.0010855347
0.9571172902
1.0658227784
0.9359761859
1.0082949690
1.0335535638
0.9594282439
0.9208067720
0.8649609036
0.8659116893
0.8178211583
0.9440818756
1.0301415653
0.8994585362
0.9464157474
0.9894798629
0.9294644392
0.9188075972
1.0172140227
1.0904958489
1.0394253840
0.9609043968
