-1.0473702089
-0.8822860753
-0.8316704573
-0.9726594335
-0.9616433630
-0.9763739764
-1.0325744930
-1.1439545261
-0.9296833347
-1.1268557535
-0.9865320632
-0.7912947357
-1.0180190006
-1.1207865408
-0.9844733760
-0.8130454816
-1.1258552428
-1.0788896964
-0.9489252735
-1.0278210824
-0.8701833339
-0.9549833433
-0.9632233581
-0.9918071801
-1.0563095023
-0.7661412176
-1.0706469683
-0.8602973709
-0.9639742279
-1.0303814935
-0.9496380135
-1.1069562681
-0.7126025704
-1.0418241969
-0.9057063333
-1.0096451180
-1.0657518954
-0.8910343592
-0.9567473973
-1.0064566704
-0.8657547201
-0.9091324986
-1.0114967023
-0.8663198201
-0.9563025423
-0.9033126693
-0.9815661565
-0.8406191055
-0.8957815473
-0.8615965876
-0.7010209815
-0.8382501297
-0.9384762568
-0.9143607330
-0.9841095914
-0.9929995401
-0.9524704872
-0.8374814661
-1.0631085320
-1.0220372407
-0.8304450775
-0.9137728267
-0.7242606848
-0.9178997147
-0.8269938722
-0.8036447781
-0.7688067744
-0.9843068982
-0.9504710591
-0.7709839954
-0.8287141194
-0.9404609621
-0.8834147448
-0.9550254409
-0.9483454365
-0.8769226321
-0.8687938291
-0.7916789607
-0.8538030937
-0.7847951410
-0.9135596708
-0.8966920988
-1.0938197608
-0.9057325468
-0.9226859913
-0.7571694165
-0.6393280114
-0.8864700467
-0.7066839319
-0.6849322982
-0.9814121079
-0.6542219738
-0.8914210872
-0.7869459136
-0.9053719349
-0.8196837957
-0.8545861109
-0.8007475767
-0.7190716123
-0.7492254607
-0.7632567615
-0.6844504486
-0.8336089462
-0.7397639157
-0.7522641968
-0.7395310080
-0.5461975675
-0.8085779175
-0.7581228471
-0.8338222479
-0.8566125303
-0.8028946352
-0.7257602930
-0.7324683522
-0.8083473216
-0.7781775732
-0.7815847292
-0.5460397263
-0.7071490896
-0.7464473035
-0.7701953707
-0.6102990130
-0.7192484600
-0.6587343429
-0.7815040037
-0.7749884061
-0.6558834140
-0.7464136104
-0.6202968762
-0.5818765375
-0.8661191719
-0.6976689688
-0.7662337737
-0.6931282112
-0.8057279063
-0.6193451152
-0.5470013902
-0.7086571264
-0.8670677147
-0.8495067836
-0.7105454541
-0.6864190965
-0.7066820386
-0.6912935393
-0.7130883056
-0.7046886485
-0.6964551149
-0.6148455157
-0.7948223057
-0.7638484329
-0.7787763498
-0.6630410366
-0.7688647564
-0.6370304657
-0.7007119449
-0.8720895168
-0.7193888215
-0.7418680394
-0.6014022249
-0.6638297569
-0.5873317319
-0.5970052173
-0.7947298144
-0.7579509813
-0.8397799427
-0.7225040319
-0.6278723255
-0.6273398164
-0.6984752935
-0.5837084349
-0.6967216892
-0.6361692242
-0.5418541960
-0.6962883525
-0.6706628187
-0.7495425039
-0.5301274519
-0.7596591721
-0.7602700363
-0.5333488349
-0.7131814265
-0.6690807807
-0.6055143256
-0.6499673976
-0.5403532513
-0.6685753695
-0.5774607509
-0.5472902986
-0.6519033738
-0.7201912335
-0.6162701325
-0.5344514605
-0.6450026136
-0.5633389383
-0.6577350778
-0.5463399717
-0.6012173526
-0.6662879620
-0.6727048914
-0.6125506736
-0.6115945216
-0.6753944939
-0.6814987095
-0.6519923624
-0.5851288773
-0.5443791755
-0.7404697040
-0.6049809484
-0.6583682252
-0.6216138633
-0.6841742088
-0.7164072333
-0.6344559111
-0.6136220196
-0.6529153841
-0.6849853314
-0.4141182833
-0.6028496925
-0.4841049928
-0.6050712937
-0.4595478711
-0.6283389876
-0.6116466034
-0.5596662325
-0.5551590297
-0.6322836812
-0.5583498061
-0.3678762106
-0.6579253621
-0.4362944130
-0.5594851177
-0.6422364214
-0.6521349223
-0.5531066144
-0.4807101632
-0.5242475789
-0.5417190779
-0.4950735514
-0.4888214426
-0.5949052076
-0.4543464442
-0.7718122952
-0.3482115989
-0.5047127001
-0.4821976131
-0.5524875598
-0.4683580740
-0.5639127420
-0.5950624446
-0.3705901067
-0.5330806396
-0.6122544762
-0.4483712828
-0.6222052314
-0.3679821268
-0.4627222485
-0.5374585585
-0.5041577708
-0.3318858088
-0.3770302860
-0.3522616863
-0.5120661260
-0.5164805506
-0.4218187973
-0.5672990088
-0.3190038006
-0.2809794855
-0.4394757941
-0.4466129298
-0.5663723957
-0.3228500403
-0.5432286775
-0.4789892109
-0.3984425331
-0.5045155870
-0.3582226542
-0.5213552922
-0.4359445030
-0.4957536533
-0.6285919641
-0.4521896107
-0.3361528906
-0.4949426197
-0.4874730553
-0.2942356117
-0.3346339367
-0.2382917393
-0.4326819225
-0.4841409136
-0.4542031837
-0.4197307772
-0.4953371445
-0.4406272639
-0.3857182561
-0.2807106204
-0.4219605253
-0.4516848546
-0.4499218655
-0.3771348460
-0.5225010720
-0.2462492987
-0.3776012564
-0.3635704816
-0.2955214989
-0.4697733803
-0.3846753808
-0.3794433096
-0.4829247840
-0.3462804361
-0.0977394920
-0.3413612656
-0.3618319227
-0.3528374401
-0.4102792798
-0.4518927214
-0.4389947691
-0.1989416616
-0.3476025636
-0.3809643169
-0.3513252392
-0.3865606819
-0.3382840976
-0.3265947666
-0.2008221525
-0.3428025512
-0.5495460526
-0.2712704423
-0.5120150455
-0.2956042994
-0.4706551211
-0.4318487742
-0.3576350882
-0.4361128201
-0.3818935631
-0.2803617129
-0.2178625893
-0.3501620266
-0.4000030152
-0.2624147403
-0.3639153796
-0.2440640020
-0.2443955731
-0.4280742617
-0.4102984543
-0.4476546662
-0.3067941141
-0.4472285395
-0.2718451170
-0.3072104373
-0.1333182621
-0.3317599143
-0.2879601907
-0.2230115383
-0.2992232325
-0.4469033723
-0.2803108216
-0.2241910219
-0.3604749622
-0.2919506224
-0.4532654704
-0.3049272952
-0.2512944448
-0.1761645908
-0.4527988970
-0.3028550079
-0.2130267365
-0.3661732989
-0.3658612713
-0.2766659529
-0.2318609713
-0.3130812438
-0.3539693578
-0.1786014042
-0.1054256723
-0.4230469520
-0.1763140196
-0.3020813820
-0.2496942941
-0.1613948257
-0.2678835122
-0.1613650646
-0.2399816613
-0.2218135422
-0.3781754968
-0.1802546515
-0.4256650501
-0.2947723505
-0.4604144614
-0.2562257758
-0.2067926797
-0.0804827081
-0.2020233471
-0.3104237331
-0.2480530664
-0.2341782442
-0.1445421650
-0.0649076644
-0.2284381494
-0.2725408665
-0.2007481467
-0.1802307403
-0.1786825637
-0.1819770255
-0.2172825538
-0.2274963643
-0.1537449712
-0.2519599098
-0.2168697881
-0.1138196125
-0.1875922507
-0.2511255983
-0.1820921875
-0.2219823334
-0.1394471915
-0.2506861891
-0.0725409265
-0.1543988274
-0.1168569971
-0.0646505593
-0.2491401165
-0.1608187871
-0.0267988530
-0.0634861989
-0.2183238495
-0.1027395320
-0.1028405754
-0.1500471777
-0.1996742134
-0.1731879421
-0.1345181723
-0.2116226718
-0.0432854860
-0.0601381490
-0.0280725774
-0.0198567114
-0.1249459895
-0.0188428853
-0.1115180582
-0.0740138996
-0.0975863194
-0.0383031348
-0.1516362699
-0.1066263394
0.0022887479
-0.2388145410
-0.1118030764
-0.0710929394
-0.1397649827
-0.1417575051
-0.0754040478
-0.1684675846
-0.0289782062
-0.2392037611
-0.1491743492
-0.1180605119
-0.0268677513
-0.1326963909
-0.0931152497
-0.0580750231
-0.1715551973
-0.1355620463
-0.0935049033
-0.1138951350
-0.1918085619
-0.0351414414
-0.1823334830
-0.1012764517
-0.1116283016
-0.0571087879
0.0841002106
-0.1653202582
-0.0877503225
-0.0635038390
0.0232550563
-0.0081599975
-0.0416635322
-0.1499278247
-0.0343987854
-0.0115810921
-0.0546342774
0.0518167436
-0.0933756124
-0.0586164962
-0.0688462433
0.1128434572
-0.2962124279
-0.0655226258
-0.0744313948
-0.1094513500
-0.0571792121
-0.1312062226
-0.0055955429
0.0313656790
0.0319787557
0.0644520632
-0.0465701258
-0.1316417166
0.1359350506
-0.0367345107
0.0699755090
0.0289554497
-0.0401317319
0.0371572318
-0.0517582667
-0.0123006951
0.0857792226
-0.0276754520
-0.1470803534
0.1795960190
0.0172518643
0.1568973437
0.0645517904
0.0696970211
-0.0608656819
0.0620396489
0.0036204644
-0.0229760223
0.0758741606
-0.0565704990
0.1397580107
0.0472416668
0.2281753117
0.2417114421
0.0885903517
0.1459176490
-0.0438449449
0.0572423326
-0.0441764567
-0.0280077687
0.1483226785
0.0134993465
0.0722259806
-0.0131754309
-0.0535389716
0.0252151617
0.0963018739
-0.0291505659
0.0324061582
0.0783685527
0.1112140315
0.0329802328
0.0753580087
0.0861007583
0.1497912718
0.0093473646
0.0150661861
0.0975022680
-0.0238476008
-0.0212792012
0.1718891606
0.1599298377
0.1811190281
0.0720709878
0.0177583838
0.0294801806
0.1425367471
0.1827628510
-0.0227018306
0.3708107843
-0.0291848614
0.1164679819
0.2468840133
0.0616083581
0.2457913629
0.2390362242
0.0719483465
0.1636727752
0.2438930824
0.1104053281
0.2146997931
0.1226942751
0.1514991696
0.0954791631
0.1351310112
0.2712974634
0.1520045843
0.2310277622
0.0573336854
0.1773210110
0.1105750359
0.1911979468
0.1013735822
0.2050949034
0.2258843286
0.1118342388
0.0507296105
0.2013245753
0.2926992093
0.1696144983
0.1409715498
0.2070378916
0.2881670610
0.0480865787
0.1211129378
0.2343005168
0.0923147523
0.1952627129
0.2926641207
0.1901003570
0.1588696388
0.2798515439
0.2269755077
0.1647832548
0.1254048517
0.0951603898
0.3721556491
0.1463546225
0.1910694942
0.2522373026
0.3524812951
0.3826933656
0.4083708481
0.1764685350
0.2111455575
0.0659300647
0.3966379773
0.1938534172
0.1929477198
0.2137638705
0.2323388416
0.2768845645
0.2085206290
0.2416996807
0.1985191899
0.2450719742
0.4354914657
0.1602999659
0.2288597210
0.1826483913
0.1926044646
0.3317035187
0.3279505627
0.2540507773
0.1448680861
0.3501653356
0.3512983089
0.2105638429
0.3224289157
0.2865030987
0.2254262141
0.3375453189
0.1682672084
0.3616861231
0.1516538278
0.1896150880
0.3783446629
0.3154733058
0.2682569539
0.2515205980
0.2819328902
0.4684918508
0.3541921325
0.4353555604
0.2825725851
0.3017717324
0.2958852575
0.2459682313
0.4088447329
0.3034172818
0.2240938202
0.2868690823
0.1960923184
0.4393333079
0.3514618992
0.3050133723
0.3239238605
0.3953634851
0.3438711693
0.2324232056
0.1476039158
0.1678310186
0.3797703839
0.4681186764
0.2841909321
0.3478749239
0.3548725734
0.3622088442
0.4278922923
0.4859962815
0.3873644065
0.3633355716
0.2444113258
0.4324057109
0.4787356407
0.4638381959
0.3295317700
0.4374042158
0.3048000655
0.3935196227
0.2347315158
0.2661512110
0.3661641544
0.3417201634
0.3552314896
0.2076090954
0.3730589432
0.3248320409
0.3971780065
0.3537086774
0.4058161055
0.4551391013
0.4956671277
0.4422776204
0.2782244472
0.3742600022
0.3560883236
0.5284113196
0.3844060803
0.4274787325
0.4523436419
0.4544262209
0.4799990116
0.3872873337
0.5803026181
0.4565060456
0.3283415618
0.2661888962
0.3894731869
0.3660549029
0.4626531149
0.4936139631
0.4943158421
0.4906650951
0.3182436060
0.4949285568
0.2574903105
0.3819919383
0.5840493470
0.5583820544
0.5985933654
0.3402650982
0.4444337210
0.3971219970
0.5709700257
0.3690585914
0.5308254227
0.3223255481
0.4601731849
0.3169008373
0.4104594022
0.4738525480
0.4668005721
0.3026546087
0.3845957221
0.4488992276
0.6038365546
0.5391564207
0.6021773914
0.5261821968
0.4365266775
0.6490537813
0.5619058367
0.4456508670
0.4895146518
0.4182600229
0.4522162713
0.4728150403
0.5333098311
0.5025152037
0.6867756790
0.4769643467
0.6040261441
0.5496005901
0.5269732191
0.5073089861
0.3514022591
0.4117794190
0.5695448824
0.4640101453
0.5245105379
0.4003555093
0.5516543042
0.4792986457
0.4890279424
0.6971003407
0.5043548758
0.4944093173
0.5402703148
0.5993158202
0.5420791894
0.6344014478
0.5456425521
0.6607255246
0.5329938864
0.5545143034
0.6434865089
0.5246953607
0.5611907088
0.5566035499
0.5406556240
0.4523967853
0.5398551275
0.5632919268
0.6098512591
0.5754831943
0.5753184947
0.6221903901
0.7277717135
0.6463629240
0.6666830830
0.5940144183
0.5405135724
0.6079309729
0.7330172131
0.6552710533
0.5647552519
0.7317244563
0.6319745328
0.6909269448
0.6454518488
0.6509443212
0.4942174646
0.6721246520
0.6875651680
0.8111915098
0.5369169535
0.6459949420
0.6519554908
0.6957063186
0.6512250067
0.5933277394
0.6602837957
0.7639031454
0.6309242064
0.6860652321
0.6774233751
0.5328109310
0.7073197214
0.6743229894
0.6763853638
0.6155173025
0.6112119479
0.6352196921
0.7481667645
0.6890855372
0.7517244608
0.7649525649
0.6286093621
0.6497758578
0.5003501311
0.7132953556
0.7009728202
0.8137301954
0.7178729038
0.6298022747
0.6440781570
0.7059752944
0.5660899118
0.5046603311
0.4878292353
0.7003015566
0.7236046651
0.6333433962
0.6358214609
0.4804675300
0.7377067998
0.9236258838
0.7195825776
0.7752095109
0.7885114384
0.7353305675
0.6624469653
0.8154316359
0.8356137867
0.6908008764
0.6497986450
0.7197490877
0.6982332580
0.7866776713
0.7280540320
0.7960477302
0.6872695141
0.6775447411
0.7004693917
0.6464849528
0.6370339231
0.8095286161
0.8066443166
0.6888421502
0.7103096595
0.7016117904
0.8198346269
0.6832495458
0.8046565042
0.7638679200
0.6902477601
0.7005420477
0.8593873040
0.7389865809
0.7870851182
0.8731286490
0.5957106817
0.8791470753
0.8449383925
0.8688057670
0.8316085569
0.7081823539
0.6791659341
0.8632420526
0.7595480365
0.7671638991
0.6933682513
0.7379825160
0.7676453830
0.6978179944
0.8690269558
0.8488199825
0.8232478969
0.7579301896
0.8508525723
0.9362222509
0.8676132520
0.8671755321
0.8636635162
0.8905892900
0.7366462345
0.9259855781
0.9154286813
0.7802805103
0.8444012746
0.8411234813
0.7711672073
0.9913921023
0.8853615209
0.7878222722
0.8721959312
0.7504668542
0.7259863502
0.8226534928
0.7973422256
0.7474138684
0.8611225337
0.8787593981
0.8813029949
0.8178669112
0.8832385116
0.9049145191
0.8941760965
0.9240950478
0.9884533253
0.8568086248
0.8742805742
0.8833454251
0.8131333558
0.9395726969
0.8267819296
1.0487208225
0.8465928922
0.8814924609
0.8267782739
0.9491564355
0.9346207023
0.8935307352
0.9768672620
0.8701194788
0.7927216893
0.8379776836
0.8650397882
0.6696836913
0.9172288919
1.1113811630
0.9954414458
0.9901803399
0.9123165962
0.8911436685
0.9661252553
0.9833969304
1.1511808077
0.7800665196
0.9559684659
1.0099133789
0.8804533006
0.8961784979
0.9405560319
0.8983871211
0.8919370401
0.9222376763
0.9126816883
0.8107466233
0.9901961363
1.0050559093
1.0661600973
0.9779550725
1.0024959309
0.8248614181
1.0248321768
1.0287282545
1.0448169306
1.0374398547
0.9059562885
0.8612285509
1.0627170079
1.2053886570
0.9411645857
0.7995390949
0.9429338884
0.9474778754
0.9266492956
1.0123652430
0.9331485969
