-0.8873515757
-1.0351766572
-0.9804685637
-0.9501568540
-0.9570708788
-0.9393478552
-1.0398047469
-0.8971744018
-0.9656079742
-1.0024592169
-1.0278721037
-0.9818050344
-1.0945800554
-0.9840673129
-0.9473348395
-0.9406431069
-1.0027559459
-1.0448959758
-0.9001699833
-0.7468501266
-1.0026775420
-0.8717136793
-0.9375834547
-1.0264023452
-0.9292373181
-0.8833141004
-0.9879613666
-0.7974399188
-0.9871520257
-0.8973743557
-0.9892323170
-0.8698080100
-0.7658955607
-1.0511847275
-0.8665444613
-1.0158769864
-0.9295376410
-0.8077796537
-0.7653355992
-0.8136954381
-0.8999620378
-0.7629922918
-1.0079718165
-0.9325799885
-0.9360903947
-0.6884873983
-0.8465417295
-0.8565576814
-0.9360538773
-0.7969725332
-0.7897118232
-0.8960618178
-0.9548892724
-0.8593510206
-0.8800438420
-0.9880429199
-1.0435864970
-0.7967298162
-0.9745068388
-0.7686814792
-0.8417852709
-0.9775623540
-0.8509962335
-0.8137604233
-0.9427428720
-0.9037924807
-0.8607359345
-0.9179191100
-0.9160290607
-0.8219005448
-0.9442504003
-0.7472054505
-0.7304171896
-0.7731307654
-0.9762143739
-0.9406226176
-0.8032429128
-0.8607028388
-0.8600562236
-0.7804170559
-0.8061874087
-0.7490126647
-0.8070548977
-0.9971621001
-0.7271669654
-0.7213724274
-0.8134671039
-0.9724425833
-0.9399455450
-0.8080974564
-0.8204211704
-0.5407929255
-0.6734436559
-0.8742112008
-0.9297397870
-0.7637723107
-0.7731909328
-0.8064003853
-0.8249651110
-0.8155979563
-0.8656946191
-0.8448077547
-0.7553811714
-0.8476320667
-0.8457939254
-0.8029784401
-0.9006568522
-0.9730000987
-0.8947084791
-0.7121133858
-0.8204838947
-0.8693510363
-0.7515051694
-0.8112051138
-0.8192454054
-0.6713001148
-0.6915146402
-0.6121039297
-0.8054325450
-0.6123411267
-0.5912281704
-0.6929474520
-0.8195665545
-0.6771573133
-0.7320727245
-0.5733076150
-0.5977881641
-0.6000380989
-0.9109794426
-0.7057800628
-0.6972420647
-0.6798841570
-0.7170406663
-0.7500461425
-0.6996268619
-0.7669679258
-0.6240737673
-0.6852411482
-0.6890309020
-0.6754588605
-0.7934003045
-0.6517464178
-0.7219438617
-0.8119917074
-0.6123430020
-0.7909735216
-0.7040096467
-0.7367247527
-0.7960436998
-0.5093906264
-0.7109844488
-0.8097723546
-0.5836085652
-0.6964112765
-0.6572938584
-0.6650865563
-0.7214843498
-0.5903173896
-0.7207320113
-0.8032789318
-0.8024731376
-0.5984576694
-0.5361125435
-0.6829429284
-0.5874731534
-0.7254776596
-0.7470065084
-0.6693068435
-0.6143368269
-0.7987982553
-0.7076271477
-0.6693994140
-0.6834063565
-0.6318485438
-0.5739381223
-0.6893505814
-0.6279836759
-0.6394436094
-0.6766997505
-0.5802603459
-0.6184964106
-0.5190462389
-0.7041984443
-0.5872595281
-0.7113704829
-0.7401073200
-0.5248590026
-0.6014410828
-0.5800772292
-0.6854064024
-0.6911607416
-0.6897660556
-0.7028252124
-0.6771843452
-0.6621361276
-0.5589780589
-0.6187655143
-0.4740332441
-0.6172265318
-0.5903049513
-0.5333649755
-0.5642857161
-0.4913092486
-0.5299886706
-0.6124345945
-0.5832687682
-0.6875783541
-0.5164335244
-0.5602381604
-0.5138183818
-0.8009394915
-0.6594185267
-0.6102615697
-0.6119318204
-0.3647107733
-0.4531529306
-0.5323776641
-0.5465718476
-0.5416237301
-0.6094578125
-0.6212508250
-0.6396607743
-0.4781399310
-0.5367747599
-0.6046362120
-0.5045749536
-0.6416310684
-0.4774963170
-0.5550095357
-0.5356177292
-0.3287705146
-0.6247583422
-0.5804517778
-0.5916081094
-0.6237651757
-0.5048048573
-0.4963852199
-0.5141469075
-0.5381026247
-0.4883328382
-0.5558907347
-0.6131338740
-0.4509150059
-0.5086006779
-0.4915155766
-0.5441042853
-0.5381957464
-0.5387650701
-0.4717470840
-0.5560476632
-0.4402531639
-0.5515497023
-0.4692835513
-0.5045755833
-0.5481737351
-0.5050274957
-0.3011348925
-0.4551464094
-0.5882914969
-0.3908047215
-0.3480567425
-0.4357473285
-0.4784759107
-0.3933522378
-0.5311908970
-0.5872686045
-0.4877357656
-0.5326882268
-0.4135970892
-0.3964209343
-0.3773305693
-0.3778751631
-0.4326248412
-0.4359417785
-0.5632736013
-0.5354786438
-0.3804017604
-0.4390047984
-0.4106989325
-0.3702093760
-0.3288189138
-0.5555275830
-0.3638403255
-0.3423271074
-0.4595015954
-0.4083685946
-0.4143133093
-0.4110342737
-0.4473204911
-0.4164400445
-0.4842656234
-0.4917596540
-0.5425449404
-0.3810681910
-0.5505831560
-0.2833275377
-0.3348739773
-0.4509206286
-0.2788308718
-0.3660706148
-0.3642045230
-0.3990124401
-0.4496731630
-0.3108922192
-0.2536783558
-0.4312380895
-0.3403096535
-0.4157835215
-0.3605628162
-0.3022366885
-0.4820134707
-0.4049064952
-0.4956113605
-0.3572795367
-0.3395512940
-0.2898823866
-0.5604270806
-0.2886767689
-0.4291003497
-0.2406604759
-0.2939576130
-0.3363483605
-0.2541905781
-0.2993905776
-0.2920961079
-0.3866876422
-0.3969499669
-0.5251067110
-0.3556961742
-0.2872994819
-0.2859232177
-0.4454969425
-0.3565554993
-0.4282727948
-0.3179220711
-0.2223031328
-0.4138384053
-0.3429210874
-0.2738477831
-0.3419339801
-0.3508223771
-0.1631814740
-0.2292283419
-0.1095289881
-0.4481362717
-0.3809447561
-0.2839442751
-0.3349989603
-0.2871654747
-0.2934541217
-0.2893036589
-0.3653423021
-0.2163425819
-0.2037359653
-0.3769005378
-0.2028292958
-0.4255842213
-0.3267657874
-0.3689975813
-0.2820963879
-0.3110818371
-0.3257421025
-0.2242750898
-0.3719909515
-0.4804988822
-0.4177067410
-0.2573030939
-0.3213729432
-0.1086040778
-0.2985148305
-0.1791789489
-0.2110804682
-0.2016425225
-0.2214109902
-0.2987468155
-0.1834121820
-0.2395385057
-0.3092529394
-0.1995128315
-0.2151745303
-0.3574376199
-0.1006937561
-0.3178641748
-0.3973143170
-0.3135272461
-0.2572256146
-0.1522457416
-0.1241719218
-0.1166660198
-0.0009709732
-0.2808606153
-0.3214395491
-0.1546908571
-0.2788106129
-0.1921334573
-0.2220990004
-0.2151104639
-0.2519945949
-0.3001868104
-0.3286255142
-0.2772622710
-0.1971995522
-0.1007785264
-0.1902380898
-0.0918771656
-0.1342653674
-0.3069927495
-0.0413589642
-0.1970255679
-0.1355665353
-0.1671726049
-0.1334402110
-0.0736096377
-0.0756322279
-0.2712940889
-0.2549180446
-0.1124392457
-0.3064326015
-0.1841164140
-0.2290630411
-0.3080599315
-0.2167792559
-0.0778661957
-0.1050472700
-0.0199370786
-0.1844449055
-0.2215582989
-0.1085710033
-0.0968545096
-0.0755578024
-0.1596916361
-0.1719410807
-0.1299962267
-0.0613899242
-0.0424412905
-0.1480177013
-0.0456378560
-0.0391957758
-0.2683438717
-0.0867878838
-0.0362461347
-0.0978550319
-0.1118241848
-0.0334534549
-0.0107411081
-0.1279504936
-0.0931715592
-0.0682147361
-0.1384883926
-0.0136342829
-0.0420559081
-0.1193196727
-0.1685030343
0.0174339611
-0.0951540196
-0.0912557570
-0.1212973765
-0.0085410655
0.0189618009
-0.1158426267
-0.1060717236
-0.0673956433
-0.1419612481
-0.1459424118
-0.1059197008
-0.1392714736
-0.0231544363
-0.0148417280
-0.0690747457
-0.1089929459
-0.1911995875
-0.1447381239
-0.1285900980
-0.1332948915
-0.1096327979
-0.0575087498
-0.0135051129
0.0989015230
-0.0439831822
-0.0047982068
0.2202568038
-0.0045581261
-0.0138522169
0.0734354670
0.0307873813
-0.1690982038
-0.1665546474
-0.1095652240
-0.0027534587
0.0706420214
-0.0743860515
0.0561831656
0.0174646169
-0.0026926443
0.0737994558
-0.0338791096
-0.0454728196
0.0073938494
-0.1327238386
-0.0719845887
-0.0661724858
0.0519349187
0.1257493688
-0.0323848886
-0.0929407677
0.0357364175
-0.0900591325
0.1004830044
-0.1508674409
0.0476070449
-0.0066539920
0.1893746613
0.0113861728
0.0201983532
-0.0020063547
0.1101812049
-0.0191983625
-0.1428820499
0.1106062776
-0.1150034448
-0.0338431168
0.0072133202
0.1407214710
-0.2200713443
-0.1254861790
-0.0244276288
-0.1125841692
0.0750666808
-0.0465598617
0.0393729657
0.0943973335
-0.0491345467
-0.0149737158
-0.0859619246
0.0852748449
0.1226455213
0.0459699129
-0.0230134543
0.0148759276
0.0797400317
0.0787786176
0.0835454435
0.0737082997
0.3178757455
-0.0707797807
0.2380855619
0.1724596824
0.1738643644
0.0141836185
0.0773704557
0.1782783475
-0.0084160741
0.0996279643
-0.0465183675
0.1145891277
-0.0671482992
0.1605967736
0.1422362784
0.1140527045
0.0991238763
0.0731838240
0.1209954112
0.1467430517
0.1444702134
0.0872585283
0.0815669487
0.1655843809
0.0546827794
0.1797085792
0.1439231066
0.2748507992
0.0432857864
0.2159313474
0.1622662367
0.0203232719
0.1467442869
0.0358606909
0.1369804606
0.2144108993
0.2764435180
0.1260211431
0.1815222230
0.1786516487
0.2087682760
0.0758695589
0.0955773604
0.2592561728
0.2122640359
0.0751339191
0.1836896635
0.2010307271
0.3098002927
0.2668762098
0.1886898264
0.2604716680
0.0467873515
0.2187368082
0.2665965289
0.2563696824
0.1934191685
0.0410386702
0.2559562357
0.1583608285
0.3209803762
0.2785567227
0.1238601318
0.1696005678
0.2907155794
0.1031076601
0.2717225915
0.1427252792
0.1339556554
0.3135899266
0.2937613493
0.2632406502
0.1793930068
0.2424051154
0.0646391987
0.2910147720
0.3718880390
0.3706130965
0.1370932522
0.4061882773
0.1743451300
0.2927889549
0.2038113140
0.1951369014
0.1516543922
0.2398318592
0.2460209187
0.4105670051
0.2254898488
0.1244394753
0.2043363171
0.3215098829
0.2674745152
0.3670989232
0.2816110133
0.3404677246
0.2543238396
0.2725176234
0.1394533243
0.2550308207
0.1699553507
0.2999781456
0.4235647347
0.3711066705
0.1945879808
0.3516081866
0.4767081633
0.1710177662
0.2654067304
0.1441909288
0.2820615411
0.1943445187
0.2606825230
0.3271932725
0.1943005255
0.3064069440
0.2497575322
0.2942912404
0.3771563321
0.2652490123
0.2195425605
0.2595487202
0.2960858463
0.3297133468
0.3419542453
0.2250737712
0.3661663858
0.4345250549
0.2775308755
0.3613348030
0.3026001314
0.2404610022
0.2994555852
0.4423725444
0.3057966859
0.3221990983
0.3812717333
0.3840059693
0.3100290309
0.2608141090
0.3166878562
0.4272409642
0.3873876681
0.4948052950
0.3873567081
0.5089955755
0.4123036528
0.3136381275
0.4226489092
0.2956934675
0.4164205611
0.2122670170
0.4493282336
0.4013744853
0.3400255164
0.4723618729
0.3201514428
0.4248941136
0.3463775386
0.4879634325
0.4126522664
0.3123275460
0.5138050851
0.3814621995
0.3850991607
0.4315623776
0.4034422752
0.4267147905
0.3713404848
0.3670902356
0.4161790865
0.3579773229
0.2537388197
0.4388303240
0.4000576968
0.4411261336
0.4494803254
0.5132650153
0.4205687775
0.4296109470
0.5839679729
0.5064433758
0.4831972184
0.4872543845
0.4955601854
0.5297453405
0.3712329924
0.4759802347
0.5260032837
0.3427573951
0.5544241608
0.6199349891
0.5212632391
0.3213377125
0.4047087057
0.4860266958
0.5560513663
0.6059245812
0.5225542184
0.5315840730
0.4207676470
0.3798727718
0.5040738588
0.5473970378
0.4713576926
0.6344388445
0.5787651719
0.4037289412
0.6457457116
0.5324696918
0.5150190151
0.5561468015
0.4794029986
0.5162726611
0.6616715367
0.5596451183
0.4127676044
0.5294957916
0.5207885983
0.5214928667
0.5813160065
0.5460706539
0.7377988555
0.5278631561
0.5387687612
0.3701457133
0.5049540820
0.4492805016
0.5272802195
0.5753532839
0.6059697153
0.4180545067
0.6456611474
0.5836785935
0.4783917570
0.7222757921
0.6137188518
0.5907560761
0.7201068105
0.5100254431
0.5854893484
0.5966143297
0.4486470552
0.6125662252
0.6065234088
0.6523295478
0.6642238030
0.5223203787
0.4490656512
0.5577857977
0.4920303114
0.4604196177
0.6881410443
0.4025064155
0.5425674812
0.4315694177
0.5683003536
0.6540952213
0.5713043005
0.6402574209
0.6654587148
0.5189543569
0.5405778393
0.6985330044
0.5966022922
0.5428302964
0.5332875115
0.7642913559
0.5749882646
0.5832221737
0.6366445919
0.6463154437
0.4629781235
0.6327297853
0.6228353176
0.6506003891
0.7825419825
0.4636304332
0.5940809582
0.7421442584
0.7658892522
0.5691256318
0.5306755655
0.6047337361
0.8743077718
0.6230892551
0.6370474791
0.7522227503
0.5472576222
0.7258612644
0.7311414807
0.6413822736
0.6580338909
0.6733539174
0.6001390122
0.7270285896
0.7726836258
0.7565313795
0.6391712994
0.5794539826
0.6769882775
0.5958822559
0.7848986291
0.6836931591
0.6870158144
0.7431529346
0.8121562031
0.6862089941
0.7656020509
0.6413731598
0.5542195899
0.7283827550
0.6088482649
0.6872361570
0.6095925387
0.7118986234
0.8025422790
0.7456545905
0.6739162571
0.6625482814
0.6740147961
0.8046442400
0.7487165608
0.8589535507
0.9384866131
0.8156455725
0.7579753307
0.6909775020
0.6934505448
0.6389162825
0.7315121465
0.8574791326
0.8340109453
0.8352564384
0.6707181887
0.6233171647
0.8197818719
0.7743439088
0.7472754343
0.7553149900
0.7887363406
0.8266212326
0.7173059862
0.9089788720
0.8001282020
0.8445349729
0.7139802198
0.8106795496
0.9207903792
0.6963294119
0.7426054628
0.8135200357
0.7923002280
0.6776887216
0.7993041200
0.8058816684
0.8407940458
0.7192695757
0.6979969624
0.8232479886
0.7680152745
0.7985075371
0.9444714857
0.7712138842
0.8325044491
0.9041313656
0.8110498805
0.9265898745
0.7816226686
0.9305202867
1.0196580495
0.8016716925
0.7944456111
0.8250377931
0.9179935062
0.8695154039
0.8094724205
0.8454971924
0.7827568197
0.8630123452
0.8223564663
0.8616303182
0.9538039951
0.8701030231
0.7912911571
0.9516341344
0.8478845472
0.8447489640
0.7575826885
0.9743458646
0.7767564892
0.9108920353
0.8776882171
0.8527630367
0.9322736309
0.9470123288
0.8786549685
1.0248488454
0.8156731108
0.8104807684
0.9228203369
0.8160651437
0.8864715938
0.7387270788
0.9327881431
0.9798642186
0.8087082157
0.8303235886
0.9978189007
0.8690218199
0.9608345397
0.9058552704
0.8070209058
0.8304429355
0.8367985863
0.8402365096
0.9565417702
0.9467202743
1.0153917265
0.8695962406
0.8835795566
1.0442262332
1.0969444280
0.9916430015
0.8816235991
0.8903080335
1.0186916465
0.9099503051
0.9571825668
0.9183089281
0.9157304522
0.9093891532
0.8781995001
1.0137777209
0.9968634527
0.9190464834
1.0702958119
0.8809985164
0.9344380269
0.8853623788
1.0235877374
0.9590541073
0.8918126621
1.0084138579
0.9506129518
1.0374593542
0.9875323108
1.0722091996
1.1269483188
1.0560208138
1.0057808646
1.0424160237
0.9144339401
1.0789268773
1.0389618334
1.0374031466
1.1363754015
