-1.0278877116
-0.9961052866
-0.9897142748
-1.0347405319
-1.0213511679
-1.1500081191
-1.1242186297
-0.9933168587
-1.0485663650
-1.0419711149
-0.9279187352
-1.1420254656
-1.0592360295
-0.9657499398
-0.9410949034
-0.8843827781
-1.0674194331
-1.0272790434
-0.9961733589
-0.9338529418
-0.9559975528
-0.7920308504
-1.0451317342
-0.9388816625
-0.9256883243
-0.8974376638
-1.0314575019
-0.9896514206
-0.9810710214
-0.9778978027
-0.8807646410
-0.8925043290
-0.9543879548
-0.9134250625
-0.9752211134
-0.9132377685
-0.9718045215
-1.1039315041
-1.0525504361
-0.9931064183
-0.9269904461
-0.9219534676
-0.9169785217
-1.0507447094
-0.8372001134
-0.9481934029
-1.0287742473
-0.9224314250
-0.8188539228
-0.8098526979
-0.9490451519
-0.9003222382
-1.0070697454
-0.8871948049
-0.9150375992
-0.9289236333
-1.1446954556
-0.9535314162
-0.8989560858
-0.9062401286
-0.8242525846
-0.9306961963
-0.8307997407
-0.9143900960
-0.8755690065
-0.8434565790
-0.8648991447
-0.9100976312
-0.8610575356
-0.9113250731
-0.7617558237
-1.0637819612
-0.8726430554
-0.7891706825
-0.6902324569
-0.8578684771
-0.7007447985
-0.8062688960
-0.9154446193
-0.9472954578
-0.9536791819
-0.8845708188
-0.7410623871
-0.8219993887
-0.7526433119
-0.8449597371
-0.8017225336
-0.7207463884
-0.8512510040
-0.7144011544
-0.7967756198
-0.6688543885
-0.8007431088
-0.9600933214
-0.8441925075
-0.8606024133
-1.0434788745
-0.7077808921
-0.8361654293
-0.7058361816
-0.7706901502
-0.9296270757
-0.8060516135
-0.8665122353
-0.7981101611
-0.8051176110
-0.8091748454
-0.8967577094
-0.8432898921
-0.9206054407
-0.6922051880
-0.8617561830
-0.7887951496
-0.6607061371
-0.7209724002
-0.8481296693
-0.7878321656
-0.8558716420
-0.7397462236
-0.8101628092
-0.7598482533
-0.6741230384
-0.6730786163
-0.7720686080
-0.7064574665
-0.8344346789
-0.7447521764
-0.6916480197
-0.8545186808
-0.7004885520
-0.7175272387
-0.5969605581
-0.7230547345
-0.8578806936
-0.8413074926
-0.7113005698
-0.6825092310
-0.7546749332
-0.6350744614
-0.8990479119
-0.7827317319
-0.7244229824
-0.7819143708
-0.6114466545
-0.6026583217
-0.7989249040
-0.6917890772
-0.6488247402
-0.6907280349
-0.6202963162
-0.5869881075
-0.8476516061
-0.8823757211
-0.6700954700
-0.8550674606
-0.7044678367
-0.6627028595
-0.6562443171
-0.7043320301
-0.7880494753
-0.7719404655
-0.7699325395
-0.7380262064
-0.6563044483
-0.7102743404
-0.5001805412
-0.6861456881
-0.5161787772
-0.5854025342
-0.6721279368
-0.7151330467
-0.7345770016
-0.6105921539
-0.8260938771
-0.5871868713
-0.7699559166
-0.6680771993
-0.8794081873
-0.7045075450
-0.6582838008
-0.6524037669
-0.5565163934
-0.5279276441
-0.6520181194
-0.4753329361
-0.7255104612
-0.6372757696
-0.7191587947
-0.5360879204
-0.8564292473
-0.6150414908
-0.6880444072
-0.7127938969
-0.6027823106
-0.5849609436
-0.6278723721
-0.7909571514
-0.6300308444
-0.6384747336
-0.7043824598
-0.5240172888
-0.6509960825
-0.6512864525
-0.7015180548
-0.5738733772
-0.6431839109
-0.5240355741
-0.5064833707
-0.4349312007
-0.7490322249
-0.5888516593
-0.5204208083
-0.6627211231
-0.5693003592
-0.4611264993
-0.6613241424
-0.5947244712
-0.7273841546
-0.4852701450
-0.6064681803
-0.5875233649
-0.6054903088
-0.4381906017
-0.5396336549
-0.4356079624
-0.4870131579
-0.4889523736
-0.5498383624
-0.5934522852
-0.4967389297
-0.4458833694
-0.5768866493
-0.6207859919
-0.6315324283
-0.5010607208
-0.5858725037
-0.6380771833
-0.5332149735
-0.5510556551
-0.6316178455
-0.5867376047
-0.4572299569
-0.5918187977
-0.5111805834
-0.6549421250
-0.5543680179
-0.5641253729
-0.3898969436
-0.4953747634
-0.6468190097
-0.6466581661
-0.5569679814
-0.4535238091
-0.5446713052
-0.4440199538
-0.5122050610
-0.5809350314
-0.3810273131
-0.3911614047
-0.6044670718
-0.3637295924
-0.4336429651
-0.4612077686
-0.4349927595
-0.3321207278
-0.4731039444
-0.4952849231
-0.2928533691
-0.3014464572
-0.3646077606
-0.4830127167
-0.4538908448
-0.4068065532
-0.5078397204
-0.3782777954
-0.5069392646
-0.4221211390
-0.3937929079
-0.4072663119
-0.4456973098
-0.4427055530
-0.3547231506
-0.4550814748
-0.4883070595
-0.3950898703
-0.3052697802
-0.4200592704
-0.5390328193
-0.5259154231
-0.3524826496
-0.4200840550
-0.3994568564
-0.3094203688
-0.4691833567
-0.4292205353
-0.3676373547
-0.4546357994
-0.4733253069
-0.4166169383
-0.3957755767
-0.3925159966
-0.5352518919
-0.3860118810
-0.2791879195
-0.5171646401
-0.3463560212
-0.3439269528
-0.3976995649
-0.4219186125
-0.4638248881
-0.3227988844
-0.4401297520
-0.3839462589
-0.4262022653
-0.4342539822
-0.3638997450
-0.5083989569
-0.4060917791
-0.1458931147
-0.3612830327
-0.2224700498
-0.4159340032
-0.4064295350
-0.2782630548
-0.5283327967
-0.3190167335
-0.4282094024
-0.3437083613
-0.2564519977
-0.4761772809
-0.3678786747
-0.2488325895
-0.2308286243
-0.3729457739
-0.4235991138
-0.3487411824
-0.3505130226
-0.3192356291
-0.1549860452
-0.4169424217
-0.3435181544
-0.2130936789
-0.3053416692
-0.3351861393
-0.5929389161
-0.3927875113
-0.3373911815
-0.3081000015
-0.1770127803
-0.2545984250
-0.1048929742
-0.3387729605
-0.3523952944
-0.3124858361
-0.4015075802
-0.4006866262
-0.1685278115
-0.2848292913
-0.3982858982
-0.1790782266
-0.2768736269
-0.3702873723
-0.4114848769
-0.1366507645
-0.2325815860
-0.2465624662
-0.2786512503
-0.2847730187
-0.2038270010
-0.2712352525
-0.2964454295
-0.1730037109
-0.3088038278
-0.1945643156
-0.2316936474
-0.2799840125
-0.2458913886
-0.3358680382
-0.2551715157
-0.2711884533
-0.2674548337
-0.3047247606
-0.3431434076
-0.3169003214
-0.2227162483
-0.2035927187
-0.2089945827
-0.1733189253
-0.1754521360
-0.1486145139
-0.3232925060
-0.2269507164
-0.1510641745
-0.1976332364
-0.1862832223
-0.2959345038
-0.1913681361
-0.2257941734
-0.3433549601
-0.2746985069
-0.3087786821
-0.2753657489
-0.2452331914
-0.2418451931
-0.2759093295
-0.2107265384
-0.2329015883
-0.3249168604
-0.2340758898
-0.1689760028
-0.0677781826
-0.2896291323
-0.1105055163
-0.2646010028
-0.0518170387
-0.1013417267
-0.0281188659
-0.1350144734
0.0401347787
-0.2184544374
-0.1141783249
-0.2051525174
-0.0479763069
-0.1681497217
-0.1798182599
-0.1375681506
-0.0141064515
-0.1215796820
-0.0908481138
-0.2233477810
-0.0817455735
-0.2526987383
-0.1144052018
-0.1567801255
-0.2312462626
-0.1033240236
-0.1325494297
-0.0574434238
-0.1197263025
-0.2357333032
-0.1520958364
-0.0309777705
-0.2081519587
-0.0763465991
-0.1270304100
-0.3081586737
-0.1391520480
-0.1224360264
-0.1192149192
-0.0500233773
-0.2311824356
-0.0760804788
0.0116714041
-0.2027474162
-0.1040210640
-0.1328733518
-0.0298329466
0.0621239653
-0.0883299785
-0.1076934451
-0.1475345781
-0.1095456900
-0.1488628845
-0.0271397606
-0.0383451096
-0.1396139354
-0.2494651225
-0.0093216639
-0.2713100532
-0.0026493344
-0.0308083479
-0.0875679621
-0.0013882271
0.0217967645
-0.2063946455
-0.1377970060
-0.0213834392
0.0122167250
0.0788598898
-0.1423598147
0.0909352256
-0.0706526781
-0.0234169206
-0.0445088519
0.0586687146
-0.0200967245
0.0061968007
-0.0938837712
0.0717502560
-0.0083970132
-0.1092785700
0.1122592670
0.0963589937
0.0040220004
-0.0866439242
-0.0434232378
-0.0423872518
0.0302956955
0.0146475105
-0.0678643684
0.0308931848
0.1111913407
-0.0110114350
0.1032210456
-0.0346163142
0.0090233140
-0.1337804709
-0.0805165408
-0.0205321898
0.0406483752
-0.0930964871
-0.0093396141
0.0479719101
0.1720173248
0.0585706944
0.1663349606
0.0225966541
-0.0069459074
-0.0683516165
0.0556246497
0.0167039799
0.1142606004
0.2149626809
0.1297001397
-0.0502255305
-0.0352816832
-0.0252561234
-0.0690052631
-0.1003952761
-0.1364195223
0.1360213995
0.1462358528
-0.0213108568
0.1358355338
0.0940970427
0.0998532895
0.2445713921
0.1413821234
0.0467555450
0.0716621790
-0.0486187539
0.1557809818
-0.0499423198
0.0103603617
0.0201799121
0.0778024985
0.1645379289
0.1636341981
0.1094482574
0.0770382725
-0.0018520112
0.0533537016
0.0594837687
0.0014103556
0.0774926419
0.0977394153
0.2514848031
0.1682361034
0.1523573532
0.3681465924
0.1691238274
0.1204403678
0.2105118004
0.0477598363
0.0141575121
0.1915915038
0.2274924272
0.1132647403
0.2270323315
0.1894898065
0.1151525183
0.1350096715
0.0233883214
0.2047704296
0.0916357900
0.2589619284
0.1285852406
0.2419109185
0.0630232351
0.2587025280
0.2034902028
-0.0673605620
0.1329864302
0.0004557530
0.1581070069
0.1558358976
0.2325969484
0.3837077557
0.1258001572
0.0936579315
0.1364598758
0.0206086926
0.1114234041
0.1983431127
0.2387459747
0.3253775116
0.1723644011
0.1497310451
0.2943650850
0.1750550024
0.1657196579
0.1192648098
0.2293397165
0.2789039393
0.3907821774
0.2108402952
0.2767036520
0.3342078093
0.0619547495
0.1901488252
0.1932579249
0.2608782359
0.2313770012
0.1317682501
0.1090363670
0.1218461626
0.1630905512
0.2507161922
0.2550265839
0.2971123848
0.1320010951
0.2096965773
0.2713581813
0.2947189023
0.1127913645
0.2136030917
0.1984926713
0.2096353327
0.1464295112
0.2196084340
0.1431081579
0.0949700564
0.3570465337
0.3506197028
0.2312027586
0.3498501259
0.2731710513
0.1569769193
0.2119680849
0.2891132428
0.3800140839
0.2949117024
0.5091863314
0.2864437132
0.3252192188
0.3563968050
0.2429844398
0.3663127286
0.3217942803
0.4059290325
0.4558847206
0.3096515875
0.1917769716
0.3639633353
0.3230867175
0.4225288855
0.3145575012
0.2630810646
0.4539737081
0.3228372040
0.4032600030
0.3871292637
0.3239077557
0.4871045101
0.3192845349
0.4086739559
0.3396550125
0.1720343609
0.3078767104
0.3083995291
0.3841912642
0.1794160711
0.4438422350
0.1512493410
0.4166654448
0.2835283271
0.3011269654
0.4729134452
0.3181732415
0.2319767519
0.3507559815
0.4263564460
0.4564715905
0.3605871872
0.4394927487
0.4373023010
0.3389218849
0.4295018840
0.3343542844
0.3659176755
0.3733448420
0.3043824948
0.3944946758
0.4052506193
0.2674854291
0.3550993729
0.3926729633
0.3823781004
0.4643466457
0.3298954560
0.3818703760
0.4113319443
0.4800717333
0.4657441268
0.4381963743
0.4705389633
0.4861570495
0.4833489914
0.2991996382
0.5291071074
0.5288608282
0.4832973074
0.4212673242
0.3485908684
0.4403150567
0.5100793959
0.3320640710
0.3954784342
0.4206879339
0.5588244066
0.5678848968
0.4496713533
0.4070583619
0.3574218341
0.4831095916
0.4744994794
0.5090232128
0.5258044718
0.5562049172
0.5637320555
0.3997573645
0.4557509922
0.5045156591
0.3818004019
0.4702940765
0.5157846301
0.5249136601
0.4883676074
0.3143580363
0.3482864672
0.6349520892
0.4368570115
0.5768019786
0.6310547931
0.3279385474
0.3701843276
0.5419443443
0.6970673373
0.4838608801
0.5056104164
0.4163134447
0.5778624514
0.4964935658
0.4622263494
0.4738603321
0.5496217129
0.2708454510
0.4260857155
0.5634899059
0.7261332999
0.5608835721
0.4680568536
0.5308948306
0.4940026819
0.6553190311
0.5871889001
0.4544651344
0.4601574222
0.5724472258
0.5226395409
0.5312206398
0.6194723807
0.5551591200
0.5717015441
0.7354505460
0.6061383184
0.5730388503
0.6199033167
0.5587727114
0.4343558556
0.5805546468
0.6895205772
0.6671996783
0.5062457545
0.5706072026
0.5412215758
0.5547251831
0.7595253689
0.5770651209
0.5864866756
0.7014084936
0.5506784021
0.4281748879
0.6463665475
0.6487358211
0.6025551172
0.5213901912
0.8512669080
0.7219099450
0.7280141207
0.6731618544
0.5487948791
0.7052709593
0.5705581880
0.6592033037
0.6147947442
0.6474734519
0.5697177360
0.6492884986
0.5794699555
0.6611329976
0.6253908963
0.6189380438
0.6734851782
0.6751529065
0.6787870480
0.6806636518
0.5268817738
0.5533942382
0.6067633259
0.6443063363
0.6139259594
0.6502395867
0.5846268156
0.7088973709
0.5950141306
0.6372765253
0.7384098119
0.5568563315
0.5983031878
0.6818889060
0.6081864043
0.5870177089
0.6433719166
0.5042410019
0.5070775290
0.7015909704
0.6646772723
0.8719907790
0.5793671655
0.5783837942
0.5944367966
0.6341071411
0.6689491079
0.6134997063
0.6890038821
0.6783246496
0.6735676721
0.6706177017
0.6087580275
0.7198166560
0.8536176070
0.7237008242
0.6117390019
0.7825727706
0.8543598058
0.7603029248
0.7202715699
0.8074191542
0.7305659110
0.7325526827
0.7922570784
0.7456749557
0.6374463227
0.8217315241
0.7870566462
0.8186693851
0.7372380479
0.6289987373
0.6626892455
0.5374444437
0.7985407662
0.6779394229
0.7487604213
0.8289901810
0.8287305859
0.8473828116
0.6366336818
0.7137545380
0.8383311135
0.8498120391
0.8151432515
0.6954414304
0.7524219435
0.8179544915
0.8528291874
0.6170642314
0.7828586532
0.7976936249
0.7701410616
0.7807193752
0.7028557161
0.7726379568
0.6845334730
0.7511648373
0.8546992054
0.7790782744
0.7492713877
0.8317924654
0.8122890451
0.8708668904
0.7344434611
0.9365617505
0.8799354803
0.8473897357
0.7390378805
0.7329654423
0.8120138508
0.8487541529
0.8587078355
0.6934033842
0.6969838425
0.7489605862
0.8188733887
0.7128870586
0.8137382641
0.8256964612
1.0138646322
0.8702300915
0.7952381310
0.7956266919
0.9669583310
0.8615938543
0.9000452765
0.8898816967
1.0250183028
0.6915318987
0.9448312141
0.8141309062
0.7953519764
0.9103461065
0.7815818332
0.8033661148
0.7880874424
0.9148298632
0.9680360436
0.8336806354
0.7874165367
0.8366099452
1.0029593378
0.8929584303
0.8476052707
1.0081282375
0.9396715209
0.8792792336
0.9380505675
0.7736008058
0.7631642489
0.8856543554
0.8075069023
0.7574017552
0.8326604857
0.6753699791
0.9082682178
0.9888717510
0.9760471669
0.9323793272
0.8550301831
0.9550268972
1.0419586347
0.8856714645
1.0309795168
0.9219219570
0.9482362058
0.9325201481
0.7093806936
0.9166986714
1.1144374221
0.7654376067
0.9454970113
1.0166385035
0.7870659506
0.9805321194
0.9382776512
1.0240241040
0.9577083904
0.9607656225
0.8730245827
1.0042459273
0.9721341967
1.0547475773
0.9383070639
1.0047531947
1.0292925344
0.9800968633
0.9250962406
0.8529012905
0.8831864247
0.8066555598
0.9516567127
1.0411225093
0.9256243882
0.9420846079
0.9957775054
0.9376046609
0.9244483451
0.9930720789
1.1010894214
1.0361350462
0.9614823588
