-0.8809156344
-1.0016005292
-0.9988283709
-0.9262937045
-0.9488413721
-0.9326752320
-1.0292546909
-0.9220988685
-0.9861479909
-1.0060301801
-1.0401935591
-0.9907541624
-1.0671087753
-0.9972438416
-0.9683706771
-0.9544932722
-1.0078550000
-1.0254684121
-0.8856258036
-0.7413818141
-1.0008556547
-0.8848863303
-0.9196615154
-0.9944098311
-0.9450389661
-0.8857384128
-0.9996214696
-0.8053985865
-0.9816963166
-0.8922218693
-1.0009368726
-0.8658303673
-0.7725796368
-1.0625119847
-0.8724263024
-1.0152286695
-0.9150462888
-0.8003557069
-0.7587901743
-0.8007201354
-0.8920467221
-0.7578213212
-1.0380790113
-0.9460311283
-0.9466714108
-0.6881347583
-0.8452677350
-0.8829117780
-0.9599155198
-0.8039816564
-0.7978536435
-0.9031540257
-0.9585395801
-0.8514143492
-0.8866223800
-0.9897535638
-1.0388972893
-0.8169464329
-0.9663391544
-0.7793167320
-0.8524109266
-0.9562991936
-0.8309238059
-0.8117175059
-0.9314284612
-0.8937679807
-0.8539847678
-0.9159558708
-0.9168172710
-0.8386473972
-0.9180688926
-0.7636127869
-0.7262506834
-0.7564799815
-0.9699441388
-0.9430133699
-0.8181301320
-0.8453752715
-0.8333696988
-0.7766896948
-0.8126745018
-0.7389526849
-0.7994537009
-0.9895125881
-0.7296099826
-0.7273507103
-0.8060466696
-0.9678183888
-0.9416248338
-0.8013258641
-0.8368874288
-0.5368790032
-0.6723835326
-0.8896965594
-0.9178931115
-0.7733918536
-0.7713381698
-0.8091398862
-0.8213508792
-0.8231097325
-0.8602025564
-0.8336289546
-0.7412541063
-0.8622063567
-0.8499317325
-0.8109865634
-0.9154027409
-0.9626107384
-0.8666836682
-0.7125742264
-0.8285876333
-0.8708061819
-0.7553178751
-0.8061629087
-0.8274312340
-0.6752055396
-0.6709670664
-0.6130607671
-0.8468234842
-0.5982757861
-0.5909215940
-0.6947983405
-0.8284515003
-0.6694747072
-0.7208577022
-0.5758245586
-0.5993962122
-0.5957134668
-0.9116714706
-0.6992595906
-0.6885436108
-0.6547201296
-0.7177562689
-0.7451971961
-0.7353976219
-0.7821549356
-0.6479421270
-0.7011690020
-0.7135616124
-0.6493834927
-0.7778544457
-0.6875169104
-0.7025839572
-0.7998604525
-0.6330846483
-0.8033589218
-0.7007683914
-0.7263116998
-0.7769935437
-0.5104218551
-0.7259655101
-0.7986976982
-0.5776485494
-0.6566329341
-0.6635209522
-0.6597685349
-0.7270316871
-0.5966358185
-0.7027073637
-0.8088453184
-0.7969340269
-0.6065617474
-0.5394189874
-0.6663344408
-0.5946859286
-0.7367174847
-0.7566510301
-0.6691417095
-0.6133354094
-0.7899762896
-0.7239642595
-0.6676830743
-0.7059593846
-0.6324833516
-0.5942997980
-0.6731383679
-0.6502152777
-0.6369143138
-0.6608769684
-0.5672488983
-0.6489231815
-0.5134579082
-0.7115743734
-0.5724794364
-0.7172003504
-0.7399387273
-0.5249300845
-0.6423897819
-0.5890897324
-0.6896858295
-0.6921327735
-0.6877582421
-0.6829053295
-0.6739016887
-0.6755882609
-0.5626157749
-0.6404830181
-0.4619632891
-0.6310269754
-0.5834377793
-0.5289053438
-0.5471015582
-0.5074976740
-0.5295075141
-0.6037829011
-0.5606609554
-0.6788896910
-0.5106126989
-0.5596343041
-0.5196835848
-0.8270190942
-0.6639294194
-0.6214435421
-0.6077298356
-0.3789081019
-0.4519461557
-0.5299209950
-0.5277884555
-0.5302223370
-0.6060968558
-0.6190478876
-0.6257949807
-0.4999587414
-0.5378733953
-0.6017387412
-0.5272220505
-0.6370944730
-0.4909287246
-0.5867631434
-0.5169126415
-0.3213783153
-0.6030070494
-0.5950879366
-0.6029536900
-0.6210456011
-0.5005998152
-0.5022912186
-0.5049013755
-0.5474464759
-0.5073549533
-0.5538771602
-0.6123600005
-0.4518572819
-0.5066009575
-0.5103722593
-0.5482227785
-0.5333535469
-0.5484604765
-0.4633194223
-0.5394672751
-0.4336035312
-0.5418910395
-0.4522432225
-0.5055930996
-0.5470538079
-0.4919066767
-0.2958285355
-0.4632527458
-0.5801167227
-0.4150527166
-0.3432383111
-0.4583749299
-0.4368870474
-0.3690422505
-0.5300297705
-0.5759118564
-0.5185653722
-0.5190537451
-0.3845818077
-0.3853493041
-0.3801844693
-0.4102433033
-0.4118751897
-0.4349808273
-0.5722461666
-0.5159970295
-0.4005814360
-0.4127847456
-0.4400939358
-0.3707367651
-0.3123267862
-0.5513987906
-0.3785996429
-0.3480971218
-0.4944402479
-0.4150566143
-0.4036270986
-0.4098159077
-0.4738314868
-0.4201261555
-0.5035365789
-0.4955749885
-0.5432973434
-0.3740201446
-0.5569643128
-0.3066684174
-0.3202258356
-0.4455005840
-0.2610955345
-0.3838820670
-0.3716448029
-0.4300491255
-0.4479786855
-0.3103687166
-0.2493046896
-0.4469252757
-0.3643203406
-0.4290009769
-0.3686645394
-0.3117059775
-0.4711102553
-0.4051412877
-0.4809203883
-0.3458729450
-0.3713711699
-0.2858450630
-0.5365650286
-0.2721086195
-0.4104297336
-0.2355407221
-0.2924622095
-0.3697464647
-0.2515590623
-0.2969502439
-0.2805498080
-0.3948610533
-0.3967771081
-0.5268648001
-0.3777831054
-0.2864141027
-0.2701787823
-0.4477650223
-0.3522648546
-0.4227632468
-0.3354263464
-0.2289297877
-0.4009197363
-0.3413187282
-0.2802673784
-0.3346104198
-0.3472095079
-0.1912145887
-0.2078549069
-0.1189109426
-0.4375557941
-0.3797487506
-0.2924032681
-0.3285390191
-0.2964154626
-0.3073268744
-0.2770446694
-0.3579896749
-0.2300312285
-0.2029798983
-0.4013359182
-0.2054370267
-0.4437647690
-0.3301168756
-0.3753558101
-0.2919544429
-0.3092132384
-0.3102232584
-0.2262892796
-0.3587184914
-0.4581741743
-0.4247563837
-0.2663656283
-0.3271092494
-0.1278279918
-0.3188485934
-0.2051133246
-0.2177132015
-0.1902111881
-0.2390499102
-0.2987018342
-0.2053429913
-0.2440104085
-0.3281681829
-0.1917451019
-0.2200374024
-0.3409469825
-0.0937789636
-0.3247181505
-0.4019522505
-0.3010298975
-0.2712501395
-0.1458332169
-0.1311927806
-0.1510453649
-0.0063273982
-0.2710263423
-0.3413634162
-0.1583824822
-0.2976042862
-0.1846374378
-0.2302263564
-0.2039774143
-0.2582496178
-0.2823109459
-0.3386316636
-0.2707180731
-0.2030703315
-0.1058123749
-0.1683088258
-0.1134280150
-0.1257399506
-0.3084423004
-0.0294306608
-0.2091593431
-0.1431000735
-0.1989200081
-0.1232419504
-0.0920020494
-0.0797248599
-0.2495782425
-0.2501867043
-0.0963072877
-0.3011141544
-0.1522512217
-0.2106605669
-0.3023152499
-0.2285228420
-0.0476283265
-0.1133364829
-0.0072561851
-0.2013331332
-0.2000576803
-0.0954656233
-0.0937500648
-0.0716459292
-0.1620698415
-0.1588164813
-0.1161878139
-0.0657582481
-0.0211963149
-0.1468104209
-0.0665639296
-0.0272084925
-0.2570661967
-0.0704131704
-0.0164910805
-0.1053837170
-0.0916290058
-0.0433137682
-0.0187132107
-0.1283394882
-0.0887720525
-0.0689779775
-0.1309265014
-0.0347383526
-0.0193893897
-0.1142643052
-0.1645874760
0.0240541131
-0.1252013884
-0.1074429134
-0.1093957445
0.0118749327
0.0202972296
-0.1320753285
-0.1074056953
-0.0900321106
-0.1263840843
-0.1358471423
-0.0933597059
-0.1444263259
-0.0023591307
-0.0285180065
-0.0868454341
-0.1361816408
-0.1850635050
-0.1318258279
-0.1348928131
-0.1554340579
-0.1078397032
-0.0362114784
-0.0094335221
0.1198006592
-0.0562341416
0.0091592993
0.2293213459
-0.0014295055
0.0096279572
0.0593965157
0.0383154372
-0.1639161680
-0.1662701522
-0.1227020350
-0.0553818896
0.0616207103
-0.0838175662
0.0776909512
0.0043920362
0.0124099062
0.0720195767
-0.0425583357
-0.0109794107
0.0030029793
-0.1324834864
-0.0734097797
-0.0807049052
0.0432633607
0.1427085915
-0.0217127269
-0.0838994233
0.0492426639
-0.0955191175
0.1107990251
-0.1558172011
0.0376177466
-0.0023179202
0.1963756933
-0.0007030279
0.0404268244
-0.0024161060
0.1113398725
0.0039099966
-0.1387012467
0.1012657947
-0.1402198476
-0.0451078677
-0.0055216026
0.1160310362
-0.2357665423
-0.1292194365
-0.0374239587
-0.1088205369
0.0837257025
-0.0556010992
0.0476193598
0.0792502835
-0.0406026505
-0.0196472659
-0.0972905315
0.0866682356
0.0967113065
0.0167758731
-0.0208975834
0.0141022095
0.1000440303
0.1174885180
0.1012007018
0.0873145359
0.3230321446
-0.0906639291
0.2654520124
0.1710410702
0.1639093300
0.0213088115
0.0701139401
0.1704747810
0.0086255783
0.0744339287
-0.0248303973
0.1190175403
-0.0589587905
0.1837911779
0.1341207706
0.0965544130
0.1137751638
0.0739712383
0.1189156749
0.1358189904
0.1391159503
0.0941738729
0.0908267758
0.1610680396
0.0562320935
0.1745214066
0.1476998029
0.2827941932
0.0458608408
0.1956211614
0.1475202340
0.0276544369
0.1436312502
0.0573106802
0.1364283209
0.2087933607
0.2576822574
0.1160270627
0.2063713965
0.1764868651
0.2093065701
0.0712167003
0.1093209760
0.2642660142
0.1774810140
0.0812876326
0.1729285495
0.2173548019
0.3191200047
0.2521574036
0.1961784351
0.2479950481
0.0404344776
0.2192291431
0.2870124813
0.2676693054
0.1867155649
0.0430116055
0.2768231626
0.1554454844
0.3025351554
0.2769862570
0.1296996387
0.1877921056
0.2968282867
0.1018664656
0.2627982381
0.1197414426
0.1505231866
0.3174882400
0.2994812706
0.2596464026
0.1779986494
0.2414651133
0.0494250645
0.2800552080
0.3807033643
0.3668058841
0.1220990178
0.3994665738
0.2225749595
0.2822226741
0.2002714208
0.1860282050
0.1531688527
0.2501152997
0.2737150755
0.4045823662
0.2408298013
0.1328238509
0.1853536604
0.3221467974
0.2660347275
0.3662571900
0.2921313455
0.3546516540
0.2648148339
0.2579379817
0.1354403120
0.2592107214
0.1499665293
0.2967019288
0.4112976820
0.3782532438
0.1760331994
0.3472270074
0.4797758408
0.1748307221
0.2647017824
0.1411402411
0.2915854177
0.1783311991
0.2695871887
0.3322006733
0.2238479786
0.2933481812
0.2587684889
0.3072207489
0.4027198083
0.2584459022
0.2064353648
0.2460513282
0.2842367227
0.3367474952
0.3388868214
0.2244614798
0.3267133131
0.4224996096
0.2684898908
0.3578105512
0.3028024848
0.2157269924
0.3016018110
0.4705741562
0.3086039450
0.3277396356
0.3800699929
0.3856603938
0.3168397961
0.2666048925
0.2980022596
0.4132113549
0.3788348272
0.4606279862
0.3833837898
0.5204585407
0.3948520312
0.3391387329
0.4172991546
0.3093998950
0.4141752121
0.2244566182
0.4326329063
0.3971814282
0.3478911243
0.4564043838
0.3030508492
0.4223313704
0.3680563094
0.5053058790
0.4153808828
0.3043942325
0.5111933106
0.3979436372
0.3515399918
0.4317907420
0.3975730668
0.4287240938
0.3713766558
0.3728702244
0.4148077961
0.3568948782
0.2543690518
0.4400009718
0.4194044086
0.4321038003
0.4345184453
0.5151594475
0.4471161137
0.3937467042
0.5883703540
0.4952058919
0.4996246994
0.4793676538
0.4931737710
0.5390641323
0.3792919279
0.4811268221
0.5349031478
0.3432738834
0.5733745410
0.6268002451
0.5363573541
0.3196137908
0.3930526807
0.5044305549
0.5836216496
0.6100803031
0.5155991504
0.5100113735
0.4265588600
0.3854411518
0.5109190741
0.5420171572
0.4754134027
0.6318378639
0.5611561055
0.4067735595
0.6598572707
0.5231291997
0.5144898069
0.5545831464
0.4669041755
0.5164696489
0.6492179548
0.5479389852
0.4201735475
0.5459412093
0.5286094225
0.5125756121
0.5881179520
0.5185707400
0.7582336604
0.5186862053
0.5203804339
0.3576279798
0.4968549676
0.4803519197
0.5119277176
0.5967491443
0.5915213529
0.4088838180
0.6424609953
0.5974752903
0.4568766109
0.7153923660
0.6139079272
0.6235932787
0.7301324426
0.5400833450
0.6016712332
0.5855790118
0.4734135530
0.5967886696
0.6040088800
0.6445082930
0.6582705323
0.5372249884
0.4649655826
0.5586365407
0.4891673357
0.4472362180
0.6723564583
0.4483591432
0.5134926829
0.4442052317
0.5678417461
0.6538472800
0.5718472481
0.6336811212
0.6770723061
0.5068715130
0.5738662447
0.6879001166
0.5937033267
0.5648430094
0.5254116750
0.7484611864
0.5647883142
0.5679603162
0.6137555725
0.6450385183
0.4576906696
0.5976186830
0.6288892280
0.6474059465
0.7574261164
0.4511333491
0.5970869926
0.7197136199
0.7580349008
0.5647813878
0.5286605242
0.6119971613
0.8769704363
0.6546236351
0.6331603694
0.7424834045
0.5370988769
0.7346027893
0.7378643732
0.6337318518
0.6641928374
0.6771465450
0.6032737677
0.7223782870
0.7557100175
0.7357438219
0.6465720132
0.5910731913
0.6860934127
0.5903873579
0.7675209703
0.6895219253
0.7010376628
0.7433434187
0.7981056186
0.6898775109
0.7531024518
0.6407801849
0.5658814082
0.7225776340
0.6147380456
0.7079135612
0.6088756092
0.7392344658
0.8005210183
0.7368114529
0.6721489120
0.6603112473
0.6441637052
0.8302987258
0.7613552540
0.8577264249
0.9294887574
0.8203906903
0.7512049534
0.6658681245
0.7231960458
0.6186338640
0.7216814194
0.8609332264
0.8700097778
0.8298616872
0.6610331131
0.6591531112
0.8418548341
0.7720794757
0.7306551261
0.7785592383
0.7878726711
0.8235713508
0.7072539699
0.9097475411
0.7991698043
0.8331994627
0.7204035317
0.8148918154
0.9349309497
0.6993177673
0.7352314741
0.8190827629
0.7762401321
0.6742753421
0.7958778392
0.7984780917
0.8242196893
0.7113939565
0.6888315586
0.8203418280
0.7744853797
0.8117917403
0.9645222937
0.7927018155
0.8498821477
0.9160644600
0.8195890228
0.9293481977
0.7720459431
0.9326509860
1.0126580984
0.8023943241
0.8136579878
0.8177746165
0.9078855121
0.8656692518
0.8149851234
0.8279224990
0.7930449857
0.8992459321
0.8328852169
0.8588816375
0.9345652019
0.8666269075
0.8057953653
0.9445437865
0.8439077756
0.8303401229
0.7536474992
0.9816736704
0.7749066454
0.9130155286
0.8661524945
0.8297005146
0.9239470042
0.9455555448
0.8729802678
1.0211321936
0.8130960770
0.8398758072
0.9168205440
0.8002847348
0.8868040682
0.7429938134
0.9455419474
0.9915314577
0.8238472387
0.8190909856
0.9686105275
0.8866978999
0.9383322654
0.9088520019
0.8079858473
0.8374635256
0.8474107240
0.8315984971
0.9409787412
0.9526435772
0.9972574313
0.8959835336
0.8910275302
1.0191676478
1.0874399229
0.9675726110
0.8862075232
0.8760259619
1.0259541344
0.9221717681
0.9600638990
0.9013243401
0.9017904611
0.9123403330
0.8882719515
1.0252220521
0.9797417551
0.9350175614
1.0737700677
0.8855796128
0.9347443008
0.8733169027
1.0642963109
0.9523713606
0.9055423586
0.9988455373
0.9442497460
1.0109875836
0.9792825544
1.0595038820
1.1133756208
1.0475358722
1.0053157147
1.0162302055
0.9054054563
1.0672974575
1.0397564756
1.0097369769
1.1294630527
