-0.8972749395
-0.9853545259
-0.9653458638
-0.9412986335
-0.9698122073
-0.9372109962
-1.0215457348
-0.9170438766
-0.9686028142
-1.0123429976
-1.0350389701
-0.9925741590
-1.0845571796
-1.0250372355
-0.9546201116
-0.9595172097
-1.0363338775
-1.0254448373
-0.9042377615
-0.7393368900
-0.9978208945
-0.8801244185
-0.9278111145
-0.9988535515
-0.9071402633
-0.8880806560
-0.9810416692
-0.8032794059
-0.9943658308
-0.8975191028
-0.9947029399
-0.8636869876
-0.7741342082
-1.0531417416
-0.8857865641
-1.0195152952
-0.9121696325
-0.8124399537
-0.7731198037
-0.8059952494
-0.9130982440
-0.7501878204
-1.0098478155
-0.9235349741
-0.9318922154
-0.7040466344
-0.8428345526
-0.8563969626
-0.9438604388
-0.8250129255
-0.7687593746
-0.9065643580
-0.9606675579
-0.8468613571
-0.8897585724
-0.9835310887
-1.0488046640
-0.8258282708
-0.9655606286
-0.7949092518
-0.8698383667
-0.9803722612
-0.8292842560
-0.8033948576
-0.9198948402
-0.9192801074
-0.8605331632
-0.9158874328
-0.9243716204
-0.8213215374
-0.9353184082
-0.7538500362
-0.7340277922
-0.7733026874
-0.9878739421
-0.9156317271
-0.8160365782
-0.8650003841
-0.8375336780
-0.7846771446
-0.7975405850
-0.7504052028
-0.7820686601
-1.0121440628
-0.7216469567
-0.7362732750
-0.7987723677
-0.9601237422
-0.9607944356
-0.7776140116
-0.8180091955
-0.5354102362
-0.6742529249
-0.8622796596
-0.9388936065
-0.7791453508
-0.7735098937
-0.7956509786
-0.8350490571
-0.8256203852
-0.8518562078
-0.8329283815
-0.7337271736
-0.8489981341
-0.8438080666
-0.7899291684
-0.9157545129
-0.9666292019
-0.8797962332
-0.7350227657
-0.8105328510
-0.8583453081
-0.7637129751
-0.8083665056
-0.8150036513
-0.6702647489
-0.6796130884
-0.6078608900
-0.8219249598
-0.6017645594
-0.6070923100
-0.7078931540
-0.8144508885
-0.6837813128
-0.7449597980
-0.5794227425
-0.6108283236
-0.6240437136
-0.9292610789
-0.7096015976
-0.6956339806
-0.6670338797
-0.7210003639
-0.7130433985
-0.7181047773
-0.7846150269
-0.6157649826
-0.7129219327
-0.7255398330
-0.6682937848
-0.7781415806
-0.6720224733
-0.7211451494
-0.8019253638
-0.6266015028
-0.7821603747
-0.6965247531
-0.7262968852
-0.7852222332
-0.5031744299
-0.7192937471
-0.8094588837
-0.5735559093
-0.6586175623
-0.6694742183
-0.6601327327
-0.7217486954
-0.5901633717
-0.7139509347
-0.7971085223
-0.8038073929
-0.5987324852
-0.5548749695
-0.6627409493
-0.5856375842
-0.7021578195
-0.7439849856
-0.6975612426
-0.6004445571
-0.7745102775
-0.7337461905
-0.6588446874
-0.7080347747
-0.6446190475
-0.5814593639
-0.6827037627
-0.6486241182
-0.6324000581
-0.6704955988
-0.5974517497
-0.6202241442
-0.5297237426
-0.7032762979
-0.5879850101
-0.7229853354
-0.7220587688
-0.5112530628
-0.6387612430
-0.5994855694
-0.7057128504
-0.6850891363
-0.6784592213
-0.7034383189
-0.7031861883
-0.6765613401
-0.5804332107
-0.6369892866
-0.4585307829
-0.6154659910
-0.5769688102
-0.5047360205
-0.5433643589
-0.4938772190
-0.5375235616
-0.6182725880
-0.5595672824
-0.7021029657
-0.4998151571
-0.5609682710
-0.5298091311
-0.8035762676
-0.6457357059
-0.6306693918
-0.6091174790
-0.3650282431
-0.4616489420
-0.5132573634
-0.5309714843
-0.5462607274
-0.6058317453
-0.6076394844
-0.6177305812
-0.4966993345
-0.5371176390
-0.6123596647
-0.5243052419
-0.6374471517
-0.4963207402
-0.5765890348
-0.5135907638
-0.3349015810
-0.6044500100
-0.5989367285
-0.6105744809
-0.6233616632
-0.5141317712
-0.4977400667
-0.5118272961
-0.5558601011
-0.4960333239
-0.5419412701
-0.6162393066
-0.4571738654
-0.5224903832
-0.4872421459
-0.5286886843
-0.5762788734
-0.5364873232
-0.4519577603
-0.5596115644
-0.4544781455
-0.5378475658
-0.4445378847
-0.4928227750
-0.5231937736
-0.4892724992
-0.3094124523
-0.4434848655
-0.5903977085
-0.4003962710
-0.3653645720
-0.4515164944
-0.4601774812
-0.3758678779
-0.5283109375
-0.5686557224
-0.4824655419
-0.5232941194
-0.3942282449
-0.3954969735
-0.3654205298
-0.3966946363
-0.3959021107
-0.4562582305
-0.5710062971
-0.5186775056
-0.3663168774
-0.4548829532
-0.4226192940
-0.3537415631
-0.3323648590
-0.5536935277
-0.3651775204
-0.3438457361
-0.4684164207
-0.3965974618
-0.4146296386
-0.3876730625
-0.4400722863
-0.4211315571
-0.5055456220
-0.5046658646
-0.5319743202
-0.3686931724
-0.5683448855
-0.3284191097
-0.3480329340
-0.4565899350
-0.2870706716
-0.3857212773
-0.3802359600
-0.4287003800
-0.4167130836
-0.3315789689
-0.2664575731
-0.4265915541
-0.3652279817
-0.4379855187
-0.3551359121
-0.3127856603
-0.4825099799
-0.3990590766
-0.4505571904
-0.3326422076
-0.3606582847
-0.2940879738
-0.5447383968
-0.2972370409
-0.4159797271
-0.2476231861
-0.2819623738
-0.3466754823
-0.2478516916
-0.3007400867
-0.2938421206
-0.3998461938
-0.3936271396
-0.5238304272
-0.3691296166
-0.3063572021
-0.2698268558
-0.4691601680
-0.3511477333
-0.4192485556
-0.3365153276
-0.2294235362
-0.4240690534
-0.3447206250
-0.2581719119
-0.3435261314
-0.3460960522
-0.1875726237
-0.2110641245
-0.1127459791
-0.4445543580
-0.3937349370
-0.2950427921
-0.3116427016
-0.3024126143
-0.3126242527
-0.3010030123
-0.3399494557
-0.2216236202
-0.1833106551
-0.3623116883
-0.2082892755
-0.4423399358
-0.3431894017
-0.3754352952
-0.2882700673
-0.2907815338
-0.3189592951
-0.2332338879
-0.3710538904
-0.4837413819
-0.4244437594
-0.2547639652
-0.3113810792
-0.1114721002
-0.2750948321
-0.2038601018
-0.2012291611
-0.2058797879
-0.2365040696
-0.3083130358
-0.2193534899
-0.2387882867
-0.3312622616
-0.1949595831
-0.2243061098
-0.3536447281
-0.0904992900
-0.3094002272
-0.4019382079
-0.3006174248
-0.2747271655
-0.1485991242
-0.1269053242
-0.1402115289
0.0036045157
-0.2948817178
-0.3469506780
-0.1682873271
-0.2999477192
-0.1641570609
-0.2171971538
-0.2131995488
-0.2535192733
-0.2802678082
-0.3395988352
-0.2426661541
-0.1944927651
-0.0907060104
-0.1731737165
-0.1053460348
-0.1387038659
-0.2969435911
-0.0343437184
-0.2100058919
-0.1463986231
-0.1691689507
-0.1320684262
-0.0554888006
-0.0636429723
-0.2796108578
-0.2520643700
-0.0966843831
-0.3149874084
-0.1567571915
-0.2233600537
-0.3071642256
-0.2186993195
-0.0726965069
-0.1057911064
-0.0149760149
-0.1803812427
-0.2209700367
-0.0958063253
-0.0848097858
-0.0849715365
-0.1502388197
-0.1852947191
-0.1010941608
-0.0646488561
-0.0248506508
-0.1495150638
-0.0385894333
-0.0223762120
-0.2495524765
-0.0651754798
-0.0299940906
-0.0870859022
-0.0952967131
0.0036841409
-0.0214357352
-0.1364175204
-0.0818413316
-0.0535043310
-0.1149152599
-0.0227832190
-0.0147336939
-0.1108933409
-0.1522512800
-0.0012853547
-0.1165077899
-0.0947847421
-0.1199192883
0.0013268606
0.0193353136
-0.1244150761
-0.1260682928
-0.0833811103
-0.1316863804
-0.1429391237
-0.0951194650
-0.1447370752
-0.0266567536
-0.0339306195
-0.0696159644
-0.1194744669
-0.1954356704
-0.1573552285
-0.1226637711
-0.1348587381
-0.1213574229
-0.0559590661
-0.0063006997
0.1014694498
-0.0566598539
0.0067808624
0.2254391124
-0.0080381693
-0.0009828633
0.0619755858
0.0330142903
-0.1628074219
-0.1487727897
-0.1025751409
-0.0159502523
0.0757456702
-0.0918738633
0.0770253348
0.0041988441
0.0009347705
0.0716588283
-0.0337055194
-0.0055459114
0.0027124564
-0.1416283359
-0.0892249181
-0.0784504734
0.0695251490
0.1377561153
-0.0234856421
-0.0797233192
0.0312450859
-0.0957569407
0.1070760606
-0.1524965769
0.0524625226
-0.0002338419
0.1783656281
0.0027091198
0.0359334997
0.0207395614
0.0841972166
-0.0070625390
-0.1621428648
0.1109046024
-0.1432184604
-0.0450422448
0.0124589013
0.1269122146
-0.2066391390
-0.0880435217
-0.0209839302
-0.0990253083
0.0919010900
-0.0620797698
0.0091039642
0.1150078559
-0.0422999117
-0.0283219465
-0.0891014171
0.0796414647
0.1118827905
0.0356576233
-0.0286541580
-0.0082686635
0.0907285365
0.0934257165
0.0991482109
0.0760183953
0.3207419342
-0.0840574070
0.2609176060
0.1732527349
0.1602805927
0.0223574575
0.0679305912
0.1650898405
0.0153911551
0.0721776675
-0.0212476756
0.1021911521
-0.0632227219
0.1715112951
0.1530041583
0.1085022475
0.1001442843
0.0787422873
0.1225418532
0.1502958901
0.1383311361
0.0823186703
0.1123139730
0.1423772993
0.0499235958
0.1511794770
0.1349311972
0.2896381829
0.0407443305
0.2080080262
0.1562462474
0.0008873055
0.1534986355
0.0141891352
0.1441590437
0.2072753663
0.2599814272
0.1226186910
0.1808437933
0.1885714287
0.1937938585
0.0829435971
0.1180244874
0.2713769401
0.1904836951
0.0720891229
0.1788627776
0.2079333244
0.3117432604
0.2722674697
0.1912717391
0.2520467436
0.0523581635
0.2299165845
0.2642936433
0.2446062026
0.1981167388
0.0318636082
0.2428284450
0.1653175532
0.3044246620
0.2639553641
0.1246795798
0.1887830532
0.2889878880
0.1052838717
0.2696293228
0.1423836152
0.1582860063
0.3072015710
0.2995720560
0.2375473476
0.1845107552
0.2697731886
0.0652526119
0.2688082116
0.3527671429
0.3748082412
0.1138558119
0.3865289707
0.1859378845
0.2984843551
0.2199931321
0.1697171525
0.1498080375
0.2140948989
0.2695380519
0.4348745886
0.2550937726
0.1252201694
0.1953439225
0.3124879030
0.2653145602
0.3683831735
0.2934904329
0.3330586369
0.2861894577
0.2643540905
0.1289983855
0.2608150380
0.1338015090
0.2698284690
0.4178082843
0.3848599286
0.1767752587
0.3541194655
0.4778159165
0.1991175053
0.2941314726
0.1428738153
0.2882664303
0.1987038791
0.2513768214
0.3352406382
0.2146040337
0.3150015133
0.2502204696
0.3068263389
0.3803516886
0.2715839555
0.2088430909
0.2468688268
0.2982692222
0.3365633111
0.3108439656
0.2097354353
0.3538461274
0.4296757725
0.2915602293
0.3719759542
0.3099758992
0.2172289488
0.2998252038
0.4593855784
0.2937651523
0.3356108197
0.4018108381
0.3765436863
0.3066087423
0.2590003382
0.2977858289
0.4306297564
0.3839512614
0.4832908341
0.4008168180
0.5192460162
0.4074155246
0.3354561359
0.4295872107
0.3082843057
0.3960467299
0.2044748271
0.4443930386
0.3902680432
0.3573714270
0.4412061928
0.3054152970
0.4350745336
0.3378709047
0.5032708801
0.4071179024
0.2953875342
0.5268671719
0.4065435938
0.3754014624
0.4420019418
0.4115229197
0.4438312618
0.3858702259
0.3694767724
0.4218787175
0.3748410543
0.2341381831
0.4272746351
0.4021271142
0.4425400271
0.4287679815
0.4930376772
0.4217869779
0.4172283788
0.5931189995
0.5248066632
0.4998565107
0.4969544319
0.4969767114
0.5081996942
0.3795094278
0.4818117304
0.5174614792
0.3280386548
0.5636857767
0.5979400930
0.5492926143
0.3313193730
0.4085485201
0.4897356873
0.5652413457
0.6148339512
0.5250111781
0.5320950445
0.4307838309
0.3897158315
0.5418789309
0.5484116906
0.4801396707
0.6357183254
0.5708019569
0.4088972785
0.6640181317
0.5200963325
0.5244590827
0.5540063809
0.4692631784
0.5222981559
0.6276919743
0.5420815696
0.4293868337
0.5325358360
0.5382694610
0.5307214118
0.5749333277
0.5312150170
0.7758632564
0.5001804561
0.5469712217
0.3682556769
0.4955764652
0.4512162883
0.5262810627
0.5820066388
0.6019129128
0.4120547886
0.6481320401
0.5551334966
0.4703231896
0.7347552074
0.6237101144
0.5912042733
0.7381515781
0.5226358652
0.5887051950
0.5835507805
0.4734506532
0.6141613175
0.6227746934
0.6512737951
0.6745320926
0.5203533007
0.4646328139
0.5447557506
0.4809769359
0.4605448332
0.6800293003
0.4483949280
0.5479044418
0.4366646778
0.5816309662
0.6461787627
0.5652142506
0.6460526051
0.6813982983
0.4825092774
0.5676212223
0.6707289324
0.5954744058
0.5523001736
0.5310799882
0.7686708186
0.5786122226
0.5722552179
0.6511218732
0.6606238262
0.4617451790
0.6183197337
0.6145735603
0.6446007292
0.7700233274
0.4578255413
0.5905971051
0.7329826536
0.7842881848
0.5896139392
0.5501182139
0.6104779789
0.8627134664
0.6553292181
0.6443809408
0.7507986831
0.5521854671
0.7287771201
0.7294904425
0.6342377952
0.6660041745
0.6512125430
0.5957466683
0.7175175492
0.7519895127
0.7451571995
0.6435795721
0.5733075698
0.6932559722
0.5850784126
0.7718369601
0.7058347249
0.6986895158
0.7550804754
0.8032935127
0.6842386104
0.7575529839
0.6510976907
0.5442132386
0.7182863704
0.6090232249
0.7104996749
0.6189929274
0.7293045802
0.7887168888
0.7534207434
0.6801622565
0.6365690354
0.6395467429
0.8167286712
0.7504989858
0.8616069449
0.9326075724
0.8080062899
0.7581540689
0.6772987785
0.7005593497
0.6387984911
0.7200315492
0.8712503208
0.8778954451
0.8201189273
0.6779385291
0.6519457816
0.8250903729
0.7901027222
0.7455609874
0.7562411728
0.7925432632
0.8104857112
0.7111331227
0.9149833795
0.8150871730
0.8512044136
0.7324261507
0.8303353555
0.9597640687
0.7061216658
0.7470816203
0.8196927230
0.7839806145
0.6795357167
0.7885439393
0.8204397829
0.8585554057
0.7057442158
0.6991414805
0.8087415713
0.7600819846
0.8025662031
0.9480168498
0.7756894658
0.8377482901
0.9135618160
0.8269424088
0.9560113709
0.7671044255
0.9063738228
1.0256284067
0.7916905833
0.7999868269
0.8044643190
0.9167504320
0.8803220576
0.7984126160
0.8353758792
0.7793803751
0.8869086586
0.8463366343
0.8272046564
0.9372315959
0.8679042123
0.7932838167
0.9482024211
0.8403683406
0.8216942398
0.7710938675
0.9786356214
0.7710809314
0.9031293379
0.8785479266
0.8536941054
0.9527717578
0.9714606478
0.8971891736
1.0055926256
0.8202923510
0.8244550088
0.9244989865
0.8105592560
0.9317093694
0.7541742291
0.9536251434
0.9891375413
0.8143892203
0.8231828667
0.9592101602
0.9082279956
0.9654225553
0.9204630543
0.8223123514
0.8417733529
0.8383250488
0.8213825892
0.9502341744
0.9285479036
1.0159235985
0.8973176311
0.8750910015
1.0391634215
1.0829170640
0.9768133970
0.8938696320
0.8924961448
1.0224586341
0.9119876344
0.9689008251
0.9047643200
0.8906474345
0.9084427985
0.8925652012
1.0032215381
0.9834966808
0.9342601603
1.0584535155
0.8892219081
0.9259268463
0.8882694621
1.0492479958
0.9457160959
0.9026745943
0.9998173575
0.9619734861
1.0191307348
1.0005728241
1.0602606150
1.1122983246
1.0558933660
0.9882870847
1.0520600950
0.9026158122
1.0803533644
1.0582892921
1.0028011002
1.1367622709
