-1.0514012728
-0.8775935596
-0.8360579279
-0.9570368643
-0.9870143734
-0.9851266273
-1.0160519097
-1.1230643147
-0.9418544022
-1.1267386041
-0.9671293857
-0.8140867163
-1.0130554388
-1.1236588918
-0.9966188328
-0.7524643730
-1.1303400071
-1.0872097505
-0.9606118384
-1.0319162134
-0.8785505156
-0.9614223608
-0.9562319223
-0.9937933384
-1.0463980048
-0.7429959424
-1.0772654946
-0.8704524557
-0.9461189947
-1.0091811099
-0.9720848869
-1.0913667180
-0.6997467599
-1.0233239946
-0.9207274483
-1.0069454395
-1.0479975413
-0.8965456073
-0.9408806302
-0.9852397551
-0.8680151450
-0.8937631703
-1.0068711445
-0.8594282343
-0.9631712248
-0.9395034711
-0.9610430231
-0.8257158409
-0.9087291682
-0.8352655481
-0.7041308137
-0.8508932310
-0.9263380406
-0.9450129205
-0.9710455457
-1.0128767681
-0.9708943209
-0.8267869928
-1.0866227988
-0.9984554741
-0.8419996268
-0.9280757360
-0.7355604747
-0.9260142079
-0.8228970391
-0.8047432928
-0.7831930374
-0.9932114610
-0.9258832761
-0.7666923080
-0.8371140406
-0.9326245856
-0.9147182774
-0.9600684278
-0.9303901993
-0.8527175403
-0.8602190109
-0.7922262009
-0.8563282786
-0.7866782610
-0.8935163938
-0.9031009691
-1.0783246017
-0.9021249631
-0.9048628904
-0.7069014499
-0.6341299428
-0.9118429780
-0.7035162780
-0.6764512626
-0.9888718829
-0.6898143348
-0.8899887958
-0.7699274861
-0.9052293403
-0.8505259748
-0.8646489714
-0.8006161782
-0.7409519281
-0.7746947899
-0.7517201639
-0.6598580200
-0.8506320953
-0.7488955670
-0.7678315832
-0.7240752209
-0.5612235935
-0.7864382969
-0.7445510750
-0.8190848380
-0.8335033106
-0.7906390399
-0.7318823302
-0.7275778875
-0.8139548064
-0.8022595840
-0.7569706371
-0.5558342327
-0.7004229290
-0.7605104819
-0.7825334840
-0.6223866442
-0.7176536814
-0.6424050449
-0.8026121764
-0.7659285200
-0.6623011928
-0.7454815045
-0.6069488426
-0.5795187408
-0.8815992437
-0.6922728164
-0.7637620514
-0.7168864752
-0.8167342208
-0.6092758912
-0.5540790174
-0.7194901554
-0.8687640950
-0.8183410016
-0.6967045239
-0.6667181587
-0.7091440374
-0.6875545187
-0.7152138086
-0.7096932276
-0.7138879888
-0.6129399189
-0.7949352650
-0.7637527689
-0.7939504699
-0.6578738885
-0.7652308180
-0.6103164401
-0.7042176552
-0.8357154682
-0.6909446431
-0.7414458922
-0.6039623064
-0.6682389105
-0.5778041870
-0.6000871206
-0.7980904086
-0.7485473609
-0.8565399269
-0.6892258486
-0.6468942548
-0.6325171723
-0.6927206725
-0.5942240335
-0.6732889077
-0.6254221801
-0.5609788468
-0.7003156050
-0.6655920413
-0.7308606937
-0.5268620365
-0.7373558988
-0.7631712103
-0.5382730727
-0.7101672017
-0.6792010312
-0.6119345631
-0.6499656822
-0.5578431328
-0.6360104834
-0.5875304575
-0.5614322902
-0.6796674634
-0.7422238906
-0.6363878246
-0.5200265219
-0.6508576633
-0.5385876256
-0.6663687424
-0.5311535907
-0.5875118631
-0.6362069746
-0.6724699062
-0.6021621950
-0.5932146731
-0.6874980220
-0.6852693972
-0.6424472072
-0.5802588952
-0.5393311883
-0.7383896271
-0.5921035482
-0.6649693694
-0.6048245627
-0.6770728125
-0.7276038050
-0.6417833060
-0.6231240745
-0.6801427708
-0.7102991012
-0.4323587547
-0.5810764324
-0.4860683265
-0.5954300060
-0.4390593577
-0.6302325235
-0.6223313048
-0.5707774534
-0.5749431955
-0.6228076542
-0.5664284535
-0.3812143933
-0.6557655961
-0.4604076030
-0.5538096233
-0.6110654284
-0.6452429999
-0.5548571776
-0.4750951696
-0.5017096897
-0.5417625538
-0.4830778923
-0.4909915511
-0.5993597008
-0.4616023421
-0.7466401303
-0.3585114382
-0.5211405638
-0.4810484350
-0.5494316313
-0.4746482620
-0.5763806346
-0.5822617630
-0.3638616034
-0.5388463402
-0.6047757397
-0.4347139884
-0.6238102524
-0.3638605252
-0.4659642174
-0.5483176431
-0.5087144125
-0.3525892616
-0.3717203017
-0.3431205663
-0.5124644871
-0.5226923033
-0.4358582852
-0.5763379549
-0.3182195792
-0.2649246652
-0.4268675830
-0.4712794565
-0.5744208088
-0.3093268113
-0.5458095041
-0.4887141573
-0.3927586475
-0.5026174350
-0.3585534775
-0.5396478048
-0.4404194873
-0.4860893808
-0.5970303176
-0.4455088540
-0.3487825131
-0.5096043579
-0.4773610359
-0.3099840043
-0.3415108031
-0.2336327969
-0.4336567903
-0.4901725936
-0.4285262722
-0.4085197199
-0.4746214941
-0.4421379553
-0.3882717939
-0.2976778413
-0.4305365052
-0.4525967513
-0.4360226063
-0.3647546572
-0.5307426888
-0.2459227260
-0.3828286913
-0.3733513285
-0.2637560748
-0.4625487936
-0.3786603407
-0.3884894889
-0.4779084995
-0.3695197817
-0.0821040203
-0.3530813305
-0.3483743203
-0.3437005284
-0.4081944685
-0.4483351655
-0.4384063570
-0.2001654899
-0.3545917163
-0.3971935678
-0.3408820368
-0.3741843234
-0.3243089035
-0.3402896174
-0.2096204942
-0.3410437952
-0.5512478618
-0.2752519383
-0.5321778360
-0.3037404321
-0.4743934685
-0.4405403796
-0.3697156511
-0.4276245592
-0.4128115003
-0.2771136821
-0.2200138990
-0.3202215953
-0.4144485148
-0.2519577510
-0.3650247617
-0.2345066196
-0.2414537520
-0.4550358407
-0.4064577581
-0.4456448341
-0.2950366208
-0.4271574166
-0.2701164299
-0.3143917555
-0.1078737268
-0.3152923231
-0.2688033296
-0.1964547938
-0.2988843673
-0.4322323142
-0.2726550213
-0.2105903771
-0.3731270484
-0.3000397962
-0.4568724213
-0.2925846916
-0.2339425880
-0.1605603054
-0.4524051699
-0.2861740748
-0.1949887031
-0.3941455523
-0.3732111288
-0.2788789353
-0.2237395261
-0.3151057970
-0.3534748407
-0.1816136306
-0.1141727490
-0.4323287068
-0.1825157616
-0.2995949398
-0.2386256840
-0.1665278174
-0.2648293213
-0.1558963973
-0.2553347750
-0.2099747097
-0.3973518081
-0.1929219051
-0.4082558775
-0.2987972510
-0.4444735240
-0.2419551463
-0.2162830068
-0.0867012248
-0.2165492449
-0.3064240251
-0.2398091197
-0.2282649709
-0.1607321735
-0.0697714238
-0.2193636772
-0.2679648169
-0.1771412184
-0.1977343243
-0.1938282055
-0.2084759407
-0.2369126521
-0.2375036348
-0.1371818341
-0.2396730795
-0.2347020059
-0.1245770893
-0.1802261318
-0.2527652358
-0.1817586570
-0.2387915381
-0.1266007332
-0.2437211450
-0.0813607455
-0.1586370757
-0.1229938956
-0.0807508472
-0.2632511915
-0.1607223077
-0.0210164782
-0.0437338963
-0.1914422056
-0.1207743374
-0.0983888186
-0.1632405555
-0.1985903997
-0.1884954720
-0.1451334499
-0.2135829897
-0.0504875412
-0.0763186887
-0.0163299950
-0.0180419771
-0.1373461628
-0.0058426198
-0.1100877147
-0.0751927470
-0.0815803660
-0.0418458549
-0.1378648492
-0.1044385506
0.0123152904
-0.2501585331
-0.1299267596
-0.0566452678
-0.1399060591
-0.1276841145
-0.0781977404
-0.1617747682
-0.0391042944
-0.2468585131
-0.1405706225
-0.1332783826
-0.0198188394
-0.1307207315
-0.0758583725
-0.0564453376
-0.1846150743
-0.1343021724
-0.0995128634
-0.0742877904
-0.1864673461
-0.0416008829
-0.2141013522
-0.0928247739
-0.1051247451
-0.0615750131
0.0942037458
-0.1690207485
-0.0462841037
-0.0565519162
0.0257406564
-0.0323703905
-0.0391323348
-0.1473546291
-0.0168948075
-0.0501432006
-0.0694068792
0.0750482260
-0.0833471817
-0.0609725855
-0.0864884016
0.1114101700
-0.2808186411
-0.0500900915
-0.0743575319
-0.1066643464
-0.0463969400
-0.1066247609
0.0013255779
0.0247380243
0.0345082644
0.0750691574
-0.0231004986
-0.1268681100
0.1217284803
-0.0250271908
0.0384332408
0.0324928757
-0.0379135998
0.0188254431
-0.0313686951
-0.0306774097
0.0987918123
-0.0415984278
-0.1538079380
0.1805271454
0.0131773769
0.1768962316
0.0625552480
0.0914855097
-0.0619035839
0.0592534691
0.0011442066
-0.0051696006
0.0819816512
-0.0396360591
0.1425938227
0.0536918603
0.2058707078
0.2526777514
0.0966443071
0.1301679539
-0.0321838795
0.0616005411
-0.0463339860
-0.0492915968
0.1502794760
0.0178980091
0.0719284647
-0.0204432809
-0.0404290290
0.0279595910
0.1022284645
-0.0364580917
0.0274905820
0.0662548367
0.1042753264
0.0229500803
0.0841467612
0.1023969959
0.1370282694
0.0216295678
0.0200518129
0.1007771882
-0.0170854051
-0.0247750668
0.1799085920
0.1621812119
0.1865148121
0.0640559083
0.0021507388
0.0227369838
0.1542255935
0.1755645466
-0.0233149111
0.3721569746
-0.0302189242
0.1212262138
0.2428842623
0.0444777775
0.2619785637
0.2405099990
0.0888311429
0.1536341142
0.2508971945
0.1205998131
0.2224362711
0.1405941096
0.1286022580
0.0949081549
0.1381585579
0.2797987130
0.1475679582
0.2344151014
0.0589678109
0.1857974053
0.1201236491
0.1804655687
0.1094525570
0.1976941654
0.2218076473
0.1053244947
0.0696931009
0.1862587402
0.2852359115
0.2115401171
0.1139557050
0.2109337439
0.2986832012
0.0633406608
0.1085889072
0.2180211963
0.0808536912
0.1812459762
0.2774146790
0.1972495292
0.1463908314
0.2565437931
0.2473824654
0.1571688469
0.1385530839
0.0742284739
0.3736859010
0.1609265822
0.1886263151
0.2651873848
0.3671426445
0.3780046978
0.4138113275
0.1767180981
0.2323718389
0.0539354224
0.4167687701
0.1868382727
0.2054153311
0.2223187024
0.2157190948
0.2653990865
0.2145974155
0.2533787951
0.2054238619
0.2471853300
0.4227597079
0.1565881610
0.2303413103
0.1776309699
0.1886685063
0.3061195888
0.3332450578
0.2368869584
0.1606193703
0.3265133130
0.3553985725
0.1836027449
0.3492308860
0.2840619474
0.2117957434
0.3252237049
0.1664106111
0.3590345908
0.1673112849
0.1863156407
0.3463420681
0.2934294913
0.2633684253
0.2393142232
0.2768723710
0.4903412845
0.3584027385
0.4562767040
0.2952610627
0.3009002622
0.3002826412
0.2436574345
0.4089712145
0.2896825684
0.2222767909
0.2531362816
0.1819125074
0.4566963329
0.3604026574
0.2901829335
0.3288211283
0.3783764499
0.3338738833
0.2159492678
0.1533213588
0.1694682260
0.3453988755
0.4756818525
0.2767975748
0.3409701430
0.3474957929
0.3703742510
0.4319455764
0.5008047477
0.4054239872
0.3420608890
0.2529392159
0.4166200469
0.4786423908
0.4774930490
0.3306177419
0.4435907827
0.3001215096
0.3765520664
0.2641445936
0.2800374478
0.3490514002
0.3427705161
0.3599359938
0.2132551270
0.3832492432
0.3318212205
0.3965917725
0.3564813413
0.4165676942
0.4465373524
0.5103935280
0.4488346747
0.2729390624
0.3763286805
0.3653336247
0.5312903172
0.4038487239
0.3977140317
0.4471215667
0.4593911003
0.4668823661
0.3922129545
0.5808633483
0.4460324226
0.3516619656
0.2597459101
0.3827350755
0.3710566771
0.4397111832
0.4784607246
0.5062796803
0.5045333640
0.3232946697
0.4855823546
0.2332690330
0.3779983109
0.5696084636
0.5638214592
0.5787652731
0.3189376903
0.4573625139
0.3652721311
0.5430217270
0.3479259404
0.5352242279
0.3013121304
0.4336905711
0.2925222901
0.3949131991
0.4584004551
0.4734604475
0.3168277443
0.3956078216
0.4528384800
0.6179241524
0.5454431123
0.6126062058
0.5183626386
0.4432185050
0.6278766926
0.5178327202
0.4332976706
0.4984232935
0.3909585359
0.4436594879
0.4848090830
0.5268065003
0.5084986657
0.6802528161
0.4744443191
0.6046805932
0.5497695101
0.5054583652
0.4914617868
0.3445880583
0.4083350913
0.5606001866
0.4481160234
0.5229347335
0.4096883308
0.5471861929
0.4923305120
0.4972657570
0.6871185788
0.5000063013
0.5038224427
0.5474903417
0.5926945825
0.5483493481
0.6533549058
0.5303070541
0.6635458246
0.5318105471
0.5656801349
0.6339853673
0.5375016410
0.5575542916
0.5598183421
0.5280925688
0.4438445846
0.5348436333
0.5603052055
0.6285507058
0.5538553732
0.5611304518
0.6055596854
0.6974281196
0.6539790628
0.6783470142
0.5972486859
0.5572172576
0.6246452746
0.7569730554
0.6447622778
0.5579628413
0.7233245913
0.6302982168
0.6614458892
0.6428717858
0.6510606868
0.4768076612
0.6755166122
0.6698851808
0.8096274504
0.5167291780
0.6266450769
0.6578449297
0.7181300386
0.6562854199
0.5958330307
0.6638122403
0.7863351404
0.6183912030
0.6952926198
0.6828376580
0.5333051683
0.7202581264
0.6806861467
0.6737368308
0.6281932967
0.6192313380
0.6139029069
0.7390130387
0.6986960263
0.7545180996
0.7633475552
0.6386682739
0.6376810987
0.4836248516
0.7148446807
0.7201322252
0.8257919526
0.7384877998
0.6685617685
0.6433006423
0.7263848692
0.5900393681
0.5064698636
0.4703172660
0.7307315093
0.7200239461
0.6396877907
0.6334720040
0.4844716891
0.7340011015
0.9080203659
0.7042149099
0.7643060973
0.8061598865
0.7500326185
0.6704609691
0.8283106901
0.8441960145
0.6913742849
0.6144669714
0.7094428189
0.7144372816
0.7835287593
0.7395092676
0.8080977310
0.6992139030
0.6741853315
0.6871307002
0.6548848964
0.6453475122
0.8018805611
0.8146756455
0.7023585296
0.7213358484
0.6911127979
0.8150953832
0.6773704621
0.8054553036
0.7757519683
0.7037476733
0.7158601889
0.8483275691
0.7389318407
0.7920810579
0.8855781317
0.6108161454
0.8964716970
0.8186028899
0.8640148002
0.8311914814
0.7094646682
0.7065319735
0.8501878535
0.7411539195
0.7679557940
0.7016007939
0.7227348962
0.7582857736
0.7132112128
0.8695156442
0.8431012648
0.8326798816
0.7380920745
0.8534626019
0.9266939878
0.8571802707
0.8441013854
0.8865032849
0.8929666863
0.7510918582
0.9207497917
0.9435572427
0.7866872931
0.8528600614
0.8479079260
0.7747327971
1.0270915508
0.8689259171
0.7682508387
0.8451819815
0.7464620779
0.7445190808
0.8316457121
0.7953902201
0.7461377795
0.8613165922
0.8816395088
0.8948617322
0.8179687897
0.8678560393
0.9204370889
0.8825642703
0.9151725679
0.9979155081
0.8399656680
0.8790529658
0.8684504684
0.8221362361
0.9298653550
0.8096146888
1.0706590236
0.8522622786
0.8837181809
0.8270495348
0.9641602282
0.9301214960
0.8846221387
0.9344089897
0.8731986896
0.8022190755
0.8537188706
0.8645777668
0.6770939908
0.9283433548
1.0997504453
0.9811588213
0.9924379213
0.8773676685
0.9080094688
0.9510177849
0.9811113410
1.1480704864
0.7946299535
0.9388397719
1.0155643426
0.8890577209
0.8651099468
0.9328077094
0.9047908578
0.8760617857
0.9412123847
0.9088074693
0.7988043082
1.0009326227
0.9999388762
1.0530662127
0.9818966142
0.9993367940
0.8128303685
1.0109652272
1.0050394901
1.0613392642
1.0207415587
0.9001348855
0.8403175970
1.0644644266
1.1759812839
0.9639662539
0.8205121912
0.9070813557
0.9776181527
0.9294109605
1.0161593015
0.9288992739
