-1.0573972637
-0.8804444579
-0.8448405373
-0.9506757192
-0.9601978512
-0.9925205677
-1.0412520912
-1.1226610584
-0.9272301767
-1.1013579931
-0.9686819192
-0.7985289924
-1.0146305583
-1.1210523281
-0.9853356837
-0.8000324149
-1.1430011912
-1.0674192139
-0.9415125995
-1.0378508014
-0.8651012652
-0.9554931425
-0.9973515878
-0.9877448870
-1.0551032914
-0.7520891323
-1.0818281518
-0.8683027153
-0.9517573709
-1.0085234187
-0.9694338985
-1.1014531314
-0.7066033015
-1.0292583377
-0.9218939814
-1.0031382196
-1.0444268922
-0.8961657112
-0.9430927106
-1.0193950649
-0.8576072497
-0.9005999301
-1.0032255928
-0.8697625762
-0.9583729469
-0.9257764907
-0.9752626924
-0.8584421356
-0.9069308991
-0.8708457938
-0.6959366074
-0.8562124296
-0.9173209559
-0.9214841684
-0.9885608622
-1.0110847344
-0.9667427707
-0.8233494735
-1.0906456650
-1.0310061638
-0.8172648263
-0.9331701635
-0.7178390502
-0.9304322978
-0.8241598132
-0.8012122827
-0.7796019431
-1.0025778055
-0.9589530589
-0.7732564281
-0.8286323277
-0.9403362494
-0.9151984568
-0.9804463164
-0.9088117583
-0.8742516837
-0.8745020758
-0.7678363617
-0.8299207353
-0.7754303225
-0.9069475481
-0.9232774130
-1.0518535371
-0.9042262760
-0.9249521067
-0.7380850037
-0.6442389818
-0.8681498245
-0.7322192025
-0.6907187514
-0.9705756904
-0.6751524928
-0.8980921597
-0.7901190402
-0.9049610344
-0.8292719047
-0.8520793611
-0.8043318607
-0.7040120187
-0.7703169203
-0.7501776854
-0.6633295660
-0.8595293308
-0.7498759257
-0.7871339805
-0.7206253319
-0.5586540457
-0.7752606117
-0.7556262218
-0.8174137690
-0.8463121588
-0.7882518678
-0.7070001379
-0.7313238761
-0.8092948259
-0.7959997103
-0.7677223729
-0.5518114789
-0.7089860712
-0.7578169981
-0.7628803718
-0.6139449648
-0.7369206553
-0.6407622074
-0.7899604535
-0.7800693689
-0.6596253765
-0.7573758827
-0.6143842080
-0.5883826244
-0.8597347391
-0.7051057829
-0.7720112838
-0.7411099250
-0.7991133449
-0.6135084021
-0.5465789019
-0.7259348311
-0.8824390899
-0.8309868528
-0.7201201864
-0.6764331385
-0.7060590428
-0.6955151002
-0.7211245633
-0.7068913987
-0.7212988646
-0.6054441803
-0.7802965120
-0.7657721071
-0.7918013930
-0.6946893723
-0.7757546028
-0.6249609157
-0.7056156055
-0.8521786756
-0.7136898248
-0.7296716669
-0.6183136580
-0.6653905353
-0.5897761591
-0.6040735833
-0.7883513907
-0.7639575382
-0.8540514607
-0.7070167419
-0.6453805708
-0.6505248246
-0.6929927654
-0.6058661833
-0.6819182330
-0.6233838804
-0.5425671276
-0.6906686882
-0.6618333533
-0.7438595792
-0.5208638966
-0.7438266523
-0.7811820673
-0.5386799602
-0.7144862463
-0.6926273142
-0.6431372102
-0.6295418500
-0.5618432647
-0.6421669454
-0.5805799125
-0.5552076855
-0.6670427311
-0.7349949577
-0.6462300611
-0.5314667883
-0.6242777383
-0.5311688608
-0.6530657969
-0.5529218620
-0.5941531468
-0.6557101639
-0.6799525694
-0.6069393310
-0.6203796545
-0.6788009485
-0.6855650002
-0.6512465857
-0.5853077796
-0.5468394635
-0.7366643252
-0.6079946320
-0.6602436022
-0.6111430611
-0.6779347329
-0.7315138625
-0.6187421703
-0.6103002722
-0.6567618588
-0.6937190679
-0.4280548915
-0.5723770532
-0.4734239124
-0.5863023274
-0.4728715647
-0.6127731603
-0.6288506088
-0.5599356332
-0.5689112303
-0.6264075279
-0.5742348530
-0.3905724490
-0.6614867312
-0.4562763211
-0.5501506960
-0.6263858198
-0.6537081791
-0.5489171317
-0.4646825097
-0.5081299675
-0.5615323217
-0.4791172522
-0.4768906217
-0.5876260147
-0.4562815320
-0.7594671686
-0.3497828865
-0.5040892669
-0.4900791828
-0.5427530753
-0.4759510945
-0.5687719978
-0.6009495532
-0.3550824987
-0.5468432836
-0.6096882653
-0.4365938635
-0.6247125827
-0.3382736928
-0.4649369233
-0.5276263178
-0.5060420489
-0.3680076460
-0.3647467523
-0.3584677814
-0.4875993674
-0.5229716485
-0.4306417605
-0.5566408019
-0.3396985543
-0.2632016103
-0.4015631672
-0.4682515919
-0.5564159493
-0.3065161029
-0.5418699371
-0.4757935942
-0.3949144262
-0.5049570749
-0.3540552894
-0.5124593750
-0.4326524878
-0.4990403957
-0.5891621598
-0.4569062664
-0.3419775311
-0.4930962525
-0.4929409024
-0.2994075574
-0.3385358636
-0.2275615551
-0.4175929695
-0.4822989207
-0.4406517239
-0.3934799451
-0.4893245501
-0.4321789495
-0.3978288230
-0.3056961463
-0.4265034462
-0.4488732764
-0.4311672073
-0.3739351979
-0.5282608489
-0.2796611831
-0.3740020821
-0.3639328493
-0.2540891674
-0.4778460994
-0.3758894557
-0.4005633660
-0.4848608898
-0.3292755204
-0.0956382848
-0.3611231717
-0.3717895278
-0.3633436675
-0.3858883907
-0.4517313319
-0.4718504575
-0.2182087487
-0.3785903933
-0.3971832730
-0.3500305480
-0.3800929048
-0.3254900393
-0.3398757901
-0.1903872332
-0.3597627359
-0.5522312880
-0.2984010635
-0.5325451040
-0.3056416718
-0.4685884377
-0.4262992027
-0.3655871395
-0.4351872453
-0.4188935596
-0.2760934483
-0.2207640984
-0.3109291679
-0.4285089972
-0.2848834086
-0.3879991331
-0.2552443468
-0.2293772656
-0.4208257154
-0.4160295954
-0.4337484199
-0.3254364231
-0.4362818660
-0.2938271412
-0.3154727000
-0.1272751657
-0.3323382325
-0.2687912383
-0.2105701128
-0.3009548946
-0.4429718052
-0.2912005104
-0.2293619525
-0.3880563975
-0.2801064731
-0.4417816917
-0.3083338707
-0.2373118422
-0.1665769974
-0.4549518342
-0.2714381834
-0.1825034559
-0.3718060127
-0.3785272296
-0.2636654279
-0.2406518839
-0.3126515992
-0.3113832678
-0.2063579707
-0.1040293891
-0.4222940885
-0.1772283240
-0.2990850110
-0.2429732056
-0.1852709681
-0.2466670389
-0.1602807412
-0.2413559218
-0.1899268124
-0.3862814580
-0.1891295675
-0.3981425189
-0.2824855550
-0.4635082985
-0.2647241741
-0.2035092828
-0.0517693609
-0.1875645542
-0.3175715886
-0.2378252522
-0.2212147972
-0.1558692901
-0.0568099573
-0.2230139056
-0.2890770471
-0.1939075865
-0.1694180494
-0.1859860938
-0.1897354637
-0.2367227378
-0.2188290888
-0.1447542190
-0.2340797827
-0.2238297840
-0.1315669040
-0.1880466068
-0.2534775164
-0.1773144280
-0.2256542633
-0.1336888400
-0.2513159723
-0.0935463693
-0.1561909572
-0.1145226214
-0.0923862500
-0.2524434286
-0.1633481656
-0.0377361590
-0.0612727297
-0.2178776175
-0.1143165991
-0.1101937032
-0.1562172736
-0.2167297065
-0.1830709828
-0.1452753991
-0.2063551480
-0.0539426307
-0.0800350958
-0.0026260594
-0.0100611827
-0.1479510264
-0.0360738110
-0.1106284782
-0.0832641123
-0.0871932210
-0.0413362138
-0.1468307043
-0.1129437345
0.0226554382
-0.2369717572
-0.1296729789
-0.0556576496
-0.1370733685
-0.1170566492
-0.0800922920
-0.1466442224
-0.0384037072
-0.2343857038
-0.1311336265
-0.1256692184
-0.0275251291
-0.1367084224
-0.0988308423
-0.0449385480
-0.1559292351
-0.1373081475
-0.0875332654
-0.1058022464
-0.1859685362
-0.0482180910
-0.2041376397
-0.0914865077
-0.1086427211
-0.0719455067
0.0868339741
-0.1733021337
-0.0586815082
-0.0460032499
0.0270748849
-0.0331878748
-0.0479026817
-0.1450285149
-0.0290259925
-0.0291699958
-0.0756181980
0.0696532188
-0.0814290664
-0.0637812879
-0.0702867805
0.1017595441
-0.2863520217
-0.0866270267
-0.0682041707
-0.1032419937
-0.0364530838
-0.1331953242
-0.0200235390
0.0223067695
0.0527545273
0.0940390018
-0.0263426516
-0.1323760116
0.1098672464
-0.0262393979
0.0623299293
0.0329181981
-0.0424762602
0.0275690575
-0.0387643962
-0.0181881449
0.0764957300
-0.0331732023
-0.1764249756
0.1645541534
0.0178753569
0.1649797267
0.0469425655
0.0772537643
-0.0602182156
0.0542782296
0.0061772600
-0.0086797374
0.0941601112
-0.0283396477
0.1411728237
0.0579788792
0.2375076675
0.2534519856
0.0912239672
0.1514958426
-0.0308938862
0.0477832985
-0.0385905569
-0.0351753186
0.1259209305
0.0132220153
0.0820103343
0.0004458700
-0.0239451736
0.0352892927
0.1180276050
-0.0283268743
0.0447223463
0.0559929586
0.1131695398
0.0474710226
0.0799387665
0.0827992250
0.1501591213
0.0304468905
0.0145147317
0.0968479495
-0.0064487222
-0.0181608671
0.1871221055
0.1345486205
0.1902628195
0.0922965678
0.0082332415
0.0366464146
0.1689967419
0.1947115233
-0.0237914241
0.3576382649
-0.0305788202
0.1037881234
0.2612132990
0.0375358292
0.2471940446
0.2519221090
0.0828660082
0.1696278966
0.2681407212
0.1307339194
0.2339750956
0.1441766525
0.1379322111
0.0777031996
0.1425461661
0.2566439095
0.1467834738
0.2565747072
0.0573753513
0.1868435677
0.1232804714
0.1916464006
0.1101009020
0.1945457996
0.2242761185
0.0984333158
0.0382686427
0.1845495620
0.2732462255
0.1752561730
0.1651682222
0.1930104173
0.2832070583
0.0595774985
0.0996426184
0.2289755636
0.0940163170
0.1873287423
0.2868258433
0.1744326332
0.1485167757
0.2693159883
0.2436496600
0.1646704548
0.1458293751
0.0875752655
0.3579156726
0.1501613487
0.2020566371
0.2445372555
0.3538821305
0.3793282163
0.3944023565
0.1707029701
0.2150597360
0.0632289211
0.4062883715
0.2030258768
0.2014840197
0.2032885916
0.2200331769
0.2802693422
0.2023741940
0.2352193697
0.2096209209
0.2412925437
0.4301701251
0.1557990142
0.2252937255
0.1531052352
0.1745764899
0.3141381316
0.3378958723
0.2074818026
0.1422539916
0.3375820616
0.3456641431
0.1868871910
0.3392751980
0.2787136996
0.2210781040
0.3461706031
0.1667353700
0.3652027435
0.1503855317
0.1895432834
0.3616100899
0.2902859003
0.2475769803
0.2394122255
0.2614458622
0.4898251561
0.3761891577
0.4459575100
0.3029597694
0.2737707790
0.3156335118
0.2289222259
0.4221938640
0.2964448938
0.2219368879
0.2635323935
0.1936230314
0.4407182057
0.3622540776
0.2959368279
0.3252132980
0.3899516901
0.3636574484
0.2185065357
0.1739763312
0.1895424366
0.3634445285
0.4800312692
0.2785051687
0.3545265404
0.3545254903
0.3602672494
0.4295208076
0.4895551128
0.3858217062
0.3650631081
0.2293166886
0.4139313074
0.4938527112
0.4726581547
0.3518878635
0.4450133773
0.2845852143
0.3554338453
0.2334396403
0.2675316775
0.3590684798
0.3391538127
0.3948745305
0.2118413160
0.3708677161
0.3293249079
0.4009412362
0.3552623379
0.4368111403
0.4307043025
0.5116995449
0.4487254433
0.2894493459
0.3641241195
0.3771478964
0.5328477186
0.4111321906
0.4168450453
0.4480862578
0.4449542612
0.4716284278
0.3844175782
0.6073264266
0.4775446158
0.3335361607
0.2593438242
0.3878329583
0.3691019989
0.4487421764
0.4984592520
0.4731010983
0.5136646747
0.3348180247
0.4976367372
0.2792730196
0.3865773290
0.5630102952
0.5546819765
0.5922673875
0.3495799378
0.4375098877
0.3831152453
0.5302131073
0.3534828872
0.5291517252
0.3196650088
0.4533323826
0.2996144085
0.4161083796
0.4542886146
0.5004593239
0.3174555661
0.3879183639
0.4547415822
0.6088096296
0.5414629856
0.5966468541
0.5416848174
0.4572141624
0.6329105154
0.5586315891
0.4241453452
0.5104506787
0.4055445418
0.4603609506
0.4893836605
0.5388752067
0.4952098843
0.6918637706
0.4586160829
0.6164828652
0.5668705910
0.4954664056
0.5099573103
0.3456897240
0.4007697828
0.5638537711
0.4409645021
0.5198715391
0.3922847927
0.5523178712
0.4864672687
0.4944531567
0.6804021763
0.5029121930
0.4987946485
0.5519582787
0.6079920531
0.5525644258
0.6537047374
0.5215364190
0.6749847619
0.5521907753
0.5838505678
0.6280517088
0.5480382528
0.5895447608
0.5519063074
0.5429260945
0.4485552450
0.5248392579
0.5410515687
0.6234197770
0.5494043960
0.5626774762
0.5890170700
0.7360254579
0.6374192429
0.6747399063
0.6089464548
0.5437598218
0.6062211252
0.7661733039
0.6418090903
0.5699013416
0.7199599749
0.6449880371
0.6721574487
0.6478433522
0.6315836353
0.4862752389
0.6592943199
0.6746696002
0.8302670006
0.5121821019
0.6436422235
0.6660973398
0.7099458724
0.6828343705
0.6014317154
0.6816921990
0.7623604162
0.6240306001
0.6818717280
0.6807072605
0.5347274009
0.7257072288
0.6689217128
0.6840307306
0.6079157137
0.6242666178
0.6285397549
0.7628506827
0.7031984425
0.7591701949
0.7390277261
0.6410832713
0.6150946924
0.5060398579
0.7155879327
0.7305562061
0.8150752445
0.7226126111
0.6545224737
0.6482809397
0.7062136205
0.5895292677
0.5072641299
0.4740742009
0.7132690080
0.7323199849
0.6490974024
0.6233085517
0.5054947573
0.7709501293
0.9047970189
0.7129995101
0.7729817056
0.7919748763
0.7383338832
0.6729170385
0.8154971353
0.8164065047
0.6868600782
0.6155672918
0.6839809281
0.6858811822
0.7822003505
0.7285203384
0.8100254648
0.6920188061
0.6760444782
0.6928767149
0.6599248222
0.6333413568
0.8069762294
0.8120907237
0.6793149452
0.7202913701
0.7088026939
0.8048017503
0.6890177579
0.8073470171
0.7501995870
0.6957437832
0.6921644365
0.8525245206
0.7216232303
0.7818622086
0.8757206453
0.5805665324
0.8863086586
0.8287564666
0.8660966513
0.8479953074
0.7110700977
0.6873288907
0.8569287866
0.7409994180
0.7476996322
0.6959153809
0.7401018440
0.7651777506
0.6975907498
0.8629098513
0.8379774608
0.8325006645
0.7682643031
0.8562921018
0.9453855567
0.8804654356
0.8472123954
0.8815114172
0.8901343863
0.7393042084
0.9253388042
0.9339358276
0.7761520505
0.8452551961
0.8527112336
0.7868724783
1.0077797838
0.8745050587
0.7741586734
0.8684792800
0.7420909066
0.7647015763
0.8261255108
0.7916185878
0.7509651250
0.8753873275
0.8885811977
0.8970065607
0.8235226163
0.8604438183
0.9037950074
0.8938089652
0.9312045853
0.9852467319
0.8557314030
0.8823979260
0.8977290304
0.8161554842
0.9304300326
0.8168317928
1.0654235994
0.8426104132
0.8855849031
0.8535679642
0.9350860095
0.9286596030
0.8941959177
0.9592019969
0.8533431125
0.8077111785
0.8417654600
0.8483246343
0.6767144226
0.9358174723
1.1187142528
0.9775405925
1.0143235807
0.9153659406
0.8844057951
0.9595984274
0.9886931386
1.1405774717
0.7870233027
0.9491619353
1.0159144106
0.8728930220
0.8952552330
0.9286814804
0.8968398837
0.8934535601
0.9243477817
0.9252652970
0.8073995034
0.9693022610
1.0138362474
1.0435390819
0.9889815523
1.0181854937
0.8399276388
0.9914788101
1.0079238701
1.0611525926
1.0077296597
0.9026280616
0.8536408004
1.0651929048
1.1851251079
0.9427932377
0.8224465526
0.9267993935
0.9548880305
0.9330996318
1.0053790415
0.9617689528
