-0.9972867343
-0.9942397409
-1.0174579655
-1.0343680651
-1.0220354033
-1.1271123535
-1.1133886355
-0.9933774004
-1.0566217844
-1.0184260412
-0.9218059602
-1.1165030136
-1.0613765435
-0.9552359087
-0.9451081234
-0.8981989240
-1.0697425508
-1.0218900569
-1.0013562563
-0.9507328004
-0.9565653968
-0.8008775474
-1.0652910246
-0.9018043900
-0.9087892725
-0.9245707827
-1.0359594835
-0.9885875035
-0.9620012927
-0.9757176353
-0.8870488938
-0.9048525087
-0.9756391061
-0.9234066464
-0.9634323585
-0.9298505431
-0.9462240783
-1.0897995534
-1.0554856922
-0.9886187038
-0.9277649657
-0.8796278827
-0.9170774321
-1.0328427956
-0.8350647791
-0.9303469604
-1.0160125597
-0.9358659235
-0.8271793965
-0.8264367724
-0.9447962618
-0.9138048184
-1.0093997074
-0.8712242542
-0.8986643923
-0.9294795070
-1.1518867062
-0.9482794983
-0.8975702348
-0.8989689048
-0.8308708186
-0.9440151854
-0.8487254047
-0.9079299411
-0.8696122275
-0.8504069125
-0.8817491158
-0.9067155491
-0.8603645135
-0.9326867093
-0.7546323721
-1.0611614407
-0.8512855283
-0.7700790172
-0.6812618874
-0.8523459282
-0.7245052275
-0.8145003316
-0.9292209296
-0.9261927985
-0.9472476073
-0.8814850345
-0.7344238942
-0.7986769733
-0.7502253842
-0.8580380446
-0.8074317722
-0.7150337507
-0.8362906311
-0.7346489471
-0.7883415951
-0.6573783258
-0.8208411580
-0.9804291761
-0.8491962948
-0.8608404589
-1.0277719480
-0.6924676685
-0.8417502319
-0.7111507592
-0.7810145344
-0.9305240028
-0.7955329816
-0.8718213677
-0.7822090996
-0.7989154847
-0.8002378326
-0.9020854796
-0.8637922406
-0.9312490927
-0.7126522336
-0.8368566274
-0.7770110628
-0.6581388558
-0.7233165888
-0.8796823917
-0.7823137538
-0.8466793389
-0.7338836257
-0.8123700288
-0.7381298805
-0.6631914797
-0.6862698664
-0.7612230448
-0.6925748949
-0.8028576119
-0.7491201560
-0.6976821013
-0.8340441253
-0.7273710653
-0.7088338601
-0.6284324253
-0.7144435377
-0.8921841632
-0.8611665093
-0.6958980470
-0.6970757072
-0.7473108538
-0.6392562099
-0.9147673415
-0.7691835243
-0.7197848847
-0.7921476299
-0.5792913590
-0.6175729757
-0.7926984457
-0.7018018176
-0.6587772593
-0.6961702479
-0.6287282146
-0.5649264560
-0.8361160961
-0.8522632400
-0.6637400890
-0.8745048500
-0.6944972042
-0.6463005366
-0.6328963947
-0.7285705676
-0.7952254406
-0.7746659589
-0.7771419446
-0.7535495116
-0.6515297024
-0.7301609088
-0.4981216637
-0.6849645981
-0.5259315497
-0.5655215419
-0.6589712877
-0.7008996468
-0.7286314760
-0.6129351023
-0.8501867150
-0.5548106012
-0.7545748747
-0.6577707126
-0.8908187084
-0.6924245603
-0.6702230032
-0.6225720341
-0.5587415166
-0.5021512648
-0.6157943797
-0.4509069675
-0.7395137570
-0.6238519143
-0.7260609722
-0.5180797864
-0.8630175565
-0.6163636793
-0.6953775495
-0.7113130426
-0.5933718055
-0.5984327004
-0.6268874719
-0.7871764110
-0.6281286926
-0.6551547746
-0.7115564400
-0.5131562394
-0.6500868587
-0.6375104718
-0.7315720627
-0.5951929381
-0.6651995688
-0.5455198594
-0.4993921306
-0.4542913788
-0.7384907906
-0.5754651336
-0.5254361403
-0.6343245434
-0.5847660045
-0.4588898134
-0.6643789016
-0.6121948222
-0.7166933028
-0.5125550718
-0.6146283573
-0.5804424786
-0.6220281860
-0.4194456986
-0.5496423613
-0.4404952686
-0.5017300861
-0.4976371342
-0.5540038138
-0.5814666396
-0.5076302398
-0.4403999668
-0.5674215471
-0.6377629676
-0.6139577670
-0.4916162479
-0.5631865168
-0.6279118082
-0.5355177896
-0.5542762818
-0.6272796638
-0.6001549036
-0.4565169920
-0.5694446928
-0.5095476001
-0.6316736147
-0.5407244125
-0.5586863814
-0.3945663822
-0.4885515043
-0.6422852250
-0.6223005879
-0.5776432599
-0.4573585379
-0.5716827545
-0.4462422973
-0.5168540719
-0.5829232379
-0.3965059925
-0.4015861411
-0.5880987809
-0.3736518388
-0.4513214999
-0.4661656313
-0.4275906312
-0.3460512952
-0.4665084631
-0.4934535644
-0.3030735138
-0.3314855264
-0.3546574164
-0.4664911803
-0.4607246246
-0.3986168140
-0.4972024094
-0.3778425500
-0.4956415778
-0.4169663962
-0.3856809589
-0.4246892280
-0.4536891885
-0.4446661920
-0.3182935610
-0.4459713398
-0.4736193409
-0.3912998748
-0.3075123007
-0.4100405785
-0.5410361290
-0.5191567171
-0.3556598813
-0.4324109154
-0.4465037407
-0.3032775784
-0.4658979206
-0.4403134617
-0.3775554837
-0.4648546967
-0.4933271044
-0.4227746805
-0.4075317269
-0.3887160622
-0.5299334682
-0.3741226125
-0.2626299617
-0.5000048936
-0.3362482749
-0.3463100638
-0.3803515999
-0.4311319848
-0.4508237182
-0.3312320801
-0.4264663644
-0.3794100655
-0.4073762033
-0.4597655478
-0.3621482558
-0.4987742693
-0.4310262171
-0.1563534692
-0.3741367257
-0.1984338737
-0.4216125286
-0.4011260094
-0.2908651477
-0.5366458927
-0.3182037855
-0.4361708153
-0.3504382096
-0.2509626613
-0.4805078522
-0.3316193377
-0.2405585036
-0.2107451629
-0.3658968932
-0.4162597072
-0.3225540562
-0.3483125714
-0.3390916359
-0.1950098379
-0.4089815301
-0.3270525993
-0.2203479261
-0.3026000473
-0.3217653776
-0.5978487364
-0.3997782402
-0.3464156323
-0.2875574760
-0.1637394514
-0.2603317160
-0.0980853725
-0.3603063613
-0.3618324127
-0.3007300018
-0.4076966532
-0.3969180799
-0.1775127475
-0.2950784379
-0.3828083900
-0.1532324230
-0.2484289389
-0.3428159312
-0.3912513750
-0.1018428109
-0.2256888487
-0.2458560768
-0.3002795359
-0.2969180293
-0.2119303921
-0.2785296730
-0.2667657671
-0.1809986020
-0.3068760374
-0.1809433722
-0.2269640104
-0.2530949325
-0.2249275721
-0.3100095821
-0.2666246410
-0.2710079945
-0.2630444415
-0.3127063721
-0.3321647148
-0.3323462678
-0.2146280700
-0.2004960455
-0.2233943651
-0.1783482419
-0.1962453282
-0.1667339875
-0.3135421553
-0.2066234670
-0.1484445883
-0.1956081214
-0.1857189489
-0.3174015770
-0.2150498769
-0.2393254840
-0.3564852518
-0.2580604571
-0.3307009654
-0.2612623761
-0.2588324995
-0.2142989358
-0.2730810060
-0.2052244204
-0.2489280302
-0.3366282477
-0.2161889267
-0.1987860732
-0.0437897167
-0.3181615359
-0.0983369859
-0.2459439667
-0.0616862693
-0.1001128421
-0.0350358954
-0.1502401918
0.0629152635
-0.2225447756
-0.1287876190
-0.2266828450
-0.0519350595
-0.1782413927
-0.1798209554
-0.1391332023
-0.0334289818
-0.1031932689
-0.0937998473
-0.2158145184
-0.0710422496
-0.2444456083
-0.1228527857
-0.1391619583
-0.2397266901
-0.1299655911
-0.1408841271
-0.0537267029
-0.0947545999
-0.2263749070
-0.1530868024
-0.0391466435
-0.2032946049
-0.0702533299
-0.1068008546
-0.3220214521
-0.1345305197
-0.1331179199
-0.1255680056
-0.0586500417
-0.2333466527
-0.0553763996
0.0087751309
-0.2066658860
-0.1029944850
-0.1158028123
-0.0241656570
0.0754258310
-0.0678763084
-0.0983530377
-0.1213386336
-0.0973554716
-0.1553371915
0.0018945035
-0.0206480143
-0.1310798958
-0.2425417062
0.0132326623
-0.2611095284
-0.0022787473
-0.0338050920
-0.0972757493
-0.0150546622
0.0198511993
-0.2307929656
-0.1529835901
-0.0240477564
0.0233784613
0.0451475718
-0.1389493445
0.1063274404
-0.0817514146
-0.0184738552
-0.0490094853
0.0546165508
-0.0037883378
0.0087496443
-0.0787929566
0.1048850489
-0.0098745827
-0.1138141207
0.1070737743
0.1068911066
-0.0293377775
-0.1080982106
-0.0340667446
-0.0693345374
0.0492151922
0.0260796244
-0.0541601820
0.0454720522
0.1069224097
-0.0076934567
0.0964543885
-0.0363766853
-0.0032168987
-0.1432011959
-0.0662791921
-0.0290448407
0.0145315650
-0.0997515857
-0.0101434929
0.0414384392
0.1797719599
0.0532642045
0.1666377148
0.0363297438
0.0004132659
-0.0548530818
0.0621152341
-0.0152570520
0.1141181272
0.2091391706
0.1172103343
-0.0524872700
-0.0414055230
-0.0237942486
-0.0558471314
-0.1165880043
-0.1430709055
0.1107384096
0.1311790594
-0.0360816966
0.1130906124
0.1066546287
0.0830232597
0.2230513541
0.1301687862
0.0782122881
0.0712195112
-0.0348476064
0.1567810634
-0.0351068156
-0.0098703678
0.0240461062
0.0889851690
0.1408773494
0.1775267577
0.1128864300
0.0870503077
0.0043626690
0.0264144768
0.0623807727
-0.0095431768
0.0627820044
0.1076583475
0.2509858248
0.1656083773
0.1307801545
0.3466008646
0.1834333721
0.1288233913
0.2091212602
0.0510750644
-0.0007873405
0.1868048292
0.2502238255
0.1010425152
0.2386986139
0.1734037033
0.1330563602
0.1582520990
0.0291510801
0.2113661053
0.0904672324
0.2504379541
0.1376701821
0.2282753066
0.0561902653
0.2679207342
0.2167429300
-0.0576459889
0.1101616153
-0.0086869511
0.1799300450
0.1352069217
0.2382212994
0.3717024183
0.1107959240
0.0825053732
0.1391265168
0.0245053557
0.0990870424
0.2127569412
0.2277346770
0.3109070697
0.1604138941
0.1582987230
0.3038807331
0.1910875057
0.1479868493
0.1360677818
0.2483044858
0.2909042769
0.3827197333
0.2115018327
0.2930924904
0.3254088671
0.0676893318
0.2348788132
0.1669293682
0.2808117056
0.2431074930
0.1392312182
0.1063870885
0.1272002245
0.1618720576
0.2405862000
0.2653490871
0.2593125837
0.1462969819
0.2092954842
0.2699772256
0.2842174364
0.1083458050
0.2149745670
0.1920572711
0.1975767280
0.1360363152
0.2203264572
0.1276492583
0.0960956161
0.3472628787
0.3418195577
0.2257410136
0.3390952167
0.2746178658
0.1560253778
0.2138741081
0.2783071457
0.3931697288
0.3224365366
0.4962730017
0.2704793475
0.3451220995
0.3468871339
0.2530964935
0.3693930828
0.3202857340
0.4161712192
0.4751644150
0.3209608001
0.1929849351
0.3410935006
0.3138335864
0.4303476070
0.3418520424
0.2417871957
0.4923176361
0.3174932188
0.3989991366
0.3813288896
0.3065675576
0.4612126391
0.3249697520
0.4148741784
0.3311418144
0.1833943424
0.3133265238
0.3074395255
0.4048056242
0.1624275637
0.4541945729
0.1424431445
0.4183477116
0.2758785787
0.3041387097
0.4829856619
0.2978288851
0.2179015471
0.3383478534
0.4187972109
0.4373949713
0.3920778075
0.4505824325
0.4478932270
0.3167695979
0.3953178581
0.3253529279
0.3707268324
0.3811898357
0.2810493066
0.4233771311
0.3838661687
0.2544514614
0.3543370513
0.3968927685
0.3917071765
0.4587184145
0.3241738299
0.3632065075
0.4173654964
0.4700669252
0.4362958592
0.4211974500
0.4490077552
0.4959980307
0.4688055389
0.3063317768
0.5178930955
0.5296525931
0.4626455266
0.4383493706
0.3311256806
0.4449632255
0.5075795570
0.3339000568
0.4120422575
0.4100885941
0.5771911352
0.5792021277
0.4269730988
0.3886098062
0.3681712552
0.4831362093
0.4793988087
0.5037315999
0.5108720031
0.5622161961
0.5416673791
0.4127762349
0.4403085281
0.5107106744
0.3890844924
0.4809090863
0.4975180509
0.5440076234
0.4792958128
0.3040166039
0.3589892852
0.6135922586
0.4482985290
0.5557078255
0.6116351275
0.3220930868
0.3652598192
0.5389223464
0.6873747989
0.4906011693
0.4746638995
0.4023710828
0.5625683221
0.5048282659
0.4653184916
0.4514371153
0.5505261496
0.2700142810
0.4297705701
0.5769806866
0.7611521760
0.5452658300
0.4589415561
0.5327034566
0.4869934342
0.6505557464
0.5995317370
0.4566837540
0.4428025762
0.5763238112
0.5434654394
0.5475653875
0.6245239847
0.5459411395
0.5790316897
0.7275354399
0.5806637190
0.5780798571
0.6249742190
0.5404182013
0.4178192149
0.5665837514
0.6967648173
0.6445827802
0.5161478786
0.5634277662
0.5220163619
0.5448268381
0.7620496904
0.6062741970
0.5886553580
0.7149609894
0.5647499324
0.4528895684
0.6683123666
0.6354868326
0.5721045962
0.5297335437
0.8297798608
0.7336618534
0.7341533575
0.6626983640
0.5628960351
0.7029069871
0.5655725466
0.6787309203
0.6287069784
0.6645899930
0.5574012130
0.6442727938
0.5758566280
0.6429748517
0.6127013093
0.6305198275
0.6544132810
0.6743653034
0.6844196414
0.7111019005
0.5285582085
0.5696863383
0.6140367483
0.6500467859
0.6181886009
0.6319491746
0.6026589869
0.7008360117
0.5981082773
0.6318539040
0.7491896373
0.5373582875
0.5786757782
0.6889465003
0.6013613247
0.5768347929
0.6407774382
0.5237534662
0.5268569696
0.6919974523
0.6609930134
0.8666581689
0.5984429015
0.5647373374
0.5896770808
0.6295836856
0.6704218713
0.5990242911
0.6956723639
0.6824497750
0.6888336458
0.6865185640
0.6107813486
0.7262900961
0.8733400913
0.7106172411
0.6293125510
0.7825074941
0.8339721732
0.7448164682
0.7070490307
0.7955946519
0.7055086247
0.7151307928
0.7780599050
0.7385837086
0.6199854621
0.8286826771
0.7886867283
0.8206420077
0.7367952804
0.6062155477
0.6322415716
0.5362028020
0.7941663779
0.6648564559
0.7596315895
0.8691086426
0.8630705309
0.8302358587
0.6324624494
0.7413454734
0.8490897309
0.8520256267
0.8156028642
0.7057339055
0.7378828373
0.7947985998
0.8550282927
0.6155832924
0.7955223882
0.8014919575
0.7558579893
0.7849257145
0.6995499938
0.7750977045
0.6881456915
0.7626868300
0.8505968207
0.7982913665
0.7296827018
0.8402420220
0.7889277342
0.8652432395
0.7572951840
0.9584336222
0.8794141586
0.8357452244
0.7577797704
0.7328146119
0.8202722148
0.8602686676
0.8555683141
0.6949386370
0.7017185057
0.7337063801
0.8235887938
0.6935402259
0.7931053723
0.8246547425
1.0092461784
0.8731080851
0.8055378994
0.8120934074
0.9725128505
0.8572369854
0.9105954766
0.8784702673
1.0183605017
0.6862479244
0.9291706538
0.8042512393
0.7930122658
0.9180324677
0.7955276733
0.8376693881
0.7747446346
0.9264984867
0.9887549670
0.8534080375
0.7906402181
0.8204590709
0.9789201986
0.8940816938
0.8755832279
0.9862338338
0.9076464767
0.8981052279
0.9308737000
0.7717726903
0.7821638434
0.8885731236
0.7948847462
0.7718389251
0.8424808375
0.6858742753
0.9021284182
0.9905450153
0.9973531150
0.9307004192
0.8676724926
0.9601030907
1.0580918796
0.9066649076
1.0525402741
0.9216729156
0.9246507449
0.9371196085
0.7239718094
0.9063217206
1.1013427223
0.7799554049
0.9736614100
1.0173272610
0.8008479618
0.9609521043
0.9156465393
0.9968649545
0.9642338859
0.9562390167
0.8755394041
0.9859762699
0.9674333325
1.0618178657
0.9474082742
1.0171080822
1.0287654775
0.9686439111
0.9257779319
0.8654873622
0.8609248975
0.7975287571
0.9448613816
1.0558215535
0.9099051232
0.9459952108
0.9892801989
0.9554484169
0.9281239601
1.0112339543
1.1050229178
1.0154342083
0.9729801452
