-0.9684180090
-0.9486029710
-1.0236091552
-0.9844737358
-1.0376225961
-0.9152807404
-1.0691131458
-1.0083660220
-0.9003987938
-0.9398089518
-0.9595916633
-0.9333572118
-0.9948797504
-0.9574076167
-1.1222208941
-0.9096542586
-0.9862723057
-0.9246589814
-0.9862479346
-1.0878105206
-1.0729724931
-0.8357452457
-0.8506313642
-0.8880387067
-0.8809582638
-0.9253481812
-0.9915048533
-0.8737594266
-0.9397000613
-1.0356370840
-0.8593098814
-0.8393800312
-0.9211476108
-0.6136982612
-0.9468639753
-0.8154955520
-0.8117534944
-0.9890334253
-0.8871125299
-0.9207329212
-0.9597960930
-0.9596465499
-0.7758422159
-0.9320482445
-0.9724405510
-0.8781915938
-0.7543412963
-0.7542860839
-0.9454640928
-0.9148517125
-0.9837677147
-0.8628868836
-0.7641403678
-0.8074937239
-0.9472444300
-0.9873751573
-0.8190442977
-0.9552369224
-0.8452482988
-0.9264617694
-0.7726263949
-0.8944865287
-0.8445702774
-0.8107722227
-0.7536941790
-0.8471379897
-0.9684628535
-0.8721703498
-0.9300288750
-0.8412036788
-0.8421800434
-0.8344923322
-0.8694829673
-0.8873958400
-0.9928252949
-1.0564070451
-0.9392030949
-0.8988232069
-0.9844655633
-0.9654031688
-0.8865274247
-0.7485416504
-0.7322708966
-0.8605201549
-0.7149077933
-0.8040540030
-0.9208801840
-0.8427593876
-0.8065419801
-0.8299622617
-0.8852372171
-0.7856463841
-0.8199784837
-0.9244301316
-0.7730642934
-0.7172641937
-0.7820906428
-0.8477177789
-0.8888940600
-0.9057553295
-0.8884725167
-0.8424847018
-0.7635427312
-0.7290208598
-0.7780114167
-0.7149963701
-0.6427564016
-0.7727160945
-0.7543945827
-0.8183662850
-0.7110634559
-0.7945624403
-0.7636854498
-0.7079642508
-0.8829412262
-0.6530106222
-0.7799009579
-0.7981891567
-0.6415083544
-0.8455582898
-0.6987590805
-0.7096802140
-0.6967750195
-0.6972716855
-0.5842164764
-0.8700768154
-0.7261069880
-0.7424017958
-0.9205219009
-0.7847792111
-0.7263121205
-0.6548383791
-0.7932140965
-0.8094828957
-0.7699395990
-0.6203999981
-0.6941368273
-0.7985115768
-0.7889223251
-0.8356905375
-0.6688755634
-0.7836058674
-0.6144226775
-0.7521670537
-0.6108192349
-0.7235444351
-0.6256840491
-0.7054928207
-0.8906027686
-0.6285639340
-0.5175656911
-0.6713670134
-0.8419938329
-0.7536775210
-0.6856045101
-0.7337901843
-0.5852795418
-0.7870043443
-0.7341056200
-0.6177163284
-0.7460877248
-0.7262842560
-0.7331209788
-0.6330772584
-0.5432770361
-0.6338667766
-0.6039819017
-0.5991185830
-0.6335427692
-0.7115257162
-0.7095688100
-0.5973776307
-0.6278549122
-0.6683521944
-0.6322254948
-0.5906147459
-0.5706523201
-0.6932590146
-0.6959974276
-0.5908964132
-0.6998905649
-0.6128449670
-0.6512166583
-0.6721759377
-0.5522884476
-0.5733255276
-0.8184789021
-0.5056639216
-0.6705645814
-0.6264165880
-0.5979172028
-0.5067834844
-0.6039315549
-0.6048729333
-0.7356312375
-0.7585387435
-0.6502156233
-0.7233112014
-0.6196060241
-0.5759421369
-0.5551677341
-0.7233076383
-0.5328650045
-0.6072681868
-0.5433241620
-0.6381398296
-0.6185905971
-0.5748526728
-0.5886800163
-0.5269588704
-0.5556982159
-0.4720651096
-0.4575758430
-0.6343246325
-0.5628673610
-0.6100464228
-0.4672609443
-0.5722947115
-0.6370784297
-0.6537059188
-0.5751531544
-0.4273472396
-0.5836872284
-0.5558164912
-0.5773070766
-0.5269644741
-0.5889964532
-0.6029811758
-0.5106631022
-0.7200651407
-0.5004574457
-0.5408580728
-0.4202761614
-0.6227975376
-0.5049814100
-0.6154514814
-0.4517910723
-0.5703164900
-0.4920557639
-0.7336208780
-0.6461938517
-0.6568549963
-0.5025698922
-0.6397761505
-0.5691570195
-0.5711362010
-0.3806490820
-0.4780224320
-0.4066425025
-0.5030875564
-0.4586151159
-0.4780578883
-0.4435710279
-0.4983591986
-0.4041445165
-0.5120209846
-0.5921017566
-0.4569823237
-0.4289856329
-0.4584325765
-0.4721534247
-0.4947733887
-0.3349043377
-0.5432453345
-0.4463257648
-0.5088597353
-0.4654317037
-0.4681348432
-0.5447718066
-0.5059413547
-0.3238654820
-0.3996569963
-0.4967271759
-0.5624523776
-0.5128281950
-0.4828848082
-0.3702708182
-0.3072518908
-0.5905612016
-0.4192829005
-0.4346505828
-0.4612004934
-0.4183480784
-0.4159947465
-0.3556164248
-0.3458469481
-0.4059460227
-0.4703453680
-0.4914018713
-0.3398002691
-0.4408392100
-0.4057852157
-0.3074895188
-0.3574412731
-0.4968705155
-0.5396448185
-0.3776066260
-0.3063213005
-0.4166409824
-0.4832741397
-0.3826803819
-0.3655701355
-0.4303130634
-0.5573334083
-0.3678096887
-0.5954714967
-0.4382342892
-0.3077034030
-0.3436263551
-0.3991525282
-0.4759265948
-0.4807293384
-0.3309851975
-0.4681065840
-0.2547739610
-0.4459643078
-0.3440884949
-0.4048629176
-0.3458963977
-0.3541974331
-0.3360097071
-0.4246512349
-0.4492909328
-0.1933022239
-0.4300087411
-0.4183357102
-0.3840072154
-0.4405687903
-0.2523197512
-0.2978829188
-0.1800722312
-0.3211977238
-0.2612906531
-0.3274507110
-0.3548703848
-0.2919974799
-0.2348378867
-0.3011561104
-0.3089250262
-0.2842455453
-0.2734994109
-0.2342224565
-0.2768215665
-0.4492183152
-0.2911232591
-0.3574134840
-0.2613996646
-0.3890079704
-0.2598559123
-0.3771449893
-0.2794778723
-0.3867200107
-0.3787641091
-0.3064916813
-0.3728417780
-0.2754229903
-0.2413789479
-0.2968178123
-0.2692237487
-0.3608184944
-0.2020258682
-0.4201093272
-0.2292373306
-0.2229281027
-0.2179231944
-0.1941447763
-0.3744469246
-0.2669360815
-0.0828379205
-0.3498128654
-0.2095986488
-0.2674454017
-0.1193810278
-0.2923793985
-0.2252266294
-0.2198500370
-0.3195661834
-0.2470198493
-0.1329484825
-0.2716305941
-0.1464952527
-0.1409119291
-0.1747583204
-0.0872497343
-0.2448382022
-0.2372226095
-0.2415055247
-0.0702041166
-0.2838126736
-0.2971992532
-0.1347559289
-0.2731094145
-0.2942268836
-0.2418093797
-0.2329863500
-0.1672619521
-0.2797660785
-0.2560201255
-0.3045655924
-0.1869358412
-0.2826538322
-0.1947498096
-0.1755598561
-0.3391402789
-0.0665128929
-0.2071178498
-0.0773892451
-0.2424234768
-0.3540843290
-0.1613962588
-0.0511314064
-0.2232104429
-0.1019406423
-0.2280310694
-0.0986678328
-0.1881728802
-0.2854736528
-0.0145622006
-0.1930411534
-0.2649756346
-0.2776671049
-0.2028500689
-0.0932975058
-0.3094719736
-0.0674328243
-0.2556215834
-0.1773402617
-0.1625556449
-0.2272483020
-0.0077972561
-0.2119580540
-0.2686370451
-0.1865417740
0.0090394504
-0.0466479108
-0.0685150031
-0.1756340853
-0.0701763106
-0.1434740250
-0.0546336654
-0.0728290162
-0.1625196026
-0.2054730437
-0.2107647593
-0.2008924139
-0.0943605083
-0.1579610052
-0.0944091634
-0.0349501449
-0.1735277293
-0.1465025703
-0.1801674687
-0.0325095582
-0.1218777890
-0.0621547671
0.0315325778
0.1188541986
-0.0088922778
-0.0347069180
-0.1100543705
-0.0380622028
-0.1284462431
-0.2334888688
-0.0285480346
-0.0646768073
-0.0277397294
-0.0355299221
0.0549162833
0.0027584028
-0.0004783389
0.0503684269
0.0084336658
-0.1340641937
-0.0227388345
-0.0367801486
-0.0068199983
-0.0523671841
0.0429024052
-0.0488036237
-0.1540408736
-0.0750225206
-0.0595637837
-0.0675836383
0.0782095188
-0.1344512101
0.0427387365
0.1008234709
-0.1025832241
0.0809190383
0.0431050584
0.0623348344
0.1087654585
-0.0370446303
0.0653359842
0.0800808102
0.0037471262
-0.0237844765
0.0011031645
0.0067473956
0.0456592384
0.0181350401
0.0677396827
-0.1909845893
0.0561421895
0.1257937954
0.0160923975
0.1554930840
0.1149356902
-0.1276951496
0.0453052128
0.1378210168
0.1362245917
0.0341979126
-0.0124333312
0.1018891715
0.2433010245
-0.1115842617
-0.0038395513
0.0183951867
0.0502456267
0.1751293092
-0.0066383188
0.0572752799
-0.1274458000
0.1935691903
0.0354282783
0.0265664505
0.0151403191
-0.0063881366
0.0634827610
0.0564662413
0.1552276172
0.1430039017
0.1990628056
-0.0173957391
0.0565896685
0.1096814687
0.0140698508
0.1121978632
0.0793579833
0.0628033686
0.0971190770
0.0865854705
0.1481151422
-0.0152915717
0.0047778039
0.1605746584
0.0341073266
0.0628498681
0.1122357509
0.2486577408
0.0985790679
0.1789902403
0.0738616988
0.0807480372
0.0977220501
0.1425391558
0.1999179197
0.1743096458
0.1587971667
0.0857884577
0.2708064168
0.1211072147
-0.0205332550
0.1375292460
0.1388717846
0.0891333235
0.1739628657
0.1512825104
0.1370183024
0.0637238012
0.1115746388
0.1535387501
0.2854925968
0.0966806226
0.1162756404
0.1913759134
0.1428762856
0.2058504236
0.1139702805
0.1344121988
0.1726412811
0.0417108735
0.1314167710
0.1314903885
0.1201608951
0.1589386486
-0.0767592007
0.2419380018
0.2937783561
0.0873472898
0.2429944625
0.1124686362
0.0865509955
0.1326083792
0.3421978073
0.2084061469
0.2188598319
0.3328131416
0.2175599890
0.1714778851
0.2557926158
0.0320410905
0.3089756185
0.2356437113
0.2041464782
0.2701324403
0.3322547054
0.2791504754
0.2360826433
0.1777195950
0.1799374507
0.0763077672
0.2637265031
0.2178992511
0.2817466963
0.3095564486
0.3824593511
0.1008045634
0.1127804216
0.3037092749
0.2780475238
0.3397207497
0.1860175904
0.1485078972
0.2817890966
0.1753529409
0.2697583563
0.2839571024
0.2560002082
0.2077906965
0.2967536149
0.3369707199
0.3518224940
0.3791097507
0.2095304741
0.3103861056
0.2330944568
0.1807252470
0.1480882975
0.3387771933
0.0961017118
0.4121491659
0.1774496485
0.2700320106
0.4239020898
0.2359020148
0.4049384210
0.3871811630
0.3902446130
0.2709659720
0.1170626378
0.2841782798
0.1695308096
0.2501456738
0.2425282543
0.3033231755
0.2930539570
0.2630764409
0.4045213187
0.4056669051
0.3820398410
0.2475127123
0.5118758617
0.3136165371
0.4791930019
0.3492140538
0.2352677527
0.3889280188
0.3351325649
0.3142418896
0.4239765253
0.1952172567
0.2633010566
0.3620414539
0.4333996116
0.2970908952
0.3864816933
0.3535155755
0.2744743605
0.3264940480
0.4132052651
0.3069647586
0.3477642234
0.3799695466
0.4952146224
0.2682797621
0.1918229040
0.4035877811
0.4170971164
0.4386366717
0.2564128292
0.2786984262
0.3696260135
0.4144851880
0.3829722009
0.2677833191
0.4529296435
0.3264738850
0.3318691137
0.4334490763
0.4682927185
0.3589428767
0.3472256994
0.4102108234
0.2675533143
0.4249697838
0.4992687984
0.4562811484
0.3939308387
0.4063420267
0.4346361762
0.5070877990
0.4166377918
0.4172230674
0.5035213606
0.4703785624
0.3756237125
0.4706650927
0.4366595385
0.4081840857
0.5175781307
0.3980035808
0.4883215446
0.4982729318
0.3430395948
0.4746866901
0.4401665812
0.5082439253
0.4550686607
0.4566517427
0.4423815624
0.4247797345
0.4397960858
0.4434693065
0.4456009358
0.4814844621
0.3776843824
0.5298124604
0.4755316193
0.3061599475
0.3835889050
0.4455603902
0.4168574860
0.4034441726
0.5182747729
0.3398103751
0.4260092799
0.3570270938
0.5251599822
0.4725063787
0.5719610924
0.5929035070
0.4332166610
0.5461312794
0.5970516028
0.3999937838
0.4595557029
0.5651031473
0.6459701966
0.4267999937
0.6354035964
0.6157550825
0.5041741756
0.5517579074
0.5966009542
0.4561491531
0.4211603791
0.5509827343
0.4864696012
0.5154321274
0.4993528393
0.5150403842
0.6500211814
0.5232524749
0.5615022914
0.4445227735
0.6061394680
0.5122842567
0.5558036028
0.5218326641
0.6236029882
0.5621132087
0.5769674370
0.4580460324
0.6614636910
0.5556749533
0.4911458597
0.4506865890
0.7052980306
0.4693754827
0.5933584391
0.6364676220
0.6814397837
0.7211559612
0.5441101886
0.4815873350
0.5697586017
0.5329814940
0.5897563623
0.6113521586
0.5510838645
0.7941118225
0.6740481599
0.5656721104
0.6192595236
0.5552094905
0.6669848635
0.5833437093
0.7345239421
0.7725008707
0.5952983251
0.5915911631
0.5922252193
0.7104063560
0.7901831716
0.5956540453
0.6247573871
0.6370661362
0.5948338899
0.7699125817
0.6155287938
0.6437274185
0.6176384563
0.7695218054
0.7211877653
0.6801166565
0.6209741126
0.6254170064
0.7904012974
0.7120886251
0.6378842556
0.6765803783
0.5346014550
0.7250422739
0.6168204491
0.6455196534
0.7865458075
0.6077364115
0.6619470361
0.7085149259
0.7423794195
0.6495774904
0.8473164008
0.6508580266
0.7016617226
0.7117116657
0.5503850377
0.8026635272
0.7505775149
0.6448466112
0.6477784132
0.6331230127
0.6532686967
0.6243487676
0.6492780536
0.7989244979
0.7370536425
0.6906484907
0.7778678956
0.7539398658
0.7640195294
0.7479394477
0.7873001931
0.6936678469
0.7572525582
0.5931860602
0.8047256816
0.7188346492
0.6014494743
0.7689107012
0.7067778642
0.8397461876
0.7638448421
0.8371356918
0.7312689279
0.7156177184
1.0095443379
0.7158465531
0.8260634821
0.7684543131
0.8381920285
0.7158605383
0.7125177391
0.7510542920
0.8801203667
0.6636609315
0.6680875269
0.8313391916
0.8535001654
0.8527910798
0.6987206839
0.8295893997
0.7680417344
0.8418575139
0.6874482577
0.8639707924
0.7963254096
0.8834405400
0.8959102802
0.7860061340
0.7803650170
0.8539986787
0.6978860547
0.7840760702
0.8807771165
0.8042017947
0.8051119362
0.8111436452
0.7701424764
0.6867728401
0.7640113464
0.8150042377
0.9162203300
0.8013477968
0.8224411612
0.8740669862
0.8209522308
0.8423540590
0.7877671593
0.6970254731
0.7633568315
0.7168736270
0.8557560136
0.8429613601
0.8103124539
0.9459135713
0.7672868729
0.8560102349
0.7330924731
0.8650913087
0.8468521646
0.8793161381
0.7884332635
0.9484018663
0.8494712676
0.9467135082
0.9241216199
0.7996405991
0.8483787475
0.9386530140
1.0704942470
0.9348919417
0.8807034056
0.8625995929
1.0149551953
0.7927721439
0.8304669991
0.9217867227
0.9811942934
0.9230358891
0.9722536149
0.8528839499
0.9835876210
0.8586914662
0.8030858182
0.8057644868
0.9270908270
0.9553288450
0.8271715446
1.0477546423
0.7290867514
0.8549700265
1.0766810688
0.9807667745
1.0589296825
0.9886333584
1.0366161874
0.8548759741
0.9798003742
0.9255611826
1.1935711867
0.8926877298
0.8486274829
1.1088446415
1.0026890051
0.9953366970
0.9974553237
1.0507697643
0.9539315698
1.0275093609
1.0340865262
0.9386493251
0.8243849797
0.9613273897
0.8555848467
0.9054227147
0.9924520081
1.0736059669
1.0150871184
1.0001292378
1.0222269273
1.0008674562
0.8841060554
0.9077936495
0.9730111723
1.0164241784
1.0247531369
1.0673835816
0.9731635017
