-1.1310183287
-1.0933844830
-1.0006958612
-0.9956093576
-0.9943225544
-1.1006809431
-1.0691337219
-0.9038199658
-1.0525241991
-0.9838903070
-0.9185232464
-0.8261273200
-0.9021754355
-1.0162534546
-1.0465420540
-0.9109725336
-0.9335657614
-0.8575690896
-1.0308825136
-0.9673013576
-0.9021136240
-0.9387285819
-1.0408518408
-0.7741407855
-0.9412352305
-0.8475314920
-1.0245498059
-0.9737972487
-0.9550916215
-0.9736624898
-0.9582663551
-0.8247284174
-0.9338910269
-1.0963021764
-0.7763127078
-0.8581061630
-0.9659300438
-1.1171639934
-0.8840083063
-0.8821882335
-0.6709212781
-0.8306192077
-0.9068127404
-0.9685377954
-0.7656237134
-0.8553185636
-0.9003971262
-0.8751998608
-0.9936783414
-0.9297606158
-0.8917083064
-1.0754630607
-0.8705538962
-0.8368421654
-0.8959110628
-0.7985203706
-0.8799607839
-0.9824031373
-0.8580919424
-0.8826103137
-0.9302672518
-0.8780458538
-1.0513127956
-0.9540362021
-0.8572134203
-0.7943510202
-0.7754747533
-0.7487894985
-0.8759611685
-0.9286928857
-0.8230117313
-0.9402610189
-0.7883562726
-0.9560568979
-0.8889270088
-0.9138855047
-0.7379022965
-0.7998699977
-0.8973814245
-0.9739021850
-0.7755537904
-0.9802778063
-1.0519519583
-0.8949656230
-0.8785923587
-0.8103463497
-0.6767710265
-0.9073047543
-0.8469587608
-0.7455641204
-0.8245461470
-0.8541762179
-0.7516006637
-0.8166528412
-0.7520891154
-0.7486779718
-0.8031040799
-0.8287348469
-0.6683239405
-0.8474102356
-0.7121733054
-0.7447445693
-0.7243223242
-0.7686769850
-0.7532362717
-0.9114698779
-0.7799786217
-0.7196203695
-0.7855406240
-0.7348185879
-0.9055821474
-0.6487502809
-0.7963949530
-0.7630254197
-0.6608465233
-0.8132092342
-0.7321777549
-0.6006389155
-0.8635188303
-0.7803678052
-0.7494869499
-0.7891197484
-0.9247713566
-0.7222823936
-0.8394798676
-0.8230307329
-0.6393067113
-0.7008075644
-0.8254005941
-0.7611939411
-0.8418820469
-0.8467828508
-0.7334200706
-0.7196371242
-0.6301855143
-0.6802550762
-0.6821751251
-0.8145359286
-0.5689016131
-0.7657397576
-0.7402189826
-0.7170277955
-0.7109385397
-0.7353274468
-0.6716582120
-0.8513224717
-0.5075989950
-0.6114826883
-0.7188644206
-0.8120848226
-0.7315807309
-0.6293358194
-0.6160029147
-0.6136602853
-0.5989318461
-0.5602471135
-0.6294952854
-0.7859061167
-0.5616813847
-0.7570343261
-0.6233495455
-0.8446799951
-0.7496044215
-0.8688212587
-0.7828926007
-0.5643000504
-0.7092208384
-0.7476371972
-0.6725657528
-0.6709817241
-0.7108003948
-0.5822544118
-0.4907213157
-0.5768980963
-0.6567810056
-0.6339132353
-0.6275462284
-0.8199246590
-0.5757256900
-0.5502910791
-0.7290432851
-0.6997110555
-0.7009987629
-0.5140849964
-0.6045845941
-0.6487458600
-0.6062514260
-0.5534524586
-0.7215457803
-0.6444905506
-0.5663982747
-0.6428890373
-0.6420439416
-0.6490675146
-0.5899745299
-0.6794067861
-0.6201920117
-0.7008305510
-0.6936195745
-0.6635728272
-0.6755198971
-0.6624297763
-0.7012716191
-0.4841389548
-0.3647458348
-0.5454211141
-0.5987795735
-0.6005606421
-0.5419620422
-0.6615489904
-0.5448226564
-0.4896997198
-0.5784766255
-0.6121239774
-0.6693787915
-0.3953421035
-0.5392753415
-0.4320249367
-0.6689906496
-0.5497888247
-0.4868719077
-0.6406636643
-0.4627887625
-0.5856277578
-0.5353488377
-0.5753697162
-0.5755718623
-0.4525288043
-0.5698781782
-0.5348862278
-0.5600232608
-0.3727965397
-0.6694651541
-0.6407013512
-0.6039046841
-0.5793605140
-0.4036788368
-0.4678402861
-0.6049925032
-0.6369062698
-0.5030533185
-0.5141215069
-0.6058332499
-0.5433773378
-0.5128543700
-0.5192819522
-0.5070286691
-0.4634008467
-0.5183801522
-0.5160123427
-0.6445627946
-0.5119346038
-0.5114270664
-0.5622482061
-0.4994154510
-0.5535932812
-0.6200786631
-0.4391577597
-0.5995992468
-0.4374166004
-0.3617811588
-0.5041432748
-0.5850450327
-0.5203190159
-0.4294117702
-0.6194364146
-0.5047846191
-0.5751280848
-0.4747092594
-0.4761045999
-0.4995455050
-0.4363123812
-0.4301559016
-0.3967473320
-0.5625517106
-0.3754197650
-0.4228026193
-0.4224750098
-0.4849536832
-0.3065050745
-0.5577668483
-0.4927237617
-0.3897490068
-0.3620395652
-0.3477619187
-0.6238237974
-0.4386484699
-0.5664209167
-0.5189447829
-0.4197878298
-0.4485297411
-0.4111974708
-0.3524439079
-0.4589589818
-0.3958244603
-0.5537422872
-0.4131880031
-0.3069377630
-0.3791651606
-0.3507173154
-0.4175741567
-0.4399856369
-0.3829236935
-0.3210261322
-0.4504740277
-0.4571582713
-0.3945041460
-0.3689926799
-0.5036121686
-0.2947375245
-0.4771975729
-0.3610765960
-0.4965788927
-0.4652609906
-0.3831470755
-0.3044494729
-0.3680457887
-0.2055559267
-0.4280007249
-0.4167612109
-0.2629760001
-0.3046100230
-0.3248201669
-0.2959738230
-0.4000360216
-0.2842322465
-0.5257161363
-0.4192431279
-0.3490902342
-0.2116646834
-0.2266538237
-0.3010204041
-0.2954709701
-0.4143078787
-0.4581262750
-0.1517651492
-0.2394453564
-0.4039401428
-0.2751697715
-0.3330212834
-0.3841147332
-0.4437253496
-0.4422495940
-0.2976775814
-0.2943654762
-0.3308311816
-0.4436590782
-0.3605812726
-0.3841387151
-0.1202204639
-0.2210385362
-0.3417508371
-0.2038799499
-0.3849950935
-0.2337411618
-0.3288067893
-0.3724595632
-0.1380883890
-0.2845660904
-0.3005898423
-0.3620427709
-0.2992963431
-0.3107311705
-0.3701013901
-0.3189486466
-0.3858140121
-0.2190549203
-0.3717523666
-0.3665734911
-0.4122848217
-0.2361451389
-0.3342928003
-0.2696601204
-0.2253415412
-0.2872481809
-0.1940577988
-0.2357186885
-0.2332558745
-0.2354838306
-0.2580653835
-0.2898210084
-0.1667176776
-0.2080933893
-0.2317918780
-0.2163959977
-0.0764126862
-0.2470142034
-0.3379732480
-0.2675861766
-0.2269235700
-0.2848509671
-0.2259781967
-0.1464090600
-0.1076539600
-0.3949763816
-0.2204950614
-0.2221913563
-0.0753907940
-0.0584176346
-0.1673657891
-0.3240538681
-0.3238852937
-0.2329439649
-0.3297011591
-0.2038184775
-0.2340080881
-0.1370901143
-0.2500524814
-0.0851701269
-0.1597742087
-0.2293376760
-0.0461319965
-0.1483945284
-0.1366237866
-0.1530385590
-0.2266751372
-0.1780145847
-0.0905379983
-0.1398409619
-0.2581667358
-0.2351476923
-0.1619591671
-0.2055391693
-0.2405961997
-0.1211807633
-0.1851522980
-0.0025366138
-0.2733281875
-0.0757294477
-0.1609366672
-0.2098676870
0.0351662602
-0.0562367325
-0.0727560976
-0.0345234551
-0.1001329266
-0.1572293859
-0.1728784936
-0.2432733947
-0.0634976875
-0.1514499660
-0.1876217062
-0.0388485796
-0.0989647286
-0.0906211293
-0.1762680454
-0.0627707944
0.0279015508
-0.1553403841
-0.1017359957
-0.1538290062
0.0105420461
-0.0515466324
-0.0558566533
-0.0162882159
-0.0343105000
-0.0583065470
-0.0586182931
-0.0432056205
-0.0333172924
-0.0378296139
-0.0064750235
0.0089483270
-0.0491340686
-0.0141886825
0.0372729278
-0.1247504269
-0.1397347010
-0.1275985946
-0.1487258802
-0.0569094706
-0.0236453227
-0.0064535863
-0.1404248688
0.1431459732
0.0061235488
-0.0099547961
-0.0702933754
-0.0916843393
-0.2137679033
-0.0603245429
0.1265671735
0.0001623962
0.0532242571
-0.1553121333
-0.0938754317
-0.0365650519
-0.0018562773
-0.1212016603
-0.0348452687
-0.0482564236
-0.0328614027
-0.0471958483
0.0238661411
0.0282571685
0.0051992100
0.0852853174
-0.0631251340
-0.1029264745
-0.1015492686
0.0927649731
0.0095874980
-0.0718495859
-0.0169568485
-0.0786560805
0.0493787462
-0.0084748963
-0.0424606635
0.0536126074
-0.0844634558
0.0170717739
-0.0343621254
0.0626694240
0.1482854182
-0.1051343391
0.1020725078
0.0471359758
-0.0112130089
0.0437023863
0.2228713007
0.0763405214
0.0171876286
0.1279262714
0.0720865907
0.0636830622
0.1962916688
0.1179717812
-0.0400919998
0.1376016311
0.1859100234
-0.0545843543
0.0720552894
0.1617445536
0.0635719470
0.2548177373
0.0989154430
-0.0045968349
0.0196204267
-0.0056491143
0.0117406011
-0.1409569552
0.0811994844
0.0477908328
0.0213923730
0.0056138824
-0.0040864795
0.2795334791
-0.0485388960
0.1357952068
-0.1387903457
-0.0626867296
0.0334688472
0.1035028145
0.1215552840
-0.0426147349
0.0884144214
0.2023118737
0.2090511259
0.1667239069
0.1409949040
0.1037994386
0.1343999477
0.1483957586
0.0721678765
0.1957619139
0.1711061242
0.1433521405
0.2998720351
0.1557670243
0.2038218803
0.1301465004
0.0411544279
0.3491950744
0.1080231400
0.1300580359
0.1780311567
0.1108571539
0.1989869353
0.2166492257
0.1731946949
0.1976119344
0.0788271567
0.2295990880
0.2129122703
0.0494306251
0.0451550047
0.1782154139
0.1842590704
0.0929207818
0.2220000549
0.1651758193
0.1604699177
0.2030060052
0.2194009962
0.2715039300
0.1175927207
0.2968916970
0.1145280521
0.4054973794
0.1475546914
0.2790316918
0.2744078265
0.1721294587
0.2782918641
0.2465920452
0.1148896408
0.4282886696
0.3073300370
0.2102036456
0.2948723988
0.1919532614
0.2439074397
0.1567158567
0.2325937370
0.2854841662
0.3276708612
0.0269760156
0.2056745021
0.2172553425
0.1797711277
0.2002153082
0.2482727464
0.2680077851
0.2466791314
0.3276838432
0.4236710832
0.2470051097
0.2269971271
0.1409029599
0.2858706171
0.3528383970
0.2275985039
0.2065363759
0.2337984983
0.3241674739
0.3223964302
0.3649782074
0.4549053009
0.2611038354
0.3629868572
0.2901189232
0.4017206629
0.4224960285
0.2901282618
0.2642933360
0.3563886099
0.1485468430
0.2893450482
0.3339819575
0.3691631372
0.3129289618
0.1464910378
0.2923398234
0.2637630661
0.3032044779
0.1476582077
0.2746765186
0.2081381655
0.2743074722
0.1273927205
0.2474049885
0.2545076409
0.2558473636
0.4263561773
0.2588843149
0.3762912077
0.4234181123
0.3190631836
0.3945899143
0.3130540296
0.4455502144
0.3081210260
0.3620648391
0.3581565215
0.3189029004
0.3938328949
0.3330959977
0.4153787372
0.2695852876
0.4478850377
0.3412926429
0.3005494226
0.4651423896
0.3458747827
0.5577144281
0.4728507214
0.3298807984
0.2836589747
0.3370238927
0.4164374644
0.3334634353
0.3670823468
0.3692260919
0.4367393993
0.4059003603
0.2516718974
0.1846398528
0.3986089271
0.5388750302
0.4305707285
0.4752470765
0.3357323949
0.3800359111
0.4993830405
0.3679934745
0.3625834535
0.2357330949
0.3873640972
0.3799088790
0.4357126882
0.4524084421
0.3851461562
0.5348713317
0.4758852197
0.4713858823
0.3936959763
0.4863363150
0.2672345410
0.4998431839
0.4119728355
0.4327146449
0.5000146898
0.4379422287
0.4969240936
0.4000016612
0.3268518839
0.4378790710
0.4444797920
0.3587244717
0.5125385880
0.4240473404
0.6430761405
0.4122566908
0.5371633348
0.4200542023
0.4432247646
0.4183271741
0.4793711338
0.5044900709
0.4092394558
0.5639122801
0.3167452085
0.4660442216
0.4519895246
0.4939284429
0.4576245762
0.4204041939
0.4997964038
0.4680559640
0.4414079165
0.4478356667
0.5095183264
0.4328953668
0.4559445689
0.5006334895
0.3721197040
0.4142028986
0.4798911471
0.3596998965
0.6205416493
0.4537793310
0.5997384938
0.5249374843
0.5082843509
0.5673634368
0.4749334824
0.4046313178
0.6634845086
0.3934120091
0.4772531372
0.4983765660
0.5367265071
0.5536787413
0.5229822004
0.6521127747
0.4880406391
0.5136491416
0.6233962207
0.4516023009
0.6047968542
0.5955698386
0.6507905529
0.5200381416
0.4000092727
0.6797921194
0.5570468381
0.6188574174
0.6257749703
0.5320118100
0.6750429673
0.5200740353
0.6501530012
0.6077251523
0.5866235244
0.6949720205
0.4736640793
0.5617903177
0.4917230911
0.4802986858
0.7116788286
0.6151697037
0.6263158926
0.5904061226
0.6793721582
0.6382104166
0.5458283009
0.6008313172
0.6394115630
0.6365073349
0.5972470543
0.6702025413
0.7943823696
0.4616998661
0.6019897157
0.6974659733
0.7499674824
0.5128096283
0.6992761573
0.6017392185
0.5950982550
0.5712092148
0.6414474271
0.5994104419
0.7625512242
0.8803538420
0.5256497773
0.6298145096
0.5326960342
0.6936414992
0.7420384902
0.7114043532
0.6302365110
0.6768135067
0.6884411747
0.6085088897
0.7520142167
0.7060802135
0.6739516333
0.8009750461
0.7455908664
0.6299161304
0.6852060102
0.7619328540
0.6764794836
0.7382368508
0.5897471635
0.6051909548
0.6792331734
0.6656974363
0.8205228340
0.7384974599
0.8529467315
0.6783971208
0.7015359822
0.6071020699
0.5406218157
0.6715132438
0.7360833982
0.8052386762
0.7457967507
0.4799481516
0.6606700620
0.8365745543
0.7106136384
0.8355616961
0.7334564888
0.7636025301
0.8828191022
0.6382715068
0.6672071004
0.8223098628
0.6745298701
0.7463827093
0.6819667544
0.7529989391
0.6251065229
0.8086424654
0.7018892994
0.5865860020
0.6368500431
0.7102468572
0.8070230007
0.7136440018
0.7372972873
0.7378659794
0.7766458852
0.8744393072
0.7282548342
0.7945548492
0.8363278256
0.6945412871
0.7981852363
0.7980189010
0.7956488101
0.8814126598
0.8046112975
0.6689688206
0.7468430141
0.7484336502
0.6838908975
0.7957807526
0.7201267512
0.8385557415
0.8245762325
0.7961308840
0.7980523302
0.9518443565
0.8428872245
0.9945080346
0.8434001918
0.6234976218
0.7998425081
0.7747172785
0.8470597464
0.7817886415
0.7971675109
0.8521243970
0.8840780989
0.6987045806
0.8121140605
0.9870273855
0.8444313301
0.9598889154
0.8152666415
0.9322956323
0.9339983093
0.6966088652
0.7662570489
0.8307462498
0.9452776204
0.8695814926
0.9659326251
0.9728105152
0.8167291191
0.7988179461
0.7729989702
0.8472398379
1.0593728399
0.9987772952
0.9926925329
0.8114931888
0.8662074422
0.9926471187
0.9876468184
0.8275601885
0.9017146480
0.8340511454
0.8922766025
0.8586195886
0.8242671326
1.0077463032
0.8688141960
1.1815992183
0.9826716824
0.8254390468
0.9708505755
1.0626269315
1.0383243265
0.9117832657
0.9331575366
0.8614599729
0.9698335909
0.8786345089
0.8553583320
0.9728331012
0.8422866699
0.9121696726
0.7954830956
0.9646574143
0.9514642943
1.0799333572
0.9936094074
0.9000338450
0.9090531067
0.8175914616
0.9009753216
1.1127295025
0.9390184955
1.0996126731
1.0530581420
1.0627350350
1.0886122356
1.0097444802
0.9551570566
0.9917593019
1.0061760133
1.0519505889
0.9312707703
1.0846909098
0.9633298207
1.0427546176
1.0827737414
1.1246972016
1.0371779335
0.9771836068
1.0720385532
0.9213723558
1.0394810822
1.0923821444
1.0843588243
