-0.8911946843
-1.0234309581
-0.9979148142
-0.9289285255
-0.9655861919
-0.9174360345
-1.0229636863
-0.9075028911
-0.9685293351
-0.9907062880
-1.0292981553
-0.9744910044
-1.0905680416
-0.9879023901
-0.9534244721
-0.9433677705
-1.0235529967
-1.0257376665
-0.8897289002
-0.7439781330
-1.0074922428
-0.8785217500
-0.9245525899
-0.9982777585
-0.9093300577
-0.8928353644
-0.9773776640
-0.8034275282
-0.9864192651
-0.9190270138
-0.9782251593
-0.8452223778
-0.7785389003
-1.0360838665
-0.8526278195
-1.0282008551
-0.9150931288
-0.8086888336
-0.7624027071
-0.7950873948
-0.8976222368
-0.7555609199
-1.0395020766
-0.9369612159
-0.9361148623
-0.7051015144
-0.8472686539
-0.8489535309
-0.9382527096
-0.7863045220
-0.7720939795
-0.8996512567
-0.9451814890
-0.8376949639
-0.8465261184
-0.9770626186
-1.0538443194
-0.7983108931
-0.9758887113
-0.7818282413
-0.8339828186
-0.9912504051
-0.8548539171
-0.8108355530
-0.9228800975
-0.9149404002
-0.8550041110
-0.9146221241
-0.9093959157
-0.8251500647
-0.9294501886
-0.7681789340
-0.7293630749
-0.7549940374
-0.9749552896
-0.9448189141
-0.7977023425
-0.8483124685
-0.8507618478
-0.7746576811
-0.7995437302
-0.7542431547
-0.7854425830
-0.9885946598
-0.7595656140
-0.7300446559
-0.7990411335
-0.9621867295
-0.9625960388
-0.7942266384
-0.8311536286
-0.5358044548
-0.6549579776
-0.8778916940
-0.9242417022
-0.7720526510
-0.7917574292
-0.8127618956
-0.8242366207
-0.8156361859
-0.8647663838
-0.8327669107
-0.7448931026
-0.8789365458
-0.8537490548
-0.8164968968
-0.8929616524
-0.9674534081
-0.9020959629
-0.7310371698
-0.8388488338
-0.8529184052
-0.7447053066
-0.8300610006
-0.8541985421
-0.6811310450
-0.6855986835
-0.6106427470
-0.8272399152
-0.6087681784
-0.6049886558
-0.7024502551
-0.8133798426
-0.6668428937
-0.7380533285
-0.5760127464
-0.5896327332
-0.6236849130
-0.9263928917
-0.7185163584
-0.6923231528
-0.6745513111
-0.7178881337
-0.7260823630
-0.7022870211
-0.7738487148
-0.6080176453
-0.6793387737
-0.7155395084
-0.6603096436
-0.7929063247
-0.6836834541
-0.7050157050
-0.7903825145
-0.6164302028
-0.7911791187
-0.6848985317
-0.7495626555
-0.7674431453
-0.5070913662
-0.7027236792
-0.8074295539
-0.5511808743
-0.6501843415
-0.6718576902
-0.6586882510
-0.7451930739
-0.5910908461
-0.7195881598
-0.8059329270
-0.7990427589
-0.6058121217
-0.5369607157
-0.6933035801
-0.5867252847
-0.7323058281
-0.7393317836
-0.6884618170
-0.6142952122
-0.7878833083
-0.7135945084
-0.6433092080
-0.6818401157
-0.6338429740
-0.5844621485
-0.6855752319
-0.6584257998
-0.6252842685
-0.6444454107
-0.5891235952
-0.6187590087
-0.5207874487
-0.7039805178
-0.5704358945
-0.7404817315
-0.7285852448
-0.5320397490
-0.6382060163
-0.6008526130
-0.6929298506
-0.6845595009
-0.6823661382
-0.7063791007
-0.6952188138
-0.6689375674
-0.5711617246
-0.6122210262
-0.4620512455
-0.5961837780
-0.5750184638
-0.5101913963
-0.5397205594
-0.4864524234
-0.5157031379
-0.6048281780
-0.5512209430
-0.6780171180
-0.5065509354
-0.5703339372
-0.5450039519
-0.8186844200
-0.6665522558
-0.6123718804
-0.6029625216
-0.3822462735
-0.4465130600
-0.5095681948
-0.5320312950
-0.5541094133
-0.5914540998
-0.6217457534
-0.6256875391
-0.5021485255
-0.5284957112
-0.6052482532
-0.5104247694
-0.6350649059
-0.4828745282
-0.5708202036
-0.5061846800
-0.3414889429
-0.6092910525
-0.6000289248
-0.6032245778
-0.6082269508
-0.5309745926
-0.4947283013
-0.4798072239
-0.5488452490
-0.5225979843
-0.5451804897
-0.6039075312
-0.4475346255
-0.4868161881
-0.5111542466
-0.5463140424
-0.5593058719
-0.5346054939
-0.4650480617
-0.5442479110
-0.4303840165
-0.5350405582
-0.4455719158
-0.5144975822
-0.5469366383
-0.5002791414
-0.3102278605
-0.4594492090
-0.5682147029
-0.3916910193
-0.3555961273
-0.4445619627
-0.4665264694
-0.3624071954
-0.5225871567
-0.5969092862
-0.5093252086
-0.5240752840
-0.3960590917
-0.3923002142
-0.3665779854
-0.3849655638
-0.4245690240
-0.4454548832
-0.5879269872
-0.5331193341
-0.3882790392
-0.4586327848
-0.4371979470
-0.3802505959
-0.3119257351
-0.5400391678
-0.3658485855
-0.3429490478
-0.4783839313
-0.4004538873
-0.4169696611
-0.4024745019
-0.4544345043
-0.4212271069
-0.4918812297
-0.4958470909
-0.5286409320
-0.3717970591
-0.5638594474
-0.3230023730
-0.3504942174
-0.4440367544
-0.2927049810
-0.3670425467
-0.3735583162
-0.4342094773
-0.4266290851
-0.2956908209
-0.2573435086
-0.4565982788
-0.3811583411
-0.4254176000
-0.3424547341
-0.2948030486
-0.4834135986
-0.3935863685
-0.4820137824
-0.3206257489
-0.3709854516
-0.3118992103
-0.5432077859
-0.2664176275
-0.4074595269
-0.2476717686
-0.2829782466
-0.3241184503
-0.2551064227
-0.2938273339
-0.2872280579
-0.3764470760
-0.3766585795
-0.5302021157
-0.3444798499
-0.2856855228
-0.2646585490
-0.4317855778
-0.3469036252
-0.4352868066
-0.3411925500
-0.2256760159
-0.4205029349
-0.3299101043
-0.2611194884
-0.3250925797
-0.3529615233
-0.1715102299
-0.2205706988
-0.1009418383
-0.4291584044
-0.3761875502
-0.3134187819
-0.3071964540
-0.2753437858
-0.3171289940
-0.2944196215
-0.3587109073
-0.2172704186
-0.2102393601
-0.3652363561
-0.2122188815
-0.4487962176
-0.3427097299
-0.3781441556
-0.2785514603
-0.3051797904
-0.3316638072
-0.2251118734
-0.3723152179
-0.4817169920
-0.4461964886
-0.2425005037
-0.3118933405
-0.1038044911
-0.2985831639
-0.1979076390
-0.2009442096
-0.2136244852
-0.2343535067
-0.2934558957
-0.1896047837
-0.2412739994
-0.3078768339
-0.1902212504
-0.2497177944
-0.3602579810
-0.0899618379
-0.3283648151
-0.3967871312
-0.3288734803
-0.2500667697
-0.1360316647
-0.1286944573
-0.1292963690
0.0043007259
-0.2672871576
-0.3281425664
-0.1663620249
-0.2948302870
-0.1720377451
-0.2282861735
-0.2015341913
-0.2414912045
-0.2913936850
-0.3130751018
-0.2799498855
-0.2167674826
-0.0954775449
-0.1837550761
-0.1126750380
-0.1275611525
-0.3100746690
-0.0491684058
-0.2092285816
-0.1384455663
-0.1766596987
-0.1048936524
-0.0885194410
-0.0819901277
-0.2794870399
-0.2422925593
-0.1030115750
-0.3159039190
-0.1645977854
-0.2168871238
-0.3138911863
-0.2094760141
-0.0647839122
-0.0962385764
-0.0048867088
-0.1984399685
-0.2254602567
-0.0918819418
-0.0759038371
-0.0795045995
-0.1548998846
-0.1684256992
-0.1277013094
-0.0741736177
-0.0423396053
-0.1597409075
-0.0427949958
-0.0384982748
-0.2546502000
-0.0615218271
-0.0121376118
-0.0898462316
-0.1079752357
-0.0238818675
-0.0301175220
-0.1485643019
-0.0884568479
-0.0703431711
-0.1250046647
-0.0100593962
-0.0465655208
-0.1174898144
-0.1551841646
-0.0049927265
-0.1062406776
-0.0882204818
-0.1327886114
0.0176619138
0.0261976788
-0.1395439103
-0.1345926743
-0.0733965196
-0.1329379290
-0.1469239506
-0.0846143020
-0.1395476238
0.0034935493
-0.0247366985
-0.0666321352
-0.1297509154
-0.1921086544
-0.1588951891
-0.1442213514
-0.1419418910
-0.1108818580
-0.0601661102
-0.0039415864
0.1101516870
-0.0448557976
0.0347793496
0.2249404877
-0.0111393369
0.0187749015
0.0800368475
0.0250902105
-0.1640874625
-0.1678443434
-0.1204076403
-0.0216997313
0.0769229723
-0.0827776655
0.0758711834
0.0355168785
0.0017488747
0.0559740663
-0.0318976408
-0.0313438269
0.0159239059
-0.1450906390
-0.0941486799
-0.0732737525
0.0431018319
0.1348754575
-0.0342479297
-0.0809634077
0.0472801051
-0.0843189781
0.0804385188
-0.1469311930
0.0407481726
0.0117497995
0.1942528569
0.0236102364
0.0056700594
0.0202773120
0.1112344063
-0.0216504310
-0.1594579130
0.1063897029
-0.1447453451
-0.0419377794
0.0123508471
0.1138443704
-0.2265600813
-0.0949027071
0.0018727107
-0.1235212060
0.0805609580
-0.0729190692
0.0359774594
0.0986065487
-0.0525020269
-0.0216923838
-0.0928185232
0.0663036883
0.1048949843
0.0349575983
-0.0258669692
-0.0048671553
0.0847216561
0.0856643071
0.1003062255
0.0819719181
0.3223106554
-0.0780390807
0.2564348875
0.1813654267
0.1576182125
0.0214883220
0.0623610888
0.1809830143
0.0269542058
0.0880052630
-0.0269776208
0.1216449493
-0.0525247746
0.1501085412
0.1196293606
0.1015417832
0.0956310954
0.0881988907
0.1213936834
0.1562907461
0.1482441828
0.0922909105
0.1041382966
0.1546725790
0.0304472530
0.1344614504
0.1386578965
0.2618104402
0.0482959095
0.1984524082
0.1606981994
0.0039105803
0.1368587793
0.0211222708
0.1325052817
0.2129376822
0.2690437900
0.1325302373
0.2061883258
0.1773850806
0.1991251255
0.0933246874
0.1235883566
0.2577187072
0.1791170590
0.0686688909
0.1733599770
0.2230733676
0.2993341804
0.2550487401
0.1927205597
0.2560465610
0.0584100665
0.2372355128
0.2596866227
0.2697800563
0.1952924970
0.0338845839
0.2444674928
0.1706126545
0.3062779880
0.2372010677
0.1207916584
0.1897522091
0.2952841856
0.1035997146
0.2583716012
0.1375598816
0.1351208695
0.3080200529
0.2942498167
0.2602914848
0.1659166838
0.2601467500
0.0553319473
0.2793474159
0.3680902573
0.3747098954
0.1021014955
0.3680655092
0.2158852218
0.2959029238
0.2115628287
0.1836638991
0.1431256865
0.2282291028
0.2506308891
0.3984390774
0.2341274281
0.1167639245
0.1832944872
0.2944944689
0.2593620533
0.3581213219
0.2914641368
0.3283883055
0.2417720003
0.2350700242
0.1349944138
0.2642361456
0.1540986117
0.2814197271
0.4064993185
0.3684159190
0.1738962818
0.3390872743
0.4945590815
0.1872389676
0.2631697437
0.1448441438
0.2890133648
0.1868005604
0.2410898070
0.3288206116
0.2046537324
0.3146904079
0.2782736148
0.3212336832
0.3974979524
0.2552436650
0.2262372560
0.2612863615
0.2931255824
0.3414252158
0.3366808537
0.2372997022
0.3227761002
0.4309196805
0.2896875946
0.3651742176
0.2930994734
0.2304317921
0.3160827600
0.4595778624
0.3016388751
0.3170428027
0.4122548909
0.3891215711
0.3015794236
0.2513516707
0.3438999393
0.4449593789
0.3777779785
0.4584848580
0.3905706585
0.4910749077
0.4164363001
0.3314478778
0.4269309719
0.2899041341
0.4023140109
0.2202037513
0.4511741104
0.4079401623
0.3635948063
0.4533703801
0.3061144726
0.4233647394
0.3390139787
0.4906083409
0.4112602178
0.3065699594
0.5305358312
0.3771935636
0.3828306134
0.4106644457
0.4095504711
0.4267529816
0.3766310967
0.3662960058
0.4291846868
0.3620391262
0.2417334036
0.4576368863
0.4194918343
0.4344641825
0.4425643263
0.4895065900
0.4239425586
0.4178417893
0.5791480584
0.4962054654
0.4912630666
0.4768857833
0.5086513593
0.5328274639
0.3542495570
0.4798137530
0.5416531769
0.3243624015
0.5738130148
0.6073357655
0.5520456902
0.3219554436
0.4014345310
0.5006028157
0.5584696028
0.6309703795
0.5220672450
0.5306244393
0.4252901042
0.3756731134
0.5032137424
0.5710358311
0.4768540541
0.6247308565
0.5462638012
0.4222765349
0.6527145315
0.5160436811
0.5134951727
0.5694851589
0.4905110938
0.5194958671
0.6704271129
0.5627682119
0.4125463542
0.5476121068
0.5442572088
0.5549268078
0.5944043535
0.5300062483
0.7398230261
0.5102119549
0.5250566000
0.3619714802
0.5088017051
0.4664448954
0.5492806746
0.5826707894
0.5804697222
0.4214418243
0.6529747204
0.5710288909
0.4593617216
0.7238014343
0.6075718626
0.6006214953
0.7267605386
0.5226227102
0.5874323035
0.5852126748
0.4747575735
0.6001628118
0.6111662894
0.6677501978
0.6402335274
0.5357682787
0.4613078304
0.5670459893
0.4912721876
0.4660917701
0.6849177442
0.4257619701
0.5285258057
0.4288488383
0.5793551674
0.6521797014
0.5666852547
0.6382961623
0.6354547542
0.4998657394
0.5648175084
0.6720418788
0.5857256582
0.5317587337
0.5299528343
0.7551292361
0.5718051755
0.5544827781
0.6434891498
0.6385499723
0.4668353757
0.6095032050
0.6168407110
0.6428671617
0.7742328099
0.4566575231
0.5899212554
0.7412806177
0.7533033547
0.5763826293
0.5392809492
0.6129053716
0.8754891112
0.6543942605
0.6278831216
0.7334716071
0.5455833338
0.7405416341
0.7313212432
0.6450350453
0.6584069834
0.6645715899
0.6098355616
0.7488944106
0.7622846109
0.7542947989
0.6313545683
0.5892593939
0.6848299024
0.5962093398
0.7946697642
0.6877305989
0.7046304016
0.7545733713
0.7954335357
0.6736482118
0.7487174568
0.6248863994
0.5496805968
0.7257606414
0.6132154186
0.6842883047
0.6241932819
0.7341796219
0.8079795705
0.7357640674
0.6818336604
0.6396402351
0.6446866163
0.8336136260
0.7490532577
0.8708195898
0.9359362030
0.8203482625
0.7568758224
0.6862209173
0.7094294817
0.6415956361
0.6999367814
0.8602340430
0.8486964427
0.8352972009
0.6729867543
0.6260967988
0.8423634673
0.7683047818
0.7422337225
0.7602431937
0.7699507750
0.8323711181
0.7154231582
0.9226485707
0.8178268432
0.8368856337
0.7335795934
0.8220554468
0.9173389835
0.6869658467
0.7397668821
0.8124970404
0.7871117293
0.6488561963
0.8009673428
0.8006880038
0.8531574248
0.7157858196
0.7032533916
0.8223255228
0.7493990686
0.7984829779
0.9439543818
0.7651139312
0.8459772255
0.9005817105
0.7948973096
0.9253300448
0.7728754672
0.9356550039
1.0334080095
0.7713591368
0.8050096139
0.8026962308
0.9050298465
0.8554572622
0.8221089260
0.8388921375
0.7844920273
0.8828983759
0.8102800664
0.8477906726
0.9362367869
0.8676975017
0.7902497585
0.9264569398
0.8229186104
0.8335072649
0.7667163291
0.9840182079
0.7698599580
0.9122984866
0.8719769251
0.8540688626
0.9104071449
0.9691132259
0.8817947275
1.0144873168
0.8393530188
0.8174777784
0.9178615420
0.8215235425
0.9032372989
0.7326471389
0.9477021067
0.9901272693
0.8153566933
0.8210700362
0.9768897712
0.8825029259
0.9680372888
0.8998365501
0.8307740300
0.8255376202
0.8631127150
0.8392952949
0.9446514261
0.9328234724
1.0173425300
0.8626789929
0.8691503405
1.0328939655
1.0896871240
0.9552559813
0.9130587125
0.8677225708
1.0252428282
0.9088870527
0.9543953565
0.9218387444
0.9037364194
0.9000138359
0.8744799518
0.9982816081
0.9797673467
0.9161784552
1.0538766342
0.8789192305
0.9390833012
0.8849361950
1.0464097573
0.9629644177
0.8938296562
1.0129905268
0.9560964268
1.0241247875
0.9982738884
1.0435012347
1.0990354133
1.0722807509
0.9965020896
1.0490307089
0.8970316759
1.0991711637
1.0536767657
1.0192702723
1.1328710840
