-0.9777071307
-0.9363136015
-1.0144190553
-0.9983425311
-1.0448547040
-0.9337327091
-1.0663977421
-1.0056221728
-0.8964417780
-0.9382037515
-0.9515118778
-0.9145131403
-1.0037814173
-0.9576530974
-1.1051262488
-0.9452822681
-1.0088531177
-0.9022054539
-0.9727348431
-1.0766180324
-1.0601827038
-0.8498749197
-0.8592397485
-0.9018431634
-0.8755096356
-0.9386342163
-1.0147725598
-0.8782701090
-0.9459776320
-1.0104977217
-0.8975941434
-0.8270871847
-0.9339505090
-0.6366171154
-0.9497913192
-0.8293376855
-0.8086237955
-0.9721025042
-0.8911812127
-0.9117493298
-0.9453518873
-0.9568731977
-0.7947343101
-0.9303683809
-0.9837153203
-0.8749627705
-0.7327016362
-0.7580170805
-0.9337623461
-0.9121705488
-0.9736957914
-0.8696783392
-0.7426447620
-0.8030251866
-0.9341084597
-1.0022490775
-0.8050439271
-0.9398516948
-0.8396104308
-0.9587324322
-0.7741783957
-0.9042209826
-0.8478476553
-0.8281047749
-0.7651950451
-0.8190504942
-0.9671523167
-0.8676368550
-0.9464831588
-0.8826732036
-0.8322078350
-0.7965565732
-0.8607747062
-0.8955325265
-0.9925148704
-1.0606049890
-0.9430356497
-0.8908681986
-0.9893455709
-0.9790332841
-0.8742630921
-0.7514139027
-0.7556044188
-0.8498475540
-0.7232395235
-0.8127248557
-0.8953657175
-0.8422553974
-0.8031931835
-0.8267895541
-0.9106059415
-0.7801253977
-0.8187423472
-0.9017575135
-0.7829353550
-0.7337690021
-0.8150505752
-0.8209256166
-0.8912743307
-0.9254745695
-0.8896679969
-0.8456978270
-0.7500576839
-0.7161447592
-0.7755210006
-0.6865655968
-0.6480227095
-0.7475000456
-0.7682437051
-0.7891692609
-0.6910388320
-0.7855605629
-0.7766264369
-0.7050741508
-0.8725216796
-0.6793034926
-0.7688612450
-0.7877891377
-0.6473981215
-0.8375182259
-0.6938953873
-0.6822398296
-0.7085558503
-0.7118906160
-0.5888331011
-0.8420263960
-0.7144445085
-0.7422019404
-0.9366842445
-0.7712048558
-0.7195983529
-0.6675749603
-0.7848906889
-0.8049826081
-0.7756112646
-0.6453343724
-0.6799114019
-0.7886158104
-0.8023466734
-0.8374351375
-0.6720547785
-0.7758782268
-0.6305805066
-0.7664510275
-0.6099765812
-0.7224311661
-0.6241018230
-0.7472306250
-0.8709430513
-0.6286663100
-0.5168514591
-0.6629312750
-0.8492400825
-0.7559708751
-0.6859317878
-0.7354910124
-0.5606411497
-0.7898564541
-0.7414082821
-0.5901647273
-0.7649365511
-0.7494987549
-0.7437357544
-0.6479657404
-0.5471160112
-0.6390594435
-0.5882652981
-0.5936067343
-0.6352238621
-0.7075661914
-0.7072366974
-0.5816169022
-0.6175334625
-0.6410564483
-0.6413641300
-0.5924044443
-0.5493921984
-0.6966704153
-0.6925796153
-0.5887599673
-0.6679052692
-0.6036541917
-0.6313655477
-0.6858106952
-0.5348476896
-0.5682621842
-0.8332552304
-0.5036195000
-0.6697836491
-0.6298570536
-0.6193661328
-0.5134840360
-0.5957642531
-0.6347384488
-0.7438758524
-0.7556774509
-0.6384321095
-0.7176001845
-0.6274021584
-0.5889054389
-0.5427991789
-0.6902518173
-0.5746502289
-0.6074983790
-0.5414502136
-0.6410724303
-0.6190029007
-0.5698443251
-0.6016189979
-0.5151343388
-0.5595364954
-0.4544016792
-0.4600244450
-0.6345336390
-0.5592657739
-0.6417595275
-0.4377198942
-0.5717004532
-0.6235379383
-0.6489097947
-0.5743174756
-0.4499970667
-0.5733856296
-0.5562029189
-0.5725702042
-0.5366728767
-0.5900491688
-0.6183118041
-0.5044187440
-0.7257248800
-0.5002363539
-0.5440783593
-0.4082611325
-0.6143057943
-0.4795561620
-0.6184042540
-0.4432853741
-0.5593905961
-0.5089792527
-0.7280338737
-0.6436119757
-0.6386636782
-0.4817157250
-0.6317370899
-0.5693411192
-0.5711388513
-0.3798974632
-0.4899609314
-0.4222501387
-0.4899642342
-0.4484086569
-0.4885553470
-0.4380442753
-0.4870685478
-0.3854339761
-0.4934741373
-0.6061505516
-0.4777738159
-0.4400548197
-0.4519505015
-0.4846742508
-0.5050595326
-0.3215185460
-0.5460871753
-0.4536538194
-0.5026699582
-0.4956335774
-0.4554866317
-0.5432493101
-0.5171394633
-0.3194097789
-0.4047526709
-0.4626175119
-0.5574100147
-0.4905495025
-0.4997302159
-0.3483027392
-0.3109261519
-0.5969779734
-0.4116501650
-0.4251687453
-0.4628134371
-0.3869927045
-0.4002153291
-0.3579554975
-0.3487330839
-0.4179997551
-0.4807680646
-0.4897227815
-0.3387602974
-0.4244030716
-0.4008931612
-0.2979244961
-0.3632812185
-0.4894725774
-0.5271379421
-0.3800136792
-0.3204367758
-0.4172332410
-0.4941635890
-0.3861453648
-0.3487591403
-0.4237006465
-0.5681443364
-0.3843924338
-0.5979176353
-0.4250850963
-0.3012781724
-0.3514871414
-0.4140200552
-0.4995407566
-0.4885283715
-0.3412247849
-0.4541024640
-0.2302883801
-0.4393870016
-0.3577990105
-0.4200848443
-0.3844534216
-0.3546457159
-0.3171918473
-0.4144585788
-0.4308710116
-0.1980720762
-0.4311963109
-0.3942643949
-0.3755414775
-0.4449377068
-0.2401949944
-0.3114366410
-0.1979150821
-0.2943879395
-0.2452332876
-0.3535336816
-0.3561040946
-0.3002050197
-0.2211553902
-0.2995646151
-0.3317505117
-0.2860351336
-0.2777701695
-0.2315838036
-0.2877798185
-0.4412496022
-0.2689915154
-0.3453650756
-0.2386067028
-0.3852963554
-0.2484355739
-0.3665014865
-0.2922294580
-0.4126648079
-0.3712721767
-0.3067098803
-0.3760182181
-0.2701394801
-0.2589297716
-0.3170065724
-0.2664650963
-0.3586042213
-0.2089437938
-0.4287337306
-0.2293294320
-0.2469671750
-0.2216802329
-0.1779206495
-0.3853186429
-0.2755496099
-0.0773884022
-0.3514216071
-0.2000504314
-0.3022166510
-0.1113867770
-0.2951515291
-0.2440117838
-0.2258602387
-0.3061063531
-0.2543772953
-0.1206500203
-0.2745114729
-0.1311412639
-0.1380711311
-0.1550792214
-0.1105952375
-0.2526283745
-0.2310066478
-0.2304591902
-0.0683407542
-0.3006211220
-0.2994642703
-0.1110521479
-0.2570003798
-0.2991712062
-0.2378002830
-0.2372098796
-0.1841754410
-0.2633949615
-0.2506638436
-0.3112678258
-0.1771446415
-0.2719533431
-0.2001924441
-0.1884453954
-0.3311981261
-0.0688298821
-0.2022346060
-0.0735925999
-0.2502696952
-0.3708700091
-0.1806941662
-0.0570316323
-0.2238198268
-0.1140282096
-0.2010229529
-0.1050168196
-0.1760746843
-0.2919145044
-0.0135261510
-0.2008645470
-0.2645949726
-0.2698208259
-0.1798178413
-0.0980842254
-0.3077643097
-0.0782866903
-0.2539624404
-0.1701627360
-0.1511779787
-0.2132946532
0.0224454376
-0.2122433414
-0.2776977523
-0.1711659600
0.0080657532
-0.0187565208
-0.0690663687
-0.1682185427
-0.0849963430
-0.1255810935
-0.0676008347
-0.0859649337
-0.1642682908
-0.1910185400
-0.2078330462
-0.2032856177
-0.0972705563
-0.1554850740
-0.0899218298
-0.0128729576
-0.1716996291
-0.1609013191
-0.1676624591
-0.0054087950
-0.1306020375
-0.0769383411
0.0430917300
0.1056763869
0.0094445031
-0.0856645528
-0.0933086187
-0.0205512210
-0.1339438581
-0.2246420507
-0.0419196262
-0.0783997443
-0.0181034019
-0.0562824445
0.0783214589
-0.0113736275
-0.0044002107
0.0437303957
-0.0135567472
-0.1384867670
-0.0415353802
-0.0282703982
0.0033192099
-0.0635287484
0.0378793509
-0.0265804890
-0.1448277124
-0.0476241711
-0.0638170352
-0.0971706015
0.0464703780
-0.1389198748
0.0417583522
0.0922916171
-0.0994027867
0.0887712648
0.0329322134
0.0521678869
0.1076522648
-0.0413343077
0.0721623518
0.0583496871
0.0042440614
-0.0424853149
0.0068931981
0.0071935873
0.0639117804
0.0160255306
0.0803886298
-0.2010711420
0.0684745795
0.1376975422
0.0116238518
0.1393889044
0.0952955420
-0.1512688473
0.0402257389
0.1339236984
0.1488996697
0.0466710705
0.0092879462
0.0873858222
0.2253901560
-0.1094236593
-0.0205852520
0.0396817731
0.0278754474
0.1770976309
-0.0090016664
0.0571254747
-0.1415533557
0.1648002133
0.0316702116
0.0292139028
0.0021373815
0.0001183721
0.0594388558
0.0621563255
0.1305518304
0.1412427662
0.1816916235
-0.0197386059
0.0692164531
0.1112543878
0.0162257962
0.0810694065
0.0411951910
0.0584515682
0.1030243826
0.0758968437
0.1385909627
-0.0223139218
-0.0049613774
0.1887811363
0.0649516507
0.0937680688
0.1013759831
0.2462998292
0.0971853213
0.1699242848
0.0749727559
0.0844835373
0.1146809133
0.1397752139
0.1926029197
0.1916200560
0.1709809247
0.1053392613
0.3035812208
0.1203683676
-0.0039936413
0.1210761680
0.1365423900
0.0866212025
0.1732812398
0.1360584806
0.1537010437
0.0761110444
0.0901201297
0.1464526591
0.2716454162
0.0907683667
0.1436447751
0.1796148667
0.1419988227
0.1889061440
0.1013912243
0.1670228435
0.1625349495
0.0544423931
0.1478905785
0.1303584641
0.1246941446
0.1577894847
-0.0530175429
0.2442204825
0.2846214871
0.0925095107
0.2392262765
0.1313956029
0.0877729478
0.1480099909
0.3192933800
0.2020913665
0.2399967966
0.3226673371
0.2212190120
0.1777942008
0.2553043064
0.0055004699
0.2970338877
0.2187932534
0.2165086265
0.2534217800
0.3448627144
0.2768008723
0.2205484689
0.1530113384
0.1832913180
0.0814401167
0.2723411038
0.2208359538
0.2941321201
0.3134347535
0.3740800020
0.1161187112
0.0823407125
0.3041634709
0.2927495792
0.3439818218
0.1749573336
0.1602618448
0.3111376589
0.2040692359
0.2419075000
0.2705919126
0.2420243692
0.2222243778
0.2810405662
0.3407152667
0.3335301781
0.3720425348
0.2145561821
0.3475260440
0.2228204241
0.1680958192
0.1320619422
0.3408579090
0.1146167598
0.4002375204
0.1809759466
0.2690735876
0.4238981320
0.2212360639
0.3900122582
0.3872584716
0.3698014807
0.2572516275
0.1163355428
0.2806552352
0.1810352795
0.2675700355
0.2460305373
0.3041928846
0.2990471807
0.2644025666
0.4034904411
0.4089455641
0.3799431054
0.2608156609
0.5106329351
0.3125135414
0.4775359515
0.3477845290
0.2377476178
0.3851356018
0.3405303492
0.3223822355
0.4167329311
0.2005130544
0.2561278134
0.3850474017
0.4863906023
0.2872056430
0.3986314991
0.3657037869
0.2480437638
0.3286636112
0.4250893485
0.3012558074
0.3448039026
0.3647030286
0.5076562730
0.2417164964
0.1612838878
0.4071115118
0.3843329800
0.4337551096
0.2520761104
0.2631768126
0.3799583216
0.4077403824
0.3890439413
0.2967431820
0.4513589706
0.3170046391
0.3348231274
0.4230107985
0.4655061794
0.3514044957
0.3589716066
0.4137568033
0.2862946607
0.4457668716
0.4768819984
0.4511451971
0.3909271900
0.3961511570
0.4454423800
0.5022292462
0.4013162406
0.3813391306
0.5301302760
0.4652290184
0.3868749423
0.4706143204
0.4274914227
0.3974074324
0.5310834957
0.3754474880
0.4776562214
0.5032144907
0.3474471445
0.4598484564
0.4437622339
0.5018996251
0.4606578819
0.4453227693
0.4454646311
0.4480112725
0.4391819249
0.4474774798
0.4253185997
0.4845445620
0.3891760809
0.5246310454
0.4747558429
0.3223695480
0.3846766051
0.4476545982
0.4051418863
0.4131524248
0.4997969809
0.3271141926
0.4321591288
0.3758099177
0.5278132826
0.4694015329
0.5446833918
0.5879878086
0.4376311467
0.5303444393
0.6116929151
0.4054475156
0.4611911386
0.5605030086
0.6495948372
0.4372670043
0.6385245709
0.5971548228
0.4870530502
0.5444804389
0.6104067125
0.4646926762
0.4176328772
0.5568689918
0.4697786420
0.5213289292
0.5108188374
0.4907145724
0.6540243838
0.5299335550
0.5599236246
0.4343097875
0.5935147246
0.5064142676
0.5716966272
0.5369132563
0.6232569714
0.5344662737
0.5853942667
0.4414173956
0.6547890167
0.5518923421
0.4890413116
0.4481034271
0.7103613009
0.4653161305
0.5847777292
0.5900386731
0.6866193759
0.7508722413
0.5586285499
0.4527477986
0.6037128559
0.5596214770
0.5966232616
0.6216969705
0.5610875539
0.7964644247
0.6911616817
0.5541917503
0.6306468463
0.5719894517
0.6722639321
0.6213990012
0.6963741820
0.7599306120
0.6154488039
0.5890554786
0.5878196118
0.7371659621
0.7962551634
0.6200569071
0.6377508401
0.6701721653
0.5965605099
0.7903514886
0.5992748121
0.6514177311
0.6220630867
0.7796511988
0.7127531028
0.6517709711
0.6021427496
0.6424547481
0.8016419225
0.7301412933
0.6482365723
0.6620986678
0.5332736592
0.7282150580
0.6155056871
0.6377043299
0.7761658928
0.6215127979
0.6741996046
0.7068957642
0.7232668944
0.6588467692
0.8533427641
0.6434927427
0.7054143887
0.7143877557
0.5263213604
0.8016954237
0.7689513718
0.6261076198
0.6509100862
0.6252875450
0.6498721014
0.6067976176
0.6367781503
0.8132724146
0.7243454120
0.6960089739
0.7943160050
0.7448732575
0.7687579889
0.7721000339
0.7988721359
0.6850504585
0.7745622557
0.6084612549
0.7868592697
0.6845749396
0.6028494945
0.7569301853
0.7080573516
0.8428190737
0.7801637679
0.8216294419
0.7293193086
0.7037082750
1.0098241238
0.7026200853
0.8332577060
0.7649863816
0.8282455933
0.7218542767
0.7061959417
0.7513903756
0.8691730157
0.6347440793
0.6844453244
0.8507256157
0.8894525733
0.8468334891
0.7029841713
0.8429864093
0.7512350112
0.8523673730
0.6941793699
0.8727899400
0.8004911760
0.8544168920
0.8994917424
0.7994159579
0.7969732056
0.8438307369
0.6976376389
0.7908796855
0.8727128814
0.8095769299
0.8189806288
0.7970821452
0.7978805108
0.6823801536
0.7579985712
0.7884672440
0.9300916119
0.7998828145
0.8269153492
0.8680618265
0.8041232276
0.8386840671
0.7909648194
0.7133860516
0.7477984963
0.7098464473
0.8479154177
0.8347186364
0.7942407526
0.9483739101
0.7343505435
0.8635477073
0.7427477894
0.8705944665
0.8528053854
0.8894367483
0.7888232127
0.9610377753
0.8460260446
0.9614469829
0.9378086406
0.8087992340
0.8564779024
0.9277096053
1.0766854351
0.9294790841
0.8758260867
0.8549823842
1.0109247592
0.8099312230
0.8272488682
0.9412437341
0.9792727141
0.9257519152
0.9813481385
0.8610807251
0.9786931583
0.8767675440
0.7845350526
0.8046681881
0.9523320765
0.9565444073
0.8130366618
1.0382268734
0.7438909131
0.8614673259
1.0756639805
1.0034754491
1.0830007938
0.9908414844
1.0209776490
0.8515607175
0.9690626756
0.9275223117
1.1921697913
0.8855342869
0.8488474493
1.0971017732
0.9954629812
0.9832631936
0.9763308957
1.0588522807
0.9065703640
1.0078587987
1.0355341833
0.9486915951
0.8341921238
0.9477974236
0.8508171830
0.8941338927
0.9648428110
1.0830899894
0.9915863638
1.0106538150
1.0362651485
0.9895342332
0.8872187536
0.9061131098
0.9599015947
1.0212917289
1.0046713765
1.0878053000
0.9808035929
