-1.0803562985
-0.8665306777
-0.8387560590
-0.9522508090
-0.9437628141
-0.9703413884
-1.0153522265
-1.1229752425
-0.9443839721
-1.1167110430
-0.9816082697
-0.7869621421
-1.0282409065
-1.1415144286
-0.9934321525
-0.7776062923
-1.1143256726
-1.0819333511
-0.9482464452
-1.0189602794
-0.8815522371
-0.9644290929
-0.9789337599
-1.0039381478
-1.0385942726
-0.7619068137
-1.0702551279
-0.8611856416
-0.9591739296
-1.0049470518
-0.9641432365
-1.0906382230
-0.6988103022
-1.0275833871
-0.9116853146
-1.0171960395
-1.0568204020
-0.8945899299
-0.9518960127
-0.9976039752
-0.8468955833
-0.8719386789
-1.0057162841
-0.8707335789
-0.9581932306
-0.9006462243
-0.9662655161
-0.8320540340
-0.9195550748
-0.8521535325
-0.7144927142
-0.8383358714
-0.9324957029
-0.9129469459
-0.9811441773
-1.0184789539
-0.9683506502
-0.8256376908
-1.0897599013
-1.0091695363
-0.8213544227
-0.9229837839
-0.7311163611
-0.9295491956
-0.8237551332
-0.7989510643
-0.7719319012
-0.9899628619
-0.9347697370
-0.7687697172
-0.8130785413
-0.9454547698
-0.9056313714
-0.9690190483
-0.9378081172
-0.8608823464
-0.8685865028
-0.7724501133
-0.8528413693
-0.7627084716
-0.9036057239
-0.9188747488
-1.0813358546
-0.8923400575
-0.9158180696
-0.7457634972
-0.6373680632
-0.8888456844
-0.7233704230
-0.6703599707
-0.9826260597
-0.6925758996
-0.9056067948
-0.7889613817
-0.9036689220
-0.8277024712
-0.8534697192
-0.8049446173
-0.7308972441
-0.7535691371
-0.7751244598
-0.6775667676
-0.8416988178
-0.7309792878
-0.7730180926
-0.7377041233
-0.5492873447
-0.7757596982
-0.7396832411
-0.8435259503
-0.8574862794
-0.7759997033
-0.7124453397
-0.7243943291
-0.8104112595
-0.7854396259
-0.7619345753
-0.5534753580
-0.7049367669
-0.7566764825
-0.7581357056
-0.6222351291
-0.7380630254
-0.6471419296
-0.7800577751
-0.7658364726
-0.6864477469
-0.7376619795
-0.6088132584
-0.5729621920
-0.8670220588
-0.6858459446
-0.7577679276
-0.7212783575
-0.8036366538
-0.6291587749
-0.5627040964
-0.7208757107
-0.8750861382
-0.8199376230
-0.7146101578
-0.6680823381
-0.7040207912
-0.7031116514
-0.7113014454
-0.7200805506
-0.6952186822
-0.6199091070
-0.7922246465
-0.7608386142
-0.7725040903
-0.6795952638
-0.7948365218
-0.6191201537
-0.6924707779
-0.8541241266
-0.7165408536
-0.7536871737
-0.6230733142
-0.6627917077
-0.5950266212
-0.5933358554
-0.7885369328
-0.7554164199
-0.8222640158
-0.7124304243
-0.6181683058
-0.6339526797
-0.7050632348
-0.5944554907
-0.6761315980
-0.6415626682
-0.5493535459
-0.6970459714
-0.6529502752
-0.7325308488
-0.5295990185
-0.7381357681
-0.7675735081
-0.5290391904
-0.7276145228
-0.6809370593
-0.6285822792
-0.6523723543
-0.5700939683
-0.6480876571
-0.5847980909
-0.5389184906
-0.6566110042
-0.7250673245
-0.6445926470
-0.5428108451
-0.6581308376
-0.5426862971
-0.6637504062
-0.5413126030
-0.5927695235
-0.6520688988
-0.6818321330
-0.5839644578
-0.6062317560
-0.6748578993
-0.6943225598
-0.6473852827
-0.5804637266
-0.5509563183
-0.7436836053
-0.6057128586
-0.6631023173
-0.6047949946
-0.6635180999
-0.7221728963
-0.6269158976
-0.6079014228
-0.6569917002
-0.6953956738
-0.4318535049
-0.5920453721
-0.4795168092
-0.5976103554
-0.4576980635
-0.6310508992
-0.6215620707
-0.5645549819
-0.5785547886
-0.6284049774
-0.5836634893
-0.3827196469
-0.6601969002
-0.4535714418
-0.5566392593
-0.6204807496
-0.6405345762
-0.5343014472
-0.4770485308
-0.5418075549
-0.5608528392
-0.4843901756
-0.4897983007
-0.5986617187
-0.4496315965
-0.7863679452
-0.3728530509
-0.5165168385
-0.4653496198
-0.5329701916
-0.4805541297
-0.5665868466
-0.5908807765
-0.3667430633
-0.5311432639
-0.6098291372
-0.4452791810
-0.6311728695
-0.3623524174
-0.4363280868
-0.5173166126
-0.5165723159
-0.3668763059
-0.3633011137
-0.3468658155
-0.5114773951
-0.5258963955
-0.4354398213
-0.5729166524
-0.3134990642
-0.2637356499
-0.4399759065
-0.4764011579
-0.5629492142
-0.3036280309
-0.5441819994
-0.4862892874
-0.4093903190
-0.4775133578
-0.3612328575
-0.5199614993
-0.4507826715
-0.4912158312
-0.5845816663
-0.4658262064
-0.3308784790
-0.4719529898
-0.5077846036
-0.2988496079
-0.3394194570
-0.2307633104
-0.4396594858
-0.5168053509
-0.4381723964
-0.4019851107
-0.4757360015
-0.4304234414
-0.4011635857
-0.2964949927
-0.4273004554
-0.4453089916
-0.4343930961
-0.3558787063
-0.5250195168
-0.2578061736
-0.3812761785
-0.3449984423
-0.2426863089
-0.4815468619
-0.3959242730
-0.4032949582
-0.4796061351
-0.3493874352
-0.1033957002
-0.3299467651
-0.3737172100
-0.3491034581
-0.3955539732
-0.4517458569
-0.4786458384
-0.2061352666
-0.3648090224
-0.4027580180
-0.3329205135
-0.3961958622
-0.3398269565
-0.3227497072
-0.1963909517
-0.3606915447
-0.5271185521
-0.2737470922
-0.5267823655
-0.2868237788
-0.4720762314
-0.4312549388
-0.3437046835
-0.4302089931
-0.3927423782
-0.2839262825
-0.2245010423
-0.3220828020
-0.4011668398
-0.2633880799
-0.3507298492
-0.2306425220
-0.2387006891
-0.4406360000
-0.4012970545
-0.4428816006
-0.2919912692
-0.4567851652
-0.3005961063
-0.3085248012
-0.1368136050
-0.3272929637
-0.2849293535
-0.2151319369
-0.2734478799
-0.4277452508
-0.2912196247
-0.2112626378
-0.3624084336
-0.2990889892
-0.4552158329
-0.2995171923
-0.2483665020
-0.1588082889
-0.4566415489
-0.3014186734
-0.1967892271
-0.3876360908
-0.3670589524
-0.2695714980
-0.2128687355
-0.3155595795
-0.3270772477
-0.1666308961
-0.0914075385
-0.4145422702
-0.1861955708
-0.3224215166
-0.2569272911
-0.1690541175
-0.2385933036
-0.1495575638
-0.2646728940
-0.2032620202
-0.4040209621
-0.1880203441
-0.3966023796
-0.2890694181
-0.4575744887
-0.2381266191
-0.2202709933
-0.0771923034
-0.1976172829
-0.2952047003
-0.2324111965
-0.2234573048
-0.1278383285
-0.0537187331
-0.2299186088
-0.2782355305
-0.1959797843
-0.1874736071
-0.1783832282
-0.1960620674
-0.2293847949
-0.2551072291
-0.1700404574
-0.2245101033
-0.2047132493
-0.1190119497
-0.1840609627
-0.2479354493
-0.1784547682
-0.2165036116
-0.1147596394
-0.2467163976
-0.0695981224
-0.1510696295
-0.1171190713
-0.0967994214
-0.2506208378
-0.1632184585
-0.0115535251
-0.0724176186
-0.1927645436
-0.0911521323
-0.0988249720
-0.1562229894
-0.2061648623
-0.1831818628
-0.1470467865
-0.2261698360
-0.0384965751
-0.0639227695
-0.0132989426
-0.0069346218
-0.1397043730
-0.0275850676
-0.0929320586
-0.0724935288
-0.0884566092
-0.0560130392
-0.1529493647
-0.0882431813
0.0136187375
-0.2363902133
-0.1287916480
-0.0763592362
-0.1229519000
-0.1444041676
-0.0768387300
-0.1587748726
-0.0358372589
-0.2292427205
-0.1577030999
-0.1227029745
-0.0462961806
-0.1239549420
-0.0920535459
-0.0439570255
-0.1480873021
-0.1489384556
-0.0990448995
-0.0820437999
-0.2231954655
-0.0374415831
-0.1969150457
-0.0911364169
-0.1236754778
-0.0645521166
0.0778481740
-0.1815649685
-0.0703665219
-0.0685608242
0.0226887771
-0.0240037724
-0.0320391809
-0.1517362752
-0.0370340631
-0.0293510001
-0.0832434366
0.0746643650
-0.0888263504
-0.0519496544
-0.0671303565
0.0955027701
-0.2744865523
-0.0570031102
-0.0861316699
-0.0964161027
-0.0364951788
-0.1203981525
-0.0099523325
0.0363842025
0.0520006037
0.0675230833
-0.0272279871
-0.1177743782
0.1181309150
-0.0154080348
0.0620662991
0.0478958299
-0.0450926751
0.0307376969
-0.0452719321
-0.0189899143
0.0830897467
-0.0362848419
-0.1568656303
0.1726110749
0.0162011141
0.1707686249
0.0526357511
0.0816189495
-0.0766632400
0.0390542312
0.0142247473
0.0033909099
0.1065402117
-0.0450222320
0.1187649055
0.0382590029
0.2333346082
0.2338060951
0.1032107395
0.1421159886
-0.0367036731
0.0746849359
-0.0507101874
-0.0391556033
0.1376317485
0.0099590708
0.0621272887
0.0069070856
-0.0230519754
0.0039812705
0.1106243280
-0.0339171248
0.0317573211
0.0683043064
0.1028501366
0.0175609456
0.0935643862
0.0782085453
0.1329488943
0.0170438662
0.0313338783
0.0901171480
-0.0151364983
-0.0212404705
0.1857814901
0.1566121562
0.1954522901
0.0942541852
0.0091354970
0.0416148525
0.1547448248
0.1814906594
-0.0011114471
0.3607438190
-0.0335973019
0.1349868395
0.2457125289
0.0444459215
0.2661042921
0.2273973822
0.0855356641
0.1563528596
0.2450118369
0.1466240891
0.2206352347
0.1303258274
0.1366689842
0.0926490101
0.1633807516
0.2842465944
0.1383618932
0.2337286786
0.0588511837
0.1824927721
0.1208517165
0.1870590050
0.0888836842
0.1885691104
0.2286332774
0.1010505693
0.0613252454
0.2048603839
0.2865234296
0.1921667484
0.1508442078
0.2016265589
0.2842064973
0.0620677042
0.1039952780
0.2113159063
0.0804430183
0.1941598799
0.2849767444
0.1917654286
0.1629291482
0.2671363372
0.2357977170
0.1698794234
0.1647621806
0.0968289327
0.3570718470
0.1440353647
0.1734607251
0.2544622493
0.3637027673
0.3703567235
0.4225165432
0.1606885070
0.2212948307
0.0522041719
0.4031108599
0.1847954259
0.2012723340
0.2018948804
0.2217842544
0.2779477585
0.2150093271
0.2525916301
0.2256737260
0.2315632325
0.4092110945
0.1795621773
0.2303597482
0.1707492169
0.1817429944
0.2943775102
0.3290594488
0.2183419729
0.1335841188
0.3310717713
0.3487433093
0.1819517476
0.3328734907
0.2826731342
0.2296750100
0.3313189070
0.1399873716
0.3564396982
0.1311258972
0.1895198330
0.3596915060
0.2976877426
0.2515056972
0.2491710359
0.2765941590
0.4673646418
0.3685856395
0.4391527574
0.2982834757
0.2938564894
0.3075483209
0.2562182883
0.4054268368
0.2989350143
0.2026034098
0.2623835325
0.1897925407
0.4352878132
0.3591113059
0.2851730812
0.3258209670
0.4103951945
0.3337885019
0.2070503974
0.1423238912
0.1660762405
0.3401794638
0.4702072784
0.2616724912
0.3525783119
0.3470015253
0.3674335046
0.4154184711
0.4816644617
0.3888142339
0.3302197382
0.2284797982
0.4195195491
0.4904400221
0.4899479658
0.3306974892
0.4508714948
0.2928205683
0.3726970771
0.2446495651
0.2914296724
0.3652620845
0.3341574552
0.3633960528
0.2199424210
0.3519377683
0.3155478152
0.3993340618
0.3519505048
0.4281873885
0.4555972002
0.5078883652
0.4533107549
0.2725962035
0.3821780986
0.3636643491
0.5533584095
0.4103705023
0.4157231746
0.4442251633
0.4480700447
0.4606729516
0.4122862800
0.5972970800
0.4431289784
0.3729124821
0.2524497938
0.3886680381
0.3793576434
0.4641537569
0.4894865914
0.5026318820
0.4969362446
0.3281950571
0.4879075756
0.2743282914
0.3772343225
0.5665633276
0.5645066914
0.5974730301
0.3204768609
0.4688148288
0.3811229062
0.5497676436
0.3753506972
0.5440997278
0.3020718505
0.4359262617
0.3165159683
0.4113009898
0.4649359735
0.4773755452
0.3042567385
0.3727802965
0.4567815731
0.6004621673
0.5582359075
0.5850379617
0.5370573780
0.4425592589
0.6345082511
0.5352224587
0.4433457932
0.4856953326
0.3970072019
0.4495550492
0.4897100217
0.5205697631
0.5035701801
0.6866730997
0.4723007727
0.6272092564
0.5574748190
0.5395100272
0.4993012054
0.3434105443
0.3981449830
0.5661430080
0.4448077097
0.5167338284
0.3791475213
0.5641867401
0.4906025230
0.5070538591
0.7049040525
0.5062302281
0.5134333634
0.5574328932
0.6082674565
0.5445853606
0.6447594225
0.5142786595
0.6705782227
0.5320163299
0.5585007780
0.6404255670
0.5277788273
0.5653884422
0.5533855315
0.5588312305
0.4513371498
0.5280748420
0.5571111795
0.6222595227
0.5638567452
0.5805487660
0.6085937766
0.7200404354
0.6710253581
0.6956795231
0.6023789481
0.5569251619
0.6206971308
0.7532887020
0.6300521505
0.5605637766
0.7198546614
0.6308529347
0.6904391189
0.6425095284
0.6241817830
0.4942365747
0.6716268159
0.6839531917
0.8094058490
0.5257209931
0.6247792746
0.6725977737
0.7335345132
0.6681338207
0.5988723362
0.6587340830
0.7775305498
0.6204236594
0.6781600611
0.7068181428
0.5178876902
0.7265199356
0.6555371100
0.6933100174
0.6179005255
0.6229837291
0.6442846053
0.7711742182
0.7047031659
0.7521086256
0.7312817258
0.6407635336
0.6206774237
0.4950857684
0.7025870205
0.7207746740
0.8268907395
0.7435773694
0.6547994513
0.6523811736
0.7101458535
0.5728910831
0.5085132750
0.4638528673
0.7288084750
0.7355453955
0.6617461098
0.6361261045
0.4815256268
0.7324092404
0.9088002060
0.7063388288
0.7489584184
0.7916475570
0.7490792467
0.6953297453
0.8009392060
0.8485028226
0.7198669802
0.6293574250
0.6804587529
0.6875016528
0.7605710713
0.7337034010
0.7923632345
0.6994298219
0.6859242452
0.6909242373
0.6494453212
0.6520177293
0.7984182614
0.8140476549
0.6848250262
0.7216088738
0.6959403458
0.8050034868
0.6793070106
0.8072667611
0.7526355687
0.7174490239
0.6851208156
0.8473066499
0.7409289141
0.7839371456
0.8707129201
0.5894858571
0.8719808307
0.8262444422
0.8752971195
0.8455797184
0.7047845681
0.6869159688
0.8428953871
0.7637499507
0.7587686822
0.7042154705
0.7405581747
0.7713893837
0.7212366773
0.8732339701
0.8586187443
0.8279162331
0.7535384976
0.8674266540
0.9391969712
0.8713887442
0.8528150799
0.8773874445
0.8940330050
0.7289745980
0.9294680302
0.9210253128
0.7731843990
0.8604207472
0.8532049487
0.7820494085
1.0065636517
0.8743152910
0.7642763121
0.8559395638
0.7387983583
0.7413398428
0.8212283715
0.8133283061
0.7618882244
0.8563508850
0.8702212982
0.8915655067
0.8115691120
0.8661097203
0.9110112216
0.8893908922
0.9222634019
0.9793939142
0.8491840543
0.8914466277
0.8937840637
0.8050137550
0.9395755332
0.8190329246
1.0516760145
0.8472005051
0.8650058103
0.8410775190
0.9601668087
0.9156702878
0.8928118186
0.9489456503
0.8584445604
0.7827493746
0.8413176310
0.8336346259
0.6846792937
0.9399778913
1.1291538406
0.9814719898
0.9817251468
0.9215770825
0.8949220291
0.9537023619
0.9713012048
1.1309816062
0.7946308416
0.9699586910
1.0057864278
0.8701736683
0.8762950344
0.9352763472
0.9018161942
0.8876961046
0.9023751854
0.9191309894
0.8187665557
0.9803087680
1.0023952682
1.0369791678
1.0019383851
1.0070328587
0.8254315373
1.0053255428
1.0143845621
1.0649334866
1.0271330961
0.9013128150
0.8737130804
1.0678827248
1.1787516470
0.9453575624
0.7989810664
0.8966063123
0.9542493757
0.9309303659
0.9863367792
0.9252660418
