-1.0235548415
-0.9660474129
-1.0093988893
-1.0462983589
-1.0373302939
-1.1520256979
-1.1299891046
-0.9860416400
-1.0265487336
-1.0390132724
-0.9022468777
-1.1304613342
-1.0627112630
-0.9544576198
-0.9511934884
-0.8623572650
-1.0640745985
-1.0271958909
-0.9903798666
-0.9520469087
-0.9593817875
-0.7969033197
-1.0596772215
-0.9194819719
-0.9221588102
-0.9188427680
-1.0419688226
-0.9970640963
-0.9785899170
-0.9790511595
-0.8785471351
-0.8933458786
-0.9624755729
-0.9213398180
-0.9974676953
-0.9177631211
-0.9745070710
-1.0929466209
-1.0621789289
-1.0058306670
-0.9119599612
-0.8981267057
-0.9157382440
-1.0256162137
-0.8315041144
-0.9382500187
-1.0282425748
-0.9527022532
-0.8160105873
-0.8307037697
-0.9522281065
-0.9184624442
-1.0092116442
-0.8699550100
-0.9140242180
-0.9261098665
-1.1237028417
-0.9577829828
-0.8705575949
-0.8858448123
-0.8522607245
-0.9348219229
-0.8225128198
-0.9026415484
-0.8732699203
-0.8573322588
-0.8670864374
-0.9058982914
-0.8581841200
-0.9344630957
-0.7480927376
-1.0614580282
-0.8610305379
-0.8063253009
-0.6758085137
-0.8706213532
-0.7058617989
-0.8180733707
-0.9178590265
-0.9364057583
-0.9582583412
-0.8892883590
-0.7534681077
-0.7889686690
-0.7642420106
-0.8529460942
-0.8034823298
-0.7338599250
-0.8609680217
-0.7164837724
-0.8049610933
-0.6614741208
-0.7993560200
-0.9742255973
-0.8475359314
-0.8514654779
-1.0336273923
-0.6902184729
-0.8370491304
-0.7139148486
-0.7786217232
-0.9315801399
-0.8131543546
-0.8818416704
-0.8135890104
-0.8040200459
-0.7838023924
-0.9021743064
-0.8677431844
-0.9197037335
-0.7111051849
-0.8556465844
-0.7645838968
-0.6674509616
-0.7292804310
-0.8498003059
-0.7819817525
-0.8677648563
-0.7165821946
-0.8244673080
-0.7371244292
-0.6858262799
-0.6968588245
-0.7557758095
-0.7048971388
-0.8174689752
-0.7495904952
-0.6895514320
-0.8353509854
-0.7150403586
-0.7323369570
-0.6066344211
-0.7192201099
-0.8806336820
-0.8783286183
-0.7030595258
-0.6693531280
-0.7290590446
-0.6343133922
-0.9198103168
-0.7652258971
-0.7203835869
-0.7849651278
-0.6008742580
-0.6185168929
-0.8033714026
-0.6883699159
-0.6438785748
-0.6794303112
-0.6076311986
-0.5863691211
-0.8645033121
-0.8806136213
-0.6539486683
-0.8557903942
-0.7020507423
-0.6624020060
-0.6710416228
-0.7305823039
-0.7879123529
-0.7756667966
-0.7887398718
-0.7560155323
-0.6501251825
-0.7299710123
-0.4726488375
-0.6776413786
-0.5311894327
-0.5809288975
-0.6602742980
-0.7063357595
-0.7484752052
-0.6144349649
-0.8317057628
-0.5672116729
-0.7608307800
-0.6840512406
-0.9015651880
-0.6951965612
-0.6598497253
-0.6229723711
-0.5920549226
-0.4923494877
-0.6353481046
-0.4622411341
-0.7136117237
-0.6261159966
-0.7193805891
-0.5107540705
-0.8656782999
-0.6128746249
-0.6889950486
-0.6936641745
-0.5907123896
-0.5974908388
-0.6278410263
-0.7850181346
-0.6313877837
-0.6411586871
-0.6985012674
-0.5296434295
-0.6336218649
-0.6415218972
-0.7080646908
-0.5775240879
-0.6483210955
-0.5286258208
-0.4847947631
-0.4484217889
-0.7378085411
-0.5829881939
-0.5166873972
-0.6492019360
-0.5644595787
-0.4658492434
-0.6706343046
-0.6127213802
-0.7223331068
-0.4806492258
-0.6190657442
-0.5922295967
-0.6250243188
-0.4433274831
-0.5567804450
-0.4458978912
-0.5160300933
-0.4876205996
-0.5518084088
-0.5889464903
-0.4983970893
-0.4223192524
-0.5882050359
-0.6318709277
-0.6322130195
-0.5049956155
-0.5612745865
-0.6440916050
-0.5347743033
-0.5772161741
-0.6326450801
-0.5971344916
-0.4707810385
-0.5926973426
-0.5131429226
-0.6529799271
-0.5262282650
-0.5695110349
-0.3942623651
-0.5001393289
-0.6466988086
-0.6228985674
-0.5697609100
-0.4460490355
-0.5690561218
-0.4493698635
-0.5259398362
-0.5735843021
-0.3954805613
-0.3922435652
-0.6129842265
-0.3666372480
-0.4496693912
-0.4701688557
-0.4410628258
-0.3473927147
-0.4864052492
-0.4959332364
-0.3083419193
-0.3245607039
-0.3678349830
-0.4526816672
-0.4553736797
-0.3907234949
-0.4955626110
-0.3972499511
-0.4904962596
-0.4276635031
-0.4036018342
-0.4052100953
-0.4577466079
-0.4301691793
-0.3427566199
-0.4356039275
-0.4791369397
-0.3985648450
-0.2906411591
-0.4056473520
-0.5244797348
-0.5312415859
-0.3617200751
-0.4256461913
-0.4104252487
-0.3489305453
-0.4868346571
-0.4344464639
-0.3689169191
-0.4576899045
-0.4991142021
-0.4258742823
-0.4081386563
-0.4033415044
-0.5248459669
-0.3779531338
-0.2553258683
-0.5153430758
-0.3481316986
-0.3437263058
-0.3874337137
-0.4332569879
-0.4769494508
-0.3258943657
-0.4058686718
-0.3761344955
-0.4098177989
-0.4373066254
-0.3684369546
-0.5212105187
-0.4008144583
-0.1440436404
-0.3592134189
-0.2282111877
-0.3921515807
-0.3952364131
-0.2805517657
-0.5230154739
-0.3005522839
-0.4468593868
-0.3337543297
-0.2651690061
-0.4743129056
-0.3441462465
-0.2328703565
-0.2133275015
-0.3754827923
-0.4313537668
-0.3697843846
-0.3678854745
-0.3363217051
-0.1573645474
-0.4115517733
-0.3327424442
-0.2125497057
-0.2916130247
-0.3059606244
-0.6040470222
-0.4121930190
-0.3472432899
-0.3011200809
-0.1685755933
-0.2377811501
-0.1203486734
-0.3548213200
-0.3509256904
-0.3170120359
-0.4097927851
-0.3834713991
-0.1775065659
-0.2806484369
-0.3677923724
-0.1708681861
-0.2607599483
-0.3606092596
-0.4069403423
-0.1175549691
-0.2379055772
-0.2492402171
-0.3033834692
-0.2956487064
-0.2114323880
-0.2785392594
-0.2994526749
-0.1910063348
-0.3062950612
-0.1857180596
-0.2302785446
-0.2698737126
-0.2569283093
-0.3515779807
-0.2517728072
-0.2945191079
-0.2522415469
-0.3142345005
-0.3389877334
-0.3283880381
-0.2221283837
-0.2124220164
-0.2080310551
-0.1645487117
-0.2046459519
-0.1562193194
-0.3293402993
-0.2146680490
-0.1593069465
-0.1843816093
-0.1957247286
-0.2948890607
-0.2061370952
-0.2131141443
-0.3405317080
-0.2707552410
-0.3202588660
-0.2763979360
-0.2653155257
-0.2532025042
-0.2585514457
-0.2137185222
-0.2403763991
-0.3330654209
-0.2129829828
-0.1907540376
-0.0495898470
-0.2936376729
-0.0975733501
-0.2553294729
-0.0622175343
-0.1052974016
-0.0360631897
-0.1538480477
0.0544169181
-0.2299373639
-0.1163868793
-0.1970798550
-0.0495931767
-0.1667649865
-0.1860830275
-0.1382526721
-0.0443964277
-0.1149706194
-0.1053000554
-0.2148125676
-0.0731219719
-0.2548644412
-0.1023335555
-0.1461395932
-0.2050401308
-0.1369736875
-0.1123829520
-0.0491637393
-0.1339377838
-0.2447841356
-0.1382474180
-0.0176525159
-0.1965475901
-0.0904141405
-0.1318955309
-0.3208198275
-0.1223459171
-0.1443020394
-0.1050005841
-0.0562865070
-0.2380035959
-0.0665261279
0.0125433327
-0.1895552198
-0.0825231353
-0.1148388786
-0.0273487549
0.0803392566
-0.0771596877
-0.0983381712
-0.1248376594
-0.1230792024
-0.1456461867
-0.0053063616
-0.0389898001
-0.1080219847
-0.2448265995
-0.0250858068
-0.2481918109
0.0065279790
-0.0286021519
-0.1083037706
-0.0109747493
0.0191046831
-0.2002739519
-0.1253466384
-0.0279156451
0.0219487388
0.0551754282
-0.1117262102
0.1074118720
-0.0633220805
-0.0248056480
-0.0468701945
0.0543856895
-0.0070486424
0.0213948454
-0.0755681786
0.0785475206
-0.0069670889
-0.0969256999
0.1169791647
0.0973983770
-0.0018976952
-0.1032234008
-0.0438249447
-0.0635662293
0.0170359497
0.0357517193
-0.0481864930
0.0211038485
0.1177190571
-0.0122208938
0.0974558997
-0.0206688747
0.0175375245
-0.1298653948
-0.0823691836
-0.0312166558
0.0274700068
-0.0880977421
-0.0056683916
0.0438660114
0.1711375587
0.0699623788
0.1759317932
0.0140295789
-0.0089548330
-0.0545259954
0.0715349065
-0.0019953330
0.1339703039
0.2101847218
0.1304431393
-0.0482663034
-0.0379477484
-0.0239506097
-0.0653999793
-0.1089135399
-0.1339221830
0.1213147244
0.1208396034
-0.0073018363
0.1057086802
0.0794443399
0.1299675199
0.2214597383
0.1418476355
0.0588525385
0.0837933403
-0.0520438793
0.1663118916
-0.0264840961
-0.0338224347
0.0346352583
0.0848317554
0.1255723130
0.1693632875
0.0975919403
0.0730650186
0.0157620929
0.0295337624
0.0539891883
0.0165019291
0.0543423445
0.1067698779
0.2525405150
0.1573088001
0.1527499464
0.3556660181
0.1534439575
0.1164600027
0.1971084598
0.0455500501
-0.0129581391
0.1810732043
0.2402598449
0.0956673846
0.2270534753
0.1840623746
0.0999134315
0.1392238518
0.0342565617
0.2114491805
0.0907081818
0.2276064214
0.1586389777
0.2468363211
0.0367866658
0.2419410913
0.2052412599
-0.0551583534
0.1369404064
0.0032059885
0.1782361291
0.1388831601
0.2235384800
0.3760228898
0.1260233282
0.0753923088
0.1504024285
0.0265283351
0.0985549320
0.2072160570
0.2100388991
0.3301496343
0.1683852566
0.1412613626
0.2968535573
0.1899179679
0.1587559164
0.1428868283
0.2526190377
0.2821383162
0.3894406535
0.2311269730
0.3018187734
0.3340436611
0.0665664324
0.2224487401
0.1794324087
0.2713360752
0.2137834763
0.1429673329
0.0888909177
0.1316308247
0.1696405347
0.2385461101
0.2395086434
0.3035212949
0.1466396891
0.1864610598
0.2855409816
0.2992595750
0.0958917429
0.2215186956
0.1803279176
0.1713152040
0.1300647846
0.2058276664
0.1309414892
0.0890935792
0.3353903249
0.3342531239
0.2223212691
0.3342778661
0.2555862118
0.1705813690
0.2101644552
0.2985143384
0.3634387972
0.3043046203
0.5188846589
0.2871415543
0.3176648057
0.3474596872
0.2440385920
0.3766032878
0.3296068671
0.3977399482
0.4600136127
0.3372638563
0.2039048507
0.3472951603
0.3169038973
0.4379780178
0.3156056065
0.2479216768
0.4544309871
0.3052438185
0.3993784252
0.3961158360
0.3201805495
0.4805473135
0.3203679266
0.4270274397
0.3357632960
0.1586109469
0.3252917155
0.2902800750
0.3824760679
0.1544375734
0.4413675817
0.1368775526
0.4180357790
0.2640475634
0.2964032360
0.4904468931
0.3096077335
0.2254502159
0.3536992226
0.4304045258
0.4325046928
0.3484048922
0.4393092504
0.4479783005
0.3256826039
0.4218622070
0.3242185969
0.3915240130
0.3597265176
0.2971506987
0.4122877314
0.4224261757
0.2705422298
0.3450389961
0.3914932550
0.3974352328
0.4695667905
0.3292864860
0.3720788745
0.3959666329
0.4728173436
0.4598873678
0.4179476553
0.4683794637
0.4975147411
0.4924469718
0.3185816787
0.5317282885
0.5313486511
0.4836534316
0.4308011546
0.3517845456
0.4498338319
0.4980457234
0.3512426731
0.4104753136
0.4285602180
0.5765665710
0.5548490186
0.4252714029
0.3950779643
0.3615111307
0.4852191254
0.4730476411
0.5113317173
0.5085822375
0.5591693240
0.5646578398
0.4191797205
0.4601031067
0.5228861968
0.3847225897
0.4923974156
0.4980545908
0.5458416474
0.4487221935
0.3038568317
0.3342389482
0.6205018216
0.4383847534
0.5714178386
0.6359668642
0.3354525449
0.3876802492
0.5500517531
0.7117419228
0.4934784387
0.4894857163
0.3937949693
0.5675552244
0.4897360394
0.4525510404
0.4520036215
0.5385112776
0.2792965980
0.4339032160
0.5668265493
0.7628305010
0.5637585681
0.4625077473
0.5220635198
0.4955048543
0.6661741060
0.5993844636
0.4622918150
0.4589750278
0.5794774947
0.5322309222
0.5442349999
0.6210835055
0.5418684289
0.5634171408
0.7268099768
0.5960842507
0.5639762094
0.6143920057
0.5585236564
0.4156186466
0.5716543444
0.7084422250
0.6514879797
0.5263859453
0.5733664241
0.5208901508
0.5381227359
0.7533637070
0.5844283639
0.5652821115
0.6843766222
0.5684268816
0.4428994481
0.6573815014
0.6508491516
0.5766452836
0.5065503684
0.8549631360
0.7165553046
0.7289522929
0.6600211843
0.5504447683
0.7087701319
0.5502789621
0.6799559335
0.6301966152
0.6486739005
0.5665777559
0.6460827477
0.5918948703
0.6638479977
0.6108486051
0.6374758396
0.6615687279
0.6641360300
0.6704851732
0.7111145424
0.5254193717
0.5627856779
0.5923053179
0.6551450479
0.6289949015
0.6415414461
0.6043596569
0.7086471221
0.6016225506
0.6388957372
0.7507823058
0.5588179809
0.5991385600
0.6964706852
0.5965601845
0.5628907863
0.6289089908
0.5251160866
0.5300732107
0.6867973341
0.6534493519
0.8790240177
0.6020612163
0.5747382783
0.5786800586
0.6335086822
0.6640056510
0.6195716091
0.6837673804
0.7056153059
0.6634375531
0.6894244702
0.6091684804
0.7241469795
0.8714680725
0.7181459226
0.6421393191
0.7758382049
0.8269645409
0.7442897569
0.7072865151
0.8008196361
0.6995737945
0.7279819235
0.7954887739
0.7655886807
0.6301383319
0.8141532139
0.7866059014
0.7979095233
0.7530376075
0.6359510310
0.6350325230
0.5400339204
0.7743076498
0.6609932056
0.7623399392
0.8715040326
0.8361289651
0.8136126028
0.6097145987
0.7421655650
0.8695859230
0.8524257155
0.8157575732
0.7053346546
0.7648744543
0.7956739104
0.8492713682
0.6242454211
0.8044139281
0.7931408878
0.7655965185
0.7843851164
0.6845144082
0.7763160089
0.6900285357
0.7756950362
0.8684654818
0.7777321021
0.7273319183
0.8279956373
0.7980591319
0.8615639717
0.7586974257
0.9546161394
0.8928314103
0.8349394553
0.7487727379
0.7210670823
0.8187519799
0.8740520479
0.8829752878
0.6865036258
0.7179909285
0.7367385834
0.8265406600
0.6760468007
0.8191244486
0.8122487067
1.0214015107
0.8656061378
0.7999694155
0.7951863237
0.9824616089
0.8325937313
0.9096658126
0.8862716054
1.0290490354
0.7050578659
0.9105757092
0.8283354065
0.7947351278
0.9118010630
0.7676808182
0.8112184942
0.7861602221
0.9340530771
0.9740404456
0.8416702697
0.7848410378
0.8276879252
0.9933978725
0.9021713807
0.8862701449
0.9817679722
0.9118247429
0.8808739925
0.9443968701
0.7690964128
0.7584355204
0.8688212850
0.7728349557
0.7677418233
0.8324348128
0.6885670341
0.9054643321
0.9849605595
0.9867899726
0.9317893167
0.8651150903
0.9745165526
1.0522797662
0.9020785662
1.0652405082
0.9285956856
0.9355006981
0.9264219894
0.7001142555
0.9017325533
1.1085195339
0.7631618542
0.9593547875
1.0220174557
0.7872989045
0.9779444707
0.9282449986
1.0085058615
0.9629984600
0.9467637210
0.8936832642
0.9888128039
0.9509685921
1.0772487843
0.9258000013
1.0191694352
1.0260688208
0.9754262085
0.9234324172
0.8677899707
0.8810820187
0.8306827978
0.9625822783
1.0683119439
0.9163911358
0.9408425352
0.9997079595
0.9280607352
0.9507471333
1.0144454959
1.0846525070
1.0275501742
0.9667058155
