-0.9876224550
-0.9240292543
-1.0078655173
-0.9857886696
-1.0538835983
-0.9027002405
-1.0596861234
-1.0117662176
-0.9241584296
-0.9308594978
-0.9655103109
-0.9410339922
-0.9982266300
-0.9779664062
-1.1033590549
-0.9167823094
-1.0125848192
-0.9190691134
-0.9748090193
-1.0919361488
-1.0618223354
-0.8559814345
-0.8655702724
-0.9154938402
-0.8814032682
-0.9356395933
-0.9929942499
-0.8697738365
-0.9403975324
-1.0273827408
-0.8909132863
-0.8478916922
-0.9252130022
-0.6345785232
-0.9446138218
-0.8033937763
-0.7935472891
-0.9797756556
-0.8802738759
-0.9309532599
-0.9541423495
-0.9657467927
-0.8051994916
-0.9401922805
-0.9767501297
-0.8701146501
-0.7486503142
-0.7612802558
-0.9297774017
-0.9020313972
-0.9730055789
-0.8595354876
-0.7420068129
-0.7975060020
-0.9699738523
-0.9879283449
-0.8347680063
-0.9397690656
-0.8243863891
-0.9460119997
-0.7801447043
-0.9043574932
-0.8465406014
-0.8167696376
-0.7549508136
-0.8426247834
-0.9604983247
-0.8800366937
-0.9508926652
-0.8609413755
-0.8217149626
-0.7952931176
-0.8766692132
-0.8812786278
-1.0113340853
-1.0448678313
-0.9361453380
-0.8772968375
-0.9647187696
-0.9808899605
-0.8835039789
-0.7523022881
-0.7550624736
-0.8509653393
-0.7260112240
-0.8070939082
-0.9184743765
-0.8503754629
-0.8107327547
-0.8294750674
-0.9203452998
-0.7781106669
-0.8226323828
-0.9065045007
-0.7772958774
-0.6973678014
-0.7912684929
-0.8375628943
-0.9123558117
-0.9249550033
-0.9050238435
-0.8149205357
-0.7517099574
-0.7147246045
-0.7864167014
-0.7225606790
-0.6524847917
-0.7693039493
-0.7625305507
-0.8075721429
-0.6952960081
-0.7820016612
-0.7860101562
-0.7059809952
-0.8664751389
-0.6695390871
-0.7865436234
-0.7825966787
-0.6397989716
-0.8203150636
-0.6785330971
-0.6811853102
-0.6857016506
-0.6921937326
-0.6001975851
-0.8577001675
-0.7061998470
-0.7468169076
-0.9190932439
-0.7602115731
-0.7237764743
-0.6504884255
-0.7949460976
-0.8068343304
-0.7849122628
-0.6593512189
-0.6575954440
-0.7762110196
-0.7948759178
-0.8595294219
-0.6750460549
-0.7694858050
-0.6272011280
-0.7517273848
-0.6394997218
-0.7206550573
-0.6368382212
-0.7117454647
-0.8850867247
-0.6326634454
-0.5158707275
-0.6668314217
-0.8534368140
-0.7801718696
-0.6723736724
-0.7221756456
-0.5571081574
-0.7976566960
-0.7362249986
-0.6057973849
-0.7493801743
-0.7362556110
-0.7467297898
-0.6517284364
-0.5324965029
-0.6195912479
-0.5863480887
-0.5906573850
-0.6410524504
-0.6984334534
-0.7188302139
-0.5861543030
-0.6051071120
-0.6414439426
-0.6437558278
-0.5912956330
-0.5688271230
-0.6927088867
-0.7063459048
-0.5800854152
-0.6750531935
-0.6095324697
-0.6521098515
-0.6681028494
-0.5495600823
-0.5673209320
-0.8364061726
-0.5050464046
-0.6679536023
-0.5895763986
-0.6114281827
-0.5248450413
-0.5933966506
-0.6144087605
-0.7367686274
-0.7369616035
-0.6530814714
-0.7290390234
-0.6120051096
-0.5502270337
-0.5438500472
-0.6951502719
-0.5349648134
-0.6313711152
-0.5540376602
-0.6271847980
-0.6011643117
-0.5772048149
-0.6034914611
-0.5199403217
-0.5747619816
-0.4819943112
-0.4527663297
-0.6422698382
-0.5626885293
-0.6304998345
-0.4324952004
-0.5772607444
-0.6264893340
-0.6491023039
-0.5694307100
-0.4488275699
-0.5673639413
-0.5632457747
-0.5819938960
-0.5486613227
-0.5732352892
-0.6084722996
-0.5064090661
-0.7246724438
-0.5105626780
-0.5364536464
-0.4082975672
-0.6136866054
-0.4960171954
-0.6013226524
-0.4673509207
-0.5621630185
-0.4892598947
-0.7175074830
-0.6495241877
-0.6326874670
-0.4848318121
-0.6398202979
-0.5710982678
-0.5711395242
-0.3761904723
-0.4983658474
-0.4126383552
-0.5051276658
-0.4284776012
-0.4615855072
-0.4553762498
-0.4915987078
-0.4066798743
-0.5014882485
-0.5664531882
-0.4739248977
-0.4290609857
-0.4307644681
-0.4711444572
-0.5093339397
-0.3140535830
-0.5416664476
-0.4465895820
-0.4939564138
-0.4896267826
-0.4599131741
-0.5253277658
-0.5176184788
-0.3168167766
-0.4007894164
-0.4753538170
-0.5682194644
-0.4794116564
-0.4848517449
-0.3549151988
-0.3109745021
-0.6016007757
-0.3887988406
-0.4338966046
-0.4722291388
-0.4050314542
-0.3942218371
-0.3509841486
-0.3519875149
-0.4098457716
-0.4629961336
-0.4933197030
-0.3276502885
-0.4208115756
-0.4251283974
-0.3088989280
-0.3670056305
-0.4838321670
-0.5351725375
-0.3825424206
-0.3052181641
-0.4213335729
-0.4736219099
-0.4034961138
-0.3626904083
-0.4180791961
-0.5394349854
-0.3832977819
-0.5804009679
-0.4340958792
-0.3203658836
-0.3584042275
-0.3957025693
-0.4779090777
-0.4990414775
-0.2985197882
-0.4744148190
-0.2304016931
-0.4296108036
-0.3583169939
-0.4082610967
-0.3553370996
-0.3466342805
-0.2987764309
-0.3857034234
-0.4262565192
-0.1997005134
-0.4341807899
-0.4097828535
-0.3795891587
-0.4277912011
-0.2548576498
-0.3203433343
-0.1876129848
-0.3041024612
-0.2599086023
-0.3239198435
-0.3530664668
-0.3032290341
-0.2035310699
-0.3059257055
-0.2959550924
-0.2830335682
-0.2890633407
-0.2253421680
-0.2586917110
-0.4297215493
-0.2936718408
-0.3454991918
-0.2489288521
-0.3850026457
-0.2669116547
-0.3537784921
-0.2541806036
-0.3903126975
-0.3672056047
-0.3048807218
-0.3888391100
-0.2715126090
-0.2424658238
-0.2909024784
-0.2605392784
-0.3638838369
-0.2087141938
-0.4194045186
-0.2368089128
-0.2313982943
-0.2187572148
-0.1768586631
-0.3863344443
-0.2556830981
-0.0849162585
-0.3536618059
-0.1939679194
-0.2764373826
-0.1157939433
-0.2925740094
-0.2496238306
-0.2351323644
-0.3191985077
-0.2691273125
-0.1340221469
-0.2550809073
-0.1394113744
-0.1503411005
-0.1536440495
-0.0912479164
-0.2266454481
-0.2390428119
-0.2473978348
-0.0656783235
-0.2769909217
-0.3011286757
-0.1333804726
-0.2690245685
-0.2836575301
-0.2412319160
-0.2351733484
-0.1663721636
-0.2709564926
-0.2581539733
-0.3196378681
-0.1710514046
-0.2706264105
-0.2044327468
-0.1809421454
-0.3394829656
-0.0809256249
-0.2016491314
-0.0864691301
-0.2677708495
-0.3683642250
-0.1667074050
-0.0550265124
-0.2137839967
-0.0922969402
-0.2319101931
-0.0956598273
-0.1714144221
-0.2794140516
-0.0116124040
-0.1949924800
-0.2689544006
-0.2596477005
-0.1980534014
-0.0894329961
-0.3193954330
-0.0811876214
-0.2572875465
-0.1775335084
-0.1625660006
-0.2247916760
0.0033242273
-0.2251491880
-0.2743390234
-0.1621116585
-0.0099986766
-0.0099387415
-0.0581057472
-0.1957450915
-0.0824906911
-0.1413916585
-0.0779643733
-0.0585774527
-0.1761295033
-0.2143935836
-0.2150454728
-0.1969443412
-0.1017398054
-0.1519476664
-0.0791845049
-0.0232308138
-0.1753597859
-0.1720812592
-0.1654114594
-0.0264714427
-0.1097964564
-0.0725136171
0.0619515961
0.1174845721
-0.0172260308
-0.0419916498
-0.0911545478
-0.0372480300
-0.1337210957
-0.2375111120
-0.0476894322
-0.0986227967
-0.0285399566
-0.0525077406
0.0795938855
0.0185143318
-0.0088219726
0.0526648977
0.0133330383
-0.1298939406
-0.0448269687
-0.0208441857
-0.0054647701
-0.0694396082
0.0560986970
-0.0333517083
-0.1479443573
-0.0723251369
-0.0635085055
-0.0870161661
0.0533754536
-0.1541342078
0.0620424766
0.0986181596
-0.1029546484
0.0748096840
0.0301407699
0.0667172894
0.1132990452
-0.0445144049
0.0512398438
0.0761841624
-0.0171301308
-0.0119145180
0.0089789492
0.0290885743
0.0690217949
0.0079055771
0.0690176096
-0.1807407953
0.0306549133
0.1373080971
0.0152180794
0.1268975968
0.1198802166
-0.1326172002
0.0435346755
0.1498534155
0.1283278385
0.0546695791
-0.0078689773
0.0855478834
0.2430785571
-0.1241378717
-0.0115975494
0.0280904569
0.0451228999
0.1730637382
0.0003295582
0.0466612127
-0.1478259589
0.1941767931
0.0221932003
0.0347100040
0.0013416222
-0.0104582131
0.0730126433
0.0585452680
0.1439022223
0.1535764856
0.1702689791
-0.0243584319
0.0534283017
0.0895413789
0.0092793101
0.0827003164
0.0639149791
0.0383044628
0.1152094526
0.0745232279
0.1481275047
-0.0109812189
0.0059777351
0.1816671473
0.0798016534
0.0724600566
0.1181806939
0.2446907079
0.1004380225
0.1844926022
0.0766733137
0.0842604804
0.1151490722
0.1503401680
0.2015207647
0.1683761296
0.1859449899
0.1083212630
0.2708682202
0.1170633261
-0.0038868982
0.1326164516
0.1668321207
0.0959009552
0.1893179221
0.1490192236
0.1552707539
0.0771758501
0.0878489246
0.1580015139
0.2745327689
0.0977495133
0.1508723090
0.2020311056
0.1430810061
0.1911035652
0.1129857977
0.1502583333
0.1909574854
0.0487841520
0.1480633013
0.1453447012
0.1100565710
0.1652991288
-0.0584610558
0.2302690108
0.3048892240
0.0774193681
0.2269031031
0.1178837764
0.0837664642
0.1266144661
0.3366803540
0.2365749256
0.2440083306
0.3192346785
0.2258530561
0.1786679051
0.2717557156
0.0150168037
0.3221241732
0.2039097826
0.2027691139
0.2694199569
0.3491188135
0.2763753883
0.2354998787
0.1620309199
0.1853621329
0.0813722128
0.2260272256
0.2169359493
0.2938293758
0.3099123814
0.3566477235
0.1127507303
0.0815515293
0.2989550532
0.2728613785
0.3412209891
0.1713746594
0.1568173745
0.3200310872
0.1724583053
0.2637524770
0.2750185614
0.2598654856
0.2214387380
0.2750001215
0.3413810680
0.3289068360
0.3596224730
0.2279567942
0.3208799773
0.2001070165
0.1976107079
0.1316246587
0.3443466451
0.1200480448
0.4192939287
0.1731281217
0.2855473969
0.4209000540
0.2323018213
0.4018509550
0.3981962229
0.4053987645
0.2704883256
0.0998982737
0.2818315953
0.1724683779
0.2644549056
0.2142834021
0.2937986988
0.2909640797
0.2432147431
0.4045660586
0.3984021794
0.3683603078
0.2628609322
0.5084216626
0.3056636563
0.4679141942
0.3561029589
0.2490988706
0.4097970050
0.3469721186
0.3192394419
0.4138720177
0.1928033310
0.2477976396
0.3637890036
0.4641230414
0.3069620170
0.3975266304
0.3529875085
0.2626875004
0.3310180741
0.4424125838
0.2937787062
0.3432442882
0.3842417495
0.5022648019
0.2438649149
0.1714070422
0.4176833263
0.4131536940
0.4222861666
0.2623377696
0.2818769362
0.3635515135
0.4143592247
0.3666901708
0.2782387145
0.4643530259
0.3035839583
0.3317471258
0.4340117290
0.4767337283
0.3767831611
0.3673651087
0.4138835458
0.2654052614
0.4400009347
0.4942149869
0.4406565778
0.4059723287
0.4021244212
0.4336030269
0.4797077213
0.4018429524
0.3925677825
0.5231178490
0.4610040617
0.3778035520
0.4892792904
0.4315671259
0.4209327461
0.5227858122
0.3945495674
0.4725367493
0.5029432089
0.3428055102
0.4502788216
0.4603577040
0.5065218634
0.4603771404
0.4466493276
0.4098742103
0.4242971750
0.4489921065
0.4711229974
0.4301802579
0.4962095461
0.3768438904
0.5394050476
0.4961629266
0.3156253296
0.3940043783
0.4417261766
0.4029562284
0.4101309051
0.5159118951
0.3413896306
0.4443795595
0.3773924763
0.5036714708
0.4545649607
0.5661930686
0.6056820917
0.4354121029
0.5320479417
0.5997655312
0.3970661499
0.4745933646
0.5496807839
0.6651662892
0.4351056933
0.6451653082
0.6115747322
0.4901340537
0.5508330386
0.5737542133
0.4577050044
0.4316230056
0.5451026059
0.4899142729
0.5218055853
0.4920128529
0.4843990338
0.6583584843
0.5226411870
0.5552764108
0.4439646161
0.5721836622
0.5190762857
0.5627847751
0.5123715920
0.5997039440
0.5453101767
0.6022063089
0.4305629686
0.6377059997
0.5382827661
0.5073732181
0.4783914742
0.7005255723
0.4599725181
0.5925419541
0.6206995984
0.6961016055
0.7454594076
0.5384880860
0.4638350712
0.5748385429
0.5537908385
0.6007747413
0.6277625806
0.5451997594
0.7756110187
0.6772506430
0.5520907815
0.6069031269
0.5670414865
0.6668357407
0.6195786273
0.7156254270
0.7628263754
0.5944213870
0.5918813599
0.5893016503
0.7319088297
0.8052301566
0.6166731737
0.6299625165
0.6588155927
0.6016307458
0.7700629557
0.6109928688
0.6441227901
0.5971836280
0.7739262160
0.7036864856
0.6555140349
0.6277401773
0.6269428254
0.8198924323
0.7226110492
0.6250155801
0.6763274897
0.5359447476
0.7228397629
0.6135366371
0.6409638491
0.7643273079
0.6117536491
0.6714242824
0.7114608380
0.7221246417
0.6525226752
0.8499506485
0.6450546210
0.7048196432
0.7197252611
0.5567943166
0.7949255823
0.7484349273
0.6236026972
0.6394133949
0.6011392994
0.6424818427
0.6104558776
0.6592698103
0.8228706292
0.7332841646
0.7066911053
0.7766426409
0.7386745030
0.7544391992
0.7667096073
0.7958712866
0.6795202534
0.7374712967
0.6212896631
0.8094397249
0.6992195317
0.5931231951
0.7784917897
0.6986017605
0.8438668691
0.7748660081
0.8287362076
0.7310741201
0.7060012945
1.0198312029
0.6935054442
0.8512462538
0.7541789215
0.8495419830
0.7358709603
0.6941538772
0.7722050945
0.8632169443
0.6265835177
0.6589549667
0.8251322298
0.8688476423
0.8322032317
0.6894585089
0.8490238033
0.7686419120
0.8543525002
0.6993488022
0.8514890272
0.7913179354
0.8617728255
0.8827004776
0.7941956454
0.7864607674
0.8368277445
0.7066960698
0.8175101205
0.8804456450
0.8012061607
0.8333285099
0.8053264734
0.7804124875
0.6806993594
0.7610246545
0.7932549139
0.9032878835
0.7755064649
0.8194022657
0.8858882986
0.8198985454
0.8368533755
0.7858463283
0.7067320381
0.7781108703
0.7072453239
0.8554093271
0.8249107545
0.8074608945
0.9717045188
0.7349101631
0.8620720136
0.7302687620
0.8517769515
0.8494133066
0.8757735340
0.7759852156
0.9554109554
0.8523653407
0.9737353937
0.9381138795
0.8062046932
0.8355385878
0.9140262086
1.0831496738
0.9445118422
0.8766673251
0.8621856674
1.0216775450
0.8196266644
0.8144612990
0.9403846133
0.9627490287
0.9476588846
0.9828601317
0.8461850433
0.9815330529
0.8780581101
0.8055085814
0.8193786059
0.9317948705
0.9422533673
0.8278510546
1.0486267493
0.7431012195
0.8695463123
1.0707238322
0.9636569821
1.0647980883
1.0053697037
1.0161717994
0.8493256141
0.9668658574
0.9282799509
1.1844146969
0.8903442451
0.8643344408
1.0916812454
1.0173358701
0.9917464353
0.9775863052
1.0455912419
0.9247396165
1.0278528915
1.0354029404
0.9561697985
0.8342401950
0.9582500788
0.8464716157
0.9048385520
0.9810512781
1.0743758652
0.9914038977
1.0131080043
1.0280425884
0.9857123364
0.8852459934
0.9244754988
0.9633323512
1.0077005466
0.9881404363
1.0769512112
0.9848679795
