-0.9768916750
-0.9405503166
-1.0124220820
-0.9984468563
-1.0359858870
-0.9204635504
-1.0640064514
-0.9859833760
-0.9000964867
-0.9311792770
-0.9532626387
-0.9256368575
-0.9843084521
-0.9738963017
-1.1203248262
-0.9311174544
-0.9963990143
-0.9308306860
-0.9819817151
-1.0913258470
-1.0577334299
-0.8353625130
-0.8526689735
-0.8748907285
-0.8743635642
-0.9348831212
-0.9981004296
-0.8859032766
-0.9497402582
-1.0344715002
-0.8921787343
-0.8449478774
-0.9033325281
-0.5979294900
-0.9273206539
-0.8324516408
-0.7873549524
-0.9665343109
-0.8816437632
-0.9400783696
-0.9560498804
-0.9699159372
-0.7836322000
-0.9440775873
-0.9628556449
-0.8714425334
-0.7572971891
-0.7825448627
-0.9284422290
-0.9091756522
-0.9804448362
-0.8718849955
-0.7527162111
-0.8179911650
-0.9518480589
-1.0050948742
-0.7970999072
-0.9191916229
-0.8446032233
-0.9380168245
-0.7610753347
-0.9036077333
-0.8398453397
-0.8218581404
-0.7709843772
-0.8220635415
-0.9358813570
-0.8612648203
-0.9356421349
-0.8503014549
-0.8298607496
-0.8024702534
-0.8640695151
-0.8745085625
-0.9846606340
-1.0309885466
-0.9246454359
-0.8792479328
-0.9701321918
-0.9694581331
-0.8693907362
-0.7501107940
-0.7482287302
-0.8587689987
-0.7244317050
-0.8167020856
-0.9083520924
-0.8239840145
-0.8122466773
-0.8238993684
-0.9211703975
-0.7729614542
-0.8259296610
-0.9025214061
-0.7838858560
-0.7275836514
-0.8001719173
-0.8324552111
-0.8966287565
-0.8910444735
-0.9130289196
-0.8197371900
-0.7679448673
-0.7110798191
-0.7661974954
-0.7062554783
-0.6458832655
-0.7513451439
-0.7651831555
-0.8000615247
-0.6824956127
-0.7909117055
-0.7750194459
-0.7143682506
-0.8660765169
-0.6600500875
-0.7832933319
-0.7725240891
-0.6120552938
-0.8452488223
-0.6695099443
-0.7101587808
-0.6768279509
-0.6902001045
-0.5938071446
-0.8551023153
-0.7238990660
-0.7345811924
-0.9322235940
-0.7734786821
-0.7341285818
-0.6647813177
-0.7960205046
-0.8067543865
-0.7667224634
-0.6553619169
-0.6731853765
-0.7794557216
-0.7983108779
-0.8559281853
-0.6538275343
-0.7567587242
-0.6100622930
-0.7534688336
-0.6147750550
-0.7133845107
-0.6290988796
-0.7389314180
-0.8767937297
-0.6281724147
-0.4981281711
-0.6709734900
-0.8554310238
-0.7567071631
-0.6812322300
-0.7536552270
-0.5646676424
-0.7789558152
-0.7468786554
-0.5988077209
-0.7456396427
-0.7486628206
-0.7387460758
-0.6517726990
-0.5458183394
-0.6524338133
-0.6037163906
-0.5869968092
-0.6315119817
-0.7144001712
-0.7058919348
-0.5901106512
-0.6242820018
-0.6546025031
-0.6369463108
-0.5725305703
-0.5541131958
-0.7046923635
-0.7123342108
-0.5925845289
-0.6672274203
-0.5901856441
-0.6428495137
-0.6733482496
-0.5541998722
-0.5844348296
-0.8279189078
-0.4838695298
-0.6759099019
-0.6134577420
-0.6110659921
-0.5184544216
-0.6008973635
-0.6402249400
-0.7447707400
-0.7448590530
-0.6279714310
-0.7228146541
-0.6273302373
-0.5715946592
-0.5643522430
-0.6893908500
-0.5405523144
-0.6136088730
-0.5541709277
-0.6389640387
-0.6255745304
-0.5552368363
-0.5941083565
-0.5248188168
-0.5629148243
-0.4618042067
-0.4856190488
-0.6156724365
-0.5733432007
-0.6191411506
-0.4786611640
-0.5655632359
-0.6253499261
-0.6472150994
-0.5568544169
-0.4322171524
-0.5743124391
-0.5303083124
-0.5877416005
-0.5228174136
-0.5938509161
-0.6037425281
-0.5051902802
-0.7237343472
-0.4874149045
-0.5427896598
-0.4259963533
-0.6166294413
-0.4774404991
-0.6324046611
-0.4388352492
-0.5614983075
-0.5010964252
-0.7340084687
-0.6385743572
-0.6321632453
-0.4851250831
-0.6416751051
-0.5766743951
-0.5725387032
-0.3792388928
-0.4718180433
-0.4001475232
-0.4737100537
-0.4393633770
-0.4829616992
-0.4528553811
-0.5027325898
-0.4106842564
-0.4883663788
-0.5823650229
-0.4764732886
-0.4281188357
-0.4758742874
-0.4720101729
-0.5071265056
-0.3226104629
-0.5335300582
-0.4321907354
-0.5097232681
-0.4851784550
-0.4644658023
-0.5441747625
-0.5219452026
-0.3326501747
-0.4030235777
-0.4906243364
-0.5713511882
-0.5164089414
-0.4820934239
-0.3711841859
-0.3196197246
-0.5905922145
-0.4088982585
-0.4119597388
-0.4698537715
-0.4223559219
-0.4026985207
-0.3634832248
-0.3321470459
-0.4066549973
-0.4678896146
-0.4726795929
-0.3395380645
-0.4317097617
-0.4037877260
-0.2778564482
-0.3596556444
-0.4855364850
-0.5395987746
-0.3730686252
-0.3035117180
-0.4048705187
-0.4679217435
-0.4008969248
-0.3567021655
-0.3974714430
-0.5687939396
-0.3914861885
-0.5872080787
-0.4428126578
-0.3151590135
-0.3456020874
-0.3894526466
-0.4889707072
-0.4871869237
-0.3194786640
-0.4529175538
-0.2283088985
-0.4163570405
-0.3230416205
-0.4079444335
-0.3737924054
-0.3895284587
-0.3152552465
-0.4109793177
-0.4527040279
-0.2041742336
-0.4470035881
-0.4289791057
-0.3783695322
-0.4259986277
-0.2508745865
-0.3028197506
-0.2012404462
-0.3089256845
-0.2683854813
-0.3330965374
-0.3489354006
-0.3110955755
-0.1979905476
-0.2974651328
-0.3219804146
-0.2914269950
-0.2851255611
-0.2144254842
-0.2561076700
-0.4464728579
-0.2802167209
-0.3730120886
-0.2466829182
-0.4001228856
-0.2468179047
-0.3557129675
-0.2820721156
-0.4191761964
-0.3645683878
-0.2969563185
-0.4129808644
-0.2739138250
-0.2501988049
-0.2911988900
-0.2572508316
-0.3634183680
-0.1841357967
-0.4169802177
-0.2405897849
-0.2330518410
-0.2135877345
-0.1854009586
-0.3802457109
-0.2878408108
-0.0789956212
-0.3755961397
-0.2104369559
-0.2631965959
-0.1056292717
-0.2855791470
-0.2247289749
-0.2139722104
-0.3152590292
-0.2589320581
-0.1415278657
-0.2750920980
-0.1201181726
-0.1415978881
-0.1572994938
-0.1009776019
-0.2454492511
-0.2328798314
-0.2335152070
-0.0684418759
-0.2877387849
-0.3215098163
-0.1061920674
-0.2715434816
-0.2884290274
-0.2395860598
-0.2413787704
-0.1683191970
-0.2761753880
-0.2546837970
-0.3089537476
-0.1831349234
-0.2715981701
-0.1854916328
-0.1935311857
-0.3360166388
-0.0722816532
-0.1927806303
-0.0723634451
-0.2605541331
-0.3556594149
-0.1788967427
-0.0565064429
-0.2040817952
-0.0839517738
-0.2301156569
-0.1123202337
-0.1568919672
-0.2992599840
-0.0209345165
-0.1896105838
-0.2812582502
-0.2530555487
-0.1917442660
-0.1009471288
-0.2921906463
-0.0850611539
-0.2762531007
-0.1774486906
-0.1549687868
-0.2204347265
0.0005764268
-0.2302200908
-0.2613236107
-0.1743387073
0.0186492190
-0.0060245604
-0.0538614462
-0.1706089847
-0.0577059185
-0.1304858240
-0.0559974971
-0.0622830816
-0.1554967313
-0.2012006059
-0.2272515052
-0.1719478351
-0.1033435369
-0.1548691323
-0.0928199871
-0.0083450577
-0.1584265642
-0.1372954580
-0.1724111928
-0.0123809544
-0.1363277110
-0.0841453184
0.0467114721
0.1196891574
-0.0094540980
-0.0435895942
-0.0988814936
-0.0218896196
-0.1087676331
-0.2295722809
-0.0428494576
-0.0977916731
-0.0272552255
-0.0642567810
0.0823476175
-0.0097800172
-0.0067495040
0.0305440977
0.0009853481
-0.1270328141
-0.0516463872
-0.0144415483
0.0007541573
-0.0581236009
0.0428281711
-0.0525375996
-0.1514469259
-0.0608905000
-0.0554792664
-0.1095050713
0.0482012579
-0.1606951254
0.0554696381
0.1165153204
-0.1281763971
0.0746964069
0.0291048917
0.0666319868
0.1064948896
-0.0526965923
0.0778843347
0.0703810920
0.0104163430
-0.0187577485
0.0042240524
0.0106319903
0.0568907514
0.0270712439
0.0683938222
-0.2117832343
0.0692258374
0.1259264545
0.0151634665
0.1532107798
0.1061986533
-0.1125244759
0.0411648595
0.1387059588
0.1414786954
0.0463469789
0.0049228896
0.0895678866
0.2267297735
-0.1047104252
-0.0182686116
0.0559193562
0.0180666148
0.1834819098
-0.0108214185
0.0564988548
-0.1496554830
0.1815514622
0.0175449136
0.0235725622
-0.0017275058
0.0088168659
0.0651571515
0.0748463632
0.1444863258
0.1376725813
0.1818057365
-0.0081180931
0.0287003318
0.0966334577
0.0069283683
0.1180001845
0.0561557206
0.0560888941
0.1120418433
0.0650592236
0.1617286949
-0.0160565379
0.0037103419
0.1735630304
0.0697854937
0.0780552464
0.1149914127
0.2476110179
0.1025748261
0.2135051280
0.0767765766
0.0854339858
0.1086870511
0.1096094271
0.1922936946
0.1566324195
0.1462342082
0.0982788952
0.2807165330
0.1344599848
0.0006222097
0.1331593741
0.1443203790
0.1027742680
0.1685941575
0.1500445456
0.1570430989
0.0683782036
0.0658265284
0.1409320323
0.2786278905
0.0954016702
0.1252585267
0.1979471013
0.1635874406
0.1868940103
0.1214475331
0.1633277507
0.1951071138
0.0554459124
0.1385226649
0.1310176827
0.1173141999
0.1588785630
-0.0819367483
0.2353497689
0.2887408591
0.0773111010
0.2402439563
0.1321903740
0.1120588971
0.1272764263
0.3419267379
0.2015915815
0.2262438421
0.2911540756
0.2173337638
0.1645712229
0.2615739920
0.0230446602
0.3152214390
0.2118286128
0.2004590126
0.2528241809
0.3486215552
0.2910792317
0.2289993392
0.1581092543
0.1853135851
0.0764039324
0.2352063454
0.2188639091
0.2941609459
0.3269802137
0.3727429749
0.1155108145
0.0815743324
0.3326686208
0.2952295024
0.3246579454
0.1798889156
0.1496428967
0.3045546454
0.1809253814
0.2502986234
0.2999718082
0.2663451837
0.2137757705
0.2913112226
0.3499649156
0.3536376800
0.3577302492
0.2216901012
0.3251280627
0.2026203015
0.1920361299
0.1335881408
0.3388683177
0.1012232013
0.4137884159
0.1840197605
0.2946124758
0.4099934497
0.2191256729
0.4048406975
0.3853000963
0.3933822270
0.2641930291
0.1248247158
0.2904744504
0.1512871380
0.2604787191
0.2364559140
0.2904685348
0.2919058158
0.2583693658
0.3915427906
0.4204624372
0.3970284844
0.2563538799
0.5046044224
0.3138861803
0.4777896374
0.3577840906
0.2355058532
0.3847188041
0.3378391535
0.3066827642
0.4172421234
0.1911926622
0.2565129164
0.3682037557
0.4411444359
0.3075597971
0.3898376466
0.3695867453
0.2483757775
0.3178359517
0.4193081175
0.3082723001
0.3323571541
0.3692775241
0.4884610249
0.2631707782
0.1892276196
0.3867689606
0.3770364108
0.4457032795
0.2681737456
0.2854317641
0.3997402380
0.4103688763
0.3704162067
0.2874580589
0.4428910655
0.3297539043
0.3162881527
0.4417081513
0.4586117181
0.3628800618
0.3580111481
0.4209022867
0.2816094661
0.4380864521
0.5019032470
0.4591165832
0.3785498009
0.4073044216
0.4320532075
0.4673309015
0.4144542737
0.4112388314
0.5041699735
0.4451017864
0.3883055520
0.4786990907
0.4207842107
0.4071427657
0.5208826896
0.3991125145
0.4800955454
0.5020626053
0.3286196190
0.4366008249
0.4585379939
0.5032750521
0.4556278673
0.4611596903
0.4306134218
0.4394442593
0.4297931590
0.4485523037
0.4518674259
0.4761230692
0.3761650512
0.5342133025
0.4844721729
0.3322913355
0.3851784183
0.4576776531
0.4306996286
0.4221153927
0.5120290582
0.3451713023
0.4461394300
0.3628987576
0.5135799791
0.4797760462
0.5600562156
0.5973142721
0.4278580781
0.5515012162
0.6084877140
0.3972824831
0.4699946656
0.5430570427
0.6589399535
0.4417741919
0.6210499237
0.6193041494
0.4805682866
0.5620753748
0.5963754444
0.4553144200
0.4345166155
0.5344745259
0.4666761522
0.5275692780
0.5082149322
0.4889683718
0.6422858955
0.5187004499
0.5597928963
0.4581808298
0.5780755863
0.5003942440
0.5518520254
0.5149534274
0.6157076605
0.5442085850
0.5549999548
0.4275455965
0.6560876910
0.5714852099
0.4826839210
0.4554083451
0.7133780098
0.4804831728
0.5783344461
0.6121259812
0.7098093902
0.7544139948
0.5492566288
0.4731967799
0.5982079472
0.5245312813
0.6020106786
0.5902455431
0.5568855810
0.7750329798
0.6858934589
0.5560049366
0.6307245089
0.5783953209
0.6865090451
0.5888904504
0.7302246846
0.7755399236
0.6250522424
0.5827612261
0.5670512430
0.7242301126
0.7904218332
0.6159070251
0.6319393316
0.6530543847
0.5893960637
0.7456293805
0.5949399340
0.6453351370
0.6234896499
0.7887480630
0.7102441482
0.6747735390
0.6309173353
0.6275625773
0.8006594919
0.7225311564
0.6449148463
0.6732695715
0.5543164694
0.7330998983
0.6150451870
0.6293851296
0.7497592915
0.5990801354
0.6637415599
0.7111448654
0.7318991326
0.6779785701
0.8442792756
0.6491138638
0.7094959563
0.7015622806
0.5401973963
0.7856192880
0.7612261889
0.6180412534
0.6720488766
0.6297313604
0.6567644204
0.6110810003
0.6572368652
0.8078037885
0.7314838635
0.7172955204
0.7790869877
0.7422750372
0.7753487863
0.7646240305
0.7776140589
0.6832342146
0.7521777223
0.5949923309
0.8014963236
0.7080033812
0.6121531626
0.7453057067
0.6923529458
0.8597911280
0.7925123663
0.8135415011
0.7261843273
0.7092636017
1.0188091341
0.7050652876
0.8384345685
0.7637041480
0.8374693800
0.7309192119
0.7083128673
0.7622731540
0.8639567793
0.6307798042
0.6873468448
0.8284342709
0.9232189803
0.8427020350
0.7039972469
0.8566603254
0.7417697520
0.8373668822
0.7044179380
0.8582357233
0.8003372467
0.8763641216
0.8923169294
0.7899666019
0.7808708378
0.8474686284
0.6738180445
0.7991814943
0.8877971256
0.8008420829
0.8224397729
0.8024605649
0.7974734530
0.6731643692
0.7845471912
0.7864263270
0.9192964296
0.7729512235
0.8155730167
0.8797045912
0.8152625260
0.8490307474
0.7887117260
0.7345966854
0.7794274626
0.7247686611
0.8604626271
0.8350692122
0.8210777286
0.9609601532
0.7479897437
0.8508274369
0.7450486535
0.8758078989
0.8402688098
0.8835057206
0.7841803698
0.9683206115
0.8379514386
0.9686025601
0.9331970435
0.8147924767
0.8576159003
0.9316096931
1.0827972107
0.9483853895
0.8802196269
0.8576374724
1.0256499775
0.7982644033
0.8483457238
0.9403032704
0.9603705593
0.9353269206
0.9844627279
0.8491229405
0.9714192778
0.8559303085
0.7912845003
0.8170223619
0.9526490322
0.9577425782
0.8093724786
1.0458123253
0.7346741631
0.8913033761
1.0718576644
1.0102340855
1.0596771807
0.9908394216
1.0159263825
0.8482713533
0.9583519128
0.9396288923
1.1616843505
0.8925954328
0.8539845499
1.0996975417
0.9968103757
0.9799315900
1.0005180274
1.0641360072
0.9367932602
1.0220649581
1.0349596194
0.9569033145
0.8302030825
0.9382390539
0.8657719437
0.9131587292
0.9857398821
1.0873316634
1.0003676769
0.9994174471
1.0352953328
0.9744513560
0.8805374615
0.9153402934
0.9584705600
1.0062238538
1.0161658682
1.0679890654
0.9773180500
