-0.9998018794
-0.9267369545
-1.0146639626
-0.9800719028
-1.0462496952
-0.9157231251
-1.0697578071
-0.9857772253
-0.9125134683
-0.9161259418
-0.9462608651
-0.9293666633
-1.0030481465
-0.9764991099
-1.1028133095
-0.9202441538
-0.9954326975
-0.9113484019
-0.9974530120
-1.0910743009
-1.0601511692
-0.8469261611
-0.8545766845
-0.8780317016
-0.8573138302
-0.9208283857
-1.0196682505
-0.8655135089
-0.9301870995
-1.0360768422
-0.9049039091
-0.8190878399
-0.9115104217
-0.6195761596
-0.9628650004
-0.8122925908
-0.7955862165
-0.9805480320
-0.8846638135
-0.9214602763
-0.9664676645
-0.9676738611
-0.7902424497
-0.9306742018
-0.9893806728
-0.8382469495
-0.7774709745
-0.7412334621
-0.9239687233
-0.8886803366
-0.9834286520
-0.8603193222
-0.7452889769
-0.8174634454
-0.9652651944
-1.0023742975
-0.7967393154
-0.9517389370
-0.8366956311
-0.9371449347
-0.7676651441
-0.8947337212
-0.8659092122
-0.8198358215
-0.7428742589
-0.8324597218
-0.9356095133
-0.8519247474
-0.9600460714
-0.8580622827
-0.8205980282
-0.7756414150
-0.8587688847
-0.8567706176
-1.0065644330
-1.0507281853
-0.9261872935
-0.8976179118
-0.9636844117
-0.9590568110
-0.8873754422
-0.7449393833
-0.7575624089
-0.8462241102
-0.7289692934
-0.7895972391
-0.9232085605
-0.8314071994
-0.8095631965
-0.8357190260
-0.8803681688
-0.7809193491
-0.8218449083
-0.8897048296
-0.7743959609
-0.7176733903
-0.8093174088
-0.8481132805
-0.9025731059
-0.8865947616
-0.8892706028
-0.8306722870
-0.7556032640
-0.7314168805
-0.7777937011
-0.7230114973
-0.6436605358
-0.7392056245
-0.7782611202
-0.7821895858
-0.7073983753
-0.7822501574
-0.7782590082
-0.7108449119
-0.8748492144
-0.6529110559
-0.7778067780
-0.7714775394
-0.6464194067
-0.8438193246
-0.6853880794
-0.6862504297
-0.6874508312
-0.6908046775
-0.5796671506
-0.8614449392
-0.7005244411
-0.7546692625
-0.9377757091
-0.7850208693
-0.7391893760
-0.6296329107
-0.7807992938
-0.8240876009
-0.7851320486
-0.6465974115
-0.6847132665
-0.7739024820
-0.8025543642
-0.8483238274
-0.6738729318
-0.8010012129
-0.6192664930
-0.7443067101
-0.6152229283
-0.7197219794
-0.6354468741
-0.7344604594
-0.9027787570
-0.6335032176
-0.5193252458
-0.6796245443
-0.8574179600
-0.7614464856
-0.6756325784
-0.7510251007
-0.5763305601
-0.7872535974
-0.7113370908
-0.5955564076
-0.7382198847
-0.7421415942
-0.7437729407
-0.6448411802
-0.5329792550
-0.6353932220
-0.6204224461
-0.5984481643
-0.6033305631
-0.6948425824
-0.7167497282
-0.5991645999
-0.6103496968
-0.6530835781
-0.6489893539
-0.5829240692
-0.5529062972
-0.7058787271
-0.6840864691
-0.5663770012
-0.6808847994
-0.6105761550
-0.6489704487
-0.6545123262
-0.5596283356
-0.5846919853
-0.8228399282
-0.4965277679
-0.6815202850
-0.6099068748
-0.5897900108
-0.5177039079
-0.5919396437
-0.6346424086
-0.7378005609
-0.7422767667
-0.6438236192
-0.7239458231
-0.6251242302
-0.5696841435
-0.5715381904
-0.6763314605
-0.5439957827
-0.6124982274
-0.5574573170
-0.6377976421
-0.6102068718
-0.5738880963
-0.5848321667
-0.5358260588
-0.5612587088
-0.4835986720
-0.4513740876
-0.6358266459
-0.5631117789
-0.6331076249
-0.4521258544
-0.5816245343
-0.6605681843
-0.6423422800
-0.5758158917
-0.4303214111
-0.5708365353
-0.5482564945
-0.5832562407
-0.5305298847
-0.5968477130
-0.5957746639
-0.4970107537
-0.7049112622
-0.5009671593
-0.5310561515
-0.4065806202
-0.6151507588
-0.4911063946
-0.6147775390
-0.4492687094
-0.5574838588
-0.5089993757
-0.7415076509
-0.6564496556
-0.6259287731
-0.4876379991
-0.6280868386
-0.5568391409
-0.5631032348
-0.3760066540
-0.4772396362
-0.4253588361
-0.4958018347
-0.4536543862
-0.4756577925
-0.4436815203
-0.5032410935
-0.3985600092
-0.5083330066
-0.5925708560
-0.4682049905
-0.3887409327
-0.4626008627
-0.4442832824
-0.4957752010
-0.3369342666
-0.5474952557
-0.4602631471
-0.5092074310
-0.4949560870
-0.4689622424
-0.5314134906
-0.4911866444
-0.3369297070
-0.3907187811
-0.4931348069
-0.5611912398
-0.5011429148
-0.5157497534
-0.3820501507
-0.2976300440
-0.5986396493
-0.4059371729
-0.4223319893
-0.4727109431
-0.3811886728
-0.3965096398
-0.3602025544
-0.3485530471
-0.4102948530
-0.4888606070
-0.4771678894
-0.3559656450
-0.4149866693
-0.4089103563
-0.3153261826
-0.3573363894
-0.4751758322
-0.5351237339
-0.3949609693
-0.3021594321
-0.3975972583
-0.4729833519
-0.4016044136
-0.3462807237
-0.4243583981
-0.5457421386
-0.3682144222
-0.5893300185
-0.4542796640
-0.3255735738
-0.3538633331
-0.4170973917
-0.4809749878
-0.5011881996
-0.3322438438
-0.4606251049
-0.2251814569
-0.4497194767
-0.3549523011
-0.4162241556
-0.3717665559
-0.3644655159
-0.3313491510
-0.4096572075
-0.4256261594
-0.1797334206
-0.4414043122
-0.4099104058
-0.3746288550
-0.4269304944
-0.2509754203
-0.3168416917
-0.1985196256
-0.3022887943
-0.2569883935
-0.3428526067
-0.3457543015
-0.3026067687
-0.2146323291
-0.2972550866
-0.3130963245
-0.2886071408
-0.2612848476
-0.2147936654
-0.2523492766
-0.4544729504
-0.2915380721
-0.3503625601
-0.2430761837
-0.3827783919
-0.2372018081
-0.3607513429
-0.2697766236
-0.4019223195
-0.3670185682
-0.3041702348
-0.3849594618
-0.2745446520
-0.2475818737
-0.3013146898
-0.2625599431
-0.3563845021
-0.1975205678
-0.4181392568
-0.2357039660
-0.2406802176
-0.2263498609
-0.1780832437
-0.4060333949
-0.2538145297
-0.0697551618
-0.3630374682
-0.1752353151
-0.2610294897
-0.0977907098
-0.2931261650
-0.2449985663
-0.2243736100
-0.3129415192
-0.2644088037
-0.1357373999
-0.2819967453
-0.1581957547
-0.1613947505
-0.1641848416
-0.0859827034
-0.2433205509
-0.2267190188
-0.2435166058
-0.0559872670
-0.3086809717
-0.3137592402
-0.1120567057
-0.2806635554
-0.2873889222
-0.2358928956
-0.2291929724
-0.1785950003
-0.2809251504
-0.2369795906
-0.3252063872
-0.1886896759
-0.2746166446
-0.1966520891
-0.1915415215
-0.3423101940
-0.0633437628
-0.2079788279
-0.0834143037
-0.2689518023
-0.3572130411
-0.1624013043
-0.0472389369
-0.2103997252
-0.1017789949
-0.2085766409
-0.1106534513
-0.1847512233
-0.2828130242
-0.0244593274
-0.1919221616
-0.2612613884
-0.2459200757
-0.1912000020
-0.0887951116
-0.3048942483
-0.0779629705
-0.2603757955
-0.1851009426
-0.1708308244
-0.2214075931
-0.0100977033
-0.2243348264
-0.2833381240
-0.1730938697
0.0135597039
-0.0159243282
-0.0920752175
-0.1882326279
-0.0755569369
-0.1394095048
-0.0656570335
-0.0624736146
-0.1425328642
-0.2069887847
-0.2158283979
-0.1900935217
-0.0859093233
-0.1524992780
-0.0729197157
-0.0023932696
-0.1776464419
-0.1650981821
-0.1752143100
-0.0061439087
-0.1113264811
-0.0583262482
0.0452483684
0.1293967042
0.0160213724
-0.0464281340
-0.1025665549
-0.0124841015
-0.1168894857
-0.2333373571
-0.0600512120
-0.0755587881
-0.0138472944
-0.0322356588
0.0680192514
0.0083113284
0.0158558496
0.0392479187
0.0161267876
-0.1207481151
-0.0615859714
-0.0162668327
-0.0000465309
-0.0656662449
0.0632751011
-0.0582815427
-0.1451380831
-0.0594230534
-0.0697495580
-0.0855169414
0.0798567739
-0.1441039092
0.0585682132
0.0992144661
-0.0918027179
0.0788089505
0.0367203948
0.0722494669
0.0940195893
-0.0453865507
0.0837252076
0.0525651601
0.0009721072
-0.0112613373
0.0028307635
0.0146960881
0.0489127147
0.0002487863
0.0682280260
-0.2014280613
0.0502734593
0.1136426087
0.0172612868
0.1451768807
0.1057470829
-0.1296496542
0.0481895908
0.1235852777
0.1435082657
0.0397581034
0.0128002445
0.0766765353
0.2381602983
-0.1126113447
-0.0127267837
0.0181365463
0.0537003525
0.2019617556
0.0091649377
0.0617514663
-0.1475913125
0.2052635704
-0.0143952421
0.0320184698
0.0001593562
0.0273973482
0.0778302006
0.0708012288
0.1388614093
0.1422192226
0.1971076873
-0.0109151656
0.0649890761
0.0943175210
0.0198259997
0.1149486788
0.0533998331
0.0417900295
0.0966091891
0.0561388872
0.1628201548
-0.0135514747
0.0190877988
0.1674969793
0.0647976305
0.0807474528
0.1278486177
0.2425378534
0.1189754858
0.1820706232
0.0773381761
0.0671803266
0.1015136552
0.1349986343
0.1826406199
0.1616496569
0.1549256716
0.0973629511
0.2965210532
0.1197483311
-0.0060393207
0.1390515307
0.1300601723
0.0968196810
0.1497384624
0.1225464145
0.1534174441
0.0749561242
0.0841754767
0.1303111073
0.2829046813
0.0882601751
0.1301975776
0.1955724542
0.1575174721
0.2037951820
0.0986393847
0.1450611841
0.2012961784
0.0462741189
0.1281497802
0.1198901722
0.1287427063
0.1602793685
-0.0612099447
0.2372533289
0.2964528435
0.0783321116
0.2498794776
0.1137253542
0.0939201989
0.1373959679
0.3301399934
0.2046350451
0.2346708316
0.3245212947
0.2236275272
0.1955824867
0.2634990067
0.0257325052
0.2869339085
0.2059045405
0.2034178132
0.2732238573
0.3603643490
0.2929724822
0.2387721615
0.1697861679
0.2065260288
0.0851659389
0.2495417088
0.2029824206
0.2943505581
0.3387697822
0.3713521165
0.1034662662
0.0790879034
0.3080793981
0.2887170412
0.3480682792
0.1794889038
0.1433777416
0.3094130316
0.1834904665
0.2449953361
0.2719181870
0.2410193781
0.2255951654
0.2945374352
0.3527775371
0.3581325664
0.3695608952
0.2245956852
0.3277247036
0.2205890743
0.1832603675
0.1377770394
0.3256851764
0.0998020055
0.4232966580
0.1704997238
0.2675992889
0.4399143314
0.2281669309
0.3946955399
0.3819033228
0.4160924051
0.2707986997
0.1039282667
0.2925131058
0.1647845140
0.2650132124
0.2244992436
0.3116060769
0.2819792547
0.2786508509
0.3907087765
0.4068474177
0.3885139804
0.2493389059
0.5130178827
0.3231924318
0.4678577987
0.3557689027
0.2340750518
0.3892089670
0.3525002937
0.3145417849
0.4452313380
0.2232895229
0.2687216152
0.3652087023
0.4771241305
0.3043203282
0.3820396763
0.3748272072
0.2603931538
0.3320944898
0.4324232043
0.2736102136
0.3413152040
0.3799473184
0.4910085092
0.2566351956
0.1750925698
0.4151093905
0.4099995163
0.4407700823
0.2457525850
0.2624518153
0.3664839710
0.4185239153
0.3678072518
0.2735052847
0.4681864148
0.3321775932
0.3210314253
0.4255570642
0.4692991539
0.3919704651
0.3749541894
0.3841923144
0.2739347220
0.4409586104
0.4914451074
0.4773060977
0.3990702386
0.4116451839
0.4296730119
0.4878815511
0.4150747896
0.4034702394
0.5138419028
0.4557896941
0.3867654212
0.4856181687
0.4320619606
0.4076295194
0.5329552665
0.3781540148
0.4715086244
0.4844907460
0.3319717794
0.4348242086
0.4412348412
0.5186479395
0.4491726898
0.4617500277
0.4230278119
0.4436971901
0.4326450789
0.4707853917
0.4444262487
0.5050890974
0.3761311050
0.5226228457
0.4785433742
0.3245491344
0.3818067172
0.4421102113
0.4122469579
0.4080951519
0.5076707873
0.3533919748
0.4502281999
0.3864072292
0.5117493647
0.4647892039
0.5566316003
0.6038985774
0.4624535014
0.5373541350
0.5978587497
0.3930068977
0.4752645414
0.5716833536
0.6440436207
0.4447468731
0.6247210423
0.6179932290
0.4955085583
0.5200543387
0.6024211487
0.4652188907
0.4357680117
0.5350812144
0.4899966652
0.5178069842
0.4949696963
0.4917935260
0.6489517404
0.5166228134
0.5695085929
0.4426996674
0.5885648893
0.5258644925
0.5674281716
0.5111391502
0.6185502871
0.5658424840
0.5749581721
0.4371861680
0.6496237007
0.5346633967
0.5046709911
0.4691885181
0.6779892361
0.4723350371
0.5812136817
0.5922821780
0.6913297243
0.7261409321
0.5549288458
0.4793885379
0.5845630526
0.5632062068
0.5922930849
0.5940676479
0.5599751366
0.7968147422
0.6965822183
0.5758297545
0.6276640296
0.5671709532
0.6768111912
0.5972274545
0.7115522666
0.7836277021
0.6073066545
0.5873267096
0.5892170501
0.7270307185
0.7955639095
0.6288717293
0.6251327827
0.6611073949
0.5961007182
0.7620267530
0.6114467095
0.6402215096
0.6207325339
0.7896236931
0.7352284374
0.6631800972
0.6296074364
0.6283981419
0.7886935904
0.7202254586
0.6433321251
0.6699542991
0.5224248543
0.7384240937
0.6361185260
0.6290866269
0.7656448055
0.6021402277
0.6696590168
0.7027026563
0.7434633222
0.6653559367
0.8529749238
0.6411187765
0.6963346748
0.7061771287
0.5476684478
0.7944572948
0.7401893344
0.6362224056
0.6714497674
0.6389749431
0.6478905782
0.6196369032
0.6658391487
0.8024504656
0.7131293558
0.6924724425
0.7969629914
0.7394560431
0.7610617799
0.7565098612
0.7701337250
0.6814690386
0.7547937314
0.6164507521
0.8023223378
0.6955034423
0.5942709686
0.7590140282
0.6937337959
0.8512410925
0.7789702462
0.8340505879
0.7189139567
0.7158533631
1.0053960381
0.7062228227
0.8487226513
0.7521601476
0.8398071703
0.7347525051
0.7039118173
0.7459108164
0.8703425322
0.6385622399
0.6824474520
0.8454751770
0.8746008828
0.8537257523
0.7133374372
0.8570416116
0.7608468453
0.8358193214
0.7086091821
0.8447557409
0.8156727935
0.8740438496
0.8829181798
0.7978068914
0.7860673118
0.8657205238
0.6873221691
0.8079780064
0.8927670487
0.7980856773
0.8061525985
0.7807713478
0.7902629348
0.6922819613
0.7699559131
0.7954554713
0.9386974462
0.7886740494
0.8197511299
0.8657946192
0.8102179907
0.8500945147
0.7992545159
0.6998517283
0.7691317618
0.7314235712
0.8418545089
0.8529951996
0.8175532078
0.9724523348
0.7440922168
0.8843949318
0.7426417595
0.8570686557
0.8682054396
0.8866977242
0.7539389699
0.9573003159
0.8361843698
0.9607128706
0.9458147903
0.8040429270
0.8519413873
0.9297275145
1.0569730152
0.9320268478
0.8919408500
0.8399643646
1.0247495181
0.8146626660
0.8366201956
0.9291622952
0.9591625076
0.9294584529
0.9693066248
0.8546860371
0.9813480277
0.8717393905
0.8001200625
0.8231783741
0.9497593213
0.9617194506
0.8234788984
1.0386091133
0.7387371096
0.8633041430
1.0834418510
0.9961442317
1.0574477350
0.9824264304
1.0282179598
0.8560652599
0.9646089303
0.9189144116
1.1608594935
0.8705627145
0.8447366162
1.0981241093
0.9928614452
0.9952898215
0.9916991232
1.0618324496
0.9230168624
1.0000009035
1.0305362357
0.9557216916
0.8303445362
0.9606445591
0.8513609122
0.9193914217
0.9943261619
1.0753665045
1.0063095018
0.9986159179
1.0392279730
0.9855031525
0.8773415287
0.9177318638
0.9939706757
0.9829871754
0.9933909218
1.0849032170
0.9783714453
