-0.9911319386
-0.9768605690
-1.0073413107
-1.0633614005
-1.0202448439
-1.1313618452
-1.1281607589
-1.0179384027
-1.0444792549
-1.0277431504
-0.9249179671
-1.1463008389
-1.0866337291
-0.9626866713
-0.9324474147
-0.8819682814
-1.0690541151
-1.0395575815
-1.0007158791
-0.9544796802
-0.9774350183
-0.7987883716
-1.0633815926
-0.9180731435
-0.9302407979
-0.9292333235
-1.0482495005
-0.9847092488
-0.9797529515
-0.9815125964
-0.8894565567
-0.8914438894
-0.9561035218
-0.9259538060
-0.9876769248
-0.9125311390
-0.9680969770
-1.1047635845
-1.0569698443
-1.0075159130
-0.9134472640
-0.8941166211
-0.9221847171
-1.0445271899
-0.8554505582
-0.9214238509
-1.0151672409
-0.9473587469
-0.7964102009
-0.8320527187
-0.9592226637
-0.8888031788
-0.9963304518
-0.8903877437
-0.9070862170
-0.9338492413
-1.1232643962
-0.9553732883
-0.8997041238
-0.8967701302
-0.8366510911
-0.9274494553
-0.8302466973
-0.9044493593
-0.8764957659
-0.8631089529
-0.8799723849
-0.9054581962
-0.8880099558
-0.9143895746
-0.7408398510
-1.0582271875
-0.8776094449
-0.7738916406
-0.7018230784
-0.8633545094
-0.7366047870
-0.8089150058
-0.9238595988
-0.9210272726
-0.9392750870
-0.8991217755
-0.7335155766
-0.7928031099
-0.7596213583
-0.8512967880
-0.8107891870
-0.7396231833
-0.8528614849
-0.7184492934
-0.7980177459
-0.6754419999
-0.8215266401
-0.9723878814
-0.8481677476
-0.8412770537
-1.0286927567
-0.6843609900
-0.8496577510
-0.7102262660
-0.7874208914
-0.9120354570
-0.8030799198
-0.8458519695
-0.7963355622
-0.8121218542
-0.8002719156
-0.9067995733
-0.8634322123
-0.9088468372
-0.6884979151
-0.8571580582
-0.7820124730
-0.6621023538
-0.6952813743
-0.8564154107
-0.7984151612
-0.8538200173
-0.7306563423
-0.8046660725
-0.7598199299
-0.6629716015
-0.6942060896
-0.7744140417
-0.6784735159
-0.7964376213
-0.7400177779
-0.6892611686
-0.8461654789
-0.7218633714
-0.7195579771
-0.6018614216
-0.7130595806
-0.8774645163
-0.8550282372
-0.7085558748
-0.6909343896
-0.7429150448
-0.6469989458
-0.8917114305
-0.7621709529
-0.7120474084
-0.7852960382
-0.6095354790
-0.5972596224
-0.7885121385
-0.7018686182
-0.6600286394
-0.6801471389
-0.6247771325
-0.5835995696
-0.8564651129
-0.8855390473
-0.6644740818
-0.8666601176
-0.7169502950
-0.6592812606
-0.6639124553
-0.7287436744
-0.7821665862
-0.7520031537
-0.7704541541
-0.7445132360
-0.6601909007
-0.7126229273
-0.4795575575
-0.6761622859
-0.5350026834
-0.5940958777
-0.6682219390
-0.6791645839
-0.7218339973
-0.6120022670
-0.8476123374
-0.5646179226
-0.7676391778
-0.6646302355
-0.8919203528
-0.6973775028
-0.6644568808
-0.6266325635
-0.5545057587
-0.4967415072
-0.6209301862
-0.4437713108
-0.7244335536
-0.6187501702
-0.7119968726
-0.5279481725
-0.8549032801
-0.6087899571
-0.6806247166
-0.6950655013
-0.5905652040
-0.5702003419
-0.6442544993
-0.7846286030
-0.6360267238
-0.6524643376
-0.7122769360
-0.5263168238
-0.6628975964
-0.6470016600
-0.7090232315
-0.5928015790
-0.6651080160
-0.5511586864
-0.5087539696
-0.4454513586
-0.7284926157
-0.5976720595
-0.5064853114
-0.6565078986
-0.5678200618
-0.4498520126
-0.6651557462
-0.6167150053
-0.7235678468
-0.5092407312
-0.6201979399
-0.5836059528
-0.6271322896
-0.4321394085
-0.5496810182
-0.4275878779
-0.5024357277
-0.4634496387
-0.5600042098
-0.5833918071
-0.4819343508
-0.4277525582
-0.5798893232
-0.6480409388
-0.6089670061
-0.5052808667
-0.5591150971
-0.6166400979
-0.5331278562
-0.5543351342
-0.6344204588
-0.6091482261
-0.4686722308
-0.5857737731
-0.5225769670
-0.6479952121
-0.5452693501
-0.5666667379
-0.3946865283
-0.4932736691
-0.6476750884
-0.6239718200
-0.5671184359
-0.4744275072
-0.5469760001
-0.4543214661
-0.5181867572
-0.5943173159
-0.3834956021
-0.3847213874
-0.5800347770
-0.3451668277
-0.4449318682
-0.4740832600
-0.4453653260
-0.3365979601
-0.4800084013
-0.4818486461
-0.3120232577
-0.3014191351
-0.3504507666
-0.4578720399
-0.4415082772
-0.3918168711
-0.4875068421
-0.3740134514
-0.5010254362
-0.4157210278
-0.4162966487
-0.4441842511
-0.4545500774
-0.4578575182
-0.3558714283
-0.4337425540
-0.4661398138
-0.4172824461
-0.3146390226
-0.4174561079
-0.5207283790
-0.5371117863
-0.3711962317
-0.4449294914
-0.4261547683
-0.3237507717
-0.4707996440
-0.4244339775
-0.3585455067
-0.4461284823
-0.4899439787
-0.4068217012
-0.4036458804
-0.4080062528
-0.5471838008
-0.3953695424
-0.2661237081
-0.4899106764
-0.3472388956
-0.3491680467
-0.3974030457
-0.4273765723
-0.4608362367
-0.3448456523
-0.4344872291
-0.3829375593
-0.4133195161
-0.4567007380
-0.3501210672
-0.5318518475
-0.4090283352
-0.1529830774
-0.3873865548
-0.2185220842
-0.4228476990
-0.3856429810
-0.3010318007
-0.5148610192
-0.2943208019
-0.4382231836
-0.3576572405
-0.2597983844
-0.4618553433
-0.3465749466
-0.2292352032
-0.2116373288
-0.3722778286
-0.4256216484
-0.3637214329
-0.3532957260
-0.3385687788
-0.1884656065
-0.4054893821
-0.3440670202
-0.1944959039
-0.2818756173
-0.3281119743
-0.6122963193
-0.4030352049
-0.3566298765
-0.2870170984
-0.1666631351
-0.2426454721
-0.1226112281
-0.3595143330
-0.3552207400
-0.3186639876
-0.4203122384
-0.3941890784
-0.1767660224
-0.2717121135
-0.3701786616
-0.1762033184
-0.2479692166
-0.3493983146
-0.4100478749
-0.1093545275
-0.2266894967
-0.2448451453
-0.3208608758
-0.2784848750
-0.2188415708
-0.2833350302
-0.2879410908
-0.2037950452
-0.3082623819
-0.1864450191
-0.2215939090
-0.2647260096
-0.2238002967
-0.3171800869
-0.2439582947
-0.2673639991
-0.2529849740
-0.2921060221
-0.3558448838
-0.3251759265
-0.2451282991
-0.2136303474
-0.2004125381
-0.1799799974
-0.1642925776
-0.1662322221
-0.2959892559
-0.2229430811
-0.1373305351
-0.1982871367
-0.1777961588
-0.3078168749
-0.2024493858
-0.2112627672
-0.3599107948
-0.2588308087
-0.3315322863
-0.2664543214
-0.2684763443
-0.2290161793
-0.2757472193
-0.2145287716
-0.2414833712
-0.3474079822
-0.2378147113
-0.1876727271
-0.0688451018
-0.2968542313
-0.0982106556
-0.2634672330
-0.0672494403
-0.1088236571
-0.0130966970
-0.1411599866
0.0431436702
-0.2473580952
-0.0965997779
-0.2074093185
-0.0497315674
-0.1639063846
-0.1711068376
-0.1604623225
-0.0262994519
-0.1185252770
-0.0853314595
-0.2225746480
-0.0846869355
-0.2636386952
-0.1198603782
-0.1474849515
-0.2059782207
-0.1316419231
-0.1239637074
-0.0715986164
-0.1225587568
-0.2274563230
-0.1295733858
-0.0328168135
-0.1871239365
-0.0772972688
-0.1382668490
-0.3246951449
-0.1427174586
-0.1315519664
-0.1193238935
-0.0504861307
-0.2361174818
-0.0623734360
0.0120082584
-0.2047925403
-0.1038119725
-0.1189327041
-0.0327931688
0.0789766786
-0.0356093697
-0.0877769990
-0.0947244479
-0.1029440355
-0.1377263432
-0.0065805242
-0.0378642523
-0.1392996159
-0.2468867569
0.0019891541
-0.2286471922
0.0095326278
-0.0159701983
-0.0947539400
-0.0252134441
0.0263853334
-0.2069650209
-0.1397165996
-0.0399922486
0.0139394273
0.0400367759
-0.1380712003
0.0904297445
-0.0573337325
-0.0248178096
-0.0431209571
0.0763280832
0.0057049943
-0.0100930878
-0.0690617141
0.1007861253
0.0158695239
-0.1164611583
0.0985965193
0.0843944817
-0.0087479670
-0.0751550176
-0.0233924665
-0.0424798885
0.0401613397
0.0211477234
-0.0457879741
0.0411020646
0.1057990946
0.0008719343
0.0996785227
-0.0333482668
0.0174120217
-0.1440157858
-0.0783568111
-0.0232698849
0.0157005408
-0.0962545482
-0.0158315099
0.0356043079
0.1821175357
0.0627193947
0.1334914347
0.0396016849
-0.0002307832
-0.0606896217
0.0802186584
0.0007712457
0.1281983736
0.1960451709
0.1438642247
-0.0372906057
-0.0432902910
-0.0096154778
-0.0631149638
-0.0865620651
-0.1361914164
0.0988617410
0.1342075137
-0.0303873733
0.1049901258
0.1209584697
0.1117707097
0.2297135478
0.1317829695
0.0703999330
0.0700670923
-0.0279238222
0.1588106469
-0.0402975932
-0.0068604471
0.0061898583
0.0888696574
0.1367342834
0.1630144333
0.1033829684
0.0878897161
0.0062771677
0.0560359136
0.0777463036
0.0093832252
0.0429426030
0.0953072919
0.2322922775
0.1500634258
0.1501749294
0.3566956214
0.1451478919
0.1142229312
0.1966000144
0.0655716411
0.0072536961
0.1892593219
0.2327862224
0.0940934805
0.2304174980
0.1770480480
0.1103472984
0.1635512423
0.0216127833
0.2195124364
0.0877836355
0.2297904641
0.1487887498
0.2220501062
0.0650959144
0.2509088769
0.2135151711
-0.0503970823
0.1248865696
-0.0093363554
0.1559322039
0.1629341645
0.2121676326
0.3690674150
0.1246175772
0.0837608167
0.1493742264
0.0338386285
0.0903635489
0.1990055018
0.2236885711
0.3086898265
0.1548728508
0.1367568434
0.3121962929
0.1800004588
0.1693877786
0.1341353062
0.2371120638
0.2768065009
0.3860511818
0.2243480836
0.3130288318
0.3377400318
0.0525385810
0.2080858426
0.1742109832
0.2808299636
0.2518718527
0.1238012946
0.0856452754
0.1165376504
0.1771902875
0.2411959481
0.2566649998
0.3049233155
0.1551284413
0.2056898115
0.2695707055
0.2958837019
0.0967282698
0.2277830601
0.1852587322
0.1903925934
0.1480071376
0.2294871791
0.1373525713
0.1082223607
0.3335392509
0.3412586365
0.2175327363
0.3286761766
0.2697823727
0.1422905504
0.2246523432
0.2925887661
0.3834427379
0.3229163863
0.5098599613
0.2677343057
0.3444886193
0.3521498704
0.2483634928
0.3821283066
0.3165015549
0.3995001741
0.4699780434
0.3073828762
0.1830157679
0.3574364130
0.3249700310
0.4283658305
0.3361477970
0.2565679477
0.4609954034
0.3337963551
0.4010147930
0.3835190241
0.3355658323
0.4837945156
0.3181649334
0.4288884466
0.3252470868
0.1725348641
0.3064498083
0.3110809713
0.4004486645
0.1519596139
0.4288674957
0.1515717083
0.4179449404
0.2910050226
0.3013038709
0.4949172754
0.3105076826
0.2118628759
0.3257600473
0.4156513399
0.4595207559
0.3580737622
0.4496308135
0.4483233995
0.3174115563
0.4352335115
0.3220263306
0.3822032638
0.3766460087
0.2949998787
0.4128668482
0.4204141173
0.2664598870
0.3717110599
0.3937701816
0.3842919201
0.4636212652
0.3373837480
0.3748241557
0.4194045170
0.4789161592
0.4504953292
0.4251889288
0.4659343334
0.4880850915
0.4689899690
0.2868578522
0.5298217434
0.5274385670
0.4710774280
0.4474867938
0.3296164782
0.4337667115
0.5105328418
0.3439891235
0.4076930479
0.4302407376
0.5645265349
0.5695304382
0.4313864312
0.4071535284
0.3641273878
0.4965536917
0.4692849770
0.5180381906
0.5158300208
0.5640293337
0.5524106631
0.4131467096
0.4504375907
0.5098868684
0.3797851649
0.4886562182
0.5022978158
0.5541972028
0.4909411912
0.3156666641
0.3545807979
0.6208851764
0.4442031588
0.5576260656
0.6334128712
0.3239894359
0.3773087449
0.5379113001
0.6982240441
0.4890221340
0.4945597247
0.3750281173
0.5724155039
0.5268948724
0.4666114528
0.4732874749
0.5235968579
0.2784124286
0.4314210511
0.5761947372
0.7628759512
0.5743775572
0.4838573449
0.5420625726
0.5008168535
0.6696719071
0.5678131573
0.4658965144
0.4504287124
0.5685924871
0.5372031925
0.5333195621
0.6418908675
0.5602328237
0.5768112506
0.7200125853
0.6016733659
0.5667060258
0.6188098179
0.5457343689
0.4298294832
0.5772865298
0.6939145277
0.6646367434
0.5157250537
0.5733786806
0.5230445151
0.5423620383
0.7667522648
0.6088881629
0.5948437183
0.7046754406
0.5729905318
0.4390558963
0.6682572947
0.6515453698
0.5878227361
0.5258357802
0.8407945017
0.7446928168
0.7282868817
0.6634119581
0.5453580848
0.6827157230
0.5597298364
0.6863220639
0.6000920965
0.6625980527
0.5493051386
0.6325885439
0.5947246812
0.6796142889
0.6047275136
0.6241557747
0.6686942707
0.6772530220
0.6895575627
0.7157434706
0.5512410253
0.5729398868
0.6010265587
0.6539256521
0.6182480246
0.6034256130
0.5840273525
0.7138353358
0.5912728895
0.6506239897
0.7271263256
0.5605214467
0.5931438397
0.7092866449
0.5887313779
0.5947290241
0.6372617495
0.5313773847
0.5417937596
0.6850368770
0.6490465409
0.8942894601
0.5881830108
0.5783454965
0.5903662111
0.6551838709
0.6509744025
0.6203360360
0.7068093564
0.6635631061
0.7087063364
0.6830782059
0.5834733664
0.7393205133
0.8906990378
0.7357756928
0.6388285265
0.8034521800
0.8297935734
0.7478853406
0.7075403362
0.8028490694
0.7113523092
0.7381081214
0.7997121512
0.7596492387
0.6236107448
0.8231081418
0.7841783048
0.7983135797
0.7586208299
0.6363860886
0.6382614706
0.5203733241
0.7952776727
0.6886008093
0.7477153879
0.8758654601
0.8402070305
0.8355929135
0.6325636210
0.7381730345
0.8431758648
0.8512182676
0.8299570209
0.7173181478
0.7794679053
0.7979870593
0.8616925261
0.6238906349
0.7917846506
0.8115608903
0.7573523212
0.7676799493
0.6988256446
0.7827209441
0.6937695659
0.7552979546
0.8706851593
0.7930462860
0.7246148973
0.8379918739
0.8044201466
0.8863662685
0.7446685157
0.9443423277
0.8776296324
0.8324183156
0.7456943974
0.7642755028
0.8192448992
0.8681146402
0.8724695675
0.7019407270
0.7079536420
0.7624069084
0.8079963420
0.7061519878
0.8107601859
0.8106079941
1.0200780107
0.8687721051
0.8065385562
0.8258027372
0.9772135095
0.8518051057
0.9155536526
0.8917447687
1.0170731588
0.6790556055
0.9287847574
0.8137797316
0.7910753394
0.9168472890
0.7854647201
0.8413144133
0.7987183774
0.9354781712
0.9795772293
0.8398773091
0.7917066603
0.8276014121
0.9972911586
0.9027090403
0.8934015308
0.9798693670
0.9056604831
0.8766764806
0.9568173370
0.7691310400
0.7694554187
0.8833970781
0.7952204328
0.7548828508
0.8254657698
0.6913938044
0.8829063888
0.9866034518
0.9800155960
0.9347991294
0.8830280212
0.9694771843
1.0518411001
0.9066204709
1.0391054779
0.9175144201
0.9340736466
0.9337100915
0.7036283731
0.9153101066
1.1103609957
0.7584152411
0.9494984881
1.0133338701
0.8109737085
0.9610739355
0.9371602236
1.0169287692
0.9677258196
0.9498629941
0.8863454829
0.9681130676
0.9699847601
1.0482564455
0.9533927458
1.0085739793
1.0225806950
0.9783098094
0.9212452973
0.8732465521
0.8774022942
0.8294871726
0.9491089836
1.0455005577
0.9339741417
0.9516096698
0.9789253347
0.9546370966
0.9302955958
1.0184373368
1.0953625022
1.0321353236
0.9849210317
