-1.1273763173
-1.0866141376
-0.9998799140
-0.9961485633
-1.0026043440
-1.0988996975
-1.0864526712
-0.8936018870
-1.0692682017
-0.9843937132
-0.9208954589
-0.8147763718
-0.9250402473
-1.0301074990
-1.0292595188
-0.9128994287
-0.9073191912
-0.8622724403
-1.0437391248
-0.9922171694
-0.8788361364
-0.9421588471
-1.0373989957
-0.7929773788
-0.9550257639
-0.8657131023
-1.0169519016
-0.9985057498
-0.9406217234
-0.9504324201
-0.9355066599
-0.8295159595
-0.9365421378
-1.1026328790
-0.8019244109
-0.8471041471
-0.9363331394
-1.1173602780
-0.8615383118
-0.8980413659
-0.6816218454
-0.8332372832
-0.8950447779
-0.9665556529
-0.7697193800
-0.8449438553
-0.9002461498
-0.8725542530
-1.0031200900
-0.9215283033
-0.8918244833
-1.0776879299
-0.8974126949
-0.8255605109
-0.8578549040
-0.7930692567
-0.9019589068
-0.9472743270
-0.8647536339
-0.8998441591
-0.9013639613
-0.8882923564
-1.0590785697
-0.9691694313
-0.8450637239
-0.8202492862
-0.7668359746
-0.7355031602
-0.8683899110
-0.9049551284
-0.8219820981
-0.9550478581
-0.8059785031
-0.9595089771
-0.8933348105
-0.8889003741
-0.7213546036
-0.7936627388
-0.8716821664
-0.9781448630
-0.7765243388
-0.9646772130
-1.0455918496
-0.8968610077
-0.8636888170
-0.7840291915
-0.6896180117
-0.9101842326
-0.8647593023
-0.7500087697
-0.8224145728
-0.8631836964
-0.7481109775
-0.8093884902
-0.7508324789
-0.7511388741
-0.8082602479
-0.8415158322
-0.6876431498
-0.8532512239
-0.7046482902
-0.7514811422
-0.7229398739
-0.7257914636
-0.7315539262
-0.8932323258
-0.7723457146
-0.7522893683
-0.7823553271
-0.7331990468
-0.9276714260
-0.6732549914
-0.7809035322
-0.7659728494
-0.6597061329
-0.8011964584
-0.7101032028
-0.6136059708
-0.8522250651
-0.7835331977
-0.7262190374
-0.8168833464
-0.9250064803
-0.7448534748
-0.8299087277
-0.8243470420
-0.6537705816
-0.7167720435
-0.8191323743
-0.7918250591
-0.8490552605
-0.8368893321
-0.7251867186
-0.7428553335
-0.6413784358
-0.7265247621
-0.6971181529
-0.8051681117
-0.5647764134
-0.7321571250
-0.7360913973
-0.7138269238
-0.7305664058
-0.7265104945
-0.6759788441
-0.8629611000
-0.5233893940
-0.6318212392
-0.7200538983
-0.8271583814
-0.7152952134
-0.6161861088
-0.6326715884
-0.6037807269
-0.5959104626
-0.5470051776
-0.6341816418
-0.8099643068
-0.5766118193
-0.7705578008
-0.6338616633
-0.8537094580
-0.7406874671
-0.8785141524
-0.7774511437
-0.5765112220
-0.7024496389
-0.7314166887
-0.6522852135
-0.6694142534
-0.6814005793
-0.5961232243
-0.5050244019
-0.5770720837
-0.6472231238
-0.6360449530
-0.6259584015
-0.8411816959
-0.5414040329
-0.5588543659
-0.7263007966
-0.6927286137
-0.6917696613
-0.5126727755
-0.6232291542
-0.6198741800
-0.6134791301
-0.5690179100
-0.7372923566
-0.6385048195
-0.6017527539
-0.6263750974
-0.6797058699
-0.6499395966
-0.6090240395
-0.6583438061
-0.6115267577
-0.6920169554
-0.6988772043
-0.6648626851
-0.6668415589
-0.6845853134
-0.6985841620
-0.4979063165
-0.3607021912
-0.5412982376
-0.6072711843
-0.5835706376
-0.5285339955
-0.6796796638
-0.5493625237
-0.4840752487
-0.5693871613
-0.6070939101
-0.6686155488
-0.3921939527
-0.5525997515
-0.4021123522
-0.6432092419
-0.5486595797
-0.4844117780
-0.6575306305
-0.4814687757
-0.5829493932
-0.5414373485
-0.5732347485
-0.5942427766
-0.4558216661
-0.5864838262
-0.5518416265
-0.5870273642
-0.3592308968
-0.6791500324
-0.6195956629
-0.5975898782
-0.5956570563
-0.4012629582
-0.4636144964
-0.6198073070
-0.6198172723
-0.5034090555
-0.5267962346
-0.6115697648
-0.5442165434
-0.5204419541
-0.5214699365
-0.5062363122
-0.4584775739
-0.5245565362
-0.5331367272
-0.6459110557
-0.4949562496
-0.5259155746
-0.5755914598
-0.5245521198
-0.5510535228
-0.6139387904
-0.4275859434
-0.6012912255
-0.4570988083
-0.3845925819
-0.4967207795
-0.5755913749
-0.5299689148
-0.4234940060
-0.6184137066
-0.5181751248
-0.5747274758
-0.4878167520
-0.4896156556
-0.4935936225
-0.4561051068
-0.4282182025
-0.3888400088
-0.5732652751
-0.3682590598
-0.4210967517
-0.4253019283
-0.4918096089
-0.3019205965
-0.5662379743
-0.4871803327
-0.3849516741
-0.3586704130
-0.3487487377
-0.6166579228
-0.4438540171
-0.5595850115
-0.5193638872
-0.4206662664
-0.4155443401
-0.4031103248
-0.3673910874
-0.4924120692
-0.3938395562
-0.5513746641
-0.3993585175
-0.2983838882
-0.3971834070
-0.3596765763
-0.4148122039
-0.4314349674
-0.3595227612
-0.3243724007
-0.4599851040
-0.4517465190
-0.3987334339
-0.3796452492
-0.4998339364
-0.2871302991
-0.4609922129
-0.3871529987
-0.5189882092
-0.4629666168
-0.3901284554
-0.3165963612
-0.3951911351
-0.2034007446
-0.4226514335
-0.4012002116
-0.2776634880
-0.3140287082
-0.3291534080
-0.2926164057
-0.3772352006
-0.2774192746
-0.5385108415
-0.4354193283
-0.3675296437
-0.1966629357
-0.2247501689
-0.2909675101
-0.2938758419
-0.4328876475
-0.4643370946
-0.1567506831
-0.2205042137
-0.3788130915
-0.2539566098
-0.3326749024
-0.3777342919
-0.4446291538
-0.4247683829
-0.2861727563
-0.2889008171
-0.3365464275
-0.4445049061
-0.3761292139
-0.3705482669
-0.1266039982
-0.2226907121
-0.3267424021
-0.1982991344
-0.3941013993
-0.2385731958
-0.3155411241
-0.3968932177
-0.1578744477
-0.2703467279
-0.2831538416
-0.3332565454
-0.2920403044
-0.3314555033
-0.3755223806
-0.2918164796
-0.4013445646
-0.2264283293
-0.3932952627
-0.3468517712
-0.4182265583
-0.2441647047
-0.3187043959
-0.2649292758
-0.2396068587
-0.2893383841
-0.1813013868
-0.2290542696
-0.2339995561
-0.2561751052
-0.2601387865
-0.2775178325
-0.1669986817
-0.1967371581
-0.2365215191
-0.2096439399
-0.0744177290
-0.2506338127
-0.3252423039
-0.2710420050
-0.2463535509
-0.3065359111
-0.2256278694
-0.1672138294
-0.1150404661
-0.4081009885
-0.2145310235
-0.2264882792
-0.0963505832
-0.0357568598
-0.1572721971
-0.3277361541
-0.3230173404
-0.2007514225
-0.3223594047
-0.1893010285
-0.2177798095
-0.1517864490
-0.2586858800
-0.0767215532
-0.1522347176
-0.2210783910
-0.0494082126
-0.1377799067
-0.1469548412
-0.1499302729
-0.2412382102
-0.1947358318
-0.1050901689
-0.1368980663
-0.2458969131
-0.2278842577
-0.1947303749
-0.2208560976
-0.2432501720
-0.1165188225
-0.2059696543
0.0133135672
-0.2839131541
-0.0594417316
-0.1867698971
-0.2122804952
0.0218238791
-0.0344238542
-0.0630755888
-0.0586375817
-0.0988917401
-0.1479515833
-0.1883432032
-0.2192199236
-0.0614519384
-0.1669645119
-0.1702061189
-0.0743420740
-0.1043770422
-0.0707945727
-0.1553368447
-0.0542276202
0.0123272963
-0.1636114071
-0.0948538380
-0.1373202674
-0.0145370903
-0.0733649450
-0.0576633885
0.0170971206
-0.0399161313
-0.0891087213
-0.0786599484
-0.0367783772
-0.0375502221
-0.0435999378
0.0046485576
-0.0075865070
-0.0452198053
-0.0262588222
0.0390696537
-0.0883218789
-0.1319221823
-0.1273108539
-0.1397217628
-0.0402102108
-0.0054685694
-0.0173565954
-0.1532800445
0.1347123110
0.0065550252
0.0182079065
-0.0923172252
-0.0632252051
-0.2171573475
-0.0476233104
0.1234883737
-0.0198617775
0.0460639650
-0.1473645045
-0.0727424039
-0.0349383371
0.0181802418
-0.1220322069
-0.0778370782
-0.0462109982
-0.0001995876
-0.0430357302
0.0160930890
0.0490142423
-0.0025532854
0.0834945742
-0.0457100454
-0.1030502966
-0.1078800024
0.0949460969
0.0313450539
-0.0724856095
0.0024083201
-0.0692654904
0.0542578131
-0.0004441161
-0.0317067329
0.0716638139
-0.0704336106
0.0254264456
-0.0370211060
0.0733996024
0.1500435261
-0.1122397284
0.1172226644
0.0342732276
-0.0027207417
0.0515125065
0.2227845295
0.0662871245
0.0045451526
0.1277669557
0.0921174211
0.0753486609
0.2064644884
0.1274849737
-0.0513997343
0.1440297850
0.2153426304
-0.0368168496
0.0604952037
0.1662483269
0.0824219800
0.2393688274
0.1205732386
-0.0019637543
0.0010494780
-0.0075075825
0.0253982928
-0.1305312343
0.0961201143
0.0497435439
0.0339305048
-0.0040402652
-0.0064732705
0.2662656009
-0.0389780323
0.1369819288
-0.1176439696
-0.0793717455
0.0186956976
0.0965392229
0.1345160280
-0.0363489658
0.0983169538
0.1933028385
0.2007616445
0.1349647908
0.1567942041
0.0965243693
0.1251367176
0.1416091503
0.0842767045
0.2200912560
0.1620064004
0.1276383732
0.3172214068
0.1419627362
0.2044400581
0.1173831814
0.0404961837
0.3322938856
0.0964327434
0.1377241096
0.2000676986
0.1000129051
0.1844500991
0.2002294259
0.1735395170
0.1860485002
0.0992964173
0.2090722763
0.2143016475
0.0434338850
0.0627393295
0.1701352084
0.1820444896
0.1175844328
0.2277166477
0.1543563696
0.1593502455
0.1856429969
0.2253660947
0.2655325840
0.0934236994
0.2812535143
0.1146287607
0.4199326501
0.1332766424
0.2796289921
0.2880817321
0.1801309073
0.2834248565
0.2305569867
0.1347808270
0.4194884191
0.3056262385
0.2044669152
0.2962841160
0.1862579344
0.2640454321
0.1489091397
0.2615171219
0.2723476301
0.3306520607
0.0418505956
0.2193914914
0.2211556436
0.1929137938
0.2173381238
0.2385399466
0.2447702810
0.2343710320
0.3001809040
0.4263577089
0.2570323493
0.2309236352
0.1291770686
0.2905572918
0.3499799943
0.1972324993
0.2040017419
0.2299629194
0.3291704518
0.3342872893
0.3891050735
0.4682964235
0.2283193638
0.3667463039
0.2852764672
0.4150597148
0.4254311390
0.2936983852
0.2430061988
0.3475394864
0.1322376846
0.2984512930
0.3031477241
0.3783477593
0.3213589641
0.1313205754
0.2986318034
0.2892843086
0.3019863074
0.1502405985
0.2670484754
0.2022523483
0.2771190449
0.1518774995
0.2689864796
0.2821952183
0.2504498416
0.4503299630
0.2504208016
0.3825496779
0.4285203308
0.3056613077
0.3977763413
0.3301374125
0.4357242152
0.3265597692
0.3752795982
0.3368884407
0.3129124839
0.4058738987
0.3350589909
0.3931280200
0.2762571244
0.4546329311
0.3175255259
0.2791231816
0.4347985680
0.3726734588
0.5259533059
0.4760229846
0.3174702216
0.2958041264
0.3375143597
0.4203035319
0.3327862805
0.4019113105
0.3757672476
0.4429376061
0.4190542258
0.2292270548
0.1932508279
0.3915246453
0.5388911991
0.4400113415
0.4920297571
0.3373814096
0.3590548329
0.4733211743
0.3530980273
0.3701723216
0.2222328439
0.3947651731
0.3785767291
0.4080549649
0.4580303845
0.3725617153
0.5279281932
0.4717684996
0.4570495846
0.3810464429
0.4812337354
0.2919404896
0.4692716373
0.4145229918
0.4646638990
0.5489093123
0.4285218741
0.4870801668
0.4223009165
0.3325531354
0.4244251497
0.4210054316
0.3734715291
0.5234784835
0.4523814199
0.6356503625
0.4030640213
0.5237091179
0.4071970127
0.4534429381
0.4297422366
0.4765849796
0.5027293106
0.4107603644
0.5671114947
0.3003487151
0.4657234293
0.4632353127
0.4817895892
0.4651688005
0.4363507897
0.4900913163
0.4969840474
0.4448059463
0.4513789212
0.4981326278
0.4382218080
0.4462222442
0.4907048816
0.3741640576
0.3852286372
0.4674966431
0.3457865622
0.6125693333
0.4500335188
0.6055595884
0.5245461859
0.5169685634
0.5470095550
0.5040787907
0.4171767413
0.6441046435
0.3729238737
0.4826094840
0.5014029746
0.5341626634
0.5410066479
0.5186203017
0.6450692455
0.4571642075
0.4982875971
0.6278838463
0.4636852682
0.5894069425
0.5961812233
0.6251780506
0.5303249596
0.3903938939
0.6848793516
0.5592239187
0.5966940170
0.6297738024
0.5604122825
0.6348414232
0.5112534801
0.6525822359
0.5853684035
0.5804922104
0.6912545092
0.5030394741
0.5622890837
0.4832531790
0.4954253428
0.6941822462
0.6169608263
0.6293625167
0.5893679183
0.7041094093
0.6261448490
0.5523496194
0.6023752756
0.6840156058
0.6325655058
0.5948313352
0.6841425307
0.7914631355
0.4615448090
0.6021831568
0.7136506183
0.7472316610
0.5532507638
0.6949060035
0.5899792760
0.6141203753
0.5697697434
0.6338043536
0.6001161834
0.7793986397
0.8865169289
0.5223222353
0.6128780136
0.5275903867
0.6763036212
0.7367501495
0.7276270515
0.6338826976
0.6852447477
0.6857296839
0.6037730178
0.7433748345
0.7319724175
0.6796231959
0.8119710905
0.7414173475
0.6378678883
0.7120538369
0.7599260457
0.6939757951
0.7394996776
0.5985424674
0.6012052941
0.6892467639
0.6559318098
0.8203315380
0.7458219154
0.8552082967
0.6944083657
0.6884970481
0.6151589674
0.5364178664
0.6575772184
0.7250332557
0.8152431116
0.7518006497
0.5083147011
0.6406284979
0.8494270197
0.7028075350
0.8261440796
0.7332528429
0.7611909599
0.9181451811
0.6349107085
0.6834565028
0.8186442141
0.6897121569
0.7629660438
0.6958400937
0.7658463317
0.6277297279
0.8143841827
0.6949221289
0.5992622210
0.6527506402
0.7190725581
0.8037014644
0.7036351279
0.7282336733
0.7590979091
0.7742920284
0.8887571488
0.7193092622
0.7953150520
0.8447704484
0.7045331039
0.8011307112
0.8056417482
0.8083868183
0.8902736951
0.8100082166
0.7005859908
0.7454945432
0.7471302606
0.6829002473
0.7911333831
0.7144880943
0.8396688865
0.8657987636
0.8018291249
0.7940404412
0.9522621529
0.8227213897
0.9844524436
0.8510371871
0.6567132234
0.7815252525
0.7728403041
0.8630713807
0.7838326660
0.8052218798
0.8504083104
0.9000741033
0.7071203357
0.8137602630
0.9808990717
0.8380600712
0.9530646375
0.8240403320
0.9213473236
0.9303747300
0.7082139992
0.7801609064
0.8446791884
0.9430360169
0.8741163696
0.9543847132
0.9550990944
0.8378765707
0.8028128119
0.7726265241
0.8300595566
1.0580946008
0.9933031698
0.9920553180
0.8346586681
0.8602573224
0.9678483911
0.9752856202
0.8238880703
0.9044677926
0.8454131977
0.8822991776
0.8577725205
0.8303141135
1.0028930491
0.8658974435
1.1706276987
1.0020267428
0.8290323468
0.9480305337
1.0673128223
1.0296924215
0.9212654770
0.9013535392
0.8626426563
0.9877061741
0.8722895458
0.8610014831
0.9765650457
0.8391505389
0.9188822663
0.7899940488
0.9642551583
0.9481945612
1.0805117417
0.9933842632
0.8798968696
0.8902931961
0.8159234406
0.9340894179
1.0842188714
0.9180748968
1.1143976427
1.0545820502
1.0567466141
1.0829255725
1.0021968558
0.9539151957
0.9960129072
0.9987821961
1.0671294101
0.9277364237
1.0898308230
0.9704270479
1.0235021070
1.0504808335
1.1338234362
1.0251597006
0.9590305091
1.0457583331
0.9191837691
1.0393773207
1.1160393810
1.0988265703
