-1.0134109119
-0.9588115563
-1.0144547777
-1.0438780400
-1.0239898557
-1.1322869146
-1.1294101243
-0.9889534274
-1.0606766085
-1.0245662585
-0.9207975044
-1.1331925286
-1.0814155527
-0.9605759546
-0.9440762548
-0.8792356102
-1.0816529760
-1.0355586277
-0.9904117594
-0.9383669102
-0.9823378406
-0.7929407493
-1.0725857246
-0.9034677183
-0.9140501202
-0.9231575798
-1.0416354085
-0.9891160478
-0.9939491044
-0.9818835318
-0.8865803202
-0.8845073269
-0.9672088412
-0.9278843242
-0.9626236647
-0.9045254871
-0.9583871591
-1.1043181731
-1.0615581722
-0.9852312253
-0.9122183703
-0.9091429731
-0.9168508694
-1.0328425222
-0.8568452156
-0.9389931779
-1.0220453737
-0.9270341118
-0.8195247893
-0.8194366335
-0.9505321395
-0.9251995382
-1.0119854006
-0.8757461078
-0.9081747531
-0.9263101035
-1.1213786801
-0.9387204699
-0.8589755197
-0.9201954320
-0.8246915205
-0.9392478363
-0.8470047990
-0.9207498953
-0.8833935070
-0.8421800288
-0.8822730025
-0.8989141138
-0.8644015945
-0.9373310573
-0.7534262617
-1.0516893630
-0.8746811078
-0.8044581895
-0.6778673664
-0.8609333281
-0.7221454902
-0.7918186719
-0.9009497860
-0.9363704898
-0.9571605498
-0.8986462916
-0.7442948997
-0.7928783078
-0.7610251438
-0.8436996214
-0.8154045025
-0.7392205379
-0.8531575169
-0.7264294040
-0.7817131246
-0.6665998518
-0.7993097142
-0.9602529261
-0.8604055231
-0.8337103198
-1.0294972669
-0.6744075145
-0.8176326632
-0.7038992528
-0.7945838748
-0.9254682257
-0.8149460818
-0.8468937246
-0.7937217063
-0.8208545838
-0.8012982632
-0.9022761545
-0.8719535473
-0.9131080759
-0.6911828468
-0.8379554605
-0.8083282160
-0.6655857690
-0.7270892592
-0.8402992700
-0.7938514844
-0.8560077730
-0.7201404087
-0.8045622934
-0.7531587429
-0.6599873247
-0.6960751644
-0.7702997603
-0.6820135044
-0.7902635623
-0.7474325514
-0.6860526251
-0.8453471344
-0.7227315294
-0.7256494502
-0.6190118638
-0.7237658447
-0.8649522447
-0.8572665556
-0.7085980618
-0.6733008114
-0.7315069267
-0.6414844038
-0.8936112267
-0.7787205181
-0.7294130451
-0.7704280719
-0.6089759809
-0.6157376486
-0.8101866922
-0.6881990148
-0.6315817179
-0.6777449138
-0.6149250749
-0.5844805111
-0.8656196959
-0.8891263119
-0.6730549475
-0.8613216763
-0.7234802677
-0.6595891493
-0.6460020801
-0.7234251599
-0.7756909025
-0.7569057030
-0.7719820138
-0.7619708422
-0.6608640832
-0.7097588715
-0.4867753042
-0.6805790352
-0.5191077485
-0.5888090120
-0.6686718152
-0.7027710594
-0.7385544075
-0.6243641414
-0.8096895980
-0.5688601728
-0.7630154946
-0.6945671633
-0.9022450833
-0.6949946920
-0.6710129431
-0.6211680599
-0.5722731660
-0.4922573271
-0.6264654348
-0.4509586938
-0.7186987899
-0.6259286597
-0.7153640264
-0.5246099344
-0.8538485776
-0.5984470350
-0.6801394710
-0.7068560187
-0.5899537647
-0.5892096797
-0.6145571073
-0.7659082091
-0.6497067909
-0.6454769409
-0.7002208342
-0.5217566952
-0.6659150962
-0.6666325714
-0.7046977583
-0.5811422694
-0.6618510534
-0.5225459965
-0.4918823592
-0.4746401274
-0.7182717313
-0.5839510711
-0.5082340259
-0.6583537603
-0.5701040491
-0.4706830317
-0.6626427680
-0.6100353994
-0.7279643255
-0.5059039849
-0.6039075050
-0.5757175504
-0.6060014591
-0.4397005753
-0.5337995410
-0.4224903302
-0.5091489966
-0.4908793397
-0.5771891078
-0.5747404581
-0.5028404808
-0.4359038919
-0.5882267571
-0.6258446708
-0.6153205261
-0.5061122751
-0.5601219271
-0.6486152413
-0.5233179917
-0.5788731248
-0.6368950611
-0.5938108679
-0.4747503310
-0.5490475288
-0.5315535986
-0.6350615174
-0.5573096276
-0.5617532638
-0.3834255706
-0.4924803156
-0.6440436751
-0.6334367053
-0.5623209782
-0.4671482618
-0.5334289465
-0.4450758803
-0.5074807231
-0.5908565824
-0.3736104015
-0.3941346914
-0.5819897528
-0.3694382389
-0.4423218266
-0.4813434093
-0.4497001137
-0.3604845049
-0.4824849515
-0.4787593196
-0.3093121475
-0.3238562065
-0.3476965744
-0.4722446167
-0.4357934158
-0.4056126870
-0.4996107043
-0.3915166943
-0.4957370499
-0.4219471757
-0.4140065727
-0.4135952008
-0.4434813606
-0.4409716750
-0.3327621075
-0.4259368463
-0.4742639894
-0.4228837209
-0.3187248827
-0.4165357059
-0.5308883184
-0.5373264994
-0.3417560467
-0.4443781074
-0.4145472556
-0.3316454015
-0.4820557966
-0.4389788681
-0.3927287454
-0.4431204152
-0.4716711622
-0.4224289582
-0.3918194141
-0.3826068000
-0.5312316736
-0.3729091901
-0.2651537873
-0.5137952547
-0.3186777198
-0.3565507548
-0.4069623713
-0.4212812595
-0.4512408919
-0.3356572899
-0.4167590306
-0.3879467166
-0.4216333827
-0.4312481658
-0.3542153751
-0.5058622405
-0.3969392948
-0.1720880656
-0.3924483072
-0.2094699376
-0.4089775084
-0.3769025362
-0.2786654073
-0.5301857012
-0.3053564057
-0.4251484797
-0.3169442009
-0.2528041895
-0.4594779392
-0.3570464251
-0.2290560439
-0.2185553464
-0.3851068010
-0.4204772507
-0.3599426026
-0.3412223374
-0.3294477320
-0.1700733850
-0.4095245260
-0.3592044788
-0.2071840266
-0.3041467796
-0.3273754244
-0.6075928267
-0.3833829106
-0.3530192278
-0.2924674301
-0.1633912969
-0.2473838904
-0.1089406573
-0.3441792899
-0.3358383005
-0.3130794675
-0.4217784907
-0.3998852284
-0.1670166426
-0.2790723599
-0.3698318927
-0.1532410843
-0.2635265267
-0.3536050131
-0.3803740922
-0.1154631017
-0.2435849924
-0.2515281966
-0.2957413472
-0.2844246305
-0.2039127361
-0.2643964903
-0.2984981899
-0.1911841544
-0.2935915978
-0.1821215823
-0.2262037094
-0.2808898417
-0.2560289289
-0.3342869815
-0.2318785864
-0.2818884315
-0.2571716350
-0.3205572712
-0.3319887273
-0.3351926116
-0.2205148841
-0.2127762940
-0.2176940158
-0.1737441156
-0.1704085002
-0.1573377593
-0.3016116610
-0.2216148954
-0.1393181989
-0.1873813299
-0.2052093250
-0.3278538415
-0.2165141952
-0.2283199436
-0.3352755397
-0.2624585337
-0.3271779840
-0.2661333856
-0.2453567131
-0.2337076758
-0.2601044416
-0.2129699731
-0.2385440983
-0.3302600723
-0.2331896437
-0.1876858733
-0.0558171800
-0.3030311864
-0.0974898954
-0.2602016379
-0.0430303183
-0.1031482642
-0.0460147660
-0.1546321294
0.0511811822
-0.2384555705
-0.1153984284
-0.2052396050
-0.0664906917
-0.1764054655
-0.1947861004
-0.1496465807
-0.0319676167
-0.1164659980
-0.0815368329
-0.2205613999
-0.0808269716
-0.2507308647
-0.0993047806
-0.1548972166
-0.2134556028
-0.1251246788
-0.1229868919
-0.0592725433
-0.1315194762
-0.2432205599
-0.1399108952
-0.0344085904
-0.1863087920
-0.0804169455
-0.1193367362
-0.3218403957
-0.1267197922
-0.1378786421
-0.1186832453
-0.0386124151
-0.2426430827
-0.0703269053
0.0172020233
-0.1917692339
-0.0760591688
-0.1232600411
-0.0187493978
0.0830853659
-0.0731484547
-0.0876101003
-0.1344445505
-0.1104124601
-0.1304086797
-0.0269517397
-0.0334938712
-0.1193651754
-0.2507522776
-0.0273209098
-0.2550802903
0.0102521319
-0.0130655191
-0.1073614816
-0.0043413422
0.0088050223
-0.2227323747
-0.1337493263
-0.0073842280
0.0304719253
0.0285591665
-0.1307087334
0.0684448114
-0.0908020704
-0.0124645209
-0.0638358526
0.0481992039
-0.0100376902
0.0093194144
-0.0787836046
0.0810545813
0.0022064509
-0.1239533030
0.1027876966
0.1015120651
-0.0023997716
-0.1158909760
-0.0490559967
-0.0622134405
0.0110858944
0.0086733240
-0.0525444408
0.0474629222
0.1270835146
0.0021553724
0.1202331956
-0.0318422871
0.0104061888
-0.1307451405
-0.0843310630
-0.0052408690
0.0124270786
-0.0659168500
-0.0090796455
0.0518403462
0.1678875712
0.0591285421
0.1556412967
0.0205488149
0.0198949657
-0.0340894141
0.0661752911
-0.0029860552
0.1351025407
0.2181950290
0.1268586678
-0.0597900996
-0.0298359850
-0.0105520032
-0.0554930402
-0.1250404280
-0.1232455226
0.1223133046
0.1383333558
-0.0232118514
0.1445867232
0.1005339198
0.0849348247
0.2224911668
0.1230232289
0.0541988973
0.0647282851
-0.0481500299
0.1579914831
-0.0286714787
-0.0133538792
0.0105286253
0.0743352944
0.1430388454
0.1786420926
0.1153912075
0.0758500813
0.0032323188
0.0344246961
0.0750627850
0.0000579542
0.0573958406
0.0999217691
0.2201695822
0.1959342962
0.1414368771
0.3450386779
0.1795713268
0.1115078628
0.2023244585
0.0397153697
-0.0065754071
0.1731027337
0.2134093427
0.0921029262
0.2395045746
0.1952107541
0.1160999991
0.1383839243
0.0414384726
0.2185734411
0.0852267095
0.2144903041
0.1476518359
0.2185155752
0.0363546553
0.2474092044
0.2235173691
-0.0482109984
0.1167648439
0.0052590391
0.1745996015
0.1338918150
0.2138013467
0.3686019514
0.1202795478
0.0812117245
0.1472528602
0.0312370761
0.0945802396
0.1932504530
0.2183962938
0.3291363098
0.1612207973
0.1609216356
0.2956812632
0.2001564757
0.1409185163
0.1149767103
0.2459112785
0.2844593888
0.3908511979
0.2012660883
0.2981793582
0.3342776319
0.0631259617
0.2299952149
0.1580359373
0.2719055464
0.2461369113
0.1349005252
0.0991864355
0.1024107740
0.1642320264
0.2539270630
0.2593954783
0.3019070953
0.1483004452
0.2052359729
0.2723034501
0.2981397795
0.1050837301
0.2350675889
0.1786385133
0.1818528547
0.1472546996
0.2346716610
0.1218126137
0.1049328761
0.3327022409
0.3330933818
0.2177542588
0.3435072859
0.2600842844
0.1598466479
0.2092777201
0.3176074320
0.3776034986
0.3281618072
0.5269006866
0.2831513017
0.3531997184
0.3390449230
0.2729049062
0.3654851266
0.3344704210
0.3866892067
0.4648005459
0.3043546958
0.1867443504
0.3665377036
0.3266914903
0.4266030732
0.3170972494
0.2668908628
0.4622953000
0.3353492275
0.3991307504
0.3693811137
0.3198638532
0.4829760253
0.3130698041
0.4066446563
0.3259674240
0.1811490248
0.3107166923
0.2959029360
0.3997128999
0.1486275337
0.4375425546
0.1455426433
0.4183910070
0.3003363921
0.3048992272
0.4714409571
0.3062369213
0.1965324327
0.3447731781
0.4070537532
0.4326339544
0.3645540987
0.4343204273
0.4330336622
0.3141102748
0.4211883227
0.3161719658
0.3697913031
0.3726435764
0.3105785254
0.4161134608
0.3769315058
0.2602831139
0.3562731239
0.4091022152
0.3860282622
0.4723808177
0.3255245189
0.3831283627
0.4174759822
0.4829466535
0.4536611249
0.4055534551
0.4692196088
0.4896431151
0.4732891659
0.3147522275
0.5279582557
0.5311788370
0.4756322829
0.4197877842
0.3566740788
0.4525878477
0.5038464243
0.3304207491
0.4034731583
0.4266008658
0.5576436730
0.5875901115
0.4276845009
0.3954731388
0.3664227159
0.4753672861
0.4570332712
0.5086096807
0.5286277248
0.5697726113
0.5534186137
0.3963985472
0.4520083516
0.4941337156
0.3948786160
0.4806158929
0.4980448524
0.5218001581
0.4768397565
0.3034211976
0.3629681225
0.6179797537
0.4452094001
0.5858734843
0.6055678340
0.3252669873
0.3767964195
0.5525252378
0.6734290362
0.4870976017
0.4843644122
0.3954880930
0.5644368793
0.5113755946
0.4748653897
0.4444999767
0.5559598896
0.2910468252
0.4243613359
0.5727762793
0.7517807591
0.5680082957
0.4690264687
0.5288559759
0.4978606032
0.6351183641
0.5666366812
0.4601199873
0.4394245910
0.5825283821
0.5195325221
0.5373765778
0.6017948145
0.5301529743
0.5685219144
0.7212655255
0.6112315324
0.5727789172
0.5980259678
0.5565681603
0.4212286752
0.5817143552
0.6969876732
0.6578674770
0.5173502845
0.5828271702
0.5182447087
0.5322291855
0.7510467012
0.5773225041
0.6024189138
0.7026194896
0.5656943744
0.4183381453
0.6594014997
0.6524418556
0.5863703449
0.5453324570
0.8461173070
0.7324335341
0.7375105330
0.6729688470
0.5719420748
0.7116017357
0.5436020333
0.6572141648
0.6191045736
0.6704494094
0.5683505509
0.6393483441
0.6120900834
0.6472105420
0.6324575611
0.6034773074
0.6810556713
0.6762117453
0.6867462214
0.7139750240
0.5423019673
0.5644358388
0.6007858769
0.6456212351
0.6226991735
0.6392030496
0.5890974197
0.6973937022
0.6098696558
0.6389655587
0.7537462983
0.5384557750
0.5897070089
0.6968960300
0.6049650979
0.5910820571
0.6342268439
0.5183565540
0.5181638272
0.6933019341
0.6569931150
0.9035305363
0.5873861589
0.5802224204
0.5748940757
0.6446965007
0.6527533497
0.5889531963
0.7024116317
0.6697182110
0.6627052577
0.6720562426
0.6047949165
0.7304409834
0.8842876080
0.7276444905
0.6285189766
0.7938418202
0.8529029112
0.7605910853
0.7127537624
0.8060552982
0.7103107319
0.7291873535
0.7987791037
0.7423806916
0.6392364022
0.8360505534
0.8049910224
0.8050285060
0.7523935795
0.6003680010
0.6524001694
0.5406007360
0.7715413349
0.6828738918
0.7462188547
0.8819922267
0.8416419597
0.8295211782
0.6230296208
0.7156628079
0.8567675249
0.8630494576
0.8139153774
0.7235043172
0.7532881796
0.8039244628
0.8526784775
0.6055665435
0.7997273439
0.7849372554
0.7477364822
0.7949966773
0.6983916462
0.7810381002
0.7076677692
0.7741843109
0.8677005586
0.7962155152
0.7304699099
0.8328527871
0.8201195636
0.8696379981
0.7518511505
0.9276856790
0.8789236743
0.8463769971
0.7463090775
0.7339798667
0.8263420003
0.8701686701
0.8619364916
0.6964353228
0.7097035790
0.7341956077
0.8112206442
0.6993057251
0.8058766695
0.8359401610
0.9975231995
0.8678822524
0.8166503663
0.8016681332
0.9952585071
0.8477090633
0.8990019727
0.8648095496
1.0081487148
0.6924097119
0.9384959205
0.8012450962
0.7693831727
0.9175333213
0.7896043565
0.8317957495
0.8022261219
0.9331494236
0.9911944097
0.8392060788
0.8091662580
0.8151988849
0.9775562724
0.8847922921
0.8555963805
1.0006115410
0.9056941775
0.8822204129
0.9340238492
0.7821776933
0.7704097595
0.8935152824
0.7961251377
0.7723376663
0.8214635950
0.6665585479
0.8958849374
0.9880138080
0.9795637790
0.9387217254
0.8706494910
0.9383553829
1.0676973104
0.8927892852
1.0398122589
0.9443394440
0.9352990120
0.9487603468
0.6980709791
0.8938306631
1.1004534172
0.7827824444
0.9397344372
0.9962044211
0.8019363809
0.9463394061
0.9399274108
1.0220376878
0.9666920098
0.9416243818
0.8729614726
0.9790362343
0.9716608477
1.0639702833
0.9344169693
1.0032934036
1.0011301342
0.9895858007
0.9442349425
0.8689467714
0.8750206975
0.8127418646
0.9657225665
1.0513728844
0.9033576594
0.9141018524
0.9910589732
0.9425721072
0.9386938486
1.0091048416
1.1030833212
1.0307584131
0.9784313790
