-1.0007060698
-0.9353704551
-0.9950478017
-0.9683808951
-1.0452260507
-0.9226669908
-1.0665861705
-1.0064149259
-0.9109527227
-0.9196502345
-0.9846189911
-0.9139493339
-0.9850575287
-0.9848392743
-1.1083984757
-0.9204592519
-1.0052525860
-0.9195792066
-0.9734542172
-1.0799824151
-1.0489443918
-0.8612435277
-0.8586117291
-0.9009414971
-0.8794366325
-0.9160892800
-1.0073354867
-0.8497741116
-0.9418312672
-1.0239431741
-0.8954253557
-0.8257733428
-0.9329768649
-0.6472571235
-0.9279645162
-0.8209358338
-0.8025989341
-0.9778476476
-0.8772585519
-0.9485119775
-0.9600628868
-0.9639016094
-0.7810620624
-0.9190457393
-0.9807854565
-0.8587484415
-0.7597392535
-0.7475403563
-0.9433496562
-0.9066296006
-0.9686538305
-0.8645700337
-0.7440752510
-0.8148245708
-0.9493311115
-1.0063332558
-0.8221354516
-0.9404578240
-0.8266614458
-0.9310211501
-0.7848181111
-0.8958491784
-0.8730033973
-0.8042625290
-0.7619849060
-0.8255878622
-0.9503695421
-0.8681941532
-0.9432022846
-0.8740485017
-0.8254964388
-0.7882981234
-0.8662318675
-0.8844818991
-0.9982186697
-1.0418442086
-0.9383338982
-0.8748709917
-0.9829011217
-0.9832763244
-0.8992213597
-0.7422618702
-0.7548800360
-0.8546383855
-0.7126731431
-0.8259721089
-0.9207988558
-0.8410020726
-0.8006438549
-0.8110172990
-0.8863591146
-0.7691029730
-0.8189837346
-0.8978252559
-0.7876535569
-0.7217516446
-0.8183093369
-0.8487984921
-0.8964716657
-0.9028562755
-0.8845312798
-0.8365413675
-0.7501603438
-0.7030770636
-0.7730004950
-0.7021541547
-0.6231837321
-0.7733621657
-0.7820563324
-0.7946886636
-0.6909553513
-0.7930843568
-0.7774083143
-0.7375331175
-0.8813164830
-0.6684885132
-0.7913317081
-0.7708954634
-0.6104211519
-0.8365279392
-0.6752186312
-0.7082414391
-0.7071801758
-0.6880782509
-0.5721455033
-0.8408073929
-0.7187663894
-0.7456664280
-0.9295982222
-0.7660156271
-0.7516869878
-0.6436711104
-0.7915394931
-0.8127475988
-0.7961854673
-0.6552349525
-0.6707316227
-0.7962035424
-0.7942953407
-0.8609985824
-0.6708793101
-0.7884330675
-0.6122355473
-0.7664915302
-0.6067541909
-0.7123775155
-0.6316995173
-0.7306191533
-0.8762744736
-0.6222326591
-0.5046852729
-0.6769680345
-0.8589940339
-0.7871331868
-0.7053852598
-0.7477729062
-0.5913872605
-0.8035289431
-0.7385748286
-0.6022202422
-0.7369642787
-0.7647058566
-0.7159361784
-0.6606389427
-0.5313391005
-0.6336062840
-0.5997971131
-0.5946381107
-0.6319135652
-0.7085756494
-0.7156140892
-0.5986158101
-0.6282478173
-0.6693162994
-0.6208058922
-0.5859508183
-0.5557369254
-0.7012073350
-0.6922786212
-0.5759094985
-0.6798924029
-0.6225117557
-0.6723762089
-0.6625658693
-0.5769650783
-0.5757575268
-0.8219990632
-0.4875714668
-0.6711614470
-0.5934031776
-0.6304190945
-0.5157586491
-0.5930944720
-0.6185440989
-0.7383686103
-0.7671307996
-0.6633701720
-0.7267346599
-0.6183232363
-0.5776323080
-0.5489782167
-0.7083233700
-0.5470751155
-0.6143117991
-0.5511909480
-0.6346777203
-0.6307721599
-0.5890234221
-0.5948712582
-0.5188633655
-0.5713527508
-0.4790693800
-0.4730920269
-0.6232201912
-0.5676750754
-0.6302227806
-0.4646058273
-0.5726452806
-0.6372319371
-0.6397739184
-0.5750872798
-0.4224330147
-0.5770819866
-0.5669416240
-0.5745067754
-0.5511966752
-0.5764317689
-0.6120056815
-0.4985003894
-0.7086764162
-0.4882202484
-0.5209188954
-0.4336387087
-0.6435100812
-0.4758584853
-0.6179643427
-0.4729519449
-0.5407584777
-0.4885430521
-0.7377044394
-0.6600508022
-0.6348044111
-0.4836703682
-0.6399787026
-0.5691549685
-0.5710818081
-0.3667005710
-0.4763610460
-0.4181731920
-0.5051924724
-0.4450925435
-0.4433907989
-0.4538179436
-0.4939153195
-0.4059751418
-0.5059403784
-0.5865824198
-0.4554115103
-0.4115878954
-0.4472803793
-0.4663173831
-0.4971164451
-0.3375044928
-0.5287257405
-0.4449608474
-0.5158851615
-0.4584456217
-0.4614558467
-0.5273624177
-0.5191912622
-0.3302826578
-0.4041234893
-0.4702778936
-0.5675932583
-0.4980736144
-0.4861011294
-0.3485159810
-0.3148895457
-0.5899598379
-0.4045979801
-0.4178961934
-0.4760255096
-0.4137664599
-0.3974371988
-0.3630046056
-0.3434092466
-0.4139367959
-0.4808952296
-0.4880647526
-0.3398120767
-0.4355452622
-0.4069686175
-0.2866369380
-0.3385992988
-0.4987147753
-0.5439611683
-0.3758551464
-0.3025455903
-0.4110557999
-0.4870715993
-0.4067580349
-0.3638793437
-0.4281583389
-0.5482431759
-0.3604223259
-0.5919871018
-0.4536936730
-0.3181319940
-0.3588235796
-0.4016784535
-0.4811574047
-0.4981764513
-0.3242400517
-0.4499050556
-0.2428356617
-0.4332558057
-0.3561804330
-0.4112540549
-0.3752882698
-0.3582100159
-0.3148720116
-0.4279504829
-0.4569288551
-0.2054611866
-0.4118649553
-0.3996703222
-0.3897338070
-0.4468442198
-0.2619659323
-0.3106558650
-0.2029920335
-0.2974819846
-0.2501725552
-0.3155304321
-0.3549819443
-0.3053961267
-0.2257729302
-0.3126161740
-0.3086372222
-0.2883077118
-0.2726419791
-0.2306231163
-0.2623971240
-0.4494221806
-0.2843134099
-0.3391007949
-0.2430310726
-0.3918101631
-0.2598659914
-0.3832425595
-0.2681933196
-0.3760929373
-0.3672536133
-0.3110296352
-0.3908993814
-0.2708752132
-0.2679556384
-0.3259701587
-0.2642508344
-0.3708736014
-0.1952927399
-0.4409038939
-0.2413012439
-0.2409705228
-0.2337331107
-0.1707786136
-0.4024787312
-0.2718580967
-0.0816949097
-0.3628879855
-0.1972452512
-0.2731720999
-0.0959612448
-0.2972402140
-0.2313786387
-0.2081660539
-0.3182282733
-0.2545376973
-0.1355203709
-0.2556976750
-0.1319954858
-0.1405504141
-0.1819179073
-0.0800573729
-0.2401054707
-0.2386244827
-0.2666665950
-0.0604688501
-0.2875413774
-0.3021208945
-0.1118157353
-0.2635356175
-0.2904500880
-0.2438140238
-0.2343558011
-0.1599052287
-0.2796771596
-0.2364055893
-0.3224705699
-0.1708091886
-0.2715019469
-0.1994038546
-0.1788429595
-0.3315650859
-0.0584476662
-0.2061790222
-0.0940992397
-0.2592584750
-0.3708401122
-0.1746728069
-0.0560257754
-0.1994723629
-0.0828293526
-0.2051383633
-0.0952660097
-0.1955712440
-0.2787749821
-0.0076500039
-0.2059001689
-0.2488352924
-0.2791900350
-0.1660623412
-0.0887942244
-0.3049945145
-0.0725431998
-0.2451701983
-0.1765301809
-0.1506761895
-0.2159791371
-0.0062100800
-0.2283265545
-0.2800148254
-0.1950362876
0.0154972084
-0.0328648305
-0.0714470197
-0.1669120277
-0.0761531430
-0.1338296115
-0.0408209796
-0.0710037557
-0.1566174328
-0.2043499127
-0.1915375909
-0.1962784807
-0.0993902505
-0.1518623705
-0.0914346209
-0.0098898230
-0.1541695060
-0.1576318330
-0.1671664368
-0.0171418394
-0.1162773379
-0.0724172759
0.0440160360
0.1230289813
-0.0095129256
-0.0432221882
-0.1025403245
-0.0229189292
-0.1317697294
-0.2342616131
-0.0313004282
-0.0700783345
-0.0165383079
-0.0608797592
0.0620052605
0.0101640723
0.0081927700
0.0530596244
0.0129408078
-0.1257917118
-0.0603047140
-0.0075649974
0.0059993412
-0.0471323599
0.0629513995
-0.0555661573
-0.1441103570
-0.0700408677
-0.0546983954
-0.0836842607
0.0688980680
-0.1710815033
0.0475827285
0.0904832801
-0.1342788331
0.0700960808
0.0438964109
0.0820361489
0.1034189294
-0.0318828511
0.0738253865
0.0512022958
-0.0007977598
-0.0270731958
-0.0096219081
-0.0028483623
0.0632493239
0.0321086317
0.0520459982
-0.1897351750
0.0567707512
0.1120814963
-0.0053417747
0.1447404587
0.1184409617
-0.1273210834
0.0450157352
0.1369693240
0.1425020261
0.0382302698
-0.0174492168
0.0875235824
0.2210569288
-0.1040143287
-0.0138736802
0.0385868807
0.0417019430
0.1848452681
0.0054200591
0.0546008142
-0.1274908619
0.1822989856
0.0165173290
0.0160094011
-0.0030132233
0.0023282820
0.0822532193
0.0380218902
0.1413344731
0.1238386964
0.1873276943
-0.0074545319
0.0579304686
0.1073226519
0.0138259798
0.0744074442
0.0479550233
0.0561237204
0.0998372963
0.0647936915
0.1589144150
-0.0125518864
-0.0005938721
0.1682049875
0.0511442706
0.0944887033
0.1122363300
0.2184711141
0.0859390498
0.1947323776
0.0694646981
0.0807997618
0.1181355084
0.1280838967
0.1949415542
0.1523911117
0.1529151038
0.0948913515
0.2627483304
0.0880708987
-0.0152950659
0.1493934527
0.1411952612
0.0815115513
0.1512567038
0.1445264468
0.1655267641
0.0784249160
0.0822308089
0.1260860965
0.2657824166
0.0849133916
0.1374351044
0.1962604871
0.1249599736
0.2047623469
0.1000194369
0.1743528305
0.2070981721
0.0560235043
0.1375811373
0.1340514514
0.1265366373
0.1573738742
-0.0619045412
0.2239510001
0.2959727874
0.0989179942
0.2342926041
0.1032863976
0.0903802503
0.1240158295
0.3348470429
0.1902580023
0.2369932731
0.3241008714
0.2217822261
0.1823294827
0.2552676442
0.0176149688
0.3093463371
0.2260204111
0.2234943898
0.2851573649
0.3372649240
0.2789846919
0.2333054653
0.1510719218
0.1871265503
0.0887664198
0.2469310619
0.2273685428
0.3020055148
0.3190524407
0.3591361481
0.0985052545
0.0956925206
0.3083500614
0.2931047496
0.3335434328
0.1892886904
0.1572807409
0.3140048685
0.1692314983
0.2591558695
0.2779342785
0.2537474972
0.2150165000
0.3034240952
0.3434930974
0.3227401611
0.3490604711
0.2371405931
0.3065004179
0.2211403754
0.2019682857
0.1410190952
0.3546949570
0.1189800474
0.3831172188
0.1802584121
0.2715656829
0.4109518809
0.2420269707
0.3899538911
0.3883197678
0.4007293050
0.2628382594
0.1151633834
0.2907834542
0.1558682173
0.2621855606
0.2440804965
0.2993773123
0.2887966629
0.2667076138
0.4098750297
0.3924453672
0.3834150049
0.2546109030
0.5094595482
0.3256008296
0.4871444007
0.3388998533
0.2286339816
0.3803596472
0.3423560890
0.2989348086
0.4136670411
0.1744170116
0.2623321492
0.3426831475
0.4468512416
0.3188966704
0.4072022819
0.3735409908
0.2720392716
0.3509984868
0.4184847639
0.3033819995
0.3286432219
0.3794390603
0.4742235194
0.2420384763
0.1781175228
0.3927443908
0.3922010861
0.4488058062
0.2554984735
0.2741471887
0.3877170543
0.4176880865
0.3924276477
0.2879841041
0.4478340108
0.3203422713
0.3474995861
0.4112705822
0.4684731397
0.3757830495
0.3556564242
0.4267904325
0.2737610726
0.4312705451
0.4927295928
0.4568528325
0.3876108695
0.3847310204
0.4423729254
0.4909191351
0.4333028016
0.4007174688
0.5317898308
0.4494879342
0.3763433970
0.4892505205
0.4190283055
0.4163071087
0.5176903024
0.3609481661
0.4601010795
0.4845454486
0.3399962115
0.4644749884
0.4405694045
0.4793135589
0.4443381516
0.4337912139
0.4343214864
0.4455991328
0.4431831515
0.4388630441
0.4321977209
0.5014975279
0.3685397568
0.5484374299
0.5012234120
0.3139950974
0.3854928662
0.4429399358
0.3898475718
0.3960952433
0.4954596249
0.3436444044
0.4596565600
0.3961426400
0.5316569997
0.4783843818
0.5677302375
0.5970593047
0.4413572935
0.5370887632
0.6096098973
0.3951750635
0.4528145760
0.5577881800
0.6448543444
0.4496544802
0.6511025316
0.6210434179
0.4804252951
0.5408813713
0.6191625549
0.4639689484
0.4235164935
0.5486169213
0.4807570123
0.5116422403
0.4846448072
0.4874675070
0.6554031418
0.5146120491
0.5616786333
0.4450292527
0.5867351433
0.5158615074
0.5659966695
0.5111075505
0.6166351337
0.5538063324
0.5855522226
0.4472694275
0.6563228558
0.5264096255
0.4940499095
0.4392114192
0.6937725745
0.4602080606
0.6030267269
0.6194814163
0.6923387722
0.7323049978
0.5371758805
0.4788388004
0.5913425843
0.5377309842
0.5884982254
0.6105941708
0.5625303950
0.8015554643
0.6932312548
0.5445632631
0.6273192799
0.5690865778
0.6848026592
0.5879854003
0.7222723065
0.7926897303
0.6071954716
0.5809873881
0.5724613225
0.7514934052
0.7924329609
0.6329276157
0.6187772993
0.6670800393
0.5980472518
0.7654595797
0.6208771514
0.6461937331
0.6024581698
0.7858203533
0.7089766570
0.6725235610
0.6078960383
0.6147707862
0.8038904803
0.7307248550
0.6591839472
0.6703857506
0.5494377326
0.7421295302
0.6118795022
0.6356505431
0.7765970733
0.5924077277
0.6943738177
0.7048626784
0.7192541388
0.6527627053
0.8755464862
0.6447480123
0.7061655802
0.7026004556
0.5425262272
0.8143026465
0.7408968653
0.6229199705
0.6331852821
0.6158834861
0.6601750685
0.6148889856
0.6356984434
0.7946365724
0.7295587504
0.7009921504
0.8063577235
0.7377831278
0.7544024310
0.7549971540
0.7858103038
0.6696058877
0.7463265936
0.5910033126
0.8090436925
0.6919549317
0.5923227759
0.7799117141
0.7084695173
0.8549844914
0.7743355845
0.8349980322
0.7162986065
0.7089348962
1.0262587574
0.7260971937
0.8309952276
0.7612510780
0.8252034200
0.7350038494
0.7148181237
0.7656436150
0.8692248073
0.6418512376
0.6868964875
0.8226714007
0.8893468245
0.8408298878
0.7185021370
0.8447743156
0.7676502197
0.8423807308
0.6933453190
0.8668113225
0.8097846454
0.8608668384
0.8777794282
0.7902483766
0.7772078232
0.8269458606
0.6862962156
0.7929575967
0.8728285768
0.8111206365
0.8270125553
0.7699745483
0.7850789656
0.6957425274
0.7768582827
0.7840539485
0.9188494496
0.7917292733
0.8184025607
0.8725160585
0.8244138408
0.8451703116
0.7921040254
0.6875093200
0.7771128328
0.7166152253
0.8701403123
0.8436141600
0.8117814052
0.9690802878
0.7433720242
0.8547963734
0.7359380398
0.8691776317
0.8542453666
0.8927084742
0.7721880127
0.9377210713
0.8509832509
0.9475711550
0.9363668502
0.7892105263
0.8600378786
0.9332850630
1.0603279633
0.9353186687
0.8665880067
0.8511570107
0.9960675605
0.7992148875
0.8254858681
0.9313840529
0.9735180975
0.9196522610
0.9813919840
0.8495581180
0.9789942317
0.8796438075
0.7845051918
0.8071748245
0.9399038068
0.9520647557
0.8183151108
1.0508344505
0.7449334112
0.8772455355
1.0899538653
0.9893675043
1.0612916317
0.9897441774
1.0237978497
0.8287015791
0.9492988445
0.9101432111
1.1699665414
0.8798888332
0.8322510554
1.0861897330
1.0119706671
0.9735428501
0.9883301411
1.0498149309
0.9159328393
1.0149100190
1.0390647157
0.9497666411
0.8358723159
0.9525582553
0.8737090488
0.9010762107
0.9845526497
1.0748465354
1.0048948793
0.9820233773
1.0352820377
0.9808548279
0.8845344212
0.9279356760
0.9609123892
0.9862297094
0.9960636331
1.0803606280
0.9770126343
