-0.8838604073
-1.0001497913
-0.9991613666
-0.9407533784
-0.9739589152
-0.9436935390
-1.0257395621
-0.9211909483
-0.9724870986
-1.0067266877
-1.0390976360
-0.9922714768
-1.0785361196
-0.9904658334
-0.9378501210
-0.9435800801
-1.0127247242
-1.0190492997
-0.8914795677
-0.7431385296
-1.0335036566
-0.8921959646
-0.9286537209
-1.0178081335
-0.9256279330
-0.8884542130
-0.9932768510
-0.8008355042
-0.9974965775
-0.8950218280
-0.9727790644
-0.8705633972
-0.7614305389
-1.0516534998
-0.8667390856
-1.0261541466
-0.9196050518
-0.8095297313
-0.7527108891
-0.7932358456
-0.8702960287
-0.7579034847
-1.0282225751
-0.9393655557
-0.9343957874
-0.7005471157
-0.8311127662
-0.8459911436
-0.9449233313
-0.8078790980
-0.7907113223
-0.8949871827
-0.9553130271
-0.8454703259
-0.8997045104
-0.9898449789
-1.0648563995
-0.8294749652
-0.9644298494
-0.7741831277
-0.8626596170
-0.9756142603
-0.8615920073
-0.8154122387
-0.9426580849
-0.9143777563
-0.8510519242
-0.9094418180
-0.9067211446
-0.8375157376
-0.9207483210
-0.7646338233
-0.7147196413
-0.7647075802
-0.9689269308
-0.9359045205
-0.8157049613
-0.8257847697
-0.8393786965
-0.7788686758
-0.8351695093
-0.7360523716
-0.7931406784
-1.0107838878
-0.7248810122
-0.7208974406
-0.7966559113
-0.9573093224
-0.9578904363
-0.8018514875
-0.8492244400
-0.5469230952
-0.6807982816
-0.8687340234
-0.9206169875
-0.7612651604
-0.7948759847
-0.7870765104
-0.8455228157
-0.8269409423
-0.8483236563
-0.8252968690
-0.7571455225
-0.8323344568
-0.8593911295
-0.8047106690
-0.9122724117
-0.9655917862
-0.8934935583
-0.6983996384
-0.8369890539
-0.8553153493
-0.7489059590
-0.8190543779
-0.8407680900
-0.6751442687
-0.6778502122
-0.6184616848
-0.8205816218
-0.6139530367
-0.6127038668
-0.7038425364
-0.8087115084
-0.6604940051
-0.7408788599
-0.5842162058
-0.6098334940
-0.6222722157
-0.9170276718
-0.7036155768
-0.6925009540
-0.6888122006
-0.7131525589
-0.7442779234
-0.7289069303
-0.7796356739
-0.6346011305
-0.6767437144
-0.7224585638
-0.6581659057
-0.7805814529
-0.6701039659
-0.7396305044
-0.7855150763
-0.6290286351
-0.7944926331
-0.7044458022
-0.7347399146
-0.7786509339
-0.5168348800
-0.7087375025
-0.7903722363
-0.5444048437
-0.6607903469
-0.6614292283
-0.6802710492
-0.7440037368
-0.5966434972
-0.7097818562
-0.8034935281
-0.7967572689
-0.6074051301
-0.5177792999
-0.6772207419
-0.5869104729
-0.7416686908
-0.7417045965
-0.6781752704
-0.5968689314
-0.7776398065
-0.7164150275
-0.6693294221
-0.6972556868
-0.6118540558
-0.5895122475
-0.6935347031
-0.6448345435
-0.6342985649
-0.6802738067
-0.5754904345
-0.6292748833
-0.5155583837
-0.7116301495
-0.5875745300
-0.7117353255
-0.7174078858
-0.5232672376
-0.6316174853
-0.5782843731
-0.6919286459
-0.6824637969
-0.6944412836
-0.7000611652
-0.7031279452
-0.6682157877
-0.5889331161
-0.6104566711
-0.4491950811
-0.6025437964
-0.5570573349
-0.5089696225
-0.5423025158
-0.5012923834
-0.5594461630
-0.5937796753
-0.5622863132
-0.6655127445
-0.4987508003
-0.5547176608
-0.5296840315
-0.8124801625
-0.6685244341
-0.6151376856
-0.6054359160
-0.3591779911
-0.4401499655
-0.5344444293
-0.5355579832
-0.5706190141
-0.6148482883
-0.6186795170
-0.6214221457
-0.5043706496
-0.5405535126
-0.5971310119
-0.4943714976
-0.6336656041
-0.4907569334
-0.5786147110
-0.5157333019
-0.3223460987
-0.5951855804
-0.5851763494
-0.5975191263
-0.6221788475
-0.5282382895
-0.4882011484
-0.5079654602
-0.5526947620
-0.4960446354
-0.5692110153
-0.6257996229
-0.4689154906
-0.4963278789
-0.5009874990
-0.5502787443
-0.5595533883
-0.5314612985
-0.4530325702
-0.5399357741
-0.4428671023
-0.5371128119
-0.4466130236
-0.4892331464
-0.5402446433
-0.5038826165
-0.3245485390
-0.4516947804
-0.5611103418
-0.4076781402
-0.3474378730
-0.4746020515
-0.4590390820
-0.3756924020
-0.5255328702
-0.5732284464
-0.5047864780
-0.5315606133
-0.3707769540
-0.4071094868
-0.3803312699
-0.3932827305
-0.4279163893
-0.4275470522
-0.5608847897
-0.5092446537
-0.3829510007
-0.4440602758
-0.4278803352
-0.3600164163
-0.3370201894
-0.5566143670
-0.3812589896
-0.3365387143
-0.4837154913
-0.4073968039
-0.4069508069
-0.3980025419
-0.4601077559
-0.4332472393
-0.5096462446
-0.4910764357
-0.5202372224
-0.3781061851
-0.5576638302
-0.3292749077
-0.3439659668
-0.4367221115
-0.2983145197
-0.3606256527
-0.3798382475
-0.4292466129
-0.4473651535
-0.3040688330
-0.2518684904
-0.4427436657
-0.3730322630
-0.4179922948
-0.3535696923
-0.2958185709
-0.4801867156
-0.4269071352
-0.4692610116
-0.3363865746
-0.3345290451
-0.2938753452
-0.5565741914
-0.2551023654
-0.4155965969
-0.2425719910
-0.2908117926
-0.3412252088
-0.2648070873
-0.2914553583
-0.2763882973
-0.4029963415
-0.4021459370
-0.5305829914
-0.3463476596
-0.2857406098
-0.2433016134
-0.4250409469
-0.3421887720
-0.4391993256
-0.3176514482
-0.2312789557
-0.4071490567
-0.3169567023
-0.2544238527
-0.3342964765
-0.3341340977
-0.1874923618
-0.2111219847
-0.0870189634
-0.4482686799
-0.3786603007
-0.2993045198
-0.3282998509
-0.2913045663
-0.3068494506
-0.2721335101
-0.3434529527
-0.2110118707
-0.1914275670
-0.3927030887
-0.1878208607
-0.4436843581
-0.3089579244
-0.3797673331
-0.2929683342
-0.2976319301
-0.3310153813
-0.2356907193
-0.3680665042
-0.4795005966
-0.4258396766
-0.2630497693
-0.3238252522
-0.1213806801
-0.3020206112
-0.1872323999
-0.2271610220
-0.2053968079
-0.2363606648
-0.2850190780
-0.1805045806
-0.2591695355
-0.3260361837
-0.1994631549
-0.2233541552
-0.3523751686
-0.0960356750
-0.3019169450
-0.3973513545
-0.3127959081
-0.2620681639
-0.1418938035
-0.1244019290
-0.1170887668
-0.0006220817
-0.2989039409
-0.3271366064
-0.1849625647
-0.2984029426
-0.1851552624
-0.2247700186
-0.2168434203
-0.2636919858
-0.2818693683
-0.3297279230
-0.2725113770
-0.1976288946
-0.0855913345
-0.1773967196
-0.1141448656
-0.1413551188
-0.2967924369
-0.0467815914
-0.2110210971
-0.1516510150
-0.1869756223
-0.1186051981
-0.0796631218
-0.0650649351
-0.2635354662
-0.2210115359
-0.0939668320
-0.3030419243
-0.1671174833
-0.2322312927
-0.2950283493
-0.2119704324
-0.0735895100
-0.1010931910
-0.0247615011
-0.2090120570
-0.2154837633
-0.0942600944
-0.0756969381
-0.0914801114
-0.1424893150
-0.1766940681
-0.1208245898
-0.0578573334
-0.0344772206
-0.1826831708
-0.0462405155
-0.0294522993
-0.2351554531
-0.0848171734
-0.0046343395
-0.1003113046
-0.1070053036
-0.0480118726
-0.0087614665
-0.1403050204
-0.0763892372
-0.0597508656
-0.1210648586
-0.0363935079
-0.0305380301
-0.1225161652
-0.1616900836
-0.0074258738
-0.1157702389
-0.0944451543
-0.1402200193
-0.0147328291
0.0269715440
-0.1106249922
-0.1287230481
-0.0821082265
-0.1321884302
-0.1363656367
-0.0766793935
-0.1371292785
-0.0069570585
-0.0265524432
-0.0724741050
-0.1305513342
-0.1628977166
-0.1549858623
-0.1140650207
-0.1386708585
-0.1175296815
-0.0489895506
-0.0104350954
0.1147041570
-0.0470718679
0.0143112098
0.2343410080
-0.0077710520
0.0181783968
0.0765174785
0.0364906830
-0.1686516804
-0.1743054567
-0.1339743299
-0.0373076981
0.0549559299
-0.0769581014
0.0727709538
0.0278412648
-0.0056749971
0.0614762058
-0.0516287316
-0.0052001009
0.0085626918
-0.1600548801
-0.0901935900
-0.0837140241
0.0416228807
0.1432531359
-0.0419701147
-0.0939441713
0.0436377714
-0.0891462185
0.0986889197
-0.1333084368
0.0476780377
0.0081527374
0.1835286767
0.0242117769
0.0319237093
0.0099034115
0.0887125453
-0.0164193497
-0.1652588368
0.1084490381
-0.1357936219
-0.0343939409
0.0080748552
0.1422742859
-0.2465485819
-0.0923407158
0.0027109337
-0.1097383626
0.0962955281
-0.0511343324
0.0555648717
0.0849366911
-0.0594049356
-0.0217381780
-0.0767709346
0.0910580219
0.1052704044
0.0401931816
-0.0362760881
-0.0037951069
0.0960114367
0.0965552422
0.0961775109
0.0938879763
0.3133190061
-0.0935207616
0.2476669297
0.1764879433
0.1639621034
0.0282058266
0.0738254426
0.1769179836
0.0003516498
0.0508469593
-0.0323727003
0.1269512469
-0.0396337707
0.1552853756
0.1360926570
0.1120473657
0.0912141909
0.0735130005
0.1176693094
0.1782062377
0.1504445762
0.1046180618
0.0912372384
0.1456383028
0.0460235999
0.1519257090
0.1305722042
0.2627235324
0.0538237623
0.2023664312
0.1599898874
0.0112703667
0.1442540796
0.0341002291
0.1339358986
0.1983289513
0.2691808587
0.1141254437
0.1978140154
0.1754334015
0.1921466194
0.0793252825
0.1055931088
0.2606632815
0.1804651107
0.0851500307
0.1934989744
0.2095447605
0.3351703255
0.2662203539
0.1830685505
0.2423042098
0.0584497509
0.2046798600
0.2785262068
0.2397355768
0.2068835770
0.0279856459
0.2619650047
0.1500094779
0.3176296521
0.2817457131
0.1105606708
0.1982336910
0.2815021699
0.1054590618
0.2549224350
0.1156884961
0.1370927248
0.3149983845
0.3112760598
0.2696455355
0.1763141876
0.2290755705
0.0649152971
0.2892124666
0.3794122153
0.3669466763
0.1195271543
0.3873213694
0.1898491561
0.2986722182
0.2176407417
0.1971268226
0.1548647474
0.2399275721
0.2618362233
0.4159592941
0.2435050689
0.1304039676
0.2033432752
0.3249269126
0.2510603597
0.3509341197
0.2827727216
0.3328768862
0.2599397862
0.2813991985
0.1571278349
0.2690190234
0.1600027101
0.3091830953
0.4166972120
0.3793268509
0.1936525718
0.3724363400
0.4862984088
0.1759006468
0.2579836631
0.1394007377
0.2915255127
0.1793635584
0.2519430140
0.3221618651
0.2222658042
0.3010909407
0.2618240378
0.3141065922
0.3702265257
0.2687011765
0.2057020026
0.2499914282
0.2749806739
0.3351580483
0.3327399840
0.2318530789
0.3281808341
0.4365619175
0.2797155152
0.3549973502
0.2974965794
0.2369173894
0.2947075080
0.4493282551
0.2947158218
0.3493689720
0.4248496135
0.3921146588
0.3145571360
0.2407981034
0.3053902227
0.4329515146
0.3910786441
0.4796017259
0.4142630722
0.4986964021
0.3981034710
0.3308747586
0.4136930218
0.3224484382
0.4101288901
0.2051471271
0.4512679191
0.3924762634
0.3509830959
0.4551892946
0.2961861948
0.4231560644
0.3693195959
0.4883876909
0.4110761983
0.2986700205
0.5242382682
0.4094969805
0.3744517652
0.4375347975
0.3794596013
0.4412848726
0.3972436214
0.3570193232
0.4409431455
0.3505804719
0.2407119010
0.4625960886
0.4155160710
0.4212604894
0.4434769889
0.5112163811
0.4197576184
0.3993655560
0.5996515062
0.5082870916
0.4784051795
0.4887968556
0.5083911672
0.5351351726
0.3707088202
0.4785235818
0.5356329014
0.3817228278
0.5546480488
0.6164980131
0.5379220739
0.3124465306
0.3871065322
0.4904086639
0.5804373799
0.6054451462
0.5192733129
0.5195235750
0.4277701743
0.3907046260
0.5103810618
0.5581923696
0.4798520683
0.6265662857
0.5735860748
0.4229626695
0.6733503089
0.5422942374
0.5101831021
0.5618311357
0.4788135441
0.5260959028
0.6492698145
0.5497458044
0.4121188288
0.5569225545
0.5539661103
0.5408158170
0.5976902742
0.5486885297
0.7479781049
0.5375219888
0.5453510002
0.3641501937
0.5132985936
0.4710034731
0.5080230132
0.5923415758
0.5905590692
0.4191871064
0.6457208515
0.5810930857
0.4627425299
0.6991262202
0.6034316285
0.6091666046
0.7284131490
0.5037436857
0.5782966504
0.5981381602
0.4663087700
0.6043219149
0.5938346248
0.6461968890
0.6571013520
0.5269725267
0.4570191471
0.5528732737
0.4840310264
0.4570033231
0.7080669444
0.4293695497
0.5180694603
0.4381274597
0.5918441609
0.6544485332
0.5698924433
0.6464389395
0.6408703801
0.4946712411
0.5600463286
0.6993110088
0.5974051351
0.5509034351
0.5382816714
0.7452726099
0.5604476224
0.5556227396
0.6559313614
0.6658648921
0.4653871303
0.6176855329
0.6172797727
0.6656843971
0.7697810260
0.4602028680
0.6006657332
0.7244491846
0.7699535651
0.5897634750
0.5323815859
0.5960060344
0.8873831660
0.6457884153
0.6393007046
0.7452264742
0.5555168343
0.7464264572
0.7650309959
0.6338907647
0.6622631788
0.6650547938
0.5807920191
0.7312778647
0.7473903008
0.7346054420
0.6405110709
0.5862505472
0.6673892705
0.5871104999
0.7659746822
0.7088404114
0.6814968370
0.7502641881
0.7832805463
0.6822095463
0.7680863819
0.6370267842
0.5564152764
0.7138060878
0.6145417955
0.6909726349
0.6120036297
0.7308898391
0.8076191199
0.7304873972
0.6751446055
0.6451762097
0.6354571256
0.8160615977
0.7416349652
0.8615915210
0.9376062870
0.8226773589
0.7643326968
0.6627027450
0.7044261309
0.6222129802
0.7159719472
0.8678825489
0.8580680053
0.8365483417
0.6798918000
0.6619467076
0.8501865844
0.7738156836
0.7257551068
0.7756761587
0.7767717631
0.8156158255
0.7122543748
0.9266306223
0.8172240710
0.8396182628
0.7215350062
0.8303543060
0.9374761356
0.7123464873
0.7575841990
0.7968060202
0.8028445628
0.6781090404
0.7983609171
0.7867911348
0.8345984684
0.6992539690
0.7111606214
0.8247659463
0.7783892603
0.8042273139
0.9501709909
0.7838678083
0.8500671014
0.9043171164
0.8150880574
0.9199820051
0.7694802304
0.8954795027
1.0100587209
0.7868790320
0.7997147614
0.8313422936
0.9045590508
0.8628447060
0.8163380471
0.8332443006
0.7889915906
0.8847410574
0.8287308378
0.8692595662
0.9451103191
0.8778713399
0.7796844770
0.9480536473
0.8249343262
0.8298872380
0.7425080867
0.9986521592
0.7669711599
0.9013959673
0.8683736472
0.8613518298
0.9122247620
0.9706541161
0.8579918954
1.0061499036
0.8130559434
0.8367886382
0.9037831311
0.8024391653
0.8894396187
0.7454087123
0.9467050095
0.9829113446
0.8247804385
0.8362972423
0.9677821399
0.8928799873
0.9601847002
0.9039293717
0.7950774158
0.8238306500
0.8517947039
0.8338297237
0.9499191150
0.9544331358
1.0107341419
0.8822013142
0.8798186550
1.0454513816
1.0923341341
0.9665120401
0.9037280764
0.8687746282
1.0257581931
0.8943005856
0.9653465428
0.9333445030
0.9078767071
0.9010132827
0.8899334436
1.0028114083
0.9998185790
0.9350489726
1.0525562496
0.8801854141
0.9241125558
0.9009915180
1.0588091628
0.9555406760
0.9168417895
1.0119818226
0.9545577311
1.0083270838
0.9983026970
1.0796241103
1.0998877013
1.0529564564
0.9919905935
1.0274204279
0.8999363003
1.0778777680
1.0619696956
1.0223136904
1.1206976155
