-1.1472108661
-1.0960258221
-1.0029559412
-0.9924954095
-1.0062074283
-1.0863927280
-1.0884654774
-0.9332103459
-1.0528950158
-0.9930501352
-0.9293197988
-0.8023910485
-0.9013773174
-1.0450635576
-1.0190493571
-0.8912845235
-0.9177474294
-0.8652091965
-1.0513683797
-0.9845320213
-0.9041381762
-0.9208189972
-1.0200737734
-0.8008192533
-0.9373748267
-0.8382121577
-1.0186612738
-0.9957444065
-0.9541757289
-0.9724907113
-0.9425545994
-0.8473455244
-0.9231810901
-1.1032172292
-0.8026805526
-0.8512278084
-0.9508364072
-1.1160117773
-0.8530030883
-0.8921295022
-0.6871481445
-0.8370051131
-0.8874081754
-0.9695079448
-0.7743633902
-0.8543255030
-0.9023362307
-0.8742585089
-1.0261416702
-0.9193645471
-0.8986615664
-1.0691803858
-0.8761960886
-0.8299518987
-0.8746537086
-0.7801384148
-0.9141283635
-0.9867738282
-0.8582515903
-0.8997654262
-0.9216504082
-0.8787512910
-1.0650265003
-0.9634294180
-0.8393268295
-0.8127223509
-0.7814572470
-0.7377590134
-0.8797139332
-0.9453304382
-0.8323605763
-0.9522098371
-0.8033923198
-0.9477784975
-0.8888316582
-0.9015159839
-0.7208283907
-0.7826752528
-0.8885987898
-0.9770751763
-0.7763398679
-0.9428169265
-1.0398162115
-0.8955884063
-0.8783067519
-0.8033655829
-0.6835960973
-0.9006509395
-0.8499879235
-0.7611288917
-0.8236905429
-0.8670738581
-0.7739839891
-0.8199537762
-0.7699994161
-0.7301581300
-0.8218884357
-0.8378202039
-0.6593152211
-0.8340645399
-0.6902087573
-0.7437367801
-0.7346783514
-0.7552177662
-0.7508748084
-0.8932968419
-0.7689300282
-0.7452918050
-0.7608388654
-0.7332780605
-0.9180477524
-0.6397415277
-0.7929100809
-0.7480346631
-0.6722019690
-0.8073467392
-0.7185814307
-0.6131489441
-0.8840656865
-0.7868910383
-0.7263028882
-0.8049378882
-0.9309256261
-0.7149184738
-0.8304188871
-0.7976544696
-0.6237113662
-0.7087685566
-0.8482480604
-0.7548972758
-0.8375188831
-0.8589197681
-0.7150924325
-0.7346807963
-0.6370896669
-0.6905241991
-0.6746108942
-0.8127543358
-0.5735401827
-0.7316360967
-0.7409135794
-0.7345774793
-0.7101076682
-0.7162456190
-0.6699369799
-0.8591472383
-0.5157897055
-0.6341525007
-0.7269606027
-0.7925857620
-0.7138182986
-0.6081377456
-0.6325378751
-0.6081672051
-0.5996733370
-0.5621340354
-0.6177020469
-0.7981747570
-0.5941528728
-0.7570702866
-0.6146300516
-0.8655613545
-0.7322116664
-0.8846060818
-0.7957587673
-0.6012865503
-0.7019445563
-0.7618939229
-0.6706774650
-0.6841057524
-0.7105287461
-0.5785449308
-0.5076205219
-0.5571041652
-0.6497211161
-0.6283822229
-0.6235232375
-0.8176069464
-0.5520629108
-0.5308020451
-0.7304569273
-0.6990709549
-0.7070524312
-0.5117344761
-0.6276344166
-0.6354517701
-0.6069622452
-0.5776848417
-0.7239738928
-0.6460453676
-0.5543534564
-0.6242902924
-0.6701990697
-0.6519885453
-0.5855259936
-0.6843228223
-0.6043155550
-0.7051611676
-0.6881870346
-0.6659645370
-0.6796495220
-0.6715307345
-0.6969295675
-0.5047210731
-0.3522960743
-0.5406550589
-0.5958400745
-0.6034326012
-0.5604970163
-0.6558112114
-0.5657237579
-0.4921560192
-0.5923837759
-0.6141666752
-0.6667125156
-0.3900534419
-0.5608981302
-0.3938970482
-0.6476674156
-0.5649477174
-0.4964932065
-0.6504160816
-0.4670791761
-0.5991720801
-0.5164565212
-0.5720209001
-0.5984214846
-0.4538468746
-0.5739723774
-0.5314194192
-0.5775114888
-0.3708503741
-0.6734170765
-0.6086663690
-0.5950825047
-0.6104061829
-0.3955995782
-0.4423415366
-0.6160110300
-0.5933161660
-0.4902297671
-0.5273401381
-0.6101811208
-0.5324643152
-0.5281821851
-0.5276065152
-0.4998395705
-0.4687934361
-0.5144481475
-0.5094100840
-0.6404520791
-0.5293319709
-0.5166975845
-0.5806121922
-0.5190461018
-0.5540429283
-0.6241582256
-0.4381662914
-0.6139582658
-0.4418644828
-0.3747797490
-0.4906036072
-0.5821378237
-0.5315022565
-0.4293272954
-0.6120883552
-0.5083698204
-0.5726738830
-0.4922335959
-0.4852446350
-0.4721970651
-0.4506647135
-0.4280748786
-0.3839444950
-0.5659436644
-0.3691258320
-0.3999634688
-0.4212900545
-0.4890805664
-0.3001614191
-0.5371275306
-0.5054363061
-0.3942298715
-0.3550786784
-0.3484518101
-0.6289986256
-0.4310159192
-0.5629449400
-0.5294507393
-0.4001722442
-0.4045989512
-0.4060944865
-0.3556108812
-0.4502603098
-0.3910544414
-0.5415074075
-0.4093166778
-0.3282108059
-0.3894865182
-0.3506413035
-0.4359300560
-0.4311672719
-0.3810121271
-0.3560087602
-0.4330522599
-0.4623233209
-0.3989172385
-0.3601356528
-0.5191358233
-0.2811938813
-0.4799635459
-0.3813616611
-0.5049634461
-0.4459230625
-0.3920428613
-0.3030110663
-0.3694276242
-0.1958282832
-0.4291802613
-0.4221482018
-0.2562044330
-0.2886808849
-0.3208920695
-0.2912052285
-0.4049396381
-0.2918635855
-0.5276843059
-0.4199064324
-0.3551623633
-0.2162320309
-0.2448236580
-0.3071794475
-0.3161886755
-0.4224168658
-0.4594205054
-0.1455386766
-0.2198100097
-0.3735054705
-0.2689135928
-0.3315696231
-0.3846216116
-0.4312246991
-0.4430003233
-0.3012321592
-0.2905521754
-0.3325596122
-0.4415490343
-0.3640191355
-0.3925709520
-0.0953835162
-0.2203643957
-0.3213801920
-0.1962366546
-0.4101605478
-0.2484175536
-0.3171980041
-0.3678375257
-0.1376193385
-0.2574827523
-0.2926019549
-0.3437869428
-0.2884900640
-0.2876935443
-0.3512633650
-0.3024166210
-0.3995107575
-0.2266161359
-0.3647117120
-0.3476962440
-0.3996445735
-0.2221297618
-0.3264270569
-0.2782238724
-0.2350181756
-0.2958383086
-0.1853374426
-0.2232065774
-0.2467448692
-0.2548472840
-0.2674677081
-0.2895743353
-0.1682567752
-0.2097949988
-0.2464648760
-0.1994933002
-0.0820290338
-0.2647732712
-0.3469735826
-0.2573633294
-0.2299456584
-0.2754131727
-0.2423057113
-0.1586810487
-0.1081863450
-0.4123081907
-0.2049982919
-0.2451182222
-0.0606401913
-0.0621102421
-0.1465316209
-0.3298040966
-0.3512499487
-0.2048044465
-0.3228539975
-0.2141094878
-0.2277175735
-0.1400938028
-0.2554395726
-0.0751253509
-0.1381285710
-0.2162641534
-0.0307178745
-0.1255299229
-0.1730404354
-0.1606364205
-0.2308826170
-0.1849940594
-0.0903986686
-0.1175362698
-0.2694590892
-0.2509083742
-0.1702963860
-0.2068910154
-0.2508479460
-0.1358155366
-0.1961673963
0.0090442471
-0.2545900256
-0.0666864517
-0.1702251082
-0.2196428329
0.0311243174
-0.0261801193
-0.0805866711
-0.0599241702
-0.0816130296
-0.1284178288
-0.1853974906
-0.2295446765
-0.0322844670
-0.1549907923
-0.1920293605
-0.0552560197
-0.1121283201
-0.0789364485
-0.1489796379
-0.0517198319
0.0034980042
-0.1583928540
-0.0726618653
-0.1535144254
-0.0168318881
-0.0406275633
-0.0659224496
-0.0210081858
-0.0356216875
-0.0665732467
-0.0706941495
-0.0302666126
-0.0288673643
-0.0326480712
-0.0007481732
0.0100978213
-0.0739262274
0.0124357714
0.0368322278
-0.1128498403
-0.1433419254
-0.1299804675
-0.1390005500
-0.0387835521
-0.0067875704
-0.0211106736
-0.1508971133
0.1221500959
0.0126918349
-0.0044714658
-0.0749010238
-0.0746606344
-0.2230811215
-0.0451082580
0.1220583062
-0.0166968460
0.0512368880
-0.1571269598
-0.0873864059
-0.0253001628
0.0159876842
-0.1206481648
-0.0573010090
-0.0582755377
-0.0118525722
-0.0205768951
0.0450705291
0.0413681126
-0.0118345503
0.0985383675
-0.0496029636
-0.1034045969
-0.1076347040
0.0926884039
0.0298247399
-0.0474647064
-0.0116026455
-0.0891942150
0.0712251727
0.0150447368
-0.0204331752
0.0639433906
-0.0714308961
0.0176811813
-0.0145667861
0.0666624486
0.1322780884
-0.1313299203
0.1203304228
0.0397325435
-0.0101420514
0.0254638201
0.1997748369
0.0816905119
0.0124544673
0.1266680572
0.0920289330
0.0623514010
0.1922085265
0.1264338625
-0.0541516267
0.1392577144
0.2140497917
-0.0263762513
0.0453017953
0.1621150774
0.0735575133
0.2346269763
0.0959875767
-0.0121287561
0.0098605350
-0.0092490203
0.0294843695
-0.1344446599
0.0906732506
0.0339982171
0.0203360440
-0.0284374373
-0.0048577441
0.2589461695
-0.0449459576
0.1480399151
-0.1332579711
-0.0878537734
0.0253466241
0.1004407033
0.1466059018
-0.0227445189
0.1015513226
0.1894765119
0.2165905614
0.1654872103
0.1358626587
0.0993199645
0.1453445266
0.1457921280
0.0684085277
0.2104841812
0.1695363893
0.1222414655
0.3216749990
0.1621152784
0.2066392644
0.1252114618
0.0543907855
0.3504843318
0.0917465066
0.1138402983
0.1861730331
0.1031013273
0.1729266814
0.2153016304
0.1611532817
0.2079869452
0.1095211455
0.2362546164
0.2102719871
0.0463557439
0.0452898713
0.1709919314
0.1683316342
0.1177915331
0.2106641898
0.1493867048
0.1756277931
0.2088893624
0.2246465353
0.2618329280
0.0986344002
0.2977445438
0.1139317435
0.4002989991
0.1316287543
0.2811168195
0.2856405032
0.1803840303
0.2448371698
0.2430049186
0.1169707095
0.4270801867
0.2913408624
0.2007520499
0.2966025699
0.2067259673
0.2653247539
0.1561673119
0.2454444737
0.2932437354
0.3218460347
0.0189774079
0.2164382628
0.2275833509
0.1747446515
0.2271401932
0.2551216072
0.2347659896
0.2378738446
0.3001563815
0.4181094856
0.2436868552
0.2147356142
0.1459224193
0.2748336545
0.3485015772
0.2025939215
0.1796727495
0.2400540986
0.3244748031
0.3149848760
0.3719680888
0.4572343613
0.2537268083
0.3559135427
0.2937246906
0.3912994036
0.4233201115
0.3060339158
0.2402908203
0.3582928487
0.1360498363
0.3097228935
0.3325335344
0.3652000979
0.3248111587
0.1458298939
0.3097303804
0.2767133330
0.2817237353
0.1585369563
0.2860102773
0.2136663869
0.2760946097
0.1340432736
0.2383203816
0.2781538663
0.2447449331
0.4524780457
0.2367164766
0.3698763478
0.4192934344
0.3173356900
0.4025085559
0.3298331359
0.4585031973
0.3126589012
0.3926835051
0.3442493673
0.3178707618
0.4062430824
0.3391150911
0.4052526036
0.2694757772
0.4487969927
0.3357890586
0.2748003880
0.4376966038
0.3759673130
0.5601245210
0.4810082376
0.3305568606
0.2987587828
0.3554072676
0.3927405720
0.3229144089
0.3752089510
0.3593540166
0.4421664295
0.4224085828
0.2124394844
0.1873256154
0.3673639572
0.5304944727
0.4501238564
0.4741300339
0.3251362257
0.3678265209
0.4730300763
0.3549966010
0.3507035602
0.2319307599
0.3991710766
0.3861452932
0.4134347588
0.4448432857
0.3637532539
0.5486385845
0.4686106168
0.4475652398
0.3797194096
0.4933293624
0.2596002785
0.4666807140
0.4234800870
0.4517478919
0.5208543021
0.4451239288
0.4923856925
0.4135676742
0.3333147333
0.4190245849
0.4291109064
0.3839638913
0.5335340058
0.4333384020
0.6198726768
0.4001206990
0.5288781638
0.4253184472
0.4505443856
0.4257564960
0.4869852861
0.4934648548
0.4075786187
0.5504208878
0.2785002464
0.4841784863
0.4470704546
0.5045825855
0.4518336471
0.4587210962
0.4864503818
0.4680740873
0.4481232534
0.4272977330
0.4993442013
0.4306618080
0.4455957626
0.5161946087
0.3900470180
0.3981834028
0.4778184408
0.3520797341
0.6084422634
0.4747643369
0.6051720079
0.5286439393
0.5101829751
0.5549708255
0.4914361492
0.3942357707
0.6396825882
0.3952163970
0.4853130922
0.4935962905
0.5399948831
0.5224665879
0.5359846878
0.6457954955
0.4691450976
0.5103715089
0.6172262554
0.4417813373
0.6131921250
0.5936895780
0.6425058449
0.5056967756
0.3954352137
0.7020688984
0.5587355893
0.6089922940
0.6518978850
0.5551952515
0.6486851092
0.5012453827
0.6535937388
0.6031645325
0.5959764468
0.6955177523
0.4901951676
0.5648576940
0.4844184969
0.4991435933
0.7071956818
0.6145084828
0.6216162125
0.5888146700
0.6994482585
0.6209677885
0.5736150724
0.5977808687
0.6524801787
0.6156649996
0.5795396292
0.6428736305
0.7637060153
0.4747907083
0.6083553395
0.6967785901
0.7506285935
0.5161943307
0.6928073440
0.6226691641
0.5790168706
0.5705318259
0.6424086859
0.5948231028
0.7629430025
0.8681675895
0.5222227654
0.6055492532
0.5238587251
0.6735030054
0.7646007635
0.7230387727
0.6476057204
0.6809528287
0.6908299198
0.5976048966
0.7363257109
0.7087146782
0.6840053867
0.7964664720
0.7468336741
0.6175633262
0.7014263840
0.7672303495
0.6988638154
0.7383405856
0.6000980063
0.5928740338
0.6610351242
0.6618525603
0.8241289076
0.7368753688
0.8407880298
0.6714140903
0.7015183028
0.5975401881
0.5195081543
0.6810596317
0.7283945220
0.8128481406
0.7390993979
0.4784842749
0.6510449976
0.8520690667
0.7134986481
0.8199559873
0.7306003579
0.7550393814
0.9163579606
0.6492648412
0.6743199446
0.8320334297
0.6968388905
0.7365077436
0.7178911638
0.7409579385
0.6004469579
0.8137526390
0.6920574193
0.5821354387
0.6429249916
0.7193256556
0.8003813443
0.7221282292
0.7311076656
0.7627726095
0.7737189167
0.8821459935
0.7372817929
0.7709234597
0.8319461831
0.6976520624
0.8038406420
0.8071634307
0.8044832455
0.8725575117
0.8137990897
0.6793680983
0.7571642582
0.7242401263
0.7005439397
0.7982820338
0.7106982700
0.8225456654
0.8417994457
0.7927131678
0.7923303456
0.9527603770
0.8295910196
0.9993366645
0.8556681383
0.6175965421
0.7917723525
0.7657658148
0.8438080765
0.7896722703
0.8120453299
0.8588459597
0.8512664259
0.7026143424
0.7984779808
0.9549544872
0.8718446629
0.9689419685
0.8214919703
0.9124394923
0.9342497125
0.6986361820
0.7455601916
0.8110763625
0.9448740521
0.8715316857
0.9521914795
0.9717937902
0.8425098690
0.8083512071
0.7554846056
0.8660578898
1.0464120879
0.9860137829
0.9961287086
0.8212065116
0.8872336485
0.9818721420
0.9907245902
0.8241379382
0.9141475989
0.8636241456
0.8936524475
0.8674296731
0.8174145604
1.0231421111
0.8613139814
1.1700778352
0.9899615348
0.8317802847
0.9559916798
1.0636638866
1.0071891943
0.9263537713
0.9246270938
0.8501665464
0.9922123684
0.8519122300
0.8650278239
0.9865738686
0.8357681898
0.9131971531
0.8070699120
0.9906101858
0.9703675367
1.0734483827
0.9941390194
0.9095243697
0.9112296476
0.8011570606
0.9393081655
1.0953226577
0.9308635204
1.1083067169
1.0608419986
1.0626906961
1.0739179990
0.9910238031
0.9454704660
1.0277361330
1.0071123501
1.0467040945
0.9203857207
1.0986431481
0.9850897710
1.0110698445
1.0727970431
1.1474762102
1.0336140493
0.9635991762
1.0557728028
0.9153060421
1.0254119160
1.1041067378
1.1068809834
