-1.1446879745
-1.0765421315
-1.0002092698
-1.0335934460
-0.9805533817
-1.1057068419
-1.0929358192
-0.9035703514
-1.0546851277
-0.9940169999
-0.9435091984
-0.8074552956
-0.9021737942
-1.0187871787
-1.0392916766
-0.9174600663
-0.9083775266
-0.8877885823
-1.0434135451
-0.9581105666
-0.9141801935
-0.9282680465
-1.0241754263
-0.8057193718
-0.9498244594
-0.8384857007
-1.0334304493
-0.9771712848
-0.9458724230
-0.9526686759
-0.9468805364
-0.8549598558
-0.9442890393
-1.1039432112
-0.7849835030
-0.8396279644
-0.9397159931
-1.1144714125
-0.8595962397
-0.8972572765
-0.6876065810
-0.8284337322
-0.8957650630
-0.9601692941
-0.7745191943
-0.8586709342
-0.8942780208
-0.8969253048
-0.9967210682
-0.9237931762
-0.8990091247
-1.0923649802
-0.8936212632
-0.8357655728
-0.8727891373
-0.7922302381
-0.9073470799
-0.9802326450
-0.8665365848
-0.8875898675
-0.9205855925
-0.8664390727
-1.0706772158
-0.9665958196
-0.8385654199
-0.7843751951
-0.7758135142
-0.7465771708
-0.8782603566
-0.9282302155
-0.8405519020
-0.9363436902
-0.7921879997
-0.9516589376
-0.8983527912
-0.9153264921
-0.7143140891
-0.8113108814
-0.8793407708
-0.9870714596
-0.7774322474
-0.9487526691
-1.0458970468
-0.8943639890
-0.8670067051
-0.7892326195
-0.6799282084
-0.9144942974
-0.8510664054
-0.7534710393
-0.8254816266
-0.8690652466
-0.7825372692
-0.8174005594
-0.7429931730
-0.7345410634
-0.8046272702
-0.8502370809
-0.6709919320
-0.8436348227
-0.7103204123
-0.7580425486
-0.7147728664
-0.7342602998
-0.7299482466
-0.9132298472
-0.7625069768
-0.7307729707
-0.7681340381
-0.7486401750
-0.9059429810
-0.6541824365
-0.7656180571
-0.7461069610
-0.6687228139
-0.8090440237
-0.7286720037
-0.6129898662
-0.8736176483
-0.7909001400
-0.7452578613
-0.8243162861
-0.9290259625
-0.7328450603
-0.8203206506
-0.8140921020
-0.6727446233
-0.7073455723
-0.8197983751
-0.7843527004
-0.8419586350
-0.8487453155
-0.7210078141
-0.7139852904
-0.6317191483
-0.6925216828
-0.6892140886
-0.8149041078
-0.5742681364
-0.7541909822
-0.7208067015
-0.7292250215
-0.7098365732
-0.7301779545
-0.6675740256
-0.8494214425
-0.5242593480
-0.6256800963
-0.7288653910
-0.7985828273
-0.7236861522
-0.6336202635
-0.6215104727
-0.5922174792
-0.5991315693
-0.5706445644
-0.6305692628
-0.8036580400
-0.5842130699
-0.7758310079
-0.6298789376
-0.8550155541
-0.7435028200
-0.8812712770
-0.7755264100
-0.5918802091
-0.7128200736
-0.7266013708
-0.6668425514
-0.6719706204
-0.6838580827
-0.5835901677
-0.4959302458
-0.5668736468
-0.6768012655
-0.6411328626
-0.6339460302
-0.8165536337
-0.5572100981
-0.5464899843
-0.7286404928
-0.7007734763
-0.7152350882
-0.5248160144
-0.6118646352
-0.6444762681
-0.6091138737
-0.5747433865
-0.7033439599
-0.6527819188
-0.6017662354
-0.6385461748
-0.6555361104
-0.6579608005
-0.6011190854
-0.6698340619
-0.6169279132
-0.7158368630
-0.6933538469
-0.6797053106
-0.6945561168
-0.6839145493
-0.6917536017
-0.4794254133
-0.3419719558
-0.5379146624
-0.5773221172
-0.5943349003
-0.5431118953
-0.6806657708
-0.5477907324
-0.4870517617
-0.5764943764
-0.6115160719
-0.6690651932
-0.4002086641
-0.5289300697
-0.3881477081
-0.6563635030
-0.5526752961
-0.4925682513
-0.6531850744
-0.4904923360
-0.5752892484
-0.5269989293
-0.5838618575
-0.5876529031
-0.4437200320
-0.5813834193
-0.5434654893
-0.5749095337
-0.3561569639
-0.6692605032
-0.6118167530
-0.5970583637
-0.5754782147
-0.4017003063
-0.4685783623
-0.6189394493
-0.6059642056
-0.4988318033
-0.5168151687
-0.6050439912
-0.5298765422
-0.5058287300
-0.5199202179
-0.5139958056
-0.4685911153
-0.5171236701
-0.5301388109
-0.6385707243
-0.5061226235
-0.4985144026
-0.5711855937
-0.5346983650
-0.5445944149
-0.6202908623
-0.4255001915
-0.6070261810
-0.4630579752
-0.3639218944
-0.4843916173
-0.5671165132
-0.5341818438
-0.4230432202
-0.6135251473
-0.5031383722
-0.5564398819
-0.4672700167
-0.4895546305
-0.4959904394
-0.4490722227
-0.4249165016
-0.3965253036
-0.5759578567
-0.3864734186
-0.4009766161
-0.4207501897
-0.5050645200
-0.2860647402
-0.5565671540
-0.4759280744
-0.3882908219
-0.3336256064
-0.3568179291
-0.6344381505
-0.4561398040
-0.5520530482
-0.5107990531
-0.4110578512
-0.4319374169
-0.4184024174
-0.3206229781
-0.4586364998
-0.3957736906
-0.5328476983
-0.3964555109
-0.3039439403
-0.3803536275
-0.3465812615
-0.4226880679
-0.4308074986
-0.3685059849
-0.3360019674
-0.4312453991
-0.4578517648
-0.3872040675
-0.3829591779
-0.5228203596
-0.2871672482
-0.4768504167
-0.3888619142
-0.4958658010
-0.4714841901
-0.4058929959
-0.2891348101
-0.3996243744
-0.2138022546
-0.4330376398
-0.4284970944
-0.2544905938
-0.3042862708
-0.3188506405
-0.3078316217
-0.4183191109
-0.2768578506
-0.5337730251
-0.4291540121
-0.3541311357
-0.2110704247
-0.2148259254
-0.3062211929
-0.3010173935
-0.4271247944
-0.4681191238
-0.1418940113
-0.2326138953
-0.3649106041
-0.2453000757
-0.3280004293
-0.3733997739
-0.4406821092
-0.4329662343
-0.2931554403
-0.3182726779
-0.3160393193
-0.4645723203
-0.3772548683
-0.3768565945
-0.1432181288
-0.2345034733
-0.3303626848
-0.1791987134
-0.3875292739
-0.2063042057
-0.3273713720
-0.3688928711
-0.1417973547
-0.2718694684
-0.3005541065
-0.3509762552
-0.2895105743
-0.3305499292
-0.3873021294
-0.3032079957
-0.4129126106
-0.2306521632
-0.3605650680
-0.3637915667
-0.4008674854
-0.2168423587
-0.3374603641
-0.2637807718
-0.2344979534
-0.2894423842
-0.1791474532
-0.2257040922
-0.2389408352
-0.2387955689
-0.2559880428
-0.2868193492
-0.1466359905
-0.2115995932
-0.2405497074
-0.2128793892
-0.0809242397
-0.2476431705
-0.3292361893
-0.2504788441
-0.2456130447
-0.3075480547
-0.2440792211
-0.1596140586
-0.1199267080
-0.4092113411
-0.1993995736
-0.2051250560
-0.0836675148
-0.0574993121
-0.1497574445
-0.3396307219
-0.3321782693
-0.2143971228
-0.3528966622
-0.2091603341
-0.2223415744
-0.1393744710
-0.2578535714
-0.0955211915
-0.1512182816
-0.2102273806
-0.0545397952
-0.1453887217
-0.1526294032
-0.1527413885
-0.2378787759
-0.2049200707
-0.0919443396
-0.1282789963
-0.2477228336
-0.2415192677
-0.1739834002
-0.2028300782
-0.2379910792
-0.1276449352
-0.1950946027
0.0109889600
-0.2742392759
-0.0633657324
-0.1892787374
-0.2055860744
0.0139954039
-0.0218077840
-0.0843286122
-0.0635766007
-0.1091733370
-0.1257136213
-0.1967114085
-0.2476426011
-0.0486707900
-0.1399833644
-0.1768834781
-0.0450417810
-0.1076893505
-0.0742009944
-0.1511814578
-0.0567766087
0.0201958244
-0.1729077799
-0.0848668612
-0.1386578199
0.0086398837
-0.0397412010
-0.0448084189
-0.0157344963
-0.0315121563
-0.0602085334
-0.0719454790
-0.0412881828
-0.0366105493
-0.0327265038
0.0016162465
0.0063887755
-0.0220013858
-0.0269946188
0.0611981420
-0.0997325805
-0.1321108145
-0.1281682039
-0.1465920601
-0.0223441437
-0.0213099079
-0.0319172587
-0.1674565358
0.1432315077
0.0073199568
0.0065161181
-0.0849271410
-0.0619602627
-0.2196040508
-0.0504905391
0.1210702011
0.0012823688
0.0535192362
-0.1589238956
-0.0971586232
-0.0336168717
0.0359693803
-0.1288096763
-0.0684980151
-0.0585810735
-0.0181398582
-0.0403129131
0.0100140094
0.0331672279
-0.0182076522
0.1070904477
-0.0703910968
-0.1001549997
-0.0996775787
0.1082805023
0.0362429653
-0.0531581449
-0.0216051484
-0.0598086586
0.0482917260
0.0039332417
-0.0172322505
0.0725349406
-0.0705996186
0.0188902395
-0.0301640472
0.0457706842
0.1363542221
-0.1270692755
0.1415332388
0.0460436366
0.0075214270
0.0354723633
0.2163820196
0.0660372017
0.0079282162
0.1540126104
0.0798856657
0.0560263096
0.1864720775
0.1038254485
-0.0669876744
0.1424479116
0.2125321358
-0.0193832190
0.0572592508
0.1568152517
0.0968927645
0.2328861691
0.1266495467
-0.0016176675
0.0278876778
-0.0086197752
0.0290062109
-0.1264722712
0.0840230742
0.0295501487
0.0367027136
-0.0050412248
0.0048936168
0.2821823082
-0.0390692682
0.1369112199
-0.1255370578
-0.0923009301
0.0067428531
0.1082227229
0.1158349011
-0.0301798208
0.0926544779
0.1947550977
0.1997105143
0.1544065456
0.1225634663
0.0980821413
0.1415657175
0.1530663992
0.0594010975
0.2127942504
0.1680488248
0.1264374887
0.2924538870
0.1664873921
0.2063513394
0.1326923781
0.0582204125
0.3341153401
0.0865715935
0.1412235639
0.1907011752
0.0866399817
0.1626347405
0.2216857802
0.1874140400
0.1962705706
0.0759686814
0.2229329171
0.2221150095
0.0453140980
0.0456436265
0.1741851131
0.1959568384
0.1102032699
0.2349033825
0.1583829609
0.1549621335
0.2097104533
0.2285752251
0.2559579396
0.1213893664
0.2834434482
0.1237368158
0.4228571426
0.1297546230
0.2831735309
0.2825920727
0.1585718723
0.2714286128
0.2333930022
0.1272746301
0.4209805140
0.3061938352
0.1879070994
0.2938896066
0.1877623680
0.2472988569
0.1672961406
0.2346314572
0.2844247361
0.3189046946
0.0341149758
0.2042965237
0.2177273786
0.1879629890
0.2042199671
0.2470169765
0.2757394060
0.2209424658
0.3029616131
0.4379314010
0.2332201056
0.2325860583
0.1274565679
0.2876859200
0.3451515292
0.2118922174
0.2001554282
0.2221740247
0.3430139371
0.3314691152
0.3761361274
0.4540267751
0.2304323835
0.3634677461
0.2922512781
0.4036026037
0.4268878623
0.3062199990
0.2515543171
0.3450498685
0.1314098576
0.3140851255
0.3306200893
0.3762018096
0.3120371930
0.1414614735
0.3102626702
0.2918573421
0.2915832842
0.1524226712
0.2906617919
0.2084099095
0.2761317025
0.1421223030
0.2588725431
0.2745581858
0.2652125535
0.4501889181
0.2526679106
0.3767951346
0.4311145107
0.3076292863
0.3972695580
0.3231368641
0.4625468378
0.3310281859
0.3540330228
0.3511067555
0.3138955887
0.3943906387
0.3293449543
0.3985057754
0.2858677948
0.4387716788
0.3477054632
0.2757918733
0.4452334631
0.3754838985
0.5471582174
0.4833591505
0.3193760530
0.3037763633
0.3470008429
0.4194702576
0.3332132985
0.3681416830
0.3639377748
0.4377275047
0.4471202227
0.2348640575
0.1956623674
0.3824436121
0.5593917282
0.4478018905
0.4879831925
0.3345218287
0.3556814122
0.4752777256
0.3591919292
0.3788420704
0.2158299221
0.3982634077
0.3985589104
0.4238081107
0.4531515595
0.3526145537
0.5523629097
0.4640368760
0.4797319755
0.3667597816
0.5084098885
0.2761748338
0.4821120434
0.4169707498
0.4497829238
0.5338505093
0.4533138738
0.4967371888
0.4113860598
0.3402753529
0.4261203347
0.4434480956
0.3451210109
0.5113140456
0.4256879065
0.6488782215
0.4116320577
0.5405312651
0.4221443575
0.4462959706
0.4175464755
0.4780896503
0.4872595608
0.4186436175
0.5734848270
0.2936442371
0.4698615525
0.4581439369
0.4801039577
0.4610481987
0.4511125615
0.5004910879
0.4721302657
0.4505098593
0.4415347822
0.5122391886
0.4336216813
0.4481153466
0.5218827765
0.3723402611
0.4325663023
0.4623731574
0.3597769057
0.6206149428
0.4634131861
0.5998929546
0.5166507178
0.5219859252
0.5548719474
0.4886312722
0.3924468277
0.6602058477
0.4085077973
0.4779000958
0.5012269913
0.5081585001
0.5508139462
0.5356227297
0.6579199719
0.4665059247
0.5011672134
0.6182408928
0.4564115225
0.5912509130
0.5855685041
0.6235729827
0.5023770840
0.3981145340
0.6896715410
0.5621520202
0.6047111386
0.6368150256
0.5593452380
0.6446368555
0.5145608268
0.6417125905
0.6083316930
0.5861858886
0.6811833644
0.4920703482
0.5527722376
0.4884441616
0.5018940582
0.7116792350
0.6113588722
0.6159792382
0.6104572346
0.7066480931
0.6366418620
0.5484861774
0.5978639783
0.6396924475
0.6411555161
0.5933396781
0.6768925632
0.7864287853
0.4535553845
0.6048045007
0.6921668125
0.7529876516
0.5400059640
0.7079144613
0.5948666907
0.5990045276
0.5647107112
0.6400358641
0.6206898075
0.7767626615
0.8818022254
0.5319877573
0.6139356631
0.5085899498
0.7013724042
0.7326428400
0.7127097062
0.6367184573
0.6765064530
0.6952760621
0.6090431568
0.7456603406
0.7210534045
0.6708763396
0.8302017566
0.7429762189
0.6116146995
0.7204277697
0.7602128687
0.6708885288
0.7314924566
0.5901235955
0.5905708957
0.6804394064
0.6575442587
0.8136711598
0.7424905537
0.8636648530
0.7041171266
0.7153183187
0.6016589008
0.5293736544
0.6668178199
0.7364481385
0.8096904703
0.7319738708
0.4917455987
0.6744175401
0.8397653517
0.7151631719
0.8348352552
0.7397009626
0.7636730922
0.9107300504
0.6352717056
0.6837692887
0.8290177087
0.6804620365
0.7539052432
0.7086668682
0.7577164579
0.6136522196
0.8042511554
0.6820797044
0.5995250026
0.6524588387
0.7100739137
0.8047570939
0.6940427975
0.7357373364
0.7406910757
0.7702232129
0.8871705672
0.7182212383
0.7825254615
0.8259067684
0.7095754635
0.7890411665
0.7879636105
0.8046501492
0.8767313466
0.8118299476
0.7103437910
0.7431812271
0.7486343996
0.6878872548
0.8029094366
0.7111528663
0.8399667416
0.8370701777
0.8214315690
0.8286382484
0.9578152445
0.8455186701
0.9803680630
0.8513001524
0.6333428720
0.7990420293
0.7808934864
0.8578153815
0.7996401777
0.7818156749
0.8490124727
0.8881206836
0.7213092189
0.8196545009
0.9660369707
0.8556098709
0.9326670099
0.8267614486
0.9272158101
0.9331126432
0.7179629699
0.7581670541
0.8372985159
0.9090193230
0.8766785775
0.9607363666
0.9715717758
0.8248570921
0.8052870330
0.7716075461
0.8621014287
1.0592532427
0.9945341191
0.9995771243
0.8506494624
0.8552414140
0.9895756548
0.9772622021
0.8305056646
0.9034606797
0.8533878856
0.8896963772
0.8455727877
0.8225408906
0.9890810748
0.8685475540
1.1737204879
0.9898296429
0.8177160261
0.9572429543
1.0633856003
1.0296392702
0.9177642482
0.8952909366
0.8604690622
0.9816787013
0.8615572432
0.8831445166
0.9859638408
0.8358322147
0.9148356750
0.7897341049
0.9795686465
0.9471585642
1.0949673911
0.9852575699
0.9036454325
0.9012302811
0.8165430466
0.9387943241
1.1001834630
0.9438715016
1.1063353578
1.0626322384
1.0636308865
1.0924073167
0.9953826444
0.9480104998
1.0065120638
0.9897870222
1.0609439009
0.9219769889
1.0956575674
0.9671782093
0.9944641980
1.0863468163
1.1466530779
1.0300416662
0.9517983397
1.0689745065
0.9199581055
1.0453434147
1.1129698810
1.1293545590
