-1.0787463583
-0.8794031837
-0.8484588254
-0.9667229427
-0.9496055471
-0.9824420225
-1.0530928929
-1.1241639010
-0.9159521199
-1.1444585166
-0.9737018888
-0.7898941865
-1.0330092797
-1.1285203350
-1.0030311560
-0.7769279372
-1.1330487546
-1.0683608112
-0.9610218606
-1.0128230224
-0.8765562409
-0.9405697242
-0.9741372754
-0.9854686558
-1.0464255966
-0.7425655036
-1.0470775279
-0.8839358187
-0.9605760629
-1.0208982170
-0.9768739167
-1.0807554326
-0.7095333405
-1.0454544896
-0.9266762275
-1.0108112105
-1.0475048475
-0.8931533749
-0.9462616796
-1.0076619382
-0.8468770747
-0.8883574891
-0.9802963403
-0.8713091625
-0.9545473176
-0.8885242597
-0.9695315221
-0.8385264701
-0.9068110995
-0.8525670923
-0.6996654090
-0.8411175895
-0.9519395524
-0.9340737633
-0.9959922336
-1.0122441909
-0.9642208978
-0.8220485865
-1.0865771063
-1.0178712889
-0.8453121482
-0.9320418727
-0.7172433416
-0.9280031836
-0.8333857197
-0.8156226428
-0.7727829026
-0.9869565814
-0.9072309304
-0.7701372548
-0.8120761414
-0.9584847689
-0.9054499273
-0.9666850215
-0.9301724411
-0.8785840934
-0.8613154771
-0.7890793023
-0.8361504663
-0.7843462113
-0.9176839889
-0.9000518975
-1.0845454864
-0.8821314202
-0.9341702147
-0.7487772468
-0.6323286907
-0.8926900915
-0.7302874099
-0.6720546772
-0.9772037813
-0.7029326062
-0.8983217293
-0.7839897140
-0.9109841055
-0.8361997571
-0.8738393525
-0.8059772304
-0.7290448775
-0.7449954716
-0.7723653759
-0.6668643075
-0.8352591958
-0.7453805323
-0.7572731077
-0.7414560670
-0.5298101041
-0.7805043368
-0.7429565749
-0.8271563505
-0.8625793210
-0.7806295132
-0.7220330801
-0.7385708301
-0.8022076003
-0.7908473699
-0.7811484789
-0.5590834353
-0.7098347223
-0.7803737378
-0.7657014690
-0.6051084093
-0.7332111099
-0.6518374704
-0.7788391512
-0.7553597669
-0.6639888817
-0.7440786223
-0.6171750225
-0.5751517143
-0.8624130771
-0.7074406047
-0.7613305698
-0.7337438432
-0.8019272981
-0.6146851346
-0.5575080054
-0.7115792049
-0.8818541295
-0.8355587401
-0.7131172215
-0.6647826872
-0.6878307092
-0.6906571955
-0.7054204541
-0.7091651469
-0.7214076991
-0.6119921650
-0.7781207806
-0.7636150765
-0.7667978940
-0.6499416676
-0.7621090733
-0.6224930085
-0.6982778640
-0.8663171549
-0.7098526726
-0.7519418213
-0.5953589799
-0.6692910637
-0.5913626572
-0.6064991649
-0.8003849703
-0.7685363448
-0.8364931549
-0.7155362385
-0.6259066434
-0.6182481044
-0.7086627326
-0.6008697595
-0.6951039763
-0.6104317676
-0.5528205192
-0.6938998336
-0.6632763287
-0.7503586518
-0.5283179539
-0.7388316340
-0.7592224063
-0.5244284656
-0.7160968528
-0.6713284211
-0.6440483902
-0.6743121073
-0.5544121154
-0.6605651675
-0.5712084519
-0.5493619563
-0.6563321021
-0.7333392334
-0.6363726216
-0.5245944764
-0.6418154068
-0.5347303108
-0.6693258521
-0.5341169393
-0.5881015560
-0.6452207020
-0.6544445339
-0.6307747338
-0.6068912830
-0.6839766666
-0.6900206915
-0.6618321378
-0.5784899487
-0.5520655889
-0.7339508523
-0.5959892242
-0.6672397162
-0.6119347815
-0.6757028615
-0.7206232918
-0.6354211070
-0.6113183361
-0.6616241984
-0.7063680117
-0.4369957588
-0.6097591176
-0.4785921586
-0.6189859222
-0.4735269203
-0.6271438867
-0.6161439338
-0.5622225967
-0.5820789551
-0.6094424898
-0.5489974583
-0.3846694754
-0.6551841234
-0.4579589640
-0.5478604926
-0.6238955148
-0.6417958922
-0.5567536440
-0.4942416002
-0.5278039610
-0.5414883057
-0.4856712448
-0.4930124472
-0.5925726577
-0.4475307343
-0.7568083466
-0.3451691303
-0.5111730033
-0.4794414626
-0.5548277940
-0.4897686778
-0.5829437958
-0.6145740589
-0.3762884289
-0.5476706575
-0.6018071159
-0.4532953745
-0.6322594943
-0.3515089062
-0.4446323952
-0.5515191518
-0.5062531487
-0.3521786909
-0.3556961143
-0.3695994881
-0.5016003095
-0.5024780207
-0.4308950648
-0.5721854716
-0.3396431110
-0.2660020123
-0.4191331192
-0.4528110805
-0.5736253726
-0.3144740931
-0.5401595984
-0.4732096496
-0.3988809311
-0.5137972469
-0.3499085753
-0.5202544918
-0.4543046013
-0.4982380423
-0.6042793462
-0.4738705876
-0.3492255412
-0.4916488292
-0.4816361692
-0.3006551206
-0.3557867806
-0.2295342623
-0.4139217715
-0.5016811469
-0.4482954127
-0.4182176398
-0.4825449048
-0.4514358917
-0.3764429053
-0.2804288845
-0.4055222504
-0.4417274785
-0.4410840857
-0.3574374782
-0.5112098099
-0.2512697262
-0.3810404326
-0.3724465943
-0.2521535719
-0.4811896515
-0.4001055712
-0.4051159016
-0.4892764303
-0.3496994696
-0.1084359871
-0.3643216674
-0.3577373140
-0.3520001067
-0.4086918075
-0.4672426612
-0.4799914704
-0.2099325005
-0.3698627480
-0.4020387897
-0.3611139872
-0.3661550749
-0.3392336497
-0.3301726399
-0.2172103640
-0.3380460620
-0.5485595110
-0.2608408431
-0.5139282978
-0.3041430442
-0.4736975069
-0.4544591250
-0.3648669037
-0.4230838284
-0.4133228770
-0.2957249752
-0.2538673558
-0.3158811412
-0.4182933579
-0.2857702296
-0.3520545105
-0.2421113756
-0.2155379867
-0.4316569982
-0.4068673516
-0.4600223644
-0.3072147294
-0.4392184602
-0.2768875689
-0.3321094556
-0.1094762726
-0.3198323088
-0.2811136169
-0.1935201111
-0.2855087942
-0.4454026489
-0.2900228765
-0.2078237744
-0.3691506881
-0.2850207439
-0.4307552031
-0.2867536096
-0.2418064262
-0.1833820539
-0.4261963313
-0.2831464938
-0.1841076218
-0.3803069598
-0.3777378586
-0.2719464253
-0.2362187626
-0.3384358406
-0.3315699094
-0.1702760524
-0.0923427435
-0.4119076300
-0.1814893559
-0.3005777572
-0.2520958617
-0.1595132562
-0.2500414448
-0.1500014102
-0.2532621358
-0.1944441934
-0.3836859130
-0.1843443425
-0.4091072711
-0.2926516935
-0.4441736513
-0.2563344835
-0.2042497101
-0.0693432825
-0.2021927805
-0.3025247139
-0.2237144369
-0.2435119250
-0.1457908387
-0.0597983191
-0.2217393729
-0.2671787956
-0.2019202913
-0.1723116177
-0.1895325659
-0.2225337312
-0.2159329697
-0.2422871781
-0.1515591224
-0.2379710276
-0.2091948060
-0.1029984091
-0.1932724191
-0.2444168788
-0.1780163867
-0.2395406979
-0.1300107877
-0.2485995668
-0.0696755140
-0.1407697715
-0.1361044775
-0.0775526027
-0.2586629151
-0.1573085820
0.0057450942
-0.0616509065
-0.2260328905
-0.1175269685
-0.1207178292
-0.1658782804
-0.2048393232
-0.1786332015
-0.1308322583
-0.2305884621
-0.0508191883
-0.0733017243
-0.0234126433
-0.0212643166
-0.1379873086
-0.0147249158
-0.0987940947
-0.0787857751
-0.0934079965
-0.0450625991
-0.1608182662
-0.1040627364
0.0087059528
-0.2488704444
-0.1271399055
-0.0507820967
-0.1245952245
-0.1311726371
-0.0802468894
-0.1586559408
-0.0426057109
-0.2481997118
-0.1524397210
-0.1360733472
-0.0258091698
-0.1439558038
-0.1137540578
-0.0297678440
-0.1790259002
-0.1369249569
-0.0974235086
-0.0961850425
-0.2076186164
-0.0420022700
-0.1849644891
-0.0663226256
-0.1048380864
-0.0602042661
0.0988582584
-0.1982174027
-0.0517144474
-0.0339600788
0.0200749254
-0.0226032456
-0.0326775547
-0.1584644197
-0.0483554678
-0.0360011246
-0.0512380827
0.0560578372
-0.0843103536
-0.0586972992
-0.0775824318
0.1015257857
-0.2754227430
-0.0587192386
-0.0727434389
-0.1043848722
-0.0247986578
-0.1128940312
-0.0078038679
0.0097114115
0.0413352762
0.0673472064
-0.0238102763
-0.1193462817
0.1398216489
-0.0343314213
0.0729515846
0.0465511266
-0.0512932330
0.0350549898
-0.0484964152
-0.0243147435
0.0896738997
-0.0329422407
-0.1587903225
0.1539320454
0.0504617129
0.1847387478
0.0766429832
0.0792172245
-0.0721955032
0.0624749057
0.0070370343
-0.0087523560
0.0780153254
-0.0254796125
0.1408099347
0.0399603138
0.2194309677
0.2468656691
0.0981594550
0.1434304524
-0.0168056952
0.0539749001
-0.0358152661
-0.0316693674
0.1311211348
0.0085711351
0.0712684999
0.0130956048
-0.0320634128
0.0284255672
0.0989959056
-0.0382792704
0.0353145225
0.0691569605
0.1017017922
0.0423637820
0.0627051174
0.0599793670
0.1453633892
0.0423206671
0.0328403416
0.0954910187
-0.0154880027
-0.0192055901
0.1481449092
0.1479305393
0.1885606650
0.0886927636
0.0084188800
0.0482362221
0.1496275114
0.1649011392
-0.0095952529
0.3716059068
-0.0181248610
0.1043153975
0.2542288811
0.0390866080
0.2598234600
0.2218368746
0.0895575702
0.1603917086
0.2380138673
0.1369371620
0.2331661986
0.1533771276
0.1382157357
0.0808467325
0.1301749004
0.2686629870
0.1672695572
0.2311524133
0.0684198714
0.1671738052
0.1372424321
0.1896743515
0.1138017259
0.2107999959
0.2179548723
0.1064367375
0.0713491168
0.1963470851
0.2912955250
0.2084639621
0.1385205317
0.2018381942
0.2850176865
0.0671613490
0.1087414252
0.2185228067
0.0975537667
0.1805397042
0.2895489642
0.1963709763
0.1419481218
0.2532245528
0.2352003772
0.1599443097
0.1153135072
0.1126664519
0.3741164633
0.1327800239
0.1758522421
0.2532656957
0.3690841336
0.3869839962
0.4088731636
0.1671622348
0.2201348373
0.0461463829
0.3987194826
0.1961260575
0.2133525090
0.2144117818
0.2169356763
0.2543943812
0.2213836602
0.2275503382
0.2168456466
0.2542388814
0.4008355681
0.1640923242
0.2342627857
0.1614427470
0.1632152789
0.3220285709
0.3316563624
0.2217853199
0.1624926515
0.3391942942
0.3479850816
0.1846646766
0.3181845819
0.2901455747
0.2035677150
0.2919341484
0.1550265650
0.3641428556
0.1566768157
0.1848695820
0.3642850900
0.3186704030
0.2651173777
0.2523253124
0.2779888318
0.4848035365
0.3658551950
0.4226628566
0.2776674046
0.2989579744
0.2932132410
0.2686229495
0.3997470828
0.2871899139
0.2226226404
0.2536679092
0.2063589846
0.4500577094
0.3715587256
0.2830883143
0.3252520129
0.3923533446
0.3394779120
0.2162417405
0.1366838828
0.1651926887
0.3500491016
0.4640088040
0.2724702713
0.3499008385
0.3497908721
0.3683825600
0.4248556485
0.4824419460
0.3996237778
0.3652651285
0.2464041608
0.4104799477
0.4891432592
0.4720929690
0.3465320237
0.4467051581
0.2870110276
0.3623127046
0.2316655166
0.2680081984
0.3667002891
0.3495730593
0.3579547340
0.2109959502
0.3587989365
0.3202938766
0.4029645583
0.3547439293
0.4362959928
0.4367693541
0.5020574381
0.4413770182
0.2647881162
0.3856871463
0.3837157816
0.5362250082
0.4000992916
0.4171514397
0.4626536291
0.4609014083
0.4858226602
0.3933265020
0.5963862080
0.4562189511
0.3439107625
0.2821632975
0.3669142096
0.3676142374
0.4563640667
0.4745879768
0.4959218310
0.5033715889
0.3247096756
0.4829114206
0.2792568574
0.3943546374
0.5738783546
0.5585725294
0.5874667255
0.3060828370
0.4431616701
0.3780957686
0.5453566935
0.3418916558
0.5413630108
0.3346527737
0.4452335630
0.3234822769
0.4037515501
0.4795668206
0.5045959739
0.3135460399
0.3738339392
0.4507744958
0.6123179447
0.5614896646
0.5931919995
0.5312772745
0.4299260339
0.6579527447
0.5414483116
0.4533919767
0.4923268439
0.4071846426
0.4220730536
0.4954621668
0.5265306469
0.4881026293
0.6902906696
0.4750284129
0.6094702504
0.5617492303
0.5221203779
0.5006779770
0.3458290361
0.4121191829
0.5783888379
0.4529647540
0.5023907855
0.3830394492
0.5471818487
0.5002328255
0.5015272839
0.6998119839
0.4766258574
0.5038456293
0.5434481684
0.5996743698
0.5405571366
0.6369315034
0.5083843058
0.6396590654
0.5259913667
0.5661033445
0.6208316923
0.5583552925
0.5661200619
0.5638856430
0.5576358615
0.4353509186
0.5278476168
0.5521708023
0.6158048211
0.5420461981
0.5659414995
0.6147332370
0.7185770951
0.6500025097
0.6839399602
0.5975194858
0.5519636196
0.6170783603
0.7385882124
0.6453200580
0.5727192611
0.7212773907
0.6241235930
0.6927444060
0.6653707543
0.6333661494
0.4841203790
0.6645193295
0.6829985429
0.8237306441
0.5046195832
0.6395218353
0.6701117688
0.7029037114
0.6652847101
0.5938627965
0.6748839401
0.7867029773
0.6165513898
0.6872134397
0.6823013873
0.5211743515
0.6965935793
0.6826451420
0.6661196361
0.6219714096
0.6465769243
0.6236869993
0.7585125559
0.6960944041
0.7490163774
0.7564730228
0.6426453715
0.6245088153
0.5029160631
0.7213866014
0.7326663129
0.8145399814
0.7107357269
0.6752493559
0.6593691533
0.7196691872
0.5659751621
0.5092174987
0.4833279880
0.7238615729
0.7282249696
0.6486218059
0.6524637807
0.4755367561
0.7464571646
0.9177921359
0.7013280436
0.7720333389
0.8137075798
0.7509610755
0.6669474254
0.8274821927
0.8341246873
0.6838905214
0.6291192384
0.7055697691
0.6959060532
0.7459110058
0.7447217209
0.7987460897
0.6776055345
0.6963272691
0.6963889602
0.6374332357
0.6471611042
0.8095749976
0.7996895271
0.6915050715
0.7145340723
0.6966320939
0.8072179611
0.6936209302
0.7990952708
0.7459172502
0.7076482628
0.6899721217
0.8359181662
0.7399823310
0.7966118067
0.8600118790
0.6048362440
0.8872667956
0.8359739188
0.8724791293
0.8474935724
0.7077283796
0.7052810868
0.8540463530
0.7458411066
0.7661180921
0.6864141374
0.7097903797
0.7796546580
0.6975071955
0.8702635115
0.8265915585
0.8303408826
0.7548344989
0.8417043148
0.9331349159
0.8651273630
0.8691357994
0.8821310539
0.9151888110
0.7418321017
0.9232053529
0.9349493384
0.7674389691
0.8639972307
0.8586108424
0.7814863580
1.0116151565
0.8664400379
0.7793277421
0.8610530860
0.7636188311
0.7490460785
0.8275411254
0.8085429086
0.7570876961
0.8535936468
0.8801995386
0.8944363027
0.8384094058
0.8538904372
0.9080849656
0.8986747692
0.9358823399
0.9913769014
0.8457832121
0.8727826201
0.8775337537
0.8121733264
0.9518929270
0.8235995654
1.0678899433
0.8480885015
0.8812924214
0.8472894634
0.9591756121
0.9464661316
0.8969188786
0.9551653650
0.8666726261
0.7976275692
0.8281397504
0.8491856108
0.6891397044
0.9187338845
1.1358488872
0.9639756799
0.9784685565
0.8949609415
0.8907463883
0.9639499799
0.9803513431
1.1397270225
0.8081314621
0.9544371897
1.0311796568
0.8714197174
0.8842691471
0.9491161331
0.8945719217
0.8725497070
0.9484139990
0.9292864138
0.7970367170
0.9908543035
0.9991073505
1.0466635994
1.0026615716
1.0227050185
0.8212732936
1.0006834055
1.0027133472
1.0589027225
1.0031370658
0.8922251369
0.8633909056
1.0727492758
1.1765783269
0.9609844104
0.8248797170
0.9204773707
0.9660934884
0.9175462203
1.0163462025
0.9342466889
