-1.1332364831
-1.0867835804
-1.0000439119
-0.9855820679
-0.9868236058
-1.0943235825
-1.0781787975
-0.9028918927
-1.0692071723
-0.9956985808
-0.9241009823
-0.8092971728
-0.8969705664
-1.0140913298
-1.0247462756
-0.9130865060
-0.9053429117
-0.8756672064
-1.0463306589
-0.9734975794
-0.9078823493
-0.9365895210
-1.0257049639
-0.7965958175
-0.9651196254
-0.8391925366
-1.0094950901
-0.9869837198
-0.9586665162
-0.9601718191
-0.9473379358
-0.8459548975
-0.9283233780
-1.0993591994
-0.7948145499
-0.8299441320
-0.9267952678
-1.1061821781
-0.8621193668
-0.8774501643
-0.6773187691
-0.8278318532
-0.9167617765
-0.9556192927
-0.7808035531
-0.8516251459
-0.8884015443
-0.8764969610
-1.0070577978
-0.9293773688
-0.8902026366
-1.0948676447
-0.8774105062
-0.8353916114
-0.8818631110
-0.8061021043
-0.8915502389
-0.9858577029
-0.8638682208
-0.8964066711
-0.9042947521
-0.8800197998
-1.0599950750
-0.9353226633
-0.8400524996
-0.8118842813
-0.7569338795
-0.7443068564
-0.8790762477
-0.9291185643
-0.8140067106
-0.9459014217
-0.8010875007
-0.9625533621
-0.9039978691
-0.9011816783
-0.7196148401
-0.7766728083
-0.8743166893
-0.9487239834
-0.7849584052
-0.9442368411
-1.0308767217
-0.8817093188
-0.8729033764
-0.8154364708
-0.6897707389
-0.9109850651
-0.8731088824
-0.7653517836
-0.8110675278
-0.8652701252
-0.7560495542
-0.8191244849
-0.7701761654
-0.7482277926
-0.8422242461
-0.8504187113
-0.6760234416
-0.8435732866
-0.6993187710
-0.7364583441
-0.7228129880
-0.7387064274
-0.7522622773
-0.9015151975
-0.7827753915
-0.7270168694
-0.7735253196
-0.7396241458
-0.9068622350
-0.6676385297
-0.7888916601
-0.7648544993
-0.6841801528
-0.8105748424
-0.7318521148
-0.6097871673
-0.8642427309
-0.7914470571
-0.7523573942
-0.8126358547
-0.9365193582
-0.7335401819
-0.8404526438
-0.8194637475
-0.6502429039
-0.6911528482
-0.8320799556
-0.7754324997
-0.8518843576
-0.8577559727
-0.7485078572
-0.7280147006
-0.6290350930
-0.6954131677
-0.6817829916
-0.8178566890
-0.5931577073
-0.7241553525
-0.7426891222
-0.7153327292
-0.6987770435
-0.7285625807
-0.6861790095
-0.8625947179
-0.5117751512
-0.6332627040
-0.7262366801
-0.8262977202
-0.7148332399
-0.6174996077
-0.6273491109
-0.6225116740
-0.6006088580
-0.5677099744
-0.6073046660
-0.8101598684
-0.5802111430
-0.7666315348
-0.6379155229
-0.8663064790
-0.7411160970
-0.8774248246
-0.7737012655
-0.5900269243
-0.7112242715
-0.7554082419
-0.6677439898
-0.6695280706
-0.6920914205
-0.5843313640
-0.4757586673
-0.5638200690
-0.6665811629
-0.6365434507
-0.6381787168
-0.8040316459
-0.5445474065
-0.5581337014
-0.7408076638
-0.7164696065
-0.7122256522
-0.5159199581
-0.6166332369
-0.6285217861
-0.6231721500
-0.5650274320
-0.7255386036
-0.6474466260
-0.5813215489
-0.6175646135
-0.6687791633
-0.6623791937
-0.5902901477
-0.6540348468
-0.6265439857
-0.7063567184
-0.6867459551
-0.6609740290
-0.6514914721
-0.6691081046
-0.6962665979
-0.4926943648
-0.3745406329
-0.5424974636
-0.6200464975
-0.5968304972
-0.5545188074
-0.6903693890
-0.5639936248
-0.4864241334
-0.5657210281
-0.6003646688
-0.6495076620
-0.3977174663
-0.5394825504
-0.4028162330
-0.6534647479
-0.5386507280
-0.4913855677
-0.6491653636
-0.4798132888
-0.5785706105
-0.5241786972
-0.5687146499
-0.5842770519
-0.4755142115
-0.5860044744
-0.5529073989
-0.5875774205
-0.3683004291
-0.6547095787
-0.5925807447
-0.5971398583
-0.5935467441
-0.3931226117
-0.4593151259
-0.6101606440
-0.6018779113
-0.5121563229
-0.5291982420
-0.5991509095
-0.5497551512
-0.5061073067
-0.5239874036
-0.4955447290
-0.4726903708
-0.5196210503
-0.5151834275
-0.6411949553
-0.5228269615
-0.5139732248
-0.5654804191
-0.5268445675
-0.5486126779
-0.6299370752
-0.4290216713
-0.6043256679
-0.4403890011
-0.3785701069
-0.5074182774
-0.5891624349
-0.5356674143
-0.4256581977
-0.6201177667
-0.5098744895
-0.5699151160
-0.4758708320
-0.4970784349
-0.5067026427
-0.4465440600
-0.4249175342
-0.3766317549
-0.5721007460
-0.3881849168
-0.4213552938
-0.4295057962
-0.4666576635
-0.2871446933
-0.5655593102
-0.4946353717
-0.3900253121
-0.3436191805
-0.3487414599
-0.6239232292
-0.4416469910
-0.5715171368
-0.5230714131
-0.3986372841
-0.4053788141
-0.4061632860
-0.3615407975
-0.4707352439
-0.3821646050
-0.5397642734
-0.3927499686
-0.3245250080
-0.3845822714
-0.3697276601
-0.4376023918
-0.4401319803
-0.3935331095
-0.3360843899
-0.4628261731
-0.4448861166
-0.3753657688
-0.3847259507
-0.5020007617
-0.2951252969
-0.4801979616
-0.3825069321
-0.5044710825
-0.4559800432
-0.3948152516
-0.3043078758
-0.3837327366
-0.2018808095
-0.4330930365
-0.4066449786
-0.2634320624
-0.2930453463
-0.3055235105
-0.2910559359
-0.3879895526
-0.2747819906
-0.5076713753
-0.4290273980
-0.3613261040
-0.1962338993
-0.2421715460
-0.3019596256
-0.3171684232
-0.4133192517
-0.4468318670
-0.1523258890
-0.2501966181
-0.3896026478
-0.2417331988
-0.3134861499
-0.3628910165
-0.4335125585
-0.4260137807
-0.2882107279
-0.3287055795
-0.3206587685
-0.4453984917
-0.3870864222
-0.3788337334
-0.1359294790
-0.2200670625
-0.3170569880
-0.1948852348
-0.4111180085
-0.2303181559
-0.3368562851
-0.3747931178
-0.1376524240
-0.2718894712
-0.2924122000
-0.3387526755
-0.2891432994
-0.3361002439
-0.3836793553
-0.3177158306
-0.3960474310
-0.2346792123
-0.3821664230
-0.3463527639
-0.4088389353
-0.2513780007
-0.3479504818
-0.2648303479
-0.2336464290
-0.2988611784
-0.2124657488
-0.2359226008
-0.2189033874
-0.2418742069
-0.2541368046
-0.2847881511
-0.1527902275
-0.2220603692
-0.2305591124
-0.2268944473
-0.0651487723
-0.2343871976
-0.3311740008
-0.2295699759
-0.2309067728
-0.2827992927
-0.2412109823
-0.1558868878
-0.1158133185
-0.3982499267
-0.2290676615
-0.2322655128
-0.0797831319
-0.0378266967
-0.1768785177
-0.3276868015
-0.3408630703
-0.2077748114
-0.3504834229
-0.2111299388
-0.2155273636
-0.1551912317
-0.2635401407
-0.0795396264
-0.1676873575
-0.2191571758
-0.0423599434
-0.1503031198
-0.1720049483
-0.1692698862
-0.2448458466
-0.1857517875
-0.1006876743
-0.1372011971
-0.2570656660
-0.2307841300
-0.1509463683
-0.2260747120
-0.2352668595
-0.1394304101
-0.1925293363
0.0247566010
-0.2774864264
-0.0742541833
-0.1601569229
-0.1895997852
0.0121603705
-0.0170977466
-0.0738247728
-0.0534449975
-0.0990697608
-0.1508149460
-0.1804705247
-0.2363775650
-0.0578866489
-0.1410401974
-0.1858143531
-0.0556936244
-0.1142628900
-0.0948139096
-0.1571691602
-0.0415156610
0.0206991927
-0.1712586541
-0.0911939630
-0.1489698888
0.0037639532
-0.0610129002
-0.0512662230
-0.0048169008
-0.0314573784
-0.0571550813
-0.0642221677
-0.0698418024
-0.0354035768
-0.0350550281
-0.0127286795
0.0077062946
-0.0394197144
-0.0170848600
0.0487391159
-0.0964778684
-0.1307412649
-0.1306743146
-0.1584994258
-0.0475727972
-0.0325018035
-0.0051022772
-0.1225111375
0.1534427162
0.0081491490
0.0194429010
-0.0723162756
-0.0698646542
-0.2287772305
-0.0391827398
0.1008267833
-0.0400783996
0.0709996933
-0.1584255155
-0.0780780966
-0.0387881361
0.0223230912
-0.1398669169
-0.0585978776
-0.0450057315
-0.0008181855
-0.0138697900
0.0331347218
0.0210875805
-0.0087990759
0.0810506140
-0.0383229810
-0.1017498972
-0.1005950179
0.0716088483
-0.0043680998
-0.0455193978
-0.0205354865
-0.0745232511
0.0770472975
0.0058054310
-0.0186192479
0.0859993399
-0.0738891830
0.0242677225
-0.0220401569
0.0589926405
0.1495758148
-0.1163958913
0.1142785739
0.0526701271
-0.0006966019
0.0343440282
0.2060697091
0.0887835415
0.0168278357
0.1358362684
0.1005786120
0.0661483384
0.1895283919
0.1105501317
-0.0501399502
0.1417557141
0.2129546469
-0.0514864660
0.0476920773
0.1820157343
0.1050506549
0.2394904519
0.1125213369
-0.0167394070
-0.0081519390
-0.0072404770
0.0189537380
-0.1321530589
0.0717989024
0.0557442322
0.0292741006
-0.0054286449
0.0099472447
0.2635723999
-0.0578272247
0.1364364103
-0.1519323348
-0.0866945128
0.0253431485
0.1078470072
0.1173040087
-0.0051208566
0.1045602923
0.1748778615
0.1948504790
0.1567558086
0.1354622411
0.1055451457
0.1387527570
0.1230903221
0.0963473128
0.2181304633
0.1491891805
0.1319775811
0.3152210830
0.1594262770
0.1976605220
0.1338044118
0.0362031145
0.3413576918
0.1058828927
0.1293625847
0.1771300685
0.0993562239
0.1904301928
0.2181213763
0.1583612384
0.2015441001
0.0807050474
0.2414283436
0.2117763092
0.0400544596
0.0678071773
0.1965204570
0.1772538054
0.1097640906
0.2292607880
0.1648034286
0.1527101371
0.2235347374
0.2223313146
0.2584504821
0.1126637626
0.2845108459
0.1130051260
0.4274495924
0.1329137659
0.2770297182
0.2541732146
0.1693110170
0.2756849604
0.2505986618
0.1139042386
0.4341559054
0.2953175614
0.1895476208
0.2933387570
0.1906658779
0.2470680409
0.1530356232
0.2501350646
0.2911922246
0.3065646460
0.0119183595
0.2235007612
0.2153352174
0.2006238133
0.2041372883
0.2436669274
0.2619010653
0.2397866863
0.2966268722
0.4265347458
0.2351002703
0.2166570362
0.1558556803
0.2808821036
0.3507377477
0.2113132786
0.2123063145
0.2190486770
0.3242837833
0.3173517409
0.3754208996
0.4484179748
0.2375432570
0.3441645148
0.2857908831
0.4200133889
0.4286312167
0.2780457859
0.2593861317
0.3652069378
0.1306594453
0.3130032957
0.3348318368
0.3909639746
0.3139615432
0.1370797428
0.2937366631
0.2709259583
0.2919163490
0.1372313752
0.2905031042
0.2141237750
0.2814688367
0.1472009887
0.2582441872
0.2697169043
0.2398521387
0.4385153786
0.2326238643
0.3428631746
0.4368718186
0.3157517456
0.3885091309
0.3195517226
0.4455125175
0.3115665294
0.3731636389
0.3543374649
0.3080863332
0.3953512264
0.3322285864
0.4093484807
0.2750651928
0.4499300518
0.3313917455
0.2996903968
0.4494374453
0.3562099014
0.5465194845
0.4682231439
0.3258779633
0.2840601322
0.3248137825
0.4044485304
0.3385273239
0.3846959785
0.3581224537
0.4284284985
0.4268478242
0.2308694902
0.2129793543
0.3761323792
0.5298423450
0.4496404232
0.4754490012
0.3239608895
0.3744245327
0.4888154473
0.3205442996
0.3672595968
0.2138161921
0.3955484678
0.3778863481
0.4449108072
0.4741970913
0.3679725577
0.5543784239
0.4684021215
0.4592186335
0.3935474069
0.5003167620
0.2646741784
0.4756461114
0.4454205384
0.4521625978
0.5340785392
0.4339322591
0.5074407708
0.4169558361
0.3181188318
0.4379858339
0.4193335468
0.3693098880
0.5315373616
0.4400717715
0.6452196075
0.4033863058
0.5175886815
0.4197497768
0.4478436294
0.4293557678
0.4618163439
0.4803620010
0.4074671215
0.5491933995
0.2888506013
0.4756192225
0.4393197747
0.5001178841
0.4457639909
0.4388944967
0.4796998114
0.4898347016
0.4643366600
0.4602268080
0.5182839273
0.4415723431
0.4596836495
0.4900347886
0.3903091972
0.4119638429
0.5036120052
0.3623832068
0.6267581485
0.4522030097
0.5973459718
0.5291261357
0.5347759209
0.5739750931
0.4845251976
0.3943656455
0.6487998876
0.3969566869
0.4813201082
0.4999476330
0.5131077404
0.5423574031
0.5388962167
0.6489087419
0.4849724242
0.4901909186
0.5963396883
0.4624667052
0.6080038782
0.5936348723
0.6309435852
0.5034113414
0.3938047579
0.6715744270
0.5701672098
0.6085596798
0.6283872661
0.5320334913
0.6458785831
0.5073517535
0.6753079185
0.5949185894
0.5724925142
0.6840000332
0.4755833046
0.5582879763
0.4915579812
0.5038317511
0.7000407870
0.6006971457
0.6371027587
0.6041528719
0.6901907011
0.6282694208
0.5589229006
0.5982607488
0.6511125769
0.6401886110
0.5844832813
0.6544346411
0.7707037974
0.4590599264
0.6140198067
0.6818264140
0.7317597981
0.5383976230
0.7056059217
0.6003121356
0.5869952432
0.5557091854
0.6361809751
0.5918049786
0.7709287864
0.8643614483
0.5390453643
0.6303279483
0.5246156282
0.7010734067
0.7542595829
0.7321092359
0.6475703626
0.6913812874
0.6870007808
0.5959741652
0.7420852277
0.7254509656
0.6822818362
0.7848182320
0.7416057979
0.6283779719
0.7010931513
0.7833569986
0.6889528796
0.7412967721
0.6022420021
0.5940499258
0.6891684631
0.6678591776
0.8372521230
0.7569249427
0.8344386490
0.6874634412
0.7125133970
0.6086036248
0.5393942942
0.6603623318
0.7620378106
0.8106674345
0.7272812968
0.4790605877
0.6514597367
0.8417571860
0.7287193388
0.8227365060
0.7443526376
0.7673772853
0.9028894484
0.6266220290
0.6781747235
0.8226707412
0.6922012380
0.7426879542
0.6996502552
0.7612579847
0.6228551181
0.8370589054
0.6965481307
0.5909582954
0.6510794578
0.7097360058
0.7940605608
0.7215631481
0.7407687325
0.7456819857
0.7751556848
0.8676729055
0.7409926500
0.7872513217
0.8351276640
0.7118391284
0.7729359558
0.7902270111
0.8124643959
0.8759174889
0.8154432900
0.6912303051
0.7410639522
0.7355256556
0.7055826678
0.7888991786
0.7143770756
0.8431624666
0.8509486602
0.7982806719
0.8065714216
0.9535275570
0.8333255397
0.9614148144
0.8644837062
0.6351916987
0.7998757074
0.7967124107
0.8358738540
0.7755128365
0.8134499364
0.8356296739
0.8822702132
0.7107459495
0.8205199164
0.9754501870
0.8478068187
0.9554273104
0.8079691891
0.9182071290
0.9292967003
0.7055775917
0.7747817114
0.8216011229
0.9439890419
0.8697843992
0.9639937401
0.9601873410
0.8403245155
0.8316869359
0.8019437310
0.8326059828
1.0421398727
0.9859739126
1.0121723692
0.8270669215
0.8686685080
0.9812395027
0.9498674101
0.8414835409
0.8975916205
0.8342260955
0.8939017499
0.8575287830
0.8180869044
1.0197327890
0.8731974790
1.1716715787
0.9812929218
0.8259026465
0.9681388151
1.0805603015
1.0362355177
0.9211734454
0.9144600829
0.8621929962
0.9754319671
0.8628539999
0.8864993191
0.9610044752
0.8358413278
0.8950710103
0.7775824442
0.9753902557
0.9560102004
1.0712569602
0.9804254378
0.8805436487
0.9005941458
0.8208939874
0.9408562752
1.0959817377
0.9276616352
1.1163259385
1.0628032881
1.0742362054
1.0724792719
0.9886416274
0.9400968349
1.0076762477
0.9935944880
1.0521424415
0.9131260848
1.1048826348
0.9813336256
1.0331807501
1.0736370723
1.1515817702
1.0409610640
0.9633146722
1.0639391014
0.9047369949
1.0304380300
1.1192928976
1.1214556241
