-1.0150569922
-0.9867543668
-0.9932363911
-1.0471887549
-1.0293840509
-1.1380555138
-1.1207259482
-1.0130226831
-1.0365667789
-1.0574031679
-0.9135053437
-1.1083852449
-1.0857148563
-0.9501818892
-0.9538625158
-0.8752754479
-1.0650404237
-1.0407161873
-1.0027598737
-0.9299023414
-0.9962105864
-0.7981260854
-1.0702822469
-0.9140479438
-0.9182481986
-0.9301013521
-1.0522930732
-0.9829533021
-0.9779915660
-0.9863429900
-0.8714346597
-0.8845066540
-0.9681409760
-0.9309882119
-0.9975656085
-0.9006858332
-0.9512863732
-1.0887093755
-1.0783457132
-0.9846280259
-0.9149109171
-0.9177777234
-0.9075661514
-1.0374305619
-0.8334954518
-0.9364335229
-1.0207535695
-0.9487108405
-0.8257505776
-0.8181352110
-0.9620371189
-0.9086155924
-1.0002318438
-0.8727496486
-0.8807586202
-0.9275525329
-1.1084621116
-0.9500558387
-0.8989309623
-0.8874660354
-0.8277639347
-0.9227624733
-0.8426191357
-0.9031025401
-0.9014906596
-0.8337751367
-0.8891656229
-0.9024521506
-0.8798240169
-0.9474211870
-0.7525573974
-1.0525647895
-0.8654998529
-0.7966263821
-0.6869729255
-0.8684250489
-0.7072165112
-0.8181797982
-0.9291738851
-0.9359058100
-0.9603110172
-0.8835301161
-0.7477439944
-0.8096441668
-0.7644252279
-0.8511322975
-0.8039221609
-0.7299128799
-0.8440851897
-0.7119996156
-0.7967460633
-0.6803561745
-0.8235766848
-0.9519275468
-0.8499242304
-0.8595513600
-1.0393409569
-0.6804246820
-0.8290325658
-0.7233407772
-0.7666880196
-0.9251462727
-0.7974265666
-0.8633570914
-0.7983592377
-0.8089938480
-0.8061262596
-0.9248718095
-0.8508069290
-0.9112965176
-0.7024764030
-0.8506173509
-0.8036817585
-0.6610200416
-0.7175797042
-0.8643945561
-0.7804989678
-0.8452107487
-0.7263277698
-0.8152237065
-0.7465760207
-0.6692423102
-0.6908761100
-0.7827319939
-0.6956171423
-0.8151347406
-0.7499232983
-0.6776685824
-0.8293167299
-0.7152299523
-0.7186195251
-0.6194990621
-0.7226817837
-0.8763057826
-0.8466048502
-0.6986356357
-0.6783940522
-0.7574794257
-0.6351700828
-0.9284526223
-0.7845078967
-0.7202679824
-0.8148334601
-0.6109393193
-0.6369375884
-0.8192036883
-0.6873990427
-0.6491156583
-0.6894028614
-0.5987662667
-0.5650826086
-0.8511590767
-0.8605959937
-0.6592942391
-0.8671338386
-0.6969434525
-0.6430663505
-0.6574483267
-0.7219212808
-0.7836613293
-0.7796021964
-0.7959658069
-0.7502924141
-0.6530348243
-0.7190816846
-0.4682065516
-0.6928194901
-0.5260631380
-0.5753550043
-0.6688936737
-0.6999360789
-0.7458770637
-0.6037932354
-0.8235225011
-0.5768845046
-0.7670132157
-0.6927257292
-0.8963598606
-0.6926214759
-0.6583840780
-0.6418500350
-0.5727573447
-0.4934515364
-0.6297263955
-0.4604130556
-0.7389548793
-0.6185084942
-0.7159337575
-0.5451604688
-0.8673291961
-0.6076140924
-0.6866586916
-0.7087931511
-0.6073198182
-0.6035297899
-0.6229276453
-0.7938732997
-0.6246206484
-0.6326864820
-0.6970199433
-0.5331061561
-0.6542514360
-0.6462405436
-0.7149976588
-0.5848942672
-0.6505634884
-0.5254891495
-0.4960779913
-0.4549301785
-0.7256611123
-0.6015200621
-0.5194959935
-0.6515075736
-0.5612738530
-0.4854920794
-0.6685088320
-0.6242188516
-0.7183858389
-0.5004518910
-0.6310051929
-0.5774066885
-0.6225161676
-0.4608502856
-0.5541291355
-0.4349745425
-0.4950057152
-0.4890858483
-0.5486020069
-0.5885962058
-0.4984502606
-0.4478260767
-0.5622918484
-0.6372738211
-0.6317688913
-0.5167666200
-0.5625191027
-0.6456362933
-0.5474800663
-0.5546792909
-0.6450833076
-0.6035828220
-0.4786024092
-0.5936541620
-0.5134920949
-0.6476893175
-0.5448689994
-0.5617360932
-0.3793847665
-0.4984869805
-0.6292635374
-0.6202436212
-0.5484519606
-0.4521109586
-0.5598190603
-0.4430475437
-0.5161995948
-0.5870799510
-0.3912096195
-0.3906167748
-0.6016366982
-0.3630891946
-0.4508122491
-0.4594275569
-0.4466292688
-0.3296876717
-0.4813457358
-0.4941797167
-0.3029947781
-0.3196127344
-0.3342750885
-0.4645756450
-0.4397549828
-0.3923484146
-0.5132832458
-0.3962650507
-0.5002649513
-0.4396273778
-0.4064189241
-0.4153435996
-0.4448077057
-0.4219306306
-0.3319149118
-0.4635160989
-0.4679421907
-0.4017407364
-0.3143470934
-0.4102379534
-0.5177777835
-0.5088582635
-0.3521720913
-0.4374600120
-0.4150445098
-0.3091263964
-0.4805765213
-0.4158734426
-0.3584761428
-0.4513770722
-0.4950522035
-0.4241871816
-0.3941840143
-0.4058795926
-0.5461044394
-0.3778159024
-0.2768783801
-0.5008204751
-0.3457663489
-0.3561740484
-0.4147330140
-0.4270136587
-0.4490468291
-0.3275929039
-0.4355944980
-0.3851096752
-0.4106031241
-0.4294132664
-0.3651302172
-0.5145029322
-0.4128701651
-0.1691997458
-0.3570365593
-0.2333662947
-0.4139262320
-0.3834379018
-0.2826697648
-0.5255775182
-0.3008817342
-0.4301618564
-0.3549696073
-0.2860926739
-0.4709661400
-0.3526695619
-0.2442369098
-0.2317470179
-0.3717831625
-0.4321817092
-0.3669606770
-0.3615105460
-0.3418843727
-0.1624512387
-0.4122245924
-0.3328791616
-0.2129518716
-0.3014714211
-0.3229959864
-0.6048589351
-0.4088366397
-0.3531449168
-0.2904985959
-0.1688520204
-0.2281569590
-0.1242200129
-0.3468965878
-0.3607430597
-0.3043023964
-0.4234697358
-0.3997906576
-0.1908809265
-0.2655989922
-0.3930851964
-0.1689548396
-0.2661309272
-0.3536055014
-0.3920172757
-0.1189924436
-0.2125150425
-0.2546614000
-0.3172795707
-0.2839648880
-0.2059493186
-0.2685030085
-0.3007305924
-0.1955515543
-0.2976450344
-0.1856654556
-0.2386780366
-0.2685181501
-0.2622575698
-0.3253003527
-0.2449011106
-0.2922607989
-0.2634657939
-0.3162579239
-0.3342485738
-0.3236118673
-0.2415785719
-0.2113673580
-0.2126400875
-0.1827012242
-0.1750614726
-0.1526044836
-0.3158657043
-0.2315046313
-0.1343730493
-0.1933134942
-0.2096916233
-0.3106682987
-0.2014003738
-0.2173145525
-0.3448527342
-0.2669609118
-0.3198728443
-0.2620744864
-0.2514498655
-0.2450968209
-0.2597992160
-0.2206217421
-0.2383270302
-0.3479198770
-0.2142871615
-0.1867029322
-0.0610927931
-0.3035983982
-0.1152068225
-0.2601160711
-0.0530919186
-0.1122413428
-0.0262223921
-0.1515511131
0.0477704693
-0.2221717454
-0.0863948291
-0.1950359042
-0.0609343840
-0.1879249981
-0.1801216225
-0.1533400267
-0.0260739925
-0.0913965308
-0.0857651024
-0.2129832532
-0.0780672596
-0.2473023779
-0.1144108171
-0.1509516329
-0.2151883569
-0.1260867977
-0.0987117254
-0.0569926413
-0.1286078881
-0.2475575916
-0.1562079859
-0.0139713160
-0.1935190410
-0.0879933696
-0.1297263935
-0.3276000914
-0.1222951065
-0.1172295011
-0.1192911128
-0.0570430741
-0.2299441395
-0.0787442058
0.0143761710
-0.2009325444
-0.0964633856
-0.1230341485
-0.0398863670
0.0582351979
-0.0714721324
-0.0892911985
-0.1202243779
-0.1245457132
-0.1507183304
-0.0143612767
-0.0288715037
-0.1388196012
-0.2360105349
-0.0177844569
-0.2427661660
-0.0096542124
-0.0366270493
-0.1107702250
-0.0105858490
0.0081338829
-0.2048756505
-0.1494310162
-0.0271419821
0.0188190102
0.0558059399
-0.1309090318
0.1015996623
-0.0667519805
-0.0247250709
-0.0414302871
0.0581691953
-0.0099838467
-0.0039784111
-0.0851849713
0.0807792788
0.0061361846
-0.1014546499
0.1056667071
0.0966967529
-0.0249656184
-0.1275382249
-0.0451548283
-0.0492067358
0.0250300218
0.0119174400
-0.0499084506
0.0448738378
0.1266758181
-0.0058324388
0.1069215001
-0.0077114553
0.0123852725
-0.1273857301
-0.0627676467
-0.0218616574
0.0357695928
-0.0932582187
0.0023047951
0.0483363160
0.1739913918
0.0732997179
0.1676630926
0.0323090638
-0.0202035761
-0.0474718545
0.0703238246
-0.0056896707
0.1214580805
0.2284690327
0.1348526965
-0.0433979901
-0.0406649938
-0.0117538484
-0.0679511442
-0.1202333859
-0.1407389814
0.1160563088
0.1443544343
-0.0368734829
0.1249629566
0.1039808356
0.1033054072
0.2091914703
0.1526142315
0.0664088172
0.0768308889
-0.0588017798
0.1503892696
-0.0449894623
-0.0075717709
0.0216219398
0.0827891262
0.1460858845
0.1695561456
0.0936059344
0.0766560428
0.0169360492
0.0250409259
0.0546451217
0.0080165012
0.0592066123
0.0994954931
0.2451553169
0.1579237355
0.1543583335
0.3619163170
0.1614720366
0.1256990208
0.1947332611
0.0506160649
-0.0300313912
0.1641967008
0.2297095197
0.0907069465
0.2472860537
0.1815265313
0.0982183071
0.1479310854
0.0492714909
0.2176777922
0.1017579441
0.2395991874
0.1460231315
0.2226945511
0.0595020798
0.2428409205
0.2012149899
-0.0663445760
0.1484862641
-0.0095815932
0.1579082764
0.1563652301
0.2223051040
0.3636667414
0.1161488026
0.0702463661
0.1375763001
0.0315874276
0.0980790192
0.2050835412
0.2137748871
0.3328046797
0.1511998660
0.1626837730
0.3136206303
0.2005895242
0.1615536889
0.1312168491
0.2487574615
0.2742279951
0.3869624119
0.2130320546
0.3037415990
0.3499799002
0.0765670025
0.2012052603
0.1694459990
0.2819275610
0.2276620252
0.1379262441
0.0955765747
0.1087670275
0.1593882487
0.2420279002
0.2442922760
0.3073241587
0.1609456045
0.1819572395
0.2880233044
0.3055978819
0.1019128965
0.2234796893
0.1874752045
0.1769934664
0.1313570421
0.2318613014
0.1303234417
0.0921361513
0.3530697363
0.3409072426
0.2194998127
0.3629759192
0.2787646617
0.1843274785
0.2158072063
0.2888291568
0.4023522762
0.3211751224
0.5000327840
0.2743034980
0.3474682172
0.3586654184
0.2441313556
0.3913461632
0.3126007429
0.4140461843
0.4734088068
0.3338733046
0.1837502434
0.3585880288
0.3260586347
0.4309604522
0.3238385309
0.2511237233
0.4798802028
0.3200657555
0.4108811381
0.3742916316
0.3260278060
0.4759129205
0.3245547364
0.4263926873
0.3413385772
0.1760692112
0.3195199894
0.3117209281
0.4017776333
0.1482798310
0.4300943534
0.1257361226
0.4225981537
0.2974638191
0.3071096394
0.4740483011
0.3121484670
0.2210244828
0.3250067134
0.4147987624
0.4492673344
0.3766837304
0.4329228220
0.4543684308
0.3395274487
0.4032320644
0.3262243947
0.3869855338
0.3722261655
0.3184920538
0.4116613602
0.4061467478
0.2455951717
0.3582299160
0.3878019534
0.3747887102
0.4688194475
0.3322579864
0.3776433253
0.4153291052
0.4730827655
0.4759081474
0.4450181352
0.4617767449
0.4872707636
0.4659754547
0.3087621534
0.5359273785
0.5343008062
0.4641604847
0.4209199112
0.3434337610
0.4419144434
0.5067640536
0.3383259646
0.4233460083
0.4347242315
0.5410492126
0.5730916919
0.4359193202
0.3839024517
0.3814609088
0.4784204589
0.4638386670
0.5106035967
0.5162919357
0.5685472081
0.5784151820
0.4218461296
0.4596415425
0.4957051763
0.4064923352
0.4818156332
0.4972429835
0.5317995351
0.4803802704
0.2949872218
0.3604496616
0.6281360519
0.4481560669
0.5565745044
0.6303595544
0.3293758778
0.3778656427
0.5413845714
0.6897859621
0.5133199732
0.4816954165
0.4056764441
0.5630026518
0.4995275108
0.4630073490
0.4446355693
0.5511787088
0.2720354961
0.4323966735
0.5733760993
0.7640582851
0.5782254163
0.4651228576
0.5226416682
0.4946234495
0.6478212982
0.5917865838
0.4527170634
0.4642302893
0.5765967857
0.5402786639
0.5297984812
0.6263485761
0.5544121255
0.5809465733
0.7244910175
0.5980118123
0.5791531343
0.6414047366
0.5422956618
0.4182079000
0.5730504240
0.7165361101
0.6443055069
0.5110535369
0.5706536480
0.5321312557
0.5310646142
0.7764266652
0.5841807128
0.5853867092
0.7210386250
0.5671153494
0.4233020337
0.6502997814
0.6485648705
0.5947495907
0.5321347848
0.8341374013
0.7377649918
0.7155718098
0.6585344138
0.5566303394
0.7118106692
0.5552394015
0.6610646102
0.6218238165
0.6488878707
0.5563472976
0.6618242490
0.6009843063
0.6849876771
0.6245031396
0.6311894283
0.6724300879
0.6519218174
0.6789137665
0.7215620133
0.5265837498
0.5796896391
0.6092590405
0.6437845062
0.6202668862
0.6188278507
0.5866911645
0.7115896780
0.5991610314
0.6464477508
0.7283840504
0.5731149444
0.5912131166
0.6958655984
0.6103456233
0.5696711430
0.6346131738
0.5166635110
0.5181438566
0.6827077819
0.6685554032
0.8674834851
0.6081382731
0.5667391009
0.5799483043
0.6550491803
0.6657909164
0.5965422069
0.6897422387
0.7022461979
0.6791505129
0.6920171660
0.5852045025
0.7284307798
0.8925237361
0.7354864498
0.6526939307
0.7920963750
0.8259178708
0.7480077720
0.7250814531
0.8128230504
0.7396386433
0.7343003271
0.7858233746
0.7418240874
0.6560237468
0.8272052801
0.7906080396
0.8211674138
0.7361629203
0.6299414393
0.6410957213
0.5325735512
0.7987383311
0.6868310278
0.7449252044
0.8781279372
0.8556283279
0.8160423084
0.6136920065
0.7376450607
0.8454901360
0.8477609926
0.8099601270
0.7042730370
0.7581717083
0.8053833816
0.8573195380
0.6262299834
0.8069392499
0.7802966854
0.7780196132
0.7809698778
0.6900215429
0.7739681762
0.6991513331
0.7531079338
0.8642764104
0.7898694767
0.7260507601
0.8463177131
0.8191635604
0.8730839879
0.7335623559
0.9407530336
0.8804398732
0.8247008950
0.7456219651
0.7238220973
0.8250497003
0.8666973546
0.8735699106
0.6937340008
0.7090480358
0.7278588857
0.8039986014
0.6883008903
0.8038638952
0.8485324176
1.0165616827
0.8456126902
0.7974771816
0.8091949476
0.9782250724
0.8431313062
0.8957789312
0.8955191100
1.0328064941
0.6903057621
0.9157658746
0.7964760783
0.7766478089
0.9177182506
0.7829220787
0.8292730258
0.7810488664
0.9251520059
0.9740266353
0.8502491377
0.7846525826
0.8264619585
0.9683224348
0.8934782809
0.8785656074
0.9936290617
0.9283428855
0.8850848268
0.9401475878
0.7782548933
0.7654643081
0.8964179280
0.7867408963
0.7665850476
0.8435913371
0.6791287187
0.8967922156
0.9807968173
0.9852891237
0.9279616095
0.8407668578
0.9435497665
1.0459177189
0.8936904780
1.0575125994
0.9397094109
0.9512248574
0.9484490949
0.7134523329
0.9002586391
1.1104879719
0.7440263112
0.9513989116
0.9946932305
0.7926971260
0.9555523483
0.9333349401
1.0242942646
0.9710472910
0.9640592029
0.8941602341
0.9698615647
0.9486763726
1.0699724441
0.9189261406
1.0222007988
1.0095193599
0.9654491297
0.9142817602
0.8565326915
0.8720212885
0.8134783466
0.9483284580
1.0479468572
0.9179291505
0.9269646781
0.9731684966
0.9238760542
0.9484601681
1.0095195502
1.0863771992
1.0336006777
0.9782336993
