-0.8785873009
-1.0075646114
-0.9860692761
-0.9454969592
-0.9592701084
-0.9435961722
-1.0338271054
-0.9125660982
-0.9529442572
-0.9724252630
-1.0551121729
-0.9850875437
-1.0873704579
-1.0057946812
-0.9628756889
-0.9585387395
-1.0186520128
-1.0228946389
-0.9090920061
-0.7284348310
-1.0187160487
-0.8641797385
-0.9242011727
-1.0063147687
-0.9352651624
-0.9064462922
-0.9909719720
-0.8156374028
-0.9876157931
-0.9003052645
-0.9816668649
-0.8699514971
-0.7970303001
-1.0669430076
-0.8485303550
-1.0078296831
-0.9357472572
-0.8182709005
-0.7634274141
-0.8140689565
-0.9033883989
-0.7574796907
-1.0372147247
-0.9244383680
-0.9325485264
-0.7118498416
-0.8283774242
-0.8631832610
-0.9484934421
-0.8072140090
-0.7930558234
-0.9076954229
-0.9496097767
-0.8471766720
-0.8661655325
-0.9787233604
-1.0560534400
-0.8299615116
-0.9863413276
-0.7794997071
-0.8518881457
-0.9686281115
-0.8469765838
-0.8281871995
-0.9588469268
-0.9228148355
-0.8445809201
-0.9309948044
-0.9168915594
-0.8253174271
-0.9231067348
-0.7499001701
-0.7258312100
-0.7707144722
-0.9773212568
-0.9331069560
-0.8087187484
-0.8410829124
-0.8517644979
-0.7652648009
-0.7923342423
-0.7442652431
-0.7884364534
-1.0040360397
-0.7431403574
-0.7250426701
-0.7965048057
-0.9769742836
-0.9635413924
-0.8092938920
-0.8402681659
-0.5445382271
-0.6674327141
-0.8632555774
-0.9116051906
-0.7587123247
-0.7700944175
-0.8098805815
-0.8266628156
-0.8199480263
-0.8754711250
-0.8297060749
-0.7432368127
-0.8525743062
-0.8447624825
-0.7933824138
-0.9076746294
-0.9530797312
-0.8833214275
-0.7356817571
-0.8094044916
-0.8500135573
-0.7550837924
-0.8269066995
-0.8434926091
-0.6585932423
-0.6802936751
-0.6055800468
-0.8391463747
-0.6035023686
-0.6000153382
-0.6952253801
-0.7955254035
-0.6646116394
-0.7345873383
-0.5733671182
-0.6060701849
-0.6012798691
-0.9097009549
-0.6956336837
-0.6853279167
-0.6887079442
-0.7092764177
-0.7392762552
-0.7111191299
-0.7922570851
-0.6164804259
-0.6819791687
-0.7085209049
-0.6634737491
-0.7911285953
-0.6812600868
-0.7231966063
-0.7815515316
-0.6349471644
-0.7736927305
-0.7003304782
-0.7490120965
-0.7927350096
-0.5205555593
-0.7253213151
-0.8091838091
-0.5875163804
-0.6592089745
-0.6649813641
-0.6552075886
-0.7258980966
-0.5963235455
-0.7113837085
-0.7822204867
-0.8229538686
-0.6044729591
-0.5396881254
-0.6853362895
-0.5742348657
-0.7098470765
-0.7485671480
-0.6674037720
-0.6106831864
-0.7902181168
-0.7085774407
-0.6450950536
-0.6957430692
-0.6286527572
-0.5802361068
-0.6709606222
-0.6317101000
-0.6436765492
-0.6774264202
-0.5686430929
-0.6206339696
-0.5320078600
-0.7073461401
-0.5856738882
-0.7452541001
-0.7444203468
-0.5379213792
-0.6450566626
-0.5971434768
-0.6749251693
-0.6931734773
-0.6690975956
-0.7153751348
-0.7020306336
-0.6782354746
-0.5754818244
-0.6283814439
-0.4488195918
-0.5969138107
-0.6001980139
-0.5153715798
-0.5211481393
-0.4959532166
-0.5204771178
-0.5872739997
-0.5756429788
-0.7019415533
-0.5001815448
-0.5725352768
-0.5440819456
-0.8214549277
-0.6508289019
-0.6049090115
-0.6215188654
-0.3512831328
-0.4455346805
-0.5201552446
-0.5223104304
-0.5305754947
-0.6178945566
-0.6181436620
-0.6121548180
-0.4900045106
-0.5558057711
-0.6068569072
-0.5032214539
-0.6468907057
-0.5160135454
-0.5739957309
-0.5394546304
-0.3414877709
-0.6208540420
-0.5871283721
-0.5775541405
-0.6181374545
-0.5055577907
-0.5055107949
-0.4867417722
-0.5411748485
-0.5033233504
-0.5447361441
-0.6063857068
-0.4445591344
-0.5113103797
-0.4865271304
-0.5332469241
-0.5293681645
-0.5484286178
-0.4458690315
-0.5434121948
-0.4482309360
-0.5313099015
-0.4451002439
-0.5087491948
-0.5391208419
-0.4889765508
-0.3086338125
-0.4427044937
-0.5924847257
-0.3979467460
-0.3487248284
-0.4510344746
-0.4611348303
-0.3984485378
-0.5179970277
-0.6037189809
-0.4876333582
-0.5192286919
-0.4004014764
-0.3804278321
-0.3724587508
-0.3702810724
-0.3972171027
-0.4470524119
-0.5567806859
-0.5035444615
-0.3799310770
-0.4552449284
-0.4257521876
-0.3820324656
-0.3175229793
-0.5552351136
-0.3630471357
-0.3353091786
-0.4752592408
-0.4083079621
-0.4010055112
-0.3927308982
-0.4617811643
-0.4286992565
-0.4965746372
-0.4751712857
-0.5229315423
-0.3691413464
-0.5617312242
-0.3165599750
-0.3373678790
-0.4375916851
-0.2891849311
-0.3775787604
-0.3696403434
-0.4286424830
-0.4307837118
-0.3167787950
-0.2648906289
-0.4452629329
-0.3473569606
-0.4292102316
-0.3418433022
-0.3091723249
-0.4862430592
-0.3940393224
-0.4755087886
-0.3455080453
-0.3620267011
-0.2928173336
-0.5407411477
-0.2642210495
-0.4244927335
-0.2411303620
-0.2776336250
-0.3564813259
-0.2464438356
-0.3035419700
-0.2869359433
-0.3879653392
-0.3654046330
-0.5202574997
-0.3536729163
-0.3050063420
-0.2770832819
-0.4585576063
-0.3627283949
-0.4337500543
-0.3372399954
-0.2362181272
-0.4095595075
-0.3521408733
-0.2586858663
-0.3327169580
-0.3533655267
-0.2084475780
-0.2104089343
-0.1084847436
-0.4351407623
-0.3730120249
-0.2883137692
-0.3357553679
-0.2711094933
-0.3211481207
-0.2881889281
-0.3740580149
-0.2403977196
-0.2043625681
-0.3761146887
-0.2125293447
-0.4347447761
-0.3300148543
-0.3839102087
-0.2907649178
-0.2981939809
-0.3243069074
-0.2398733216
-0.3832094010
-0.4975451598
-0.4339919683
-0.2444644303
-0.3380821690
-0.1129652051
-0.3039524816
-0.1919976786
-0.1987136524
-0.2037963840
-0.2293948148
-0.2930450629
-0.1824419674
-0.2592904491
-0.3174087887
-0.2118599835
-0.2324408478
-0.3615844488
-0.1172329334
-0.3174356773
-0.3944222350
-0.3147635942
-0.2537537507
-0.1442170783
-0.1184518417
-0.1327305917
0.0069264758
-0.2915281829
-0.3556295119
-0.1783692120
-0.2960437973
-0.1994445793
-0.2516283424
-0.2187872620
-0.2531340244
-0.2614767596
-0.3536714766
-0.2612824114
-0.2036636694
-0.1000394484
-0.1817534368
-0.1007871706
-0.1364218922
-0.2967728508
-0.0276869149
-0.2104634546
-0.1339762223
-0.1925245850
-0.1371433936
-0.0717034999
-0.0767773819
-0.2763346271
-0.2396994484
-0.1099524981
-0.3031563510
-0.1975108474
-0.2090190975
-0.3112765287
-0.2158112035
-0.0729236438
-0.0998687451
-0.0113386287
-0.2087262452
-0.2048330490
-0.1040102305
-0.0855938321
-0.0674311573
-0.1579925131
-0.1605798341
-0.1126132911
-0.0755644254
-0.0211222351
-0.1571173081
-0.0430690401
-0.0291117106
-0.2531107802
-0.0655688190
-0.0173600750
-0.1005239412
-0.1033486535
-0.0247707263
-0.0360566290
-0.1442355877
-0.0754460260
-0.0634637307
-0.1313433589
-0.0200045932
-0.0292350605
-0.1169956288
-0.1707595526
-0.0021999637
-0.1105732402
-0.0977775792
-0.1179642878
0.0208329918
0.0316902303
-0.1206890537
-0.1296879692
-0.0727800772
-0.1520050502
-0.1577984058
-0.0787154291
-0.1193307788
-0.0108946493
-0.0167104561
-0.0725261276
-0.1150597378
-0.1694190529
-0.1235161184
-0.1384269613
-0.1168017244
-0.1018805857
-0.0488805253
0.0108212669
0.0923549394
-0.0405515256
0.0149183976
0.2085901917
-0.0220558758
0.0104216773
0.0768086999
0.0382170080
-0.1743087194
-0.1432600470
-0.1313976574
-0.0210205205
0.0668518148
-0.0903821070
0.0755749766
0.0303655993
-0.0079273160
0.0824622058
-0.0470296324
-0.0189041383
0.0037042764
-0.1384920855
-0.0755127188
-0.0842849153
0.0539297620
0.1293897802
-0.0359055834
-0.0822104219
0.0528667266
-0.0883558475
0.0974480644
-0.1420347309
0.0362146380
0.0322908902
0.1701421861
0.0179743822
0.0404326578
0.0120192840
0.0970808274
-0.0093574064
-0.1656177002
0.1063826165
-0.1240568308
-0.0501258584
-0.0031394136
0.1322053855
-0.2187978074
-0.1051749524
-0.0469364353
-0.1055130750
0.1075345266
-0.0680482517
0.0511186025
0.0928741781
-0.0462926638
-0.0237285281
-0.0660357689
0.0705393300
0.1007764337
0.0407646542
-0.0342060771
0.0004585121
0.0779226208
0.0934306923
0.0951081576
0.1010309089
0.3459744707
-0.0793328437
0.2359309270
0.1771858071
0.1693207729
-0.0039937017
0.0624827509
0.1763879123
0.0164614979
0.0725344633
-0.0424847640
0.1214520102
-0.0565180082
0.1446274191
0.1326852497
0.1180114040
0.1129150591
0.0866336927
0.1066819830
0.1414675634
0.1410345176
0.0844070103
0.1005970839
0.1608186391
0.0526384879
0.1658141237
0.1455267775
0.2853762480
0.0494739613
0.2126896774
0.1641407508
0.0186224869
0.1385202370
0.0514838433
0.1439974669
0.2065505398
0.2523059946
0.1436546799
0.1895035823
0.1981938517
0.2225621718
0.0919446356
0.1256226186
0.2457720831
0.1891005046
0.0815952226
0.1782881298
0.2180107023
0.3046179233
0.2469013135
0.1918752104
0.2837086435
0.0477580238
0.2255837163
0.2779612150
0.2390607735
0.1821583425
0.0397995711
0.2412661760
0.1701620563
0.3262228341
0.2709660438
0.1278099918
0.1729771298
0.2847004109
0.0936466277
0.2532971924
0.1321361866
0.1220446132
0.3186680893
0.2914123228
0.2551258643
0.1712111833
0.2637396517
0.0634716399
0.3001904612
0.3725395836
0.3825511285
0.1310700319
0.3811376711
0.1902724584
0.2851673866
0.2197336920
0.1815260095
0.1411702497
0.2351297755
0.2843237110
0.4099155643
0.2606734998
0.1169683314
0.1796885880
0.3238754648
0.2499208924
0.3653111953
0.3113625897
0.3308751272
0.2639298640
0.2702528446
0.1309426099
0.2613072430
0.1478015020
0.2810708738
0.4081855232
0.3674977387
0.2065085018
0.3749100415
0.4896122671
0.1961382442
0.2856500805
0.1416500089
0.2966220060
0.1923884171
0.2296938921
0.3482571076
0.2070909051
0.3089501149
0.2567107764
0.2944017425
0.3786877833
0.2593947563
0.2224376183
0.2562166112
0.2918207119
0.3247014580
0.3396988660
0.2205285645
0.3473013795
0.4270095888
0.2865349309
0.3592362281
0.3182875772
0.2144122154
0.3168257298
0.4624296678
0.3193915301
0.3359437727
0.4050448653
0.4028274920
0.3084364857
0.2682934655
0.3103288897
0.4091421051
0.3992870593
0.4782211212
0.3941450241
0.5118746918
0.4006739655
0.3352437525
0.4410543158
0.3058569710
0.4031065235
0.2235908108
0.4150814471
0.4053826540
0.3463982315
0.4770361272
0.3237892366
0.4165719765
0.3351493293
0.4896488384
0.4372145568
0.3022053208
0.5112249810
0.3937965282
0.3723105920
0.4202438246
0.3896699985
0.4412992173
0.3881887530
0.3758254313
0.4267464790
0.3277668907
0.2416308877
0.4485952559
0.4274112526
0.4283485888
0.4481154471
0.4954777859
0.4205565342
0.4048756435
0.5902991161
0.5092454257
0.4837307793
0.4776106085
0.5008545569
0.5166858199
0.3700988892
0.5011350512
0.5300075237
0.3524374086
0.5439839148
0.6056664401
0.5386464370
0.3363524868
0.3820931794
0.5034818801
0.5880231445
0.6113645618
0.5264312088
0.5384549041
0.4243347502
0.3868964459
0.5086294958
0.5628774586
0.4975396494
0.6356589432
0.5605756846
0.4042982377
0.6840705043
0.5210256902
0.5014260585
0.5682788723
0.4917502940
0.5232794241
0.6650347341
0.5476635349
0.4221446603
0.5177584933
0.5374540600
0.5430603320
0.5938987038
0.5398547158
0.7512085379
0.5299019477
0.5417352131
0.3555513783
0.5101177015
0.4695635865
0.5188240388
0.5550502974
0.5826712293
0.4108110351
0.6540539245
0.5832594809
0.4697418491
0.7217979780
0.6199149357
0.6153519741
0.7243286972
0.5089127568
0.5849221584
0.5759646903
0.4840284173
0.5887083921
0.5914357786
0.6625980321
0.6597236604
0.5581844332
0.4500166982
0.5628774393
0.4875086444
0.4427169480
0.6808414524
0.4224180785
0.5097607520
0.4356798193
0.5650145277
0.6461353813
0.5780284034
0.6244208734
0.6738314348
0.5108405252
0.5692399433
0.6896128490
0.5903890313
0.5764434318
0.5298778649
0.7574140283
0.5754602784
0.5506235208
0.6518999348
0.6656634926
0.4637256706
0.6077624401
0.6218423916
0.6616252232
0.7752127260
0.4676045094
0.5938612480
0.7211742634
0.7672296521
0.5853771548
0.5553482078
0.5932792155
0.8878772943
0.6327438585
0.6443121930
0.7644372623
0.5277333308
0.7331144394
0.7532135659
0.6297010750
0.6615828513
0.6555396684
0.5985781892
0.7253610969
0.7531911324
0.7548935156
0.6453113508
0.5826929057
0.6787118242
0.5930825209
0.7946384403
0.6777569791
0.7000222449
0.7628602594
0.7915149354
0.6810414486
0.7487738631
0.6459530649
0.5477580403
0.7112984794
0.6099219720
0.6905092473
0.6283924136
0.7434606035
0.8034387940
0.7526864879
0.6628714099
0.6517836358
0.6264176541
0.8376248674
0.7573908106
0.8492908663
0.9368082784
0.8245987561
0.7642550704
0.6809865973
0.7025356376
0.6285339875
0.7134187871
0.8485547695
0.8650882709
0.8096235918
0.6804668972
0.6349530633
0.8452800485
0.7625488095
0.7510865870
0.7641430863
0.7948628993
0.8215712198
0.7145861624
0.9245996181
0.8104027639
0.8526846797
0.7215807093
0.7978346533
0.9642229624
0.7031493233
0.7406824916
0.8039512112
0.8032050405
0.6650389409
0.7994414854
0.7742536654
0.8206984140
0.7145726359
0.6982406703
0.7953372356
0.7591844291
0.8202883766
0.9402851956
0.7969985077
0.8511478987
0.9036353354
0.8018346023
0.9073548828
0.7776981270
0.9167047429
1.0097319586
0.7960123423
0.8076834661
0.8378263481
0.9125760853
0.8658542579
0.8291917107
0.8489765791
0.7791593839
0.8998173645
0.8540770525
0.8474764018
0.9404891681
0.8659283446
0.8069644813
0.9185660771
0.8344943511
0.8423255137
0.7721660183
0.9752221957
0.7649707284
0.9093576439
0.8717251602
0.8527431850
0.9238990014
0.9548872038
0.8659863126
0.9946756569
0.8249825846
0.8157781774
0.9272825331
0.7997482509
0.8859524441
0.7330806776
0.9449761460
0.9852924387
0.8013751864
0.8113945641
0.9657956372
0.8896882940
0.9646098413
0.9184364144
0.7932177161
0.8276100296
0.8388930939
0.8122652610
0.9452750903
0.9319278665
1.0386586843
0.8710947245
0.8773064759
1.0291742971
1.0822325524
0.9557025487
0.8994749596
0.8804629737
1.0235114082
0.9095204996
0.9463624754
0.9143518681
0.8885122447
0.9000452634
0.8935927748
1.0018920178
0.9864979719
0.9132772486
1.0525220819
0.8822250116
0.9333289162
0.8820864490
1.0376449822
0.9602551950
0.8937890158
1.0012024559
0.9401266920
1.0325839323
0.9873054327
1.0632416604
1.1053974439
1.0515185155
0.9999444277
1.0416842969
0.8959213084
1.0793050781
1.0469873795
1.0196462777
1.1171219532
