-0.9777541812
-0.9516352911
-1.0162868257
-0.9801989956
-1.0403270582
-0.9110688198
-1.0502126017
-1.0017297159
-0.9088864549
-0.9229524903
-0.9560279343
-0.9115396862
-0.9979166616
-0.9663026523
-1.1118252237
-0.9223016148
-0.9941971713
-0.9015514042
-0.9821503989
-1.0751530179
-1.0665805116
-0.8457539456
-0.8503618255
-0.8792150178
-0.8717439368
-0.9212937335
-0.9999493992
-0.8823915061
-0.9362158087
-1.0082374499
-0.8898581047
-0.8274189705
-0.9362453285
-0.6269064062
-0.9497596594
-0.8417510301
-0.7944622897
-1.0047669819
-0.8867688937
-0.9249610978
-0.9458616266
-0.9695937642
-0.7845251711
-0.9187347450
-0.9771829295
-0.8764164770
-0.7514203558
-0.7716981030
-0.9144706266
-0.8950789215
-0.9504359375
-0.8610527708
-0.7766052983
-0.8166861264
-0.9305296677
-0.9878519060
-0.8106953065
-0.9248194589
-0.8303963986
-0.9375379267
-0.7727960837
-0.8974685291
-0.8430117506
-0.8074325608
-0.7478384687
-0.8378253874
-0.9517013248
-0.8551357474
-0.9458765098
-0.8402859486
-0.8071189680
-0.7859185124
-0.8521678379
-0.8680062772
-0.9909638901
-1.0436808510
-0.9426687182
-0.8766986239
-0.9776618216
-0.9846455017
-0.8805619253
-0.7599006485
-0.7328986131
-0.8426295105
-0.6977891393
-0.8164513541
-0.9265204737
-0.8349515294
-0.8156746779
-0.8248154699
-0.8983998995
-0.7626731059
-0.8306401756
-0.9087558284
-0.7736575555
-0.7302543823
-0.7978350367
-0.8515020758
-0.8972507396
-0.9060082170
-0.9039219603
-0.8400631755
-0.7801966469
-0.7116322512
-0.7843220770
-0.7202717743
-0.6449934066
-0.7539963480
-0.7748547330
-0.7819618862
-0.6967834622
-0.7806616030
-0.7762947924
-0.7154304429
-0.8708442691
-0.6611832234
-0.7632086067
-0.7776493457
-0.6359163224
-0.8521670305
-0.6959396130
-0.6909341423
-0.6913858066
-0.6903355996
-0.5988057623
-0.8627421239
-0.6921806766
-0.7370387775
-0.9142502754
-0.7810257705
-0.7364502353
-0.6479602937
-0.7859216111
-0.7966843599
-0.7983404802
-0.6475292587
-0.6687201067
-0.7890989568
-0.7947802209
-0.8503965016
-0.6738438468
-0.7553970599
-0.6091097087
-0.7599381479
-0.6325413380
-0.7097130579
-0.6094942523
-0.7275624873
-0.8841228256
-0.6424034411
-0.5132493342
-0.6733456866
-0.8514970081
-0.7418219236
-0.6884275198
-0.7392843568
-0.5767891193
-0.7777934988
-0.7276399990
-0.6179447344
-0.7423583756
-0.7293766402
-0.7454464954
-0.6534443768
-0.5393411635
-0.6359667149
-0.6143666103
-0.5880853142
-0.6244618843
-0.7082189498
-0.7218440201
-0.6117800443
-0.6060584394
-0.6643888591
-0.6202552387
-0.5814958488
-0.5632206521
-0.6917395566
-0.6915408232
-0.5683948777
-0.6917657996
-0.6000214794
-0.6596881974
-0.6597825308
-0.5528831427
-0.5727345092
-0.8246666003
-0.4939045544
-0.6725459856
-0.6022430870
-0.6241318403
-0.5257144699
-0.5925043196
-0.6366342617
-0.7233543273
-0.7343031526
-0.6420340621
-0.7364398671
-0.6176966162
-0.5734587485
-0.5482148587
-0.7133589922
-0.5368697213
-0.6196798048
-0.5517429322
-0.6488511169
-0.6309485735
-0.5804108483
-0.5729815922
-0.5171301532
-0.5850452146
-0.4688866560
-0.4552633566
-0.6284534418
-0.5617881909
-0.6418323302
-0.4647577827
-0.5893835671
-0.6159533068
-0.6400385874
-0.5810862255
-0.4207385331
-0.5741413141
-0.5456446795
-0.5852055396
-0.5492775076
-0.5826153915
-0.6286098820
-0.4968389983
-0.7170010579
-0.5127321148
-0.5202554628
-0.4300650026
-0.5993014745
-0.4786278774
-0.6122558639
-0.4533966195
-0.5553781681
-0.5078498044
-0.7433982481
-0.6334482879
-0.6332796555
-0.4817984938
-0.6277496936
-0.5802293929
-0.5737041115
-0.3829723854
-0.4738222751
-0.4339399427
-0.4925345479
-0.4451293742
-0.4819284954
-0.4407877932
-0.4751014981
-0.3983358644
-0.4978733461
-0.5827160446
-0.4746190901
-0.4242813838
-0.4406338414
-0.4855685260
-0.5136263894
-0.3426229773
-0.5499565860
-0.4619572435
-0.5029534854
-0.5054647659
-0.4628981550
-0.5304743883
-0.5194450442
-0.3209641733
-0.4010720922
-0.4673941347
-0.5681077205
-0.4937393244
-0.4614547560
-0.3675540191
-0.3096980623
-0.5873379713
-0.4160410889
-0.4044887963
-0.4637693831
-0.4033835385
-0.3937543997
-0.3553046660
-0.3610388502
-0.3991043509
-0.4825725151
-0.5049520631
-0.3462888096
-0.4342990726
-0.3971113347
-0.2975290729
-0.3389800730
-0.5049194457
-0.5161933501
-0.3950051657
-0.2929598507
-0.3888454275
-0.4653761443
-0.3880657224
-0.3860046146
-0.4355865605
-0.5453273099
-0.3825918221
-0.5886666327
-0.4370464299
-0.3277553724
-0.3552267101
-0.3841824008
-0.4770442100
-0.5035313719
-0.3270641649
-0.4551512551
-0.2181854592
-0.4347173625
-0.3775247531
-0.4094048341
-0.3580818518
-0.3345691365
-0.3151269805
-0.4191418847
-0.4309447554
-0.2225053846
-0.4522903578
-0.3898826974
-0.3944056751
-0.4246558617
-0.2514019377
-0.3127075816
-0.2098662335
-0.3131040506
-0.2468215598
-0.3407350055
-0.3720986379
-0.2870368957
-0.2174366046
-0.2962394260
-0.3323193845
-0.2701183925
-0.2816696494
-0.2132699665
-0.2696103717
-0.4416481765
-0.2945920813
-0.3515140893
-0.2557174373
-0.3885049937
-0.2506630710
-0.3728078760
-0.2730534362
-0.3906485492
-0.3718738012
-0.2902654099
-0.4206836285
-0.2845269068
-0.2625312387
-0.3073996914
-0.2607380098
-0.3482344054
-0.2043145587
-0.4277066704
-0.2206743729
-0.2363348257
-0.2186597678
-0.1891114292
-0.3771535641
-0.2672619988
-0.0782156956
-0.3553823639
-0.1962855717
-0.2996506251
-0.1024389817
-0.2864840960
-0.2373524195
-0.2092780516
-0.3126927947
-0.2591230800
-0.1458417916
-0.2658105087
-0.1192827135
-0.1536742001
-0.1708285074
-0.0860431306
-0.2466133053
-0.2461650987
-0.2340479574
-0.0542169329
-0.2879658266
-0.2900393742
-0.1257368332
-0.2659284313
-0.2934024321
-0.2338575519
-0.2233813129
-0.1789701624
-0.2593150499
-0.2397783596
-0.3077713701
-0.1946189146
-0.2763662158
-0.1839403226
-0.1865786232
-0.3355260090
-0.0808924333
-0.2082306976
-0.0721583754
-0.2626100459
-0.3449301067
-0.1923022684
-0.0587948906
-0.2163076220
-0.0797729767
-0.2159617990
-0.0983700135
-0.1911080273
-0.2954500294
-0.0090911552
-0.2193192144
-0.2530751543
-0.2653499820
-0.1833075715
-0.1083294406
-0.3079893176
-0.0548618708
-0.2528553521
-0.1789520158
-0.1507777989
-0.2250605204
-0.0087566767
-0.2215490977
-0.2823456465
-0.1735853729
0.0082005104
-0.0399391013
-0.0817559053
-0.1722322522
-0.0756911057
-0.1454262080
-0.0706281704
-0.0657579090
-0.1430336930
-0.1846172835
-0.2217134133
-0.1741167055
-0.0963877661
-0.1425448541
-0.0715245165
-0.0241849874
-0.1690720140
-0.1662016281
-0.1615369835
-0.0092786497
-0.1107586771
-0.0867792981
0.0565960742
0.1030432880
0.0035084471
-0.0558744011
-0.1108761612
-0.0405187201
-0.1192774859
-0.2172841346
-0.0424377813
-0.0551694461
-0.0230525909
-0.0361082562
0.0667759400
-0.0085169178
0.0134753563
0.0571569319
0.0069958126
-0.1246640813
-0.0306527010
-0.0226728302
0.0090160828
-0.0643916713
0.0716736555
-0.0519006873
-0.1352799375
-0.0639151616
-0.0822659513
-0.0798385326
0.0802532058
-0.1727815623
0.0700819974
0.0981449265
-0.1011449160
0.0705595682
0.0460270535
0.0716610349
0.1225079032
-0.0213228715
0.0692340035
0.0678595955
0.0178658014
-0.0192374723
-0.0027255826
0.0009614083
0.0570274264
-0.0030153180
0.0444302773
-0.1811654646
0.0451890631
0.1429033923
0.0211468212
0.1678177250
0.1143434670
-0.1268099071
0.0322186665
0.1566343618
0.1375699293
0.0485243518
-0.0080431565
0.0984993378
0.2120589851
-0.1063251016
-0.0183922322
0.0417646918
0.0409074874
0.1988608454
0.0038536828
0.0608672787
-0.1255773841
0.1828678461
0.0389724859
0.0410855993
-0.0059639387
-0.0017434849
0.0679009361
0.0577918305
0.1530066449
0.1488608119
0.1973579442
0.0005892646
0.0793323935
0.1066820697
0.0205119660
0.1216867673
0.0796607825
0.0465720324
0.0889477792
0.0844433098
0.1533547107
-0.0248582320
0.0196091130
0.1816709148
0.0588621425
0.0915467665
0.1104857412
0.2448438656
0.1087679542
0.1897101262
0.0691661048
0.0823332342
0.1188996956
0.1238652779
0.1883637532
0.1623019373
0.1619521856
0.1169350057
0.2653278900
0.1207534747
-0.0117050765
0.1352948632
0.1466651797
0.0939458324
0.1423035919
0.1363965887
0.1578692060
0.0738567500
0.0776133380
0.1379504307
0.2787308989
0.0875209783
0.1289877895
0.2078652728
0.1654545120
0.1799476709
0.1051803476
0.1578488621
0.1590468744
0.0418450748
0.1271437383
0.1287502291
0.1274391866
0.1629452518
-0.0625996800
0.2314696517
0.2767409717
0.0817861744
0.2559004610
0.1051464948
0.0762916174
0.1427419658
0.3334001367
0.2192947933
0.2309573806
0.2989300577
0.2114270957
0.1449286482
0.2756553517
0.0233622329
0.3111497469
0.2132722368
0.2023425054
0.2947950035
0.3519073799
0.2791621831
0.2362298325
0.1611774570
0.2090290723
0.0947660749
0.2458554661
0.2147456184
0.2890456931
0.3270030044
0.3765396395
0.1057395850
0.0998923600
0.2954658099
0.2773433689
0.3312711607
0.1774413030
0.1382545818
0.3075155446
0.1686161609
0.2494140473
0.2710022695
0.2736443145
0.2257322102
0.2873113656
0.3421599941
0.3340955903
0.3693535025
0.2199346686
0.3115983568
0.2025863856
0.1673163114
0.1458084103
0.3340764111
0.0919887071
0.3923295882
0.1760592248
0.2807755071
0.4214109849
0.2322034543
0.3852477806
0.3918910675
0.3911886310
0.2617008141
0.1223278156
0.2737975493
0.1683341599
0.2691319316
0.2216571083
0.2908711906
0.3084084500
0.2681423762
0.3911952767
0.4112394767
0.3718461210
0.2481288095
0.5140672245
0.3297565493
0.4569132549
0.3537424844
0.2553262750
0.3724768899
0.3529837742
0.3170917691
0.4380265830
0.2074156245
0.2820730961
0.3611535170
0.4257651752
0.3176222783
0.3969888076
0.3660047879
0.2500307214
0.3220377063
0.4259846881
0.2889648793
0.3347366957
0.3721909119
0.4977131274
0.2487854132
0.1819201018
0.3877138910
0.4033347693
0.4322053706
0.2535803091
0.2761087642
0.3719809336
0.4065952383
0.3806950206
0.2744799704
0.4402275979
0.3212565709
0.3365135365
0.4348833475
0.4659836515
0.3598829426
0.3648372103
0.4107439624
0.2652502203
0.4474110035
0.4916969147
0.4641856430
0.3681263215
0.3988997721
0.4425627500
0.4911181947
0.4070104088
0.4135522825
0.5334891399
0.4618454121
0.3860402393
0.4918036844
0.4535659637
0.4085899506
0.4993499582
0.3756152388
0.4799300023
0.4832730987
0.3504226819
0.4569166212
0.4349882534
0.5059428319
0.4442885397
0.4524433885
0.4257460412
0.4457611205
0.4435810943
0.4550788489
0.4454412552
0.4873750003
0.3893940691
0.5370698179
0.4882161654
0.3127348359
0.3926499224
0.4420111107
0.4032712130
0.4139126468
0.5119436540
0.3294130798
0.4507618933
0.3763109431
0.5156429213
0.4835971206
0.5513042681
0.6061825370
0.4493725202
0.5362990574
0.5971324701
0.4022167189
0.4502206146
0.5526826179
0.6661289228
0.4388649052
0.6390707141
0.6186940285
0.4867714887
0.5248745591
0.6206590819
0.4900297586
0.4343987599
0.5287231620
0.4992628377
0.5154126006
0.5027206204
0.4880639680
0.6613453841
0.5239180782
0.5681383860
0.4343155324
0.5949189008
0.5009374092
0.5475938263
0.5229014032
0.6138067776
0.5472051273
0.5765145093
0.4234482853
0.6496064532
0.5387278158
0.5087609065
0.4504205702
0.7244227563
0.4802400312
0.6053031272
0.6268337479
0.7089654652
0.7380420351
0.5566150672
0.4713856771
0.5653387122
0.5395845542
0.5986350508
0.6154951453
0.5387571311
0.7698505084
0.6754086254
0.5709153091
0.6146393024
0.5541092019
0.6559945702
0.6293170075
0.7170425266
0.7822674350
0.5995213226
0.5824181759
0.5806658382
0.7347458623
0.7798295151
0.6090388420
0.6148674733
0.6494557496
0.5971190369
0.7727909561
0.6056169689
0.6418892254
0.6177998692
0.7491636067
0.7081605520
0.6750932217
0.6284192204
0.6156382807
0.7727388342
0.7223134330
0.6496694717
0.6726517883
0.5436709619
0.7403137592
0.6346148418
0.6517686200
0.7768386281
0.6025139081
0.6734358312
0.7039872297
0.7405533405
0.6531120363
0.8419636026
0.6467582264
0.7094720299
0.7143018631
0.5524085803
0.7941733828
0.7598595829
0.6221594957
0.6410380194
0.6376337733
0.6570778439
0.6065956544
0.6356905101
0.8270609267
0.7437297194
0.7165025591
0.7775126262
0.7529714249
0.7434279548
0.7677632220
0.8003836009
0.6870491811
0.7302370884
0.6129114799
0.8026803119
0.7165435011
0.6195159400
0.7709057490
0.7223488876
0.8484988123
0.7465886911
0.8268723200
0.7240801026
0.7052633123
1.0156105176
0.7129328017
0.8241757216
0.7497277340
0.8348839043
0.7124849374
0.7117130098
0.7605852688
0.8586106489
0.6390685976
0.6893611058
0.8373547066
0.8834566465
0.8264753138
0.7221960264
0.8414296879
0.7559353562
0.8425157443
0.6983258569
0.8446273340
0.7921551938
0.8556774071
0.8800397847
0.7892539742
0.7879853331
0.8515293270
0.6927424904
0.8020382441
0.8810022312
0.8057117054
0.8171943974
0.7972927654
0.7780830944
0.6640268177
0.7570613807
0.7843911969
0.9273927453
0.7971466436
0.8179735896
0.8749791311
0.8412781337
0.8536525468
0.7769895950
0.6974460317
0.7728307299
0.7266676654
0.8368689536
0.8556323977
0.8138188312
0.9506308860
0.7633904668
0.8701513427
0.7306146269
0.8704958020
0.8611247281
0.8968522734
0.7736876873
0.9465856282
0.8726290657
0.9638046752
0.9246704635
0.8257033656
0.8469740912
0.9326840751
1.0909886711
0.9388668218
0.8794638509
0.8646302725
1.0068992304
0.8008133409
0.8195010965
0.9521380089
0.9732430899
0.9327513322
0.9837039493
0.8470388451
0.9798325211
0.8615240319
0.7893727035
0.8013433267
0.9423541416
0.9510177388
0.8192195459
1.0516259659
0.7456499843
0.8494770273
1.0909931341
0.9795257350
1.0545206586
0.9822641602
1.0226699929
0.8559012748
0.9719084407
0.9162982120
1.1885383984
0.8771175419
0.8445201806
1.0820845688
1.0082328816
0.9841976410
0.9903972207
1.0677416079
0.9408842404
1.0116998700
1.0306408193
0.9286744134
0.8416808751
0.9611898458
0.8545779213
0.9133931398
0.9706659617
1.0938561806
0.9894091910
1.0032739614
1.0143235595
1.0102046168
0.8839533092
0.9150799803
0.9531850605
1.0272644994
1.0010503229
1.0892620780
0.9799139903
