-0.8936616906
-1.0130458345
-0.9903169923
-0.9255122693
-0.9629835523
-0.9460704992
-1.0474269565
-0.9035829449
-0.9593116035
-0.9787033863
-1.0667785713
-0.9815558212
-1.0853563563
-1.0016777095
-0.9700684866
-0.9641244958
-1.0094888023
-1.0486647270
-0.8858609360
-0.7310861377
-0.9796851603
-0.8606342421
-0.9288170192
-1.0171824605
-0.9235529509
-0.8976303074
-0.9698937879
-0.8111427908
-0.9953832532
-0.9022505895
-0.9787700107
-0.8710186122
-0.7998422948
-1.0365016625
-0.8624725783
-1.0299492810
-0.9273982559
-0.8181126480
-0.7714082119
-0.7985711352
-0.9032632393
-0.7632225274
-1.0178384554
-0.9203026930
-0.9482330372
-0.7148436253
-0.8519831834
-0.8564775924
-0.9577344464
-0.8392701740
-0.7829703726
-0.9170841838
-0.9503526211
-0.8587289819
-0.8784740664
-0.9871914775
-1.0419250465
-0.8295587949
-0.9635360013
-0.7817993740
-0.8670504917
-0.9723164172
-0.8369948760
-0.8169734210
-0.9264248891
-0.9099818282
-0.8812941326
-0.9225507247
-0.9055941891
-0.8437477663
-0.9154585813
-0.7627816819
-0.7322036540
-0.7793822933
-0.9734268898
-0.9380619761
-0.8137319017
-0.8616859640
-0.8446275601
-0.8084634757
-0.8090196729
-0.7552885866
-0.8048150720
-0.9936705644
-0.7294991432
-0.7306846263
-0.8014402849
-0.9571104850
-0.9421902237
-0.7754623033
-0.8366111509
-0.5351022641
-0.6642872495
-0.8776863068
-0.9237309474
-0.7708083930
-0.7713329680
-0.8149604853
-0.8228942876
-0.8463949034
-0.8856036259
-0.8335251147
-0.7536074166
-0.8532382678
-0.8283956025
-0.8137307094
-0.9193769163
-0.9612969942
-0.9110260256
-0.7304357675
-0.8126490132
-0.8720970283
-0.7497441306
-0.8337129183
-0.8248064660
-0.7042158027
-0.6795165520
-0.6064447159
-0.8108444963
-0.6028472813
-0.6191043989
-0.6832948993
-0.8044759260
-0.6703073944
-0.7375289785
-0.5783598354
-0.6219563463
-0.6162508994
-0.9363539871
-0.7078079060
-0.6609276823
-0.6665783143
-0.7001292540
-0.7365841357
-0.7208580058
-0.8012940709
-0.6076811099
-0.6902217304
-0.7272274251
-0.6608529259
-0.7757385454
-0.6788176863
-0.7192405799
-0.7716926797
-0.6170045611
-0.7970484691
-0.7082601402
-0.7551061768
-0.7959525188
-0.5055607741
-0.7287729432
-0.8143483890
-0.5763376132
-0.6531168544
-0.6629108161
-0.6636724693
-0.7276475184
-0.5873050483
-0.7039459708
-0.7813799958
-0.8014544337
-0.6009929223
-0.5395582521
-0.6758306834
-0.5670900926
-0.7313118122
-0.7273562490
-0.6753157531
-0.6265236857
-0.7835829168
-0.7121051200
-0.6574566348
-0.7030867388
-0.6263779279
-0.5969111132
-0.6890226046
-0.6334656746
-0.6301300503
-0.6556218539
-0.5952774451
-0.6193512927
-0.5363997153
-0.7021091030
-0.5974362470
-0.7239488430
-0.7178027417
-0.5167677598
-0.6204338620
-0.5876386439
-0.6832431199
-0.6804985413
-0.7029252362
-0.7126903795
-0.6901396941
-0.6804931937
-0.5843066666
-0.6338035602
-0.4638442713
-0.6085484783
-0.5729049704
-0.5084622147
-0.5393528026
-0.4732251311
-0.5436023114
-0.5980110608
-0.5632737933
-0.6806512512
-0.4937547347
-0.5292044201
-0.5451823877
-0.8229138634
-0.6581060071
-0.6142266985
-0.6200136262
-0.3899556865
-0.4588078044
-0.5364370501
-0.5415100243
-0.5483798854
-0.5959977056
-0.5884797092
-0.6249029700
-0.4934688483
-0.5401735717
-0.5938524227
-0.5141677586
-0.6573480980
-0.4909631650
-0.5779799140
-0.5243772107
-0.3159511725
-0.6062462355
-0.5944318934
-0.5878671717
-0.6053662157
-0.5087834469
-0.5068478309
-0.4822212794
-0.5371624086
-0.5085899640
-0.5408741041
-0.6208642334
-0.4388395105
-0.5056049447
-0.5075829650
-0.5273895345
-0.5580406227
-0.5298201024
-0.4498347960
-0.5446797118
-0.4389665595
-0.5266764953
-0.4366790118
-0.5116440128
-0.5496652417
-0.4909118632
-0.3095676126
-0.4570832738
-0.5867014841
-0.4027830974
-0.3534903108
-0.4779520447
-0.4654267299
-0.3895560075
-0.5309239481
-0.5701900577
-0.5106020853
-0.5287784119
-0.3778410296
-0.3729363101
-0.3705458312
-0.3762513843
-0.4288195627
-0.4291172431
-0.5875957174
-0.5230613688
-0.3661749486
-0.4409024295
-0.4297575079
-0.3856260321
-0.3146734355
-0.5623342623
-0.3799047550
-0.3430444627
-0.4722166682
-0.4010865916
-0.4000487781
-0.4002904273
-0.4669816165
-0.4527364736
-0.5077021641
-0.4870054206
-0.5101526503
-0.3646781525
-0.5466052882
-0.3173009611
-0.3529829161
-0.4326466309
-0.2894840827
-0.3986200525
-0.3764267372
-0.4274035209
-0.4299944548
-0.3269809091
-0.2521349396
-0.4448318664
-0.3620751532
-0.4381054392
-0.3552030957
-0.3195219822
-0.4877310896
-0.3926566588
-0.4495987410
-0.3273053952
-0.3564967603
-0.3076654954
-0.5503085150
-0.2682709388
-0.3999218498
-0.2311911292
-0.2842942394
-0.3407289885
-0.2569360068
-0.2948536134
-0.2811601367
-0.3928808248
-0.3885479694
-0.5305370095
-0.3642524882
-0.2831555909
-0.2753063218
-0.4365843044
-0.3304179341
-0.4242705675
-0.3396172465
-0.2144773703
-0.4276758972
-0.3513327230
-0.2707724608
-0.3552184641
-0.3415530501
-0.1761481507
-0.2282657184
-0.0979141846
-0.4392146035
-0.3939879653
-0.2999517900
-0.3119394610
-0.2718117258
-0.3164499180
-0.3034537364
-0.3577860549
-0.2218303771
-0.1828949559
-0.3548568868
-0.2179420671
-0.4267304975
-0.3550334323
-0.3687400775
-0.2885442489
-0.2986900907
-0.3117781181
-0.2194162996
-0.3687176073
-0.4803137894
-0.4239364126
-0.2433983278
-0.3220041766
-0.1102826563
-0.3062832491
-0.1860955048
-0.2021781668
-0.2256440051
-0.2268875474
-0.3076201520
-0.2092855887
-0.2504302728
-0.3345206688
-0.1979905218
-0.2243904854
-0.3550901423
-0.0890339900
-0.3292615526
-0.3796640305
-0.3042469198
-0.2539590491
-0.1646935962
-0.1272932455
-0.1287168702
0.0023945831
-0.2893885876
-0.3472530542
-0.1396135512
-0.3033320335
-0.1679584079
-0.2126044055
-0.1902283212
-0.2516216079
-0.2944619923
-0.3326176511
-0.2656852718
-0.2005622803
-0.0973843702
-0.1597954798
-0.0911208816
-0.1413532363
-0.3162975175
-0.0334017719
-0.1871824208
-0.1288710122
-0.1845091601
-0.1370935807
-0.0898971790
-0.0920555749
-0.2633718233
-0.2413553094
-0.1061998165
-0.2968064483
-0.1679783192
-0.2266466605
-0.3186292212
-0.2078235694
-0.0860741721
-0.1178590015
-0.0182547383
-0.2091469468
-0.2253314424
-0.1021559287
-0.0996275778
-0.0956168990
-0.1483731236
-0.1615826412
-0.1171689411
-0.0538174715
-0.0285088729
-0.1706857748
-0.0674426715
-0.0216863573
-0.2536395911
-0.0726908372
-0.0253402261
-0.1079477662
-0.1044801638
-0.0365064880
-0.0341955223
-0.1309462110
-0.0906591318
-0.0674112180
-0.1342407837
-0.0271796929
-0.0103729703
-0.1181987368
-0.1656924411
-0.0043557888
-0.1140381287
-0.1046966139
-0.1249485392
0.0053684407
0.0178836043
-0.1197264588
-0.1434638014
-0.0652999679
-0.1312137048
-0.1528022855
-0.0798236769
-0.1284833208
-0.0056011888
-0.0192600114
-0.0677132457
-0.1223753501
-0.1857318423
-0.1557730681
-0.1219853530
-0.1437656170
-0.1205935837
-0.0324940848
-0.0111553370
0.0988230168
-0.0382256699
0.0079959747
0.2181101953
-0.0155338015
0.0090333392
0.0721532259
0.0374497451
-0.1708375845
-0.1649395478
-0.1185455088
-0.0283268866
0.0601956268
-0.0872095932
0.0686676643
-0.0026422570
0.0309615706
0.0836513818
-0.0235625925
-0.0236117043
-0.0145213151
-0.1219610727
-0.0705926698
-0.0697222158
0.0464861636
0.1492709608
-0.0183249932
-0.0896419308
0.0486267920
-0.0992823968
0.1218766701
-0.1618572862
0.0414016961
0.0146944001
0.1869062043
0.0171364555
0.0284900908
0.0112452541
0.0866328535
-0.0131589209
-0.1513385758
0.0994007208
-0.1227537154
-0.0338345875
0.0092097193
0.1305073854
-0.2210908947
-0.0891726684
-0.0401089970
-0.1194889175
0.0868441027
-0.0610661692
0.0462437679
0.1034298908
-0.0472860417
-0.0216668820
-0.0804287630
0.0841491263
0.1087733611
0.0309423132
-0.0105955901
-0.0140333728
0.0821980948
0.0858857526
0.1016094407
0.0961745330
0.3191042273
-0.0904222726
0.2358765832
0.1824148557
0.1597816435
0.0133427554
0.0490527817
0.1739309548
0.0023510777
0.0902184503
-0.0510398804
0.1132571732
-0.0704588606
0.1702422968
0.1301959896
0.1133562004
0.0806452340
0.0851066751
0.1117539107
0.1450965845
0.1473229786
0.0966914272
0.0944752003
0.1477497250
0.0574299165
0.1720127065
0.1337308688
0.2817866908
0.0271508110
0.2032920031
0.1701738226
0.0106595563
0.1426347781
0.0383858649
0.1482758896
0.1903735842
0.2603511982
0.1232675767
0.2080791568
0.1703208087
0.2273242330
0.0922728759
0.1225160269
0.2553808223
0.1868881828
0.0858125505
0.1725949270
0.2087901419
0.3010897834
0.2486133996
0.1915237940
0.2613088514
0.0671202380
0.2303372416
0.2811720043
0.2449021367
0.1881573743
0.0425322003
0.2505434071
0.1622946564
0.3250473966
0.2769036544
0.1318835758
0.1895405316
0.3086587517
0.1137317481
0.2524019185
0.1437352804
0.1463919367
0.3191881612
0.3121430141
0.2440139619
0.1828807620
0.2561335918
0.0542247268
0.2843830446
0.3874914968
0.3606664678
0.1029948976
0.3884490096
0.2070930229
0.2805164350
0.2131551994
0.1964274231
0.1449697847
0.2195984704
0.2618486149
0.4065682553
0.2419266675
0.1216002877
0.1765861809
0.3124048329
0.2599642973
0.3666833236
0.2933906326
0.3316404425
0.2526743779
0.2654110477
0.1578515430
0.2781858569
0.1210272037
0.2797821230
0.4171564078
0.3870341107
0.1915882280
0.3578454032
0.4854017469
0.2003812382
0.2759372776
0.1439286606
0.2959917835
0.1852411282
0.2561555732
0.3319831056
0.2254604241
0.2940364049
0.2516015153
0.2925332771
0.4015254378
0.2688400772
0.2201051475
0.2429642096
0.3011947242
0.3144717155
0.3117757396
0.2337240000
0.3385597622
0.4440315278
0.2844140629
0.3660645048
0.3270283146
0.2518069798
0.3060909169
0.4507161403
0.2970501492
0.3297200669
0.3897169177
0.3827664000
0.3225856690
0.2406504559
0.3062547124
0.4335834060
0.3698391015
0.4840244602
0.3858941210
0.5158797924
0.4195353934
0.3228690151
0.4295568739
0.3095113664
0.4161825084
0.2057422720
0.4428612299
0.4072887445
0.3534583522
0.4689358585
0.3237714537
0.4186731287
0.3559242300
0.5049288876
0.4156836564
0.3021968761
0.5263379605
0.3837661750
0.3648886244
0.4243469852
0.4115677270
0.4536102654
0.3915237519
0.3882496511
0.4360613791
0.3635274830
0.2432211025
0.4193517197
0.4186598526
0.4251677093
0.4600608714
0.5061958799
0.4327794363
0.4271502470
0.6111704236
0.5092995622
0.4958192636
0.4904549376
0.5081522594
0.5255268350
0.3573957916
0.4800736812
0.5363052956
0.3388992620
0.5587559124
0.6277649795
0.5250963437
0.3095541701
0.4054091300
0.5084452976
0.5690702779
0.6255860224
0.5165867246
0.5372600169
0.4203862538
0.3894148417
0.5211465716
0.5753858995
0.4917819924
0.6311895292
0.5752864914
0.3890711606
0.6329165838
0.5091420530
0.5211037485
0.5651869529
0.4853354048
0.5111641029
0.6433240110
0.5320919978
0.4087551685
0.5418589930
0.5352579434
0.5338067132
0.5920988738
0.5330156472
0.7311240652
0.5302758393
0.5370402741
0.3765200783
0.5153679769
0.4513244031
0.5434977005
0.5903856797
0.5675730773
0.4295151293
0.6502536719
0.5645840745
0.4645144849
0.7193880863
0.6103297060
0.6021611387
0.7248242379
0.5185812934
0.6061252637
0.5870097976
0.4780608234
0.6108442006
0.6121699982
0.6523334694
0.6614333603
0.5361168571
0.4714570518
0.5593770822
0.4825828998
0.4739875333
0.6923735700
0.4416097724
0.5196596570
0.4368938325
0.5690758278
0.6732995479
0.5763873583
0.6479367952
0.6503084098
0.5036676548
0.5541349773
0.6888894796
0.5766815369
0.5620901880
0.5443418017
0.7723784498
0.5866250133
0.5763358618
0.6349883530
0.6509918266
0.4625795724
0.6174444760
0.6358342122
0.6440697484
0.7826023146
0.4498599894
0.5750950148
0.7334404036
0.7804654117
0.5797138943
0.5122069431
0.6058595815
0.8782710003
0.6638254783
0.6416881843
0.7462158150
0.5430673979
0.7468393281
0.7396833221
0.6247296948
0.6745998843
0.6579707928
0.5776410179
0.7491345584
0.7786681240
0.7204641449
0.6345591076
0.5843900003
0.6785691515
0.5960560526
0.7816858217
0.7113447369
0.6990460694
0.7515114512
0.7832182063
0.6780813182
0.7521258062
0.6450692619
0.5415231146
0.7208985627
0.6158419159
0.6869283369
0.6064241207
0.7494145046
0.8163496731
0.7529749582
0.6719696077
0.6522130316
0.6357464468
0.8323054990
0.7605623666
0.8669522189
0.9424075951
0.7913524099
0.7606903374
0.6772439136
0.7106200325
0.6182141404
0.7201241445
0.8595086746
0.8429754577
0.8177280272
0.6866963173
0.6562626682
0.8261255571
0.7644231542
0.7415102449
0.7716818676
0.7878342619
0.8188440210
0.7089101002
0.8931084787
0.8413839096
0.8481705194
0.7298310564
0.8123535444
0.9306627337
0.7275475263
0.7354583640
0.8089921004
0.7853600344
0.6695529399
0.8016219405
0.8042577664
0.8253550920
0.7148163123
0.6766931724
0.8112480523
0.7774329084
0.7988856107
0.9716440046
0.7880934718
0.8511174126
0.9245277923
0.8271952287
0.9348585462
0.7794037207
0.9266285370
1.0249700973
0.7936929061
0.7927437152
0.8109628894
0.9043348658
0.8855957517
0.8071310172
0.8378006923
0.7865030822
0.9008043720
0.8343685617
0.8208091899
0.9340534915
0.8692547443
0.7970933564
0.9364144597
0.8385198630
0.8314722160
0.7674336070
0.9851782881
0.7756579918
0.9002917554
0.8642652722
0.8629923006
0.9243244729
0.9698356452
0.8706402305
1.0040895235
0.8257535713
0.8207766779
0.8937822887
0.7815846551
0.8819341584
0.7390681797
0.9454179456
0.9705570629
0.8289662931
0.8314612535
0.9880151476
0.8852615435
0.9545714779
0.9205142697
0.8195674186
0.8393132349
0.8319277267
0.8285022844
0.9541057658
0.9386391195
1.0131822214
0.8885330326
0.9012325139
1.0396274340
1.0678988245
0.9465186887
0.9018920628
0.8809889372
1.0301023995
0.9193471982
0.9510398755
0.9229641196
0.9173939146
0.8939901866
0.8909791364
1.0123064248
0.9915545749
0.9165343653
1.0655146925
0.8763586231
0.9273408547
0.8950036179
1.0464939887
0.9726960709
0.8928465638
0.9983734079
0.9435385939
1.0242744089
0.9850560816
1.0616431226
1.0994422773
1.0651013173
0.9995554898
1.0271970217
0.9192263143
1.0946354643
1.0527382306
1.0232630909
1.1175083166
