-1.1421387056
-1.0803478405
-0.9782156271
-1.0089238105
-0.9936775971
-1.0934302958
-1.1008831994
-0.9042221491
-1.0643310029
-0.9799470720
-0.9249958840
-0.8159119826
-0.8980810455
-1.0370956713
-1.0296151053
-0.8967508555
-0.9341233033
-0.8684752037
-1.0328596304
-0.9814992114
-0.8869130869
-0.9188655588
-1.0357995976
-0.7979697638
-0.9124189176
-0.8430250246
-1.0206292809
-0.9864524985
-0.9501543551
-0.9538921335
-0.9525273089
-0.8410398799
-0.9326894526
-1.0929001201
-0.7904619228
-0.8587482241
-0.9433711824
-1.1018341547
-0.8611831304
-0.9133748669
-0.6900743599
-0.8134221695
-0.8862423500
-0.9628403860
-0.7627898157
-0.8458534579
-0.9212791343
-0.8717915424
-1.0020177617
-0.9436174511
-0.9010663576
-1.0724672713
-0.8723718245
-0.8182071915
-0.8834152780
-0.7848377168
-0.8913400923
-0.9874918645
-0.8497935335
-0.8917437634
-0.9247928281
-0.8532396272
-1.0585151643
-0.9696233813
-0.8452532738
-0.8029133223
-0.7737643004
-0.7600472772
-0.8784026527
-0.9262739690
-0.8262208890
-0.9435718010
-0.7975327798
-0.9405111087
-0.9045716928
-0.9076933316
-0.7163401369
-0.7887130327
-0.8865920844
-0.9731982572
-0.7780991832
-0.9444030831
-1.0416096614
-0.8908613966
-0.8758431231
-0.7944445618
-0.6917395745
-0.9222210525
-0.8563361003
-0.7558019969
-0.8296235106
-0.8637783035
-0.7596563290
-0.8245355255
-0.7437370523
-0.7450703208
-0.8304847812
-0.8197590000
-0.6769071443
-0.8322345857
-0.7050208730
-0.7524981750
-0.7283488481
-0.7406445420
-0.7382563563
-0.8930877007
-0.7946213463
-0.7126102190
-0.7603531493
-0.7284288671
-0.9099937983
-0.6707409223
-0.7822720420
-0.7598610741
-0.6764545022
-0.7999417535
-0.7190642858
-0.6034366329
-0.8798082067
-0.7859140788
-0.7357454312
-0.8241016839
-0.9386909912
-0.7350364761
-0.8382471696
-0.7798143983
-0.6591024246
-0.7120485881
-0.8154498786
-0.7650871977
-0.8408624723
-0.8533454468
-0.7413537256
-0.7264691464
-0.6408074769
-0.7058068276
-0.6775900618
-0.8254591327
-0.5756595212
-0.7390913215
-0.7301134903
-0.7415984268
-0.7115732768
-0.7411688850
-0.6771356554
-0.8527027323
-0.5136567604
-0.6148498063
-0.7298968471
-0.8224706404
-0.7355261732
-0.6212431427
-0.6140982410
-0.5908825929
-0.5917630372
-0.5665481880
-0.6529904659
-0.8027569743
-0.5979544355
-0.7799376780
-0.6198389689
-0.8533652868
-0.7523608180
-0.8614636026
-0.7900856819
-0.5732729070
-0.7093315449
-0.7523055717
-0.6708392481
-0.6716280788
-0.7099115286
-0.5883203702
-0.5184618038
-0.5707828372
-0.6521361316
-0.6382352617
-0.6561037310
-0.8240362894
-0.5571797811
-0.5449211230
-0.7408403982
-0.7332124062
-0.7278047670
-0.5147224243
-0.6241047775
-0.6362231787
-0.6026161269
-0.5498870539
-0.7261909853
-0.6133462588
-0.5905049081
-0.6193467865
-0.6508158052
-0.6349708319
-0.5774957984
-0.6618898216
-0.6271738344
-0.7164119010
-0.7062982489
-0.6507464489
-0.6741020723
-0.6539406467
-0.7059648174
-0.4903801654
-0.3670524207
-0.5394450035
-0.5995634380
-0.5826904672
-0.5339046015
-0.6552276900
-0.5569259149
-0.4868361856
-0.5859488926
-0.6064557415
-0.6704385185
-0.3951951202
-0.5495599011
-0.4231371014
-0.6567894639
-0.5371933998
-0.4866859561
-0.6523273143
-0.4651853694
-0.5803507557
-0.5200174825
-0.5793521041
-0.5891743526
-0.4653072823
-0.5633188559
-0.5201547699
-0.5729998617
-0.3644823885
-0.6754603626
-0.6121427740
-0.6214153269
-0.5963871358
-0.3949124269
-0.4563790518
-0.5904791995
-0.6089562755
-0.5145085630
-0.5211566393
-0.5887288084
-0.5561967611
-0.5186940413
-0.5219083946
-0.4954800011
-0.4660445665
-0.4984433291
-0.5117948554
-0.6596068802
-0.5149312275
-0.5386465798
-0.5736586766
-0.5074748635
-0.5706635996
-0.5938148323
-0.4511179173
-0.6231240489
-0.4649124920
-0.3692328115
-0.5101860911
-0.5996177096
-0.5228811982
-0.4249397410
-0.6257631653
-0.5205555447
-0.5424211635
-0.4859972801
-0.4923471676
-0.4941888667
-0.4624096944
-0.4314391223
-0.3848798124
-0.5613462149
-0.3755592299
-0.3952839022
-0.4273281340
-0.4858805012
-0.2997003136
-0.5568655502
-0.4955337285
-0.3944691235
-0.3385799641
-0.3406923068
-0.6186094330
-0.4400021001
-0.5382038990
-0.5160029489
-0.4110696259
-0.3964943973
-0.4018593824
-0.3549299998
-0.4649125607
-0.4073037871
-0.5400797750
-0.4014634779
-0.3220019402
-0.3891991059
-0.3512087732
-0.4232006219
-0.4294205517
-0.3822621395
-0.3415912094
-0.4444946237
-0.4456978479
-0.3878970429
-0.3827415613
-0.5049712305
-0.2867817324
-0.4741102577
-0.3711445317
-0.5072411302
-0.4738624103
-0.3978969553
-0.2948749125
-0.3965769795
-0.2132883461
-0.4235437552
-0.4178464921
-0.2556606363
-0.2921532489
-0.3537056575
-0.2932284742
-0.3893591728
-0.2810112454
-0.5382439448
-0.4278421344
-0.3714548859
-0.2017626936
-0.2302361176
-0.2938174075
-0.2762372060
-0.4202260932
-0.4554602887
-0.1343376447
-0.2568438708
-0.4002627823
-0.2667190101
-0.3296408287
-0.3728209037
-0.4211324341
-0.4255219683
-0.2817567230
-0.3011709000
-0.3275533519
-0.4651941582
-0.3609644745
-0.3783448829
-0.1254243656
-0.2020327311
-0.3397302840
-0.2092493518
-0.4091362879
-0.2330242094
-0.3267489181
-0.3724032626
-0.1517520495
-0.2875280722
-0.3003423257
-0.3454199664
-0.2901063234
-0.3176733825
-0.3623563627
-0.2949574537
-0.3771887191
-0.2171732075
-0.3710020513
-0.3674822370
-0.4065708551
-0.2277303561
-0.3414844117
-0.2667864264
-0.2229717062
-0.2914020078
-0.1930385549
-0.2414495277
-0.2421156080
-0.2300830506
-0.2636036682
-0.2757620498
-0.1541534892
-0.2142724896
-0.2506756789
-0.2055364829
-0.0894419837
-0.2586101384
-0.3435194024
-0.2692600893
-0.2351814056
-0.2950477490
-0.2497216457
-0.1569505328
-0.1194689206
-0.3868406998
-0.2152558759
-0.2296636815
-0.0778881929
-0.0680143691
-0.1572999962
-0.3142531228
-0.3381872788
-0.2014024947
-0.3309947465
-0.2274620966
-0.2332912135
-0.1412707234
-0.2480672460
-0.0892680000
-0.1632525383
-0.2308594587
-0.0431698135
-0.1537416267
-0.1585713068
-0.1589067765
-0.2405471221
-0.1844377912
-0.0889831852
-0.1415221949
-0.2528214675
-0.2340704270
-0.1807091191
-0.1964421409
-0.2317065669
-0.1465189976
-0.1812151464
0.0279382905
-0.2645409571
-0.0676154164
-0.1741959247
-0.2096185708
0.0249203146
-0.0285735472
-0.0762827176
-0.0513201091
-0.0931626662
-0.1433498805
-0.1876539401
-0.2189265574
-0.0711679531
-0.1515523969
-0.1903988785
-0.0939767373
-0.1030813475
-0.0764535741
-0.1477653154
-0.0573064119
0.0255083309
-0.1644410377
-0.0988447131
-0.1594686122
-0.0067061956
-0.0569112432
-0.0424932982
-0.0226582736
-0.0348120761
-0.0669278273
-0.0743241769
-0.0374631028
-0.0316523275
-0.0338550559
-0.0031989994
-0.0088841005
-0.0540620298
-0.0244293944
0.0659894595
-0.1113963206
-0.1291926248
-0.1134360097
-0.1615745384
-0.0459203496
-0.0281481605
-0.0170016860
-0.1223554070
0.1442971834
-0.0040214022
0.0051168958
-0.0781241789
-0.0939297488
-0.2309041983
-0.0716926689
0.1125417379
-0.0233685195
0.0509610393
-0.1422859653
-0.0780106427
-0.0242050287
0.0080704858
-0.1267314243
-0.0505442934
-0.0374955416
-0.0194545627
-0.0207740602
0.0322003859
0.0253781923
-0.0295135466
0.0815293662
-0.0449594525
-0.0886324464
-0.1180910833
0.0939682327
0.0271764761
-0.0683347336
0.0043860096
-0.0719810541
0.0392167675
0.0134678949
-0.0258788824
0.0704116614
-0.0762827553
0.0198990475
-0.0183019421
0.0645885760
0.1581957521
-0.1173220048
0.1229054245
0.0736617644
0.0098385131
0.0090232002
0.2124245001
0.0903302940
0.0130363145
0.1305476245
0.0855877983
0.0511966780
0.1777663762
0.1173173218
-0.0737193501
0.1289057688
0.2149715848
-0.0457792016
0.0547735131
0.1787226211
0.0784713084
0.2549582573
0.1144169743
0.0019308718
0.0017695873
-0.0196949292
0.0121126844
-0.1276845072
0.0801594257
0.0608609588
0.0397914337
0.0031125836
0.0127642230
0.2567470562
-0.0243606675
0.1197093086
-0.1331639850
-0.0732116591
0.0192945330
0.1146817282
0.1183223433
-0.0222975775
0.1032328235
0.1972183156
0.2073090113
0.1334936947
0.1500019004
0.0940663616
0.1475104961
0.1492868359
0.1105452331
0.2253412019
0.1501000899
0.1281175846
0.2953899671
0.1519404291
0.2050231130
0.1416017221
0.0456981788
0.3513968724
0.0949003818
0.1237133522
0.1882457144
0.0969574497
0.1915329379
0.2088377630
0.1520010742
0.1849297251
0.1113492077
0.2131794070
0.2242558234
0.0365995061
0.0468995341
0.2018130438
0.1729720190
0.0834231707
0.2197750802
0.1575004330
0.1668957677
0.1936268507
0.2281195292
0.2680245866
0.1114093390
0.2812977774
0.1167604637
0.4236704474
0.1278947501
0.2801650667
0.2727782220
0.1756062262
0.2626691923
0.2435879320
0.1247946774
0.4224051365
0.2976076684
0.1997429712
0.3026568999
0.2086332703
0.2608426584
0.1509747826
0.2455140829
0.2864884969
0.3219865013
0.0185541167
0.1976595269
0.2024852904
0.1700960963
0.2143980461
0.2400895339
0.2405450867
0.2452096976
0.3002145305
0.4340169042
0.2538785566
0.2201560998
0.1281873886
0.2536927257
0.3453178812
0.2135354416
0.2024021142
0.2196640034
0.3449320628
0.3191818886
0.3855659275
0.4627459036
0.2496728647
0.3360100673
0.2875896513
0.4072585463
0.4335982269
0.2868464989
0.2498772507
0.3553060810
0.1390068773
0.3068674653
0.3369868166
0.3770942101
0.3084811048
0.1449086709
0.3048786496
0.2891066288
0.2747670985
0.1360887469
0.2806750505
0.2021499644
0.2812174345
0.1334759248
0.2518496870
0.2839575112
0.2705718881
0.4302171506
0.2443284624
0.3852281643
0.4387427713
0.3107597648
0.4023778420
0.3280685151
0.4589005203
0.3262757216
0.3771090330
0.3531984220
0.3135379376
0.4079516004
0.3413054091
0.4016808167
0.2719175527
0.4713033836
0.3260195928
0.2822619377
0.4198091448
0.3642526533
0.5331289789
0.4794433523
0.3146573128
0.2612405944
0.3510500166
0.4204362707
0.3363507608
0.3982837125
0.3537022100
0.4221316617
0.4119891278
0.2145267099
0.2157194639
0.3999891224
0.5177051991
0.4387725222
0.4871025706
0.3372117751
0.3506766381
0.4749651564
0.3499857246
0.3713921850
0.2491109640
0.3933771452
0.3794910033
0.4196892609
0.4590532192
0.3798399917
0.5553789218
0.4804733075
0.4635772791
0.3792121391
0.5054082237
0.2686472687
0.4449471990
0.4233607643
0.4762114766
0.5142738830
0.4337391307
0.4848557458
0.4234933007
0.3283877621
0.4264574236
0.4322846003
0.3481301405
0.5214267210
0.4173068664
0.6172075662
0.3917286565
0.5202710742
0.4146721644
0.4392215947
0.4063310815
0.4778181774
0.4892812329
0.4344963167
0.5856092354
0.2970140743
0.4772011865
0.4463062393
0.4948314073
0.4695584106
0.4386408258
0.4841781582
0.4888644594
0.4608970633
0.4524614531
0.5155066758
0.4391318887
0.4489836135
0.4899134634
0.3933092815
0.4198673534
0.4871965029
0.3383751085
0.6229299093
0.4552676874
0.5889617456
0.5241531979
0.5003344117
0.5396208563
0.4726897873
0.3956853767
0.6539748940
0.3955165655
0.4697300402
0.5172955743
0.5243848931
0.5445832729
0.5374011623
0.6610536613
0.4706693957
0.4871765150
0.5999348297
0.4675565303
0.5895560298
0.5936434507
0.6272426475
0.5080741025
0.3962436893
0.6858321028
0.5489162866
0.6202140584
0.6418894190
0.5505251440
0.6445548323
0.5078034531
0.6663121987
0.6061627619
0.5801189761
0.6974510554
0.4895750535
0.5662176034
0.4945979276
0.5087717575
0.6981701852
0.5985073110
0.6395781590
0.5927762050
0.6896002462
0.6391884734
0.5914251300
0.6029831331
0.6338268074
0.6369228278
0.6041090589
0.6619899844
0.7729690960
0.4855532409
0.6072414644
0.6853440025
0.7407394003
0.5319001497
0.7140848836
0.6108282111
0.6109220705
0.5630301901
0.6192910230
0.5885015202
0.7577005272
0.8639120040
0.5234628481
0.6258374878
0.5165748891
0.6732165356
0.7521008612
0.7172282849
0.6190076578
0.6808951993
0.6875617619
0.5888332200
0.7421680321
0.7151419425
0.6860029486
0.8021716700
0.7359808456
0.6304492970
0.6961365769
0.7577105156
0.6932716992
0.7126112433
0.5969247431
0.5795195155
0.6728355473
0.6702843001
0.8355293186
0.7570558434
0.8362411997
0.7068966530
0.6984332778
0.6087973007
0.5333448189
0.6654866582
0.7357850314
0.8238728551
0.7435483658
0.4998007604
0.6813120078
0.8346719777
0.7093639258
0.8266032739
0.7344798891
0.7647268173
0.9023642309
0.6355526664
0.6778882457
0.8378172209
0.6762229320
0.7535855689
0.7119473378
0.7255114260
0.6355477665
0.8256718355
0.6883076464
0.5881467084
0.6372616991
0.7074748698
0.7855747564
0.7109474145
0.7312084983
0.7494766043
0.7918964153
0.8725682676
0.7226195614
0.7888180790
0.8455226197
0.7060565084
0.7991501875
0.7991435457
0.8009684656
0.8841864705
0.8003714040
0.6920475420
0.7495713697
0.7386316487
0.6914176857
0.7938952686
0.6950247703
0.8237180639
0.8323680369
0.8153545549
0.8154415548
0.9471538021
0.8271002422
0.9827288912
0.8489464373
0.6540324480
0.7919991018
0.7624984795
0.8418055681
0.7807012181
0.8077666932
0.8383581134
0.8905815666
0.7361685048
0.8065130423
0.9512800226
0.8371745396
0.9590562101
0.8357877296
0.9130042408
0.9371205093
0.7111157076
0.7658031814
0.8276147292
0.9308441203
0.8516698429
0.9653636463
0.9842734407
0.8461979804
0.8218862020
0.7649543056
0.8711246550
1.0482996434
0.9939305923
0.9836747685
0.8367192391
0.8748751195
0.9785254455
0.9842092163
0.8341825427
0.9025702082
0.8454411569
0.8974166822
0.8513875745
0.8370818516
1.0069866680
0.8648117020
1.1915919495
0.9824563522
0.8369597802
0.9554256363
1.0581832794
1.0372632994
0.9263388408
0.9270029234
0.8504374129
0.9866205869
0.8802878347
0.8713025588
0.9933826258
0.8418192378
0.9121092501
0.7944929111
0.9736444481
0.9720718452
1.0688646787
1.0004229225
0.9020027297
0.9084943195
0.8271712445
0.9075138277
1.0896541798
0.9084783304
1.1039754367
1.0501937991
1.0603387842
1.0775959201
0.9841358633
0.9528166890
1.0174486445
1.0170530637
1.0558961703
0.9071365807
1.1142017341
0.9462679388
1.0161285411
1.0756893358
1.1514332235
1.0216929501
0.9508037435
1.0567053936
0.8986926374
1.0062404347
1.1285802389
1.1000151201
