-0.8712149160
-1.0207036112
-0.9979483873
-0.9459013435
-0.9701906945
-0.9297924728
-1.0247711783
-0.8992767485
-0.9617954363
-0.9982325452
-1.0446471887
-0.9908968788
-1.0694548142
-1.0122601500
-0.9783131631
-0.9710995647
-1.0163492693
-1.0213269499
-0.9035540565
-0.7219668152
-1.0038793566
-0.8793492276
-0.9396928433
-1.0153290568
-0.9314418263
-0.8946461193
-0.9827178476
-0.8071753583
-0.9815923589
-0.9003576058
-0.9639574354
-0.8563818900
-0.7870316829
-1.0676457902
-0.8691555041
-1.0296038148
-0.9182772476
-0.8027286001
-0.7452643229
-0.8029471617
-0.9074732496
-0.7673434085
-1.0596054565
-0.9125850108
-0.9567166578
-0.6822133267
-0.8389333536
-0.8709582901
-0.9485942812
-0.8081183947
-0.7955855574
-0.8870609516
-0.9569346105
-0.8488031102
-0.8825379273
-0.9933211326
-1.0670525059
-0.8344671681
-0.9402614553
-0.7735506627
-0.8377310476
-0.9751628615
-0.8293065254
-0.7835839917
-0.9401419598
-0.9230629277
-0.8436203851
-0.9187065036
-0.8952129117
-0.8411830302
-0.9318940941
-0.7498402010
-0.7045737037
-0.7655823072
-0.9642675552
-0.9624592379
-0.8240237099
-0.8657886673
-0.8510331391
-0.7849178370
-0.7875211352
-0.7455454301
-0.8069223926
-0.9895876791
-0.7084839558
-0.7343120077
-0.8036339073
-0.9458495072
-0.9592302031
-0.8072898448
-0.8376890900
-0.5356438072
-0.6602853829
-0.8618815914
-0.9136377290
-0.7577263327
-0.7943308252
-0.7978906880
-0.8142865649
-0.8294039698
-0.8673403630
-0.8327870372
-0.7278144606
-0.8613769863
-0.8415847450
-0.8064510735
-0.9284633398
-0.9887095030
-0.8799699720
-0.7281339283
-0.8002796663
-0.8560310005
-0.7706257324
-0.8292270649
-0.8260158968
-0.6924048992
-0.6862256222
-0.6351672324
-0.8296060076
-0.6054014741
-0.6041387385
-0.6899664934
-0.8128385923
-0.6778639824
-0.7268381875
-0.5608119135
-0.6036950210
-0.5967313510
-0.9244603840
-0.7084815019
-0.6867826512
-0.6943025039
-0.7250530527
-0.7435723001
-0.7153093062
-0.7893553677
-0.6165411852
-0.6944033424
-0.6973595195
-0.6561630455
-0.7752507975
-0.6784505596
-0.7157442705
-0.7854626045
-0.6341321015
-0.7758893192
-0.6893272793
-0.7284363289
-0.7769688581
-0.5238506506
-0.7148089344
-0.7851004798
-0.5539971802
-0.6611693411
-0.6436588133
-0.6714592693
-0.7129458071
-0.5787048471
-0.6902109559
-0.7830382190
-0.8085132268
-0.6002652190
-0.5493568140
-0.6764583197
-0.5958571887
-0.7407650400
-0.7368991217
-0.6901852676
-0.6191331815
-0.7897930667
-0.7412795702
-0.6512218132
-0.6794318962
-0.6403986704
-0.5926091046
-0.7002201034
-0.6248969623
-0.6270658015
-0.6815757414
-0.5908630068
-0.6296893231
-0.5351719432
-0.6997823548
-0.5683167405
-0.7048558851
-0.7310843535
-0.5225970505
-0.6324803344
-0.5775757599
-0.6958176782
-0.7054947252
-0.7059744189
-0.7187997747
-0.6815657210
-0.6627478221
-0.5728005119
-0.6291087325
-0.4569906015
-0.6129318042
-0.5920219396
-0.5280512155
-0.5290897509
-0.5009944528
-0.5096082105
-0.5981377564
-0.5521913331
-0.6898927697
-0.5189130703
-0.5427743578
-0.5430154714
-0.8056053475
-0.6592608358
-0.6096264209
-0.6149703422
-0.3734849499
-0.4505105634
-0.5437339104
-0.5281652797
-0.5565963780
-0.5956301079
-0.5984860514
-0.6210696371
-0.5006042349
-0.5399604590
-0.6002370166
-0.5061082003
-0.6323682843
-0.4749999522
-0.5645217825
-0.5222042315
-0.3158522754
-0.6107496257
-0.5990982835
-0.6092453471
-0.6343442884
-0.5156842018
-0.5024257386
-0.4976876531
-0.5427484964
-0.4920165290
-0.5572663464
-0.5935218256
-0.4519251892
-0.4945708101
-0.4880957114
-0.5227817738
-0.5342473914
-0.5152379613
-0.4684877377
-0.5249165507
-0.4506728492
-0.5403432683
-0.4469069604
-0.5143225791
-0.5541251527
-0.5140445025
-0.3110519072
-0.4524893152
-0.5810908076
-0.4226520314
-0.3715555594
-0.4691394150
-0.4585008764
-0.3841016200
-0.5329022575
-0.5900172582
-0.4801908414
-0.5028996511
-0.3831935672
-0.3788945159
-0.3751054055
-0.3791403145
-0.4302355722
-0.4295760221
-0.5550097101
-0.5245676610
-0.3804211927
-0.4537176448
-0.4154667678
-0.3754864764
-0.3230167152
-0.5545300819
-0.3595516733
-0.3491380189
-0.4758091156
-0.4031326237
-0.3940202450
-0.4150371465
-0.4542896663
-0.4169267496
-0.5091081635
-0.5105726463
-0.5323751238
-0.3789979854
-0.5581467148
-0.3174466826
-0.3454941215
-0.4433211877
-0.2783141432
-0.3732295060
-0.3596489809
-0.4134063478
-0.4563700939
-0.3203911692
-0.2567619657
-0.4566146444
-0.3566855839
-0.4284055637
-0.3674149522
-0.2995452183
-0.4835091702
-0.4153721160
-0.4655933486
-0.3535959119
-0.3717443667
-0.2816528000
-0.5416553701
-0.2639228824
-0.4095775699
-0.2520396974
-0.2829967088
-0.3405511877
-0.2514077427
-0.2956301578
-0.2993431861
-0.3898086865
-0.3886862380
-0.5270159978
-0.3383752776
-0.2921008991
-0.2652521273
-0.4466042169
-0.3482340912
-0.4198328050
-0.3495972608
-0.2438375101
-0.4222280260
-0.3263865501
-0.2377948148
-0.3371032131
-0.3374605389
-0.1721903616
-0.2230363834
-0.1221493980
-0.4295187213
-0.3837280277
-0.2851744853
-0.3182691452
-0.2782109340
-0.3026167770
-0.2799751119
-0.3766806026
-0.2172094740
-0.1828647730
-0.3772114308
-0.2106905428
-0.4377594591
-0.3319285696
-0.3737483795
-0.2922294306
-0.3093791893
-0.3076616124
-0.2212337760
-0.3722997453
-0.4773418652
-0.4303201613
-0.2536568530
-0.3308204419
-0.1196754327
-0.2935876270
-0.1757989385
-0.2206205323
-0.2147925620
-0.2508006267
-0.2879332727
-0.1836568737
-0.2555005976
-0.3332008570
-0.2064027807
-0.2220458804
-0.3566106377
-0.0938549054
-0.3264130066
-0.3838049217
-0.3123848031
-0.2668394030
-0.1335523236
-0.1282492909
-0.1357716861
-0.0003901224
-0.2825274884
-0.3488436934
-0.1694384417
-0.3114107226
-0.1740075446
-0.2260181703
-0.1907617781
-0.2515757734
-0.3051416166
-0.3406844755
-0.2677889209
-0.2071396562
-0.1041526617
-0.1845532920
-0.1070526696
-0.1274601300
-0.3099592447
-0.0092712337
-0.1972301991
-0.1454810338
-0.1960069273
-0.1339226577
-0.0701021523
-0.0679102678
-0.2584941832
-0.2459638582
-0.0944763892
-0.3094335482
-0.1851863977
-0.2070011578
-0.2843869237
-0.2009485110
-0.0920566849
-0.0948911121
-0.0138346169
-0.1902784901
-0.2139202441
-0.1137794766
-0.0901344111
-0.0807884176
-0.1581452882
-0.1639266654
-0.1025432358
-0.0803145596
-0.0317021958
-0.1472305163
-0.0571852431
-0.0355702889
-0.2852718072
-0.0903592317
-0.0426475914
-0.0937633597
-0.1096293560
-0.0157741699
-0.0316209909
-0.1284480875
-0.0868458882
-0.0682762335
-0.1227162644
-0.0138688368
-0.0486482495
-0.1518377199
-0.1724619079
0.0005165326
-0.1143292845
-0.0926597385
-0.1327854835
-0.0033273734
0.0204930388
-0.1360937860
-0.1112380155
-0.0781048858
-0.1144331827
-0.1619191526
-0.0704721618
-0.1579016475
-0.0085438860
-0.0228503367
-0.0691904827
-0.1175062708
-0.1800120958
-0.1655976275
-0.1193963810
-0.1335370038
-0.1186665206
-0.0436934168
-0.0030327099
0.1201909743
-0.0575680686
0.0176428427
0.2355484165
-0.0032270560
0.0012350043
0.0906389041
0.0334063872
-0.1660525248
-0.1657101753
-0.1270765115
-0.0338017700
0.0916326047
-0.0747070402
0.0783932185
0.0055822928
0.0168364362
0.0739752614
-0.0361026567
-0.0366564831
0.0196703307
-0.1423629850
-0.0639823564
-0.0940694042
0.0480433098
0.1376929918
-0.0386427339
-0.0826029429
0.0488976189
-0.0867940152
0.1022240663
-0.1526703460
0.0548967473
0.0212919046
0.2027113010
0.0106929177
0.0114033529
0.0195618534
0.1074009750
-0.0133522511
-0.1657256863
0.0977971362
-0.1297458697
-0.0557475049
-0.0078523501
0.1292970909
-0.2287059224
-0.1118279711
-0.0194665879
-0.1013376827
0.0891420539
-0.0766901057
0.0511219049
0.1087978578
-0.0637785217
-0.0267589244
-0.0766551204
0.0826405321
0.1197330799
0.0371272354
-0.0420795977
0.0059219433
0.0925024557
0.0999903833
0.0928633370
0.1017089437
0.3292037261
-0.1152090698
0.2474237601
0.1628404775
0.1537447305
0.0336396780
0.0727667380
0.1751275787
-0.0007340101
0.0696294589
-0.0344467427
0.1208173229
-0.0660205725
0.1373568226
0.1398059237
0.1029656586
0.0868625655
0.0477784138
0.1168202895
0.1539578847
0.1683668687
0.0689571056
0.1083825766
0.1558623931
0.0536317814
0.1641439667
0.1277953237
0.2731517761
0.0473623405
0.2031651785
0.1533762585
0.0234033964
0.1464487936
0.0326768783
0.1428935186
0.2000324256
0.2658854797
0.1367817402
0.1893051016
0.1820022293
0.2178173798
0.0824717928
0.1056874361
0.2529002066
0.1712206695
0.0798815522
0.1830261270
0.1973220459
0.3324850149
0.2754989871
0.1832849267
0.2386571065
0.0540783146
0.2223292546
0.2590875010
0.2550893186
0.1852872461
0.0527630908
0.2559734259
0.1748821910
0.2979669607
0.2650070522
0.1342406624
0.2021355970
0.3038605299
0.1133266427
0.2376918434
0.1283221285
0.1395395392
0.3019885064
0.3030624928
0.2645274914
0.1736456937
0.2583831617
0.0648725696
0.2954692264
0.3887668071
0.3766211700
0.1330346750
0.3906000667
0.2180741283
0.2625903550
0.2125931043
0.1933797631
0.1621181409
0.2467933006
0.2550209285
0.4246764276
0.2460351289
0.1460673053
0.1974138834
0.3228523665
0.2384784928
0.3482076570
0.2877237131
0.3357388836
0.2663688980
0.2582820084
0.1444775353
0.2393070134
0.1381131344
0.2957613793
0.4096049466
0.3743217723
0.1833694954
0.3743639913
0.4693783468
0.1837568152
0.2816333175
0.1517269919
0.2883723085
0.1870394791
0.2361853206
0.3226342248
0.2414265847
0.3095267006
0.2735976186
0.3050546720
0.3826748865
0.2695132308
0.2252973340
0.2543759398
0.3030835358
0.3280656167
0.3364726000
0.2390407511
0.3420773532
0.4299113506
0.2866422901
0.3621611226
0.3107391841
0.2455190924
0.2811929041
0.4561758887
0.3025633757
0.3220993125
0.3865710327
0.3849192184
0.3330612603
0.2730475628
0.3073263566
0.4245871932
0.3878112045
0.4769534117
0.3956754446
0.5063067066
0.4115207116
0.3290054808
0.4191523253
0.3010432325
0.4001598348
0.2257664659
0.4266963206
0.4184178462
0.3660296142
0.4824876462
0.3047389055
0.4340737336
0.3434774196
0.5214249133
0.3991399093
0.3038520081
0.5282212701
0.3952827186
0.3625839090
0.4227164796
0.4078804971
0.4388286376
0.3833990189
0.3692296186
0.4391337931
0.3678876396
0.2607047252
0.4587177669
0.4215365792
0.4407949819
0.4512597852
0.4996132990
0.4353318259
0.3817299713
0.5846715000
0.5030686147
0.5022538827
0.4844589773
0.5036005459
0.5199518178
0.3703063959
0.4815666046
0.5464401365
0.3658298321
0.5468430837
0.6005298276
0.5247270261
0.3221959939
0.3973603788
0.4902621723
0.5634726061
0.6206773170
0.5315101586
0.5135377223
0.4324883158
0.3894278108
0.5328660363
0.5690598434
0.4753077098
0.6223997181
0.5695385131
0.4207369238
0.6691542327
0.5352465862
0.5145754615
0.5622226587
0.4991844303
0.5285033813
0.6387231019
0.5568174744
0.4040181883
0.5443374546
0.5386639775
0.5264001388
0.5834744629
0.5465957936
0.7446144728
0.5154228343
0.5459496908
0.3645931536
0.5149129576
0.4768364441
0.5383114795
0.5763089854
0.5858004151
0.4181305556
0.6486444572
0.5780078181
0.4589601388
0.7320425727
0.5914811202
0.5982072803
0.7212778041
0.5052177340
0.5840559562
0.5844399581
0.4839298892
0.5757927536
0.5954051629
0.6366072614
0.6807416406
0.5296334900
0.4707881834
0.5631503445
0.4670875851
0.4545707719
0.6771173877
0.4507737632
0.5233744812
0.4579049896
0.5657525713
0.6484892334
0.5812842448
0.6542004499
0.6782475599
0.4926334506
0.5538206469
0.6556966914
0.5842319135
0.5628838116
0.5471886678
0.7554618192
0.5679172694
0.5650279961
0.6458639633
0.6643324410
0.4581464635
0.6237329407
0.6291988407
0.6762162293
0.8008821713
0.4667057815
0.6105394099
0.7123240546
0.7499218950
0.5814096158
0.5393748473
0.6104275724
0.8833682104
0.6521137782
0.6449074601
0.7632743017
0.5394042452
0.7417018553
0.7385279865
0.6344269119
0.6606268136
0.6675558711
0.5930633457
0.7163199561
0.7676575762
0.7455641203
0.6314806065
0.5875432745
0.6910594389
0.5855901429
0.7652988576
0.6987019890
0.7052368431
0.7492530556
0.8010241806
0.6881498343
0.7382384929
0.6493565855
0.5480513108
0.7209462178
0.6044513486
0.7044603013
0.6146446304
0.7384170675
0.8053066320
0.7418280622
0.6661789552
0.6515124848
0.6608657748
0.8097664148
0.7527614764
0.8442713066
0.9351566608
0.7949086136
0.7623245150
0.6542784251
0.6989686230
0.6503500439
0.7094241214
0.8494045508
0.8531003308
0.8406435376
0.6822967679
0.6275080315
0.8425752541
0.7883074226
0.7224367379
0.7681506608
0.7832360910
0.8166832839
0.7170715919
0.9206957381
0.8020343085
0.8443890059
0.7392504252
0.8105721427
0.9399923172
0.6888614814
0.7353531446
0.7939293673
0.7888351786
0.6779814908
0.7957772984
0.8028483170
0.8343674115
0.7070231904
0.6963900750
0.8120724155
0.7634012000
0.8131094598
0.9573643430
0.7891827887
0.8457376007
0.9183736262
0.8167503177
0.9179987700
0.7663082807
0.9133015529
1.0073229084
0.7935252121
0.7934379166
0.8126374418
0.8977268039
0.8823952784
0.8173145873
0.8369284621
0.7977592156
0.8802469268
0.8365022112
0.8402989739
0.9381021598
0.8746046643
0.7992942187
0.9450242704
0.8317955995
0.8296225322
0.7375404297
0.9859931470
0.7477242768
0.9141745950
0.8766957306
0.8529052079
0.9050467860
0.9450761907
0.8829608227
1.0164944090
0.8221582411
0.8192110312
0.9152975125
0.8202780850
0.9178702839
0.7130364284
0.9269514310
0.9820093421
0.8334566486
0.8077430405
0.9579764790
0.8789573297
0.9496920010
0.9150461360
0.8250384029
0.8416646772
0.8496048048
0.8350484844
0.9647279158
0.9421507496
1.0148299486
0.8805543196
0.8804542744
1.0323445263
1.0932837151
0.9625123506
0.9046917528
0.8672679115
1.0315979831
0.8995320824
0.9578861073
0.9087831444
0.8930910079
0.8978471965
0.8823575925
0.9967801619
1.0028254872
0.9286772921
1.0596702868
0.8808973232
0.9340288307
0.8758252642
1.0419554458
0.9500015441
0.9095552748
0.9991862731
0.9607780238
1.0166254505
1.0010081505
1.0667785234
1.0963915175
1.0784904547
0.9933871803
1.0354372997
0.8990680473
1.0721528069
1.0588181537
1.0246068576
1.1061330790
