-0.9685596304
-0.9336630081
-1.0119474360
-0.9703978888
-1.0429942329
-0.9078309323
-1.0508698299
-0.9993456905
-0.9106504244
-0.9117878397
-0.9485892274
-0.9072810675
-0.9886450958
-0.9809039409
-1.1050294073
-0.9393642997
-1.0149322920
-0.9174019533
-0.9605793388
-1.0824133097
-1.0514527695
-0.8509388572
-0.8459958564
-0.9048966935
-0.8771199070
-0.9431546167
-1.0085758835
-0.8713931855
-0.9513190388
-1.0319465489
-0.8789135408
-0.8503742637
-0.9222638164
-0.5936543909
-0.9465054711
-0.8287412360
-0.8157998329
-0.9647519293
-0.8754831320
-0.9409410221
-0.9426664966
-0.9666390747
-0.7786375397
-0.9300042527
-0.9836322917
-0.8805221414
-0.7890092617
-0.7482452902
-0.9309691769
-0.8892271407
-0.9763141820
-0.8705536248
-0.7568655958
-0.7958785621
-0.9585090823
-1.0068806725
-0.8043028063
-0.9316774774
-0.8422572646
-0.9524997620
-0.7671444844
-0.8901785856
-0.8607020703
-0.8293409480
-0.7592821034
-0.8288658872
-0.9508346052
-0.8684157827
-0.9268379723
-0.8379322082
-0.8368728337
-0.7865297631
-0.8587644845
-0.8675685445
-0.9955302618
-1.0526994515
-0.9334014337
-0.8834727021
-0.9813119189
-0.9897568979
-0.8736129564
-0.7540465856
-0.7443642792
-0.8377744739
-0.7083357225
-0.8157090802
-0.9255845979
-0.8742309842
-0.8075143562
-0.8235177170
-0.9148125155
-0.7706888891
-0.8287820357
-0.9031733432
-0.7747793082
-0.7287643975
-0.7896927794
-0.8258931265
-0.9074566034
-0.9170629545
-0.8957554959
-0.8486912393
-0.7648636058
-0.7083529958
-0.7696289155
-0.7190536047
-0.6495259167
-0.7674428614
-0.7648363883
-0.7953297388
-0.6851328485
-0.8094213989
-0.7917151542
-0.7117928256
-0.8761669551
-0.6502983484
-0.7649018157
-0.7850078033
-0.6159558033
-0.8529789682
-0.6873359326
-0.7028498789
-0.7044429054
-0.6906143979
-0.5802437519
-0.8558893868
-0.7244724149
-0.7482244942
-0.9377558390
-0.7813398937
-0.7294235132
-0.6437634852
-0.7922893931
-0.8276437079
-0.7765711364
-0.6422375007
-0.6582407718
-0.7886688660
-0.7968955896
-0.8574255057
-0.6716650168
-0.7619257840
-0.6126561943
-0.7785455216
-0.6072225354
-0.7074743233
-0.6293518846
-0.7124668268
-0.8808889936
-0.6270672542
-0.5011581320
-0.6867229802
-0.8607070409
-0.7809149057
-0.6811849502
-0.7368755343
-0.5721171917
-0.7808273687
-0.7262873059
-0.6063274924
-0.7504915211
-0.7457869617
-0.7578691969
-0.6396242051
-0.5491586439
-0.6362862398
-0.6087894694
-0.5903920779
-0.6401145614
-0.7006366521
-0.7395218153
-0.5971585426
-0.6153256658
-0.6648015447
-0.6291983167
-0.5827671192
-0.5432650123
-0.7008418199
-0.7033139094
-0.5885839226
-0.6930285026
-0.6203699713
-0.6401430667
-0.6742767115
-0.5536604780
-0.5591795152
-0.8222318020
-0.4952427660
-0.6725677495
-0.6178968785
-0.6094613967
-0.5144144854
-0.5844156113
-0.6350034094
-0.7273505863
-0.7479546474
-0.6497804822
-0.7496925378
-0.6301056102
-0.5568072425
-0.5639475909
-0.6930058561
-0.5422880092
-0.6037274664
-0.5404908571
-0.6531923219
-0.6016438193
-0.5849763237
-0.5929697442
-0.5175391874
-0.5579616571
-0.4805298892
-0.4584932805
-0.6307612607
-0.5533161849
-0.6096468318
-0.4430165099
-0.5616294123
-0.6242207498
-0.6331420093
-0.5750408842
-0.4312975090
-0.5771332360
-0.5528702094
-0.5570528350
-0.5372797893
-0.6067814008
-0.6169434703
-0.5056739219
-0.7098161509
-0.5041232535
-0.5449347487
-0.3973743288
-0.6388160178
-0.4869315281
-0.5976223014
-0.4414044253
-0.5550587222
-0.5053028134
-0.7307173729
-0.6498434309
-0.6303753107
-0.4870390270
-0.6396467619
-0.5815814482
-0.5643451300
-0.3873686820
-0.4784453779
-0.4022851513
-0.4819554714
-0.4274564683
-0.4824456275
-0.4644421397
-0.4902953812
-0.4105495041
-0.4911745461
-0.5872294364
-0.4722930332
-0.4231476370
-0.4514565177
-0.4635541317
-0.4939166868
-0.3171044821
-0.5420195603
-0.4774871736
-0.5002561894
-0.4809675416
-0.4700881395
-0.5310238340
-0.4938547378
-0.3287552812
-0.3851587295
-0.4736177331
-0.5417097441
-0.4940208049
-0.4949412354
-0.3695089386
-0.3060341185
-0.6013636090
-0.4195020612
-0.4402259107
-0.4596303847
-0.3937146068
-0.3992596381
-0.3760731305
-0.3587449597
-0.4222573412
-0.4867290539
-0.4876795967
-0.3671591654
-0.4513427022
-0.4100923439
-0.3165215206
-0.3510619071
-0.4916446644
-0.5171170729
-0.3725572642
-0.3011638472
-0.4063518084
-0.4852110000
-0.3861376841
-0.3590688958
-0.4092161062
-0.5464597153
-0.3600953963
-0.5922433762
-0.4302911166
-0.3314213395
-0.3469288525
-0.4053628132
-0.4875292087
-0.4851616475
-0.3132447708
-0.4597664782
-0.2362014497
-0.4457972833
-0.3471792645
-0.4179875734
-0.3677647109
-0.3484368724
-0.3031829238
-0.4156666056
-0.4477902386
-0.2170098388
-0.4280929029
-0.4089152753
-0.3999302863
-0.4118957217
-0.2413888838
-0.3018419066
-0.2052684175
-0.3059262535
-0.2493930243
-0.3311974672
-0.3598227394
-0.3246128810
-0.2139879491
-0.3240479464
-0.2982661570
-0.2930128496
-0.2803260406
-0.2320911949
-0.2745883254
-0.4297152778
-0.2924311363
-0.3327296932
-0.2529169736
-0.4123050583
-0.2370211865
-0.3737438188
-0.2709727004
-0.3967216918
-0.3547046161
-0.2911247413
-0.3978950398
-0.2948602433
-0.2611678425
-0.2909690991
-0.2566675487
-0.3617209198
-0.1977203895
-0.4072332071
-0.2710580435
-0.2389877753
-0.2385018988
-0.1664628387
-0.3793353356
-0.2653259185
-0.0843609256
-0.3514326295
-0.1894729046
-0.2578624041
-0.1048978471
-0.3148002331
-0.2352613933
-0.2132377728
-0.2988738589
-0.2625532135
-0.1459942129
-0.2944618438
-0.1387177246
-0.1658146500
-0.1719831262
-0.0953223661
-0.2424662958
-0.2297322970
-0.2384716712
-0.0722477990
-0.3069936684
-0.3025799015
-0.1202484461
-0.2490585658
-0.2810568702
-0.2578456017
-0.2677077384
-0.1811043548
-0.2707697873
-0.2522247438
-0.3009215053
-0.1766140437
-0.2511503019
-0.1926846175
-0.1878429765
-0.3510111376
-0.0805553541
-0.2031148505
-0.0574655508
-0.2807023573
-0.3498392900
-0.1701532009
-0.0666213270
-0.2264645898
-0.0955953021
-0.2090939451
-0.1161963001
-0.1729890486
-0.2631232657
-0.0120297445
-0.2168552148
-0.2655389794
-0.2786684386
-0.1979966021
-0.0848648233
-0.2895350771
-0.0891309475
-0.2647198335
-0.1738593835
-0.1494836258
-0.2103629011
0.0115783254
-0.2180061554
-0.2769122198
-0.1712539626
0.0123396191
-0.0294665418
-0.0620395447
-0.1693907624
-0.0853250351
-0.1291493327
-0.0561595550
-0.0537503879
-0.1754590956
-0.1916365990
-0.1921213329
-0.2003757376
-0.1063411510
-0.1439824669
-0.1017864465
-0.0194330517
-0.1698378316
-0.1562837359
-0.1669726943
-0.0179666481
-0.1164102800
-0.0831442123
0.0585821104
0.1286294239
-0.0041618435
-0.0622350483
-0.1000193063
-0.0161426435
-0.1308629859
-0.2146575344
-0.0440219601
-0.0650922913
-0.0176075166
-0.0339984189
0.0689895203
0.0035327135
0.0026105189
0.0384878415
0.0130058917
-0.1464117883
-0.0384037271
-0.0342951077
0.0142555296
-0.0600391779
0.0625760962
-0.0586917922
-0.1454815895
-0.0554682086
-0.1019819896
-0.0681828583
0.0678875411
-0.1537052560
0.0654939754
0.1103975230
-0.1079363228
0.0761050716
0.0300135353
0.0649464430
0.0934394359
-0.0320090781
0.0699944040
0.0716605565
0.0051547091
-0.0473780565
-0.0114686915
0.0196759747
0.0696313097
0.0058226406
0.0932812988
-0.2154617727
0.0602318886
0.1343131410
0.0195371856
0.1533858027
0.1181943783
-0.1270164872
0.0369427842
0.1451020687
0.1537948055
0.0628780027
-0.0056006071
0.0866808751
0.2297246041
-0.1223075841
-0.0039836252
0.0462927024
0.0198951545
0.1913929480
-0.0001170247
0.0594449656
-0.1386632856
0.1868829677
0.0200590850
0.0328435245
-0.0010580767
0.0061228271
0.0675076160
0.0694452276
0.1356776422
0.1419885952
0.1807590414
-0.0270129393
0.0541592150
0.0998924852
0.0256951799
0.1028265780
0.0527796461
0.0499692129
0.1066205946
0.0724458395
0.1576390556
-0.0049280534
0.0107531336
0.1688493978
0.0579029158
0.0738022163
0.1190885713
0.2346370055
0.1081873905
0.1966892209
0.0667508495
0.0687755590
0.1019182036
0.1350281443
0.2082990093
0.1444811505
0.1505220552
0.0916359112
0.2843689092
0.1212840833
-0.0016347103
0.1493146095
0.1462904241
0.0850500285
0.1693328452
0.1381331701
0.1541948520
0.0691955710
0.0664831690
0.1452780128
0.2812380037
0.0953409606
0.1513818208
0.1844660227
0.1466547726
0.2002253885
0.1191851095
0.1601323740
0.1915690712
0.0340066237
0.1293721825
0.1137526254
0.1287627787
0.1509390349
-0.0546100001
0.2358800739
0.2701103573
0.1045200210
0.2492631412
0.1295987899
0.1066090955
0.1043036134
0.3407511610
0.1926091644
0.2615281438
0.3135599975
0.2206167241
0.1629373191
0.2610622152
0.0209281907
0.3131072945
0.2202786908
0.2146812895
0.2794299824
0.3412177768
0.2922473683
0.2561281367
0.1672477373
0.1577076726
0.1028529387
0.2396866251
0.1980949253
0.2893907561
0.3302706918
0.3782430937
0.0984472036
0.0710594186
0.3119182555
0.2811626327
0.3287556054
0.1840626371
0.1545239850
0.3124763632
0.1876220071
0.2532068502
0.2721550704
0.2746378396
0.2009739339
0.2916284461
0.3418114002
0.3384381782
0.3610879683
0.2084069311
0.3164276284
0.2057827985
0.1934796377
0.1331062270
0.3267590901
0.1099860545
0.4101795849
0.1774338127
0.2865825128
0.4240592167
0.2312903741
0.3882671059
0.3968442247
0.4142579087
0.2587658520
0.1035406670
0.2761632664
0.1780421443
0.2595091414
0.2584952800
0.2845269419
0.2988392865
0.2704600689
0.4099193062
0.3898444373
0.3699806261
0.2630475789
0.4779758843
0.3061060578
0.4726387742
0.3524070725
0.2519813609
0.3935924740
0.3411436790
0.2947409438
0.4409765535
0.1895427271
0.2694380716
0.3516751596
0.4587942997
0.3030851606
0.3968682507
0.3583220392
0.2466407648
0.3267456058
0.4175644420
0.3062427100
0.3160215943
0.3943850278
0.5024939443
0.2269590230
0.1636603613
0.4075218579
0.4044817216
0.4394020637
0.2651475994
0.2691793948
0.3947195712
0.4202944862
0.3891394065
0.2764060983
0.4518352998
0.3495436481
0.3303210653
0.4442830836
0.4619684273
0.3576350567
0.3684462531
0.4161480342
0.2443874633
0.4464138602
0.4776375576
0.4559973001
0.3844192682
0.3919536026
0.4481792628
0.4751994755
0.4181568827
0.4169866654
0.5327085150
0.4501465707
0.3847504374
0.4781969782
0.4304898867
0.4011438970
0.5359817273
0.3838489007
0.4948527416
0.4791434219
0.3329767851
0.4675036893
0.4472329563
0.5115813356
0.4702857355
0.4686530580
0.4376930434
0.4244872320
0.4318977281
0.4648750957
0.4658766110
0.4834877378
0.3779956946
0.5244549274
0.4711686784
0.3236895887
0.3754822235
0.4487691943
0.3961380367
0.4243014495
0.5165224416
0.3548936005
0.4346423964
0.3789196254
0.5011494763
0.4562837930
0.5670606083
0.6113009844
0.4407882924
0.5587837438
0.5952567465
0.3706660244
0.4717483289
0.5610882912
0.6614341903
0.4407253759
0.6339218878
0.5931652164
0.4945367890
0.5516732112
0.5844037095
0.4728649621
0.4240278309
0.5291609516
0.4646906497
0.5048356085
0.4900686687
0.4992611332
0.6578318518
0.5334539454
0.5716560470
0.4574748253
0.6005126152
0.5221889754
0.5621438910
0.5147841597
0.6166763665
0.5658773060
0.5984464461
0.4245004135
0.6441600180
0.5380479755
0.4880351184
0.4399359389
0.7176448481
0.4366156230
0.5961151366
0.6016893889
0.6789214103
0.7435165450
0.5687514307
0.4801359995
0.6057616751
0.5417463918
0.5916374261
0.6043727715
0.5725626026
0.7896476663
0.6908892458
0.5683595277
0.6024571913
0.5703342349
0.6924299784
0.5891092002
0.7157334306
0.7668607466
0.6044214621
0.5908128939
0.5837039897
0.7367026328
0.7937676065
0.6319586434
0.6200731163
0.6603554573
0.5887560344
0.7698977149
0.6005397010
0.6419315155
0.6220448912
0.7843777900
0.7071524903
0.6654159069
0.6068271394
0.6360216355
0.7865537833
0.7093148486
0.6541581438
0.6755618769
0.5329419488
0.7162710732
0.6153427664
0.6367142175
0.7677619363
0.6007605720
0.6739542089
0.6900117052
0.7263641472
0.6595733760
0.8383798490
0.6408098665
0.7146400098
0.7260353788
0.5603662782
0.8054957076
0.7661740132
0.6027309607
0.6398342592
0.6122688247
0.6579590861
0.6306725429
0.6460455385
0.8169210272
0.7587499292
0.7000259925
0.7906646301
0.7477082944
0.7598034567
0.7577554111
0.7974537552
0.6822954529
0.7647038052
0.6242281487
0.8139375753
0.6868957335
0.6077219754
0.7726889197
0.6969279912
0.8575985244
0.7602939447
0.8252767820
0.7245035399
0.7139656905
1.0181907094
0.7050819810
0.8396678511
0.7473914522
0.8329533560
0.6968034460
0.7103750203
0.7727911329
0.8808780847
0.6372355227
0.6638752678
0.8370887009
0.8782769330
0.8352547153
0.7048113111
0.8644452677
0.7663240761
0.8395378454
0.7080374758
0.8514821757
0.8037013592
0.8756435943
0.8917224023
0.8009386397
0.7960287849
0.8384035274
0.7012996615
0.7927166778
0.8511014568
0.8149660915
0.8219422584
0.8003151118
0.7994631084
0.6915312168
0.7843306065
0.7840270956
0.9013752757
0.7916897202
0.8054117737
0.8843516379
0.8318119996
0.8704860941
0.7882656529
0.7055653407
0.7766474754
0.7194048800
0.8617592799
0.8520612282
0.8176454312
0.9512071134
0.7557944197
0.8490111492
0.7318838749
0.8781472455
0.8559054987
0.8855583692
0.7843831345
0.9333583247
0.8367039537
0.9548324535
0.9501339624
0.8094886405
0.8605649699
0.9419444052
1.0716548428
0.9265259690
0.8716614430
0.8605164299
0.9878369580
0.8140198240
0.8259249319
0.9443211781
0.9728321081
0.9266059463
0.9565476170
0.8305149650
0.9711630905
0.8653477082
0.7837290250
0.8199187707
0.9520213057
0.9600732308
0.8102526438
1.0713270438
0.7516731396
0.8588343491
1.0825909524
0.9683131383
1.0614680486
0.9954171084
1.0254951727
0.8352947296
0.9934011433
0.8874563225
1.1960350906
0.9000381267
0.8700975757
1.0825844239
1.0036050357
1.0044077186
1.0014667487
1.0577604960
0.9242554148
1.0075508746
1.0279387472
0.9512763159
0.8144779841
0.9315901077
0.8689194934
0.9022175925
0.9955775707
1.0909296744
0.9975678729
1.0023763798
1.0136632721
0.9901224595
0.8714688453
0.9223563518
0.9698753723
1.0161272921
1.0061871386
1.0918641641
0.9519089465
