-1.0174316290
-0.9917501811
-1.0153485033
-1.0449220292
-1.0158268582
-1.1384932688
-1.1095360799
-1.0000091999
-1.0320646073
-1.0610762892
-0.8983548638
-1.1175630502
-1.0525045375
-0.9635476190
-0.9462594324
-0.8857676360
-1.0690979378
-1.0504985089
-0.9951236795
-0.9432238420
-0.9757267617
-0.7808561706
-1.0536963216
-0.8981509113
-0.9263004342
-0.9248947650
-1.0367912204
-0.9874356592
-0.9768443618
-0.9862727578
-0.9022611499
-0.9070941986
-0.9576008103
-0.9170566928
-0.9815511491
-0.9174642452
-0.9780604485
-1.0916529204
-1.0661665188
-0.9932324195
-0.9243032998
-0.9006104913
-0.9280376996
-1.0231161950
-0.8361998937
-0.9251490338
-1.0410137628
-0.9631666153
-0.8173367513
-0.8345537562
-0.9547331269
-0.9135792999
-0.9982120505
-0.8751292055
-0.9029017753
-0.9206792595
-1.1271351874
-0.9474440693
-0.8852620593
-0.9071533753
-0.8477359330
-0.9361224241
-0.8241666810
-0.8949020471
-0.8889959718
-0.8457081694
-0.8835161086
-0.9024427706
-0.8653996738
-0.9512151218
-0.7668505052
-1.0803239299
-0.8651268140
-0.7822127613
-0.6877774636
-0.8560518524
-0.7072655973
-0.8104178937
-0.9189217770
-0.9352734301
-0.9582335444
-0.8888809127
-0.7554150062
-0.8219250640
-0.7625766985
-0.8572892202
-0.8145717573
-0.7299089684
-0.8544832966
-0.7277022006
-0.7853602480
-0.6807405770
-0.8040786185
-0.9615159551
-0.8385417273
-0.8451421877
-1.0321558034
-0.6809417898
-0.8290007489
-0.7044590197
-0.7870662245
-0.9223122096
-0.8165696432
-0.8662567223
-0.8032571355
-0.8031261104
-0.8067937931
-0.8947329625
-0.8532155293
-0.8891344838
-0.6962324555
-0.8637162275
-0.7716668234
-0.6639719204
-0.7296470429
-0.8614196505
-0.7988772838
-0.8609389830
-0.7285381805
-0.8237531835
-0.7483754652
-0.6682138823
-0.6961206354
-0.7728046803
-0.6892684082
-0.8070569089
-0.7472432811
-0.7008257874
-0.8464683414
-0.7191460303
-0.6980964470
-0.6300073604
-0.7297233161
-0.8631517549
-0.8837047469
-0.7003739007
-0.6768647040
-0.7437602957
-0.6381222153
-0.9272830575
-0.7859902068
-0.7363609736
-0.8022433588
-0.6102380146
-0.5878644297
-0.8022335024
-0.7025760305
-0.6540890707
-0.6937393305
-0.6384271591
-0.5716329895
-0.8633410618
-0.8963733609
-0.6649735220
-0.8755773834
-0.6999526985
-0.6527991214
-0.6557577401
-0.7195381554
-0.7756816530
-0.7598319790
-0.7747695172
-0.7711718674
-0.6897381831
-0.7245208243
-0.4837674720
-0.6865759028
-0.5330359404
-0.5623762319
-0.6735931836
-0.6873981834
-0.7230906037
-0.6101461034
-0.8312087084
-0.5664426508
-0.7830461461
-0.6731196686
-0.8784452737
-0.7038055274
-0.6564941112
-0.6326387670
-0.5712212006
-0.4898203526
-0.6366266786
-0.4393145538
-0.7291110553
-0.6232400965
-0.7086935002
-0.5415481838
-0.8617135484
-0.5986462984
-0.6915326420
-0.7035010346
-0.5885081250
-0.5841101594
-0.6038758244
-0.7780362968
-0.6249951010
-0.6563889066
-0.7122197132
-0.5318241297
-0.6592654699
-0.6430982597
-0.7169708212
-0.6177838375
-0.6619567065
-0.5345767929
-0.4840377366
-0.4277837552
-0.7299571817
-0.5966162451
-0.5270568915
-0.6676610356
-0.5739947425
-0.4659866783
-0.6492588560
-0.6212140969
-0.7075036400
-0.4996231037
-0.6172802383
-0.5772033910
-0.6170930316
-0.4438038191
-0.5545042297
-0.4258922215
-0.5128772445
-0.4788297857
-0.5398513819
-0.5853800128
-0.4889012844
-0.4423029262
-0.5732070535
-0.6321629625
-0.6206213871
-0.4960505882
-0.5370210999
-0.6563275792
-0.5356207273
-0.5560628258
-0.6111922512
-0.5857888441
-0.4649544963
-0.5662555927
-0.5096407625
-0.6651373894
-0.5406300293
-0.5441140337
-0.3887748944
-0.5123441289
-0.6414514768
-0.6177327044
-0.5605843711
-0.4627659374
-0.5649541007
-0.4393100757
-0.5117793872
-0.5931192199
-0.3801398885
-0.3997538526
-0.5971670425
-0.3611687768
-0.4505005372
-0.4654857659
-0.4445416270
-0.3419672362
-0.4819450235
-0.4913211105
-0.3072898511
-0.3175925141
-0.3335529730
-0.4775990757
-0.4385263270
-0.3979264484
-0.5056906956
-0.3827968631
-0.4828500711
-0.4162346425
-0.4117338847
-0.4178310822
-0.4431286870
-0.4357390704
-0.3348204932
-0.4365658089
-0.4630723747
-0.4046247424
-0.3006864580
-0.4084583549
-0.5281187621
-0.5203191715
-0.3540515175
-0.4325008944
-0.4113485686
-0.3258091273
-0.4908758821
-0.4135691990
-0.3804863605
-0.4734045771
-0.4923075613
-0.4142266141
-0.4076159540
-0.3950155527
-0.5468213181
-0.4061140544
-0.2547909895
-0.4934789635
-0.3508696290
-0.3343614269
-0.4086382895
-0.4281120499
-0.4505175223
-0.3480477384
-0.4124421742
-0.3729074575
-0.4036474709
-0.4433673474
-0.3505240417
-0.5211993593
-0.3977667285
-0.1592944373
-0.3651488663
-0.2241023642
-0.4111600960
-0.3933648159
-0.2802766281
-0.5213648102
-0.3275756178
-0.4251056879
-0.3490979688
-0.2728462946
-0.4697346662
-0.3312377209
-0.2309941000
-0.2209536406
-0.3871642423
-0.4186131299
-0.3674069341
-0.3643414176
-0.3346816834
-0.1623277968
-0.4106573533
-0.3422678326
-0.2056184397
-0.2980619859
-0.3396353538
-0.6051984217
-0.4101944320
-0.3656537885
-0.3017335130
-0.1650852374
-0.2544849948
-0.1299094383
-0.3654365477
-0.3551937297
-0.3341398218
-0.4293410749
-0.3850742185
-0.1753858809
-0.2676019617
-0.3918269997
-0.1624721265
-0.2579578895
-0.3443611254
-0.3965299599
-0.1027936927
-0.2373234922
-0.2587395199
-0.3004027254
-0.2801208515
-0.2156801235
-0.2842061494
-0.2938675999
-0.1847105192
-0.2960789150
-0.1780635013
-0.2202256358
-0.2852042160
-0.2629168103
-0.3395921959
-0.2598985476
-0.2572912568
-0.2600268553
-0.2930756277
-0.3344455226
-0.3122709278
-0.2287965784
-0.1956302337
-0.2077964043
-0.1734954779
-0.1779518960
-0.1571413858
-0.3093827020
-0.2181233364
-0.1404927184
-0.1946012167
-0.1895964002
-0.3132418627
-0.1996620903
-0.2368249772
-0.3471298498
-0.2648221190
-0.3201979936
-0.2691764633
-0.2503666669
-0.2335416274
-0.2572210521
-0.2018251911
-0.2417943275
-0.3155911760
-0.2116685592
-0.1864805748
-0.0660298685
-0.2767032078
-0.0894554587
-0.2729294536
-0.0526280191
-0.0916340883
-0.0353976955
-0.1463471873
0.0596535132
-0.2131595257
-0.1267813117
-0.2151109542
-0.0551179132
-0.1835958813
-0.1854370645
-0.1577129573
-0.0374617077
-0.1014339414
-0.0743942474
-0.2274685637
-0.0697258412
-0.2412964332
-0.1142276715
-0.1474137681
-0.2208285523
-0.1260559500
-0.1126050556
-0.0617155942
-0.1022852039
-0.2293752885
-0.1455202799
-0.0377832326
-0.1964912937
-0.0925885843
-0.1162271394
-0.3204704831
-0.1318272478
-0.1355623334
-0.1148209049
-0.0356325315
-0.2392615371
-0.0743961700
0.0092342371
-0.2068261553
-0.0894413506
-0.1290267641
-0.0358960261
0.0798057652
-0.0765233357
-0.0805640664
-0.1109153575
-0.0999368529
-0.1539108140
-0.0265747049
-0.0304556860
-0.1181626110
-0.2235684297
-0.0182825096
-0.2471654161
0.0106962794
-0.0272745798
-0.0888317249
-0.0098617619
0.0100110317
-0.2086368986
-0.1490670449
-0.0173103424
0.0151790521
0.0592578634
-0.1202024981
0.0763897673
-0.0661253838
-0.0395756864
-0.0564660880
0.0773427665
-0.0274991030
-0.0035930787
-0.0705994139
0.0876076697
0.0027767886
-0.0935944069
0.1072486435
0.0921309228
-0.0105041235
-0.1040894289
-0.0357936513
-0.0596854811
0.0334054869
0.0300794590
-0.0672022793
0.0259319954
0.1276225852
-0.0174553487
0.1164506978
-0.0501897991
0.0056290290
-0.1403220521
-0.0794304298
-0.0158478933
0.0117327637
-0.0728624506
-0.0177939163
0.0219149201
0.1850850871
0.0637856873
0.1642338916
0.0351691480
-0.0143805090
-0.0695229555
0.0668907336
0.0225130824
0.1328790778
0.2187225033
0.1374597346
-0.0369476184
-0.0458317256
-0.0104680154
-0.0593453819
-0.1139659987
-0.1346096983
0.1078112882
0.1511459668
-0.0311122086
0.1289053962
0.1035757562
0.0885746534
0.1932802669
0.1412606196
0.0598256226
0.0562674600
-0.0416801222
0.1376119460
-0.0173188366
-0.0187627130
0.0441466148
0.0933585301
0.1493474585
0.1743954410
0.1195452640
0.0761528152
0.0197898937
0.0410538628
0.0709341756
0.0098695689
0.0700576488
0.0824453053
0.2322139486
0.1670016929
0.1766710588
0.3614268499
0.1762548740
0.1177213593
0.1821203140
0.0581028284
-0.0121712150
0.1915239079
0.2231174092
0.0960774652
0.2278522312
0.1685207419
0.1127985743
0.1343756440
0.0374047229
0.2070498305
0.0760629863
0.2285413269
0.1379125001
0.2231639162
0.0497971637
0.2534818744
0.2212016149
-0.0617021187
0.1286615523
0.0016164551
0.1536363081
0.1301347163
0.2246412029
0.3682010231
0.1195304224
0.0866590265
0.1443646516
0.0407947884
0.0961621636
0.2184724396
0.2260508014
0.3143648001
0.1686494179
0.1538081404
0.3022001255
0.1667859309
0.1397203699
0.1246829807
0.2489611017
0.2887201627
0.3999103363
0.2245656082
0.2802885867
0.3562115778
0.0866657607
0.2059939662
0.1733313575
0.2663831321
0.2409667883
0.1339475346
0.0986300877
0.1099314918
0.1662800316
0.2446217855
0.2452438826
0.2967575657
0.1564098455
0.2052153151
0.2606243501
0.3145310071
0.1009493390
0.2224496682
0.1975897182
0.1781674086
0.1481990637
0.2343662949
0.1340105895
0.1121784809
0.3451972512
0.3523917771
0.2141548021
0.3572925384
0.2669265677
0.1722611645
0.2254239977
0.2958529031
0.3925533492
0.3207269850
0.5088062460
0.2887285311
0.3420844660
0.3460479803
0.2567726946
0.3835342368
0.3165015448
0.3992638617
0.4592101264
0.3286866565
0.1907207928
0.3470844751
0.3412640770
0.4399366451
0.3106396960
0.2685115751
0.4576194366
0.3330358704
0.3816038190
0.3624835920
0.2985937619
0.4923044356
0.3158717976
0.4053731792
0.3397734976
0.1467023147
0.3219749568
0.3068956060
0.3833497470
0.1459399562
0.4485951168
0.1529906471
0.4097990865
0.2794183738
0.2951673672
0.4873289572
0.3097906513
0.2203570143
0.3627599110
0.4303264063
0.4360193715
0.3781453268
0.4382976990
0.4673807081
0.3061673620
0.4094314154
0.3183138339
0.3780820631
0.3801531842
0.2981600852
0.4314416924
0.3880576115
0.2713172555
0.3551528374
0.3751912281
0.3771011767
0.4538354971
0.3279384678
0.3848388641
0.4084883530
0.4802243591
0.4591068347
0.4275501308
0.4646666212
0.4785370217
0.4834572114
0.3140558227
0.5139252996
0.5283599761
0.4896769511
0.4197256180
0.3316403572
0.4405924503
0.4927618008
0.3381433975
0.3977650545
0.4126033823
0.5694793782
0.5876587395
0.4172795646
0.4008977143
0.3661948876
0.4878439734
0.4662408785
0.5176717931
0.5230264237
0.5517585040
0.5441848629
0.4216995651
0.4706463645
0.5111436032
0.3799142289
0.4717044218
0.4987780660
0.5388861552
0.4647084486
0.2932484662
0.3592905019
0.6338932219
0.4381206253
0.5697165239
0.6266056365
0.3239090677
0.3772245260
0.5584209675
0.6741381979
0.4768855584
0.5034717066
0.3929427097
0.5624459310
0.4999930765
0.4476496144
0.4509823401
0.5462412380
0.2885977655
0.4106238653
0.5693798023
0.7501824131
0.5473478305
0.4720987164
0.5118292851
0.4974585492
0.6559892825
0.5787826579
0.4470865873
0.4439673913
0.5815512233
0.5275239664
0.5216807485
0.6129300904
0.5257288322
0.5864472839
0.7232048974
0.5978260943
0.5822521875
0.6182920665
0.5744080423
0.4367356684
0.5759151071
0.6810589201
0.6697123424
0.5168977004
0.5787868544
0.5138237589
0.5399617296
0.7606239252
0.5891441733
0.5974184254
0.7030887355
0.5435225392
0.4203212701
0.6662274435
0.6264383444
0.5771742016
0.5406002970
0.8561946835
0.7195007485
0.7206451120
0.6846708687
0.5621595223
0.6943821531
0.5422598373
0.6503938261
0.6194535770
0.6547128058
0.5642642592
0.6337702200
0.5830337093
0.6349612928
0.6256250251
0.6405940535
0.6730222227
0.6570911811
0.6900400285
0.7196498077
0.5363943647
0.5666362299
0.6303837353
0.6529307670
0.6177395046
0.6591401054
0.5930582022
0.7014378040
0.6165225580
0.6528239710
0.7533285013
0.5602778072
0.5982344975
0.7121073268
0.6035100223
0.5710491212
0.6328710567
0.5578881436
0.5387373412
0.6842695810
0.6677257261
0.8780194312
0.5904051757
0.5640281354
0.5922643813
0.6399133759
0.6620616071
0.6102520043
0.6998510300
0.6975550512
0.6742641969
0.6991933581
0.5978348584
0.7381676667
0.8788386038
0.7197002041
0.6288202397
0.7945888664
0.8599416197
0.7312469348
0.7145679331
0.8109243100
0.7055550439
0.7298123871
0.7917171565
0.7466540392
0.6242629903
0.8227507445
0.7746807252
0.8118214179
0.7372935362
0.6387089269
0.6525186104
0.5422847749
0.7864038166
0.6650602087
0.7601490934
0.8450676202
0.8420549645
0.8206568681
0.6188127016
0.7331087483
0.8429262571
0.8754023260
0.8096183348
0.6976144751
0.7387227672
0.8006546744
0.8490579881
0.6133488621
0.7839578057
0.8041994073
0.7789542325
0.7920425453
0.7060545773
0.7710986433
0.6949258733
0.7654100986
0.8605674934
0.8033377323
0.7128214412
0.8343356232
0.7977763300
0.8637225588
0.7391094358
0.9668729073
0.8659099034
0.8348531128
0.7699609523
0.7275435093
0.8137853128
0.8584941895
0.8701454448
0.6832223651
0.7240953438
0.7261504049
0.8198923278
0.7056703584
0.8172187097
0.8264634402
1.0100378452
0.8701395761
0.7846335305
0.8003023625
0.9642122898
0.8460991141
0.9214764915
0.8978144235
1.0250062023
0.7065070749
0.9379139926
0.7936541826
0.7974926197
0.9100153348
0.7750308150
0.7958773609
0.7906785364
0.9171134776
0.9907200403
0.8417566727
0.7917338498
0.8225750167
0.9836980821
0.9028614705
0.8522578665
0.9858303067
0.9188412385
0.8897006269
0.9329635505
0.7788324080
0.7891010535
0.8823770049
0.8016616888
0.7715385350
0.8138809834
0.6851260528
0.8923016543
0.9797838222
0.9717955505
0.9062560039
0.8751704373
0.9514197105
1.0595931517
0.8955407010
1.0322398030
0.9207975275
0.9309404097
0.9172640186
0.7133493733
0.9122180709
1.1192676489
0.7722330028
0.9603841740
0.9960801603
0.8057422187
1.0004109282
0.9337345984
1.0238657541
0.9627058744
0.9715780720
0.8923896751
0.9769567724
0.9338348647
1.0658312211
0.9542320486
0.9966545918
1.0232027719
0.9727791426
0.9167855401
0.8638186396
0.8727610992
0.8093536246
0.9382635984
1.0403758502
0.8881410963
0.9329594482
0.9888852413
0.9428327565
0.9260916051
1.0234213404
1.1065838496
1.0301864802
0.9653856623
