-1.0450201746
-0.8965888192
-0.8448103472
-0.9590056264
-0.9623002585
-0.9800961739
-1.0534801673
-1.1360019180
-0.9099571914
-1.1199657055
-0.9669785700
-0.7964713071
-1.0375683625
-1.1456229588
-0.9821990759
-0.7961397019
-1.1370724529
-1.0598893357
-0.9339362266
-1.0205574671
-0.8870498844
-0.9451881902
-0.9730574241
-0.9959409524
-1.0460082632
-0.7440456958
-1.0543772809
-0.8699445522
-0.9556967250
-1.0303175291
-0.9741095330
-1.1111122974
-0.7173764967
-1.0542689047
-0.9255452840
-1.0106023921
-1.0535854695
-0.8831003368
-0.9230783260
-0.9909065391
-0.8471896117
-0.9150949802
-0.9955301810
-0.8813626556
-0.9514534391
-0.9318118595
-0.9831239733
-0.8450171276
-0.9075140756
-0.8566382811
-0.6769670592
-0.8748090239
-0.9352808590
-0.9345073285
-0.9826322944
-1.0051374312
-0.9693293060
-0.8223968083
-1.0998251009
-1.0268381344
-0.8575512043
-0.9340942866
-0.7474097989
-0.9264303623
-0.8167050528
-0.7957666607
-0.7447651267
-0.9917238365
-0.9370908492
-0.7555957734
-0.8459858192
-0.9467039103
-0.9178027960
-0.9639720556
-0.9308639943
-0.8800246580
-0.8837578172
-0.8064615252
-0.8709098428
-0.8003526897
-0.8952123187
-0.9233471563
-1.0386362211
-0.8948563215
-0.9220722900
-0.7431223193
-0.6267373534
-0.8834119856
-0.7271255089
-0.6807546255
-0.9700864483
-0.7002854426
-0.9119876556
-0.7867266448
-0.9087855712
-0.8163210648
-0.8672076880
-0.7888787670
-0.7259015403
-0.7415645997
-0.7651994886
-0.6688749330
-0.8437940262
-0.7470829726
-0.7466840101
-0.7337486655
-0.5473192434
-0.8076861280
-0.7578516803
-0.8155121893
-0.8398900148
-0.7895760974
-0.7253641371
-0.7248872116
-0.8056511334
-0.7966149822
-0.7926214821
-0.5568429868
-0.7020719443
-0.7631459446
-0.7614041131
-0.6284334518
-0.7218516961
-0.6671772571
-0.7761521741
-0.7737866129
-0.6635967236
-0.7410206761
-0.6062315914
-0.5658140062
-0.8691451700
-0.7049535575
-0.7637438610
-0.7132605039
-0.8062557428
-0.5997491681
-0.5544597422
-0.7146625939
-0.9004959399
-0.8134585981
-0.7007876576
-0.6900367249
-0.7169492092
-0.6917203833
-0.7107646032
-0.7208390538
-0.7031086310
-0.5816709159
-0.7875390831
-0.7731885039
-0.7691202833
-0.6808499443
-0.7871094059
-0.6097445179
-0.7037369079
-0.8529795534
-0.7225309448
-0.7379471958
-0.6050603576
-0.6575186699
-0.5966958004
-0.5988399392
-0.7841600900
-0.7518027905
-0.8358809893
-0.7107307911
-0.6374813718
-0.6427343098
-0.7121429686
-0.6028420649
-0.6943734696
-0.6092967336
-0.5764570098
-0.6959133856
-0.6633726427
-0.7299769261
-0.5355333652
-0.7501146253
-0.7699251695
-0.5390409400
-0.7009062191
-0.6800768982
-0.6524530872
-0.6624490023
-0.5753899421
-0.6512791799
-0.5732867566
-0.5474579665
-0.6707629425
-0.7105689989
-0.6424067432
-0.5165923915
-0.6271729522
-0.5237488406
-0.6804109594
-0.5291361371
-0.5870581109
-0.6619795503
-0.6872828554
-0.5881356305
-0.6059300983
-0.6965549060
-0.6945459101
-0.6530314313
-0.5603139956
-0.5583755486
-0.7362267253
-0.6031488576
-0.6620094010
-0.6035494580
-0.6636903303
-0.7268788252
-0.6274688833
-0.5865961577
-0.6651155266
-0.7070891975
-0.4223758098
-0.5873002523
-0.4930005436
-0.6046314207
-0.4604101076
-0.6247698269
-0.6101636275
-0.5760964224
-0.5753521699
-0.6097772381
-0.5694010997
-0.3790892867
-0.6608749880
-0.4464995128
-0.5615280379
-0.6276405802
-0.6600499074
-0.5608047148
-0.4884065523
-0.5304380559
-0.5447854445
-0.4819030893
-0.4838770740
-0.5966358122
-0.4273913746
-0.7705720849
-0.3466847637
-0.5106416760
-0.4781335092
-0.5497256897
-0.4561367332
-0.5811243137
-0.5858468520
-0.3755057699
-0.5324221581
-0.5890598964
-0.4560716558
-0.6332800952
-0.3546213987
-0.4606029827
-0.5396357290
-0.5091986196
-0.3553439069
-0.3757015982
-0.3613816075
-0.5158586335
-0.4949720182
-0.4250599393
-0.5712927915
-0.3273612288
-0.2655140278
-0.4317040312
-0.4601518085
-0.5801678708
-0.2973689475
-0.5629331445
-0.4692663330
-0.3961004477
-0.4968729718
-0.3662475522
-0.5279626581
-0.4330358500
-0.5149650694
-0.6017787978
-0.4548342085
-0.3361814533
-0.4707486320
-0.4818824906
-0.3100346124
-0.3405477026
-0.2357736727
-0.4349148412
-0.5037235084
-0.4400283624
-0.3969382509
-0.4880470664
-0.4311102453
-0.3995329033
-0.2677893733
-0.4262467499
-0.4574101345
-0.4289867115
-0.3600714108
-0.5298671792
-0.2589676538
-0.3735209013
-0.3528100085
-0.2695417361
-0.4577595371
-0.3830186388
-0.4146431376
-0.4983587881
-0.3718955003
-0.0943786132
-0.3411824286
-0.3667800253
-0.3387328294
-0.3825016344
-0.4333667129
-0.4694812434
-0.2164654861
-0.3631469860
-0.3999409916
-0.3467407533
-0.3682421451
-0.3270682636
-0.3301273252
-0.2101527149
-0.3500546349
-0.5335920170
-0.2845449319
-0.5129974109
-0.2914523158
-0.4679060093
-0.4207700104
-0.3721211141
-0.4285224439
-0.4072356785
-0.2706919263
-0.2292139398
-0.3421155525
-0.4167325808
-0.2680546476
-0.3551231322
-0.2284332336
-0.2190192908
-0.4411747682
-0.3921361344
-0.4582036626
-0.3088542745
-0.4538034751
-0.2726946358
-0.3165772812
-0.1235060414
-0.3097927277
-0.2853889289
-0.2142499965
-0.3110844274
-0.4289099864
-0.2771014449
-0.1968104857
-0.3752857034
-0.2816559018
-0.4655833112
-0.2957914274
-0.2617226766
-0.1691193843
-0.4468661243
-0.3116486096
-0.1958324272
-0.3838017499
-0.3679323119
-0.2587114194
-0.2389378040
-0.3086526145
-0.3464902180
-0.1687466809
-0.1043606179
-0.4073706530
-0.1739907660
-0.3053580515
-0.2526005108
-0.1786316380
-0.2462605062
-0.1612360582
-0.2650440568
-0.2003905373
-0.3683689478
-0.1867686762
-0.4040293527
-0.2822247162
-0.4340095397
-0.2486653420
-0.1947869172
-0.0865834807
-0.2100092217
-0.3011353605
-0.2412802469
-0.2275276099
-0.1606761741
-0.0658977069
-0.2290161461
-0.2688017508
-0.2193636295
-0.2046909070
-0.1759381654
-0.2066173381
-0.2091558607
-0.2178823443
-0.1446663015
-0.2275080276
-0.2083106618
-0.1334341787
-0.1785741944
-0.2424414969
-0.1763759908
-0.2204003084
-0.1470253250
-0.2375165726
-0.0720797114
-0.1459307927
-0.1090500078
-0.0855073972
-0.2542103905
-0.1686935516
-0.0122829382
-0.0579085497
-0.2217626123
-0.0978359385
-0.1058769513
-0.1615725553
-0.2248096845
-0.1731357843
-0.1360235700
-0.2215297045
-0.0445163115
-0.0934885783
-0.0021068964
-0.0178078489
-0.1479484481
-0.0342145517
-0.0876618905
-0.0628439056
-0.1065379043
-0.0323867244
-0.1569217789
-0.1207432568
0.0079777636
-0.2347109253
-0.1224519484
-0.0487012342
-0.1440139128
-0.1339357646
-0.0972803404
-0.1594285488
-0.0317691675
-0.2477896321
-0.1630560949
-0.1233483952
-0.0349509498
-0.1218229878
-0.0950480077
-0.0509145709
-0.1688672240
-0.1130258296
-0.0772182395
-0.0848483798
-0.2041807778
-0.0495260996
-0.2040847222
-0.0916773171
-0.1033690839
-0.0763970330
0.0770142683
-0.1754328714
-0.0923452889
-0.0709792509
0.0116092980
-0.0366513380
-0.0490625226
-0.1571833199
-0.0189832421
-0.0271273865
-0.0650604127
0.0845297536
-0.0984521840
-0.0526371110
-0.0649152527
0.1148250704
-0.2855811343
-0.0718092266
-0.0734940560
-0.1084642229
-0.0312553590
-0.1357104130
-0.0103138707
0.0197877124
0.0500666461
0.0707063407
-0.0223030346
-0.1459581805
0.1394677866
-0.0367591221
0.0371984243
0.0565670788
-0.0364768003
0.0183624675
-0.0521063557
-0.0281852546
0.0803077411
-0.0175500444
-0.1477694373
0.1659934766
0.0232378718
0.1769216617
0.0585683793
0.0897314795
-0.0748741251
0.0572952208
-0.0021969225
-0.0065466559
0.0800701728
-0.0589084025
0.1283274188
0.0562106070
0.2267007271
0.2398028421
0.0929736042
0.1399203976
-0.0274479780
0.0565635492
-0.0419543668
-0.0282362963
0.1444882396
0.0098915430
0.0555703006
0.0078332562
-0.0273901798
0.0284307318
0.1006554985
-0.0314859716
0.0353033555
0.0683966693
0.1029370251
0.0406598639
0.0750341057
0.0866439496
0.1453434267
0.0299823201
0.0151084462
0.1030434595
-0.0150865660
-0.0199279990
0.1643383071
0.1512921259
0.1756734858
0.0964598354
0.0182653830
0.0283701926
0.1591156789
0.1937982660
0.0009527661
0.3813723889
-0.0383848237
0.1239587622
0.2510836028
0.0468245756
0.2404480425
0.2343528836
0.0808186658
0.1649565487
0.2525702758
0.1306024473
0.2265030182
0.1446267951
0.1411999679
0.1063741964
0.1299462951
0.2718775488
0.1664869298
0.2373862252
0.0684999875
0.1752978142
0.1132025239
0.2007259832
0.1096312646
0.2109002032
0.2068467325
0.0991388843
0.0622412498
0.1813645973
0.2658724890
0.1851435610
0.1358248770
0.2040538944
0.2769775443
0.0459131089
0.1086764693
0.2391242425
0.0779461600
0.1773641730
0.2873928911
0.1968100472
0.1565904861
0.2632815553
0.2508863511
0.1680268463
0.1334753646
0.0779978648
0.3777885464
0.1366567424
0.1620105050
0.2560075830
0.3443040529
0.3891886383
0.4083057887
0.1628279140
0.2241535436
0.0472696532
0.4222098403
0.1968701265
0.1922928393
0.2186913933
0.2174336895
0.2629590594
0.2056988859
0.2502677212
0.1906061915
0.2391206228
0.4104818536
0.1772254909
0.2147569677
0.1701646804
0.1918315824
0.3118581282
0.3639969958
0.2452268595
0.1727711444
0.3451171287
0.3457203280
0.1837803042
0.3399314840
0.2872801273
0.2214175509
0.3097929390
0.1542630618
0.3700988626
0.1419808564
0.1850004085
0.3778219470
0.3041143942
0.2819338696
0.2377877614
0.2745440726
0.4728979080
0.3719127131
0.4143243958
0.2998041614
0.2794464224
0.2928083606
0.2519620207
0.4077695301
0.3067857561
0.2115567190
0.2562389131
0.1854514623
0.4483336944
0.3726673570
0.3031644735
0.3184031173
0.3914292983
0.3272984753
0.2261231720
0.1474010722
0.1954476593
0.3670268530
0.4737650842
0.2829283550
0.3625348161
0.3527465959
0.3652817281
0.4446012900
0.5040189214
0.3896725988
0.3579780101
0.2539244014
0.4203594069
0.4965293861
0.4787152665
0.3482395051
0.4479715707
0.2964274933
0.3808400224
0.2372421301
0.2789366255
0.3626887899
0.3310635658
0.3903808822
0.2053535176
0.3683375293
0.3229688395
0.3900470878
0.3529258228
0.4035641982
0.4628687044
0.5358313265
0.4391856287
0.2736059738
0.3970758345
0.3560862080
0.5298535832
0.4120654668
0.4258459588
0.4568192348
0.4530662790
0.4799121892
0.4064416880
0.6056451559
0.4559198927
0.3547977080
0.2620590328
0.3916047630
0.3548543180
0.4499311918
0.4844492167
0.4949124872
0.4983794023
0.3300266168
0.4793347082
0.2710424171
0.3705213729
0.5608999632
0.5571851971
0.5953231331
0.3486177740
0.4543877668
0.3712829687
0.5685528183
0.3590374359
0.5462370373
0.3128967320
0.4814738161
0.3214279517
0.4127957750
0.4562890872
0.4779931468
0.3105521624
0.3849699219
0.4463701785
0.6209064892
0.5371343122
0.5959559013
0.5345691074
0.4444503464
0.6329511619
0.5584836542
0.4588096627
0.4927464238
0.3973964548
0.4461033325
0.4820441193
0.5201924711
0.5032636689
0.6581480745
0.4653268508
0.6028235290
0.5591344318
0.5341511968
0.4967515336
0.3431362563
0.3985926902
0.5649854791
0.4557082677
0.5248674624
0.3934406146
0.5409962036
0.4824307790
0.4918309122
0.6808311582
0.4942835322
0.5069184717
0.5325330358
0.6128575376
0.5275890855
0.6371472191
0.5184320100
0.6512915085
0.5489389081
0.5714465677
0.6393695756
0.5372825957
0.5550857693
0.5667661080
0.5477567097
0.4574899900
0.5179882076
0.5711332951
0.5966412891
0.5504318711
0.5764075655
0.6317170809
0.7209610791
0.6454387079
0.6871589950
0.5904152467
0.5398123835
0.6258570066
0.7230102476
0.6583024556
0.5732306325
0.7208963706
0.6302737432
0.6822810040
0.6586928312
0.6389980336
0.4885469290
0.6676954315
0.6768413008
0.8180373873
0.5354494622
0.6109827639
0.6775455097
0.6989951680
0.6737497778
0.5838947993
0.6736027719
0.7515993008
0.6289314525
0.6905537939
0.6670314183
0.5272055019
0.7107572633
0.6732384761
0.6782112033
0.6127691989
0.6389379599
0.6093857348
0.7663766083
0.7106077333
0.7531920827
0.7209616348
0.6211553960
0.6145196340
0.4937673423
0.7054659910
0.7084812194
0.8210119952
0.7418859160
0.6588644350
0.6433945170
0.7036271052
0.5853212510
0.5171183418
0.4830095513
0.7287338995
0.7207510803
0.6482997964
0.6273368010
0.4837598651
0.7368520264
0.9069290198
0.6985694656
0.8027965962
0.8052770559
0.7435138268
0.6585424544
0.7905171162
0.8357195099
0.6937764574
0.6130799253
0.7053913826
0.7005718882
0.7849920179
0.7320564085
0.7743398147
0.6894210047
0.6815004745
0.6977474897
0.6249367578
0.6455748965
0.8003387054
0.8114207237
0.6876940861
0.7231857257
0.6876941088
0.8101282953
0.7037412116
0.7987840848
0.7488976781
0.7060021836
0.6889308772
0.8422069146
0.7327580946
0.7827418403
0.8685929630
0.6102025976
0.8866293333
0.8240451707
0.8516455727
0.8545934424
0.7160608472
0.7050731724
0.8387537675
0.7368348964
0.7398552017
0.6916781106
0.7364932755
0.7586134773
0.7047714170
0.8752074699
0.8446690654
0.8427735058
0.7498851393
0.8660929056
0.9279010796
0.8773383040
0.8547642311
0.8792753889
0.9017913363
0.7249910987
0.9219861346
0.9326441409
0.7693311964
0.8496076348
0.8430235364
0.7737079079
1.0190291872
0.8802881255
0.7904619916
0.8514808647
0.7404950150
0.7460447939
0.8299543899
0.7790915616
0.7555666300
0.8541086726
0.8694483236
0.8828679491
0.8304623947
0.8737221422
0.9005381776
0.8834640946
0.9167823673
0.9860343093
0.8393169317
0.8971502619
0.8890120711
0.8190273188
0.9317874478
0.8218200833
1.0608134295
0.8348891805
0.8713872125
0.8422398732
0.9591211699
0.9294037510
0.9067583238
0.9526327273
0.8680122369
0.7889758953
0.8336387012
0.8488526414
0.6746184161
0.9246854798
1.1091802465
0.9762605730
0.9961220227
0.9141173061
0.8754433220
0.9357208600
0.9521873102
1.1346556047
0.8001609369
0.9541447150
1.0147289012
0.8954121349
0.8656915840
0.9309689369
0.8844665154
0.8953393663
0.9211353419
0.9091108559
0.8231908085
1.0036638698
1.0151264200
1.0542060824
1.0054267320
1.0140515058
0.8188459512
1.0149510170
1.0096837948
1.0481025525
1.0411304959
0.8952726599
0.8697558195
1.0767454394
1.1763339420
0.9426412855
0.8259767774
0.9279400873
0.9451474402
0.9368375701
1.0229186578
0.9465859919
