-1.0729521536
-0.8932267911
-0.8459867839
-0.9582781638
-0.9644786059
-0.9841726865
-1.0450736309
-1.1555079321
-0.9227684020
-1.1236294541
-0.9705103695
-0.8098218989
-1.0164123785
-1.1427685398
-0.9605492412
-0.8004414248
-1.1451619649
-1.0830498190
-0.9483109388
-1.0139724166
-0.8736540858
-0.9598617133
-0.9703982094
-0.9856492094
-1.0343018054
-0.7494897158
-1.0763636465
-0.8795679173
-0.9482698900
-1.0113492457
-0.9717719129
-1.1142290489
-0.7058782928
-1.0421103065
-0.9255558157
-1.0194779276
-1.0486534336
-0.8944477256
-0.9226853908
-1.0052622131
-0.8430870963
-0.8855587782
-1.0107925116
-0.8521848694
-0.9419761297
-0.9130183211
-0.9731685527
-0.8266640853
-0.9215602825
-0.8647797488
-0.6745240977
-0.8488035021
-0.9488448398
-0.9155628080
-0.9938516668
-0.9941461853
-0.9683592613
-0.8324034237
-1.0968848494
-1.0072036615
-0.8333741058
-0.9265977816
-0.7156298099
-0.9126749631
-0.8158463138
-0.8110814711
-0.7702481798
-0.9972380114
-0.9438766638
-0.7688889006
-0.8119378599
-0.9254985441
-0.8855260111
-0.9638655878
-0.9251663737
-0.8619070803
-0.8740837488
-0.8092032952
-0.8665701365
-0.7675583457
-0.9102233524
-0.8906645317
-1.0642569665
-0.8886993601
-0.9195006684
-0.7324280365
-0.6437209057
-0.9041824436
-0.6999744938
-0.6727572909
-0.9771193425
-0.6959726454
-0.8954144776
-0.8067420869
-0.9186974406
-0.8174603298
-0.8669644196
-0.7940944841
-0.7249627305
-0.7527420647
-0.7642437580
-0.6503613376
-0.8326200251
-0.7528554344
-0.7559665168
-0.7213046173
-0.5490559641
-0.7938416802
-0.7540589543
-0.8366141749
-0.8464482255
-0.7906773089
-0.7430065854
-0.7243320478
-0.8055890734
-0.8074961006
-0.7582099404
-0.5420176358
-0.7079808298
-0.7841237837
-0.7655246195
-0.6165572916
-0.7062513122
-0.6500456595
-0.7851052278
-0.7891376318
-0.6789517134
-0.7229402998
-0.6106127882
-0.5746396002
-0.8710345862
-0.6802840330
-0.7665136219
-0.7273380440
-0.8105142223
-0.6033639615
-0.5449126867
-0.7029944827
-0.8869761576
-0.8130618702
-0.6945118247
-0.6996752554
-0.7161468689
-0.6952993391
-0.7125221895
-0.7241930097
-0.7097649615
-0.6037332195
-0.7848636441
-0.7644298745
-0.7586935591
-0.6748688293
-0.7843750365
-0.6303512681
-0.7194685939
-0.8512857332
-0.7143994617
-0.7400829097
-0.6117041581
-0.6665390981
-0.6043475364
-0.5720883221
-0.8090495261
-0.7689652742
-0.8602033228
-0.7120979166
-0.6542027158
-0.6484785733
-0.6962480546
-0.5906914712
-0.6859429270
-0.6301864403
-0.5629457584
-0.6905092935
-0.6398583576
-0.7373254087
-0.5397029803
-0.7479406758
-0.7520036642
-0.5525793669
-0.7158009811
-0.6685537216
-0.6464000715
-0.6590641502
-0.5437418269
-0.6453427648
-0.5711632602
-0.5480564455
-0.6644160140
-0.7557565281
-0.6363245062
-0.4999983778
-0.6339516261
-0.5104862739
-0.6661407093
-0.5286013176
-0.5939557515
-0.6498337263
-0.6711934219
-0.6088768233
-0.5976046023
-0.6855564625
-0.7113542655
-0.6571311228
-0.5754327933
-0.5566534737
-0.7367717642
-0.5898061366
-0.6526023541
-0.6003810316
-0.6729469780
-0.7432813231
-0.6544648655
-0.6170243169
-0.6747756681
-0.7088019065
-0.4221974214
-0.5872523929
-0.4804785349
-0.5913882651
-0.4516541348
-0.6404797293
-0.6227057912
-0.5625823621
-0.5604872694
-0.6220124100
-0.5973055711
-0.3898896103
-0.6758243511
-0.4562643918
-0.5710750192
-0.6222015109
-0.6427170715
-0.5505853600
-0.4687224459
-0.5253484599
-0.5576801064
-0.4882933250
-0.4893550382
-0.5848122294
-0.4320591791
-0.7515559406
-0.3549075539
-0.5030047781
-0.4622562105
-0.5544893080
-0.4686113074
-0.5788976197
-0.5957714470
-0.3726660811
-0.5582059174
-0.6058785076
-0.4557215327
-0.6120536744
-0.3481898083
-0.4645879794
-0.5355934411
-0.5057801924
-0.3599901722
-0.3771793049
-0.3411344380
-0.5093620197
-0.5083449943
-0.4319978235
-0.5674396132
-0.3364484100
-0.2548509729
-0.4223338534
-0.4785969400
-0.5691921927
-0.3394716976
-0.5374084547
-0.4717891746
-0.3918132255
-0.4991103869
-0.3391338887
-0.5095730405
-0.4372664973
-0.4797841155
-0.5835569510
-0.4649658725
-0.3390905754
-0.4858212140
-0.4802343036
-0.2843955803
-0.3425273571
-0.2275561152
-0.4314308881
-0.5063217684
-0.4486085534
-0.4175939799
-0.4807446655
-0.4481531464
-0.3665989244
-0.2840200000
-0.4201652173
-0.4452685571
-0.4278646367
-0.3495435894
-0.5361623296
-0.2577176796
-0.3758314715
-0.3478581413
-0.2712173234
-0.4673476839
-0.3942684960
-0.3960191488
-0.4872559966
-0.3537919801
-0.0891431502
-0.3683744118
-0.3736109807
-0.3460418960
-0.4271599677
-0.4661554658
-0.4617528377
-0.2109172273
-0.3586705770
-0.3912561720
-0.3528768570
-0.3587122180
-0.3347743699
-0.3466039802
-0.2015485529
-0.3321034971
-0.5369563616
-0.2848321302
-0.4983443969
-0.3003840114
-0.4770034350
-0.4489048815
-0.3640155750
-0.4222777832
-0.3925902905
-0.2715501165
-0.2116842778
-0.3250527674
-0.4104927753
-0.2775305140
-0.3495373568
-0.2355280996
-0.2197268064
-0.4321922882
-0.3917496158
-0.4439148553
-0.2941068135
-0.4370378784
-0.2820756939
-0.3173007942
-0.1192862738
-0.3261862486
-0.2799410162
-0.2063975845
-0.2919195726
-0.4298074114
-0.2807969648
-0.2177617855
-0.3669316265
-0.2648870464
-0.4464494185
-0.2721888360
-0.2345816406
-0.1759540010
-0.4426564587
-0.2762983666
-0.1938831988
-0.4039597292
-0.3698253900
-0.2821166080
-0.2244016384
-0.3052998001
-0.3197506565
-0.1730614977
-0.1024664228
-0.4156620214
-0.1950245616
-0.3049214287
-0.2643562570
-0.1860572102
-0.2685205815
-0.1666884195
-0.2566309067
-0.1979008973
-0.3844001384
-0.1814029035
-0.4215280157
-0.3135844416
-0.4744357387
-0.2439942067
-0.2221467264
-0.0807198207
-0.1964912489
-0.2938739927
-0.2328872132
-0.2396450378
-0.1473345085
-0.0575636473
-0.2247548674
-0.2637128566
-0.2106739174
-0.1933728123
-0.1709285944
-0.2118955058
-0.2185218727
-0.2302086427
-0.1476913460
-0.2348738281
-0.2243594657
-0.1242150683
-0.1833334929
-0.2473659583
-0.1640766229
-0.2240522254
-0.1286450163
-0.2485944976
-0.0748959857
-0.1641319558
-0.1294368192
-0.1091700847
-0.2652422737
-0.1631289365
-0.0025575646
-0.0421460877
-0.2208586510
-0.1080829748
-0.1035412073
-0.1727135863
-0.2008222595
-0.1639776740
-0.1450251031
-0.2232435940
-0.0462324129
-0.0840381418
0.0091396596
-0.0269508650
-0.1341994306
-0.0272607179
-0.0945405564
-0.0712514603
-0.0831384403
-0.0425033425
-0.1374989014
-0.1189905145
0.0170825346
-0.2683588487
-0.1189769228
-0.0688193622
-0.1287367802
-0.1244930264
-0.0831151259
-0.1776170711
-0.0289645921
-0.2479607798
-0.1409175139
-0.1205835651
-0.0376268456
-0.1264553099
-0.1001222521
-0.0605706345
-0.1510532449
-0.1350657280
-0.0818032865
-0.0936146704
-0.2043759656
-0.0423854222
-0.2143545745
-0.0768305294
-0.0973306427
-0.0691638855
0.0697688126
-0.1733799029
-0.0717569868
-0.0669431364
0.0269125999
-0.0281956061
-0.0446926233
-0.1647797271
-0.0123424767
-0.0372390891
-0.0817356953
0.0750830806
-0.0999907046
-0.0646252872
-0.0789936827
0.0983138622
-0.2913257365
-0.0793344513
-0.0688432395
-0.1050159609
-0.0623153453
-0.1333863433
-0.0133157302
0.0290739064
0.0350953381
0.0702525246
-0.0321257996
-0.1235624966
0.1302996337
-0.0273311439
0.0551085499
0.0703765981
-0.0438566854
0.0157370579
-0.0392448724
-0.0198808008
0.0853394477
-0.0276194979
-0.1734241678
0.1769141525
0.0239964798
0.1719861829
0.0680946338
0.0840159255
-0.0734538798
0.0562672200
0.0165207391
-0.0214230852
0.0899671633
-0.0331800891
0.1533849435
0.0415567678
0.1974099995
0.2326078571
0.0931247080
0.1529156161
-0.0322168510
0.0487607909
-0.0372421513
-0.0597781378
0.1526900312
0.0221012660
0.0608114356
-0.0095169123
-0.0395579680
0.0261965115
0.1011242831
-0.0317836458
0.0409073860
0.0721950154
0.1096348384
0.0442228867
0.0817782399
0.1033811741
0.1326219973
0.0167556683
0.0414909987
0.1014427351
-0.0197530088
-0.0234490033
0.1864989241
0.1440271857
0.1931744289
0.0823021687
0.0216255803
0.0445448207
0.1531501632
0.1845602579
-0.0106266740
0.3786874339
-0.0148178002
0.1203249749
0.2540606569
0.0399179332
0.2413866178
0.2258531713
0.0701557883
0.1579908018
0.2361091922
0.1635930705
0.2391788816
0.1387794791
0.1424507946
0.0971508289
0.1268151362
0.2749179225
0.1566350869
0.2325679628
0.0612043523
0.1715280459
0.1151940009
0.1804068705
0.0665276496
0.1919560125
0.2103280165
0.1157087017
0.0593760223
0.2082264666
0.2926447762
0.1984727413
0.1270641535
0.2057826277
0.2752678723
0.0582140873
0.1017141210
0.2321808733
0.0931920021
0.1846286611
0.3106710545
0.1887689703
0.1635154359
0.2515271325
0.2186012860
0.1532907656
0.1207450396
0.0775967178
0.3644929558
0.1524568169
0.1800794657
0.2562569184
0.3371281181
0.3639655693
0.4136835103
0.1676681440
0.2246731253
0.0781192924
0.4126757178
0.1965467366
0.1995260801
0.2015469545
0.2151914817
0.2739617645
0.2199402029
0.2363801000
0.2323614036
0.2505154823
0.4185695723
0.1783758590
0.2288746640
0.1625735399
0.1877291367
0.2947338208
0.3279890635
0.2390941251
0.1524225054
0.3512710853
0.3484939675
0.2035560057
0.3331136441
0.2817754102
0.2181754363
0.3443403042
0.1543763227
0.3502398135
0.1480709762
0.1857103414
0.3633079426
0.3065450927
0.2624225218
0.2359020795
0.2727230598
0.4812868087
0.3745861319
0.4469176548
0.2917092004
0.3047727415
0.3141261852
0.2457716134
0.4144369567
0.3197100187
0.2220340620
0.2590302857
0.1850529876
0.4384455346
0.3612050736
0.3077738145
0.3293406462
0.3830278225
0.3299956297
0.2305527576
0.1408022175
0.1604182353
0.3492617458
0.4578613251
0.2768848839
0.3453955487
0.3436215714
0.3767304258
0.4039566407
0.4823898821
0.3760855567
0.3370636661
0.2349848478
0.4215633731
0.4837968330
0.4745557811
0.3048100907
0.4512462919
0.2959309792
0.3742695760
0.2284537643
0.2777468136
0.3402717079
0.3253505584
0.3855981345
0.2276210844
0.3877129228
0.3379410262
0.3984795728
0.3498861478
0.4344003222
0.4383640281
0.5207181085
0.4340407742
0.2584166643
0.3807394070
0.3470601092
0.5282111834
0.3973902999
0.4063319401
0.4451623477
0.4328549230
0.5012960642
0.4009620319
0.5988303548
0.4750786185
0.3525092828
0.2726515483
0.3866886486
0.3795063682
0.4534297690
0.5061079066
0.4734688149
0.4887027625
0.3386760129
0.4722928965
0.2709706686
0.3907864757
0.5592442386
0.5543963877
0.5917093241
0.3270395459
0.4296101609
0.3682509913
0.5523521433
0.3704315711
0.5380464633
0.3227604287
0.4403199639
0.3051254740
0.4105086841
0.4600974698
0.4881785687
0.2873890881
0.3925940714
0.4618633110
0.6165377697
0.5583194398
0.5997683753
0.5238930919
0.4306645297
0.6283277759
0.5340366435
0.4404098389
0.4879846956
0.3939655001
0.4377749893
0.4639383369
0.5422854742
0.5054518573
0.6825751034
0.4723193880
0.5957695468
0.5519188021
0.5271270011
0.5180464422
0.3617230146
0.4123754505
0.5629529908
0.4638797238
0.5157246158
0.4097499795
0.5483339000
0.4689644371
0.4965258403
0.6988693544
0.4989406125
0.5007648559
0.5476489003
0.6060043497
0.5317521443
0.6546074066
0.5378984302
0.6534649421
0.5337729483
0.5622203967
0.6411783634
0.5377639281
0.5607583108
0.5660887055
0.5528355274
0.4242521201
0.5504643947
0.5637527281
0.6076572957
0.5666771848
0.5504979406
0.6381741137
0.7286647411
0.6640097969
0.6673710468
0.6108922261
0.5566218634
0.6012039875
0.7342528553
0.6457388070
0.5591379121
0.7277751177
0.6061400448
0.6911566978
0.6246264724
0.6540260347
0.4780852982
0.6533287996
0.6661002868
0.8049796726
0.5416538728
0.6246979867
0.6715254793
0.7262561404
0.6564566801
0.5993778016
0.6685036328
0.7662490059
0.6266219459
0.6811315631
0.6805580017
0.5336482040
0.7083841439
0.6667044326
0.6774688786
0.6066688786
0.6217375600
0.6340795147
0.7577009844
0.6844341672
0.7706307634
0.7526093480
0.6374312396
0.6157686512
0.5217654748
0.7141293226
0.7310763448
0.8159109447
0.7285463974
0.6634923030
0.6467200944
0.7111919421
0.5746050935
0.4998908526
0.4658712890
0.7446092656
0.7167395609
0.6360034976
0.6205241229
0.4907123777
0.7114595516
0.9203709797
0.7064143660
0.7772344128
0.8198470188
0.7440224935
0.6672279348
0.8068523604
0.8482362403
0.7057894526
0.6239686715
0.7062945811
0.7048875212
0.7784693824
0.7297794701
0.8075184614
0.6933091058
0.7175012983
0.7057520805
0.6537150653
0.6445077321
0.7974702399
0.7999620262
0.6902050783
0.7000566020
0.6910742107
0.8091019628
0.6735086306
0.8134037890
0.7536884018
0.6950154078
0.6898176589
0.8365822361
0.7355805052
0.8039826510
0.8625568171
0.5972795093
0.8677987542
0.8369758660
0.8618572023
0.8396109117
0.7049134036
0.7091219567
0.8591263218
0.7668462837
0.7718882105
0.6966145468
0.7227545480
0.7517467553
0.7069160563
0.8768248859
0.8304180698
0.8201233757
0.7596585046
0.8679177079
0.9436256556
0.8842855138
0.8553269843
0.8903679228
0.8845817669
0.7398668913
0.9198072996
0.9330280509
0.7833435967
0.8383998929
0.8582865537
0.7612952043
1.0157955122
0.8775750891
0.7757519701
0.8515798137
0.7379394400
0.7591590419
0.8321648343
0.8029368774
0.7696599709
0.8469630275
0.8562622221
0.9062971176
0.8123637045
0.8786211179
0.9040777485
0.8987571812
0.9224821855
1.0134071974
0.8394846436
0.8880246121
0.8722107872
0.8180495659
0.9534385775
0.8244769910
1.0565819973
0.8493616129
0.8717428593
0.8598723329
0.9448320336
0.9256987786
0.9158784398
0.9540965376
0.8551642114
0.7993064904
0.8324954230
0.8599926185
0.6787998724
0.9321896844
1.1210442743
0.9703069816
0.9801495226
0.9059130507
0.8749546598
0.9547403188
0.9840827011
1.1525732680
0.7952956951
0.9666845972
0.9971568282
0.8872016906
0.8975090893
0.9348047802
0.9127232567
0.8936794023
0.9240533450
0.9268812240
0.8026684084
0.9759988083
1.0106137768
1.0426180008
0.9909873039
1.0238316329
0.8476802137
0.9997300088
1.0045603679
1.0536416515
1.0164533156
0.9217680702
0.8660634670
1.0791495854
1.2103806580
0.9610827686
0.8467097812
0.9490726214
0.9710097778
0.9271919009
1.0061244416
0.9415768545
