-0.8842468517
-0.9972059355
-0.9893588146
-0.9175380562
-0.9514229316
-0.9525654796
-1.0158449705
-0.9125525028
-0.9798793496
-1.0136517161
-1.0356559549
-1.0071438419
-1.0767405472
-1.0077971291
-0.9627375704
-0.9641626568
-1.0272354078
-1.0478582640
-0.9001121331
-0.7566927486
-1.0140680330
-0.8868849563
-0.9187690907
-1.0021071854
-0.9391876550
-0.8792643632
-0.9807598391
-0.7958519947
-1.0016645279
-0.9054522145
-0.9926531978
-0.8692802812
-0.7835397422
-1.0441367132
-0.8681702787
-1.0225933874
-0.9318271470
-0.8036769305
-0.7666219544
-0.8058626892
-0.9022070270
-0.7640339322
-1.0253295292
-0.9386430899
-0.9385519513
-0.6929092463
-0.8297937931
-0.8836534868
-0.9407827340
-0.8052792962
-0.8163673672
-0.9128463975
-0.9457343090
-0.8495457346
-0.8749524764
-0.9679593348
-1.0526530118
-0.8014107254
-0.9582430096
-0.7802224215
-0.8517142632
-0.9746979255
-0.8330172129
-0.8149115222
-0.9528843632
-0.9257290291
-0.8796772551
-0.8955618149
-0.9108189954
-0.8268109631
-0.9407416429
-0.7676548524
-0.7077198396
-0.7595392750
-0.9675084470
-0.9406125222
-0.8132238892
-0.8678126652
-0.8390285393
-0.7833204757
-0.7922876830
-0.7429507379
-0.7928243953
-0.9891403092
-0.7149113576
-0.7211170789
-0.7917843361
-0.9484594200
-0.9636061361
-0.7849923755
-0.8427553784
-0.5453773654
-0.6814703555
-0.8833953978
-0.9066893201
-0.7651980618
-0.7711939709
-0.8207873442
-0.8360523062
-0.8210400106
-0.8552577191
-0.8348414880
-0.7455133976
-0.8421527735
-0.8556628894
-0.7940810001
-0.8975324019
-0.9626230667
-0.8822827994
-0.7269764221
-0.8168709174
-0.8653294816
-0.7539905824
-0.8019670815
-0.8114250525
-0.6724486948
-0.6864764796
-0.6270681346
-0.8182007179
-0.6081533783
-0.5931225201
-0.6981979324
-0.8106393433
-0.6625840593
-0.7279212620
-0.5951746359
-0.6217986570
-0.6133277068
-0.9154797343
-0.6850741757
-0.6888663931
-0.6538944078
-0.7174921428
-0.7561750138
-0.7273369628
-0.7752194316
-0.6245971671
-0.7064789527
-0.7185437249
-0.6669579846
-0.7715534988
-0.6724248863
-0.7177323735
-0.7941910313
-0.6193468638
-0.7782728397
-0.6980598599
-0.7206543474
-0.7869281997
-0.5357106890
-0.7137825444
-0.8200055076
-0.5723158977
-0.6739124792
-0.6578962245
-0.6676135385
-0.7439554094
-0.5837652218
-0.7057783478
-0.8097276538
-0.7973821271
-0.6128548144
-0.5375551240
-0.6863693256
-0.5738924164
-0.7257168060
-0.7414179399
-0.6877798491
-0.6217029095
-0.7908736006
-0.7419784192
-0.6564001053
-0.6958250345
-0.6317078499
-0.5859374457
-0.6862022162
-0.6208027998
-0.6304181616
-0.6671735382
-0.5804730452
-0.6075106480
-0.5186416449
-0.7011243801
-0.5824021900
-0.7119514908
-0.7391035822
-0.5207456819
-0.6286597304
-0.5849008448
-0.6903375793
-0.6884052590
-0.6737854990
-0.7105645279
-0.6925299311
-0.6829586963
-0.5809554386
-0.6114221258
-0.4426025851
-0.6180597208
-0.5840044226
-0.5095315906
-0.5356776412
-0.4806365377
-0.5053696112
-0.6182780071
-0.5622665834
-0.6699926556
-0.5064078776
-0.5573744517
-0.5363035998
-0.8136709155
-0.6694628345
-0.6408616497
-0.6220880387
-0.3636228319
-0.4459081446
-0.5348849582
-0.5239235479
-0.5559490582
-0.6177562495
-0.6218930944
-0.6177500673
-0.4906313735
-0.5577529607
-0.6166150298
-0.5124222688
-0.6423938691
-0.4872834064
-0.5727286137
-0.5236325324
-0.3251202035
-0.6196938472
-0.5916578626
-0.5782900944
-0.6360540495
-0.5108477942
-0.4827448401
-0.5045023818
-0.5386602076
-0.5156493445
-0.5499881880
-0.6189956186
-0.4660991585
-0.5129604314
-0.5000620296
-0.5469052365
-0.5457963607
-0.5384616086
-0.4473268715
-0.5352919862
-0.4459947490
-0.5474893785
-0.4470963256
-0.5029206536
-0.5589845567
-0.4961666034
-0.2982674008
-0.4623237584
-0.5804610631
-0.3941647581
-0.3514212912
-0.4667192900
-0.4604197211
-0.3896968031
-0.5253291571
-0.5867024349
-0.4968984346
-0.5382940965
-0.3969713759
-0.3839016322
-0.3833406114
-0.3918047123
-0.4244356518
-0.4544137450
-0.5707419689
-0.5293427719
-0.3825817311
-0.4490145541
-0.4175764237
-0.3481010241
-0.3164282303
-0.5770522267
-0.3662178402
-0.3560192125
-0.4808664225
-0.3995849624
-0.4160825150
-0.4064827299
-0.4595349902
-0.4283803804
-0.4990463058
-0.4802250637
-0.5331989751
-0.3694356348
-0.5537900655
-0.3353423124
-0.3479522202
-0.4472888764
-0.2951918041
-0.3730479685
-0.3781164611
-0.4231903925
-0.4399641345
-0.3328171953
-0.2658915502
-0.4606698485
-0.3608183464
-0.4382218430
-0.3538636590
-0.3250997735
-0.4612883042
-0.4165802227
-0.4831334035
-0.3503983153
-0.3629570335
-0.2854702538
-0.5285896243
-0.2586593681
-0.4279474474
-0.2442514239
-0.2732185054
-0.3477961977
-0.2349886854
-0.3024709538
-0.2883614644
-0.3832598932
-0.4071521178
-0.5371117315
-0.3526103558
-0.2961025946
-0.2675396119
-0.4545405123
-0.3491907838
-0.4129853167
-0.3451579822
-0.2103596223
-0.4321926338
-0.3277458226
-0.2881666219
-0.3435057505
-0.3628148061
-0.1893929584
-0.2219928145
-0.0925012069
-0.4305674298
-0.3730949107
-0.2877185404
-0.3244761050
-0.2775835940
-0.3028422245
-0.2813724762
-0.3630508799
-0.2170486266
-0.1977717112
-0.3706353306
-0.1965240368
-0.4340796203
-0.3395545102
-0.3728361467
-0.2946791146
-0.3079445393
-0.3107502701
-0.2257556112
-0.3573303771
-0.4758609866
-0.4184243438
-0.2395221307
-0.3091292369
-0.1264128815
-0.2785759559
-0.2074593484
-0.2132525048
-0.2000307500
-0.2369928705
-0.2825644219
-0.2141495749
-0.2394753472
-0.3200595706
-0.1858423173
-0.2106924913
-0.3726252762
-0.0979521325
-0.3252225759
-0.3954244705
-0.3037452672
-0.2674124496
-0.1385632701
-0.1336969565
-0.1388554950
-0.0099555009
-0.3017227058
-0.3461855435
-0.1676258240
-0.2856188636
-0.1575114251
-0.2262571048
-0.2052334508
-0.2358520248
-0.2922217783
-0.3484382229
-0.2687018216
-0.1820356682
-0.1047593670
-0.1675386624
-0.1098031957
-0.1164241480
-0.3209370313
-0.0181368792
-0.2122600637
-0.1251646581
-0.1682472258
-0.1247046093
-0.0805104442
-0.0627712913
-0.2756209717
-0.2355819305
-0.1006737369
-0.3121854191
-0.1802663507
-0.2040420766
-0.3045566991
-0.2165809745
-0.0868753946
-0.0958349031
-0.0109987661
-0.2029198442
-0.2026192897
-0.1022035648
-0.0845279682
-0.0839582242
-0.1554021319
-0.1717839389
-0.1087548903
-0.0588196221
-0.0308845323
-0.1610820992
-0.0373406166
-0.0369970590
-0.2523787609
-0.0792319675
-0.0319100274
-0.0939351786
-0.1069574432
-0.0230047144
-0.0131734610
-0.1403159382
-0.0894093335
-0.0743743162
-0.1317450410
-0.0270676245
-0.0369096728
-0.1232770496
-0.1408634540
-0.0219186465
-0.1077258192
-0.1011718416
-0.1306066239
0.0188049693
0.0294057483
-0.1241143525
-0.1280798650
-0.0814726496
-0.1347165970
-0.1521257010
-0.0688864285
-0.1335577695
0.0015820188
-0.0317163614
-0.0682841794
-0.1394289647
-0.1945753063
-0.1664523219
-0.1378476393
-0.1467066212
-0.1150897845
-0.0346707017
0.0028329623
0.1147369211
-0.0482137891
0.0168307746
0.2141283285
-0.0197835741
0.0093037254
0.0674448394
0.0203218156
-0.1718001631
-0.1509867040
-0.1341243045
-0.0258294755
0.0438135338
-0.0987530510
0.0837835573
0.0144335551
0.0086743533
0.0752496031
-0.0202263249
-0.0386430393
0.0226871937
-0.1226656668
-0.0814851111
-0.0933313662
0.0476421135
0.1479625497
-0.0316220282
-0.0760455043
0.0497336548
-0.1084235830
0.0978107803
-0.1577577209
0.0471264371
0.0078993988
0.1711296736
0.0088889645
0.0291996891
0.0339335388
0.0988030765
-0.0234265872
-0.1444707394
0.1324919219
-0.1270724497
-0.0401216025
0.0045422000
0.1159780806
-0.2277903222
-0.1004693407
-0.0190558509
-0.0986734264
0.0874270308
-0.0646317870
0.0494763296
0.0916038751
-0.0461277929
-0.0072577104
-0.0933379200
0.0925295937
0.1270404434
0.0491734936
-0.0486024650
0.0000626355
0.0795489608
0.1112429406
0.1140874392
0.0770433936
0.3309120564
-0.0781559940
0.2340068928
0.1555752132
0.1381056234
0.0135151651
0.0681164996
0.1541775907
0.0059634914
0.0981787772
-0.0330022090
0.1262916917
-0.0639098122
0.1347697124
0.1595990595
0.1095904736
0.1073053023
0.0850920045
0.1132963504
0.1676038446
0.1374599484
0.1017647623
0.1054319952
0.1393833846
0.0378268917
0.1576790830
0.1520636178
0.2789067235
0.0417263296
0.1977741828
0.1673627866
0.0244581654
0.1541410413
0.0293881826
0.1304363560
0.2004240747
0.2897916820
0.1172132579
0.2010248091
0.1699556517
0.2112933556
0.0734944900
0.1165280842
0.2474377637
0.1719805800
0.0812560448
0.1842963394
0.2247730481
0.3050959252
0.2604168313
0.1767823442
0.2634662154
0.0561414662
0.2265958947
0.2824342061
0.2443939082
0.1913780325
0.0347792225
0.2527755271
0.1601521507
0.3158767678
0.2572984585
0.1126804549
0.1808663243
0.3066785542
0.1065140944
0.2632972582
0.1329277348
0.1481952861
0.3099544467
0.3027096994
0.2553195270
0.2011615849
0.2321799067
0.0712543521
0.2774434151
0.3737979043
0.3554047296
0.0997443803
0.3851769084
0.2076924360
0.2895360327
0.1955366900
0.1914810946
0.1433704684
0.2327045510
0.2668493412
0.4027457455
0.2355413920
0.1389604666
0.2023976719
0.3088656749
0.2691282401
0.3817183151
0.3220548520
0.3261362494
0.2687495618
0.2708416799
0.1317538479
0.2501127712
0.1420097271
0.2786391717
0.4170232065
0.3755149052
0.1756522318
0.3655612763
0.4866436104
0.1898777134
0.2855805026
0.1552340629
0.3076992361
0.1757828701
0.2594000296
0.3431748646
0.2168672532
0.2965478125
0.2703213486
0.2978111457
0.3727595234
0.2674824819
0.2036003830
0.2598223290
0.2994306107
0.3347145413
0.3124633076
0.2361278577
0.3328089716
0.4297338179
0.2901165022
0.3662262799
0.2924127668
0.2181098572
0.3126851421
0.4467345382
0.2802613872
0.3309371723
0.3973491519
0.3519504392
0.3075121906
0.2617182729
0.3070960559
0.4197589512
0.3805255539
0.4710716345
0.3791783545
0.5215418104
0.3994730633
0.3141988164
0.4155620388
0.2881952446
0.4217031355
0.2049239130
0.4270860686
0.3955282107
0.3475127041
0.4799724847
0.3109250463
0.4368772355
0.3477860098
0.5084417583
0.4255211114
0.3023267311
0.5225186396
0.3961202857
0.3617257749
0.4400260936
0.3918273935
0.4463518596
0.3939476722
0.3647538958
0.4403014512
0.3791435465
0.2593961448
0.4411381400
0.4069063992
0.4144280979
0.4343740207
0.4950934726
0.4188076647
0.4219621152
0.5892620741
0.5078233698
0.5016549966
0.4806173778
0.5237248818
0.5006819183
0.3720953584
0.4703322157
0.5325663139
0.3370519179
0.5672743508
0.6219268624
0.5518180596
0.3259331587
0.3924679595
0.5136988058
0.5686571108
0.6243244088
0.5119279265
0.5114085465
0.4268348370
0.3792577231
0.5210816193
0.5512180864
0.4787130571
0.6361619417
0.5555711668
0.4077868445
0.6647730555
0.5100915473
0.5343945617
0.5563459256
0.4656538949
0.5330137844
0.6505693298
0.5348278679
0.4321164359
0.5310110095
0.5230151568
0.5299184060
0.5856931222
0.5377618226
0.7589800399
0.5234163757
0.5446174657
0.3819152476
0.5325706163
0.4538155114
0.5378714164
0.5916686962
0.5888339769
0.3964916507
0.6399372579
0.5723805277
0.4465821241
0.7182300198
0.6070435367
0.6068955915
0.7196221503
0.5181638708
0.5885211567
0.6013202862
0.4593542785
0.6134081345
0.6035980444
0.6475819480
0.6542174470
0.5531882385
0.4461929064
0.5465830927
0.4746942378
0.4471351628
0.6901407104
0.4263689750
0.5281798854
0.4387799661
0.5721772108
0.6577739025
0.5692489948
0.6553647744
0.6645320318
0.4666731944
0.5695228748
0.6748885095
0.5718084852
0.5554394870
0.5454878101
0.7806204062
0.5747139035
0.5603446293
0.6211745247
0.6618470367
0.4526630525
0.6253396848
0.6279827714
0.6464123118
0.7662067121
0.4367734350
0.5650598245
0.7382559011
0.7565961198
0.5765440459
0.5393785905
0.5946853809
0.8782111965
0.6535973656
0.6232391809
0.7381834934
0.5509137762
0.7277629357
0.7265832707
0.6440358484
0.6623542629
0.6480324752
0.6013362958
0.7255853157
0.7731193063
0.7308521048
0.6384965844
0.5705939508
0.6809400879
0.5813698650
0.7887153941
0.7118333781
0.7149570599
0.7491957841
0.7956817549
0.6822380427
0.7382780265
0.6291968500
0.5506347367
0.7117782059
0.6196029407
0.6989683337
0.6291845139
0.7356192270
0.8095417046
0.7292691248
0.6732197001
0.6547042480
0.6419893842
0.8207822231
0.7737184105
0.8345586267
0.9405458223
0.8052969726
0.7674606636
0.6659514779
0.7114912295
0.6415295176
0.7304348232
0.8584077039
0.8778977309
0.8272653736
0.6640510480
0.6510625916
0.8322616188
0.7783925951
0.7340349183
0.7751289241
0.7846022830
0.8138359504
0.7224929139
0.9262859114
0.8057250930
0.8399983997
0.7341986106
0.7988577545
0.9530613379
0.6811649830
0.7227440989
0.8149536740
0.7987859942
0.6600538220
0.8056257895
0.7940331754
0.8522588944
0.7153021830
0.7071343608
0.8240540484
0.7598313993
0.7998814960
0.9531174050
0.7948301814
0.8405940431
0.9160136476
0.8126155114
0.9261528356
0.7611728294
0.9211343442
0.9985703685
0.7777735470
0.7927546720
0.8100651348
0.9199043531
0.8711038323
0.8232601365
0.8307747637
0.7925848258
0.8898420135
0.8136894018
0.8342295539
0.9613453358
0.8620727471
0.7987612267
0.9513544417
0.8348843995
0.8173352452
0.7731373657
0.9808993345
0.7675343876
0.9168648050
0.8630429963
0.8565799272
0.9217382715
0.9665230629
0.8870971093
1.0021949502
0.8263760090
0.8189716745
0.9374637771
0.8151101201
0.9017930904
0.7383552340
0.9335371207
0.9933092765
0.8225385214
0.8360903209
0.9745605717
0.8809650429
0.9494028578
0.9105074321
0.7969448997
0.8299566211
0.8604043610
0.8059451452
0.9729182790
0.9523606612
1.0203336880
0.8967421652
0.9003362253
1.0322117863
1.0846375346
0.9649269657
0.9186717144
0.8490627917
1.0196756919
0.9226640464
0.9682946258
0.9284474531
0.8973198412
0.8941364305
0.9033318876
1.0201434848
0.9881805893
0.9380772157
1.0711515523
0.8909049111
0.9375777273
0.8945797278
1.0584274606
0.9446236978
0.8980359029
1.0169981191
0.9744202914
1.0106232916
0.9999562301
1.0564958513
1.1158868891
1.0495864081
0.9997581611
1.0545351823
0.8929732033
1.0698170697
1.0518506742
1.0065204441
1.1166669594
