-0.8836545181
-1.0127109172
-0.9650287185
-0.9318275378
-0.9651665049
-0.9458744172
-1.0366122467
-0.9199824714
-0.9654589551
-0.9961136654
-1.0479430763
-0.9897313970
-1.0946665844
-1.0038967971
-0.9628308065
-0.9509530912
-1.0184259313
-1.0411347553
-0.8927666770
-0.7348874367
-1.0075044346
-0.8851296559
-0.9500694726
-1.0181519377
-0.9203555443
-0.8698547134
-0.9692368349
-0.7952945783
-0.9746681122
-0.9070279015
-0.9834388766
-0.8638564611
-0.7677550405
-1.0571006224
-0.8541492915
-1.0010824522
-0.9248089379
-0.8111268555
-0.7597766499
-0.8161651888
-0.8847389658
-0.7690301824
-1.0266839519
-0.9086353951
-0.9495913286
-0.7046304956
-0.8337667788
-0.8474005127
-0.9430309062
-0.8089790471
-0.7879824796
-0.9160857310
-0.9616654611
-0.8510887599
-0.8744274027
-0.9700694338
-1.0627341078
-0.8138058099
-0.9563480272
-0.7771849463
-0.8554908819
-0.9752951407
-0.8337655954
-0.7897898474
-0.9416805641
-0.9232374229
-0.8558257950
-0.9092977141
-0.9190241157
-0.8407284216
-0.9179501129
-0.7924713722
-0.7187994475
-0.7647774419
-0.9651779899
-0.9311834653
-0.8045800801
-0.8526856571
-0.8363751434
-0.7863793749
-0.7830849440
-0.7296525001
-0.8026038741
-0.9939286694
-0.6973629905
-0.7216307276
-0.8164226841
-0.9694199992
-0.9637983560
-0.8045726756
-0.8301543935
-0.5418190433
-0.6529251981
-0.8616603673
-0.9106509121
-0.7558962769
-0.7952166114
-0.8248487824
-0.8353886207
-0.8357125388
-0.8468098660
-0.8393123543
-0.7394548609
-0.8515103514
-0.8576967584
-0.7948718826
-0.8968669582
-0.9859588003
-0.8800654606
-0.7111433072
-0.8250615017
-0.8485821331
-0.7607235050
-0.8233778115
-0.8389196220
-0.6766103190
-0.6890734909
-0.6193506347
-0.8362077871
-0.5934011652
-0.6025532487
-0.6969040310
-0.8014454939
-0.6749484208
-0.7366373584
-0.5876545373
-0.6094174801
-0.5983436986
-0.9321584589
-0.7048934142
-0.6764652097
-0.6559448367
-0.6986117177
-0.7392447383
-0.7270130183
-0.7970219144
-0.6122090497
-0.6817568876
-0.7215553026
-0.6820331689
-0.7951752315
-0.6795235676
-0.7011878397
-0.8024533461
-0.6249079832
-0.7830216665
-0.6797840136
-0.7611427643
-0.7888207754
-0.5052438729
-0.7133394601
-0.7900283993
-0.5765831898
-0.6662204068
-0.6508060599
-0.6675135288
-0.7285232414
-0.5869707444
-0.7100354378
-0.7972678436
-0.8037462716
-0.6055381267
-0.5174338314
-0.6751773387
-0.5843761449
-0.7307457203
-0.7433486010
-0.6782451979
-0.6129388915
-0.8090108581
-0.7198620757
-0.6773892131
-0.7021103175
-0.6233263501
-0.5921954442
-0.6727820814
-0.6271675719
-0.6520363719
-0.6460019626
-0.5886303684
-0.6317173250
-0.5187579400
-0.7133191300
-0.5859826804
-0.7296993726
-0.7360783874
-0.5257130767
-0.6331939858
-0.5857137249
-0.6851173776
-0.6807775290
-0.6677995185
-0.7002704867
-0.7087000160
-0.6875215202
-0.5878325457
-0.6112255835
-0.4730414424
-0.6088957254
-0.5788897463
-0.5087193971
-0.5469452640
-0.4783614411
-0.5195561897
-0.5949972510
-0.5498386866
-0.6868167071
-0.4986860877
-0.5477117218
-0.5453716846
-0.8308574915
-0.6609182242
-0.6278555823
-0.6067312892
-0.3717002773
-0.4655255367
-0.5333240699
-0.5303261510
-0.5406829074
-0.6047336425
-0.5974512191
-0.6233000082
-0.4856237673
-0.5357510276
-0.5739574733
-0.4975086674
-0.6563298820
-0.4825664971
-0.5676733104
-0.5281482102
-0.3313337859
-0.6015663319
-0.5926244776
-0.6026793584
-0.6127839299
-0.5243738666
-0.5075844661
-0.5233452195
-0.5492128390
-0.5005678966
-0.5554539729
-0.6071378861
-0.4291605498
-0.5079389656
-0.4896896899
-0.5241401562
-0.5559193204
-0.5545966276
-0.4436193264
-0.5422989517
-0.4492939617
-0.5362040905
-0.4701893111
-0.4912125346
-0.5718953612
-0.4902331678
-0.3123156162
-0.4473839430
-0.5863588149
-0.3971746856
-0.3645680860
-0.4717734016
-0.4508600374
-0.3787786653
-0.5535728547
-0.5804034377
-0.5146927426
-0.5172568714
-0.3713745232
-0.3944701581
-0.3978174728
-0.3898639583
-0.4152806168
-0.4328045694
-0.5723493805
-0.5182789813
-0.3743136907
-0.4330700612
-0.4324138945
-0.3569189548
-0.2993815267
-0.5462297962
-0.3642913423
-0.3654071512
-0.4740008108
-0.4191290174
-0.4070475875
-0.4185427886
-0.4355273313
-0.4353242835
-0.5083056770
-0.4782714530
-0.5141392602
-0.3863665928
-0.5510123132
-0.3307575602
-0.3366658527
-0.4452644649
-0.2724898586
-0.3702825817
-0.3805153380
-0.4364885110
-0.4452026188
-0.3323085150
-0.2419264189
-0.4455826718
-0.3715147384
-0.4214347159
-0.3417928204
-0.3037042358
-0.4774455191
-0.3878583132
-0.4768682047
-0.3511069102
-0.3472942877
-0.2920105842
-0.5234551161
-0.2811017109
-0.4049727057
-0.2361138598
-0.2782718139
-0.3512981582
-0.2456800394
-0.3067087451
-0.2762661822
-0.3797886565
-0.3939383937
-0.5171442072
-0.3481319107
-0.2956000897
-0.2674736352
-0.4385095351
-0.3482034153
-0.4220411759
-0.3507248983
-0.2196641766
-0.4221563407
-0.3609561219
-0.2538067927
-0.3335565858
-0.3515209963
-0.1828202081
-0.2010471895
-0.1215655181
-0.4308503299
-0.3718097412
-0.2967479704
-0.3193704524
-0.2640456197
-0.3109055898
-0.2780421607
-0.3374665728
-0.2224089527
-0.1929125880
-0.3847524040
-0.1908939552
-0.4505913392
-0.3232944621
-0.3692250472
-0.3055450077
-0.3221194979
-0.3444398770
-0.2377324016
-0.3769924954
-0.4661655026
-0.4297219006
-0.2591381731
-0.3322306559
-0.1215691054
-0.2963163813
-0.1831351834
-0.2454029588
-0.1922527892
-0.2445487408
-0.2992740563
-0.1996210686
-0.2517475517
-0.3103305744
-0.1855634037
-0.2102619792
-0.3569838658
-0.0821610811
-0.3246902479
-0.4113179183
-0.3234292026
-0.2572564376
-0.1396902543
-0.1439249774
-0.1239672848
0.0021848507
-0.3051463599
-0.3328079689
-0.1523290549
-0.3098335306
-0.1713518812
-0.2257309959
-0.2104522892
-0.2435241569
-0.2833742511
-0.3278099760
-0.2552773608
-0.1910613128
-0.0893646569
-0.1707707290
-0.0911839900
-0.1268555102
-0.3096523778
-0.0247005845
-0.1870795341
-0.1539555829
-0.2023776123
-0.1134665486
-0.0673211528
-0.0724361121
-0.2695343380
-0.2449257419
-0.1122777130
-0.2936321422
-0.1501986671
-0.2141245144
-0.3263331945
-0.2156196318
-0.0931737285
-0.0977219877
-0.0077459720
-0.1951315220
-0.1905979552
-0.0921220970
-0.0971073798
-0.0792803411
-0.1637532316
-0.1714338060
-0.1234767595
-0.0514506043
-0.0418648968
-0.1564026441
-0.0643509852
-0.0316508176
-0.2599984501
-0.0817052340
-0.0035516863
-0.1121325603
-0.0888735819
-0.0467780301
-0.0046237676
-0.1453691249
-0.0733618863
-0.0564649924
-0.1433571618
-0.0172729345
-0.0421270651
-0.1137852796
-0.1758398485
-0.0083701462
-0.1205984000
-0.0787370070
-0.1346233774
0.0159410394
0.0535037855
-0.1150516705
-0.1141329228
-0.0548724006
-0.1331833358
-0.1444278198
-0.0877398147
-0.1450285515
-0.0038257517
-0.0224552342
-0.0827771447
-0.1269412444
-0.1754980217
-0.1348003656
-0.1183577154
-0.1293095494
-0.1120316076
-0.0492594766
0.0066297517
0.0993390269
-0.0399566041
0.0020467145
0.2355594855
-0.0261593400
-0.0046024347
0.0792048795
0.0363371515
-0.1844821791
-0.1650106378
-0.1316860362
-0.0111102342
0.0650107401
-0.0702542158
0.0533571139
0.0170038452
0.0031141819
0.0728275784
-0.0411026756
-0.0270483695
0.0079649433
-0.1477789832
-0.0819997124
-0.0767649936
0.0341327245
0.1445489451
-0.0078478619
-0.0956110710
0.0547205908
-0.0843108543
0.1052257648
-0.1474800395
0.0423530627
0.0230024653
0.1988147879
0.0100970688
0.0478542122
0.0229527465
0.1159135343
-0.0062795324
-0.1507856951
0.1044826563
-0.1254860529
-0.0314900498
0.0062877296
0.1219697421
-0.2183392187
-0.1086951168
-0.0223104395
-0.1201600001
0.0784300939
-0.0371617441
0.0451700603
0.0877912517
-0.0421963851
-0.0133070691
-0.1048368921
0.0788813829
0.1053688193
0.0463862604
-0.0205067786
-0.0024765847
0.0745899989
0.0938344039
0.0935423391
0.0933137932
0.3136151069
-0.0848857217
0.2509529122
0.1805153809
0.1522026009
0.0194107106
0.0813639747
0.1814539599
-0.0005905303
0.0754984967
-0.0454907135
0.1096760778
-0.0735239514
0.1542125276
0.1363847151
0.0946081917
0.1053593930
0.0683808706
0.1084273735
0.1546710225
0.1335431134
0.0980714336
0.0864218507
0.1587186677
0.0529716643
0.1599231323
0.1323191181
0.2831594456
0.0585521741
0.2139761446
0.1422786916
0.0202439965
0.1432120645
0.0437226389
0.1408843020
0.1921909420
0.2552664956
0.1129025615
0.1872607335
0.1664845811
0.2024299541
0.0663540224
0.1230795062
0.2636949966
0.1656378026
0.0651015379
0.1690062722
0.2120608524
0.2911159155
0.2677782339
0.1822001129
0.2500087046
0.0717335135
0.2162814989
0.2805647782
0.2411331394
0.1985348001
0.0365589112
0.2524173456
0.1676578370
0.3079562797
0.2794892847
0.1246049719
0.1966396469
0.2904996569
0.0944330734
0.2441138585
0.1438851828
0.1620826930
0.3148442512
0.3225931566
0.2487019863
0.1841709522
0.2485897073
0.0721628376
0.2698818210
0.3826401460
0.3830362231
0.1204897787
0.3816077018
0.2048260869
0.2918997904
0.2139108740
0.1969355036
0.1564945120
0.2167873331
0.2587202993
0.4084465488
0.2387301851
0.1378836220
0.1898050099
0.3198069899
0.2447406539
0.3904195323
0.2861552691
0.3392359718
0.2625347897
0.2715149486
0.1473655465
0.2600645403
0.1501164875
0.2864332927
0.4073009989
0.3822860033
0.1843007072
0.3723454129
0.4620232649
0.1831970619
0.2950451216
0.1303331818
0.2957363261
0.1864256108
0.2465659738
0.3370560812
0.1909355711
0.2925310349
0.2615099470
0.3038682897
0.3983332453
0.2605040634
0.2188417004
0.2475254418
0.2661785907
0.3425621736
0.3239682005
0.2402227457
0.3363284556
0.4303106904
0.2843515208
0.3699576585
0.3019838198
0.2237474511
0.3055842557
0.4754643099
0.3040567228
0.3302835615
0.4058512717
0.3884369464
0.3111499235
0.2709280695
0.3166708464
0.4241107099
0.3782677861
0.4784211783
0.3974634380
0.5247769772
0.3782566202
0.3578349611
0.4125906199
0.3159479898
0.3844370852
0.2157883607
0.4415807392
0.4031409909
0.3610083162
0.4647699607
0.3166592776
0.4248809460
0.3664864041
0.5097838805
0.4277383772
0.2926931061
0.5430974952
0.3934388956
0.3610340996
0.4313715094
0.4159049306
0.4335482859
0.3866359178
0.3706699417
0.4340028892
0.3522367444
0.2468140283
0.4409481872
0.4262048488
0.4485355735
0.4377953163
0.4832730374
0.4262269396
0.4102042246
0.5952789309
0.5181822813
0.4770624735
0.4814221349
0.4968463856
0.5163012214
0.3726823769
0.4712961697
0.5447143411
0.3350352051
0.5623729327
0.6372824148
0.5515685144
0.3226389176
0.4115391953
0.5092992727
0.5730817805
0.6226142509
0.5188860015
0.5314067461
0.4339437198
0.3797180523
0.5134718731
0.5702593439
0.4782995165
0.6128583207
0.5637113057
0.4172700600
0.6570662557
0.5229505920
0.5189846592
0.5521702970
0.4841829834
0.5185582909
0.6543393014
0.5561433009
0.3954682851
0.5360042398
0.5427751093
0.5134578692
0.5817951211
0.5536642616
0.7482400192
0.5037311783
0.5366340254
0.3528175957
0.5146922483
0.4605704645
0.5283539347
0.5888858852
0.5764919688
0.4207581114
0.6523815727
0.5691823832
0.4584842890
0.7129823481
0.6103242691
0.6181122435
0.7263017467
0.5129012935
0.5780400919
0.5779709925
0.4799845698
0.5971127917
0.6012440952
0.6493834899
0.6480729239
0.5369438023
0.4559630015
0.5546767516
0.4906943508
0.4583132647
0.6943823297
0.4439377359
0.5204689326
0.4546044480
0.5686898816
0.6486884260
0.5947233583
0.6705644744
0.6807682934
0.4927248232
0.5530924413
0.6863006796
0.5778695266
0.5634520809
0.5416136915
0.7659248421
0.5694644658
0.5726647156
0.6384596405
0.6630654002
0.4772905817
0.6161741144
0.6409290666
0.6456603185
0.7719080132
0.4506636328
0.5886957048
0.7425613708
0.7607870646
0.5708154385
0.5607463210
0.6002948217
0.8895458001
0.6695409065
0.6467548807
0.7369210937
0.5335782849
0.7337170074
0.7315642343
0.6315236477
0.6715113729
0.6638024869
0.5868302408
0.7498975729
0.7224333852
0.7425814259
0.6404510598
0.5992837340
0.6705203198
0.5848155951
0.7722615241
0.7037395205
0.7030311771
0.7350672791
0.8030887372
0.6737271044
0.7336037100
0.6231895280
0.5708308948
0.7177955314
0.6230636066
0.6893095259
0.6194662816
0.7367628861
0.8009780528
0.7446684112
0.6801373571
0.6352515335
0.6524043939
0.8403399048
0.7411979681
0.8446457615
0.9416223024
0.8374151523
0.7761062772
0.6888466195
0.7162991916
0.6360727460
0.7272664438
0.8603644056
0.8370144948
0.8318600175
0.6592365381
0.6569287211
0.8469490798
0.7727507522
0.7516897720
0.7702383413
0.7949193382
0.8239111476
0.7024468389
0.9208962897
0.8302028016
0.8370299744
0.7339600832
0.8148911248
0.9594142140
0.6954863840
0.7251173436
0.8367990826
0.7922500177
0.6583589382
0.8062808647
0.7831241063
0.8341345284
0.7125619100
0.7175174082
0.8134477836
0.7492878087
0.8004925975
0.9447562386
0.7714477785
0.8360772177
0.9182147817
0.8125572911
0.9119196977
0.7648182890
0.9381867598
1.0070719872
0.7853384094
0.8066568039
0.8279271009
0.9099043061
0.8763875864
0.8008973891
0.8228190500
0.7795883595
0.8797907049
0.8370717555
0.8237621645
0.9526207490
0.8813809583
0.7895537030
0.9401230290
0.8320967425
0.8223346119
0.7698998753
0.9773141176
0.7676060829
0.9238454138
0.8798740447
0.8505258107
0.9273366796
0.9712891913
0.8837456631
0.9996816140
0.8186814250
0.8161034204
0.9165009959
0.8165061105
0.9235218229
0.7317212194
0.9653310330
0.9964107152
0.8147399306
0.8117183730
0.9591090530
0.8777465853
0.9736001252
0.8965732330
0.7950206344
0.8508453504
0.8508873631
0.8432602627
0.9654333837
0.9432170562
1.0336931493
0.8887682358
0.8709809634
1.0238334484
1.0917460589
0.9582635973
0.8968156107
0.8677946784
1.0287030003
0.9208753570
0.9609227626
0.9286933572
0.9223484090
0.9012501749
0.8882035792
1.0108817360
0.9988870881
0.9383801529
1.0661483031
0.8752039315
0.9476115699
0.8752740689
1.0337555413
0.9742384941
0.9008905682
1.0028136956
0.9529183147
1.0368457544
0.9962241269
1.0685975858
1.1169552186
1.0589124867
1.0001157412
1.0380964930
0.9104740275
1.0638797657
1.0446893813
1.0316716555
1.1092151210
