-1.1383239516
-1.1032357659
-1.0055570338
-0.9920347735
-0.9942838084
-1.0918941980
-1.0839810678
-0.8832938606
-1.0704965202
-1.0036546767
-0.9165093054
-0.7963383184
-0.8995940823
-1.0174714395
-1.0308803254
-0.9231768698
-0.9179840635
-0.8662607206
-1.0239767273
-0.9955209434
-0.9030139151
-0.9168888508
-1.0260738842
-0.7832931277
-0.9259763642
-0.8448292693
-1.0115180441
-0.9932029579
-0.9540348576
-0.9535666992
-0.9611352301
-0.8290663589
-0.9352134463
-1.1081526566
-0.8071744540
-0.8607399006
-0.9476027345
-1.1149235380
-0.8454725862
-0.9002827231
-0.6829903135
-0.8147089642
-0.9051817071
-0.9669245947
-0.7726025809
-0.8512165901
-0.9152105577
-0.8735589630
-1.0091378178
-0.9160386395
-0.8992295805
-1.0847365033
-0.9015436399
-0.8245961272
-0.8910259821
-0.8004626127
-0.9106316454
-0.9866490097
-0.8680101212
-0.8901007219
-0.9094455726
-0.8650782519
-1.0694827417
-0.9599036471
-0.8399527360
-0.8172641917
-0.7673594469
-0.7351347625
-0.8575113975
-0.9286317442
-0.8127631366
-0.9167349950
-0.7916130376
-0.9397462311
-0.8901924477
-0.9005582723
-0.7324203523
-0.7918049722
-0.8855908597
-0.9614056479
-0.7885594962
-0.9450445370
-1.0514288331
-0.8815326839
-0.8739981257
-0.7913819798
-0.6934348099
-0.8869572429
-0.8652867691
-0.7444019851
-0.8192194972
-0.8676908069
-0.7738985725
-0.8315570357
-0.7492162633
-0.7588364985
-0.8364291832
-0.8515922638
-0.6903644658
-0.8458435996
-0.6982988546
-0.7372225778
-0.7187990301
-0.7292553174
-0.7354930981
-0.9150405437
-0.8056069521
-0.7396490453
-0.7732004924
-0.7676019416
-0.9105165927
-0.6604931908
-0.7693232262
-0.7564444213
-0.6539815029
-0.8014137097
-0.7357784558
-0.6056600175
-0.8585022631
-0.7999370017
-0.7522981509
-0.8045869837
-0.9314909036
-0.7335674950
-0.8180395274
-0.8195872215
-0.6670523669
-0.7288316561
-0.8527927576
-0.7725620826
-0.8308190464
-0.8346754839
-0.7401731916
-0.7274453027
-0.6440187576
-0.6943303366
-0.6712621164
-0.8013516901
-0.5764778908
-0.7448287589
-0.7511699320
-0.7274257503
-0.7083810074
-0.7264365578
-0.6779277214
-0.8704615271
-0.5085578677
-0.6100131496
-0.7171320175
-0.8268523049
-0.7327357790
-0.6114246283
-0.6202587134
-0.6066771138
-0.6176989398
-0.5421299330
-0.6420478389
-0.7982820449
-0.5877876223
-0.7668289697
-0.6171517997
-0.8469969222
-0.7634060091
-0.8760064824
-0.7845084276
-0.5864087703
-0.7357373497
-0.7580743794
-0.6658015718
-0.6641360077
-0.6931127405
-0.5927081326
-0.5027752091
-0.5637084954
-0.6452837244
-0.6345623546
-0.6358595630
-0.8333693157
-0.5651837288
-0.5486017117
-0.7190319829
-0.6998173879
-0.7003368609
-0.5085811457
-0.6247875151
-0.6325537059
-0.6057330954
-0.5612903165
-0.7146525800
-0.6437635180
-0.5829928826
-0.6362097922
-0.6735204390
-0.6664274910
-0.5825818861
-0.6658600625
-0.6341617686
-0.7051064069
-0.7055557576
-0.6650394493
-0.6557380584
-0.6878570878
-0.6975548333
-0.4934120787
-0.3688558834
-0.5364149951
-0.5747071017
-0.5877282551
-0.5651092993
-0.6675813061
-0.5300006513
-0.4921315688
-0.5786632436
-0.6227371078
-0.6536506470
-0.4034521734
-0.5364134756
-0.4166446481
-0.6534868310
-0.5228977144
-0.4825692891
-0.6587376212
-0.4898211906
-0.5861529112
-0.5299779701
-0.5751373894
-0.5842949105
-0.4673842295
-0.5890680861
-0.5515233325
-0.5801180859
-0.3646780507
-0.6640070859
-0.6037610327
-0.6095800564
-0.5920791080
-0.3983200889
-0.4691428213
-0.6243351833
-0.6069496053
-0.5130828491
-0.5215220130
-0.6118396884
-0.5384766711
-0.5226348459
-0.5309321173
-0.4851807325
-0.4716062784
-0.5149212870
-0.5109344535
-0.6350223536
-0.5076608084
-0.5402454942
-0.5816405378
-0.5140257924
-0.5524364808
-0.6260814307
-0.4296876698
-0.6080285285
-0.4573784091
-0.3705625136
-0.4786778477
-0.5776438123
-0.5383949659
-0.4331031806
-0.6103531317
-0.5169901822
-0.5766699294
-0.4934517799
-0.4844861284
-0.4880602102
-0.4362598211
-0.4378336249
-0.3842683259
-0.5602543167
-0.3866263512
-0.4049094596
-0.4294642757
-0.4782985399
-0.3144091485
-0.5674734281
-0.5090569695
-0.3991694234
-0.3495496144
-0.3541896632
-0.6204001390
-0.4302595354
-0.5752091106
-0.5180116784
-0.4266912516
-0.4233913035
-0.3975285577
-0.3577215318
-0.4895103608
-0.3878997898
-0.5572218706
-0.4074738963
-0.3168272863
-0.3973176051
-0.3568256302
-0.4167734245
-0.4302289071
-0.3765035585
-0.3313208372
-0.4362546816
-0.4522914673
-0.3903086002
-0.3926872972
-0.5053783839
-0.2791774913
-0.4739252132
-0.3757139509
-0.5089450069
-0.4506101543
-0.3907997687
-0.2971418868
-0.3879023860
-0.1948304370
-0.4238409502
-0.3956491845
-0.2702169919
-0.3078785710
-0.3311845526
-0.2956868043
-0.4068611655
-0.2782635157
-0.5521224793
-0.4197149841
-0.3452369459
-0.2030420862
-0.2302713472
-0.2967507682
-0.2927069214
-0.4106458812
-0.4545127539
-0.1484127194
-0.2358042769
-0.3844919671
-0.2501474049
-0.3425469632
-0.3927575429
-0.4303149317
-0.4186729906
-0.2949195459
-0.2988456957
-0.3310657465
-0.4552749178
-0.3810329645
-0.3520885314
-0.1325011920
-0.2247578561
-0.3481594914
-0.2003491258
-0.3852097287
-0.2476331327
-0.3325329271
-0.3872006977
-0.1332139275
-0.2870443133
-0.2981531671
-0.3640478017
-0.2824238514
-0.3090166156
-0.3766035162
-0.3128072127
-0.4207106869
-0.2260085734
-0.3621312765
-0.3648097081
-0.4075179080
-0.2388523133
-0.3430125348
-0.2620459159
-0.2162942387
-0.2787216870
-0.1924091249
-0.2385559902
-0.2297304408
-0.2486402441
-0.2702637624
-0.2678151404
-0.1664351935
-0.2239185369
-0.2541344605
-0.2212157271
-0.0908823282
-0.2532357456
-0.3324134652
-0.2470588761
-0.2492089735
-0.2735144133
-0.2413517885
-0.1739970508
-0.1164593856
-0.4162633947
-0.2117319444
-0.1985095431
-0.0681377881
-0.0440492491
-0.1648449777
-0.3215488734
-0.3353822457
-0.2075219794
-0.3287544357
-0.1934460392
-0.2086042281
-0.1352395848
-0.2475499940
-0.0758647158
-0.1473178503
-0.2211809480
-0.0606898856
-0.1724242139
-0.1489112775
-0.1738039333
-0.2454789436
-0.1917560233
-0.0965528739
-0.1244961731
-0.2655226334
-0.2153380758
-0.1667180425
-0.1951567799
-0.2483597488
-0.1173995097
-0.1818078584
0.0217770218
-0.2732258038
-0.0751589872
-0.1925257789
-0.2323279342
0.0178213699
-0.0366839793
-0.0760864315
-0.0527914530
-0.1053527267
-0.1393933272
-0.2012431940
-0.2264164528
-0.0572242106
-0.1517511150
-0.1890858248
-0.0754393226
-0.1124496672
-0.0827512563
-0.1926319296
-0.0655040740
0.0181820162
-0.1568258376
-0.0947623336
-0.1604330141
0.0127163359
-0.0600636142
-0.0463048605
0.0162577527
-0.0498408842
-0.0545460373
-0.0721898429
-0.0547517043
-0.0358786814
-0.0366602971
-0.0091404645
-0.0018430620
-0.0546694270
-0.0337194820
0.0609328538
-0.1041379172
-0.1335828292
-0.1392020282
-0.1345743004
-0.0424095147
-0.0191716539
-0.0209147518
-0.1276258660
0.1379782351
-0.0037688231
0.0178099581
-0.0951429136
-0.0581769896
-0.2482290534
-0.0670626617
0.1255678380
-0.0157845825
0.0452286123
-0.1456898261
-0.1046358211
-0.0411240219
0.0307521845
-0.1320913139
-0.0638374647
-0.0695125802
-0.0430915578
-0.0373825907
0.0304646934
0.0306094391
-0.0051252433
0.0794194118
-0.0596179490
-0.0940141933
-0.1041940010
0.0867617305
-0.0012622311
-0.0372150975
-0.0295964474
-0.0642719721
0.0740171715
0.0051757822
-0.0441429365
0.0701255771
-0.0825314559
0.0347782580
-0.0158973508
0.0498950600
0.1415801072
-0.1057498632
0.1266079635
0.0609393529
0.0030540158
0.0337709908
0.2102594331
0.0863495071
0.0059137629
0.1258912063
0.0970703673
0.0573503411
0.1907027670
0.1256773986
-0.0647687841
0.1410935474
0.2187930031
-0.0462615283
0.0637030601
0.1608629477
0.0782208998
0.2350453869
0.1122473717
-0.0025609963
0.0051767887
-0.0214501427
0.0039840118
-0.1281729481
0.0922782947
0.0508702001
0.0272118134
-0.0135793706
0.0104503693
0.2683819507
-0.0459424284
0.1425228210
-0.1456761147
-0.0866166668
0.0064065682
0.0949299227
0.1213988701
-0.0339213325
0.0962739136
0.1901889166
0.2090803116
0.1359640782
0.1565750345
0.1011121981
0.1248061011
0.1337130792
0.0893885629
0.2160698493
0.1638602262
0.1392865682
0.2987283172
0.1482293995
0.2099156115
0.1365673242
0.0361710791
0.3405530749
0.0741374519
0.1201441169
0.1974485563
0.0865312868
0.1817084054
0.2133276267
0.1527497912
0.2125882612
0.0966909155
0.2161547632
0.2287114887
0.0193158813
0.0412475442
0.1685096561
0.1581481695
0.1248744719
0.2267401391
0.1665289146
0.1579216211
0.1913882077
0.2356445522
0.2353965795
0.1150650068
0.2918654022
0.1079933945
0.4204409675
0.1263335148
0.2705586229
0.2567638213
0.1796555091
0.2672889849
0.2362220824
0.1163786213
0.4318526564
0.2976862396
0.1902152800
0.2893528157
0.1899593729
0.2442005013
0.1725300572
0.2382968909
0.2952238011
0.3282740026
0.0235612435
0.2135804611
0.2249363013
0.2069261153
0.2027755908
0.2612186567
0.2444358020
0.2402104891
0.2983205189
0.4351686790
0.2488797792
0.2310942261
0.1315661574
0.2870693147
0.3538967547
0.2174202065
0.2012959228
0.2276270413
0.3309033740
0.3097599681
0.3774025999
0.4701275349
0.2731115701
0.3487954436
0.3002455035
0.4000236885
0.4104432648
0.2990137033
0.2412381108
0.3706776499
0.1425919329
0.2957206777
0.3311196317
0.3782793158
0.3164894741
0.1554221221
0.2974583794
0.2826898580
0.2852944563
0.1574212384
0.2782225439
0.1986776859
0.2737047912
0.1380573559
0.2695130228
0.2660991948
0.2555218183
0.4164200807
0.2390858505
0.3779899326
0.4360316012
0.3204392255
0.4006955989
0.3327759951
0.4438540381
0.3108258255
0.3715976695
0.3438388748
0.3110503558
0.3820549282
0.3486173590
0.4163259253
0.2903568291
0.4550257303
0.3458263845
0.2947758588
0.4413302171
0.3681851843
0.5359558837
0.4845893647
0.3074813700
0.2945698613
0.3480500740
0.4166795635
0.3297572120
0.3992441511
0.3557378103
0.4285271437
0.4239869692
0.2359759519
0.1827410197
0.4008176826
0.5418780482
0.4358105914
0.4913326985
0.3335257325
0.3495143883
0.4691192561
0.3443621084
0.3576413486
0.2134010249
0.3820897915
0.3718660862
0.4416728272
0.4359917592
0.3612718470
0.5653916839
0.4533754114
0.4788718609
0.3814236640
0.5050630904
0.2959197013
0.4730236414
0.4253469973
0.4574468172
0.5304833772
0.4540533062
0.4994893873
0.4407451695
0.3281872297
0.4400608406
0.4327264578
0.3619899750
0.5141932583
0.4332631209
0.6232910791
0.4099891669
0.5084779307
0.4085776425
0.4348933188
0.4266485596
0.4799494878
0.5074282124
0.4324118457
0.5575899586
0.2949059199
0.4812524779
0.4537570658
0.5037398416
0.4674348654
0.4393564536
0.4772678332
0.4894949502
0.4445297251
0.4467427140
0.5149526168
0.4372946432
0.4662803906
0.5021377919
0.3885148216
0.4052749384
0.4831935408
0.3586005197
0.6226326141
0.4654346284
0.5872359359
0.5237774462
0.5262321819
0.5487426954
0.4779105792
0.3967940936
0.6564441307
0.3967482759
0.4826957567
0.4999338659
0.5001874768
0.5602293178
0.5382838633
0.6340395222
0.4664198942
0.4916773652
0.6031121613
0.4652510328
0.6023515223
0.5968345580
0.6374079621
0.5063036951
0.4117336668
0.6650327950
0.5495937700
0.6194505631
0.6408733403
0.5553039813
0.6433825446
0.5157515879
0.6671369634
0.6084935345
0.5437343277
0.6882239418
0.4812271427
0.5576867133
0.4946961298
0.5078472597
0.7029512514
0.6071872522
0.6153301927
0.5857279539
0.7003099047
0.6420418085
0.5780765452
0.6112794562
0.6589269731
0.6234060613
0.6138530452
0.6635223028
0.7722459487
0.4576011427
0.6099182008
0.6847165114
0.7412719509
0.5386850626
0.7293633485
0.5840055510
0.5952038030
0.5644068900
0.6526624992
0.6114260651
0.7573256823
0.8852757096
0.5335001976
0.6382033015
0.4994100002
0.6728399260
0.7663183296
0.7330537693
0.6362077703
0.6887131849
0.6980367980
0.6001207234
0.7323798016
0.7148130856
0.6801598578
0.8011434933
0.7535095689
0.6358646641
0.7036508962
0.7611203322
0.7007134523
0.7423977528
0.5979309981
0.6053783728
0.6694346759
0.6552412476
0.8333715036
0.7439850362
0.8498376734
0.6848499274
0.7052693157
0.6052682999
0.5158029740
0.6819531717
0.7493991959
0.8086205719
0.7738219646
0.4800985097
0.6706932377
0.8412940632
0.7151676200
0.8178974625
0.7393932997
0.7514107347
0.8841131090
0.6415377133
0.6807708643
0.8200360984
0.6957433798
0.7833863259
0.7323162353
0.7574826195
0.5989361899
0.8281659429
0.6934628791
0.5855573827
0.6533320962
0.7150043157
0.8093077493
0.7255762411
0.7264264320
0.7505925174
0.7825769684
0.8718375240
0.7217134801
0.7802687821
0.8341155008
0.7151695634
0.8129666213
0.7804343547
0.8053532381
0.8669813430
0.8141631685
0.6857417468
0.7320318928
0.7359137352
0.6833298728
0.7964007347
0.7229495088
0.8178111535
0.8527440962
0.8141407310
0.8109347018
0.9551912486
0.8363271564
0.9754589714
0.8731585288
0.6369164841
0.7950720077
0.7715054305
0.8313081612
0.7794781077
0.7944954787
0.8499097720
0.9013443024
0.7130843677
0.8081015922
0.9727861896
0.8594187362
0.9514598732
0.8361259289
0.9222068267
0.9441824039
0.7160794262
0.7659952464
0.8502514535
0.9514357918
0.8789825816
0.9507026170
0.9641338766
0.8518771189
0.7972525537
0.7712208238
0.8576058348
1.0504192775
0.9901807857
1.0171676057
0.8094650823
0.8805297273
0.9966890104
0.9778177113
0.8074174237
0.9076788071
0.8393410985
0.8923019616
0.8700980070
0.8079097265
1.0238357278
0.8794800007
1.2040023073
0.9823391374
0.8217909500
0.9543743921
1.0600009902
1.0247106193
0.9014896303
0.9299544524
0.8535854683
0.9915160326
0.8455131368
0.8609166449
0.9849859903
0.8233917599
0.9120707649
0.7936715673
0.9756277239
0.9582162954
1.0795705657
0.9901935298
0.8842526065
0.9168790931
0.8077156253
0.9318699050
1.0921711656
0.9504821783
1.1002584125
1.0522515302
1.0509812425
1.1074333957
0.9906461366
0.9437831536
1.0097411517
0.9769131290
1.0379356202
0.9142493856
1.0955108533
0.9565534895
1.0235531878
1.0652545212
1.1391192900
1.0512264088
0.9601631967
1.0473750837
0.9065988996
1.0320591921
1.1144211148
1.1092093650
