-1.0094442199
-0.9655634237
-1.0046368459
-1.0253103983
-1.0238702395
-1.1652287994
-1.1205037988
-0.9836807473
-1.0520484056
-1.0369360211
-0.9141155883
-1.1402838773
-1.0481206356
-0.9576265994
-0.9467709987
-0.8738387993
-1.0595633751
-1.0337217296
-1.0083173791
-0.9362576781
-0.9792609306
-0.7825950106
-1.0638938040
-0.9102519051
-0.9223334760
-0.9227246658
-1.0374016535
-0.9905264703
-0.9873934737
-0.9767528170
-0.8718390584
-0.8867812543
-0.9810841779
-0.9110697153
-0.9819392151
-0.9311655219
-0.9704043535
-1.1040333390
-1.0747744497
-1.0075323248
-0.9391764571
-0.9095597910
-0.9137275925
-1.0471124626
-0.8431443446
-0.9344589235
-1.0421101457
-0.9203388490
-0.8235024681
-0.8347877687
-0.9614060612
-0.9104071757
-0.9985293472
-0.8896316148
-0.9195195664
-0.9196725205
-1.1237563225
-0.9439259501
-0.8901151819
-0.9042106716
-0.8662279113
-0.9385110746
-0.8274450184
-0.9209771958
-0.8688966819
-0.8512769552
-0.8733903601
-0.9053672917
-0.8712587045
-0.9295021047
-0.7479156419
-1.0796214992
-0.8819526132
-0.7974333802
-0.7073631487
-0.8598639161
-0.7323130432
-0.8208265311
-0.9218145451
-0.9475476985
-0.9618008263
-0.8870646202
-0.7730933471
-0.7993769740
-0.7543613688
-0.8386709918
-0.8146314896
-0.7224129109
-0.8430144551
-0.7102166085
-0.7922999773
-0.6690747660
-0.8114534902
-0.9562932373
-0.8810277282
-0.8488430905
-1.0330297875
-0.6787747244
-0.8326151951
-0.7092208143
-0.7735720385
-0.9357252413
-0.8162810758
-0.8488948779
-0.8109714453
-0.8168912314
-0.8031014828
-0.9012989558
-0.8495324644
-0.9128680562
-0.7155580293
-0.8666847442
-0.8037549765
-0.6582068584
-0.7353463322
-0.8829659050
-0.7794566419
-0.8516133536
-0.7080295758
-0.8185504037
-0.7572128721
-0.6600736291
-0.6880077699
-0.7756483268
-0.6964466958
-0.8104316437
-0.7534253731
-0.6789874061
-0.8311430296
-0.7173244055
-0.7205098905
-0.6059586457
-0.7310102526
-0.8665511826
-0.8577008887
-0.6966504007
-0.6878381802
-0.7371219868
-0.6514016988
-0.9148111799
-0.7735613306
-0.7187289262
-0.7901476150
-0.5981928176
-0.5964776078
-0.7946451955
-0.7010975274
-0.6455607173
-0.6760559928
-0.6105429458
-0.5792455461
-0.8427755794
-0.8797372296
-0.6736703168
-0.8669454740
-0.7045028101
-0.6654887930
-0.6441213368
-0.7479235776
-0.7866111764
-0.7623111113
-0.7834430333
-0.7798387449
-0.6687467971
-0.7251829602
-0.4840790999
-0.6654571953
-0.5243982981
-0.5790844671
-0.6628181681
-0.6994422451
-0.7323158674
-0.6298664856
-0.8261689511
-0.5680307408
-0.7589547094
-0.6581911641
-0.8960149620
-0.7029117515
-0.6748201229
-0.6359508740
-0.5743857636
-0.4927199808
-0.6237409449
-0.4557296873
-0.7332586252
-0.6328977509
-0.7299167611
-0.5335838186
-0.8577863837
-0.6034723083
-0.6870102421
-0.6885926090
-0.5810788307
-0.5778320686
-0.6139111908
-0.7850777755
-0.6295893766
-0.6500981403
-0.7056955716
-0.5340937902
-0.6398459255
-0.6394500199
-0.7086449888
-0.5904427377
-0.6531304067
-0.5288490481
-0.4997560850
-0.4491111278
-0.7183774961
-0.5812345995
-0.5261770472
-0.6304153801
-0.5622933371
-0.4768777488
-0.6557854292
-0.6270168689
-0.7136083532
-0.5012251140
-0.6202049356
-0.5883333906
-0.6095871880
-0.4307600808
-0.5467144472
-0.4421906772
-0.5006596208
-0.4822410570
-0.5726401740
-0.6031397835
-0.5002652878
-0.4242303470
-0.5640276631
-0.6226052283
-0.6200713947
-0.5141549413
-0.5429890725
-0.6272282344
-0.5370415611
-0.5679523142
-0.6499126343
-0.5972877813
-0.4811734856
-0.5800918969
-0.4952335819
-0.6428114824
-0.5353786426
-0.5695432184
-0.3845839426
-0.4934645417
-0.6431154325
-0.6223418891
-0.5778887991
-0.4770359433
-0.5554781475
-0.4432574119
-0.5122981414
-0.5923844040
-0.3933401552
-0.4152781845
-0.6074562186
-0.3576302068
-0.4430657233
-0.4861646679
-0.4306821248
-0.3489624945
-0.4841890494
-0.4868388933
-0.3113266291
-0.3147921609
-0.3402258295
-0.4754171165
-0.4647473789
-0.3989539588
-0.4861462587
-0.3983533277
-0.4946091925
-0.4141605688
-0.3874439196
-0.4160264263
-0.4433729067
-0.4461314156
-0.3205151768
-0.4336861131
-0.4589104896
-0.3897255304
-0.3004946129
-0.4083604570
-0.5263069175
-0.5279993658
-0.3544128858
-0.4291994232
-0.4226565782
-0.3288860287
-0.4852216683
-0.4465952078
-0.3867059980
-0.4536703732
-0.4851906283
-0.4254914456
-0.4011860121
-0.4157229012
-0.5337643618
-0.3962745016
-0.2725343307
-0.5089746165
-0.3539580929
-0.3481788794
-0.3894178729
-0.4389243930
-0.4426044909
-0.3359476872
-0.4309809598
-0.3614399914
-0.3955603208
-0.4453343097
-0.3764508629
-0.5141893296
-0.4157575934
-0.1494446734
-0.3746023276
-0.2188010576
-0.4068338651
-0.3843048734
-0.2905218149
-0.5431496023
-0.3214866816
-0.4455331530
-0.3601785738
-0.2397314851
-0.4683007752
-0.3447606754
-0.2382153343
-0.2137329904
-0.3695975151
-0.4253017900
-0.3668829447
-0.3459130195
-0.3403561472
-0.1779660382
-0.4111771522
-0.3497911331
-0.2133117304
-0.2951525017
-0.3467950376
-0.6032136905
-0.4047633049
-0.3698868103
-0.2841586338
-0.1677035262
-0.2587611835
-0.1121901071
-0.3552147160
-0.3593246707
-0.3027394165
-0.4168366710
-0.3861941645
-0.1709970503
-0.2711870745
-0.3787021469
-0.1658593095
-0.2591707888
-0.3635790317
-0.3981662942
-0.1105411048
-0.2215139028
-0.2250264332
-0.3169503377
-0.2842898754
-0.2117755460
-0.2677837908
-0.2892655143
-0.1807323996
-0.2952480106
-0.1884680846
-0.2293921686
-0.2708338709
-0.2495406506
-0.3005513205
-0.2473048009
-0.2846039955
-0.2580226041
-0.3039641244
-0.3388062679
-0.3100859999
-0.2429914092
-0.2097701400
-0.2092415517
-0.1680283509
-0.1834394786
-0.1509200072
-0.3171127789
-0.2347126611
-0.1420813422
-0.1916610960
-0.1681094246
-0.3158560642
-0.2013346969
-0.2291449124
-0.3399998800
-0.2725382778
-0.3228111020
-0.2558577244
-0.2639854756
-0.2314974743
-0.2766650308
-0.2284157160
-0.2445212957
-0.3388255613
-0.2309024515
-0.1816085458
-0.0594974967
-0.3168569702
-0.0938690991
-0.2647248396
-0.0578872293
-0.1035652292
-0.0328809495
-0.1496922803
0.0817841572
-0.2431359323
-0.1105735433
-0.2063873923
-0.0401787968
-0.1743967478
-0.1712333045
-0.1360566256
-0.0298675346
-0.1181224741
-0.0922426431
-0.2146007580
-0.0662006756
-0.2368167092
-0.1276020863
-0.1356649952
-0.2138307426
-0.1457250817
-0.1147944029
-0.0667828199
-0.1161618939
-0.2545907141
-0.1361341446
-0.0387163590
-0.1831486813
-0.0772270876
-0.1326175415
-0.3381483747
-0.1324214939
-0.1339395870
-0.1212829520
-0.0457351026
-0.2264056165
-0.0570454137
0.0256869705
-0.2016031898
-0.0857330086
-0.1313896373
-0.0108500894
0.0852745750
-0.0415901719
-0.0819211259
-0.1236372663
-0.1058353117
-0.1384161769
-0.0011742931
-0.0326667847
-0.1356467740
-0.2287101483
-0.0223859163
-0.2334133595
-0.0033539947
-0.0258545342
-0.1112354035
-0.0228243214
0.0357054541
-0.2161761316
-0.1390185297
-0.0271894138
0.0326836007
0.0548136810
-0.1294718856
0.0916287186
-0.0892444211
-0.0118145575
-0.0477856596
0.0710254783
-0.0255632324
-0.0035343916
-0.0581343469
0.0707987149
0.0147955583
-0.1066730274
0.0986936445
0.0826322371
-0.0083146238
-0.1263846635
-0.0420782010
-0.0575733077
0.0410222845
0.0237135148
-0.0563162561
0.0223078619
0.1182566635
-0.0244188276
0.1033511650
-0.0292861144
0.0099963785
-0.1312927302
-0.0785528150
-0.0386268091
0.0389721043
-0.0733066076
0.0023032405
0.0327412199
0.1856691591
0.0809377095
0.1685742839
0.0526852988
0.0117791332
-0.0442680266
0.0758366984
0.0056424685
0.1059353166
0.2026118593
0.1389931342
-0.0608782309
-0.0407993041
-0.0233218198
-0.0893108660
-0.1187760086
-0.1295924242
0.1147488178
0.1471992078
-0.0301803997
0.1235148491
0.0956629094
0.0758429388
0.2207421277
0.1353817248
0.0519966352
0.0654527291
-0.0549326151
0.1560856786
-0.0207358482
-0.0062273846
0.0031238893
0.0950293585
0.1449916207
0.1681010856
0.1139316176
0.0836390342
0.0046134964
0.0488067956
0.0625667771
-0.0017484688
0.0426089049
0.0924377158
0.2545780821
0.1572016297
0.1682640060
0.3614067238
0.1709187814
0.1307667405
0.2071517227
0.0491553904
-0.0090214136
0.1885570609
0.2136957893
0.0925405296
0.2394728368
0.1715885147
0.1248343288
0.1687330664
0.0381289025
0.2079899228
0.0781175223
0.2228191849
0.1447267862
0.2323855789
0.0611728028
0.2615469014
0.2238840407
-0.0506697071
0.1212971661
-0.0170919993
0.1460696152
0.1357162952
0.2270916140
0.3696354946
0.1184195196
0.0801732301
0.1464368338
0.0357062153
0.0993742618
0.1965976595
0.2267427818
0.3188770435
0.1702916263
0.1672219334
0.3068840478
0.1966456717
0.1540728623
0.1482789469
0.2504112903
0.2934688968
0.3938338762
0.2236906507
0.2953059118
0.3520735135
0.0794636690
0.1986173624
0.1922990836
0.2747569571
0.2346084804
0.1293633304
0.0920145370
0.1125891484
0.1535871401
0.2427305277
0.2445720683
0.3136593414
0.1579261653
0.1963542493
0.2482552112
0.3083218661
0.0945021640
0.2315751945
0.2004695257
0.1904539368
0.1458522983
0.2212036372
0.1280020454
0.1005129252
0.3396545981
0.3251237684
0.2255805990
0.3414708389
0.2732771291
0.1412259661
0.2063344804
0.2789949099
0.3731462198
0.2947763829
0.5116620236
0.2686278791
0.3340132500
0.3651216276
0.2532453539
0.3682294900
0.3313859429
0.3687660266
0.4725553506
0.3426670690
0.1892786895
0.3396519434
0.3292019404
0.4243486706
0.3239691315
0.2559210644
0.4813911262
0.3165611345
0.3958878294
0.3963592815
0.3075306762
0.4887464772
0.3279642188
0.4072022280
0.3325417196
0.1717419220
0.2899508411
0.3203928052
0.3845379954
0.1575874459
0.4542051217
0.1382834170
0.4198376547
0.2646729669
0.3080390295
0.4785003821
0.3076881544
0.1989497136
0.3653897208
0.4092555159
0.4506445049
0.3690962811
0.4592867393
0.4423291048
0.3261397600
0.4176551438
0.3294094472
0.3821973210
0.3754098935
0.2855404131
0.4148507943
0.3835026429
0.2644161731
0.3596707522
0.3969789641
0.3939957897
0.4561017930
0.3361164477
0.3731880607
0.4135074566
0.4813519567
0.4446342088
0.4199499014
0.4628327816
0.4763204778
0.4792069872
0.3018728155
0.5318763679
0.5325970162
0.4962642265
0.4268130676
0.3438313076
0.4318346777
0.4871342405
0.3304967487
0.4194192017
0.4334599404
0.5674307646
0.5773128798
0.4445211134
0.3753559912
0.3628400731
0.4828901732
0.4519655061
0.5252929787
0.5234454304
0.5719391161
0.5712186282
0.4219198333
0.4576356187
0.5072819592
0.3699096350
0.4846053729
0.5214462657
0.5338004282
0.4663834645
0.3030304470
0.3551962166
0.6258593092
0.4640587618
0.5661119623
0.6224980592
0.3266879037
0.3821895774
0.5241000732
0.7055827189
0.5018897323
0.4609751146
0.4073951219
0.5601202506
0.4955048664
0.4696062169
0.4508024042
0.5393985702
0.2801795368
0.4292874156
0.5579858196
0.7725064345
0.5694390236
0.4818133069
0.5497621671
0.4920831253
0.6565241708
0.5796240309
0.4591174847
0.4394007959
0.5838964257
0.5443635027
0.5555215887
0.6122778485
0.5432849135
0.5709072248
0.7517771093
0.6028115683
0.5625816231
0.6342815689
0.5441179487
0.4058251326
0.5749436491
0.6924287706
0.6439287503
0.4905310360
0.5719819292
0.5116541401
0.5512927012
0.7548249136
0.6090570139
0.5777577984
0.7140728481
0.5661369912
0.4283728647
0.6433688467
0.6337934929
0.5778407849
0.5169292258
0.8310086247
0.7201821276
0.7248962339
0.6786350123
0.5494463925
0.6974754887
0.5555459101
0.6740343249
0.6424884453
0.6616065453
0.5607886188
0.6429701417
0.5859086865
0.6737645166
0.6296056447
0.6201028213
0.6765009081
0.6816577157
0.6855683942
0.7165603036
0.5612910983
0.5850976705
0.6132334879
0.6212392820
0.5945642532
0.6117360972
0.6040171077
0.7079279276
0.5845659635
0.6502576182
0.7581369085
0.5512545347
0.5960650400
0.6849490585
0.6118069318
0.5745540775
0.6412984953
0.5130198974
0.5213975190
0.6942052336
0.6483575118
0.8553945395
0.5791903467
0.5824163624
0.5771596981
0.6476941935
0.6409532944
0.6269276220
0.6938955352
0.6710210767
0.6956845969
0.6772999646
0.6035314396
0.7349582611
0.8632532630
0.7245726120
0.6240425745
0.7837081870
0.8402784649
0.7496006169
0.7230059081
0.8016604203
0.7317947315
0.6997464789
0.7866637753
0.7387093244
0.6368936650
0.8313540697
0.7759831958
0.8106630847
0.7437533011
0.6026842209
0.6406678927
0.5485370300
0.8154746495
0.7045737520
0.7569086685
0.8775776228
0.8290377063
0.8311855503
0.6096607847
0.7342032449
0.8498749205
0.8386511162
0.8252543546
0.7200450668
0.7467857144
0.7958511689
0.8499312276
0.6220146339
0.7911934137
0.7894572074
0.7681001940
0.7681804542
0.7000202731
0.7630270358
0.6958022805
0.7473726225
0.8676075028
0.7910941036
0.7348973102
0.8419938540
0.8000570759
0.8623642517
0.7455828873
0.9597787265
0.8739968956
0.8294089182
0.7230564032
0.7193913848
0.8267542696
0.8723868735
0.8543514140
0.6837032641
0.7241313345
0.7317065797
0.8289751481
0.6832887867
0.8035902427
0.8230654237
1.0178359894
0.8663863498
0.8236458913
0.8047279691
0.9945421351
0.8299389355
0.9195839191
0.8884639036
1.0264303544
0.6622048381
0.9220264537
0.8021790207
0.7907248321
0.9119077329
0.7631394577
0.8316887660
0.7880410000
0.9348772455
0.9489018804
0.8434333363
0.7979428377
0.8526944199
0.9917420404
0.9132205826
0.8587443723
1.0006872766
0.9092915652
0.8808850913
0.9665572148
0.7638683819
0.7599873072
0.8861044590
0.7785276481
0.7734270373
0.8180595856
0.6734079636
0.9123243599
0.9720587117
0.9819493670
0.9143916990
0.8640855615
0.9533120590
1.0476114516
0.8948052174
1.0557020179
0.9176770476
0.9173144800
0.9169268118
0.7095916487
0.8989659219
1.0989194298
0.7605666077
0.9411829702
1.0107071170
0.7851143453
0.9498038570
0.9387645483
1.0352540631
0.9636239381
0.9548228125
0.8849766026
0.9881301886
0.9625394447
1.0702122436
0.9395915457
1.0117488206
1.0377006796
0.9827106751
0.9092708142
0.8676064873
0.8797201616
0.8227961556
0.9531737756
1.0422776779
0.9242432986
0.9417546639
0.9768884678
0.9183306310
0.9372781562
1.0118084826
1.0968439426
1.0398865087
0.9693018699
