-1.0076326682
-0.9790653985
-1.0089469340
-1.0415427087
-1.0244966447
-1.1611290699
-1.1229643761
-0.9925955364
-1.0395202365
-1.0415931508
-0.9148044391
-1.1202854466
-1.0721608458
-0.9629984522
-0.9345454511
-0.8833992705
-1.0634252411
-1.0266584737
-0.9903741225
-0.9288753112
-0.9604449773
-0.7796323810
-1.0393972545
-0.9288493831
-0.9214291016
-0.9139604652
-1.0328684389
-0.9914383942
-0.9710964406
-0.9850600966
-0.8912261353
-0.8843909377
-0.9603465290
-0.9138930001
-0.9661386153
-0.9306131035
-0.9682927854
-1.0783898922
-1.0714964137
-0.9890522506
-0.9290987674
-0.9106266909
-0.9076583139
-1.0407252773
-0.8343710495
-0.9378089703
-1.0381734561
-0.9281702007
-0.8181429224
-0.8217703623
-0.9617592995
-0.9192447962
-0.9856016369
-0.8778664257
-0.8983484637
-0.9286937857
-1.1322936730
-0.9373079647
-0.8819270550
-0.8987060048
-0.8291434445
-0.9402114798
-0.8268985646
-0.8853314376
-0.8812806095
-0.8673010347
-0.8552575954
-0.9118642589
-0.8765003869
-0.9326712374
-0.7474310124
-1.0561694230
-0.8797588537
-0.8028623389
-0.6944917873
-0.8649044693
-0.7138632003
-0.8033789634
-0.9191742341
-0.9523446468
-0.9606899401
-0.9278812265
-0.7479537714
-0.8252120635
-0.7718920710
-0.8462363480
-0.8155447849
-0.7365863762
-0.8551226949
-0.7049843690
-0.7803381098
-0.6647502805
-0.8121817226
-0.9662213892
-0.8338960635
-0.8340174472
-1.0428620020
-0.6815510249
-0.8278531963
-0.7173990941
-0.7926419560
-0.9220919345
-0.8078595253
-0.8513991922
-0.7906358434
-0.7981852292
-0.7858429268
-0.8895403648
-0.8575872192
-0.9192068063
-0.7078435454
-0.8508197960
-0.7860873452
-0.6725994717
-0.7355999369
-0.8548375057
-0.7980409030
-0.8465969522
-0.7248065473
-0.8267746961
-0.7626346899
-0.6877699389
-0.6910460893
-0.7700849636
-0.7025546979
-0.8073561818
-0.7690601283
-0.6900190598
-0.8379234010
-0.7225706314
-0.7069714165
-0.6113118769
-0.7266967140
-0.8779365433
-0.8525306592
-0.7166640423
-0.7001407560
-0.7449503729
-0.6494380874
-0.9149607875
-0.7658183428
-0.7084459557
-0.7844701084
-0.6163379049
-0.6137299015
-0.8046322529
-0.7082873178
-0.6550387639
-0.6703981416
-0.6202576093
-0.5745393603
-0.8538080604
-0.8877654712
-0.6647760072
-0.8663500584
-0.7074780816
-0.6481721222
-0.6599076144
-0.7379745178
-0.7769298723
-0.7761489878
-0.7920051601
-0.7741318058
-0.6693898635
-0.7108513878
-0.4946525179
-0.6820561983
-0.5471071195
-0.5770413191
-0.6773909932
-0.6901546569
-0.7333320295
-0.6157932272
-0.8426750147
-0.5667891682
-0.7624582398
-0.6698002710
-0.8941388602
-0.6812861408
-0.6600229983
-0.6238159113
-0.5581017697
-0.4953186038
-0.6191791713
-0.4768218161
-0.7240306768
-0.6307949242
-0.6917797541
-0.5512601371
-0.8541477978
-0.6164342030
-0.6948871008
-0.7134136812
-0.6001170347
-0.5728698477
-0.6167216064
-0.8008248006
-0.6338297154
-0.6534127727
-0.6941416878
-0.5172148046
-0.6389917780
-0.6423427901
-0.7115672790
-0.6013110655
-0.6818272602
-0.5384981944
-0.4943328244
-0.4509588486
-0.7110883724
-0.5962820506
-0.5315572241
-0.6492976047
-0.5676280089
-0.4805219279
-0.6767782081
-0.5999779012
-0.7104345356
-0.4942113454
-0.6156617859
-0.5868673948
-0.6246632692
-0.4495350091
-0.5338553217
-0.4302883955
-0.5087100760
-0.4800442541
-0.5539899967
-0.6007446681
-0.4870977695
-0.4260087481
-0.5860585197
-0.6251074293
-0.6287714909
-0.5081639059
-0.5568048225
-0.6314559172
-0.5234166697
-0.5514190091
-0.6317953883
-0.5836022719
-0.4740822684
-0.5710884145
-0.5253531542
-0.6337792021
-0.5405368011
-0.5562790304
-0.3845430963
-0.5128069741
-0.6436752942
-0.6294322259
-0.5635615723
-0.4658083392
-0.5605009899
-0.4236463433
-0.5045497758
-0.6294325668
-0.3859543367
-0.3964279337
-0.6012094284
-0.3696976073
-0.4425741015
-0.4782094301
-0.4334011668
-0.3614205554
-0.4692408843
-0.4938349152
-0.3156001667
-0.3301501401
-0.3564048021
-0.4526931501
-0.4442220984
-0.4072036364
-0.4823566180
-0.3782635536
-0.4843715583
-0.4349406476
-0.4077263618
-0.4057123392
-0.4440146990
-0.4464532489
-0.3384012196
-0.4404849720
-0.4748502180
-0.4031211981
-0.3039099307
-0.4096369143
-0.5372930521
-0.5368970448
-0.3585286329
-0.4169835282
-0.4178641793
-0.3158057402
-0.4717553698
-0.4490208448
-0.3704644601
-0.4365006343
-0.4851542625
-0.4192543673
-0.3901594267
-0.3972234896
-0.5303999922
-0.3861150259
-0.2956529520
-0.5078619303
-0.3309795436
-0.3472153277
-0.3919285703
-0.4374136315
-0.4553571867
-0.3203966193
-0.4269903459
-0.3663063842
-0.4267724435
-0.4546005258
-0.3389797348
-0.4985448741
-0.4244396129
-0.1610618844
-0.3751716024
-0.2173585116
-0.4247438631
-0.3658937412
-0.2805375851
-0.5297190099
-0.3204857660
-0.4263050621
-0.3492240258
-0.2701302071
-0.4889595576
-0.3574892368
-0.2304746411
-0.2066800846
-0.3621911966
-0.4299505609
-0.3562896338
-0.3477559681
-0.3477174268
-0.1861864989
-0.3998044122
-0.3403995955
-0.1991445120
-0.3077206542
-0.3387326815
-0.6114488089
-0.3974270653
-0.3593126971
-0.2860061025
-0.1663191468
-0.2395597270
-0.1284310619
-0.3559365834
-0.3600407250
-0.3210309582
-0.4194415393
-0.4191323182
-0.1700583685
-0.2770684846
-0.3659776834
-0.1674877721
-0.2784903179
-0.3571878116
-0.3835558352
-0.1008909289
-0.2355960099
-0.2575879818
-0.2877418130
-0.2720561364
-0.2078379908
-0.2700690651
-0.2887464835
-0.1795309556
-0.2938888240
-0.1663344898
-0.2391122560
-0.2780741951
-0.2455637071
-0.3234103200
-0.2433686607
-0.2701388427
-0.2492665522
-0.3001531286
-0.3338506599
-0.3174233661
-0.2304453634
-0.2252236230
-0.2056077379
-0.1626208854
-0.1801540484
-0.1463144414
-0.3168205869
-0.2292770119
-0.1315322743
-0.1887503086
-0.2044791077
-0.3221878259
-0.2106272147
-0.2336526473
-0.3297774001
-0.2744084562
-0.3021022317
-0.2582063762
-0.2715067031
-0.2209281545
-0.2718923329
-0.2114104399
-0.2292549750
-0.3339737656
-0.2221619761
-0.2055667000
-0.0659478260
-0.2990607815
-0.0756699118
-0.2600180355
-0.0444722479
-0.1185140457
-0.0433936617
-0.1478568890
0.0464897383
-0.2244103359
-0.1181659183
-0.2055447174
-0.0566890880
-0.1793714873
-0.1861428082
-0.1525454702
-0.0419656401
-0.0941270735
-0.0706349109
-0.2100688253
-0.0736338111
-0.2540830125
-0.1271074534
-0.1296324435
-0.2232493478
-0.1291730800
-0.1232448748
-0.0573397481
-0.1284700294
-0.2449118572
-0.1407163731
-0.0397297564
-0.2014575380
-0.0621070639
-0.1346582021
-0.3234979217
-0.1359230836
-0.1322676421
-0.1342358528
-0.0620954308
-0.2263941042
-0.0628077401
0.0427474405
-0.1949992963
-0.0900413211
-0.1080797359
-0.0288468308
0.0696186750
-0.0737318948
-0.0993051913
-0.1173692171
-0.1100129033
-0.1379939720
-0.0212184452
-0.0294315605
-0.1241498103
-0.2235096799
-0.0201821524
-0.2402501746
-0.0050686823
-0.0424372636
-0.1150846586
-0.0089254539
0.0213810073
-0.2129520584
-0.1241093556
-0.0250029060
0.0122460907
0.0550376129
-0.1465894874
0.0914989355
-0.0777702633
-0.0223803986
-0.0501098499
0.0525211536
-0.0119452641
0.0138483553
-0.0721141879
0.0986739699
0.0042166506
-0.0993812740
0.0975845499
0.0961209253
-0.0029741118
-0.0982035973
-0.0430325774
-0.0552633753
0.0211069475
0.0313603783
-0.0494875968
0.0239591876
0.1238675030
-0.0123298014
0.1085791999
-0.0277506752
0.0003142104
-0.1474570285
-0.0939678020
-0.0270328203
0.0375854421
-0.0780144484
-0.0189654332
0.0338736616
0.1691408024
0.0791653733
0.1526604930
0.0204273014
0.0061832749
-0.0489622081
0.0636903594
-0.0053857531
0.1174463222
0.2138146112
0.1228842719
-0.0549800475
-0.0456670162
-0.0127115472
-0.0604459865
-0.1160417964
-0.1343620401
0.1061678255
0.1602980570
-0.0311376092
0.1346550590
0.1007128702
0.0882939359
0.2222763489
0.1387056191
0.0630500772
0.0855507173
-0.0390285557
0.1610990547
-0.0297996194
-0.0135305008
0.0130934881
0.0799985141
0.1302588484
0.1657192033
0.1072841039
0.0805104642
0.0081368873
0.0153871869
0.0570924252
-0.0167782224
0.0557034347
0.0974526398
0.2455375139
0.1718448446
0.1514258744
0.3544609854
0.1576707364
0.1308631027
0.1939164478
0.0649928033
-0.0230252056
0.1996119152
0.2288762825
0.0919915592
0.2245505073
0.1729719177
0.1272292298
0.1446664024
0.0332723886
0.2148289773
0.0692133500
0.2436242051
0.1370149889
0.2204738980
0.0406087319
0.2518039960
0.2058190941
-0.0691136088
0.1321668728
0.0119406292
0.1770350598
0.1342004587
0.2106278910
0.3671476566
0.1236236120
0.0753527405
0.1424296034
0.0497843047
0.0999320848
0.2003794686
0.2221058197
0.3264103747
0.1734372542
0.1657273329
0.2953018495
0.1979004602
0.1591226567
0.1570871607
0.2367989098
0.2875473907
0.3999751668
0.2270088304
0.2876638848
0.3106817784
0.0345500926
0.1968618883
0.1587785386
0.2724121407
0.2329093434
0.1197413202
0.0970157648
0.1110404602
0.1593669040
0.2687803068
0.2483654190
0.2891657424
0.1611179043
0.1964480851
0.2757831651
0.2857498313
0.0994507609
0.2323390440
0.1798805385
0.1831283614
0.1365433015
0.2261574173
0.1179093544
0.0880567119
0.3429396625
0.3418791026
0.2074403531
0.3654893717
0.2672773570
0.1608948306
0.2054818767
0.3049394612
0.4050935676
0.2947165393
0.4988262511
0.2698398543
0.3530683935
0.3501022701
0.2491834137
0.3840900389
0.3127733098
0.4034271618
0.4762570788
0.3225482843
0.1779319873
0.3501633431
0.3217745693
0.4336462851
0.3129017660
0.2699805813
0.4666555432
0.3269323305
0.3914444069
0.3864333578
0.3023414065
0.4952473815
0.3150219502
0.4104812563
0.3148694102
0.1615860627
0.3048941081
0.2915033404
0.3819404046
0.1673438747
0.4547074500
0.1335551923
0.4252475014
0.2684987833
0.2963964985
0.4792891834
0.3010593026
0.2124060595
0.3500729855
0.4068950061
0.4486010588
0.3626644121
0.4491842242
0.4505178604
0.3189581887
0.4490034890
0.3199948529
0.3961108924
0.3717489183
0.3056589986
0.4213061496
0.3890239171
0.2559078326
0.3554282611
0.3941455347
0.3977497321
0.4704467511
0.3299425209
0.3646183055
0.4037756460
0.4785602970
0.4499452551
0.4239346641
0.4699483676
0.5025186349
0.4825594695
0.3032978991
0.5356922651
0.5480914177
0.4736665823
0.4382317041
0.3442958444
0.4518877331
0.5215641309
0.3330794949
0.4170503778
0.4062929054
0.5653609985
0.5687386947
0.4151107456
0.3955302469
0.3622965412
0.4760610274
0.4734350251
0.4937233588
0.5132483446
0.5453375062
0.5489982288
0.4264875417
0.4585074352
0.5122696124
0.3965888656
0.4829309302
0.4976113161
0.5217185942
0.4695667479
0.3075280135
0.3729682331
0.6228210574
0.4554449459
0.5720965804
0.6084064195
0.3344726056
0.3702474232
0.5531703213
0.6836454324
0.4970792838
0.4992205459
0.3964079762
0.5671322688
0.5030301170
0.4681639801
0.4724993578
0.5480841716
0.2839633668
0.4465326449
0.5699942160
0.7550200292
0.5577554273
0.4741200340
0.5538307630
0.4896136833
0.6340856713
0.5825895247
0.4591248993
0.4457705018
0.5743433960
0.5481613708
0.5519575584
0.6200050668
0.5590475762
0.5698629960
0.7272883461
0.6079182584
0.5734709779
0.6156395226
0.5660261798
0.4262111215
0.5664337653
0.6957775810
0.6557753089
0.5052431710
0.5765815118
0.5158328235
0.5353081192
0.7614816969
0.6006228734
0.5762713149
0.6936428651
0.5586245556
0.4630416513
0.6456594622
0.6547264792
0.5880599475
0.5298546101
0.8588501875
0.7450678447
0.7150186770
0.6612000141
0.5721730924
0.6826461469
0.5541133870
0.6741544084
0.6104711182
0.6523909472
0.5526785908
0.6456006053
0.5990690777
0.6624910295
0.6159429655
0.6272006736
0.6592382313
0.6670414735
0.6720463684
0.7099084901
0.5448093838
0.5665849267
0.6060453237
0.6364404258
0.6184894951
0.6236302924
0.6187683317
0.7135605906
0.6046154020
0.6373933424
0.7319700327
0.5449805193
0.5851408471
0.6869805756
0.5965559452
0.5720513490
0.6424268694
0.5293184888
0.5119613215
0.7118695733
0.6638476790
0.8527950975
0.5863015953
0.5759596655
0.5813951872
0.6472753511
0.6541828884
0.6018182170
0.6871817049
0.6849872910
0.6956738812
0.6855080580
0.6084232994
0.7306414828
0.8773542406
0.7249352572
0.6334911585
0.7938238800
0.8540955802
0.7592714915
0.7206490889
0.7855406258
0.7044979002
0.7223802684
0.7724268999
0.7507614067
0.6272478241
0.8163978427
0.7716408665
0.8130199470
0.7478760843
0.6324571937
0.6550463340
0.5433435019
0.7905054752
0.6904992450
0.7441050448
0.8635563364
0.8288883517
0.8156147705
0.6063796701
0.7304512169
0.8500666019
0.8643194634
0.8225417781
0.7192893099
0.7458136747
0.8253356535
0.8517763107
0.6412890220
0.8059265880
0.8083640268
0.7601661415
0.7698032580
0.6936190993
0.7824262120
0.6913784729
0.7648807506
0.8693189131
0.7727283181
0.7047226245
0.8201553055
0.8208057807
0.8623262002
0.7391467003
0.9651807688
0.8630008362
0.8376279051
0.7602117919
0.7221528836
0.8253809543
0.9045353548
0.8791721058
0.6779597629
0.6859039012
0.7330150250
0.8137745266
0.7017053559
0.8123980149
0.8324217082
1.0016218936
0.8653636428
0.8206414211
0.7860148626
0.9800340357
0.8341466135
0.9024540249
0.8824819867
1.0350699912
0.6741591930
0.9252583614
0.7968275934
0.7999184993
0.9015906238
0.7759680806
0.8214126150
0.7949918799
0.9309343375
0.9810355569
0.8510198228
0.7834048833
0.8229465931
0.9873240734
0.8793886863
0.8653502646
0.9802252680
0.9146375013
0.9179213747
0.9209391806
0.7501757085
0.7862043819
0.8781094618
0.7966951898
0.7861680732
0.8203219074
0.6758944645
0.8970343105
0.9833166107
0.9839720526
0.9186769992
0.8924475206
0.9367750066
1.0549416283
0.9095463230
1.0521189410
0.9276211275
0.9300020617
0.9366403106
0.7101216369
0.9051842095
1.1122737494
0.7678978861
0.9568830505
1.0141098106
0.7906220104
0.9550108704
0.9168452722
1.0233124648
0.9618376619
0.9614169616
0.8912867663
0.9997208346
0.9576637758
1.0632685979
0.9415933686
1.0082194066
1.0244516077
0.9727041238
0.9253384540
0.8497497896
0.8712489563
0.7994873109
0.9672573458
1.0614248373
0.9382522790
0.9516390845
0.9936010493
0.9374749611
0.9248933963
1.0133811817
1.1029603610
1.0247804893
0.9438879762
