-0.8743363918
-1.0162350175
-0.9970778796
-0.9459441942
-0.9654475901
-0.9510775114
-1.0438443310
-0.9239376831
-0.9407302796
-1.0144206215
-1.0367425290
-1.0068190856
-1.0736873908
-1.0024623127
-0.9557456694
-0.9699331367
-1.0105059212
-1.0240611782
-0.9084752955
-0.7233764870
-0.9823864095
-0.8806993343
-0.9479620576
-1.0038253707
-0.9237073232
-0.8946944864
-0.9859264431
-0.8091094931
-0.9685937176
-0.9048292616
-0.9848868901
-0.8827705647
-0.7753839262
-1.0408278929
-0.8586062105
-1.0258757283
-0.9246427509
-0.8087342934
-0.7803544011
-0.8054602814
-0.8931387942
-0.7488050672
-1.0241475318
-0.9157887928
-0.9340137207
-0.7282268721
-0.8489204653
-0.8601067688
-0.9311858820
-0.8080041558
-0.7923955693
-0.8994691907
-0.9431580283
-0.8600943287
-0.8821014430
-0.9615200783
-1.0402839452
-0.8196852068
-0.9753885221
-0.7810840569
-0.8482410248
-0.9682554259
-0.8412482814
-0.8048160273
-0.9448537059
-0.8993616626
-0.8461214782
-0.9321564918
-0.9078844827
-0.8111661026
-0.9391403376
-0.7518803515
-0.7081438614
-0.7862641209
-0.9686352670
-0.9598784604
-0.8149890185
-0.8497902668
-0.8392805625
-0.7969995434
-0.8082158543
-0.7426031633
-0.7967571250
-1.0008473501
-0.7219859470
-0.7229925064
-0.8163952501
-0.9674344497
-0.9464263572
-0.7766591487
-0.8463399770
-0.5382131270
-0.6570633166
-0.8631093102
-0.8990414732
-0.7700275647
-0.7928884638
-0.8274691235
-0.8240282036
-0.8153653570
-0.8633019649
-0.8403104532
-0.7262799362
-0.8593665073
-0.8347236181
-0.8073258736
-0.8927432563
-0.9952731663
-0.8835514254
-0.7322154152
-0.8089231093
-0.8738508650
-0.7477705931
-0.8321143063
-0.8307605132
-0.6671970644
-0.6884742508
-0.5883116865
-0.8236350847
-0.6110640531
-0.6045256217
-0.6842717151
-0.8211524850
-0.6616731521
-0.7463581473
-0.5794779445
-0.6311018680
-0.6105755945
-0.8979308692
-0.6979112006
-0.7070929529
-0.6664157090
-0.7107813973
-0.7431772443
-0.7027383336
-0.7734874271
-0.6414492171
-0.6910502508
-0.7110330085
-0.6533211202
-0.7841715221
-0.6716726248
-0.7032016694
-0.7843572807
-0.6089258807
-0.7925498003
-0.6917293774
-0.7392634022
-0.7817942746
-0.5256006226
-0.7048878576
-0.8090943603
-0.5835554379
-0.6784279216
-0.6898041130
-0.6400493804
-0.7439723581
-0.6034213401
-0.7077945147
-0.8183862695
-0.7984552921
-0.5947614633
-0.5257749509
-0.6605500452
-0.5881344615
-0.7305220430
-0.7501616158
-0.6932403385
-0.5983134806
-0.7832937858
-0.7290406355
-0.6596595963
-0.7050864123
-0.6557542038
-0.5750314071
-0.6904579885
-0.6464539094
-0.6432707457
-0.6669581596
-0.5920142770
-0.6295128983
-0.5177012610
-0.7132482842
-0.5680984439
-0.6964260382
-0.7409546743
-0.5390856201
-0.6570475742
-0.5698969429
-0.6950862693
-0.6866483614
-0.6912789308
-0.6914576321
-0.6992444777
-0.6680162674
-0.5800800902
-0.6578777166
-0.4402282749
-0.5983373076
-0.5773846567
-0.5235125230
-0.5397766189
-0.5029796273
-0.5398838197
-0.6073875784
-0.5576088901
-0.7088229899
-0.4964185427
-0.5518518582
-0.5545830318
-0.8217887904
-0.6464692487
-0.6108991153
-0.5957211537
-0.3875862502
-0.4595454454
-0.5150050764
-0.5379504875
-0.5557661960
-0.5922853256
-0.6111269020
-0.6097237047
-0.4838982839
-0.5427744661
-0.6005566258
-0.5070504355
-0.6426853771
-0.4787268467
-0.5782414679
-0.5133962420
-0.3322768162
-0.6210248022
-0.5966673944
-0.5911291854
-0.6286180616
-0.5224514384
-0.4856133913
-0.5003049243
-0.5456094158
-0.5050767339
-0.5443408578
-0.5877916698
-0.4447396516
-0.4986891057
-0.4977683891
-0.5483211342
-0.5361973729
-0.5276620082
-0.4758385058
-0.5370506095
-0.4380355711
-0.5241900880
-0.4455455566
-0.5010353441
-0.5513458741
-0.5112544680
-0.3042246200
-0.4521851932
-0.5805084617
-0.4042099890
-0.3486558077
-0.4711277782
-0.4730694629
-0.3788547574
-0.5325845608
-0.5934125075
-0.5097434883
-0.5353179111
-0.3854374660
-0.3825830980
-0.3649232394
-0.3890912862
-0.4071724491
-0.4256173372
-0.5571366348
-0.5125220700
-0.3992248942
-0.4285115245
-0.4073366945
-0.3798006154
-0.3106370437
-0.5486590186
-0.3705381183
-0.3471189078
-0.4825874812
-0.4015652471
-0.4136862882
-0.4146570246
-0.4433594500
-0.4161459632
-0.5004596104
-0.5219149518
-0.5324129009
-0.3649541378
-0.5333838519
-0.3071969727
-0.3439096868
-0.4523592655
-0.2764692363
-0.3798601364
-0.3596549902
-0.4343667937
-0.4087552692
-0.3219979367
-0.2549651654
-0.4413419508
-0.3919890993
-0.4344784051
-0.3434910338
-0.3026595342
-0.4766754744
-0.3963806084
-0.4773379522
-0.3131524476
-0.3687219474
-0.2778475433
-0.5596592014
-0.2754418792
-0.4128357433
-0.2467155267
-0.2644125992
-0.3491102172
-0.2362439148
-0.2977937610
-0.2726802025
-0.3924305971
-0.3797442213
-0.5262900590
-0.3605675807
-0.2909648361
-0.2722092193
-0.4439817315
-0.3353303876
-0.4373400311
-0.3381850317
-0.2155119180
-0.4057422096
-0.3619343167
-0.2753743145
-0.3434285095
-0.3289843278
-0.1901430464
-0.2093388400
-0.1243736577
-0.4402628644
-0.3738212798
-0.3016384815
-0.3255500851
-0.2731495728
-0.3133324942
-0.2839484768
-0.3778063408
-0.2177070758
-0.2010241343
-0.3687619554
-0.1993504099
-0.4114243068
-0.3343266246
-0.3648868167
-0.2901852829
-0.3086859475
-0.3218772883
-0.2327275781
-0.3978710963
-0.4941551141
-0.4361670027
-0.2329521975
-0.3103641402
-0.1056262265
-0.2923334847
-0.2052731594
-0.2047822534
-0.1701165449
-0.2426352140
-0.2848056221
-0.2034951187
-0.2610806448
-0.3230588658
-0.2114015017
-0.2133938428
-0.3523497115
-0.0850862539
-0.3189058061
-0.3850095333
-0.3193690213
-0.2686945965
-0.1507287560
-0.1128312673
-0.1321084264
-0.0060161774
-0.2996999704
-0.3206483883
-0.1554056595
-0.3072625906
-0.1791290018
-0.2194152303
-0.1871526475
-0.2805724170
-0.2810595786
-0.3272531821
-0.2587706302
-0.2067281070
-0.1152464756
-0.1944237184
-0.1229117701
-0.1323560049
-0.3143132493
-0.0267542551
-0.1972391057
-0.1322328005
-0.1758641801
-0.1290743800
-0.0657895756
-0.0791712288
-0.2710760267
-0.2296160480
-0.0973823747
-0.3117435554
-0.1631137994
-0.2167463249
-0.3014465660
-0.2368734022
-0.0721486013
-0.1062314236
-0.0196166722
-0.1867882059
-0.2214791095
-0.0997404563
-0.0825217168
-0.0921501056
-0.1526113691
-0.1513608537
-0.1212743535
-0.0758678380
-0.0197318928
-0.1558781645
-0.0863285026
-0.0267821300
-0.2629249329
-0.0785174686
-0.0262037022
-0.0885388575
-0.0899617443
-0.0278975969
-0.0287071938
-0.1163856014
-0.0683507034
-0.0751656453
-0.1430096172
-0.0221951220
-0.0155317636
-0.1149788202
-0.1582392370
-0.0004695696
-0.1178442683
-0.1030454705
-0.1310971944
0.0109098989
0.0156327195
-0.1200425705
-0.1447344689
-0.0811648871
-0.1561881095
-0.1412849701
-0.0892679207
-0.1365486822
0.0066608386
-0.0309698110
-0.0576744704
-0.1381433508
-0.1767400783
-0.1380435681
-0.1142399794
-0.1475486753
-0.1287115050
-0.0315426669
-0.0192954808
0.0936002525
-0.0597997583
0.0088119867
0.2389961619
-0.0305655152
-0.0006779701
0.0659386314
0.0401146801
-0.1504885825
-0.1392286463
-0.1195301425
-0.0368836759
0.0673216125
-0.0821271038
0.0716817030
0.0358104447
0.0034666132
0.0618500935
-0.0298885250
-0.0224553269
-0.0093638080
-0.1519091604
-0.0841170449
-0.0737769742
0.0616429724
0.1388247778
-0.0184289470
-0.0740927560
0.0462067776
-0.0854472414
0.1040840741
-0.1578829648
0.0441957436
0.0033584220
0.1895261667
0.0139308401
0.0296252621
0.0172709094
0.1090400734
-0.0144949228
-0.1569844225
0.1011080814
-0.1501790676
-0.0425487556
0.0098147400
0.1228989813
-0.2352011605
-0.1027031011
-0.0185460260
-0.1109687779
0.0916794003
-0.0546621838
0.0301834112
0.0901620415
-0.0511366277
-0.0239881202
-0.1078389795
0.0831506176
0.1113388629
0.0482828599
-0.0135462054
0.0004512771
0.1026266852
0.0843846715
0.1063119705
0.0646068345
0.3318722594
-0.0690138416
0.2502242042
0.1675293792
0.1500782597
0.0351873888
0.0815557459
0.1618131293
-0.0014184748
0.0856288329
-0.0210080127
0.1198167341
-0.0569791803
0.1607421296
0.1232580780
0.1084090457
0.0922426384
0.0590770332
0.1053327224
0.1445529388
0.1511650151
0.0710679917
0.0956783952
0.1601616191
0.0539382123
0.1541875218
0.1205721148
0.2539250251
0.0589686813
0.2202879777
0.1638122813
0.0243585274
0.1525782238
0.0405181631
0.1648084669
0.1868669601
0.2583683222
0.1300334705
0.1809883619
0.1914706508
0.2177795025
0.0796932160
0.1198265026
0.2706616481
0.1767559478
0.0725203934
0.1730422141
0.2171597611
0.2886968158
0.2751943753
0.1701121639
0.2567735641
0.0643260585
0.2278756144
0.2730536837
0.2471342967
0.1861662417
0.0334843392
0.2600806988
0.1820492498
0.3102535675
0.2572843696
0.1272875037
0.1627292369
0.3003257743
0.1051181604
0.2698818034
0.1543803285
0.1396098999
0.3181699350
0.2856160529
0.2734678717
0.1912560073
0.2580499905
0.0662175239
0.2761350622
0.4006413632
0.3946484185
0.1351060819
0.4163596747
0.1978881702
0.2689854188
0.2039497816
0.1890066687
0.1422474829
0.2458984234
0.2745771972
0.4040318894
0.2196076317
0.1402089415
0.2159278756
0.3165117230
0.2526754181
0.3397777352
0.3144898771
0.3211938366
0.2699212733
0.2547279723
0.1360027324
0.2538171043
0.1328678440
0.2882594326
0.4130939816
0.3679893562
0.1804049485
0.3531768778
0.4549488525
0.1994458485
0.2961285483
0.1571370914
0.2967908278
0.1870270995
0.2405642828
0.3497674506
0.2157234478
0.3051159827
0.2624317743
0.3073481314
0.3899511893
0.2615090073
0.2397364397
0.2456410170
0.2964559925
0.3355672304
0.3200649058
0.2360480807
0.3347552227
0.4481532902
0.2804679002
0.3667874454
0.2998554377
0.2178076086
0.3213602457
0.4415971329
0.3142947760
0.3355028670
0.3972241035
0.3895254411
0.3257813634
0.2601537303
0.3214925893
0.4142429855
0.3771640184
0.4741297022
0.3954812510
0.5010350659
0.3906528126
0.3411006549
0.4244647983
0.3113206604
0.3931644274
0.2137996840
0.4423957682
0.3895226753
0.3355946654
0.4646814077
0.2959624392
0.4269750327
0.3366102332
0.4994756065
0.4039211913
0.3189983478
0.5187737490
0.3972564078
0.3834271608
0.4330842636
0.3968169566
0.4223491930
0.3618648210
0.3662312562
0.4250648378
0.3637010910
0.2543813969
0.4517930946
0.4207112501
0.4383757568
0.4422707179
0.5131757742
0.4526982494
0.4127339282
0.6070717591
0.5009146949
0.4668414590
0.4914724820
0.4709089743
0.5340061101
0.3721773773
0.4721724974
0.5308477047
0.3348199112
0.5591307596
0.5966716914
0.5499602371
0.3155731484
0.4172780471
0.5040766237
0.5501317304
0.6348622825
0.5201302141
0.5221535818
0.4149968100
0.3930201450
0.5127640275
0.5467492597
0.4892243752
0.6047906220
0.5560349631
0.4209456706
0.6732824886
0.5105007732
0.5347804116
0.5535377607
0.4766152718
0.5199351876
0.6668062230
0.5590837535
0.4116198053
0.5463635073
0.5418080349
0.5444486694
0.5890330252
0.5274892792
0.7479425931
0.5142926739
0.5595644168
0.3837430125
0.5046311044
0.4489916286
0.5123852493
0.5752683794
0.5835900168
0.4098114885
0.6427226023
0.5655383894
0.4698514070
0.7197057853
0.6040229724
0.6180166520
0.7314459021
0.5059070199
0.6137921902
0.5862901244
0.4912407820
0.6027830495
0.6016441982
0.6309916372
0.6691436323
0.5263384564
0.4621822372
0.5566778358
0.5025978818
0.4611797142
0.6831401689
0.4404510195
0.5254153770
0.4409325550
0.5858596449
0.6606454564
0.5602460955
0.6284820531
0.6564945867
0.4763102518
0.5640300275
0.6849075095
0.5838195497
0.5566605139
0.5270522153
0.7588786058
0.5798101189
0.5850332411
0.6481435294
0.6660948246
0.4565634237
0.6152247741
0.6294237660
0.6414890287
0.7919182960
0.4671780820
0.6035391356
0.7316550211
0.7675751686
0.5701161755
0.5565022887
0.5932597989
0.8852850079
0.6353285393
0.6222652456
0.7698301736
0.5455569826
0.7330210901
0.7420234013
0.6362780152
0.6489366847
0.6642158501
0.5953050556
0.7439497294
0.7654301819
0.7312084111
0.6506611552
0.5899779378
0.6658554611
0.5953668297
0.7684655707
0.6857353651
0.7096063197
0.7343260850
0.7852984256
0.6802392902
0.7549533543
0.6328697137
0.5593098059
0.7186794850
0.5981646424
0.6937265951
0.6233336711
0.7291959927
0.8227159060
0.7542726164
0.6636844769
0.6408013622
0.6365826704
0.8106247883
0.7675109749
0.8606868376
0.9320749149
0.8060377499
0.7762514414
0.6652827085
0.7081660929
0.6453607737
0.7174974904
0.8702158790
0.8521341640
0.8221100479
0.6883259584
0.6594392050
0.8389597913
0.7894992739
0.7297662219
0.7832151599
0.7810865561
0.8383095061
0.7196130908
0.9171685224
0.8071840863
0.8302781836
0.7357033865
0.7957495684
0.9306566653
0.6997912110
0.7399083032
0.8061889185
0.7796390041
0.6717510497
0.7914249252
0.8035225630
0.8401323902
0.7199901696
0.6815486187
0.8164018294
0.7508116773
0.7970848895
0.9242556888
0.7697173357
0.8280543128
0.9298695733
0.8075969015
0.9137201938
0.7886814591
0.9208555264
1.0087109901
0.7942915644
0.7848739449
0.8181217357
0.9121867596
0.8694280918
0.8090991958
0.8324391631
0.7735262230
0.8938757364
0.8419939607
0.8296632985
0.9474640203
0.8816029646
0.7942531675
0.9489780305
0.8218811209
0.8136655213
0.7500997920
0.9730476756
0.7684563432
0.9196198582
0.8677919781
0.8608695600
0.9319508127
0.9501941104
0.8674918497
0.9934179683
0.8092468197
0.8223679210
0.9088052888
0.8014578466
0.9018666302
0.7517477783
0.9433555144
0.9789240439
0.8014938291
0.8121665482
0.9674508227
0.8979020351
0.9484237544
0.9115939501
0.7847858096
0.8451317666
0.8509672251
0.8245106998
0.9626583776
0.9446257565
0.9845622518
0.8787717510
0.8771055610
1.0319031510
1.0678244009
0.9737718243
0.8867718217
0.8643889955
1.0214877673
0.9240386003
0.9640232190
0.9115639270
0.9031168120
0.9117919564
0.8777396665
1.0188701413
0.9756663560
0.9176594022
1.0755277426
0.8800071231
0.9382194780
0.8889055856
1.0350877780
0.9511109840
0.9007665142
0.9917637500
0.9363866319
1.0359860332
1.0049326743
1.0694042242
1.1014289767
1.0662535323
1.0093821586
1.0564304491
0.9117803293
1.0741921156
1.0423256661
1.0201964065
1.1300218421
