-1.0066045046
-0.9700899199
-1.0105945127
-1.0531577634
-1.0352194400
-1.1293014016
-1.1095250280
-1.0121839146
-1.0317579368
-1.0350558380
-0.9218488519
-1.1032437353
-1.0656984771
-0.9774208114
-0.9196285096
-0.8799228312
-1.0668114047
-1.0322051956
-0.9946282197
-0.9400657346
-0.9682340380
-0.8034886235
-1.0418611333
-0.9318524048
-0.9117497113
-0.9070664003
-1.0385851449
-0.9819407726
-0.9620412343
-0.9876239827
-0.8716982746
-0.8929674121
-0.9694873881
-0.9056720715
-0.9830335709
-0.9271705295
-0.9714163735
-1.0915386204
-1.0869422978
-0.9833818590
-0.9114717000
-0.8991752476
-0.9284033259
-1.0360693385
-0.8308847842
-0.9189583043
-1.0084788579
-0.9306514716
-0.8125610248
-0.8286488633
-0.9343105596
-0.9019358598
-0.9973751488
-0.8793271268
-0.9250502926
-0.9302859706
-1.1462865544
-0.9318652762
-0.9025319535
-0.9027953163
-0.8445081318
-0.9397808231
-0.8163731553
-0.8984029759
-0.8671116515
-0.8346579955
-0.8589091450
-0.9023942025
-0.8695209775
-0.9399358697
-0.7659777515
-1.0429562473
-0.8772893043
-0.7967359806
-0.6835570177
-0.8504009053
-0.7168613329
-0.8211037776
-0.9099246438
-0.9385764775
-0.9704949953
-0.9000325450
-0.7433153603
-0.7983588229
-0.7447514940
-0.8303210977
-0.8035293119
-0.7262446700
-0.8500298798
-0.7201557175
-0.7953799763
-0.6913877897
-0.8261914805
-0.9513098622
-0.8517104711
-0.8513523873
-1.0498756792
-0.6880119477
-0.8329912939
-0.7040804126
-0.7679013606
-0.9146852669
-0.8221699161
-0.8680942909
-0.7971501533
-0.8127532817
-0.8166745693
-0.8900181857
-0.8518490090
-0.9260975834
-0.6968174189
-0.8828661684
-0.7868729942
-0.6708669930
-0.7101341577
-0.8768247546
-0.7805075933
-0.8631982786
-0.7191587248
-0.8249047296
-0.7352492664
-0.6644450037
-0.6724108219
-0.7770975457
-0.6859138688
-0.7859290368
-0.7658382572
-0.6832274912
-0.8334926164
-0.7271441381
-0.7131588246
-0.6133829118
-0.7128880853
-0.8740540460
-0.8676632224
-0.7138434803
-0.7142295161
-0.7361798161
-0.6114033570
-0.9218346388
-0.7832332423
-0.7327055342
-0.7735713227
-0.6039339097
-0.5972790621
-0.7867874790
-0.6916383795
-0.6737898991
-0.6721305733
-0.6294494671
-0.5773966929
-0.8687686125
-0.8919233882
-0.6620547944
-0.8621918081
-0.6919103086
-0.6380276201
-0.6541772846
-0.7415156604
-0.7979546286
-0.7885407468
-0.7741530013
-0.7556987796
-0.6729411676
-0.7178320215
-0.4987373461
-0.6739040351
-0.5354948733
-0.5852235495
-0.6727049874
-0.6947841214
-0.7368596430
-0.6161453082
-0.8340279265
-0.5718181008
-0.7677298323
-0.6678914997
-0.9023404410
-0.6901172380
-0.6574038559
-0.6444320069
-0.5598538960
-0.4751572921
-0.6257082379
-0.4515542235
-0.7234712785
-0.6174765249
-0.7143828530
-0.5357364749
-0.8604327454
-0.6050000755
-0.6726930042
-0.6959886791
-0.6119230629
-0.5908058011
-0.6262286147
-0.7697518635
-0.6184784483
-0.6528428563
-0.7040111824
-0.5216884124
-0.6529177844
-0.6475309771
-0.7147305544
-0.5914309642
-0.6570169384
-0.5337524231
-0.5212812645
-0.4735620211
-0.7327443272
-0.5817842393
-0.5248828512
-0.6602538432
-0.5496527242
-0.4793633870
-0.6479780051
-0.6005867245
-0.7073507873
-0.4992450856
-0.5983804172
-0.5796628464
-0.6323072032
-0.4323677288
-0.5246054085
-0.4329638707
-0.5016221157
-0.4777227461
-0.5685631468
-0.5752329395
-0.4818030763
-0.4276503523
-0.5773381804
-0.6321952082
-0.6374653198
-0.5075269672
-0.5492458460
-0.6400866147
-0.5572674811
-0.5518092951
-0.6384817770
-0.5907474281
-0.4695456302
-0.5733894404
-0.5180319376
-0.6464754430
-0.5532242496
-0.5587615378
-0.3893039188
-0.5036020997
-0.6602153074
-0.6356016801
-0.5638190853
-0.4627922763
-0.5551567155
-0.4482725856
-0.5303547955
-0.5771799930
-0.4011165905
-0.3962291231
-0.5804787160
-0.3583951701
-0.4373607124
-0.4800150823
-0.4479974522
-0.3508784954
-0.4606405682
-0.4758213811
-0.3127978278
-0.3030200841
-0.3501113535
-0.4658483560
-0.4460768002
-0.4087171627
-0.4868564565
-0.3934640202
-0.4921384617
-0.4367209813
-0.4026211693
-0.4051306563
-0.4498682293
-0.4445931214
-0.3383362458
-0.4298561340
-0.4678952731
-0.3929948984
-0.3075315237
-0.4052339344
-0.5436336636
-0.5436964647
-0.3546685374
-0.4244374636
-0.4316741667
-0.3262326962
-0.4603691126
-0.4345324443
-0.3509716911
-0.4543164280
-0.5092722213
-0.4221230007
-0.3982183579
-0.3978438287
-0.5366970827
-0.3746752608
-0.2564672698
-0.5038467670
-0.3464403540
-0.3550728658
-0.4019052016
-0.4298799246
-0.4528609203
-0.3214654686
-0.4112759413
-0.3884021044
-0.4262417905
-0.4378814187
-0.3483075536
-0.5157105812
-0.4113703544
-0.1508616642
-0.3711801305
-0.2104275409
-0.4129441845
-0.4018995439
-0.2965264369
-0.5352385212
-0.3007118325
-0.4314947486
-0.3475914126
-0.2739846043
-0.4513186004
-0.3385800564
-0.2403304225
-0.2173391257
-0.3774433660
-0.4166152368
-0.3395480033
-0.3457380165
-0.3353979043
-0.1834427929
-0.3990166147
-0.3405647186
-0.2198365428
-0.3070624214
-0.3351934623
-0.6247833257
-0.3966213270
-0.3547879285
-0.2996418268
-0.1707993315
-0.2494961307
-0.1277362555
-0.3525191632
-0.3558373923
-0.3086155089
-0.4379592077
-0.3916476928
-0.1875761329
-0.2505751014
-0.3629112161
-0.1732351761
-0.2607938029
-0.3538936119
-0.4136222983
-0.0976885029
-0.2364865511
-0.2396300470
-0.2958326463
-0.2688093028
-0.2079909736
-0.2676202334
-0.3006029365
-0.1846696396
-0.2880863466
-0.1806838675
-0.2278228140
-0.2794502865
-0.2496729666
-0.3086115154
-0.2463946296
-0.2667521052
-0.2724970402
-0.2986495679
-0.3457704687
-0.3184432390
-0.2320621740
-0.1983276279
-0.2040450636
-0.1905882107
-0.1883189275
-0.1570435524
-0.3119269920
-0.2278311662
-0.1570605364
-0.1935042379
-0.1825324533
-0.3174122364
-0.1989438243
-0.2146573331
-0.3314822173
-0.2564466939
-0.3123213500
-0.2483597122
-0.2523134767
-0.2204409824
-0.2622895891
-0.2034145058
-0.2662462419
-0.3295802197
-0.2167541384
-0.1875780828
-0.0368388852
-0.2957900038
-0.0890410632
-0.2476907360
-0.0380759273
-0.1227482960
-0.0252739248
-0.1488682056
0.0618673345
-0.2418403455
-0.1019063397
-0.2226930931
-0.0625166626
-0.1728808162
-0.1655541703
-0.1488662746
-0.0320489508
-0.1085594756
-0.0986052591
-0.2039830518
-0.0746056127
-0.2406885435
-0.0946739361
-0.1492653532
-0.2277801652
-0.1215187184
-0.1331100125
-0.0418070746
-0.1158080089
-0.2484045936
-0.1330372971
-0.0185625441
-0.2031418821
-0.0858901189
-0.1179092688
-0.3269523093
-0.1028666202
-0.1452300334
-0.1268124745
-0.0589035048
-0.2104212556
-0.0676652529
0.0157380296
-0.1975383053
-0.1010158765
-0.1200538442
-0.0069376053
0.0926069311
-0.0748874216
-0.0837831975
-0.1134203644
-0.0981644887
-0.1554499171
-0.0143590380
-0.0430749541
-0.1226888701
-0.2373046105
-0.0069305538
-0.2431653211
0.0035775246
-0.0355488924
-0.1029489803
-0.0229750775
0.0147581365
-0.2158606439
-0.1253220237
-0.0174105548
0.0079608463
0.0760540969
-0.1444747507
0.0734941165
-0.0832685942
-0.0166013890
-0.0335115738
0.0631800592
0.0127381180
0.0096865309
-0.0768937151
0.0945318568
0.0198446026
-0.1052820561
0.1085517323
0.0967936620
-0.0351783480
-0.1190372034
-0.0515297042
-0.0283155476
0.0374070749
0.0190904810
-0.0474895497
0.0427328975
0.1204957219
-0.0205262696
0.0907866472
-0.0275664877
0.0000558620
-0.1239519448
-0.0857803464
-0.0352713829
0.0159418418
-0.0751153563
-0.0014494836
0.0275807179
0.1724632459
0.0798011051
0.1842920280
0.0227222411
0.0068368445
-0.0595365287
0.0798111632
-0.0022651590
0.1323866921
0.2112011531
0.1157473524
-0.0650825594
-0.0174919770
-0.0228089458
-0.0734413109
-0.1369457147
-0.1220432230
0.1122346974
0.1451834419
-0.0238645114
0.1434324917
0.1021986339
0.0810091064
0.2086744561
0.1417275408
0.0533348058
0.0764698593
-0.0492593948
0.1483507832
-0.0243743684
-0.0143038714
0.0464730019
0.0844366099
0.1649840328
0.1701572938
0.1058528890
0.1010803690
-0.0083096424
0.0371921477
0.0827160291
0.0130585152
0.0607497879
0.0916961787
0.2472793662
0.1658404070
0.1511497636
0.3517156605
0.1528543263
0.1267819826
0.2029971457
0.0545494663
-0.0102664617
0.1853332999
0.2377594003
0.0698401352
0.2155444426
0.1563825249
0.1360245459
0.1601870722
0.0224322982
0.2107108681
0.0987467352
0.2435831178
0.1334564076
0.2239685827
0.0508288912
0.2505947993
0.2148947662
-0.0457518207
0.1215989074
-0.0203193924
0.1703699043
0.1525588087
0.1987449992
0.3367785307
0.1158529232
0.0900196537
0.1515018228
0.0150757381
0.1039537702
0.2008937639
0.2287229066
0.3027890365
0.1564520850
0.1569690307
0.3158611884
0.2001027820
0.1734141568
0.1542545745
0.2432849467
0.2730860059
0.3862471132
0.2179357781
0.2978486796
0.3382215970
0.0555458811
0.2066893255
0.1895006905
0.2798935944
0.2308013667
0.1255402335
0.0845754782
0.1116412923
0.1736289064
0.2535577929
0.2571688451
0.2850393627
0.1584972799
0.1856617792
0.2588457238
0.2843512500
0.0764103118
0.2079529262
0.1933402844
0.1936230922
0.1303375318
0.2222122816
0.1297741128
0.0952104260
0.3437725305
0.3388593491
0.2191096400
0.3539069149
0.2597501968
0.1481748025
0.1897915174
0.3095206971
0.3810561643
0.3087335369
0.5005044954
0.2829454558
0.3524283053
0.3522157314
0.2575230723
0.3687286189
0.3347497366
0.4262910031
0.4571326559
0.3321320435
0.1786308757
0.3719368552
0.3412870088
0.4258960750
0.3169851144
0.2437911756
0.4589030952
0.3239741421
0.4047091509
0.3904514231
0.3162982295
0.4807283422
0.3143605272
0.4114249285
0.3414343805
0.1805149131
0.3108718504
0.2991159092
0.3587784778
0.1663885770
0.4559712253
0.1360721595
0.3868348106
0.2783039518
0.2922899855
0.4923377688
0.3108466191
0.2098988536
0.3640594539
0.4036368897
0.4366539145
0.3715797342
0.4304249985
0.4613583853
0.3213160001
0.4278325383
0.3421186235
0.3728458355
0.3658616276
0.2859609069
0.4077657408
0.4044782994
0.2820664046
0.3511514013
0.3794895668
0.3700171006
0.4703210494
0.3148861076
0.3653044453
0.4204555853
0.4960080057
0.4503123718
0.4394504925
0.4589012787
0.5150917939
0.4841660958
0.3070504065
0.5121573736
0.5307298329
0.4860637636
0.4284244163
0.3658266276
0.4345235482
0.4957081405
0.3467773459
0.3903827427
0.4381102137
0.5595391884
0.5927653451
0.4187810290
0.3942208517
0.3581527857
0.4831024320
0.4721242736
0.5210913933
0.5237326490
0.5593891220
0.5609975686
0.4238824907
0.4684664531
0.5071029141
0.3745027860
0.4957717827
0.4943213662
0.5364930841
0.4876701799
0.3019346272
0.3638382724
0.6103617581
0.4355443989
0.5533895099
0.6377670418
0.3283297479
0.3667917657
0.5437991793
0.6924503408
0.4946887798
0.4931728066
0.4001780227
0.5638489463
0.4883408662
0.4591101024
0.4799015844
0.5507955736
0.2967717523
0.4360631522
0.5491959179
0.7726441220
0.5732379632
0.4581657218
0.5561791843
0.4946043755
0.6509047457
0.5907843052
0.4544148858
0.4430243653
0.5776634319
0.5213180332
0.5281328240
0.6390736524
0.5459749552
0.5625810329
0.7110877703
0.6007289903
0.5690392216
0.6201632343
0.5415136872
0.4097018345
0.5833828605
0.6997762815
0.6479570499
0.5165445664
0.5644374104
0.5250191404
0.5452860720
0.7374478545
0.5946447979
0.5779356174
0.7061463056
0.5691605259
0.4447618922
0.6675313600
0.6419435564
0.5818544515
0.5390567991
0.8388588421
0.7195722206
0.7350677321
0.6740066885
0.5635997960
0.7247063901
0.5505199122
0.6618649303
0.6194670722
0.6649445533
0.5710874075
0.6430202692
0.5771946830
0.6833717559
0.6318199471
0.6359715750
0.6697794127
0.6670919958
0.6652886745
0.6886611557
0.5416243833
0.5734136257
0.6368497704
0.6385123946
0.6222223318
0.6290029369
0.6049053931
0.7139408860
0.6027154100
0.6290315920
0.7356171657
0.5422181519
0.5945937911
0.6901639209
0.6183028522
0.5739850698
0.6556632138
0.5309575410
0.5396585948
0.6893978031
0.6624365615
0.8681969040
0.5849569776
0.5801493524
0.6005103289
0.6362980238
0.6605949306
0.6110305685
0.6973654835
0.6922162484
0.6869781521
0.7038486995
0.6148300716
0.7455175947
0.8836023132
0.7275446438
0.6237496374
0.7946000829
0.8334313783
0.7449747890
0.7243734692
0.8045239035
0.7103610104
0.7159354159
0.7844898728
0.7375413696
0.6299043106
0.8235060969
0.7606846853
0.7943049586
0.7429112780
0.6119439434
0.6315284098
0.5544612653
0.7876497079
0.6859457206
0.7602489216
0.8587189546
0.8425611064
0.8235014379
0.6228484842
0.7487534754
0.8262977397
0.8595365708
0.8077895921
0.7050453834
0.7754472385
0.8024524237
0.8393548920
0.6312193547
0.7888859530
0.7885544926
0.7364464814
0.7718001883
0.7184346901
0.7756881785
0.6987476908
0.7684892913
0.8675471627
0.7870852634
0.7191751479
0.8362591614
0.8007780490
0.8839963633
0.7591481489
0.9494721174
0.8576658465
0.8373292145
0.7410662085
0.7324543118
0.8097446814
0.8519368710
0.8507579187
0.6843547639
0.6957075597
0.7175006171
0.8178897437
0.6871121344
0.8182617360
0.8272769526
1.0109154528
0.8636884973
0.8029270745
0.8252125048
0.9690088002
0.8438870343
0.9212865778
0.8916370828
1.0325379520
0.6870498840
0.9414500475
0.8093594747
0.7833416128
0.9118934644
0.7692214294
0.8239188221
0.7796607400
0.9209085503
0.9646929923
0.8633975773
0.7917290677
0.8332033441
0.9923104941
0.8960917396
0.8893004465
0.9913750115
0.9037837290
0.8867725055
0.9351823282
0.7827847022
0.7617878650
0.8869081668
0.7893519961
0.7578747318
0.8187549601
0.6838256009
0.8918847444
0.9884856286
0.9938706924
0.9236648423
0.8778747981
0.9401924291
1.0508400991
0.8879533007
1.0479990076
0.9092251978
0.9415355920
0.9359037963
0.7299397674
0.9006192779
1.1278351506
0.7630742937
0.9522670954
1.0090702787
0.7953655652
0.9889282542
0.9474071537
1.0190605183
0.9788220850
0.9591909508
0.8884971622
1.0059177000
0.9725950190
1.0699896045
0.9578587400
1.0076050678
1.0411382644
0.9710836000
0.9202900760
0.8553611840
0.8744885774
0.8092601737
0.9429392188
1.0581118127
0.9039329696
0.9357421912
0.9828879795
0.9292523756
0.9232641178
1.0238680198
1.0955888553
1.0254762801
0.9735544101
