-1.0101442801
-0.9727526980
-1.0143459785
-1.0524216384
-1.0221339262
-1.1494518374
-1.1163573373
-0.9949720604
-1.0350209020
-1.0385302613
-0.9323761034
-1.1218489343
-1.0729435011
-0.9659070294
-0.9403249516
-0.8961251596
-1.0725437212
-1.0336669929
-0.9913502823
-0.9331745325
-0.9694962588
-0.7974206043
-1.0624111106
-0.9141131799
-0.9400501782
-0.9229528868
-1.0323163203
-0.9997878835
-0.9849157705
-0.9561887513
-0.9097276892
-0.8904341714
-0.9552498910
-0.9345108520
-0.9827633347
-0.9218302277
-0.9741794177
-1.0911804150
-1.0466083330
-0.9915700033
-0.9248515499
-0.8926719453
-0.9001640947
-1.0379288748
-0.8571218871
-0.9309304642
-1.0300434107
-0.9359728663
-0.8225682643
-0.8222482574
-0.9630608016
-0.8915335703
-0.9881998073
-0.8736590288
-0.9230354553
-0.9373856824
-1.1317319915
-0.9397319214
-0.8888131487
-0.9077217938
-0.8536491341
-0.9423048903
-0.8217959369
-0.9094959560
-0.8668181731
-0.8396313997
-0.8754631962
-0.9034631509
-0.8682327096
-0.9269411844
-0.7584360245
-1.0594669786
-0.8842031727
-0.7957082924
-0.6742481010
-0.8780338923
-0.7109237705
-0.8094298110
-0.9125543438
-0.9373241523
-0.9692504154
-0.8911673678
-0.7711536081
-0.7846542182
-0.7324750826
-0.8557665432
-0.8075187483
-0.7237875809
-0.8599634527
-0.7080251926
-0.7945172868
-0.6734006896
-0.8225507824
-0.9693363176
-0.8582969198
-0.8473927869
-1.0256754714
-0.7019918766
-0.8366956432
-0.7015725923
-0.7830083123
-0.9185550114
-0.8074794565
-0.8578440491
-0.7865195836
-0.8010886998
-0.8000791293
-0.9010372178
-0.8427879212
-0.9193417643
-0.6916159978
-0.8384072998
-0.7926268299
-0.6522243664
-0.7248107158
-0.8567547034
-0.7869747163
-0.8597417159
-0.7344422269
-0.8313725570
-0.7443118308
-0.6572539647
-0.7029177696
-0.7710261718
-0.6724449592
-0.8287259832
-0.7539091473
-0.7107181343
-0.8480901774
-0.7358472404
-0.7031317785
-0.6076484606
-0.7290647632
-0.8580984327
-0.8649404765
-0.7217716898
-0.6696965191
-0.7380927208
-0.6652314771
-0.9359083431
-0.7787331277
-0.7136513870
-0.7954483283
-0.6122659228
-0.6142787122
-0.7851020128
-0.7063531344
-0.6533668093
-0.7015456914
-0.6246484083
-0.5728261131
-0.8424918359
-0.8942888156
-0.6663123581
-0.8536795264
-0.7045079446
-0.6453123861
-0.6484129999
-0.7233970785
-0.7776517947
-0.7726761567
-0.7778574373
-0.7536207980
-0.6479954402
-0.7186928198
-0.4704413946
-0.6921561618
-0.5290041966
-0.5957281478
-0.6805593387
-0.7014583792
-0.7305959280
-0.6128797815
-0.8429025737
-0.5814035437
-0.7767345432
-0.6726513013
-0.9134936514
-0.7180700769
-0.6677946747
-0.6137589664
-0.5716624257
-0.4882821484
-0.6412751284
-0.4701795695
-0.7411559803
-0.6019718893
-0.7026626958
-0.5145492205
-0.8645901697
-0.6112498206
-0.6897654269
-0.7229841555
-0.5993268479
-0.5913221955
-0.6168640098
-0.7715086947
-0.6408077514
-0.6432729370
-0.7037092781
-0.5284668487
-0.6561690715
-0.6337522368
-0.7044573824
-0.5944152077
-0.6368962924
-0.5335317342
-0.4995788255
-0.4578544738
-0.7066547656
-0.5808898296
-0.5082496884
-0.6588712736
-0.5674612536
-0.4829861887
-0.6749855453
-0.6200772609
-0.7160415427
-0.4996617760
-0.6102511227
-0.5646494117
-0.6197380924
-0.4530162390
-0.5275565240
-0.4198164101
-0.5026768389
-0.4781053215
-0.5543122992
-0.5893870877
-0.4867246248
-0.4460135344
-0.5904986283
-0.6223526901
-0.6204398730
-0.4902793814
-0.5696717179
-0.6458793990
-0.5495866575
-0.5667858191
-0.6397323644
-0.6034442714
-0.4835367946
-0.5818713105
-0.5242198554
-0.6475762235
-0.5355316838
-0.5452053067
-0.3920426984
-0.4959415338
-0.6470249487
-0.6346409279
-0.5693499634
-0.4406087867
-0.5433852105
-0.4417733682
-0.4929442411
-0.5874191514
-0.3809748800
-0.3867790173
-0.6118328960
-0.3449184239
-0.4378418674
-0.4629780849
-0.4400213894
-0.3522081166
-0.4790357651
-0.4906217914
-0.3038100246
-0.3135169749
-0.3404900849
-0.4751412612
-0.4417619614
-0.4190534673
-0.4963267141
-0.3785744080
-0.4854496221
-0.4261744400
-0.4374746462
-0.4107886014
-0.4350246313
-0.4412289075
-0.3467944473
-0.4461833437
-0.4744575066
-0.3998060449
-0.3134579866
-0.4035394804
-0.5259752677
-0.5239726721
-0.3594351731
-0.4229939796
-0.4347750471
-0.3152950526
-0.4684430320
-0.4283024630
-0.3794597446
-0.4576034096
-0.4812260559
-0.4268872881
-0.3862862928
-0.3900972927
-0.5390038730
-0.3938958402
-0.2705191550
-0.5046916911
-0.3485629461
-0.3416229694
-0.3968383615
-0.4482564828
-0.4588806528
-0.3196514056
-0.4218395185
-0.3733115854
-0.4080394077
-0.4511870830
-0.3606823658
-0.5061178984
-0.4053644461
-0.1437228590
-0.3707912165
-0.2222946487
-0.4084796809
-0.3930113139
-0.2893005332
-0.5297341155
-0.3225545494
-0.4289713264
-0.3553954664
-0.2788620986
-0.4872248698
-0.3580270083
-0.2492858409
-0.1964114387
-0.3640417734
-0.4458343944
-0.3464651279
-0.3492242560
-0.3415925213
-0.1979859517
-0.3992950554
-0.3487266483
-0.2038312485
-0.3061726685
-0.3147154123
-0.5979035443
-0.3766879114
-0.3620722055
-0.2961373720
-0.1550758102
-0.2705731942
-0.1159783430
-0.3467269043
-0.3524813213
-0.3015407716
-0.4196225356
-0.3876559832
-0.1565299073
-0.2820849783
-0.3740532154
-0.1669888535
-0.2700618773
-0.3371391790
-0.4103701740
-0.1227794699
-0.2430031308
-0.2547333598
-0.3063076164
-0.2720662108
-0.1967625460
-0.2578500352
-0.2994707924
-0.1620493361
-0.3013728214
-0.1766819335
-0.2169180699
-0.2670296214
-0.2448445846
-0.3521797702
-0.2325479085
-0.2803030916
-0.2498575693
-0.2913374468
-0.3494422271
-0.3055496366
-0.2326592514
-0.2179164165
-0.1964167463
-0.1746866671
-0.1911103688
-0.1452311433
-0.3158159874
-0.2080483347
-0.1612447142
-0.2142098071
-0.1927698738
-0.2929163235
-0.2098904740
-0.2160811554
-0.3378712671
-0.2687618915
-0.3101470716
-0.2629717737
-0.2566817628
-0.2514927994
-0.2836997308
-0.2106780604
-0.2434327007
-0.3303178613
-0.2259218987
-0.1874685229
-0.0643894368
-0.2967973420
-0.1105173509
-0.2563943411
-0.0457985720
-0.1016955887
-0.0342281218
-0.1572766061
0.0581653853
-0.2222021642
-0.1203690273
-0.2097841963
-0.0609695621
-0.1626839071
-0.1609548699
-0.1479148594
-0.0343244184
-0.1242770734
-0.1049368785
-0.2305018435
-0.0888863394
-0.2382856082
-0.0978545478
-0.1530972523
-0.2001768185
-0.1012620339
-0.1259114690
-0.0466080976
-0.1282958969
-0.2440814478
-0.1453058433
-0.0312179106
-0.1786608643
-0.0833389706
-0.1323213507
-0.3122152714
-0.1448098695
-0.1237121036
-0.1259887507
-0.0590137949
-0.2319959931
-0.0653426851
0.0060188862
-0.2062784590
-0.0973808530
-0.1339009079
-0.0226569716
0.1045454653
-0.0652431223
-0.0987494668
-0.1174362617
-0.1127363519
-0.1521088601
-0.0025269450
-0.0352086910
-0.1110208205
-0.2329528760
-0.0256191805
-0.2301096899
0.0281521977
0.0015132375
-0.0959293102
-0.0241066902
0.0211150270
-0.2015719665
-0.1269858637
-0.0319692459
0.0238500020
0.0475493719
-0.1154200805
0.0924333129
-0.0792497557
-0.0131991239
-0.0357321817
0.0702921086
-0.0154076598
0.0135134636
-0.0750427488
0.0889680520
-0.0010062547
-0.0872770596
0.1161399040
0.1060736896
-0.0073659172
-0.0977577020
-0.0069878891
-0.0503470480
0.0156416936
0.0223699683
-0.0519168601
0.0270737085
0.0991114603
-0.0133249728
0.0990121580
-0.0225707515
-0.0015578390
-0.1302229913
-0.0762891585
-0.0209602338
0.0194311417
-0.0763377688
0.0156301688
0.0495041412
0.1684524344
0.0605785313
0.1589246300
0.0167336198
-0.0120346044
-0.0497679687
0.0767132850
0.0165555865
0.1226644874
0.2064938479
0.1347654589
-0.0415125516
-0.0225061434
-0.0289979260
-0.0560115060
-0.1001078445
-0.1498571042
0.1082031999
0.1366670355
-0.0405006813
0.1432682723
0.0817536612
0.0974123688
0.2156130606
0.1472402795
0.0711637522
0.0785587892
-0.0610163777
0.1565496957
-0.0243913696
-0.0054035678
0.0058793859
0.0770576974
0.1546784308
0.1697759674
0.1140306803
0.0682375703
0.0058240723
0.0146774640
0.0739515863
-0.0107382520
0.0571834533
0.0987383488
0.2433455063
0.1715733440
0.1623635238
0.3406403192
0.1748331686
0.1203488792
0.1917516701
0.0456431625
-0.0229289283
0.1769748140
0.2321522790
0.0956602619
0.2296150664
0.1707185235
0.1207475899
0.1543089130
0.0269256897
0.2220171754
0.0856471157
0.2360501468
0.1344715904
0.2233024512
0.0529700612
0.2504136129
0.2272615363
-0.0363274419
0.1317233137
-0.0052105459
0.1703889892
0.1379434706
0.2097631148
0.3765388155
0.1305894253
0.0769138279
0.1463625530
0.0191004732
0.1134341549
0.2098352509
0.2188146569
0.3178405787
0.1682090095
0.1638741860
0.2930365162
0.1849327118
0.1490666017
0.1204958229
0.2439253570
0.2892546543
0.4016896132
0.2271896955
0.3029426102
0.3362805955
0.0699719706
0.2193201943
0.1706513643
0.2873111857
0.2324066319
0.1224943014
0.0905929532
0.1178811431
0.1552239496
0.2479759787
0.2600384476
0.2904342827
0.1625597202
0.2005001394
0.2807646949
0.3007812207
0.1195184351
0.2202845993
0.1821710017
0.1757568724
0.1457097523
0.2172433028
0.1407177934
0.1011857164
0.3437237207
0.3277831189
0.2160775447
0.3673642210
0.2661331049
0.1401108633
0.2175350926
0.2954789054
0.3858461568
0.3079342479
0.5102485689
0.2847879172
0.3602460419
0.3484056583
0.2662585133
0.3679121583
0.3323446310
0.3888838389
0.4629565189
0.3250569931
0.1960128676
0.3687864051
0.3184236618
0.4221840235
0.3248165907
0.2340399490
0.4587761495
0.3217171460
0.4154590608
0.3675298874
0.3180334698
0.4752710056
0.3313534089
0.4141887007
0.3291919462
0.1822597228
0.3116426774
0.2800698594
0.3928532777
0.1767386038
0.4475501539
0.1567463280
0.4248228708
0.2574942563
0.2996504018
0.4696688356
0.3052862058
0.2281752115
0.3414699747
0.4044190952
0.4366341415
0.3576927760
0.4259783779
0.4534364195
0.3216950596
0.4198872048
0.3203083500
0.3881191740
0.3695280750
0.3018433963
0.4138662868
0.4045837320
0.2579218851
0.3629219064
0.3995501598
0.3893438865
0.4639520879
0.3186881124
0.3882975350
0.4029282135
0.4606112270
0.4533929518
0.4195484496
0.4546718485
0.4756385598
0.4870295915
0.2999824673
0.5353774259
0.5482722001
0.4602721718
0.4181259277
0.3461878195
0.4451103317
0.5019266254
0.3444750821
0.4112173862
0.4312425513
0.5612139101
0.5639169511
0.4387134005
0.3927519501
0.3623570577
0.4906697501
0.4607187339
0.5092164185
0.5261710140
0.5631786943
0.5554834968
0.4273505804
0.4611871492
0.5032534005
0.4030515652
0.4749103727
0.5118061511
0.5474283693
0.4786435963
0.3103847164
0.3571728432
0.6181905865
0.4557852250
0.5692609583
0.6340128097
0.3144370620
0.3941082212
0.5468291809
0.6984997002
0.4732063761
0.4676881420
0.4064178966
0.5841074731
0.4813214302
0.4596391792
0.4497283842
0.5514510048
0.2805052239
0.4487870203
0.5642394875
0.7349513503
0.5639366563
0.4736761043
0.5372881400
0.4981834920
0.6483438467
0.5942954946
0.4541668291
0.4408439412
0.5572283057
0.5251002002
0.5387922889
0.6332708160
0.5466894352
0.5845349494
0.7346719271
0.5922731791
0.5758212080
0.6229370567
0.5448900663
0.4178436320
0.5674544048
0.6943308214
0.6584169746
0.5002791715
0.5780032764
0.5338233779
0.5518557340
0.7647475920
0.5897820176
0.5834904374
0.6924984493
0.5739735413
0.4387741870
0.6564790671
0.6443883283
0.5652294933
0.5274673811
0.8568239819
0.7389637152
0.7327371930
0.6772175050
0.5522784118
0.7098601766
0.5588304683
0.6633002325
0.6101933688
0.6586035844
0.5494575234
0.6384269710
0.5871097508
0.6677036419
0.6033535024
0.6150479338
0.6655179098
0.6811206237
0.6749224624
0.7034707098
0.5392869217
0.5742593958
0.6107428286
0.6404058578
0.6212496050
0.6362570050
0.5844017068
0.7111370466
0.6016899416
0.6369187935
0.7390391660
0.5512469147
0.5877709010
0.6794909764
0.6070015679
0.5835259860
0.6583271176
0.5343892450
0.4991604406
0.6948959456
0.6611595739
0.8956928708
0.5871504106
0.5627585729
0.5609804832
0.6480639784
0.6567304336
0.6266318008
0.6749323310
0.6878639830
0.6688114713
0.6988689263
0.5952651404
0.7164800953
0.8848083231
0.7197840910
0.6442151802
0.7863754284
0.8374638675
0.7526812632
0.7278253100
0.7964238129
0.6925094148
0.7074932645
0.7966820595
0.7503785752
0.6362728361
0.8309764646
0.7794818743
0.8081111765
0.7540487679
0.6241420323
0.6328088369
0.5454797578
0.7728127568
0.6876737632
0.7474023786
0.8711368936
0.8465428029
0.8084910788
0.6034291948
0.7318181576
0.8325459653
0.8498761558
0.8069110839
0.7078198326
0.7295688239
0.7916876101
0.8498578730
0.6279166281
0.7923392928
0.7955366803
0.7619331909
0.7786904579
0.6905861977
0.7473517456
0.7215653220
0.7671622771
0.8594271118
0.7928559173
0.7182538720
0.8438877415
0.8100996423
0.8522691163
0.7413381798
0.9550294637
0.8420409917
0.8482483812
0.7526236800
0.7384102521
0.8129790196
0.8500950620
0.8701178137
0.6881855397
0.7216203271
0.7316956474
0.8105626652
0.6929567845
0.8158501589
0.8364310210
1.0146938445
0.8564541078
0.8174138845
0.8096816050
0.9992484468
0.8149096909
0.8821590305
0.8612749107
1.0074308158
0.6900624509
0.9179306901
0.8095625329
0.7785465812
0.9171955752
0.7791822599
0.8295009721
0.7743473496
0.9352137710
0.9742011129
0.8739286601
0.7857902470
0.8250623383
1.0155234065
0.9040077627
0.8470166945
0.9923606471
0.9073205217
0.8853751603
0.9518101715
0.7527510025
0.7680768982
0.9016274363
0.7977903198
0.7737113775
0.8021155966
0.6927586620
0.9042631258
1.0038004913
0.9677574907
0.9329753801
0.8674507170
0.9586386385
1.0344038689
0.8829513650
1.0356123458
0.9196990356
0.9430108122
0.9342632628
0.7125421849
0.9010269115
1.1080600914
0.7677084549
0.9521645826
1.0276213485
0.7988361951
0.9543099160
0.9360866917
1.0013628312
0.9871059075
0.9544550861
0.8816086490
0.9879619106
0.9755171959
1.0588507682
0.9282972661
1.0387202984
1.0182566442
0.9651129754
0.9258658979
0.8760325861
0.8746947756
0.8263105606
0.9546256720
1.0294337402
0.9037887216
0.9488954973
0.9795265782
0.9392409274
0.9326570605
1.0066322772
1.1048516058
1.0326481004
0.9812723276
