-0.9768767961
-0.9201186053
-1.0110786163
-0.9945667445
-1.0342604834
-0.9273984231
-1.0675948529
-1.0050669325
-0.9033392414
-0.9142509116
-0.9436739946
-0.9229491464
-1.0183381646
-0.9584900030
-1.1020049735
-0.9235313970
-1.0033324362
-0.9218225970
-0.9715281453
-1.0962066080
-1.0801407656
-0.8633026841
-0.8324918860
-0.8903436435
-0.8752995605
-0.9257796218
-1.0181958134
-0.8655213920
-0.9332368398
-1.0188416866
-0.8809844182
-0.8501900774
-0.9190383412
-0.6023375979
-0.9377398404
-0.8211145943
-0.8031083408
-0.9660176450
-0.8763571379
-0.9495106065
-0.9632822296
-0.9738091610
-0.7859169640
-0.9223777991
-0.9709934238
-0.8500121997
-0.7374319681
-0.7739540909
-0.9281384907
-0.8994965557
-0.9816916535
-0.8674442657
-0.7514708806
-0.8194483363
-0.9632005265
-0.9954816974
-0.8038415343
-0.9289129331
-0.8287698338
-0.9416732135
-0.7876967788
-0.8983623789
-0.8577246567
-0.8225331555
-0.7507480124
-0.8428373879
-0.9534823973
-0.8468887690
-0.9401229151
-0.8465392718
-0.8223904264
-0.7964460842
-0.8645209222
-0.8683268736
-0.9968385239
-1.0457449814
-0.9468766669
-0.8793675283
-0.9851334299
-0.9872080698
-0.8761916861
-0.7179401328
-0.7409001312
-0.8497916469
-0.7195668000
-0.7974796805
-0.9065849862
-0.8457190652
-0.8318411287
-0.8226893656
-0.8851596570
-0.7853059459
-0.8297200662
-0.8978589224
-0.7842037337
-0.7090347941
-0.8165295027
-0.8511189815
-0.9034400463
-0.9088152217
-0.8690319835
-0.8275640101
-0.7368855615
-0.7151442564
-0.7685203231
-0.7172021762
-0.6364068339
-0.7720273259
-0.7540427152
-0.8066772915
-0.7158535820
-0.7977098189
-0.7772598675
-0.7200099014
-0.8998642773
-0.6550223724
-0.7766213343
-0.7850927375
-0.6414663660
-0.8403692689
-0.6752101767
-0.6967963925
-0.6980675599
-0.6779599642
-0.5965077595
-0.8715948330
-0.7189240896
-0.7434020482
-0.9231664622
-0.7723842113
-0.7534870986
-0.6504249407
-0.7906364465
-0.7923321806
-0.7889859790
-0.6432563323
-0.6531215711
-0.7800563090
-0.8086875223
-0.8527664126
-0.6827375791
-0.7748569906
-0.6195703539
-0.7738691522
-0.6245032290
-0.7237613097
-0.6141067975
-0.7344034977
-0.8877935085
-0.6342409489
-0.5229418218
-0.6977369308
-0.8547308573
-0.7753825630
-0.6886624454
-0.7443878828
-0.5826227187
-0.7860170179
-0.7396177480
-0.5988539377
-0.7364426284
-0.7540741154
-0.7324947214
-0.6258224061
-0.5365323364
-0.6163406529
-0.5953092717
-0.5792487967
-0.6244731386
-0.7047062193
-0.7177801403
-0.5869798665
-0.6283661725
-0.6759858187
-0.6422996930
-0.5927252313
-0.5375059973
-0.7083744908
-0.7160743671
-0.6075061652
-0.6960845158
-0.6206647242
-0.6516561590
-0.6849384790
-0.5596035512
-0.5836775893
-0.8197064507
-0.5119870936
-0.6667760599
-0.6161227745
-0.6272562418
-0.5264953604
-0.6005881521
-0.6356342633
-0.7535687183
-0.7505341521
-0.6573742080
-0.7209591050
-0.6154846108
-0.5670488590
-0.5374641993
-0.6951254660
-0.5471945510
-0.6063843896
-0.5380815346
-0.6427472881
-0.6222701769
-0.5940368843
-0.5940586102
-0.5253529797
-0.5709307066
-0.4618323425
-0.4649077447
-0.6153711718
-0.5662221472
-0.6247152039
-0.4441687442
-0.5712708480
-0.6391009436
-0.6482900828
-0.5703229874
-0.4392666803
-0.5765957862
-0.5478023641
-0.5727029318
-0.5236193090
-0.5777858275
-0.6030335523
-0.5080133512
-0.7169617165
-0.4981973773
-0.5502838252
-0.4164319876
-0.6087850168
-0.4774050171
-0.6073115717
-0.4502504041
-0.5788691315
-0.5208417716
-0.7408133536
-0.6512879636
-0.6338087729
-0.4892349531
-0.6653079176
-0.5730191920
-0.5675925689
-0.3743449242
-0.4831821222
-0.4051326507
-0.4879205203
-0.4616538089
-0.4769465570
-0.4749772594
-0.4962460357
-0.4055223002
-0.5057744553
-0.5944024691
-0.4540565444
-0.4439858254
-0.4567055545
-0.4626255049
-0.5019856938
-0.3284696055
-0.5390108591
-0.4550937371
-0.5172316155
-0.4908741823
-0.4611110992
-0.5462188853
-0.5152987791
-0.3118585525
-0.4029494011
-0.4782467940
-0.5662339435
-0.4979338623
-0.4778920359
-0.3774365582
-0.3213375384
-0.5949486240
-0.3888293617
-0.4273035598
-0.4905772546
-0.3922449581
-0.4033620259
-0.3681072537
-0.3443298845
-0.4106339945
-0.4719663272
-0.4816847342
-0.3558296184
-0.4399717395
-0.4023359095
-0.2575146945
-0.3385957057
-0.4921159272
-0.5244344428
-0.4013683783
-0.2936634890
-0.3985363556
-0.4816707545
-0.3986377245
-0.3627806777
-0.4251008384
-0.5546049662
-0.3912798787
-0.5824163886
-0.4342465546
-0.3349465401
-0.3596505986
-0.3855056600
-0.4852863914
-0.5033983937
-0.3344563137
-0.4333086429
-0.2265836978
-0.4470965228
-0.3607345461
-0.4082831520
-0.3759126591
-0.3509547135
-0.3337069899
-0.4168988444
-0.4299210431
-0.1915945143
-0.4167878875
-0.4120363405
-0.3960979182
-0.4173508222
-0.2628839958
-0.3185290903
-0.2067848844
-0.2963022101
-0.2630959913
-0.3489103596
-0.3384918132
-0.2998381570
-0.2320430098
-0.2847973016
-0.3038652545
-0.2953061194
-0.2635994802
-0.2363289058
-0.2765567951
-0.4669301584
-0.2828394138
-0.3552610720
-0.2460527227
-0.3994000945
-0.2447470847
-0.3743821621
-0.2603322963
-0.3959387184
-0.3691115766
-0.2809287849
-0.3874373878
-0.2743329908
-0.2556578650
-0.3076372127
-0.2519115473
-0.3732044882
-0.1946590982
-0.4301212544
-0.2241424358
-0.2459446710
-0.2166139478
-0.1894453032
-0.3849230276
-0.2524390757
-0.0768877996
-0.3602640264
-0.1772604799
-0.2603734141
-0.1082349444
-0.2822194970
-0.2493643580
-0.2084749410
-0.3034717926
-0.2627563919
-0.1338370881
-0.2508648042
-0.1512291591
-0.1581766911
-0.1642703881
-0.0921133129
-0.2570547228
-0.2363871858
-0.2411944075
-0.0764416709
-0.2947202253
-0.3054385515
-0.1209881398
-0.2711775265
-0.3009043910
-0.2509399149
-0.2550741748
-0.1738023497
-0.2702244027
-0.2363039521
-0.2938862058
-0.1797598422
-0.2964182392
-0.2098705905
-0.1698993340
-0.3335457941
-0.0683818927
-0.2104502833
-0.0867711989
-0.2701392560
-0.3755940068
-0.1639585126
-0.0520752079
-0.2128165695
-0.1053374795
-0.2221272469
-0.0961857243
-0.1705713766
-0.2775474463
-0.0373097922
-0.1943157560
-0.2534724433
-0.2673878421
-0.2065711148
-0.1025039746
-0.2999850655
-0.0856990807
-0.2613579390
-0.1836543968
-0.1307522987
-0.1996064002
0.0016766876
-0.2175205166
-0.2569302279
-0.1992778340
0.0363007685
-0.0231239182
-0.0656329113
-0.1836516590
-0.0710742921
-0.1451725967
-0.0460617501
-0.0559253710
-0.1462959393
-0.2006115997
-0.2137529466
-0.1682719059
-0.1150099026
-0.1539716246
-0.0890854823
-0.0226966339
-0.1904211532
-0.1558962567
-0.1602721005
-0.0104827737
-0.1128949054
-0.0719607875
0.0380296578
0.1020815092
-0.0170091754
-0.0499826577
-0.0903056492
-0.0087857699
-0.1111248031
-0.2384313517
-0.0413811159
-0.0807757585
-0.0026340484
-0.0338091293
0.0670395140
-0.0031630542
0.0178593684
0.0592657036
-0.0152096736
-0.1329743632
-0.0446981217
-0.0202572921
0.0021834442
-0.0438688296
0.0567531040
-0.0500498567
-0.1418636201
-0.0686454972
-0.0844391474
-0.0923054893
0.0632944060
-0.1664406220
0.0588823862
0.1202857998
-0.1092760905
0.0813463103
0.0576105867
0.0681771143
0.0913108604
-0.0279424303
0.0925077761
0.0686545720
-0.0082121224
-0.0312449717
-0.0100980609
0.0056077837
0.0739673982
0.0192499567
0.0827317029
-0.1975486895
0.0346506593
0.1255393452
0.0090462053
0.1267121035
0.1256861900
-0.1451188786
0.0427115502
0.1202357849
0.1531154569
0.0264307105
-0.0055118485
0.0868457681
0.2311066874
-0.1209356993
-0.0192744855
0.0440453954
0.0255199418
0.1766832822
-0.0065418846
0.0556223658
-0.1374776428
0.1878862818
-0.0132457274
0.0219431423
0.0064845549
-0.0127136350
0.0761678034
0.0812929858
0.1603147509
0.1489635132
0.1738026631
-0.0014443778
0.0498005867
0.0871106571
0.0158075601
0.1074316023
0.0501380804
0.0662453248
0.0912440017
0.0778327581
0.1301613400
-0.0210632074
0.0038407921
0.1849855098
0.0530957550
0.0816907772
0.1186316334
0.2412069569
0.1123894764
0.1757510804
0.0757025455
0.0758784747
0.1031070992
0.1411246772
0.1863302253
0.1642489321
0.1426946698
0.1242969061
0.2612925419
0.1160903104
-0.0050648233
0.1488346395
0.1299017321
0.1021225810
0.1817135069
0.1470104161
0.1685814842
0.0687760036
0.0849593909
0.1693884963
0.2851853100
0.0992500717
0.1291300059
0.1917801452
0.1464741539
0.1976533482
0.1170458849
0.1613982297
0.1836828059
0.0458974363
0.1351032474
0.1372516221
0.1312277505
0.1664882140
-0.0830824295
0.2444694215
0.2799925003
0.0668666712
0.2500053950
0.0923208963
0.1132145976
0.1419507875
0.3286622853
0.1953884525
0.2394352589
0.3075778813
0.2341114014
0.1847795617
0.2658780201
0.0235767530
0.3082296500
0.2162884484
0.2007637476
0.2687033081
0.3402957716
0.2740133134
0.2440529720
0.1738289252
0.2003870327
0.0787713939
0.2547451662
0.2157521885
0.3054828977
0.3224700629
0.3740703457
0.1234234142
0.0754329324
0.3145115951
0.2815183676
0.3434829294
0.1741883389
0.1491055999
0.3074694849
0.1755663587
0.2487677906
0.2852641433
0.2400107424
0.2271914105
0.2757251959
0.3458578915
0.3449429743
0.3302870717
0.2229559363
0.3100883103
0.2080231468
0.1839111812
0.1405526236
0.3280719814
0.1091932381
0.4114184627
0.1746914045
0.2799445587
0.4298702034
0.2208240457
0.3947664511
0.3838565809
0.4047605456
0.2511186974
0.1268257892
0.2826255681
0.1710660649
0.2518059307
0.2343153461
0.3043164573
0.2949352355
0.2700984762
0.3955124219
0.4173179629
0.4080203960
0.2727660789
0.4912784840
0.3118674491
0.4757233323
0.3615961089
0.2523208869
0.3977948304
0.3405635814
0.3050085251
0.4321369681
0.1720126886
0.2491399172
0.3626686090
0.4399435249
0.2922928846
0.3897303856
0.3736904149
0.2662551459
0.3448075073
0.4285395112
0.3175444154
0.3373205507
0.3733981281
0.4873709845
0.2455936378
0.1794926613
0.4188018881
0.4227334621
0.4408580671
0.2517343731
0.2758787120
0.3742412842
0.4160405869
0.3790843565
0.3044794328
0.4390017161
0.3164915579
0.3329155518
0.4406607236
0.4490108502
0.3557138192
0.3695613155
0.4004122964
0.2709107763
0.4544365332
0.4918708517
0.4423229285
0.3826993798
0.3994046764
0.4368239330
0.4829362748
0.4067667256
0.3964615481
0.5201632222
0.4379117785
0.3930721662
0.4881269956
0.4244833064
0.4214037468
0.5364705878
0.3903137428
0.4759478567
0.4811545533
0.3529557381
0.4564438886
0.4337698890
0.4899065887
0.4654259778
0.4548312520
0.4367237150
0.4285041893
0.4290429477
0.4798502998
0.4525469479
0.4818065932
0.3821941686
0.5400615770
0.4850327609
0.3246986063
0.3879494108
0.4471760336
0.3885109805
0.4293673202
0.4926049923
0.3614252138
0.4348382137
0.3754656476
0.5193316784
0.4820004321
0.5456300949
0.5832472561
0.4379070215
0.5343995857
0.5848486140
0.4005737349
0.4622931740
0.5473598616
0.6332386240
0.4652884578
0.6244093671
0.6102522387
0.4866720553
0.5535154660
0.6095704235
0.4659076256
0.4219055448
0.5596201633
0.4703823689
0.5353269003
0.4984171128
0.4874524672
0.6541376449
0.5173551481
0.5723118310
0.4428435640
0.5744382435
0.5257696466
0.5519712781
0.5158008872
0.5985203444
0.5596418914
0.5829897934
0.4338907495
0.6528056684
0.5528059306
0.4937465405
0.4498041263
0.7112338120
0.4960954912
0.5952737477
0.6178606618
0.6844819530
0.7291797767
0.5523242167
0.4709542514
0.5830422411
0.5399224839
0.5836384402
0.5981849325
0.5552302080
0.7757152805
0.6664672780
0.5621267307
0.6174292192
0.5730810558
0.6606781424
0.6100137115
0.7157254349
0.7986359343
0.6110210563
0.6029907156
0.5822480821
0.7260247130
0.7894942390
0.6227787824
0.6079380153
0.6482725488
0.5890180198
0.7621762342
0.6001309341
0.6467289747
0.6275020197
0.7874121189
0.6988314738
0.6575385480
0.6283834220
0.6339519410
0.7971530714
0.7297446279
0.6489157936
0.6707833290
0.5366065763
0.7362835751
0.6089301417
0.6275710341
0.7622882358
0.6119011882
0.6802823796
0.7104749121
0.7232149689
0.6484936365
0.8297781960
0.6305612267
0.7114120612
0.7145395481
0.5585644627
0.7905203128
0.7333397040
0.6232983420
0.6651482397
0.6171920987
0.6393118374
0.6260931077
0.6386503290
0.8128060315
0.7348245838
0.6985603111
0.7642658834
0.7453031650
0.7654023722
0.7660481451
0.7995850119
0.6783088888
0.7450745154
0.6034058969
0.8084121412
0.6851270709
0.6149185272
0.7706701214
0.7036872576
0.8536872795
0.7750635813
0.8415049480
0.7392694454
0.7217077932
1.0273011894
0.7354811212
0.8336092972
0.7665870002
0.8386394169
0.7328652474
0.7117842462
0.7645399235
0.8919941745
0.6488834823
0.6879304229
0.8346416137
0.8921375301
0.8363251140
0.7185857561
0.8664657563
0.7427824965
0.8414786046
0.6911032424
0.8595185465
0.7935694047
0.8751353141
0.8909899574
0.7963334754
0.7897527010
0.8649998841
0.6904212155
0.7977463908
0.8675459711
0.8126165449
0.8087057977
0.8006193553
0.7866398389
0.6607427021
0.7558176725
0.8026319381
0.9263724857
0.7924386684
0.8117732252
0.8936609416
0.8202611436
0.8392966881
0.7971987479
0.7038795048
0.7736221594
0.7102039110
0.8497448022
0.8407914160
0.8021795384
0.9769241429
0.7619178049
0.8557039704
0.7439298114
0.8463002270
0.8407473517
0.8846939963
0.7845371089
0.9349619605
0.8488777607
0.9736686278
0.9341251531
0.8279028173
0.8494461982
0.9220894381
1.0774548092
0.9394603999
0.8807271015
0.8620928611
1.0141446122
0.8193587010
0.8339779432
0.9179941009
0.9575464180
0.9502049893
0.9529032148
0.8297998318
0.9622764284
0.8843583578
0.7948445160
0.8007724119
0.9402128951
0.9790895608
0.8122921861
1.0356755577
0.7247956778
0.8745612792
1.0868060319
0.9864548233
1.0619577981
0.9914093446
1.0296319902
0.8544321011
0.9605722022
0.8991623839
1.1706998916
0.8906403852
0.8502523094
1.1073719703
1.0059274190
0.9764669776
1.0032248696
1.0568913918
0.9339837632
1.0215170341
1.0466113806
0.9629323321
0.8353267823
0.9580844921
0.8567625065
0.8866671139
0.9759985884
1.0886380051
0.9933554699
1.0071693160
1.0212567422
0.9945215257
0.8749698192
0.9177194520
0.9580153829
0.9938299487
0.9905898626
1.0847045137
0.9907004838
