-1.0696164934
-0.8748071033
-0.8558922169
-0.9810413781
-0.9363530742
-0.9906734320
-1.0215227036
-1.1400067365
-0.9381690868
-1.1309291686
-0.9832424846
-0.8069183054
-1.0297909735
-1.1214060435
-0.9696574909
-0.7759615378
-1.1209682569
-1.0807688958
-0.9712604581
-1.0280381541
-0.8911561158
-0.9630352625
-0.9745095788
-0.9856289783
-1.0432252147
-0.7569060629
-1.0537787636
-0.8617754981
-0.9532113292
-1.0249986773
-0.9651366023
-1.0968912647
-0.7307262707
-1.0387116080
-0.9255191674
-1.0028877109
-1.0529937570
-0.9011985909
-0.9260164779
-0.9982968217
-0.8387448682
-0.8760929835
-0.9944306172
-0.8616752195
-0.9720229693
-0.9285094043
-0.9492211209
-0.8307469211
-0.9161197727
-0.8551922645
-0.6745128045
-0.8599970969
-0.9425116011
-0.9298174422
-0.9921777821
-1.0113610826
-0.9869681128
-0.8293674819
-1.0835852930
-1.0260514309
-0.8611588167
-0.9065633309
-0.7405388636
-0.9309879333
-0.8203510941
-0.8072144681
-0.7744839462
-0.9885504293
-0.9208983341
-0.7800076588
-0.8278281572
-0.9564057660
-0.8955246570
-0.9571147743
-0.9325431043
-0.8802521197
-0.8691617099
-0.7962753367
-0.8617134051
-0.7694277843
-0.9032194947
-0.8901693419
-1.0647656439
-0.8902444857
-0.9212494969
-0.7643283551
-0.6490413277
-0.8879090780
-0.7135533549
-0.6720203302
-1.0091388320
-0.6987837663
-0.8854065220
-0.7906995009
-0.8957413054
-0.8151583574
-0.8655036660
-0.8040523505
-0.7361943680
-0.7434714069
-0.7792660516
-0.6514830583
-0.8525896577
-0.7386841249
-0.7760549702
-0.7395109555
-0.5554013361
-0.7806119406
-0.7548037844
-0.8309548002
-0.8424024513
-0.7964566666
-0.7348796835
-0.7366514463
-0.8166095507
-0.7848660422
-0.7811789896
-0.5570402926
-0.7201219684
-0.7490892642
-0.7523589331
-0.6192271395
-0.7225681347
-0.6605538231
-0.8012275077
-0.7699854621
-0.6693486886
-0.7512117162
-0.6131080619
-0.6036062839
-0.8727272442
-0.6839191612
-0.7470375686
-0.7164566668
-0.8093692470
-0.6025436330
-0.5632609207
-0.7158386620
-0.8790235865
-0.8285494078
-0.6930431633
-0.6789921355
-0.7101226537
-0.6965703858
-0.7314359500
-0.7025506819
-0.6983637898
-0.6231635290
-0.7751743988
-0.7647142302
-0.7702447155
-0.6876240506
-0.7707413899
-0.6108184111
-0.7141562703
-0.8496010836
-0.7078102761
-0.7578732051
-0.6090223055
-0.6541771116
-0.6121364608
-0.5890146034
-0.8156612412
-0.7492552857
-0.8424978342
-0.6933654254
-0.6300296457
-0.6490216996
-0.6981449997
-0.5941864441
-0.6790431196
-0.6005297922
-0.5680534186
-0.6925177055
-0.6272952755
-0.7371014964
-0.5372948077
-0.7554683107
-0.7637838747
-0.5564544937
-0.7317617132
-0.6653996390
-0.6384975415
-0.6507084081
-0.5682584393
-0.6439344010
-0.5634058602
-0.5349448045
-0.6565774162
-0.7197632814
-0.6359266908
-0.5071661159
-0.6552715561
-0.5335542416
-0.6789338651
-0.5180855397
-0.5915573886
-0.6500235996
-0.6648885593
-0.6113822273
-0.6002001563
-0.6818050615
-0.6893942494
-0.6422369523
-0.5829400128
-0.5593461285
-0.7509619573
-0.5959460628
-0.6659731201
-0.6041696234
-0.6807463197
-0.7165609495
-0.6329061987
-0.6044734920
-0.6696081824
-0.6988565351
-0.4214247738
-0.5960706201
-0.4728793931
-0.6064199420
-0.4606269101
-0.6154817725
-0.6436543961
-0.5689095906
-0.5621854497
-0.6274885139
-0.5806848790
-0.3795136115
-0.6477219266
-0.4654294603
-0.5483716705
-0.6226649060
-0.6776114582
-0.5625808583
-0.4720742916
-0.5195385179
-0.5634841090
-0.4814697458
-0.4883516052
-0.5889715537
-0.4524905326
-0.7428255618
-0.3507460096
-0.5229744147
-0.4745787160
-0.5484997497
-0.4768661523
-0.5842215601
-0.6000357666
-0.3846105160
-0.5444489007
-0.6047396443
-0.4614543586
-0.6268608175
-0.3542672141
-0.4482181714
-0.5354209889
-0.5058111956
-0.3613936940
-0.3672245244
-0.3570530318
-0.5175728792
-0.5092763737
-0.4250000638
-0.5638269354
-0.3428249989
-0.2652926956
-0.4264252550
-0.4715186222
-0.5794381382
-0.3074504558
-0.5428051560
-0.4949420239
-0.3923212565
-0.5098364269
-0.3494199866
-0.5236307406
-0.4392036250
-0.4991729027
-0.6058228161
-0.4595020411
-0.3252203597
-0.4986189911
-0.4736481140
-0.3006273713
-0.3500724436
-0.2208230498
-0.4262033900
-0.4995081193
-0.4283470112
-0.4085748357
-0.4807632339
-0.4177173527
-0.3942903820
-0.3020459725
-0.4212240082
-0.4387610467
-0.4369566314
-0.3591096117
-0.5295107663
-0.2560214695
-0.3693518065
-0.3583089853
-0.2847771178
-0.4738398172
-0.3880958750
-0.4082881226
-0.4771723809
-0.3582285906
-0.1045493171
-0.3638013344
-0.3672445876
-0.3526710472
-0.3969186381
-0.4671397911
-0.4550967000
-0.2267029866
-0.3600348683
-0.3965516494
-0.3510705298
-0.3508716185
-0.3531759157
-0.3054305709
-0.2037566840
-0.3432939385
-0.5378342010
-0.2769135707
-0.5327016218
-0.2964637607
-0.4787509194
-0.4429047427
-0.3674214952
-0.4391719522
-0.3986389718
-0.2798926613
-0.2246817814
-0.3220629807
-0.4118935452
-0.2629015431
-0.3491144283
-0.2390927281
-0.2163764431
-0.4303095715
-0.4063949189
-0.4414931332
-0.3021759257
-0.4391799398
-0.2827470370
-0.3141377123
-0.0996767050
-0.3256698032
-0.2770402329
-0.1969674533
-0.2853389598
-0.4356221947
-0.2808490575
-0.2216348464
-0.3794430815
-0.2953349207
-0.4536687598
-0.2942625486
-0.2531529830
-0.1619458133
-0.4585413008
-0.2909250539
-0.1922926557
-0.3820930229
-0.3746178089
-0.2682296695
-0.2277496149
-0.2932664585
-0.3209588161
-0.1694538575
-0.0824395939
-0.4118455073
-0.1864045295
-0.2971829750
-0.2468704548
-0.1729923425
-0.2567950956
-0.1311285258
-0.2619549466
-0.2083573338
-0.3837509648
-0.1795956185
-0.4088274340
-0.2863678994
-0.4422750783
-0.2546879424
-0.2206521142
-0.0651062908
-0.2051253760
-0.3032985766
-0.2410653322
-0.2355167556
-0.1451246872
-0.0643618451
-0.2209739117
-0.2663809115
-0.1880460014
-0.2206161623
-0.1645220685
-0.2029327621
-0.2232786290
-0.2079602187
-0.1455205236
-0.2364786670
-0.2254353266
-0.1218698053
-0.1752150936
-0.2316713008
-0.1788708241
-0.2375574532
-0.1438343677
-0.2444759765
-0.0607494381
-0.1432158371
-0.1273035401
-0.0882243487
-0.2614898895
-0.1467015483
-0.0116991262
-0.0556837014
-0.2265279189
-0.0897659062
-0.0870153328
-0.1714883867
-0.2155677735
-0.1808476156
-0.1413273108
-0.2134438989
-0.0454385900
-0.0761080028
0.0145428800
-0.0285519771
-0.1570927314
-0.0470305231
-0.0899147104
-0.0628112307
-0.0890239075
-0.0465299116
-0.1420302628
-0.1074364403
-0.0010446135
-0.2507414579
-0.1234900059
-0.0530605745
-0.1480110636
-0.1262263485
-0.0949358386
-0.1422618475
-0.0210037356
-0.2482996282
-0.1482498095
-0.1140056319
-0.0518130553
-0.1333830456
-0.0943723440
-0.0547857790
-0.1838063348
-0.1301465895
-0.0896519437
-0.1023958404
-0.1816345166
-0.0461205275
-0.1970710777
-0.1034164425
-0.1117517031
-0.0564784726
0.0923479353
-0.1952754453
-0.0809616090
-0.0727041017
0.0192200322
-0.0313390181
-0.0188202886
-0.1617926839
-0.0206118927
-0.0435878549
-0.0686196890
0.0530958933
-0.0977163591
-0.0441247029
-0.0616649970
0.1044751381
-0.2968498122
-0.0943527659
-0.0822499857
-0.1055196645
-0.0425410055
-0.1330011584
0.0064772569
0.0263830255
0.0583790121
0.0955077144
-0.0219903722
-0.1120186362
0.1328963812
-0.0302914106
0.0489450861
0.0341597436
-0.0407711588
0.0180121686
-0.0460202616
-0.0351247327
0.0789532476
-0.0388725652
-0.1427183469
0.1691891799
0.0198749856
0.1774055386
0.0457040454
0.0811463468
-0.0540578478
0.0403965427
0.0186826544
-0.0268716172
0.0978901019
-0.0424996870
0.1558210481
0.0412456798
0.2203880798
0.2176398860
0.0933395071
0.1451901986
-0.0115901803
0.0540626112
-0.0417556259
-0.0283992245
0.1402212377
0.0003507790
0.0606991555
-0.0002999693
-0.0415928916
0.0153807260
0.1032708820
-0.0352241912
0.0319418584
0.0612336275
0.0987005484
0.0370277359
0.0808508769
0.0876369296
0.1215321273
0.0208844895
0.0440333169
0.0902354068
-0.0133681361
-0.0158974137
0.1674720543
0.1679117221
0.1841521452
0.0857264910
0.0153467091
0.0463117402
0.1707642316
0.1997135217
0.0118096655
0.3494335094
-0.0381778374
0.1203301957
0.2468230958
0.0530145833
0.2511642382
0.2403669607
0.0924015054
0.1410874536
0.2655338373
0.1326044448
0.2291939294
0.1399751909
0.1464763140
0.0929014940
0.1632830870
0.2854198146
0.1462051783
0.2366647770
0.0686297709
0.1612245327
0.1137812806
0.1832938854
0.0900034806
0.1869853858
0.2302536153
0.1122208088
0.0684599150
0.1887707486
0.2782715977
0.1745571246
0.1289318074
0.2034683112
0.2739391898
0.0596488968
0.1123427763
0.2262306687
0.0859019719
0.1790126056
0.2980768705
0.1890372743
0.1566369718
0.2799550722
0.2354364252
0.1621202511
0.1370504227
0.0763863567
0.3601480162
0.1485724805
0.1730175081
0.2617893505
0.3411882269
0.3823219319
0.4051548503
0.1871200190
0.2180277053
0.0401544421
0.4244416250
0.1878500343
0.2128390599
0.2243023350
0.2167043573
0.2748438828
0.2110937445
0.2558529543
0.2019344651
0.2414610634
0.4212670866
0.1678090404
0.2359926040
0.1627034203
0.1807478014
0.3229647738
0.3295620434
0.2264662075
0.1421827710
0.3357430644
0.3523644707
0.1979312479
0.3233592635
0.2802859423
0.2226309837
0.3286006097
0.1671002367
0.3676804904
0.1461156406
0.1880114038
0.3451835526
0.2928672019
0.2705323940
0.2428628096
0.2751429928
0.4740107523
0.3530711928
0.4410388207
0.2922150903
0.2740385443
0.3063135791
0.2653586792
0.3937163244
0.2989363442
0.2137073209
0.2441345793
0.1993760341
0.4356975612
0.3574226725
0.2949339591
0.3087899933
0.3796458351
0.3192211484
0.2141350395
0.1575042925
0.1451752530
0.3627802225
0.4502801296
0.2871228462
0.3548687142
0.3557188246
0.3625892205
0.4335800194
0.4819689804
0.3724205294
0.3510451331
0.2341419521
0.4110245432
0.4904311552
0.4705347895
0.3413674117
0.4448229216
0.2747292344
0.3559914245
0.2309818955
0.2725565277
0.3519028521
0.3310864905
0.3577566890
0.2059478372
0.3906998436
0.3125383330
0.4048020935
0.3658697323
0.4254718959
0.4380760009
0.5062144196
0.4476473231
0.2636775142
0.3794729221
0.3808449605
0.5450573575
0.3838673165
0.4251836465
0.4556441636
0.4448751402
0.4894564967
0.3749442937
0.5900525359
0.4548006551
0.3505817605
0.2750006143
0.3846935082
0.3837421129
0.4455984371
0.4829138468
0.5014450613
0.5105309422
0.3412169608
0.4692338049
0.2757475426
0.3802435520
0.5608092431
0.5702159350
0.5966223854
0.3300753186
0.4715170712
0.3727503795
0.5497601284
0.3566815107
0.5373432402
0.3551353363
0.4664376554
0.2934235228
0.4232574864
0.4784005648
0.4677360179
0.3051444228
0.3935867141
0.4617244464
0.6115267933
0.5422374542
0.6209073850
0.5195756962
0.4541134914
0.6309074908
0.5578428499
0.4327231631
0.4830104551
0.4023952069
0.4440111117
0.5201249447
0.5373170773
0.4961264090
0.6755919312
0.4639638136
0.6006548155
0.5545067985
0.5213319967
0.5138489539
0.3410236995
0.3914518047
0.5792780026
0.4230469298
0.5248189389
0.4011956715
0.5447692456
0.4793686265
0.5113934740
0.7009177700
0.5130436166
0.4980200496
0.5603933657
0.5885928672
0.5409935966
0.6437940892
0.5265013722
0.6535426100
0.5202959484
0.5893040112
0.6402419881
0.5359357902
0.5708103875
0.5618089253
0.5618019690
0.4439880029
0.5128159178
0.5601328807
0.6225313679
0.5631420368
0.5515848339
0.6062208645
0.7344012801
0.6494271419
0.6691991485
0.6165059625
0.5304527624
0.6265006291
0.7335329875
0.6626960118
0.5661506197
0.7291113210
0.6311816827
0.6823913976
0.6526236853
0.6326521959
0.4847445083
0.6578242332
0.6725792964
0.7977570253
0.5087875942
0.6277678835
0.6698488605
0.7083624745
0.6685801658
0.6084120001
0.6519230384
0.7715365130
0.6214854229
0.6954101275
0.6869127195
0.5349613815
0.7207451100
0.6738419846
0.6713795167
0.6268334135
0.6178477282
0.6382783276
0.7505215194
0.7076876257
0.7515651477
0.7364015312
0.6288338293
0.6095034724
0.4972937895
0.7020795150
0.7290332189
0.8187633037
0.7418782402
0.6428517162
0.6497224334
0.6926918087
0.5820790436
0.5234056395
0.4786837265
0.7321908437
0.6915596003
0.6418601213
0.6253547657
0.4927819681
0.7500147575
0.9032470624
0.7242988056
0.7632223459
0.8012344832
0.7231215835
0.6856113389
0.8244922104
0.8483968523
0.6834144406
0.6133387624
0.7100260256
0.6950860090
0.7706479831
0.7362116872
0.7872136979
0.6901738722
0.6846451819
0.6999582450
0.6376367157
0.6506769185
0.8185469130
0.8073185731
0.6835879112
0.7329356711
0.6983947035
0.7967848093
0.6772151762
0.8273267020
0.7784876389
0.6904621571
0.7029379869
0.8192022362
0.7321799990
0.7679954710
0.8761538442
0.5876644695
0.8743018774
0.8027482851
0.8724680380
0.8496130859
0.7232918278
0.6739578032
0.8567237839
0.7656435880
0.7641300897
0.7012618828
0.7312099266
0.7545537513
0.7114841367
0.8651230006
0.8217514556
0.8331930425
0.7556503333
0.8541303551
0.9339034084
0.8935747184
0.8471798147
0.8732675524
0.8818418675
0.7319218520
0.9219430510
0.9374843149
0.7734291551
0.8511316059
0.8530216435
0.7623132635
1.0023599200
0.8850545056
0.7816443963
0.8668647230
0.7466867848
0.7503014669
0.8211961210
0.8082151202
0.7312824667
0.8629263271
0.8744030694
0.8819698177
0.8253101033
0.8917211436
0.9141669441
0.9066531915
0.9285284952
1.0089825521
0.8396502740
0.8682490622
0.8868591752
0.8166330933
0.9469629313
0.8236254702
1.0675963530
0.8428788587
0.8610110535
0.8248015324
0.9445867770
0.9291034300
0.8937095345
0.9542330544
0.8549953987
0.7935242841
0.8249623808
0.8696570391
0.6811674229
0.9421767654
1.1069064820
0.9890778892
0.9887043540
0.9131003305
0.8768817213
0.9642572628
0.9636376827
1.1458461650
0.7998128939
0.9604591095
1.0018161382
0.8837886242
0.8715629303
0.9246891309
0.9087118976
0.8846416006
0.9179853700
0.9417719943
0.8327701156
0.9968228075
0.9975863726
1.0505860029
0.9974225792
1.0225344570
0.8399661391
1.0116510671
0.9938812663
1.0597692485
1.0157994982
0.9046805346
0.8487664817
1.0774859873
1.1820171710
0.9323573675
0.8348761355
0.8965180711
0.9511088689
0.9444083479
1.0071978961
0.9587496996
