-1.0722797099
-0.8770799163
-0.8636997628
-0.9725002540
-0.9516925126
-0.9765371199
-1.0438505540
-1.1187990559
-0.9278838991
-1.1291458038
-0.9979528030
-0.8076660762
-1.0135390365
-1.1144361349
-0.9750596668
-0.7902993836
-1.1144887235
-1.0559262513
-0.9616248503
-1.0249336723
-0.8577405836
-0.9552722246
-0.9684675743
-1.0019120526
-1.0433732763
-0.7635605296
-1.0710756062
-0.8698277988
-0.9429370688
-1.0254070811
-0.9645356166
-1.0767349745
-0.7101698957
-1.0119973698
-0.9094949760
-1.0200929780
-1.0443088198
-0.8942692235
-0.9445355668
-0.9904360283
-0.8583886954
-0.8949350505
-0.9744336397
-0.8727783044
-0.9532719532
-0.9128508252
-0.9773287636
-0.8284376481
-0.9236024809
-0.8283655768
-0.6839698281
-0.8423721161
-0.9318452751
-0.9257355137
-0.9632389397
-1.0064759244
-0.9783681697
-0.8307766316
-1.0782425184
-1.0053280650
-0.8498482877
-0.9088018611
-0.7472833500
-0.9137054720
-0.8222492779
-0.8217718674
-0.7700646574
-0.9831361790
-0.9332711119
-0.7647639537
-0.8164055425
-0.9375426492
-0.9065717060
-0.9824300419
-0.9421666493
-0.8554652963
-0.8754914163
-0.7706110664
-0.8731490615
-0.7746902325
-0.9234468952
-0.8979518788
-1.0832224862
-0.8989188327
-0.9236789755
-0.7380623152
-0.6262160505
-0.8879397671
-0.7113310070
-0.6842505729
-1.0102918558
-0.6879452688
-0.8837074345
-0.7776356911
-0.9249342346
-0.8244361789
-0.8632433116
-0.7849739942
-0.7294315777
-0.7618572643
-0.7688932578
-0.6635291566
-0.8482817638
-0.7342541721
-0.7451345598
-0.7224845950
-0.5468160426
-0.7879164811
-0.7635775596
-0.8181203489
-0.8508405551
-0.7840502563
-0.7305870516
-0.7394806158
-0.8432573586
-0.7884209779
-0.7747868391
-0.5631159512
-0.7117238435
-0.7542389088
-0.7443716667
-0.5949651063
-0.7267105145
-0.6641439594
-0.7981020079
-0.7558870114
-0.6759897323
-0.7433409508
-0.6092343661
-0.5874661015
-0.8537802207
-0.7067439431
-0.7673049226
-0.7267434905
-0.7890063004
-0.6131763402
-0.5525415293
-0.7167681865
-0.8832774001
-0.8149675867
-0.7069384962
-0.6729953369
-0.7158931446
-0.7012462135
-0.7169248003
-0.7125604250
-0.7107146386
-0.6272386060
-0.8018720102
-0.7610839365
-0.7761837672
-0.6847694019
-0.7718977701
-0.6385932839
-0.7159119377
-0.8615093875
-0.7203392956
-0.7400792117
-0.6091879586
-0.6581285013
-0.5922292509
-0.5987872052
-0.7922022497
-0.7642497939
-0.8318763053
-0.7031714714
-0.6526317170
-0.6218124389
-0.7064836452
-0.5911885608
-0.6764664363
-0.6161400675
-0.5597965626
-0.7099203293
-0.6510449813
-0.7527133125
-0.5325830199
-0.7576955557
-0.7418576027
-0.5534213848
-0.7004076838
-0.6806766225
-0.6334693329
-0.6617125825
-0.5237758706
-0.6577641766
-0.5635406726
-0.5450752663
-0.6746358930
-0.7218638407
-0.6368205918
-0.5102372617
-0.6433149810
-0.5282231670
-0.6702462863
-0.5378065292
-0.5940120285
-0.6754629793
-0.6724306949
-0.6059923756
-0.6187985036
-0.6799250033
-0.6868380244
-0.6644871031
-0.5774709388
-0.5589924527
-0.7555795792
-0.6139250051
-0.6580053797
-0.6056753724
-0.6613626611
-0.7154808122
-0.6328552273
-0.6263732648
-0.6719082506
-0.6967992952
-0.4316487896
-0.5945385304
-0.4546210721
-0.5947480852
-0.4441984927
-0.6323060553
-0.6232241558
-0.5646177239
-0.5780103757
-0.6289924334
-0.5822335096
-0.3780924988
-0.6572871690
-0.4309549682
-0.5592241798
-0.6192142895
-0.6383339293
-0.5434882192
-0.4740793783
-0.5144505474
-0.5372040609
-0.4968000216
-0.4952877837
-0.5889227529
-0.4370217167
-0.7689976672
-0.3542962512
-0.5024513878
-0.4909724120
-0.5508628635
-0.4810072181
-0.5673834443
-0.5963557392
-0.3816463074
-0.5335977772
-0.6080535716
-0.4441416581
-0.6111899323
-0.3359910200
-0.4652595917
-0.5336315342
-0.5072698353
-0.3501718692
-0.3669377387
-0.3668178517
-0.4994218705
-0.5293534041
-0.4389492316
-0.5674296795
-0.3323133066
-0.2707944231
-0.4340584714
-0.4532652181
-0.5681927724
-0.3037939958
-0.5482440459
-0.4649176033
-0.3824960907
-0.5156463337
-0.3622088978
-0.5287261210
-0.4225221957
-0.4797246209
-0.6067556276
-0.4580231447
-0.3339840025
-0.4711522851
-0.4753507781
-0.3171349382
-0.3559100049
-0.2146643015
-0.4307836617
-0.5042536344
-0.4587755199
-0.4122980237
-0.4865166578
-0.4124959188
-0.3753986964
-0.2760774974
-0.4125241117
-0.4499697254
-0.4311717198
-0.3516148590
-0.5149223550
-0.2711314548
-0.3894753999
-0.3510124573
-0.2523941335
-0.4845714397
-0.3849229694
-0.4140344314
-0.4812318922
-0.3570619653
-0.0881837493
-0.3561573941
-0.3616393868
-0.3282368385
-0.3973044069
-0.4484340273
-0.4924852575
-0.2236254063
-0.3581532283
-0.3873809259
-0.3508420717
-0.3889402331
-0.3247943258
-0.3355943290
-0.2031805943
-0.3410615339
-0.5738887002
-0.2610382695
-0.5150207281
-0.2975999256
-0.4588760702
-0.4447753475
-0.3759587696
-0.4323013606
-0.3951742947
-0.2574263351
-0.2138934135
-0.3148092516
-0.4204845359
-0.2716007629
-0.3412212366
-0.2345981826
-0.2244454762
-0.4184196151
-0.3821419963
-0.4599778290
-0.3039842389
-0.4349992379
-0.2696448581
-0.3225965716
-0.1157031926
-0.3327358727
-0.2752152058
-0.2015168700
-0.2945025448
-0.4375870660
-0.2844769565
-0.2053079630
-0.3704425522
-0.2960175691
-0.4551543287
-0.2869550567
-0.2574963204
-0.1593696319
-0.4556847051
-0.3056788198
-0.2115616728
-0.3740946486
-0.3711544740
-0.2563597845
-0.2075623333
-0.3095367046
-0.3214693623
-0.1911977128
-0.1003957839
-0.4311997509
-0.1889202719
-0.3000140962
-0.2661618683
-0.1849242632
-0.2594124044
-0.1495891504
-0.2640263377
-0.1857563165
-0.3682253927
-0.1918857979
-0.4032460521
-0.2806321708
-0.4527363119
-0.2486993211
-0.2122102922
-0.0608005841
-0.1818520222
-0.3072718069
-0.2335737604
-0.2226107807
-0.1403899231
-0.0635642676
-0.2439793786
-0.2539452368
-0.1877896784
-0.1796643950
-0.1867111037
-0.2117653704
-0.2253720046
-0.2461635717
-0.1613143568
-0.2331826852
-0.2345723579
-0.1139786398
-0.1630256074
-0.2613026068
-0.1772198197
-0.2400700416
-0.1278576377
-0.2594253112
-0.0763720812
-0.1488014407
-0.0921468248
-0.1084390843
-0.2657875211
-0.1676830131
-0.0121065516
-0.0594332231
-0.2203873058
-0.0972270894
-0.0972242958
-0.1628303430
-0.2019766035
-0.1773565413
-0.1535946670
-0.2161808062
-0.0128628032
-0.0793729487
-0.0147688977
-0.0289063740
-0.1449453417
-0.0102457289
-0.1158970363
-0.0899686260
-0.1024038495
-0.0441157482
-0.1589462891
-0.0930321704
0.0193028004
-0.2624832431
-0.1322819995
-0.0675890684
-0.1330699072
-0.1347962701
-0.0697697801
-0.1395610735
-0.0428008182
-0.2272191764
-0.1352052527
-0.1259059905
-0.0258000082
-0.1338536186
-0.1014761119
-0.0463325755
-0.1694137165
-0.1562780966
-0.1000654933
-0.0929487843
-0.2145512701
-0.0442507804
-0.1886641166
-0.0766579686
-0.1325480421
-0.0682724451
0.0813347098
-0.1766467590
-0.0750812322
-0.0595799476
0.0222090775
-0.0290170894
-0.0086052506
-0.1703924367
-0.0274894948
-0.0269542709
-0.0560171291
0.0702861871
-0.0935959812
-0.0645254191
-0.0548839877
0.0976371237
-0.2693475948
-0.0762589140
-0.0713677530
-0.0968663322
-0.0489600824
-0.1411095940
0.0053850739
0.0267095420
0.0602509304
0.0783824468
-0.0212312751
-0.1214810805
0.1242301396
-0.0317029915
0.0554434042
0.0363983984
-0.0638044383
0.0273644214
-0.0239617744
-0.0158685382
0.0943600853
-0.0181470924
-0.1665899787
0.1642347533
0.0220010695
0.1642634628
0.0640107085
0.0838269886
-0.0699893746
0.0465882684
-0.0120625153
0.0045809058
0.0719555342
-0.0512785355
0.1447323285
0.0586124539
0.2427066172
0.2543321962
0.0843989736
0.1421084233
-0.0149446100
0.0507485619
-0.0474916606
-0.0344061264
0.1395286260
0.0295570221
0.0531624355
-0.0042547719
-0.0341854592
0.0193500130
0.0954182492
-0.0327303907
0.0256745044
0.0677520625
0.1219638925
0.0252755138
0.0905710537
0.0661730239
0.1402572065
0.0216575238
0.0298297405
0.1097216308
-0.0122500169
-0.0021930743
0.1627984625
0.1576166352
0.2100912538
0.0986801574
0.0117632306
0.0418478072
0.1674461666
0.1710579903
-0.0064006732
0.3761937247
-0.0273452116
0.1319656560
0.2524429713
0.0567308851
0.2483265863
0.2430634915
0.0801359105
0.1728897215
0.2486572567
0.1390430665
0.2234879561
0.1508793667
0.1246959436
0.0856434733
0.1524975302
0.2697222968
0.1416624419
0.2338240392
0.0499627055
0.1677908425
0.1088354808
0.1966094279
0.1140112228
0.1714156119
0.2323989468
0.1130074933
0.0446928295
0.1793818370
0.2783277318
0.1860512858
0.1288529786
0.1944011237
0.2948976297
0.0615176337
0.1011681517
0.2103359089
0.0918484312
0.1727381825
0.2921601534
0.1836555835
0.1476739740
0.2546611179
0.2464344387
0.1686831231
0.1273756732
0.0854930307
0.3655959669
0.1415870906
0.1776836116
0.2398564914
0.3668164925
0.3672045578
0.3991737811
0.1556309503
0.2191468442
0.0745040739
0.4186408845
0.1824264991
0.2093437464
0.2152842698
0.2265405374
0.2783079840
0.2150247690
0.2524953591
0.2131755983
0.2523777803
0.4140411005
0.1600977558
0.2353763756
0.1610527355
0.1870093522
0.2981176023
0.3313741606
0.2315619429
0.1590874841
0.3379597167
0.3460062371
0.1875497946
0.3422613559
0.2852608641
0.2085689556
0.3278153255
0.1328669616
0.3712992340
0.1541242686
0.1881731321
0.3793412288
0.2902907287
0.2613560210
0.2414991491
0.2828458344
0.4802577025
0.3642297493
0.4532891682
0.2996779624
0.2988618026
0.3053023278
0.2625320110
0.3906231881
0.3011173892
0.2285430794
0.2467990280
0.1984057142
0.4433657207
0.3742448475
0.2892657542
0.3316869611
0.4088575121
0.3379711297
0.2134857907
0.1516320516
0.1598263831
0.3509034405
0.4616410672
0.2764223950
0.3562915476
0.3244575818
0.3738699768
0.4233919216
0.4999925050
0.3804488137
0.3370737739
0.2311769887
0.4352958364
0.4770439741
0.4728969060
0.3418984998
0.4461472627
0.2839231811
0.3701658870
0.2611912082
0.2746600495
0.3440390535
0.3315535203
0.3748179569
0.2100646664
0.3662450304
0.3481060137
0.3844379722
0.3340584521
0.4083093435
0.4537930442
0.5232673229
0.4495653993
0.2721775899
0.3806540212
0.3582130372
0.5367497096
0.4012597882
0.4094736677
0.4641429731
0.4615484605
0.4741454229
0.3782070132
0.5888944633
0.4545174797
0.3479119433
0.2685167110
0.3845582731
0.3628487797
0.4593155456
0.4778083323
0.4867118775
0.5005384300
0.3297458380
0.4906366898
0.2592138453
0.3831219241
0.5698071189
0.5649641670
0.5801291336
0.3265691149
0.4487655700
0.3859835431
0.5525077209
0.3431140237
0.5396823702
0.3259605959
0.4562867995
0.3368343307
0.4118626820
0.4758919764
0.4719510947
0.3158669745
0.3589265061
0.4548678089
0.5993287754
0.5482353222
0.6019451921
0.5160448306
0.4330524949
0.6420603148
0.5450020935
0.4585830111
0.4975243673
0.4132037066
0.4384782298
0.4873141286
0.5271242605
0.4967071350
0.6697863058
0.4875028802
0.6144648987
0.5399541619
0.5201237408
0.4900614386
0.3312455645
0.4034136547
0.5768143231
0.4604599217
0.5462375571
0.3962551380
0.5646944764
0.5042360038
0.5032075012
0.6812907251
0.4976954940
0.4909907690
0.5477126870
0.5958836334
0.5358466683
0.6287130175
0.5309490341
0.6673654193
0.5360059301
0.5772825450
0.6288018212
0.5425703278
0.5563300273
0.5723071247
0.5420706723
0.4403432699
0.5392108969
0.5598479525
0.6009403134
0.5461418096
0.5607432982
0.6013020083
0.7155543985
0.6522004136
0.6581412017
0.6026570172
0.5419990173
0.6207577290
0.7382973977
0.6369148875
0.5738316208
0.7065133059
0.6288229589
0.6876925443
0.6388264298
0.6397262310
0.4908751660
0.6658633982
0.6692245241
0.8184093280
0.5211550406
0.6284308140
0.6593085770
0.7210686573
0.6527621366
0.5842430900
0.6897329093
0.7710208878
0.6174572209
0.6966281619
0.6785632685
0.5262296766
0.7148609265
0.6644497121
0.6663791843
0.6251459537
0.6279470778
0.6253294790
0.7620355331
0.6958145003
0.7616087382
0.7590568796
0.6424492513
0.6229259363
0.5053549947
0.6971252497
0.7244270862
0.8144495863
0.7240186990
0.6707699356
0.6440905077
0.7090207423
0.5882678092
0.5062596176
0.4783115961
0.7052252580
0.7148834351
0.6545463129
0.6335124023
0.4753765897
0.7260863756
0.9092116511
0.6985998044
0.7556817244
0.7943283780
0.7252188619
0.6569913371
0.8083221930
0.8388339891
0.6830346829
0.6280412722
0.7117875707
0.6989494083
0.7679917261
0.7063179233
0.7772523568
0.7075708234
0.6732359818
0.6889808745
0.6428321800
0.6605633743
0.8047977574
0.8072085005
0.7004660005
0.7034068489
0.6779788714
0.8196106955
0.7110549883
0.8045762034
0.7557135888
0.7018958554
0.7029226560
0.8424825431
0.7133015722
0.7587209688
0.8763387592
0.5904941438
0.8872812969
0.8291326574
0.8476115153
0.8291723688
0.7025966919
0.6948274057
0.8521695183
0.7272683821
0.7684002180
0.7042818374
0.7279051576
0.7700497627
0.6927507587
0.8714833206
0.8261204020
0.8187980890
0.7519753487
0.8569611722
0.9430903715
0.8691411885
0.8574476754
0.8776503977
0.9095804596
0.7440509996
0.9157616176
0.9147836075
0.7833159893
0.8416037325
0.8507045077
0.8032709566
0.9846561609
0.8767547749
0.7744325711
0.8647485360
0.7343422165
0.7585869763
0.8056833435
0.7927145031
0.7280996905
0.8658532249
0.8759928687
0.8984869623
0.8011923856
0.8837076890
0.8939887001
0.9106859591
0.9182950732
0.9773848095
0.8426197429
0.8706472641
0.8838818214
0.8102934311
0.9490018088
0.8018057331
1.0653109379
0.8543235467
0.8794957594
0.8441001176
0.9546199072
0.9127796559
0.9005834155
0.9737805410
0.8784871896
0.7967387210
0.8616937457
0.8803377215
0.6883717208
0.9370070452
1.1149989628
0.9619850922
0.9817447427
0.9062603455
0.8956790001
0.9619772528
0.9828221525
1.1293561468
0.8120904040
0.9409674658
1.0267386832
0.9064338908
0.8979212405
0.9289944510
0.9173916663
0.8912998889
0.9188321129
0.9198249323
0.8205334858
0.9921588137
1.0056741930
1.0481186824
0.9849879390
1.0238188941
0.8354922272
1.0008033995
1.0188898222
1.0637013430
1.0134099841
0.9147312414
0.8825559438
1.0789394429
1.1736994201
0.9664535392
0.8134485807
0.9362002215
0.9842940950
0.9215206277
1.0034170319
0.9504892106
