-1.0028011402
-0.9637148126
-1.0241516567
-1.0535790500
-1.0217561307
-1.1339791089
-1.1218894428
-0.9994960198
-1.0450892245
-1.0351537399
-0.9272362782
-1.1192932329
-1.0632902357
-0.9466476306
-0.9386954184
-0.8906497114
-1.0737028188
-1.0034013473
-0.9911673034
-0.9306373316
-0.9647948491
-0.8078443755
-1.0717591419
-0.8979509615
-0.9186873069
-0.9449398939
-1.0481058577
-0.9899648358
-0.9726985572
-0.9802641463
-0.8932543690
-0.8896614879
-0.9710140377
-0.9160062003
-0.9818486645
-0.9214336182
-0.9726821248
-1.1080545102
-1.0681151522
-1.0056461831
-0.9417776074
-0.9237141102
-0.9078659260
-1.0398819603
-0.8487532751
-0.9338401711
-1.0319900531
-0.9282890666
-0.8325743505
-0.8343222578
-0.9588578560
-0.9052807034
-0.9833731710
-0.8705468454
-0.9141726298
-0.9279445791
-1.1321970642
-0.9424055535
-0.9037079973
-0.8921173906
-0.8426207399
-0.9100594014
-0.8262202491
-0.9124380022
-0.8712857493
-0.8430142340
-0.8754605977
-0.8918684255
-0.8606773291
-0.9280644567
-0.7586396877
-1.0491280322
-0.9015304515
-0.7982860357
-0.6730311984
-0.8511107191
-0.7229666916
-0.8194446648
-0.9161476940
-0.9425288974
-0.9562348263
-0.8974314642
-0.7405287024
-0.7921131677
-0.7646231214
-0.8443519141
-0.7965470004
-0.7399497598
-0.8534082255
-0.7253300826
-0.8131031947
-0.6659283688
-0.8085166171
-0.9649054529
-0.8572456186
-0.8497734229
-1.0267768896
-0.6843520874
-0.8170135893
-0.7338349139
-0.7942790036
-0.9316797056
-0.8221273819
-0.8510410060
-0.8006250484
-0.8167739655
-0.8100202487
-0.8759826734
-0.8631109838
-0.9313040281
-0.7070045983
-0.8613378359
-0.7853538809
-0.6417003642
-0.7178866430
-0.8674140687
-0.8066291896
-0.8535725648
-0.7204868691
-0.8126557940
-0.7419352471
-0.6894418031
-0.6838613846
-0.7689454758
-0.7000614363
-0.8175316014
-0.7466835384
-0.7047884705
-0.8349593061
-0.7067120265
-0.7068843489
-0.6275731149
-0.7181297598
-0.8809971116
-0.8640175918
-0.6945493687
-0.6720109185
-0.7421289094
-0.6613246698
-0.9092351025
-0.7771334993
-0.7085356873
-0.7930137486
-0.5983847331
-0.6169468484
-0.7880641661
-0.6906850559
-0.6253211314
-0.6757534068
-0.6259532110
-0.5671243936
-0.8489641768
-0.8949526275
-0.6661177436
-0.8658738744
-0.7028472110
-0.6578145753
-0.6298298239
-0.7250100411
-0.7856876514
-0.7598016209
-0.7689430107
-0.7600490858
-0.6638480157
-0.7270195203
-0.4836611844
-0.6783903653
-0.5444148451
-0.5833558915
-0.6798277016
-0.6957221058
-0.7334448920
-0.6217427692
-0.8443905160
-0.5697984162
-0.7728288941
-0.6550713585
-0.8933820243
-0.6807048550
-0.6578264300
-0.6489028101
-0.5466319259
-0.4987164811
-0.6274090097
-0.4578356172
-0.7077598413
-0.6240830260
-0.7281871519
-0.5329788768
-0.8483273334
-0.6207128901
-0.6713390914
-0.7100269283
-0.6001767676
-0.5821847489
-0.6274655198
-0.7732676242
-0.6452333894
-0.6605732137
-0.6969003262
-0.5403081161
-0.6557885636
-0.6451086457
-0.7084563871
-0.5962978937
-0.6573233821
-0.5283644899
-0.5008016041
-0.4473936884
-0.7409834881
-0.5961635458
-0.5099246322
-0.6549830969
-0.5596501604
-0.4762945571
-0.6632824534
-0.6208234767
-0.7232185561
-0.4963971494
-0.6151837112
-0.5908928333
-0.6317664356
-0.4558240182
-0.5384213380
-0.4338627657
-0.5095429468
-0.4978244009
-0.5562804328
-0.6075458849
-0.5082164188
-0.4194175858
-0.5841970377
-0.6182332504
-0.6334403777
-0.5075546286
-0.5537273270
-0.6591848394
-0.5348831606
-0.5738529346
-0.6274480698
-0.5935181256
-0.4817220468
-0.5499248994
-0.5034754049
-0.6433989491
-0.5430207338
-0.5771378798
-0.3879856644
-0.5108710255
-0.6393408527
-0.6237833135
-0.5408181933
-0.4491625973
-0.5565182500
-0.4387248868
-0.5213072434
-0.5635099972
-0.3970718288
-0.3999463501
-0.5795338351
-0.3819029758
-0.4432271568
-0.4715982282
-0.4272832766
-0.3680550969
-0.4766085908
-0.4773838810
-0.3006006406
-0.3270807164
-0.3453228455
-0.4598591843
-0.4608043801
-0.4103348842
-0.5011676885
-0.3722690517
-0.5004385076
-0.4612803288
-0.3876065947
-0.4142365366
-0.4504685179
-0.4463278791
-0.3377262078
-0.4274477331
-0.4829403698
-0.3929142818
-0.3011935665
-0.4102765008
-0.5278775464
-0.5108179949
-0.3512027805
-0.4308841361
-0.4285995655
-0.3136489213
-0.4717883034
-0.4323826208
-0.3719622752
-0.4581688041
-0.5114836927
-0.4250190646
-0.4104440075
-0.4076308512
-0.5237331288
-0.3807955586
-0.2598121874
-0.5177635267
-0.3422291375
-0.3578429306
-0.3954671249
-0.4219751468
-0.4642453625
-0.3367259592
-0.4154376054
-0.3602501826
-0.4064024527
-0.4304454703
-0.3566428024
-0.5147238578
-0.4122007051
-0.1404757004
-0.3881344426
-0.2092283224
-0.4140872331
-0.3984326904
-0.2864633824
-0.5085168640
-0.3235892927
-0.4127271723
-0.3575959590
-0.2518746527
-0.4715453202
-0.3641496472
-0.2331601836
-0.2117184145
-0.3620581447
-0.4341115671
-0.3439089632
-0.3359028190
-0.3374596359
-0.1627741912
-0.3921704048
-0.3467186131
-0.2059861027
-0.3191999565
-0.3240633428
-0.6003788240
-0.3887163241
-0.3659479048
-0.3086468271
-0.1636975978
-0.2425747193
-0.1419076079
-0.3543530975
-0.3503272922
-0.3231825547
-0.4106983745
-0.3908906130
-0.1851120342
-0.2719611602
-0.3642361190
-0.1577653227
-0.2531922149
-0.3692823851
-0.4074383486
-0.1025085897
-0.2383909780
-0.2539716074
-0.2954153922
-0.2783231367
-0.1899601702
-0.2878435923
-0.2747742180
-0.1817838469
-0.2865979699
-0.1781576038
-0.2260826297
-0.2772778331
-0.2506410454
-0.3285900222
-0.2441829034
-0.2736044481
-0.2426672042
-0.3052619562
-0.3537472508
-0.3138880470
-0.2284873470
-0.2211665130
-0.2073225626
-0.1736030858
-0.1822051518
-0.1559424867
-0.3091942303
-0.2183375000
-0.1347622416
-0.1939277725
-0.1940068060
-0.2885232035
-0.1934789551
-0.2192890082
-0.3455735104
-0.2569884793
-0.2966327016
-0.2605399343
-0.2699945999
-0.2453045468
-0.2654488884
-0.2173501180
-0.2530746249
-0.3373370448
-0.2146107753
-0.1955054408
-0.0493036274
-0.2960926562
-0.0911389834
-0.2564624257
-0.0542797034
-0.0876945605
-0.0256510797
-0.1428106347
0.0431734214
-0.2178022515
-0.1136935999
-0.2185758235
-0.0546269564
-0.1771392482
-0.1796914060
-0.1409382095
-0.0257337532
-0.0972352245
-0.0988760643
-0.2143884932
-0.0744907392
-0.2519808441
-0.0988783077
-0.1456832432
-0.2167441954
-0.1349625261
-0.1161415336
-0.0609423867
-0.1042586884
-0.2517510121
-0.1411372194
-0.0519115309
-0.1840163710
-0.0856529963
-0.1346607041
-0.2995037120
-0.1262870803
-0.1297602479
-0.1111974311
-0.0443202979
-0.2261817671
-0.0671613486
0.0080337984
-0.2244802828
-0.0834500066
-0.1078524908
-0.0221259960
0.0639611248
-0.0632511911
-0.0941252123
-0.1217947980
-0.1062794743
-0.1472408020
-0.0307793520
-0.0317410660
-0.1263881724
-0.2073851629
-0.0007740891
-0.2458243523
0.0031603679
-0.0230193939
-0.0908460039
-0.0178447524
0.0199127516
-0.2281254753
-0.1358648342
-0.0041953849
0.0344434525
0.0595923506
-0.1350119866
0.0853040407
-0.0742375565
-0.0179421790
-0.0619217696
0.0578554259
-0.0123274001
0.0059175885
-0.0808425965
0.0922178124
0.0116837922
-0.1090340157
0.1035676310
0.1177882589
-0.0093123242
-0.1198504071
-0.0465719215
-0.0578421382
0.0353488846
0.0138661345
-0.0474920653
0.0424435311
0.1145752767
-0.0120062764
0.1158953866
-0.0367530079
0.0173403074
-0.1310789467
-0.0703567252
-0.0106150573
0.0270935854
-0.0944026918
-0.0144288169
0.0412275037
0.1565129231
0.0694784862
0.1711943274
0.0215055661
-0.0013097838
-0.0476923616
0.0626343732
0.0042139221
0.1056286549
0.2170371596
0.1108971687
-0.0650672957
-0.0286707616
-0.0093897736
-0.0672477119
-0.1197147058
-0.1255152339
0.0907458901
0.1402934486
-0.0205017484
0.1271589986
0.1115826243
0.0911045438
0.2105647135
0.1454994740
0.0800016027
0.0747187889
-0.0450997786
0.1519349759
-0.0348478253
-0.0237180916
0.0177721153
0.0766433622
0.1345278955
0.1759627078
0.1162296653
0.0886576012
0.0169992316
0.0305052075
0.0739436628
0.0177754778
0.0448677585
0.0864921602
0.2547640337
0.1765993336
0.1586553237
0.3535163735
0.1591130512
0.1195758168
0.1890190750
0.0436535891
-0.0155671956
0.1737791976
0.2341052175
0.0964319915
0.2430518526
0.1633227892
0.0964053902
0.1547113304
0.0483642103
0.2112182743
0.0889560589
0.2333905079
0.1324460369
0.2219583556
0.0629855597
0.2592145340
0.2192121953
-0.0665827613
0.1337179315
0.0078996362
0.1516179767
0.1306407846
0.2253821434
0.3721952542
0.1188987526
0.0801863021
0.1407877586
0.0173409022
0.0890540927
0.2133844204
0.2247600336
0.3273794873
0.1659297590
0.1691884349
0.3014975179
0.1834286520
0.1608582719
0.1345896931
0.2556836707
0.3044952554
0.4023095384
0.2143274858
0.2888671424
0.3550118701
0.0759264900
0.2236069616
0.1680529726
0.2851939585
0.2619689768
0.1419469333
0.0991483320
0.1176515490
0.1650261288
0.2387693337
0.2532496909
0.2959925052
0.1293540361
0.1917599275
0.2785938647
0.2987630650
0.1169602724
0.2148142060
0.1930608799
0.2035860115
0.1517650373
0.2319393782
0.1317093795
0.1191291111
0.3437601430
0.3448403836
0.2338293674
0.3623626949
0.2720931938
0.1650874480
0.2153318335
0.2823898685
0.3826283509
0.3238675032
0.4972395033
0.2584863748
0.3475977786
0.3594776713
0.2417865386
0.3663284150
0.3204864253
0.3867085252
0.4579382327
0.3117470607
0.1976966830
0.3745535210
0.3343543159
0.4282839551
0.3142430055
0.2798770846
0.4713864287
0.3399459441
0.3907455852
0.3941524163
0.3120856199
0.4646590629
0.3282758273
0.4053844797
0.3335981802
0.1596507804
0.2951228387
0.3098700409
0.3956857738
0.1583138550
0.4438941887
0.1227159998
0.4131792330
0.2833908499
0.3031603228
0.4810106791
0.3084588946
0.2228822659
0.3483159613
0.4172026899
0.4424724404
0.3691154563
0.4423933214
0.4463010378
0.3206180907
0.4194939831
0.3110523019
0.3966768553
0.3588387434
0.2926267151
0.4091677297
0.3948509737
0.2559175996
0.3642111946
0.3979357590
0.3929404719
0.4677969674
0.3160271236
0.3909295736
0.4048580057
0.4906378997
0.4502531388
0.4469007963
0.4776061468
0.4905093494
0.4903167107
0.3037791440
0.5205057727
0.5291436707
0.4742152337
0.4426230926
0.3555589107
0.4416323723
0.5116016274
0.3421591755
0.4173450999
0.4223027355
0.5585848385
0.5634638230
0.4312146332
0.3965835168
0.3550758244
0.4661671538
0.4749862602
0.5037202990
0.5344587808
0.5577188031
0.5535262848
0.4338981937
0.4591663592
0.5081360691
0.3877507130
0.5033182867
0.5010193909
0.5402200247
0.4695310499
0.2984025346
0.3553189432
0.6007614937
0.4500018125
0.5700651253
0.6216282490
0.3208503634
0.3687934050
0.5768855802
0.7024972599
0.4874109157
0.4767184184
0.4149990072
0.5685221162
0.5128308038
0.4599964152
0.4509642323
0.5507314890
0.2738897531
0.4322776109
0.5908886052
0.7527136914
0.5680112714
0.4529437382
0.5366491786
0.4840402882
0.6498740996
0.5723459175
0.4636342158
0.4528797006
0.5807152512
0.5376879405
0.5474091301
0.6315278917
0.5459258219
0.5685954291
0.7404588731
0.6061692917
0.5883394222
0.6222371406
0.5302906543
0.4080115598
0.5719834231
0.7041032287
0.6468059912
0.5089406649
0.5607439665
0.5011034973
0.5221422422
0.7557951289
0.6053294778
0.5782960392
0.6997257859
0.5622399034
0.4466164591
0.6526950141
0.6353024993
0.5980292005
0.5326774348
0.8540210007
0.7310121881
0.7256488978
0.6517267919
0.5582089714
0.7039485415
0.5463193198
0.6577200697
0.6118753337
0.6581439180
0.5501432271
0.6420008483
0.5799727165
0.6682202507
0.6007751831
0.6356118615
0.6867971196
0.6648157406
0.6871019425
0.7226851551
0.5397121311
0.5640235792
0.6151721989
0.6487410683
0.6155644081
0.6183122872
0.5878469562
0.7066258815
0.6013946777
0.6328895700
0.7452893750
0.5455113583
0.5969928908
0.6728279817
0.5989141231
0.5870601538
0.6422581178
0.5190447782
0.5245675441
0.6899414642
0.6594870961
0.8660364205
0.5730799426
0.5652189584
0.5903153108
0.6420666108
0.6543653131
0.6168517645
0.6948267891
0.6855153105
0.6672660017
0.6899027544
0.6129579015
0.7416393865
0.8629492343
0.7253968227
0.6353609937
0.7837983024
0.8401796910
0.7544869886
0.7026965362
0.8009364038
0.6921064564
0.7232272983
0.7873793221
0.7483601762
0.6419687309
0.8405826851
0.7777761142
0.8040811482
0.7334388105
0.6566584965
0.6263182271
0.5362865680
0.7883223164
0.6769960340
0.7430168214
0.8697722241
0.8331949127
0.8357548982
0.6097067627
0.7384033167
0.8422202139
0.8612672236
0.8099526853
0.7080810403
0.7553085339
0.8059430495
0.8558158564
0.6022989944
0.8050779534
0.8171790270
0.7605754809
0.7922669911
0.7073522969
0.7487087326
0.6781848453
0.7560040257
0.8632198019
0.7823106282
0.7159845229
0.8259685294
0.7974070116
0.8618121142
0.7678416968
0.9330796930
0.8781927415
0.8312100423
0.7367084029
0.7363337067
0.8115509243
0.8479303887
0.8650310052
0.6761779305
0.7026783310
0.7199848533
0.8001658571
0.7012450754
0.8159938116
0.8365264641
1.0322254194
0.8665979267
0.8127705310
0.8049967412
0.9764634277
0.8404996721
0.9023996239
0.8707793323
1.0309757076
0.7022378378
0.9297198123
0.7972704016
0.7939839751
0.9172596616
0.7780475051
0.8371687276
0.7870768751
0.9304179868
0.9641587176
0.8475978032
0.7923174634
0.8288521996
1.0211871537
0.9123002208
0.8638256009
0.9953898122
0.9212493843
0.8898337014
0.9442244149
0.7643326991
0.7853551309
0.8885462913
0.7748758011
0.7746768639
0.8182247444
0.6912332190
0.9189050446
0.9870611016
0.9946730495
0.9291373327
0.8666249566
0.9593023892
1.0471925589
0.9188090904
1.0562859939
0.9395796919
0.9340643158
0.9267309299
0.7136165090
0.9118481261
1.0993561045
0.7704246071
0.9593121544
0.9967167951
0.7846326070
0.9621961925
0.9350158088
1.0090177792
0.9713395335
0.9587352351
0.8867067859
0.9950602659
0.9716294189
1.0641880899
0.9414655216
1.0138221566
1.0132723756
0.9716521483
0.9220719211
0.8421492354
0.8913539207
0.8290235058
0.9693170789
1.0440106891
0.9048753016
0.9333407651
0.9865660921
0.9493582512
0.9462811418
1.0050606569
1.0736895841
1.0530611562
0.9841721902
