-1.1486201548
-1.0820432603
-1.0140581579
-1.0025911281
-0.9920276070
-1.0929411158
-1.1097728064
-0.9010441942
-1.0469478045
-0.9737419556
-0.9339903312
-0.8072366195
-0.9111342412
-1.0398162513
-1.0439152939
-0.9079199129
-0.9450234462
-0.8753529772
-1.0429389137
-0.9626053186
-0.8935826907
-0.9286230669
-1.0219802135
-0.7831981750
-0.9406019258
-0.8392536256
-1.0121738379
-0.9786284822
-0.9379579274
-0.9638843168
-0.9381010694
-0.8216794248
-0.9287840815
-1.1020509834
-0.8091149769
-0.8385549531
-0.9440693660
-1.1313328904
-0.8654509713
-0.9074451489
-0.6833347082
-0.8155456451
-0.8888793814
-0.9799504284
-0.7637153907
-0.8503778343
-0.9065134004
-0.8874569329
-1.0035176409
-0.9273068807
-0.8995873142
-1.0786156769
-0.8820684560
-0.8263398135
-0.8708518888
-0.7801362965
-0.9260129255
-0.9812581018
-0.8709923471
-0.8808781006
-0.8988435960
-0.8614759588
-1.0580240502
-0.9484336153
-0.8413882082
-0.8283545052
-0.7699283616
-0.7547598899
-0.8642256048
-0.9441954058
-0.8045386441
-0.9466859374
-0.7994380383
-0.9620575811
-0.9037590627
-0.8911994964
-0.7193470775
-0.7833552267
-0.8729385614
-0.9593527608
-0.7856319530
-0.9587828051
-1.0575995723
-0.8956125746
-0.8714451999
-0.7934288761
-0.6976844216
-0.9118363595
-0.8656330946
-0.7574679668
-0.8253225364
-0.8726217909
-0.7557087086
-0.8291477135
-0.7493983010
-0.7223809022
-0.8084702079
-0.8271221901
-0.6826392928
-0.8471264322
-0.7054878366
-0.7519589505
-0.7058179236
-0.7338207809
-0.7313264182
-0.9076242725
-0.7940457693
-0.7412274829
-0.7676183659
-0.7437833274
-0.9078997753
-0.6562646855
-0.7893730114
-0.7517577855
-0.6803055711
-0.8178920474
-0.7308197228
-0.5983946385
-0.8777787801
-0.7902065923
-0.7414576845
-0.8094745299
-0.9292726419
-0.7512938750
-0.8113823818
-0.8086395447
-0.6670735800
-0.7308191571
-0.8318209709
-0.7683511259
-0.8428072946
-0.8589236713
-0.7228593723
-0.7229384945
-0.6531389862
-0.7108716253
-0.6917614218
-0.8119083368
-0.5754173701
-0.7381069356
-0.7391463365
-0.7349278763
-0.7071167655
-0.7424927890
-0.6992220903
-0.8607732606
-0.5161668494
-0.6430660034
-0.7186810954
-0.8180485951
-0.7269624332
-0.6137322128
-0.6252211571
-0.6089743640
-0.5950977791
-0.5331839884
-0.6412079791
-0.7957435522
-0.5864546326
-0.7740977827
-0.6256101371
-0.8352662593
-0.7579441655
-0.8833543137
-0.7661977223
-0.5789038841
-0.6959877391
-0.7146983260
-0.6552180375
-0.6605114850
-0.7035779509
-0.5864357169
-0.4966640229
-0.5632760020
-0.6621922517
-0.6474499681
-0.6415390545
-0.7968184064
-0.5442010388
-0.5490934198
-0.7244285249
-0.6963649079
-0.7033146750
-0.5138564470
-0.6236116736
-0.6397008164
-0.6158231702
-0.5562551728
-0.7165239751
-0.6466103153
-0.5759101077
-0.6176106084
-0.6687409262
-0.6412533101
-0.6014780305
-0.6557694797
-0.6303307010
-0.7077852466
-0.6656884553
-0.6684802112
-0.6680992263
-0.6942148541
-0.7110556175
-0.5057068136
-0.3526042982
-0.5520515727
-0.6115654331
-0.6085868286
-0.5417855370
-0.6694631660
-0.5495942232
-0.4677919433
-0.5663754802
-0.6035409003
-0.6494533015
-0.4155874150
-0.5522463489
-0.4004537192
-0.6533015265
-0.5515868799
-0.4980725371
-0.6376181637
-0.4873616212
-0.5678904380
-0.5335510609
-0.5805773505
-0.6067556811
-0.4783786066
-0.5777862553
-0.5496825099
-0.5760026549
-0.3595202018
-0.6762086200
-0.6141641553
-0.5860435215
-0.5994326989
-0.4013961615
-0.4733900359
-0.6040667361
-0.6040481188
-0.5118931728
-0.5155043578
-0.6159940238
-0.5374690906
-0.5109870800
-0.5129075280
-0.5143281254
-0.4704962239
-0.5176113260
-0.5153555915
-0.6492160235
-0.5118844633
-0.5082851097
-0.5812708623
-0.5170855634
-0.5489407710
-0.6190686673
-0.4226278662
-0.5892641171
-0.4491490872
-0.3708473228
-0.4854943790
-0.5949992417
-0.5229075477
-0.4308377607
-0.6308935759
-0.5131236796
-0.5474901449
-0.4846611113
-0.4724750191
-0.4978238379
-0.4398574067
-0.4144310929
-0.3946316938
-0.5562273606
-0.4016987954
-0.4302251221
-0.4279110914
-0.4776238111
-0.2950700428
-0.5687978253
-0.4862014669
-0.3780009304
-0.3538219730
-0.3334234348
-0.6032914953
-0.4533082942
-0.5770237903
-0.5260592327
-0.4100226508
-0.4196631242
-0.4067441736
-0.3499708544
-0.4466729377
-0.3912136199
-0.5412463221
-0.4048707490
-0.3135491983
-0.4034125506
-0.3518867443
-0.4193802857
-0.4040635667
-0.3791372924
-0.3085747261
-0.4434689369
-0.4581045130
-0.3966866904
-0.3835724141
-0.5141640496
-0.2928499795
-0.4919558486
-0.3817767461
-0.4967663977
-0.4644883725
-0.3771343417
-0.3010081313
-0.3872038403
-0.2176452069
-0.4298426180
-0.4166341864
-0.2750915100
-0.3059719245
-0.3262933387
-0.3017697867
-0.3717267324
-0.2573785068
-0.5273625477
-0.4137886036
-0.3399131231
-0.1982309542
-0.2339401788
-0.3168957303
-0.3250935749
-0.4246368237
-0.4527551139
-0.1540945690
-0.2359144306
-0.3798234960
-0.2614995671
-0.3314665577
-0.3794339509
-0.4142955766
-0.4351037364
-0.3016575127
-0.3052809748
-0.3183116968
-0.4569049991
-0.3652442976
-0.3775995768
-0.1440029083
-0.2111558813
-0.3219744249
-0.2023580777
-0.3990124780
-0.2046180595
-0.3414531828
-0.4020543855
-0.1302782396
-0.2764291686
-0.2836044675
-0.3558482579
-0.2763809681
-0.3323968792
-0.3672693158
-0.3002917236
-0.3852064682
-0.2048298692
-0.3619085565
-0.3511244959
-0.4141573413
-0.2581687215
-0.3194969621
-0.2708306612
-0.2382604762
-0.2998712581
-0.1927325405
-0.2318379120
-0.2272379167
-0.2543265505
-0.2550585462
-0.2697440469
-0.1568242500
-0.2033455483
-0.2527875639
-0.2118424222
-0.0885166163
-0.2369657616
-0.3339560507
-0.2505415225
-0.2368345854
-0.2975741701
-0.2403878178
-0.1539480335
-0.1153884720
-0.4031675042
-0.2259345177
-0.2322405793
-0.0798481262
-0.0480274872
-0.1666609233
-0.3233712262
-0.3409856425
-0.2029039276
-0.3463355148
-0.1984641999
-0.2128932907
-0.1377989333
-0.2619320178
-0.0962253670
-0.1637689308
-0.2178674665
-0.0474954288
-0.1508392106
-0.1444684153
-0.1544011755
-0.2486445295
-0.1976378371
-0.0941012235
-0.1357525234
-0.2709027826
-0.2469480845
-0.1765800683
-0.2068117637
-0.2172851411
-0.1512222942
-0.1656877078
0.0240741301
-0.2699495506
-0.0707603406
-0.1826561001
-0.2136076995
0.0350524417
-0.0310522160
-0.0804592290
-0.0447454851
-0.1022560628
-0.1470186674
-0.1805358810
-0.2427372364
-0.0530558497
-0.1389640997
-0.2000336399
-0.0519388505
-0.1022860159
-0.0826356401
-0.1664862218
-0.0816504413
-0.0013517870
-0.1716834658
-0.0744109628
-0.1551325025
0.0009647833
-0.0663311898
-0.0462702688
-0.0126493616
-0.0227301946
-0.0753997982
-0.0698521727
-0.0347381636
-0.0266529448
-0.0480461711
-0.0074458649
0.0059207101
-0.0394556350
-0.0147793459
0.0593608837
-0.0829848476
-0.1397536884
-0.1434108196
-0.1200866415
-0.0445671323
-0.0133341136
-0.0262641916
-0.1466979188
0.1389607090
0.0041203310
-0.0019103495
-0.0895115452
-0.0904944002
-0.2283269861
-0.0632226689
0.1097292503
0.0004441765
0.0574637469
-0.1617043126
-0.0838697052
-0.0385579282
0.0082233304
-0.1199471111
-0.0388594764
-0.0604596398
0.0012829545
-0.0374484478
0.0018015236
0.0223752755
-0.0162682160
0.0946813116
-0.0726769913
-0.0959895248
-0.1025927501
0.0806694121
0.0019232652
-0.0418775440
-0.0215799162
-0.0754541363
0.0642050917
0.0048882177
-0.0071574913
0.0643636338
-0.0706032525
0.0127067236
-0.0418381577
0.0364702631
0.1442462315
-0.1000707697
0.1336852817
0.0354027873
-0.0067370336
0.0406485379
0.2204937143
0.0732724611
0.0278463435
0.1174711420
0.0920686729
0.0614480053
0.1720014342
0.1167497532
-0.0406586228
0.1193653181
0.1987133716
-0.0375220369
0.0623703267
0.1569249353
0.0820234410
0.2412277392
0.0949291552
0.0163175341
-0.0022471923
-0.0226919776
0.0413038033
-0.1197668585
0.0826021878
0.0397454120
0.0538303239
0.0074566485
0.0001020017
0.2694395483
-0.0529192103
0.1401896565
-0.1393299946
-0.0939551771
0.0171822390
0.0986440312
0.1417071814
-0.0352222206
0.0779175013
0.1841615524
0.2074599344
0.1540614854
0.1386330252
0.1096978262
0.1239490357
0.1434233437
0.0805200515
0.2076349175
0.1538367405
0.1267774560
0.3112248633
0.1429106743
0.2275078149
0.1292515691
0.0523567483
0.3304116576
0.0981437445
0.1170694254
0.1903794833
0.0782835659
0.1934584384
0.2063196964
0.1523127978
0.2104659722
0.1033317777
0.2272155208
0.2213817404
0.0301879631
0.0361951402
0.1811281608
0.1546861324
0.1025295359
0.2315838114
0.1563278923
0.1788576880
0.2259900720
0.2327450294
0.2649070369
0.1057495176
0.3050372419
0.1059787985
0.4095502418
0.1422292759
0.2741100946
0.2719885599
0.1711924310
0.2676428024
0.2532234118
0.1128091451
0.4294323115
0.3255959410
0.2139787054
0.2968685666
0.1758186869
0.2486024005
0.1537842871
0.2246052664
0.2895850193
0.3143549063
0.0227060580
0.2154423147
0.2062491378
0.1864489703
0.2126800832
0.2619494607
0.2419863465
0.2466592784
0.2981553220
0.4186035046
0.2499225801
0.1932588592
0.1505112447
0.2888304129
0.3304453494
0.2123099378
0.2069138721
0.2190621957
0.3332001651
0.3211143900
0.3840372516
0.4520587069
0.2399343365
0.3676885801
0.2812245794
0.4004419958
0.4100383156
0.2999635347
0.2473324413
0.3344530120
0.1353692423
0.3210545067
0.3263139839
0.3603411651
0.2990583937
0.1346200315
0.3215692612
0.2958074802
0.3168432559
0.1259388600
0.2746721628
0.2152691177
0.2668213236
0.1483325543
0.2479429723
0.2649781752
0.2537178176
0.4429572626
0.2517916167
0.3918754906
0.4443377033
0.2963640209
0.3987745865
0.3385988990
0.4546995357
0.2960331961
0.3619719918
0.3540012142
0.3082379929
0.4057648371
0.3252234980
0.4177313422
0.2756377148
0.4601891413
0.3528702192
0.2892751122
0.4349055200
0.3720756846
0.5469736301
0.4768632390
0.3370207232
0.2937259830
0.3400489335
0.4199758422
0.3411823441
0.3882971802
0.3679926372
0.4606416421
0.4342913815
0.2448599948
0.2074921088
0.3826481007
0.5510115485
0.4379644370
0.4820733005
0.3289834813
0.3671479301
0.4957466839
0.3653658634
0.3602637178
0.2156054191
0.3858320012
0.3734758609
0.4352344228
0.4394030948
0.4031197810
0.5504251604
0.4628058558
0.4640334521
0.3852291956
0.4918494110
0.2540100610
0.4688847967
0.4322832509
0.4670499535
0.5224351140
0.4568304082
0.5031219290
0.4159731617
0.3189801711
0.4171822596
0.4276775072
0.3578928020
0.5208636448
0.4322272959
0.6366006294
0.4156406840
0.5417669479
0.4113061138
0.4349645241
0.4250542775
0.4885418009
0.5001412136
0.4202790379
0.5573116112
0.3014963796
0.4718390587
0.4461391103
0.4967961192
0.4576766171
0.4286026299
0.4817512887
0.4833210201
0.4712444751
0.4393884376
0.5198731842
0.4305740344
0.4306900130
0.5121268748
0.4039536556
0.4114221667
0.4892873015
0.3619275549
0.6012135143
0.4696375301
0.5939548962
0.5435524337
0.5134813909
0.5621478227
0.5001170026
0.4053492310
0.6524492841
0.4005484754
0.4756645889
0.4981378472
0.5133904512
0.5424412759
0.5256176136
0.6623918683
0.4708536699
0.4888285125
0.6060743649
0.4494560519
0.5886847477
0.6010934491
0.6462048066
0.4967433920
0.4007545724
0.6794215263
0.5603768331
0.6081252887
0.6210972503
0.5269884062
0.6461518557
0.4885383047
0.6509576401
0.5987447563
0.5666373394
0.6844897163
0.4953445571
0.5525764554
0.4976977547
0.5109185585
0.7085143378
0.5983849283
0.6252708463
0.5845747955
0.6821192881
0.6315316057
0.5632169345
0.5974037169
0.6500079180
0.6206196183
0.5912977996
0.6825583279
0.7696363195
0.4654126437
0.6144648768
0.7112758922
0.7498713940
0.5392343173
0.7012108791
0.6072083005
0.5765925471
0.5614271565
0.6463962068
0.5990938402
0.7684388638
0.8817186555
0.5471790747
0.6278427385
0.5259404145
0.6951008493
0.7693455780
0.7307796977
0.6113201200
0.6582881357
0.7002157345
0.6024438222
0.7492732070
0.7032919184
0.6933894461
0.7895608954
0.7510048229
0.6422840344
0.7112137126
0.7719391266
0.7280088356
0.7509174831
0.6033588253
0.6209085444
0.6694659046
0.6646897908
0.8375083921
0.7335215144
0.8507507599
0.6776049957
0.7166554708
0.6022037683
0.5372183587
0.6610827247
0.7354857656
0.8103159064
0.7379490139
0.4930816168
0.6574718773
0.8427061307
0.6958706024
0.8231592319
0.7249379946
0.7547038362
0.8969800772
0.6547910060
0.6968635902
0.8149793725
0.6688128392
0.7440994842
0.6959358813
0.7635192607
0.6256642888
0.8268774884
0.6929436706
0.5880307505
0.6346959613
0.7125747014
0.7914457860
0.7200119572
0.7374509027
0.7284620573
0.7717185178
0.8646890275
0.7448337909
0.8035119894
0.8377462485
0.7319028134
0.7718125316
0.8000972881
0.8027431499
0.8729821582
0.8002060598
0.7062928076
0.7598614120
0.7365555561
0.6797549298
0.8004929368
0.7213431604
0.8296673804
0.8436384676
0.8071460946
0.7986495568
0.9538329536
0.8496788440
0.9845793791
0.8509222711
0.6415183121
0.8059525790
0.7828210445
0.8362733706
0.7882948190
0.7794600582
0.8375159933
0.8749902010
0.7020064300
0.8020675458
0.9614052159
0.8396358082
0.9584050724
0.8241210158
0.9191171989
0.9420484818
0.7115162139
0.7499547343
0.8486890876
0.9475851973
0.8592609838
0.9498481447
0.9702351510
0.8378880376
0.8094436764
0.7638038038
0.8391138745
1.0656355436
0.9927348909
0.9994103017
0.8321337175
0.8906384188
0.9718050247
0.9806254441
0.8283085052
0.8964844433
0.8437099688
0.8841784792
0.8545143706
0.8137679393
1.0129726375
0.8743638694
1.1692780840
1.0113177176
0.8109500481
0.9794236717
1.0729363638
1.0263046216
0.9069313144
0.9203312447
0.8508588508
1.0012528728
0.8520167028
0.8810435668
0.9882679621
0.8304290972
0.9116276977
0.7985407865
0.9848033256
0.9503483152
1.0808390319
0.9749727343
0.9041444213
0.8930918550
0.8266968522
0.9245020992
1.0901754414
0.9145610016
1.1025050184
1.0669199599
1.0367790924
1.0765774802
0.9998201576
0.9258992129
1.0076331639
0.9935270402
1.0530542351
0.9088139446
1.0921564412
0.9811502655
0.9999833186
1.0705296162
1.1353000384
1.0460730129
0.9531962972
1.0396258903
0.8837683427
1.0414423026
1.1167930841
1.1098291304
