-1.0285778720
-0.9738281395
-1.0043402813
-1.0402770069
-1.0321899984
-1.1404035864
-1.1251502119
-1.0020634802
-1.0420567623
-1.0426613119
-0.9078133164
-1.1267336883
-1.0665503460
-0.9489443072
-0.9430451919
-0.8786175708
-1.0826406048
-1.0388006127
-0.9921705195
-0.9342997657
-0.9681984311
-0.7806865686
-1.0669187580
-0.9092067300
-0.9206463446
-0.9103885555
-1.0450904992
-0.9827144940
-0.9866224477
-0.9897995679
-0.9100751920
-0.8937429081
-0.9740717647
-0.9331218317
-0.9904693893
-0.9183408577
-0.9711064216
-1.0876452080
-1.0546253735
-1.0019609096
-0.9230753718
-0.9035621406
-0.9334242752
-1.0317163121
-0.8480735654
-0.9216542141
-1.0223341437
-0.9246633196
-0.8265419747
-0.8293533012
-0.9592770929
-0.8945759744
-1.0129330475
-0.9011966254
-0.9048767150
-0.9440828679
-1.1218235502
-0.9491625674
-0.9092832915
-0.8995057193
-0.8434772636
-0.9342306311
-0.8178113617
-0.9187430121
-0.8824162119
-0.8492068805
-0.8926596632
-0.9131714178
-0.8639581408
-0.9268041037
-0.7430138149
-1.0308676013
-0.8626597685
-0.7994666121
-0.6855689312
-0.8550160704
-0.7307905911
-0.8045351923
-0.9196050658
-0.9260782946
-0.9529846459
-0.8875274361
-0.7565996668
-0.7900917195
-0.7614264208
-0.8391813627
-0.8169659429
-0.7325368731
-0.8413366346
-0.7192913057
-0.7796602733
-0.6569823931
-0.8180720147
-0.9651356274
-0.8469175157
-0.8703094725
-1.0234174392
-0.6936639099
-0.8320768887
-0.6929173807
-0.7716914997
-0.9304380659
-0.7910711589
-0.8583606380
-0.8035155223
-0.8007467046
-0.8036981566
-0.8914574859
-0.8710983951
-0.9125582168
-0.6906047577
-0.8528690337
-0.7737086134
-0.6756047384
-0.7113568106
-0.8442054378
-0.7835121783
-0.8426506059
-0.7156233560
-0.8033665558
-0.7454426266
-0.6472713653
-0.6896173008
-0.7785144097
-0.6979892619
-0.8037967443
-0.7604753412
-0.6764489126
-0.8144136099
-0.7142562570
-0.7222587667
-0.6075178493
-0.7153359067
-0.8921145434
-0.8640814140
-0.7042001280
-0.6800775926
-0.7388815742
-0.6373009564
-0.8954585266
-0.7778719742
-0.7194613884
-0.7754131240
-0.6169486684
-0.5963818826
-0.8144294429
-0.6747974389
-0.6520939909
-0.6882310703
-0.6193608002
-0.5800441967
-0.8410832368
-0.8876121664
-0.6701191276
-0.8622808724
-0.7218583246
-0.6621134597
-0.6581400079
-0.7425166865
-0.7926449994
-0.7900092326
-0.7712953269
-0.7580912392
-0.6419980214
-0.7228879967
-0.4734942416
-0.6638190989
-0.5279319152
-0.5937808245
-0.6833395582
-0.6862525742
-0.7299484115
-0.6108306183
-0.8523436023
-0.5733046326
-0.7651983262
-0.6734249568
-0.8818980959
-0.7096828987
-0.6679773873
-0.6416240080
-0.5590974614
-0.5060203376
-0.6297444765
-0.4539396134
-0.7206197179
-0.6279394101
-0.6959166114
-0.5356735148
-0.8918254860
-0.6007102843
-0.6806808947
-0.7097546048
-0.6181036761
-0.5886603459
-0.6249017157
-0.7971540905
-0.6111171409
-0.6247071262
-0.6968962370
-0.5195674397
-0.6523725494
-0.6401039553
-0.7142500861
-0.5685668360
-0.6824896817
-0.5344000029
-0.4733695416
-0.4582316486
-0.7206317019
-0.6020138952
-0.5128736124
-0.6300346475
-0.5509767132
-0.4706314964
-0.6548777907
-0.6158546083
-0.7254760973
-0.5192653886
-0.6093640333
-0.5755764651
-0.6136440237
-0.4309504127
-0.5488403311
-0.4176509324
-0.5132210672
-0.4842744042
-0.5889880978
-0.5910678914
-0.4996169948
-0.4272632723
-0.5650211655
-0.6261010075
-0.6225979738
-0.5177072888
-0.5395891759
-0.6533977590
-0.5401727594
-0.5540860905
-0.6429393790
-0.6013822843
-0.4600452193
-0.5721779635
-0.5037822229
-0.6501352035
-0.5480337944
-0.5537209082
-0.3719493679
-0.4965045193
-0.6403066720
-0.6299260178
-0.5669293757
-0.4732830838
-0.5746868464
-0.4476624927
-0.5080606901
-0.5901216123
-0.3910908611
-0.3808366441
-0.6018000735
-0.3602921353
-0.4488261650
-0.4692125558
-0.4322206084
-0.3542518715
-0.4754839440
-0.4869669578
-0.3087819311
-0.3362463033
-0.3411074147
-0.4680339782
-0.4336138921
-0.3780940592
-0.5054024038
-0.3910778387
-0.4964820666
-0.4220249892
-0.4221661944
-0.4290634056
-0.4408439946
-0.4428757201
-0.3544087455
-0.4297107890
-0.4712578305
-0.4087482852
-0.3124273473
-0.4227426494
-0.5489376209
-0.5114035464
-0.3636113512
-0.4353623035
-0.4011864421
-0.3138211089
-0.4706437372
-0.4356780928
-0.3558621564
-0.4442371601
-0.4942533759
-0.4137864992
-0.4002682724
-0.3921689749
-0.5540059614
-0.4006155600
-0.2789594080
-0.5086438589
-0.3174174226
-0.3546965011
-0.4079736394
-0.4359886470
-0.4547252367
-0.3296934675
-0.4398368495
-0.3858488905
-0.4061364735
-0.4322257558
-0.3635368810
-0.5166169393
-0.4125575035
-0.1538111992
-0.3734099429
-0.2150432995
-0.3997949901
-0.4090297304
-0.2809913347
-0.5250858195
-0.3139978241
-0.4477274736
-0.3348501277
-0.2592356053
-0.4541239417
-0.3454951791
-0.2224355576
-0.2082440842
-0.3850708131
-0.4068882161
-0.3673322323
-0.3397530165
-0.3314582137
-0.1739351655
-0.4080642839
-0.3468120954
-0.2079367984
-0.3001228877
-0.3351926594
-0.5957642276
-0.4073949404
-0.3808586832
-0.2947467933
-0.1524839456
-0.2404787929
-0.1117758719
-0.3200674444
-0.3571240429
-0.2990711392
-0.4048067714
-0.3999273224
-0.1826785258
-0.2912145716
-0.3923076734
-0.1514132198
-0.2491273654
-0.3445417967
-0.3940044957
-0.1144043834
-0.2285894002
-0.2390922377
-0.2962877617
-0.3071477807
-0.2057996553
-0.2715636325
-0.2942817374
-0.1808851124
-0.2862903590
-0.1788216699
-0.2186403757
-0.2749181059
-0.2250082730
-0.3218843849
-0.2440481069
-0.2714618569
-0.2719980746
-0.2971783929
-0.3321732259
-0.3177084158
-0.2253421492
-0.2158429464
-0.1991770430
-0.1725629478
-0.1871345668
-0.1470790875
-0.3150280314
-0.2105825599
-0.1649899720
-0.1794668398
-0.2021202698
-0.3266642932
-0.2205465867
-0.2351103731
-0.3644581955
-0.2644846628
-0.3086405195
-0.2709064558
-0.2522259900
-0.2260171443
-0.2564122327
-0.1983643740
-0.2476207679
-0.3340048764
-0.2211134599
-0.1833177954
-0.0556329419
-0.2930925469
-0.1013590331
-0.2496015388
-0.0535923475
-0.1053047254
-0.0160176470
-0.1463005022
0.0516951401
-0.2382522745
-0.1182707015
-0.2036436581
-0.0439930975
-0.1829318580
-0.1822333018
-0.1563172597
-0.0266779788
-0.1129589017
-0.0978020558
-0.1972733361
-0.0707508059
-0.2578442753
-0.0975723382
-0.1552853767
-0.2198845588
-0.1439702137
-0.1244542858
-0.0572962749
-0.1130109219
-0.2329969912
-0.1512758546
-0.0209024525
-0.1864319680
-0.0629227910
-0.1244390623
-0.3207520421
-0.1235792612
-0.1392327568
-0.1274638634
-0.0574108231
-0.2547617451
-0.0485846108
0.0228959309
-0.2089670468
-0.0885218465
-0.1228681427
-0.0468640495
0.0879985831
-0.0721697861
-0.1006475401
-0.1177497993
-0.1002463162
-0.1692099992
-0.0083559405
-0.0293055652
-0.1090192947
-0.2270259170
-0.0100942787
-0.2474616911
0.0030527909
-0.0195801177
-0.0795045385
-0.0222268453
0.0272776901
-0.2124254904
-0.1508336366
-0.0222638542
0.0193198964
0.0640992315
-0.1410458076
0.0937872103
-0.0831840415
-0.0124934303
-0.0521637852
0.0779710386
-0.0008544199
-0.0060488055
-0.0671188909
0.0884428492
-0.0091145825
-0.1048706083
0.0858272914
0.0992730429
-0.0138964222
-0.0945975128
-0.0540698813
-0.0562286433
0.0270092504
-0.0031242173
-0.0625055586
0.0300358727
0.1232457473
-0.0094935370
0.0874300670
-0.0333778735
0.0217728306
-0.1313882780
-0.0649166074
-0.0210692874
0.0434711130
-0.0637832894
-0.0002281628
0.0413828012
0.1692438185
0.0663365766
0.1619145825
0.0233748212
0.0089001599
-0.0707028352
0.0499065935
-0.0130999840
0.1214858388
0.2188049095
0.1376328456
-0.0371404748
-0.0272551967
-0.0072370245
-0.0669546796
-0.1038663733
-0.1305483863
0.0886550150
0.1314150182
-0.0400996564
0.1405991461
0.0896313594
0.1043872204
0.2132599286
0.1480642155
0.0606721040
0.0750458227
-0.0161124947
0.1648483984
-0.0321917796
-0.0230843156
0.0132643614
0.0911404703
0.1527223494
0.1752123414
0.0954066847
0.0618539320
-0.0218280372
0.0065136131
0.0784106658
-0.0109530510
0.0670094192
0.1058067712
0.2384767049
0.1389952998
0.1483684267
0.3497361981
0.1825115132
0.1142559620
0.2071710202
0.0428951043
0.0051154093
0.1726756098
0.2194293678
0.0969586000
0.2363290269
0.1673789928
0.1223345245
0.1524526569
0.0384593935
0.2324698805
0.0924612555
0.2510091984
0.1340206386
0.2212172476
0.0669511287
0.2597918385
0.2089822078
-0.0677812584
0.1178451912
0.0020238719
0.1436258265
0.1399528760
0.2329924096
0.3729075632
0.1219354922
0.0724875207
0.1364663442
0.0347381599
0.0865370446
0.1990418115
0.2187740021
0.3152144149
0.1691232757
0.1556454848
0.3186517949
0.2009563904
0.1615172306
0.1232090905
0.2470372023
0.2919866996
0.3859063896
0.2280299983
0.3018622262
0.3228200712
0.0614997804
0.2051896866
0.1733674786
0.2713413716
0.2573473952
0.1421098558
0.0987859254
0.1102908075
0.1726460252
0.2457881858
0.2480663254
0.2874185317
0.1370711024
0.2112352339
0.2665183980
0.2904996903
0.1123791334
0.2316639499
0.1890706162
0.1814531702
0.1329501389
0.2311919564
0.1280558468
0.0841237671
0.3259811510
0.3372193031
0.2337114445
0.3397394526
0.2691868950
0.1716928022
0.1998238224
0.2801982977
0.4042356819
0.3145876780
0.4904482695
0.2803738329
0.3417032368
0.3596925863
0.2474748981
0.3969915361
0.3289051750
0.4101415420
0.4743209593
0.3090133100
0.1869661048
0.3482439279
0.3185160453
0.4353623426
0.3083305393
0.2846427931
0.4571412630
0.3354077337
0.4028466088
0.3754807217
0.3079514540
0.4666942904
0.3325389632
0.4179776352
0.3302820210
0.1516604485
0.3146614366
0.2977191984
0.4007424899
0.1820433387
0.4456957082
0.1476098721
0.4130321976
0.2718616136
0.2889845538
0.4844127371
0.3299165283
0.2172160567
0.3491729640
0.4243885987
0.4546945615
0.3462739226
0.4397021882
0.4592385668
0.3283103088
0.4186375331
0.3276363337
0.3934570709
0.3637592195
0.2923839558
0.4082539663
0.3947256898
0.2721486724
0.3564891094
0.3901970984
0.3767523023
0.4495371220
0.3212578193
0.3828592219
0.4110906280
0.4840298545
0.4646452089
0.4309465701
0.4460661519
0.5041475874
0.4821078050
0.3196401648
0.5379887005
0.5284550410
0.4840767799
0.4417600447
0.3363310014
0.4497923278
0.5071659671
0.3522060782
0.4105220566
0.4188385936
0.5543809003
0.5648574641
0.4222113710
0.3716470977
0.3664534571
0.4752852537
0.4900329781
0.5267084790
0.5289578197
0.5522347229
0.5792810882
0.4179246597
0.4563351885
0.4944050234
0.4000515470
0.4710697166
0.5132836407
0.5433437468
0.4828817657
0.3132934138
0.3605631900
0.6090546018
0.4503758730
0.5697101575
0.6065242057
0.3318073640
0.3777157583
0.5539142404
0.6893605564
0.4898858390
0.4761058349
0.3974851921
0.5605355701
0.5059267109
0.4506507032
0.4516459378
0.5351233022
0.2864016279
0.4346118187
0.5666469277
0.7609937098
0.5641683809
0.4511943216
0.5382241387
0.5009180041
0.6426372537
0.5768576201
0.4485349326
0.4610660644
0.5924425229
0.5282449375
0.5316296818
0.6186976977
0.5441322576
0.5630426948
0.7229470055
0.6009135656
0.5735629343
0.6203405955
0.5637339808
0.4361717625
0.5712558797
0.6912918174
0.6634630219
0.5076228661
0.5676666167
0.5279921462
0.5629264088
0.7553083028
0.5887680598
0.5918840758
0.7084152878
0.5509270112
0.4183921402
0.6606477883
0.6426315647
0.5808342215
0.5411106517
0.8093125397
0.7245571056
0.7411329719
0.6739535524
0.5439570024
0.7159229527
0.5514326130
0.6655524844
0.6123961184
0.6571524259
0.5564674863
0.6376077264
0.5934479146
0.6690663163
0.6273345091
0.6234019300
0.6409067456
0.6653566833
0.6833991986
0.6942840510
0.5458306726
0.5696999022
0.6135492259
0.6351509338
0.6218607605
0.6618805959
0.5821486174
0.7117463264
0.5936913546
0.6253714513
0.7536806044
0.5431961131
0.5906173441
0.6851097632
0.6069591784
0.5735734675
0.6465931175
0.5370580744
0.5145926924
0.6961461788
0.6553675276
0.8833772442
0.5781170413
0.5844783232
0.5749114764
0.6255825070
0.6482052262
0.6133020942
0.6849621571
0.6733181605
0.6823878629
0.6755783847
0.5967356829
0.7221750005
0.8914076754
0.7329324485
0.6074050184
0.8059313602
0.8223898567
0.7451438376
0.7044375881
0.8037504906
0.7170466444
0.7112641394
0.7863298895
0.7581143326
0.6275836651
0.8154174136
0.7844538608
0.7949609039
0.7508511419
0.6154818295
0.6443758220
0.5432146960
0.7749835791
0.6737999736
0.7743377848
0.8722422641
0.8681235728
0.8290949946
0.6150647207
0.7462237924
0.8497996898
0.8541256526
0.8081041532
0.6939023488
0.7424203774
0.7944848399
0.8452983767
0.6330090558
0.8020538667
0.8027761899
0.7418509092
0.7810649462
0.6877892963
0.7737220958
0.7027670979
0.7608839401
0.8798190895
0.7961318850
0.7067195178
0.8616375207
0.7874345568
0.8774398972
0.7494520375
0.9464100187
0.8622454079
0.8238664260
0.7688014261
0.7189312594
0.8121348463
0.8468054099
0.8823075671
0.6733058400
0.6899262876
0.7198295407
0.8185160823
0.7029269057
0.8141644454
0.8353346416
1.0273462909
0.8714507971
0.8158459573
0.7911180171
0.9569031886
0.8511261905
0.9101239424
0.8708655069
1.0279213696
0.6912573092
0.9147250307
0.8200646153
0.8013646134
0.9037806450
0.7807723567
0.8396058169
0.7875727133
0.9277985310
0.9647472133
0.8668947589
0.7914935967
0.8208251856
1.0039761210
0.9016341731
0.8829495673
0.9930701969
0.9158109178
0.8741079041
0.9512371240
0.7829394703
0.7680925763
0.8884622484
0.7917945316
0.7676883963
0.8224121221
0.6639127554
0.9097050786
0.9745004894
0.9733231653
0.9350178093
0.8673904603
0.9726403089
1.0251456815
0.8914743044
1.0317329357
0.9155569873
0.9446312100
0.9407539879
0.7009755502
0.9275949317
1.1071694894
0.7515545929
0.9601622968
1.0043449969
0.8097961365
0.9733132937
0.9360024174
1.0039995600
0.9793445959
0.9634873722
0.8915485323
0.9883841889
0.9549167811
1.0770894888
0.9394943206
0.9982707912
1.0214599092
0.9745832574
0.9163859633
0.8615016479
0.8666130832
0.8124883445
0.9489576647
1.0473454913
0.9102899422
0.9285452339
0.9852924534
0.9239785825
0.9351614005
1.0180379071
1.1043227382
1.0209844442
0.9593316260
