-0.8755402930
-0.9986530622
-1.0082253874
-0.9376805064
-0.9808067896
-0.9275547461
-1.0438175710
-0.9219413020
-0.9786288939
-0.9818540045
-1.0391617596
-0.9859019873
-1.0602856760
-0.9933455772
-0.9526463923
-0.9560974743
-1.0051398149
-1.0347242158
-0.9058827943
-0.7396477163
-1.0048914679
-0.8764715298
-0.9411433835
-1.0176930705
-0.9217406315
-0.8775025265
-0.9776572959
-0.7881655729
-0.9811268632
-0.9130050735
-0.9825125618
-0.8719911898
-0.7831614525
-1.0449523018
-0.8613009740
-1.0306280073
-0.9030587831
-0.8147974036
-0.7697882923
-0.8257255498
-0.9099981090
-0.7505728216
-1.0344607385
-0.9241271955
-0.9430085262
-0.6939517079
-0.8301519084
-0.8491968515
-0.9492196077
-0.7987767114
-0.7887851416
-0.9057556670
-0.9555692681
-0.8329248126
-0.8811980919
-0.9797052928
-1.0311823567
-0.8169136988
-0.9646456737
-0.7732304370
-0.8619400543
-0.9906887979
-0.8278880608
-0.8163811477
-0.9375638680
-0.9094366365
-0.8533705385
-0.9016992661
-0.8930081168
-0.8461582958
-0.9465368993
-0.7451205881
-0.7124439152
-0.7370069880
-0.9608508945
-0.9289037577
-0.8069557419
-0.8484759455
-0.8364863264
-0.7995217528
-0.7913079558
-0.7593556589
-0.8028022321
-0.9941504098
-0.7271635055
-0.7510399638
-0.7960750396
-0.9662540716
-0.9515416754
-0.7746436818
-0.8552074659
-0.5243554770
-0.6854736480
-0.8634090559
-0.9206110850
-0.7745436680
-0.7766082713
-0.7987714888
-0.8358022889
-0.7963797082
-0.8498196851
-0.8363792517
-0.7540207998
-0.8420687914
-0.8646818266
-0.8144109425
-0.8922875492
-0.9938161501
-0.8890115491
-0.7241313167
-0.8112290759
-0.8821081463
-0.7576923068
-0.8217878876
-0.8308272411
-0.6763880216
-0.6902473371
-0.6275856363
-0.8232492757
-0.5963711121
-0.6092020623
-0.6813087103
-0.8155821689
-0.6669112898
-0.7251133756
-0.5779219781
-0.6041984242
-0.6118696033
-0.9174355809
-0.7274504729
-0.6857925708
-0.6712317845
-0.7104185583
-0.7399156728
-0.7183500173
-0.7910751133
-0.6060120902
-0.6896127563
-0.7190991485
-0.6506387580
-0.7830349507
-0.6573987021
-0.7027105263
-0.7958981212
-0.6243688029
-0.8222745829
-0.6949013346
-0.7440211822
-0.8044090830
-0.5310840686
-0.7073951791
-0.7937235055
-0.5652724410
-0.6558848682
-0.6633248239
-0.6593821636
-0.7401698852
-0.5972084033
-0.7088148799
-0.8017412074
-0.7961021944
-0.6200545291
-0.5340436589
-0.6920455963
-0.5996863283
-0.7247439325
-0.7469732585
-0.6751026395
-0.5905307315
-0.7840769811
-0.7109064409
-0.6613176222
-0.7071887239
-0.6199017073
-0.5870035951
-0.6872312361
-0.6436416986
-0.6586538493
-0.6767947505
-0.5961322864
-0.6312487062
-0.5209682247
-0.7117739514
-0.5869484648
-0.6907972737
-0.7312299333
-0.5129913426
-0.6342105173
-0.6060754286
-0.6866512353
-0.6598701809
-0.6879315282
-0.7096201265
-0.6931603601
-0.6621904922
-0.5616699373
-0.6285208775
-0.4553433861
-0.6167173595
-0.5832871264
-0.5166341408
-0.5468202431
-0.4904633533
-0.5194153749
-0.5891568202
-0.5608234884
-0.7084641196
-0.5082745453
-0.5462303570
-0.5487440536
-0.8250091961
-0.6530542991
-0.6187062784
-0.6339145917
-0.3877210379
-0.4590607631
-0.5274706555
-0.5485155574
-0.5359172322
-0.5939515123
-0.6052238397
-0.6342288542
-0.4860802719
-0.5471187176
-0.6053085358
-0.5130656373
-0.6382590552
-0.4918375319
-0.5714630335
-0.5156607229
-0.3396483910
-0.6196443491
-0.6068653925
-0.5980432561
-0.6231995509
-0.5093600974
-0.5094210631
-0.5013511237
-0.5433455089
-0.4880689326
-0.5484071716
-0.5970812048
-0.4512373266
-0.5037358119
-0.4762567580
-0.5405055445
-0.5257929743
-0.5285138246
-0.4493994963
-0.5400456282
-0.4421287089
-0.5354581386
-0.4537830308
-0.5054612594
-0.5584951244
-0.5037730803
-0.3167767827
-0.4383420414
-0.5960674448
-0.4035348153
-0.3382636087
-0.4635322396
-0.4620094296
-0.3781576105
-0.5168634160
-0.5906151081
-0.4975030880
-0.5068868199
-0.4081979906
-0.3820344261
-0.3652434848
-0.3768741882
-0.4268560419
-0.4458882475
-0.5642377630
-0.5040518746
-0.3906051830
-0.4435184642
-0.4196292077
-0.3624245120
-0.3085773634
-0.5422887497
-0.3735920472
-0.3496603859
-0.4947110987
-0.4214344142
-0.4026930602
-0.4130363389
-0.4632950293
-0.4146344094
-0.5114982815
-0.5087816002
-0.5257472184
-0.3722644840
-0.5371188255
-0.3202833853
-0.3476038277
-0.4422776510
-0.2882364905
-0.3737961857
-0.3811586650
-0.4233366111
-0.4295518051
-0.3282212632
-0.2645033899
-0.4393063726
-0.3511543373
-0.4289643323
-0.3507951398
-0.3030079463
-0.4727476839
-0.3855534367
-0.4694891007
-0.3292202217
-0.3621981911
-0.3107929013
-0.5417414844
-0.2779517470
-0.4013558979
-0.2262390001
-0.2859352192
-0.3350020766
-0.2581635369
-0.3012843519
-0.2775942720
-0.3916001927
-0.3965687240
-0.5234779030
-0.3426968913
-0.2923109331
-0.2744370365
-0.4315385522
-0.3394151004
-0.4187031037
-0.3554332274
-0.2273466142
-0.4248415791
-0.3402734911
-0.2606795726
-0.3278343832
-0.3379122878
-0.1976759623
-0.2192046962
-0.1056092831
-0.4589240914
-0.3650240122
-0.2948712356
-0.3241435171
-0.2595556228
-0.3138246521
-0.2790468692
-0.3383291209
-0.2303402240
-0.2006506377
-0.3919980363
-0.2141704924
-0.4387188608
-0.3403298554
-0.3699326120
-0.2918516932
-0.3081601810
-0.3391569512
-0.2125541935
-0.3727496981
-0.4643978093
-0.4234855190
-0.2546964684
-0.3084967919
-0.0994982641
-0.2921173768
-0.1926424247
-0.2120328256
-0.2076254850
-0.2390597032
-0.3072556169
-0.1954635737
-0.2507831117
-0.3211259763
-0.1915644277
-0.2177358712
-0.3597146155
-0.0976398172
-0.3206359440
-0.3885874991
-0.3094947237
-0.2518075062
-0.1742966659
-0.1218130528
-0.1405151369
0.0198559682
-0.2791692052
-0.3452178202
-0.1761887798
-0.2842853017
-0.1951196033
-0.2334420570
-0.1894915686
-0.2550350074
-0.2898611179
-0.3265898248
-0.2772512252
-0.1997575939
-0.0956260859
-0.1770308280
-0.1179189337
-0.1259784973
-0.2949328707
0.0021520994
-0.1961177286
-0.1370647983
-0.1755970523
-0.1306742854
-0.0659403453
-0.0861165350
-0.2685421260
-0.2356135865
-0.0918322637
-0.3280773291
-0.1595510863
-0.2057195206
-0.3072366856
-0.2231132865
-0.0666395509
-0.0915890982
-0.0081960885
-0.2008984887
-0.2133882288
-0.0942985777
-0.0781421846
-0.0833081750
-0.1520940725
-0.1616875637
-0.1266908824
-0.0627665135
-0.0181467965
-0.1620630589
-0.0499030172
-0.0511768042
-0.2627377819
-0.0571129534
-0.0216095173
-0.0889884054
-0.1079282750
-0.0305311439
-0.0263893465
-0.1254342949
-0.0816725027
-0.0530285557
-0.1166084584
-0.0278057570
-0.0377964633
-0.1225089191
-0.1726136175
-0.0036517744
-0.1169160201
-0.0933853552
-0.1347189013
0.0257600378
-0.0040332031
-0.1220785034
-0.1021410133
-0.0987388405
-0.1310446328
-0.1454984729
-0.0909810638
-0.1629928000
-0.0076672491
-0.0232116610
-0.0871924675
-0.1342112811
-0.2008860930
-0.1538649789
-0.1244838379
-0.1525113464
-0.1181716205
-0.0471851454
-0.0223043719
0.0979920324
-0.0395382919
0.0293453556
0.2130973504
-0.0077939745
-0.0007019051
0.0872805591
0.0502878039
-0.1758997330
-0.1540264979
-0.1319836704
0.0007073568
0.0839483398
-0.0905859373
0.0899039394
0.0228698376
-0.0143910565
0.0596103684
-0.0233265007
-0.0267341578
0.0047848717
-0.1436833722
-0.0763096627
-0.0803281593
0.0421579370
0.1334461909
-0.0225965624
-0.0813518442
0.0446612845
-0.0933534681
0.1035667390
-0.1570329879
0.0404628154
0.0099198441
0.1830592219
0.0105594735
0.0330154321
0.0358075865
0.1039444972
-0.0135267819
-0.1495420702
0.1168477151
-0.1426509854
-0.0347373987
0.0240902337
0.1044360704
-0.2190565030
-0.0993774337
-0.0198439907
-0.1003662406
0.0934494430
-0.0615657709
0.0312683920
0.1021053465
-0.0431269310
-0.0224488910
-0.0957270555
0.0759750947
0.1174126709
0.0341407721
-0.0058296783
-0.0142753259
0.0972096110
0.1063036264
0.1001731554
0.0768646842
0.3215946057
-0.0887999228
0.2360187384
0.1736449076
0.1476183793
0.0159936658
0.0858610362
0.1788494458
0.0134547143
0.0800319975
-0.0256502704
0.1164377144
-0.0770172754
0.1683502052
0.1292918233
0.1123379798
0.0836311346
0.0816805274
0.1143079369
0.1698570669
0.1653945828
0.0821372957
0.0991131814
0.1601551941
0.0565921153
0.1543400910
0.1388073942
0.2727970898
0.0328754278
0.2005096783
0.1552420653
0.0209381861
0.1543433230
0.0347165625
0.1342851744
0.2060834535
0.2669432864
0.1310646737
0.1907622215
0.1870184268
0.2290544858
0.0716284835
0.1106644241
0.2673207504
0.1516956246
0.0769568015
0.1473525350
0.2125092620
0.3231864286
0.2553087103
0.1913665626
0.2508834124
0.0418154215
0.2269641828
0.2818288544
0.2457315094
0.1934760325
0.0466449046
0.2515390231
0.1721617837
0.3212984217
0.2583240359
0.1302280138
0.1556322371
0.2902445862
0.0882060948
0.2608852373
0.1284046203
0.1404548044
0.3138802016
0.2820308980
0.2615602730
0.1812398734
0.2488938616
0.0508410080
0.2921311446
0.3797959876
0.3877037355
0.1072538949
0.3889903105
0.2004827774
0.2789172476
0.1959696636
0.1751915939
0.1563749893
0.2222369022
0.2784241341
0.4244274060
0.2480948791
0.1346821753
0.2001695876
0.3255411375
0.2470469614
0.3412922882
0.2863092380
0.3309717817
0.2759196674
0.2670079490
0.1565148467
0.2633210025
0.1426548666
0.2904859057
0.4319399023
0.3753505316
0.1931104103
0.3611436403
0.4840184991
0.1887757791
0.2929825895
0.1617868899
0.2886686208
0.2048507155
0.2619849894
0.3379434225
0.2205395255
0.2938994255
0.2594686146
0.3024706244
0.3790755301
0.2539355977
0.2316534888
0.2562265939
0.2957384532
0.3206246221
0.3352552609
0.2285205451
0.3404936672
0.4478836301
0.2844396490
0.3549380090
0.2924900907
0.2400390141
0.3172552953
0.4357068082
0.3128159119
0.3420257996
0.3962985034
0.3871352980
0.3069564288
0.2642579293
0.3175168512
0.4052760016
0.3837776377
0.4801856699
0.3811310624
0.4981792017
0.3949427565
0.3332304516
0.4063571874
0.2956932633
0.4283631220
0.2355367544
0.4413628243
0.4193307558
0.3618217701
0.4588550717
0.3105624112
0.4265503216
0.3598132462
0.5127498435
0.4310161078
0.2900793682
0.5222138616
0.4021647262
0.3650419118
0.4178801660
0.3976165542
0.4299883463
0.3792396812
0.3818407966
0.4444127493
0.3595003855
0.2336107704
0.4636769776
0.4212577537
0.4365519296
0.4472994433
0.5027198784
0.4315104583
0.4242143812
0.6001315091
0.4963283668
0.4987135420
0.4999064418
0.5035435998
0.5296146816
0.3555739572
0.4764827822
0.5322893854
0.3508762545
0.5384025572
0.6081242480
0.5462235666
0.3042548543
0.3912463697
0.4960984793
0.5527176403
0.6106936041
0.5263419792
0.5320520816
0.4279998524
0.3878252969
0.5145896338
0.5670441254
0.4971990407
0.6358344161
0.5717680955
0.4036418853
0.6651740527
0.5313807451
0.5131990651
0.5555125128
0.4829763701
0.5058911763
0.6528042669
0.5446192088
0.4021382072
0.5456657250
0.5312468864
0.5431750520
0.5833192646
0.5360943547
0.7572632501
0.5170563438
0.5605846486
0.3829064241
0.5133439053
0.4652021404
0.5271190854
0.5968490238
0.5688317426
0.4219923364
0.6204943057
0.5688345791
0.4544359074
0.7247795176
0.6078408683
0.6062310315
0.7144368193
0.5292007705
0.6029707585
0.5874485329
0.4716673931
0.6070192250
0.5978586461
0.6570867280
0.6553246738
0.5311683698
0.4343707516
0.5415510837
0.4893777914
0.4444319830
0.6900519252
0.4276402264
0.5386629031
0.4550740054
0.5896228560
0.6620049533
0.5694653205
0.6360371543
0.6699658044
0.4876228522
0.5519976409
0.6595612768
0.5752443983
0.5461710044
0.5249853747
0.7454125847
0.5785486946
0.5701792381
0.6309658697
0.6432807252
0.4667802526
0.6320266647
0.6268560188
0.6467076928
0.7778150113
0.4416874738
0.5841398415
0.7324748612
0.7607271434
0.5683023879
0.5205717683
0.6132776486
0.8566978537
0.6464141987
0.6454435772
0.7444435795
0.5608945793
0.7442590211
0.7329963013
0.6407890225
0.6665046301
0.6703326411
0.6146464657
0.7243460096
0.7714478510
0.7416674111
0.6229916706
0.5913516115
0.6939651399
0.5981806581
0.7773539078
0.6756419023
0.7049511331
0.7394737107
0.7924233378
0.6867302317
0.7656244630
0.6440550823
0.5504662838
0.7284390798
0.6302227664
0.6881451016
0.6133834123
0.7357567997
0.8142277868
0.7675728613
0.6652834581
0.6551994918
0.6556820840
0.8305528291
0.7608097998
0.8550219787
0.9363109775
0.8209468000
0.7687516607
0.6743348440
0.7125797387
0.6515660188
0.7084757749
0.8668342191
0.8757658069
0.8157683717
0.6812194352
0.6501582071
0.8470298617
0.7535430317
0.7342237352
0.7712989475
0.7751516476
0.8223472184
0.7302051576
0.9022909514
0.8126052400
0.8424670365
0.7429245886
0.8200735076
0.9386067102
0.6713398107
0.7460744433
0.8247045231
0.7944539680
0.6737768858
0.7885576204
0.7810769323
0.8452273548
0.7002405803
0.6961862519
0.8150995131
0.7594094782
0.7763868150
0.9756769581
0.7879767418
0.8488937385
0.9060772763
0.8163483588
0.9445534637
0.7796674729
0.9275303780
0.9791143621
0.7849617882
0.8149072933
0.8121899969
0.9051559535
0.8746523433
0.8212399469
0.8133396618
0.7787497256
0.9169446081
0.8304808458
0.8345105577
0.9578415947
0.8758194072
0.8020810085
0.9448323202
0.8361874540
0.8384917630
0.7730645193
1.0038692068
0.7878811640
0.9018516427
0.8601355731
0.8361837305
0.8972425730
0.9599185903
0.8920426848
1.0035132561
0.8319936930
0.8194378479
0.9178874940
0.8285987607
0.8992597767
0.7328374020
0.9450650287
0.9767534862
0.8350360290
0.8413334528
0.9713493683
0.8951101797
0.9462206888
0.9334193129
0.8170569102
0.8397796095
0.8498543590
0.8419448918
0.9591951369
0.9423281580
1.0054862688
0.8937906715
0.8837635896
1.0406097942
1.0843938529
0.9587970752
0.9241405354
0.8796689633
1.0252250796
0.9153488800
0.9457733229
0.9116433710
0.9090453500
0.9189750311
0.8772715079
1.0023085183
1.0075901195
0.9329021639
1.0460192513
0.8952574140
0.9270895916
0.8736512839
1.0396189590
0.9413077689
0.8909322709
1.0052578214
0.9618187354
1.0366261732
0.9751040947
1.0617995770
1.0989809626
1.0547045114
1.0074664473
1.0479425057
0.8828936900
1.0670330503
1.0665046428
1.0359523709
1.1440571099
