-1.0288119095
-0.9888291256
-1.0129489417
-1.0358080843
-1.0450363220
-1.1315319072
-1.1360462999
-1.0049492108
-1.0372608366
-1.0362834183
-0.9320466802
-1.1319279721
-1.0700240954
-0.9497422349
-0.9150498896
-0.8630298408
-1.0773541170
-1.0433954616
-1.0008299525
-0.9296831603
-0.9685687745
-0.7905429545
-1.0636565283
-0.8916438221
-0.9093945194
-0.9012864745
-1.0282916047
-0.9963104708
-0.9764652355
-0.9908583791
-0.9079529107
-0.8781603082
-0.9660806530
-0.9216417392
-0.9865580907
-0.9253440377
-0.9548484102
-1.1111812992
-1.0470125315
-1.0073257385
-0.9095880055
-0.9141517034
-0.9027125074
-1.0401585422
-0.8486906957
-0.9288911833
-1.0257196949
-0.9249444322
-0.8140292647
-0.8375153873
-0.9697680158
-0.9151118407
-1.0028681819
-0.8928461833
-0.9130012630
-0.9266787123
-1.1211444380
-0.9374756211
-0.9026230014
-0.9011704096
-0.8453333397
-0.9382178718
-0.8260355481
-0.9021255995
-0.8747415916
-0.8542947954
-0.8747815422
-0.8980525525
-0.8419558243
-0.9580494011
-0.7423882160
-1.0669428372
-0.8636382479
-0.7779110386
-0.6761915967
-0.8468491531
-0.7181032449
-0.8078302486
-0.9168407854
-0.9522784165
-0.9567482738
-0.8795787750
-0.7637026471
-0.8012825841
-0.7639543580
-0.8394005094
-0.7972279535
-0.7306139642
-0.8323632604
-0.7079316845
-0.7944426761
-0.6750116122
-0.8010722806
-0.9623190981
-0.8447021621
-0.8499034357
-1.0177168551
-0.6852503457
-0.8292658385
-0.7138648962
-0.7729585617
-0.9177902984
-0.8281033170
-0.8652891376
-0.8114574092
-0.7948165689
-0.8248662151
-0.8955883291
-0.8563266537
-0.9113499909
-0.6920529739
-0.8414273076
-0.7759244793
-0.6414272233
-0.7354727244
-0.8761113849
-0.7855392721
-0.8261769254
-0.7192868702
-0.8276082317
-0.7583763675
-0.6628544893
-0.6744458012
-0.7719082541
-0.6824725532
-0.8021476300
-0.7534898232
-0.6916684290
-0.8600755080
-0.7163805827
-0.7090683382
-0.6102198780
-0.7216459411
-0.8663591675
-0.8461965772
-0.7069623644
-0.6671780729
-0.7479234749
-0.6448265060
-0.9114145811
-0.7658416777
-0.7150012558
-0.7682759362
-0.6164592962
-0.6367764672
-0.8078754257
-0.6932911620
-0.6500846869
-0.6946854141
-0.6167218657
-0.5842450279
-0.8551682991
-0.8803637498
-0.6612208753
-0.8544163751
-0.7178192149
-0.6381536819
-0.6538949033
-0.7319152078
-0.8132542948
-0.7503302175
-0.7857315219
-0.7506052655
-0.6646104481
-0.7216781242
-0.4854790693
-0.6853996901
-0.5266850492
-0.5844094273
-0.6750223172
-0.6905319141
-0.7437057164
-0.6143848713
-0.8288382868
-0.5746483303
-0.7810762787
-0.6677420435
-0.8971132131
-0.7075068662
-0.6802462767
-0.6339043870
-0.5558415736
-0.5076661978
-0.6309389439
-0.4531676237
-0.7089536741
-0.6172312436
-0.7206598411
-0.5350611546
-0.8650454619
-0.6194981208
-0.6772413500
-0.7019886429
-0.6036592314
-0.5808040686
-0.6273465355
-0.7581892266
-0.6276510168
-0.6277706489
-0.7058475671
-0.5251687637
-0.6427691632
-0.6351747788
-0.7276198646
-0.5943346856
-0.6436875643
-0.5387448693
-0.4843154669
-0.4518669269
-0.7379352051
-0.5865516977
-0.5238194362
-0.6500836563
-0.5463707609
-0.4699459115
-0.6652844784
-0.6041099675
-0.7183348148
-0.4949131845
-0.6215285570
-0.5893996635
-0.5983336853
-0.4405350243
-0.5467429039
-0.4359068731
-0.5096389239
-0.4855739583
-0.5488919740
-0.5843438229
-0.5067413081
-0.4352121668
-0.5807321716
-0.6358705966
-0.6345253919
-0.4988785813
-0.5543580923
-0.6490868533
-0.5274298776
-0.5478866803
-0.6315378174
-0.5904219296
-0.4689332294
-0.5630249121
-0.4955559847
-0.6494574924
-0.5483931687
-0.5712837229
-0.3987460102
-0.5061114076
-0.6279743347
-0.6181851116
-0.5770876585
-0.4607885365
-0.5705955120
-0.4415525882
-0.5097367214
-0.5721559952
-0.3990113287
-0.4092010020
-0.5837946601
-0.3800797561
-0.4422033910
-0.4880825920
-0.4283228224
-0.3524960458
-0.4896882867
-0.4903194107
-0.3027307749
-0.3156032828
-0.3443128215
-0.4782519585
-0.4473991663
-0.3921911137
-0.5096442753
-0.4118992001
-0.5125800683
-0.4395942562
-0.3867659063
-0.3993501686
-0.4497971589
-0.4527653319
-0.3387904288
-0.4381329423
-0.4917965320
-0.4076571331
-0.3282984863
-0.4033343393
-0.5283024621
-0.5311204252
-0.3812166802
-0.4306199134
-0.4144648316
-0.3243114394
-0.4844603876
-0.4299981522
-0.3635453890
-0.4522128558
-0.4963110590
-0.4208600796
-0.3997719658
-0.3949368867
-0.5452513006
-0.3632926592
-0.2702706341
-0.5140614279
-0.3469809060
-0.3248281788
-0.4099049018
-0.4313246530
-0.4485122396
-0.3461702617
-0.4383976452
-0.3780375574
-0.3880368708
-0.4271025209
-0.3605746733
-0.5072349622
-0.4434097375
-0.1596959987
-0.3573305992
-0.2093440861
-0.4027485743
-0.4061166331
-0.2890861163
-0.5315603984
-0.3020501051
-0.4240507875
-0.3317282864
-0.2750849451
-0.4528551657
-0.3538755260
-0.2341574262
-0.2042777454
-0.3656296484
-0.4448928642
-0.3587428864
-0.3328406448
-0.3301879283
-0.1876393559
-0.4267894862
-0.3440254298
-0.2076320238
-0.2869331990
-0.3237837402
-0.6141599315
-0.4038942541
-0.3705872689
-0.2969538921
-0.1507237490
-0.2625594278
-0.1189034168
-0.3701117745
-0.3686329266
-0.3157040578
-0.3854122307
-0.3915899070
-0.1883333661
-0.2868588100
-0.3802003906
-0.1678522052
-0.2536421100
-0.3525481698
-0.4008632272
-0.1055664428
-0.2201710077
-0.2513351645
-0.3037053687
-0.2845940000
-0.2050701103
-0.2659776455
-0.3018523948
-0.1718506799
-0.2992944435
-0.1810908197
-0.2319687489
-0.2683605698
-0.2210095533
-0.3387145686
-0.2262284005
-0.2757486281
-0.2638807043
-0.3251146225
-0.3257778620
-0.3388677867
-0.2388561594
-0.2029051917
-0.2105797699
-0.1690495950
-0.1871795522
-0.1504769339
-0.3083690465
-0.2268761610
-0.1391284608
-0.2026193950
-0.1871001815
-0.3079729884
-0.2287656329
-0.2411682433
-0.3528249045
-0.2677360310
-0.3140802731
-0.2384705617
-0.2437103285
-0.2270233190
-0.2807479081
-0.2132300081
-0.2601411501
-0.3459824691
-0.2278853523
-0.1846890410
-0.0519975893
-0.3159088292
-0.0870883136
-0.2595600881
-0.0516817897
-0.1137451515
-0.0439321710
-0.1504490371
0.0643732771
-0.2368379322
-0.1234816561
-0.2100422895
-0.0456900693
-0.1866325140
-0.1658014213
-0.1339654814
-0.0353532898
-0.1002881462
-0.0877897212
-0.2071453849
-0.0717826118
-0.2451281541
-0.1097921359
-0.1399179385
-0.2359756146
-0.1321478346
-0.1211286437
-0.0542036878
-0.1224920131
-0.2351518271
-0.1271921195
-0.0146605498
-0.1842004775
-0.0670594257
-0.1147788518
-0.3147811002
-0.1157203739
-0.1359617133
-0.1193067878
-0.0600566265
-0.2321814620
-0.0709851822
0.0149509338
-0.2113752535
-0.0809528298
-0.1206348380
-0.0237820424
0.0738253163
-0.0830698656
-0.0885377761
-0.1260655185
-0.1126111209
-0.1358086388
-0.0356361182
-0.0157046165
-0.1127517773
-0.2318130638
-0.0147819746
-0.2465781099
-0.0098719669
-0.0342961080
-0.1063299565
-0.0205553547
0.0335030831
-0.2120117217
-0.1287475431
-0.0225716772
0.0122675482
0.0480368797
-0.1278718707
0.0900182561
-0.0886836580
-0.0010942010
-0.0328228801
0.0520995192
-0.0102756711
0.0110407775
-0.0992493097
0.0987797141
-0.0187949150
-0.1247438087
0.1167622057
0.0979320713
-0.0162820688
-0.0834558477
-0.0281462319
-0.0514967435
0.0278699744
0.0280570532
-0.0538937400
0.0460361454
0.1137672575
-0.0092891113
0.1014645600
-0.0302942232
0.0043553177
-0.1351055092
-0.0680240485
-0.0114980923
0.0355343302
-0.0782507122
-0.0028005207
0.0387878918
0.1824205402
0.0724186049
0.1657565229
0.0253048636
0.0007734952
-0.0467891950
0.0710401785
0.0173828262
0.1222069593
0.2082261168
0.1477556198
-0.0542715360
-0.0373430986
-0.0195430431
-0.0547647034
-0.0973607388
-0.1186182737
0.1257473737
0.1248110808
-0.0235232774
0.1247700449
0.0925171735
0.1075754940
0.2170689036
0.1365254497
0.0400967530
0.0867614179
-0.0319388287
0.1357732010
-0.0147860258
-0.0027141128
0.0377062751
0.0934677531
0.1681434494
0.1707304445
0.1184747042
0.0811638939
0.0030070369
0.0369663918
0.0558801781
0.0178169668
0.0558856512
0.1179050871
0.2653116025
0.1644168175
0.1597695774
0.3487291008
0.1667514603
0.1138235313
0.1866243610
0.0426098374
0.0074808818
0.1744947281
0.2237792209
0.0897427658
0.2494469846
0.1725679736
0.1201954910
0.1610590516
0.0417811129
0.1804769641
0.0672637997
0.2429556243
0.1361393366
0.2252425133
0.0505755061
0.2511560389
0.2024860343
-0.0707463661
0.1344713094
-0.0002313971
0.1590988992
0.1314312325
0.2349185901
0.3724940406
0.1020710930
0.0687915717
0.1610408373
0.0242592065
0.0915774000
0.2148442429
0.2405528404
0.3210807065
0.1883350302
0.1447843857
0.3161273803
0.1992898071
0.1537211971
0.1401792449
0.2568470015
0.2789442482
0.3800980167
0.2240069516
0.2896054883
0.3395065067
0.0757819943
0.2141280384
0.1695232869
0.2681922644
0.2298942271
0.1443031119
0.0963471278
0.1389042343
0.1599964942
0.2432835322
0.2413513712
0.2904869233
0.1574489704
0.1903534510
0.2679646542
0.2951463148
0.1030364524
0.2203389466
0.1927445318
0.1978039510
0.1156734585
0.2304166258
0.1180773909
0.0979400765
0.3356772475
0.3544383112
0.2258496810
0.3545414697
0.2681098609
0.1663592384
0.2052986776
0.2996474978
0.3821754108
0.3176327171
0.4944969942
0.2788252273
0.3329320301
0.3473373909
0.2513402094
0.3898853196
0.3230942557
0.4019534093
0.4416888104
0.3147104583
0.2049640399
0.3657735414
0.3247158424
0.4221622381
0.3234320062
0.2630334770
0.4731238734
0.3451488242
0.3963232465
0.4052290273
0.3010777774
0.4837725279
0.3190723679
0.4168196983
0.3297978938
0.1764431077
0.3234937410
0.3115353124
0.3961964762
0.1551180057
0.4508427551
0.1299784874
0.4223158685
0.2763758349
0.3224434882
0.4925964065
0.3095409915
0.2185315842
0.3418322063
0.4188518870
0.4344459159
0.3623851324
0.4435061305
0.4299491968
0.3230387177
0.4162076157
0.3343527087
0.3746012901
0.3634883500
0.2992630868
0.4138754697
0.3872654481
0.2655011785
0.3513880939
0.4024722715
0.3915548265
0.4568540090
0.3192180143
0.3787408166
0.4008198599
0.4764433510
0.4527809436
0.4169168155
0.4732059079
0.4885406365
0.4850182672
0.2997625636
0.5469601391
0.5260131494
0.4675209038
0.4467665403
0.3526703517
0.4317181351
0.4973053041
0.3452786604
0.4103120869
0.4378174338
0.5583315740
0.5649225690
0.4474709394
0.3842193777
0.3668709116
0.4721310271
0.4734374147
0.5333307802
0.5288477235
0.5476899702
0.5360851397
0.4036693669
0.4676294270
0.5059319213
0.3776092112
0.4681414844
0.4996848194
0.5370066912
0.4727158961
0.3162349274
0.3676127870
0.6197476971
0.4406647514
0.5634981894
0.6388524828
0.3312039342
0.3752111144
0.5394739169
0.7032464811
0.4872946995
0.4737341784
0.4167789069
0.5620506680
0.5120951100
0.4605238108
0.4347636649
0.5450680275
0.2988683173
0.4308709028
0.5644865050
0.7611084833
0.5598155764
0.4674240326
0.5474675352
0.4979144301
0.6509225187
0.5786041204
0.4291745891
0.4391523077
0.5757189792
0.5266869694
0.5359561239
0.6214530127
0.5376736043
0.5898096533
0.7319295983
0.5951318744
0.5666627131
0.6333038673
0.5479240918
0.4301124492
0.5855976575
0.7000666691
0.6426525961
0.5187443032
0.5826022433
0.5129352840
0.5405718808
0.7704039996
0.6000059759
0.5899956685
0.7087629893
0.5684425757
0.4481733434
0.6512951602
0.6322603916
0.5937366368
0.5098773507
0.8445167870
0.7278502181
0.7139459047
0.6409083518
0.5747281917
0.7054551186
0.5572373192
0.6625410108
0.6167053003
0.6708228851
0.5637248297
0.6436769929
0.6067981640
0.6816136504
0.6359927810
0.6188800350
0.6391960689
0.6919671675
0.6920567550
0.7164242048
0.5322637297
0.5689352245
0.6274021696
0.6305713984
0.6279627051
0.6349167194
0.5989230545
0.7063571657
0.6038887646
0.6162625327
0.7521323385
0.5539619247
0.5861902940
0.6830589161
0.5968189667
0.5648513388
0.6320588520
0.5213917260
0.5300134641
0.7033031485
0.6622438282
0.8856686768
0.5811998872
0.5638150840
0.5974551651
0.6427274945
0.6517878907
0.6092103589
0.6964835506
0.6842848705
0.6933302703
0.7041874290
0.5951980879
0.7205252462
0.8626710178
0.7375418858
0.6208840595
0.7842607706
0.8430652916
0.7399308999
0.7173880270
0.8015575242
0.6967715588
0.7254123523
0.7773422658
0.7565873862
0.6369629875
0.8162976311
0.7924359808
0.7969298171
0.7473362458
0.6357969298
0.6316190295
0.5565553754
0.8005552140
0.6672340601
0.7435510492
0.8541633760
0.8394089372
0.8208875507
0.6129663027
0.7194560411
0.8435097496
0.8338154294
0.8183165255
0.7046272347
0.7362420889
0.8119592113
0.8454594767
0.6250288549
0.8105043296
0.8206639739
0.7656530065
0.7929579235
0.7051655587
0.7676623551
0.7112382138
0.7696677344
0.8657145728
0.7710999671
0.7258806839
0.8645145409
0.8012986221
0.8550414343
0.7486495055
0.9547433338
0.8693939015
0.8335574253
0.7447221755
0.7288727481
0.8320369204
0.8687211157
0.8652847154
0.7015755265
0.7180756143
0.7382035743
0.8233002114
0.6851701417
0.8005514530
0.8209620929
1.0130297370
0.8896343919
0.8067678549
0.8082032088
0.9732829357
0.8428566247
0.8846687242
0.8776680216
1.0062989697
0.6852635359
0.9245997743
0.7936027250
0.7851521298
0.9271783005
0.7692777097
0.8233753308
0.7790531982
0.9302928075
0.9733251006
0.8489369005
0.7914588382
0.8248183306
0.9848398138
0.8960512500
0.8591290489
0.9819480858
0.9009968158
0.9026563409
0.9537711912
0.7848563280
0.7716313981
0.8807660242
0.7997993251
0.7666306121
0.8244823001
0.6667241019
0.8936777529
0.9839961468
0.9831837256
0.9207594852
0.8584287677
0.9660675616
1.0471774641
0.9057889592
1.0492545882
0.9178935791
0.9298142622
0.9283549584
0.7225246559
0.9046563618
1.1042591260
0.7740455799
0.9428288998
0.9938086472
0.8132356302
0.9734240845
0.9298828939
1.0327450227
0.9611976338
0.9600216443
0.8692385530
0.9784240971
0.9763348939
1.0404341212
0.9562696835
1.0117333541
1.0249174460
0.9578177226
0.9163202462
0.8488976503
0.8752795594
0.8170369959
0.9607519458
1.0478075389
0.9158956478
0.9363074469
1.0161958147
0.9472354689
0.9218172366
1.0185870850
1.1115406096
1.0419103444
0.9659093044
