-0.9897268586
-0.9271904232
-0.9927606083
-0.9788123206
-1.0449277773
-0.9211218356
-1.0496315236
-1.0096246837
-0.9155709960
-0.9174504348
-0.9609811504
-0.9276056901
-1.0057995061
-0.9803091731
-1.0960652215
-0.9166349318
-1.0178479297
-0.9056124269
-0.9819770176
-1.0796206120
-1.0642148349
-0.8365438609
-0.8521564502
-0.8937562673
-0.8530906845
-0.9371888076
-1.0245010966
-0.8665979524
-0.9269269157
-1.0187034674
-0.8779927051
-0.8478157056
-0.9261059010
-0.6173520689
-0.9349450221
-0.8104540732
-0.7861526307
-0.9727757184
-0.8963783918
-0.9651909304
-0.9771537909
-0.9581986984
-0.7873274365
-0.9381041726
-0.9863395232
-0.8740514522
-0.7561618832
-0.7458880837
-0.9329664021
-0.9065080219
-0.9785560674
-0.8687509203
-0.7680949905
-0.8231828304
-0.9590267104
-1.0006992836
-0.8061268870
-0.9316178591
-0.8262007613
-0.9440662947
-0.7791633180
-0.8949961041
-0.8566351866
-0.8000665806
-0.7504429609
-0.8349665225
-0.9494031568
-0.8595757298
-0.9292025512
-0.8602859581
-0.8325680201
-0.7971433897
-0.8769241763
-0.8742124374
-0.9814549327
-1.0482065966
-0.9365513759
-0.8864825619
-0.9763260847
-0.9759075489
-0.8782467547
-0.7455326778
-0.7474642563
-0.8699475919
-0.7180537731
-0.8156545045
-0.9249445026
-0.8473740098
-0.8068993364
-0.8021331388
-0.9017917317
-0.7836068417
-0.8237299768
-0.8974559158
-0.7623387325
-0.7076841902
-0.7881023056
-0.8654313943
-0.9081263074
-0.9394198410
-0.8934741006
-0.8254395568
-0.7555686130
-0.7114064378
-0.7662959930
-0.7229832660
-0.6565538491
-0.7516131500
-0.7631197642
-0.8011277892
-0.6946912898
-0.7785415802
-0.7649709415
-0.7200863724
-0.8931916592
-0.6563854313
-0.7735713583
-0.7658940216
-0.6287950969
-0.8415470439
-0.7028008949
-0.7059289579
-0.6907640775
-0.6638549463
-0.5833504784
-0.8648486416
-0.7072427919
-0.7433063913
-0.9291950583
-0.7782499055
-0.7536456700
-0.6517553390
-0.7954770264
-0.8205203996
-0.7794822965
-0.6349936704
-0.6726377193
-0.7826139759
-0.7874690759
-0.8571796509
-0.6701105793
-0.7867249985
-0.6065829300
-0.7797520640
-0.6278910297
-0.7264559372
-0.6280467336
-0.7136118831
-0.8965847297
-0.6012216109
-0.5062983474
-0.6979753467
-0.8406147173
-0.7821730438
-0.6909525186
-0.7484155968
-0.5564318427
-0.7873971212
-0.7242412056
-0.6034873586
-0.7550757977
-0.7539325424
-0.7314576699
-0.6511815429
-0.5370285691
-0.6376920700
-0.6056872133
-0.5891147064
-0.6151561588
-0.7097898522
-0.7189780267
-0.6083500504
-0.6100213223
-0.6686735042
-0.6292559173
-0.5866973588
-0.5475903676
-0.7264853588
-0.6897580995
-0.5655018153
-0.6729757738
-0.6269995271
-0.6513247317
-0.6785805187
-0.5735184727
-0.5813570802
-0.8329179854
-0.4881765781
-0.6556355203
-0.6164022499
-0.6242135592
-0.5226781225
-0.5867872401
-0.6169099839
-0.7409222829
-0.7369434694
-0.6617921681
-0.7356065240
-0.6149263527
-0.5714750779
-0.5438199260
-0.7018296934
-0.5543235458
-0.5902021338
-0.5265600731
-0.6330782161
-0.6141216019
-0.5813146882
-0.5940893845
-0.5208570620
-0.5593260912
-0.4903643639
-0.4561504665
-0.6398193473
-0.5770128444
-0.6228361803
-0.4366106443
-0.5663821790
-0.6246392218
-0.6493393325
-0.5583305594
-0.4234205859
-0.5946368939
-0.5645001601
-0.5677612783
-0.5269183630
-0.5818593510
-0.6173421320
-0.5017535835
-0.7396374035
-0.5112867411
-0.5124707028
-0.4135105838
-0.6275024747
-0.4742492140
-0.6542684575
-0.4455355067
-0.5635283165
-0.4991302793
-0.7248773392
-0.6500270529
-0.6262042572
-0.4742290260
-0.6277914045
-0.6044216309
-0.5566398704
-0.3828853653
-0.4947024580
-0.4006222150
-0.4933658327
-0.4537434817
-0.4705576043
-0.4539273638
-0.4823495686
-0.3997825586
-0.5055906812
-0.6024460848
-0.4654192733
-0.4319825361
-0.4465436193
-0.4761426645
-0.5102988828
-0.3169907520
-0.5497090356
-0.4470630278
-0.5047142067
-0.4940378722
-0.4572684809
-0.5549645067
-0.5194767083
-0.3292335378
-0.3923348345
-0.4884751267
-0.5639909691
-0.5068887595
-0.4840336371
-0.3665607812
-0.3099015384
-0.5951277611
-0.4032474798
-0.4169761461
-0.4542132581
-0.3942464576
-0.4054413767
-0.3570893542
-0.3674774331
-0.4103201711
-0.4846981465
-0.4894037289
-0.3683246204
-0.4162040712
-0.4067233192
-0.2912631397
-0.3500202449
-0.4909600385
-0.5367003987
-0.3780200302
-0.3104501980
-0.4004451933
-0.5055094154
-0.3968132047
-0.3550388793
-0.4193825255
-0.5585523930
-0.4003187281
-0.6086612343
-0.4282502843
-0.3252941535
-0.3547880957
-0.3998956711
-0.4770157438
-0.4733163199
-0.3376443568
-0.4573686468
-0.2300342847
-0.4255179980
-0.3393241540
-0.3999004687
-0.3687154031
-0.3712768656
-0.3191640328
-0.4047311323
-0.4434505232
-0.1870204234
-0.4262750982
-0.4087802298
-0.3854552634
-0.4244900732
-0.2361098471
-0.3171072687
-0.2323200645
-0.3104175384
-0.2628341280
-0.3387517959
-0.3638651747
-0.3023299668
-0.2372286313
-0.2987211981
-0.3071015451
-0.2853673192
-0.2776507206
-0.2221671060
-0.2826007099
-0.4257202625
-0.2968200827
-0.3410718794
-0.2678511707
-0.4052139066
-0.2387916969
-0.3679607394
-0.2817313156
-0.3916260170
-0.3642235273
-0.2956906788
-0.4135936223
-0.2742985483
-0.2474264284
-0.3142423804
-0.2458980003
-0.3706879247
-0.2044851001
-0.4159129180
-0.2468270003
-0.2418466114
-0.2371041101
-0.1690330976
-0.4035107503
-0.2789148290
-0.0905957350
-0.3596962551
-0.1723650871
-0.2847960620
-0.0951516616
-0.3057478744
-0.2461098558
-0.2221831414
-0.3025069230
-0.2521005019
-0.1250288184
-0.2506769879
-0.1339470690
-0.1485528095
-0.1665123599
-0.0898695764
-0.2271536388
-0.2258356100
-0.2503940744
-0.0593281489
-0.2948053507
-0.2879972414
-0.1237947363
-0.2522483767
-0.2786147988
-0.2302413795
-0.2242548508
-0.1892850837
-0.2786046287
-0.2484952299
-0.3262387348
-0.1867358872
-0.2710635501
-0.1924839864
-0.1777887114
-0.3320525763
-0.0814433435
-0.2139145303
-0.0734729838
-0.2569119945
-0.3595206801
-0.1931139400
-0.0634083188
-0.2159902283
-0.1094729976
-0.2219539598
-0.1164456095
-0.1686103997
-0.2860216510
-0.0230840049
-0.2239620014
-0.2658996079
-0.2711684542
-0.1902248976
-0.0888219881
-0.3044753041
-0.0806698269
-0.2615532802
-0.1834523447
-0.1569157819
-0.2221024291
0.0074996129
-0.2117756253
-0.2611797883
-0.1878634505
0.0055923090
-0.0304858427
-0.0885683403
-0.1900717197
-0.0767304329
-0.1091878011
-0.0538482296
-0.0742293347
-0.1547093969
-0.2189812365
-0.2207682272
-0.1829843959
-0.1153915406
-0.1512024376
-0.0854693213
-0.0236191267
-0.1596895060
-0.1673470868
-0.1712042664
-0.0124754568
-0.1025882103
-0.0847851417
0.0493017178
0.1301836865
-0.0066068935
-0.0561504200
-0.1082104757
-0.0464265615
-0.1173075899
-0.2104324514
-0.0456263536
-0.0774046724
-0.0346456560
-0.0566792369
0.0624418142
-0.0239651978
0.0139285954
0.0371655255
0.0028392835
-0.1200303201
-0.0311165444
-0.0237990115
0.0000517795
-0.0660796098
0.0465420404
-0.0378551520
-0.1551625161
-0.0485550845
-0.0771777339
-0.0869977418
0.0717333579
-0.1684560580
0.0553334680
0.0996931778
-0.1265595137
0.0790801596
0.0406700473
0.0611775915
0.1107372426
-0.0356316738
0.0667834807
0.0645643253
0.0054819452
-0.0046821033
0.0090784233
-0.0011418929
0.0442852880
0.0229560641
0.0709681754
-0.2023125654
0.0454964296
0.1301623890
0.0159933446
0.1370699237
0.1265200665
-0.1375651256
0.0397404390
0.1209075262
0.1337684878
0.0272470284
0.0038564959
0.0886640493
0.2145993366
-0.0866990055
-0.0169537679
0.0410716136
0.0509221109
0.1615379981
0.0059912783
0.0658177488
-0.1441523173
0.1999960734
0.0071786473
0.0356021948
-0.0047734077
-0.0037014136
0.0718520603
0.0462226069
0.1666323175
0.1628612481
0.1801120692
-0.0013013658
0.0436026988
0.1061958064
0.0193962457
0.1094325545
0.0634597875
0.0616942964
0.0788671782
0.0669281810
0.1670439870
-0.0140325270
0.0078000892
0.1667858076
0.0726351885
0.1039864961
0.1058075755
0.2451177791
0.1161563743
0.2071975836
0.0821184546
0.0890468765
0.1177866305
0.1222890453
0.1676110284
0.1555703750
0.1366369160
0.1086298760
0.2840258680
0.1102667283
0.0042044114
0.1409295776
0.1354784577
0.0995162200
0.1599458697
0.1547509243
0.1661383120
0.0675662202
0.0848411554
0.1546793793
0.2886400652
0.0990981038
0.1327746784
0.1918577963
0.1708901367
0.2096726847
0.1274948201
0.1464342519
0.1802648568
0.0502257382
0.1335513523
0.1316156166
0.1180852093
0.1667109642
-0.0677190505
0.2351887667
0.2768685720
0.0754371322
0.2446579485
0.1068655392
0.0777222867
0.1261689579
0.3474980367
0.2060378073
0.2349810128
0.2990288811
0.2339005485
0.1813249425
0.2355328617
0.0237907793
0.3264587972
0.1951928342
0.2133721938
0.2812175500
0.3375871940
0.2964593967
0.2296390617
0.1404772201
0.1759409349
0.0898945040
0.2439829465
0.2291149938
0.2794478341
0.3164639880
0.3643240944
0.1098269531
0.0997190384
0.3314732412
0.2796752368
0.3450565699
0.1634972445
0.1539110773
0.3121057301
0.2106326043
0.2434507870
0.2877676144
0.2534815224
0.2008958993
0.3078450465
0.3377190456
0.3415433734
0.3560762974
0.2363008182
0.3224059344
0.1978897216
0.1937342967
0.1480631594
0.3624033389
0.0983796403
0.4184867771
0.1779431469
0.2927711912
0.4324804756
0.2273758555
0.4061799863
0.3942623629
0.4028560793
0.2564684554
0.1098307405
0.2803139385
0.1708296791
0.2276377958
0.2569682617
0.2949876334
0.2888785632
0.2458884658
0.3979541409
0.3996546649
0.4137445772
0.2606463725
0.5091915539
0.3062794409
0.4719242567
0.3428550382
0.2470302825
0.3795922904
0.3350352287
0.3085407901
0.4250271639
0.1928268263
0.2663816590
0.3790505671
0.4444502898
0.3090641066
0.4071436459
0.3368643198
0.2401988912
0.3335875309
0.4350219412
0.2848009580
0.3587489139
0.3723356666
0.4846331191
0.2327037996
0.1710098830
0.4172025005
0.4125601956
0.4348982012
0.2474728995
0.2733167165
0.3775788601
0.4063472516
0.3677138717
0.2744574085
0.4474544331
0.3415673064
0.3250208964
0.4282579428
0.4741032793
0.3613477562
0.3574229389
0.4022767682
0.2789056253
0.4558049852
0.4780421450
0.4562959915
0.4003237953
0.3837306609
0.4446468136
0.4719645267
0.4022974729
0.4168316530
0.5103977526
0.4460008133
0.4090357364
0.4830636374
0.4492506368
0.4043305130
0.5279232525
0.3749490068
0.4855533913
0.5029322923
0.3297222631
0.4316874414
0.4369291683
0.5025883664
0.4496955782
0.4462244788
0.4408704052
0.4495882121
0.4343585582
0.4521612294
0.4587445619
0.5118881485
0.3746096602
0.5228544499
0.4754869319
0.3320170314
0.3910481806
0.4525539332
0.4053067708
0.4257498751
0.5138692548
0.3318819770
0.4403678879
0.3834740568
0.5152545196
0.4770006303
0.5610129380
0.6016836970
0.4480735040
0.5353707924
0.6173186078
0.3913338658
0.4717728434
0.5654831148
0.6345393966
0.4393551804
0.6428202527
0.6199510509
0.4975473822
0.5465519273
0.6023709153
0.4715061415
0.4341058374
0.5336885180
0.4741661257
0.5255851988
0.5036902024
0.4990566394
0.6483769947
0.5298351870
0.5646347270
0.4583742025
0.5843553690
0.4907485204
0.5757013124
0.5190128873
0.6166293720
0.5540318956
0.5827273779
0.4451725026
0.6534390408
0.5409725518
0.4965176907
0.4579403717
0.6916174559
0.4613858855
0.5918671614
0.6082497744
0.7088247273
0.7586784916
0.5351375939
0.4766415999
0.5825273259
0.5508833002
0.5968300520
0.5898947924
0.5752521552
0.7856663250
0.6934740516
0.5704404488
0.6184008581
0.5697202056
0.6537292905
0.6172560502
0.7051515510
0.7748133787
0.5920300716
0.5775692404
0.5682512442
0.7364890955
0.8087105592
0.6321781190
0.6180922048
0.6637354093
0.5944436970
0.7619825539
0.6232305997
0.6481048944
0.6162001275
0.7779886351
0.7139563993
0.6760592568
0.6239788489
0.6332288674
0.7822820906
0.7219864531
0.6516972258
0.6809652734
0.5461268168
0.7225387362
0.6131730750
0.6139218477
0.7808545817
0.6171821377
0.6535079486
0.6972227249
0.7461384345
0.6648365821
0.8382811945
0.6475751662
0.6970819682
0.7176598510
0.5595995680
0.8126217824
0.7511036537
0.6227451400
0.6508149820
0.6220028633
0.6247649477
0.6274529879
0.6456825508
0.8342819474
0.7353905311
0.7071522235
0.7898844147
0.7728232102
0.7672032783
0.7647743202
0.7888755106
0.6725368178
0.7662864385
0.6091485506
0.8071107654
0.7058947425
0.5986742069
0.7669384943
0.7015027387
0.8567590544
0.7614325901
0.8185227553
0.7328012251
0.7052622819
1.0178230562
0.7221045179
0.8525325925
0.7545554376
0.8487550753
0.7276528343
0.7297573163
0.7506262477
0.8844238700
0.6336870142
0.6573436234
0.8286004982
0.8932920540
0.8309196900
0.7006200035
0.8458215274
0.7654313477
0.8194404648
0.6957818083
0.8669570243
0.8081496571
0.8675557545
0.8759173799
0.8054787066
0.8034924427
0.8339266992
0.7013561028
0.7990303589
0.8639404092
0.7974617866
0.8019491567
0.7965212002
0.7834228443
0.6770621691
0.7750906670
0.7983309272
0.9088192067
0.7916514155
0.8020345366
0.8750321222
0.8290495701
0.8491945881
0.7962501877
0.6995019645
0.7695798541
0.7270945438
0.8631222323
0.8416859317
0.7885181047
0.9524441180
0.7481693010
0.8612795993
0.7396968142
0.8498261638
0.8610747777
0.8659207907
0.7840037466
0.9702599904
0.8550320204
0.9632397541
0.9438789187
0.7975999037
0.8590889260
0.9131244084
1.0649349871
0.9322089858
0.8687155510
0.8675720109
1.0093153251
0.8124022139
0.8220636623
0.9213761337
0.9725200198
0.9296758406
0.9625340731
0.8564512658
0.9606311070
0.8848087459
0.8199367170
0.8037318541
0.9374571906
0.9523297944
0.8080408352
1.0390024164
0.7280723842
0.8629735135
1.0408715643
0.9857412913
1.0606905833
0.9860227551
1.0291637099
0.8529666762
0.9623515196
0.9188383229
1.1905158591
0.9080781547
0.8344475828
1.1040770787
1.0259351019
0.9873640812
0.9884817777
1.0458115877
0.9256270277
1.0196419831
1.0279262866
0.9635643520
0.8228679960
0.9664330596
0.8378796088
0.9056317689
0.9746347191
1.0567891663
0.9952498204
0.9874896573
1.0127211252
0.9930424671
0.8892722597
0.9392328616
0.9518325262
0.9994189532
1.0023658170
1.0926693608
0.9755810531
