-1.1374393602
-1.0799031773
-1.0094584858
-1.0169508891
-0.9967942310
-1.1007719129
-1.0986704411
-0.8910696071
-1.0726567130
-0.9948827978
-0.9249989568
-0.8047436546
-0.9073941604
-1.0385575993
-1.0423254042
-0.9149552130
-0.9196884463
-0.8766406627
-1.0445076528
-0.9734340650
-0.9002381641
-0.9305615050
-1.0344582751
-0.8053345585
-0.9328680025
-0.8342503064
-1.0138284993
-1.0024747965
-0.9564260412
-0.9403092295
-0.9384910913
-0.8392025826
-0.9484465586
-1.1194693240
-0.8062457494
-0.8643346807
-0.9263846242
-1.1158568907
-0.8713610717
-0.8981510082
-0.7001856956
-0.8517314046
-0.9062777327
-0.9526601299
-0.7615221275
-0.8559310430
-0.9024494102
-0.8765813507
-1.0150299666
-0.9192951632
-0.8835474607
-1.0805239102
-0.8838710509
-0.8298802822
-0.8733907358
-0.7872461743
-0.8926683536
-0.9683107904
-0.8679378274
-0.8852697507
-0.9005992222
-0.8618471948
-1.0654765311
-0.9664000875
-0.8483881152
-0.8219839445
-0.7712273749
-0.7407205312
-0.8851211400
-0.9278627899
-0.8140000446
-0.9534442734
-0.7875246078
-0.9471532167
-0.8940016519
-0.9093605708
-0.7147079616
-0.7793494192
-0.8664593103
-0.9728902463
-0.7729502506
-0.9497976283
-1.0409903079
-0.8951055224
-0.8841082494
-0.7988879816
-0.6872818519
-0.8867070132
-0.8651150699
-0.7585303505
-0.7943514932
-0.8733065211
-0.7635956700
-0.8427460969
-0.7577527994
-0.7550741216
-0.8355924309
-0.8338671349
-0.6606677801
-0.8339229976
-0.6919301609
-0.7529862160
-0.7127816864
-0.7348648655
-0.7424799867
-0.9069266086
-0.7778228625
-0.7241100983
-0.7699628148
-0.7426355615
-0.9174489111
-0.6630211415
-0.7681559462
-0.7540610737
-0.6695827164
-0.7797175730
-0.7434414237
-0.6020807540
-0.8751044964
-0.7835135037
-0.7523809869
-0.8056131374
-0.9360872602
-0.7233571186
-0.8338510604
-0.8148105927
-0.6709959047
-0.7048993166
-0.8195336073
-0.7792259941
-0.8366804783
-0.8626290719
-0.7327091643
-0.7340431017
-0.6283010936
-0.7131120066
-0.6920489835
-0.8215302283
-0.5840102387
-0.7358420014
-0.7464366833
-0.7374752044
-0.7163973404
-0.7305601808
-0.6859775303
-0.8581637373
-0.5143022460
-0.6217976783
-0.7010078445
-0.7929533995
-0.7330867457
-0.6316809553
-0.6298643909
-0.6135274759
-0.6050990869
-0.5810088150
-0.6397895268
-0.7883200148
-0.5677144292
-0.7593101049
-0.6149064700
-0.8473510047
-0.7543758089
-0.8664484315
-0.8025584032
-0.6142626056
-0.7149353047
-0.7365243819
-0.6993384519
-0.6612645082
-0.6964511234
-0.5831027578
-0.5123681323
-0.5735470672
-0.6289206420
-0.6274747971
-0.6260769253
-0.8368282869
-0.5434504380
-0.5552084452
-0.7472523234
-0.6896736065
-0.7085108158
-0.5209170393
-0.6153453861
-0.6375764149
-0.6174510743
-0.5759680868
-0.7173176195
-0.6478168659
-0.5736419718
-0.6438880409
-0.6466970694
-0.6570411940
-0.5912712189
-0.6511242227
-0.6293358170
-0.7071648030
-0.7040189956
-0.6704540471
-0.6798653823
-0.6747830342
-0.6885606401
-0.4818325472
-0.3492863771
-0.5242394855
-0.5922848084
-0.6140296802
-0.5350732323
-0.6616439228
-0.5449730112
-0.4658717475
-0.5712874879
-0.5904697534
-0.6571833475
-0.4119312484
-0.5526717424
-0.4310066912
-0.6474236224
-0.5278748582
-0.4981787245
-0.6644182425
-0.4914730661
-0.5946144643
-0.5330257442
-0.5606084562
-0.5895126498
-0.4573731279
-0.5775877775
-0.5626015082
-0.5782037405
-0.3700157911
-0.6553179378
-0.6224157213
-0.5896248818
-0.6062830985
-0.3947655299
-0.4635178625
-0.6045727190
-0.6186723683
-0.4914365752
-0.5283552466
-0.5949935985
-0.5447570288
-0.5175563717
-0.5171000208
-0.5132218850
-0.4838364710
-0.5260002995
-0.5232209513
-0.6445214948
-0.5230108364
-0.4994783675
-0.5670389371
-0.5116874417
-0.5401818923
-0.6297947164
-0.4261248557
-0.5837713523
-0.4555080542
-0.3752169111
-0.5164753959
-0.5781514848
-0.5109479242
-0.4259637547
-0.6303287944
-0.5192677796
-0.5687005112
-0.4775884830
-0.4732387342
-0.4988542788
-0.4547922505
-0.4335828966
-0.3937074578
-0.5777314079
-0.3843869758
-0.4023937087
-0.4279216026
-0.4802392652
-0.2881929743
-0.5696862884
-0.5012075226
-0.3835650496
-0.3498911186
-0.3375816476
-0.6129983309
-0.4513621154
-0.5443712194
-0.5084598238
-0.4194986993
-0.4153447224
-0.4098660597
-0.3520599297
-0.4680606729
-0.3926266965
-0.5532446616
-0.4133653591
-0.3023069918
-0.3949093164
-0.3427556920
-0.4219097840
-0.4377718219
-0.3813794652
-0.3275732410
-0.4465769620
-0.4601972630
-0.4083995933
-0.3755804617
-0.5191279778
-0.2905401125
-0.4667264736
-0.3841668437
-0.5095096410
-0.4749725679
-0.4023170612
-0.3111082626
-0.4018337084
-0.2009438251
-0.4304591582
-0.4011067211
-0.2562565901
-0.3177478022
-0.3204629061
-0.3090683757
-0.3903684292
-0.2689477869
-0.5490021915
-0.4123673340
-0.3640495522
-0.1948706507
-0.2450022876
-0.2941881796
-0.2975658903
-0.4170397130
-0.4554879518
-0.1632165913
-0.2526960572
-0.3870098393
-0.2466014457
-0.3251809376
-0.3744684187
-0.4281302742
-0.4503531858
-0.3098296374
-0.2980928076
-0.3251381490
-0.4555341524
-0.3512579999
-0.3711658077
-0.1230743863
-0.2128796617
-0.3325997254
-0.2061719114
-0.4009799505
-0.2381537236
-0.3279294170
-0.3932035361
-0.1602709538
-0.2736455536
-0.3227905802
-0.3445638047
-0.2885018034
-0.3102147932
-0.3852796996
-0.3110003469
-0.3941120301
-0.2201201026
-0.3853505508
-0.3577707503
-0.4076008686
-0.2289313060
-0.3345800248
-0.2705088415
-0.2401120198
-0.2870300547
-0.1968065063
-0.2380098080
-0.2251751962
-0.2501246430
-0.2825426070
-0.2731544042
-0.1635075555
-0.2243347835
-0.2449132856
-0.1920069781
-0.0793367060
-0.2466109237
-0.3212092190
-0.2571083570
-0.2468117476
-0.2907250431
-0.2467406041
-0.1445526288
-0.1013199117
-0.3991612559
-0.2151844750
-0.2409199881
-0.0713357147
-0.0501321790
-0.1622825959
-0.3267416227
-0.3557059453
-0.2069155483
-0.3288265384
-0.2303977688
-0.2270894860
-0.1372051086
-0.2621273860
-0.0698555521
-0.1671756176
-0.2243478262
-0.0478463524
-0.1299834856
-0.1501371398
-0.1606891526
-0.2407046948
-0.1862304272
-0.0918271615
-0.1331972774
-0.2543467738
-0.2191923214
-0.1671600213
-0.1872312982
-0.2598405890
-0.1436599894
-0.1910965413
0.0146530545
-0.2701477767
-0.0609555446
-0.1565996339
-0.2090125261
0.0294517321
-0.0362405834
-0.0840574771
-0.0253425057
-0.1061765020
-0.1481829142
-0.1856017270
-0.2450825536
-0.0621897465
-0.1398540460
-0.2037177410
-0.0663351560
-0.0940030983
-0.0909908450
-0.1619618287
-0.0571092000
0.0212659107
-0.1713844137
-0.0892600641
-0.1554993967
-0.0019905685
-0.0685810130
-0.0414245194
-0.0045449580
-0.0476100263
-0.0754937346
-0.0449689488
-0.0373211110
-0.0530490584
-0.0515762086
-0.0099456426
0.0169676596
-0.0205092697
-0.0272680244
0.0431798821
-0.0667801841
-0.1299120423
-0.1233726759
-0.1520127779
-0.0267483826
-0.0252232215
-0.0050636419
-0.1230900655
0.1440067222
0.0014971981
0.0166757316
-0.0930528599
-0.1002396134
-0.2254123956
-0.0566397855
0.1194387342
-0.0034629790
0.0510066594
-0.1578519130
-0.0874202238
-0.0481568338
0.0119798962
-0.1175021719
-0.0523700534
-0.0426941483
0.0060253735
-0.0322779238
0.0222188993
0.0110310360
-0.0216438554
0.0889366089
-0.0492890919
-0.0930869883
-0.0928269365
0.0813519130
0.0071684334
-0.0390026135
-0.0277439933
-0.0799959998
0.0576333972
-0.0031490082
-0.0059666557
0.0508415860
-0.0637412139
0.0147263729
-0.0291809000
0.0697793484
0.1471367183
-0.1265954626
0.1142886492
0.0589434855
-0.0091173176
0.0248896036
0.1924727091
0.0737037274
0.0214237379
0.1168056528
0.0915040579
0.0440261610
0.1899535668
0.1030258358
-0.0657665884
0.1211532477
0.1986917331
-0.0471490866
0.0328143141
0.1817414605
0.0713504700
0.2530728067
0.1226503211
-0.0034254782
0.0270401552
-0.0230191016
0.0091334731
-0.1308891353
0.0790901007
0.0343929993
0.0323623140
-0.0120033325
-0.0006148792
0.2740899049
-0.0569517013
0.1337492663
-0.1315987822
-0.0760856128
0.0287881768
0.0915864254
0.1187691321
-0.0095893600
0.1045107591
0.1797703215
0.2012844216
0.1502842057
0.1359061499
0.1185413774
0.1258754957
0.1352405575
0.0898886914
0.2177947696
0.1395447529
0.1319468196
0.3143662506
0.1655748577
0.2078295295
0.1328940564
0.0648829466
0.3378499941
0.0858044387
0.1236874120
0.1767538290
0.1005007088
0.1764466518
0.2170795478
0.1625698122
0.1855122595
0.0776306117
0.2135288291
0.2070472404
0.0444986981
0.0527015052
0.1733746153
0.1701794267
0.1076669142
0.2390537600
0.1512184931
0.1747853692
0.2004264981
0.2303546406
0.2619170390
0.0926371962
0.2918010411
0.1190363248
0.4160344939
0.1429758800
0.2835669111
0.2713900084
0.1758115144
0.2522953936
0.2294418223
0.1177359263
0.4206706738
0.2925670786
0.1887112540
0.2980449878
0.1904757724
0.2609600601
0.1486063905
0.2254616303
0.2970943952
0.3127786368
0.0344039451
0.2386514422
0.2313419325
0.1967356182
0.2122878886
0.2472579653
0.2463828565
0.2387630054
0.3033682531
0.4299275414
0.2450712982
0.2310437764
0.1280191494
0.2780859079
0.3621937496
0.2174865242
0.1965179980
0.2045532879
0.3242214656
0.3194955006
0.3784940376
0.4498431923
0.2257711343
0.3652679449
0.2832482254
0.3873799262
0.4131556360
0.2857246669
0.2401864344
0.3867500510
0.1283004975
0.2931217701
0.3265370500
0.3834035063
0.2981321176
0.1268554123
0.2978587561
0.2836662119
0.2892156939
0.1375325201
0.2961472730
0.2035706046
0.2715979971
0.1429531016
0.2552317893
0.2617336572
0.2568043573
0.4456040056
0.2345935490
0.3567295662
0.4134498268
0.3193703016
0.3976680042
0.3017937473
0.4546337051
0.3177489777
0.3767548029
0.3515929459
0.3212559019
0.4010494486
0.3280382664
0.4138552740
0.2654166643
0.4582410655
0.3391672842
0.2724698057
0.4513538869
0.3482577885
0.5449553462
0.4845716158
0.3332510829
0.2779262612
0.3405286496
0.4245521688
0.3248483469
0.3936873849
0.3714142086
0.4328711024
0.4205592444
0.2292964790
0.1803663903
0.3759823242
0.5461840503
0.4494984286
0.4693798632
0.3113682455
0.3539413653
0.4769633636
0.3482893507
0.3515765442
0.2276333489
0.3925576083
0.3735818018
0.4496658798
0.4639560111
0.3714070673
0.5376783353
0.4750814311
0.4607409283
0.3894418049
0.5047898721
0.2757235409
0.4892403990
0.4146077717
0.4540319554
0.5214554781
0.4356843972
0.4814897034
0.4445192582
0.3115389836
0.4312610717
0.4230639153
0.3668912284
0.5066597715
0.4389406258
0.6379120874
0.4039135930
0.5367074617
0.4043766357
0.4333808776
0.4409986004
0.4820296099
0.4906432453
0.4197775792
0.5479198340
0.3142985802
0.4950555511
0.4442170608
0.4909698626
0.4662834517
0.4455037032
0.4958043509
0.4610677066
0.4632304758
0.4382053229
0.5120134477
0.4086906313
0.4403689741
0.5195848828
0.3820908550
0.4118970898
0.4803011937
0.3531522402
0.6150559699
0.4555522571
0.5964274351
0.5369857040
0.5115868487
0.5433977992
0.4780855828
0.3994908692
0.6456676013
0.4031801909
0.4807077419
0.5018423967
0.4947151247
0.5311007584
0.5349175589
0.6487162609
0.4665052887
0.4879153487
0.6073119382
0.4644896665
0.5840674678
0.6069166090
0.6332340904
0.5052572748
0.4055674421
0.6781469907
0.5570576606
0.6128614388
0.6321823695
0.5389341007
0.6460056648
0.5137248605
0.6368427075
0.6036365328
0.5755351908
0.6859486510
0.4915706592
0.5512281427
0.4930060291
0.5027738917
0.6970333922
0.6191030024
0.6272451193
0.5758495086
0.7172972943
0.6353000340
0.5535662815
0.6134817842
0.6812619532
0.6418913869
0.5913714000
0.6830357372
0.7951602282
0.4677629656
0.6148878017
0.6818273704
0.7499294980
0.5497054113
0.7032720053
0.5977561765
0.5929023446
0.5697439414
0.6521253978
0.5966086722
0.7557329260
0.8801399213
0.5459245267
0.6377241713
0.5020269379
0.6972660471
0.7574752026
0.7311987761
0.6096053072
0.6776041857
0.6661616978
0.6098543309
0.7355485927
0.7018889410
0.6896746108
0.8054577375
0.7535606156
0.6335685465
0.7075138326
0.7719226696
0.7012558593
0.7224002224
0.5724619508
0.6104585485
0.6762484082
0.6797812818
0.8294371739
0.7333486569
0.8417736378
0.6887956341
0.7244798081
0.6035629630
0.5222234628
0.6627651419
0.7459335656
0.8006064487
0.7361211541
0.5019690713
0.6620498144
0.8281798298
0.7034487832
0.8266545166
0.7230318352
0.7653905117
0.9182078375
0.6378763616
0.6755818567
0.8164648410
0.6949453834
0.7357675788
0.7100008505
0.7521243626
0.6221455848
0.8110149516
0.7020404008
0.5782317180
0.6484287314
0.7000950513
0.7730797019
0.7172608415
0.7269697982
0.7431545188
0.7689526162
0.8686052074
0.7261490480
0.8117830755
0.8272802364
0.7158861529
0.7836995927
0.8070281052
0.8120280228
0.8710251989
0.8145399956
0.6918806313
0.7613180924
0.7276780105
0.6816306294
0.8001132065
0.7142526657
0.8230469589
0.8406894855
0.8129061895
0.8177752579
0.9462356386
0.8247227813
0.9829044653
0.8515495735
0.6342932001
0.7881335077
0.7842578048
0.8443181301
0.7793198945
0.8042435705
0.8471029454
0.8879777250
0.7202165824
0.8143640343
0.9679462270
0.8362208437
0.9478826664
0.8299873769
0.9155367412
0.9398240462
0.6979105343
0.7513800266
0.8337633506
0.9449002711
0.8622782515
0.9512551815
0.9652639038
0.8333473814
0.7951195025
0.7687595879
0.8472345952
1.0506334386
0.9853172977
0.9947175285
0.8307097004
0.8688215648
0.9771733089
0.9559876892
0.8163836256
0.8966449388
0.8495351101
0.8902236167
0.8672100499
0.8194627890
1.0262123665
0.8664655159
1.1684415185
1.0042555719
0.8120624817
0.9445927557
1.0820710957
1.0416156588
0.9422600855
0.9054260133
0.8619126319
0.9844398990
0.8711949407
0.8928197986
0.9822735075
0.8316668049
0.8988318119
0.7906864515
0.9651670105
0.9490915286
1.0664595195
0.9816508774
0.8891091285
0.9015147746
0.8317263561
0.9317478878
1.0970284650
0.9158862930
1.0927405498
1.0515112022
1.0687841955
1.0845128635
1.0039672820
0.9495071825
0.9873148228
0.9968484853
1.0519458468
0.9265863360
1.1181535530
0.9531837326
1.0188189276
1.0787676322
1.1568372721
1.0388620862
0.9597798459
1.0559560265
0.9173469238
1.0287109792
1.1236627180
1.0905449238
