-0.9818397577
-0.9500525352
-0.9884996976
-0.9755322627
-1.0351621772
-0.9350550704
-1.0518664759
-0.9927663416
-0.9033080557
-0.9468520066
-0.9500619555
-0.9291542563
-0.9892577908
-0.9764052658
-1.0957496009
-0.9339908530
-0.9879028061
-0.9029444003
-0.9714871786
-1.1005502792
-1.0560376420
-0.8508773876
-0.8644549431
-0.8953141552
-0.8565508502
-0.9205955330
-1.0016079632
-0.8807070547
-0.9366429552
-1.0289827933
-0.8778293759
-0.8489365347
-0.9020526264
-0.6056427727
-0.9370119891
-0.8350906382
-0.7861976102
-0.9878635927
-0.8972678929
-0.9209086648
-0.9699044100
-0.9737987999
-0.7939422307
-0.9245892636
-0.9779850628
-0.8674469621
-0.7354464107
-0.7531695773
-0.9202079506
-0.9244206673
-0.9715041786
-0.8511926642
-0.7508584449
-0.8117880719
-0.9344889610
-0.9790318347
-0.8003549377
-0.9232229055
-0.8354261514
-0.9371729349
-0.7949470432
-0.9009676396
-0.8589509708
-0.8195031114
-0.7537768032
-0.8224757218
-0.9591964657
-0.8475172466
-0.9484497115
-0.8586951305
-0.8323018879
-0.7851020240
-0.8601303793
-0.8614101353
-1.0066875571
-1.0605035217
-0.9188260942
-0.8853264038
-0.9676233481
-0.9723673569
-0.8765610295
-0.7271675087
-0.7660009870
-0.8506734502
-0.7205952897
-0.7992981303
-0.9341631611
-0.8439993620
-0.8100365995
-0.8273874720
-0.8927873925
-0.7896759459
-0.8284850520
-0.9031402800
-0.7548133471
-0.7223176421
-0.7880673976
-0.8581424355
-0.9080567964
-0.9031138394
-0.8827768214
-0.8282009885
-0.7686445127
-0.7213219832
-0.7717065732
-0.7076899280
-0.6588556381
-0.7502264162
-0.7586607376
-0.7929820748
-0.7048845008
-0.8016288941
-0.7879268914
-0.7080578108
-0.8644275936
-0.6423109255
-0.7609519912
-0.7811903284
-0.6301427973
-0.8484705845
-0.6862585657
-0.7063304153
-0.6910818977
-0.6775597025
-0.5914298076
-0.8636617306
-0.7125739998
-0.7201688498
-0.9204834035
-0.7785404082
-0.7426528342
-0.6411985133
-0.7815203615
-0.7906452946
-0.7846449589
-0.6545938919
-0.6753699413
-0.7971029186
-0.7919611659
-0.8511437340
-0.6690722612
-0.7761393828
-0.5993519668
-0.7581007077
-0.6273890550
-0.7263487080
-0.6185754737
-0.7228072989
-0.8851442073
-0.6207648068
-0.5092043765
-0.6875783754
-0.8520606818
-0.7551587417
-0.6854689291
-0.7258400531
-0.5628329958
-0.7887011211
-0.7409496736
-0.6193061865
-0.7556459677
-0.7585992683
-0.7370436907
-0.6623386571
-0.5454768615
-0.6532727988
-0.6107914657
-0.5879556255
-0.6335938409
-0.6950157827
-0.7060827003
-0.6024942876
-0.6157474087
-0.6679110253
-0.6516002129
-0.6034092529
-0.5527909283
-0.7222070539
-0.7009146006
-0.5877748767
-0.6921415417
-0.6112003959
-0.6544229878
-0.6689451557
-0.5642674137
-0.5558588020
-0.8210308410
-0.5122553417
-0.6662911246
-0.6146933118
-0.6143137313
-0.5106757930
-0.5968287863
-0.6072799504
-0.7449612762
-0.7369929443
-0.6656499359
-0.7094986122
-0.6148292730
-0.5712626473
-0.5466304798
-0.7109211607
-0.5380884436
-0.6364003923
-0.5713114873
-0.6359502148
-0.6043876542
-0.5781285015
-0.5944303028
-0.5215125140
-0.5752635507
-0.4506977407
-0.4645505057
-0.6354794931
-0.5530031292
-0.6183144422
-0.4547545109
-0.5552269799
-0.6407558310
-0.6714543675
-0.5848199994
-0.4090799985
-0.5734082819
-0.5474856334
-0.5756751343
-0.5270690764
-0.5811291027
-0.6112826090
-0.5070219518
-0.7192897018
-0.4978107236
-0.5168352468
-0.4173214887
-0.6223170971
-0.4726604576
-0.6135109617
-0.4624688357
-0.5517449210
-0.5154630479
-0.7254782362
-0.6334836976
-0.6354982109
-0.4914699591
-0.6288235037
-0.5590171914
-0.5687460945
-0.4028783224
-0.4575933102
-0.4205617472
-0.5024356496
-0.4318851474
-0.4670800186
-0.4577783397
-0.4915582747
-0.4104671587
-0.5084827967
-0.5947988827
-0.4550435129
-0.4176039455
-0.4631563194
-0.4744234913
-0.5049548782
-0.3392201469
-0.5131968463
-0.4470673497
-0.4989824265
-0.4737873342
-0.4647319938
-0.5212124494
-0.4984214643
-0.3205432952
-0.4183723998
-0.4911200038
-0.5575443979
-0.4809494510
-0.4843142697
-0.3709840483
-0.3055244044
-0.5849987067
-0.4174420831
-0.4165574320
-0.4768129468
-0.4127131044
-0.3970653292
-0.3647589722
-0.3473406310
-0.4080749513
-0.4698295854
-0.4709176247
-0.3291178312
-0.4307180252
-0.4125774486
-0.2891202093
-0.3500331829
-0.5040992039
-0.5193611975
-0.3829395616
-0.2991248042
-0.3942942589
-0.4881225155
-0.3878402298
-0.3647146671
-0.4239736940
-0.5562930296
-0.3864866053
-0.5893080116
-0.4368568019
-0.3233042461
-0.3552754570
-0.4095162358
-0.4873638164
-0.4859609915
-0.3261043364
-0.4624745244
-0.2353009699
-0.4199409239
-0.3436856755
-0.4165448507
-0.3672970312
-0.3630123053
-0.3127598842
-0.3956500031
-0.4521913895
-0.2115754211
-0.4235957809
-0.4195378361
-0.4128312905
-0.4259185976
-0.2622388173
-0.3176344597
-0.1910001351
-0.3037041109
-0.2292528263
-0.3394341539
-0.3493868781
-0.3308902408
-0.2360404069
-0.3072490109
-0.3284484615
-0.2714923794
-0.2754114942
-0.2269923883
-0.2530641952
-0.4478863582
-0.2837008912
-0.3588127422
-0.2614256004
-0.4020350938
-0.2692953984
-0.3652751345
-0.2765774532
-0.4004030345
-0.3608489923
-0.3153124131
-0.3730206532
-0.2817183227
-0.2459166101
-0.3110934215
-0.2549349278
-0.3596726053
-0.2219152637
-0.4215322932
-0.2186755523
-0.2267163670
-0.2403059845
-0.1836899752
-0.3787392822
-0.2709665146
-0.0876738022
-0.3552410115
-0.1845199181
-0.2790372657
-0.1018014891
-0.2633226511
-0.2268166616
-0.2371685290
-0.3116613356
-0.2798856349
-0.1441580549
-0.2689777535
-0.1515540046
-0.1465969385
-0.1896698382
-0.1063883955
-0.2403267466
-0.2342314744
-0.2452529007
-0.0767386016
-0.2917240749
-0.3019300530
-0.1350353375
-0.2738504004
-0.2924768869
-0.2539814776
-0.2350891165
-0.1888295585
-0.2819719159
-0.2531811345
-0.3138268449
-0.1645352003
-0.2859662536
-0.1930749989
-0.1789404908
-0.3488318606
-0.0661607917
-0.1958859812
-0.0738141094
-0.2730814374
-0.3777655833
-0.1768879934
-0.0568673849
-0.2248144897
-0.1109824916
-0.2246060283
-0.0985326434
-0.1802365404
-0.2987113939
-0.0151227469
-0.2042605673
-0.2645569462
-0.2739797510
-0.2015631855
-0.1075469586
-0.3035358684
-0.0489987158
-0.2684175038
-0.1643202604
-0.1521958284
-0.2214562233
0.0038059171
-0.2331475091
-0.2897887245
-0.1628034773
0.0030811125
-0.0439408743
-0.0543714171
-0.1816255785
-0.0864030384
-0.1454176903
-0.0577372821
-0.0838121177
-0.1682271517
-0.1959506564
-0.2052280198
-0.1999761332
-0.1016418844
-0.1730398010
-0.0708144802
-0.0087199435
-0.1752999617
-0.1667322039
-0.1761488403
-0.0166076302
-0.0998529226
-0.0830328961
0.0337994494
0.1313457487
0.0012361406
-0.0530857869
-0.1137394542
-0.0364107602
-0.1209030338
-0.2378814478
-0.0271145857
-0.0799369240
-0.0394961417
-0.0314441296
0.0754401741
-0.0028793569
0.0112753214
0.0462941900
-0.0011991619
-0.1351518295
-0.0483657256
-0.0015290737
0.0144681991
-0.0584244156
0.0508340085
-0.0486196817
-0.1459674236
-0.0541932359
-0.0580652758
-0.0956819009
0.0737323210
-0.1620749003
0.0629569650
0.1312394541
-0.1097393648
0.0691066534
0.0456840901
0.0699201444
0.1105860110
-0.0243139851
0.0657245533
0.0777274972
-0.0056014638
-0.0231592333
0.0162960921
0.0206746972
0.0728790083
0.0140311522
0.0562919495
-0.1998150140
0.0582494164
0.1055078453
0.0201308937
0.1446429521
0.1105163073
-0.1378423904
0.0396404622
0.1364050269
0.1247266062
0.0493691768
0.0017693807
0.0689744910
0.2182713887
-0.0994676828
-0.0176280861
0.0221956235
0.0268902449
0.1914494696
0.0175854549
0.0578924886
-0.1342730845
0.1981823562
0.0295119320
0.0418729392
0.0007844477
0.0099750770
0.0637774154
0.0845023328
0.1356979545
0.1392108531
0.1834645358
0.0064841029
0.0516738421
0.0925514899
0.0111315293
0.1093294056
0.0717831829
0.0403343437
0.1079165092
0.1023609246
0.1243076099
-0.0020689981
0.0117406395
0.1705502617
0.0527527538
0.0842103965
0.1045835349
0.2326845354
0.1154380551
0.1838143824
0.0837628616
0.1000024348
0.1009880897
0.1426778521
0.2089487520
0.1635068361
0.1569739164
0.0962380622
0.2796102580
0.1165801257
0.0001875730
0.1336173157
0.1385581283
0.0977350562
0.1673474548
0.1484823752
0.1448683900
0.0843248395
0.0760713638
0.1350158513
0.2831736664
0.0858415339
0.1304251628
0.1871641646
0.1556195903
0.2052973574
0.1007356004
0.1506163411
0.1939475964
0.0576986812
0.1521101874
0.1482667118
0.1116570401
0.1772034820
-0.0732432722
0.2381879144
0.2838695146
0.0865015336
0.2550677056
0.1201752096
0.0939140457
0.1391034993
0.3327891702
0.2131075369
0.2500723151
0.3051837456
0.2141726144
0.1736300942
0.2588903515
0.0413939005
0.2881237302
0.2155953292
0.2114898257
0.2913038566
0.3544215601
0.2605012750
0.2317706145
0.1613591062
0.1623010729
0.0837551179
0.2547957726
0.2118946878
0.2874241159
0.3350202937
0.3708573235
0.1089773374
0.0866738170
0.3119476814
0.3062186318
0.3425093622
0.1744853197
0.1695944002
0.3128451997
0.1889833403
0.2595992943
0.2756809667
0.2446665507
0.2339918444
0.3046088848
0.3394123064
0.3303590353
0.3598016078
0.2255440634
0.3155993713
0.2121770915
0.1959282093
0.1254296652
0.3431446176
0.0955997914
0.4161151734
0.1790588345
0.2832818508
0.4316358410
0.2361992424
0.3866305053
0.3858415207
0.3876596837
0.2547610140
0.1141208188
0.2882505276
0.1721487328
0.2572029609
0.2340594058
0.3051044712
0.2899557835
0.2697776131
0.4023902155
0.4037274339
0.4082663993
0.2704884585
0.4973371349
0.3291340918
0.4784827872
0.3428860690
0.2372801254
0.4004006945
0.3462819792
0.3108727050
0.4328250648
0.1842498422
0.2709180271
0.3704361924
0.4478613090
0.3099537989
0.3836351402
0.3718574250
0.2800357409
0.3220844957
0.4276311920
0.3103658159
0.3365033688
0.3783157780
0.5002340532
0.2508083980
0.1713583697
0.4116817258
0.3859329111
0.4300172402
0.2663751095
0.2935737455
0.3870422230
0.4083882087
0.3734149070
0.2867795967
0.4376863696
0.3174188850
0.3215061333
0.4368203397
0.4526011815
0.3574670696
0.3533227734
0.4063540123
0.2574661025
0.4417092541
0.5046203222
0.4532034187
0.3984429770
0.3970659883
0.4060262068
0.4710085355
0.3968289020
0.3916879228
0.5001468853
0.4743653080
0.3998825352
0.4874498486
0.4445271753
0.4066861344
0.5111755491
0.3676389522
0.4747389720
0.5022504905
0.3315059647
0.4582916636
0.4349590757
0.4971600937
0.4590186055
0.4471445149
0.4164419663
0.4474557562
0.4385894161
0.4594293478
0.4612378541
0.4745807641
0.3729694551
0.5426815719
0.4889049924
0.3448125823
0.3642702202
0.4569487268
0.4090654253
0.4258723312
0.5121813966
0.3547445655
0.4472009400
0.3394500647
0.5089451914
0.4780683700
0.5490155997
0.5768042455
0.4384274876
0.5527642720
0.6063143277
0.4039070549
0.4651600396
0.5495573762
0.6527844926
0.4517368572
0.6310901193
0.6044114508
0.4865450236
0.5314726017
0.5904638763
0.4524717853
0.4378707342
0.5458494718
0.4770209771
0.5157574432
0.5046370631
0.4689096254
0.6745030720
0.5350857860
0.5682431160
0.4401270261
0.5745258128
0.5308339019
0.5434221637
0.5079954886
0.6209387029
0.5417327084
0.5813735983
0.4629238182
0.6516656478
0.5365821909
0.4991803900
0.4672959130
0.7058672549
0.4644391987
0.6073835067
0.6122370829
0.6896238763
0.7246437566
0.5487101866
0.4697727331
0.5703985006
0.5390915185
0.6139730582
0.5955408475
0.5638916188
0.7947760348
0.6793304233
0.5734721351
0.6209294008
0.5750377348
0.6910432103
0.6103676828
0.7203767921
0.7474478292
0.6054872082
0.5806600694
0.5802790561
0.7521231470
0.7760227750
0.6092438788
0.6096553941
0.6532336949
0.5931305902
0.7878462382
0.6061245781
0.6298055978
0.6339321495
0.7687782814
0.7075944774
0.6707849668
0.6127975266
0.6230598120
0.8083201081
0.7355823785
0.6571269773
0.6835667350
0.5400775111
0.7424009893
0.6098783229
0.6407732633
0.7620176657
0.6198842831
0.6657960295
0.6950297299
0.7258413919
0.6654516088
0.8450297526
0.6242085170
0.7059112365
0.7145506086
0.5735818786
0.7853865442
0.7451147834
0.6240103022
0.6458061980
0.6359772226
0.6476368147
0.6255373021
0.6639738676
0.8090030192
0.7453061332
0.6954502834
0.8011944723
0.7525900346
0.7759934768
0.7768194098
0.7936528931
0.6825965579
0.7565626467
0.5925310238
0.8147403969
0.7027845668
0.6122340292
0.7851390875
0.6736594069
0.8368686761
0.7550927161
0.8240517311
0.7008352305
0.7011730703
1.0298507662
0.7050633181
0.8405290653
0.7576829097
0.8291906988
0.7154775996
0.7049034563
0.7711796525
0.8817096254
0.6481117873
0.6645168039
0.8064185016
0.8949545709
0.8396505047
0.6959898192
0.8308328428
0.7478883746
0.8296684567
0.6921523758
0.8535555429
0.8049285831
0.8525179473
0.9068686946
0.7924818542
0.7852951134
0.8465796422
0.7024058401
0.7932486751
0.8699957940
0.8206109407
0.7963096007
0.8004531117
0.7815492077
0.6856466921
0.7586895382
0.7847896650
0.9198559090
0.8070164854
0.8285060998
0.8621669152
0.7958455012
0.8489077024
0.7937213490
0.6914051794
0.7631251086
0.7119932311
0.8575516916
0.8292181375
0.7934732177
0.9471250383
0.7491359669
0.8598616381
0.7504786992
0.8743970419
0.8389504745
0.8891138364
0.7739877745
0.9482615060
0.8623100663
0.9668191474
0.9301382951
0.8042708838
0.8555769257
0.9247788030
1.0654176822
0.9492357148
0.8810392225
0.8563537087
1.0128607531
0.8131840109
0.8473951749
0.9423809740
0.9512802098
0.9438821986
0.9785963981
0.8493663576
0.9651035684
0.8586612100
0.7943061099
0.8036547794
0.9531485733
0.9366356311
0.8110726614
1.0694640281
0.7484574951
0.8753507095
1.0806120206
0.9955099384
1.0613623966
0.9687302661
1.0201307519
0.8360289108
0.9669089036
0.9290161172
1.1768031141
0.8891957954
0.8505190085
1.0863682036
1.0084363320
0.9869079284
1.0073015920
1.0522379678
0.9277917728
1.0312952110
1.0357889456
0.9643868644
0.8186686383
0.9428269214
0.8440869832
0.9139614892
0.9692692853
1.0769691299
0.9988891030
0.9978653359
1.0227615766
0.9962060818
0.8833310542
0.9163579894
0.9888696002
0.9977978571
1.0019909064
1.0917576101
0.9787647464
