-0.8885412630
-1.0090447196
-1.0040372685
-0.9373129394
-0.9398385053
-0.9339938954
-1.0444338054
-0.9036611306
-0.9713712019
-0.9937425166
-1.0344038676
-0.9778814190
-1.0940488665
-0.9808525823
-0.9511155939
-0.9523252354
-1.0081314018
-1.0128769097
-0.8889622506
-0.7377720443
-0.9997023990
-0.8731506169
-0.9428787136
-1.0052260653
-0.9202931611
-0.8791666007
-0.9769191507
-0.7920021508
-0.9742994944
-0.9057285852
-0.9796394410
-0.8647136516
-0.7800817731
-1.0759007136
-0.8540261093
-1.0205705581
-0.9216710957
-0.8309640876
-0.7794200949
-0.8145642049
-0.8987031191
-0.7458202860
-1.0381288438
-0.9459661248
-0.9323822615
-0.7085019202
-0.8486197509
-0.8567056363
-0.9456621581
-0.8271542531
-0.7958763788
-0.9118880655
-0.9474279625
-0.8542372477
-0.8802804550
-0.9763822482
-1.0509217446
-0.8128367921
-0.9618348912
-0.7731580810
-0.8546778298
-0.9600193129
-0.8336301301
-0.8049166909
-0.9366447201
-0.8984866341
-0.8603398426
-0.9208335723
-0.9001583946
-0.8348312579
-0.9212953598
-0.7561092628
-0.7180085428
-0.7698012797
-0.9733592114
-0.9408282191
-0.7907864174
-0.8551871094
-0.8319378442
-0.7928195405
-0.7999832382
-0.7522301622
-0.8019066101
-0.9916213050
-0.7284071927
-0.7312075016
-0.8035141273
-0.9945067382
-0.9667186272
-0.7909675979
-0.8295726389
-0.5501994652
-0.6738556703
-0.8598567210
-0.9237216492
-0.7755695684
-0.7810972736
-0.8280898669
-0.8316532653
-0.8308443073
-0.8662613707
-0.8409697275
-0.7063651501
-0.8488283458
-0.8451340414
-0.7973016454
-0.9084505585
-0.9678473172
-0.8859687468
-0.7325754465
-0.8251302388
-0.8711510485
-0.7715201411
-0.8138782788
-0.8132226890
-0.6781595164
-0.6751607657
-0.6256822298
-0.8274622786
-0.6097927562
-0.6111697252
-0.6854865940
-0.8002905822
-0.6632770487
-0.7282125151
-0.5637700394
-0.6125485222
-0.6221213583
-0.9259137171
-0.6984948040
-0.7038579460
-0.6872823006
-0.7132359652
-0.7490824558
-0.7249396581
-0.7843499306
-0.6190677381
-0.6909611736
-0.7103603626
-0.6593267160
-0.7854789488
-0.6769161612
-0.7260443963
-0.8170274039
-0.6346909835
-0.7878002795
-0.7088862987
-0.7500735039
-0.7794275454
-0.5145447824
-0.7189180204
-0.8077408821
-0.5776808245
-0.6590748312
-0.6653007336
-0.6628677064
-0.7243739281
-0.5844172456
-0.6963519044
-0.7862117720
-0.7898968641
-0.5969869516
-0.5354113929
-0.6627379686
-0.5794992063
-0.7330101115
-0.7417876697
-0.6838363363
-0.6180065443
-0.7810548307
-0.7222409701
-0.6490854274
-0.7064277022
-0.6111982432
-0.5880568614
-0.6915233047
-0.6456745962
-0.6276635239
-0.6571404980
-0.5909563642
-0.6249818058
-0.5293823555
-0.6927822276
-0.5958145434
-0.7003043610
-0.7144235859
-0.5316798809
-0.6384557818
-0.5887961193
-0.6970482069
-0.6659810161
-0.6792700445
-0.7063941440
-0.6768665529
-0.6748140438
-0.5705245160
-0.6218644215
-0.4741173723
-0.6074945477
-0.5771188398
-0.5201316282
-0.5399029886
-0.4983196177
-0.5396923740
-0.5823586626
-0.5641101837
-0.6854049911
-0.5069654279
-0.5495853467
-0.5484309676
-0.8024582840
-0.6698163447
-0.6335557010
-0.6069006208
-0.3823360493
-0.4406492680
-0.5304659008
-0.5287795830
-0.5383227856
-0.5964148739
-0.6108833033
-0.6435603934
-0.4832780593
-0.5470645243
-0.6146733373
-0.4912478375
-0.6525819257
-0.4819831562
-0.5727122998
-0.5271869356
-0.3398205056
-0.6100650023
-0.5833563309
-0.6067694780
-0.6023821172
-0.5134097067
-0.5000128909
-0.5035066638
-0.5375395936
-0.5056917739
-0.5434512050
-0.6169339925
-0.4375247892
-0.5123283748
-0.4983418390
-0.5489652676
-0.5592139236
-0.5464206196
-0.4598138991
-0.5228880559
-0.4357007554
-0.5584346430
-0.4562666100
-0.4914738366
-0.5467603314
-0.5116216541
-0.2937144578
-0.4536899088
-0.5785612596
-0.4076383902
-0.3462723896
-0.4663292080
-0.4636588888
-0.3814796582
-0.5459184316
-0.5769831832
-0.5065867208
-0.5222836096
-0.3825681472
-0.3889957773
-0.3789150130
-0.3848062537
-0.4388528368
-0.4530382776
-0.5677061583
-0.5295361959
-0.3855080946
-0.4584465920
-0.4131968103
-0.3538453626
-0.3155674981
-0.5511941612
-0.3554982391
-0.3413498143
-0.4771460757
-0.4242478423
-0.4124887858
-0.4039644276
-0.4706255445
-0.4133039211
-0.4873629527
-0.4905013699
-0.5417473433
-0.3911459579
-0.5365480053
-0.3223210277
-0.3407308456
-0.4443056561
-0.2799483515
-0.3779142931
-0.3861459614
-0.4255246203
-0.4374470741
-0.3290712483
-0.2632828000
-0.4314760697
-0.3621183195
-0.4272879781
-0.3686761882
-0.3246096080
-0.4836466128
-0.4006043542
-0.4868628595
-0.3245820770
-0.3605762016
-0.3094874769
-0.5280311483
-0.2715560508
-0.4126665470
-0.2358766226
-0.2749083745
-0.3460968809
-0.2361723684
-0.3013771248
-0.2809309485
-0.3795931989
-0.3994074034
-0.5414332143
-0.3553707256
-0.2970544090
-0.2655040040
-0.4380620644
-0.3406551716
-0.4249879575
-0.3258924755
-0.2118199533
-0.4230912709
-0.3319919949
-0.2693051414
-0.3366526749
-0.3486874533
-0.1632500819
-0.2231898415
-0.0929352866
-0.4634902506
-0.3693688741
-0.2940667323
-0.3125644260
-0.2653667437
-0.3100255414
-0.2759871611
-0.3525086863
-0.2375497963
-0.2117330338
-0.3768091368
-0.2121823117
-0.4438074026
-0.3372970884
-0.3495115559
-0.2923105522
-0.2802866678
-0.3196043280
-0.2406723512
-0.3759371061
-0.4757567806
-0.4347328168
-0.2577569642
-0.3286595581
-0.1119947490
-0.2974508653
-0.1820262976
-0.2242587544
-0.2042919651
-0.2187208519
-0.3035470993
-0.1919287439
-0.2454681195
-0.3182958134
-0.1898725875
-0.2238417466
-0.3620915578
-0.0957906591
-0.3092404421
-0.3978543418
-0.3239874393
-0.2675933638
-0.1561351362
-0.1464619568
-0.1331935221
-0.0106131852
-0.2937141340
-0.3319653332
-0.1428107672
-0.3052806714
-0.1828908616
-0.2284739900
-0.2027059479
-0.2662234146
-0.2781966812
-0.3412396809
-0.2698664601
-0.2081638580
-0.0915679075
-0.1762635912
-0.1078092422
-0.1467146676
-0.2997914148
-0.0222183492
-0.1993649932
-0.1259270922
-0.2152414550
-0.1281206237
-0.0818279216
-0.0735202182
-0.2564457056
-0.2509835692
-0.1033042521
-0.2926538270
-0.1695680384
-0.2138917817
-0.2827881599
-0.2194023927
-0.0833581082
-0.1124537257
-0.0230171220
-0.1850341426
-0.2171975900
-0.1072916449
-0.1001146884
-0.0717066212
-0.1695587769
-0.1626280430
-0.1144735479
-0.0942145045
-0.0278547579
-0.1738683206
-0.0354861896
-0.0460560186
-0.2579170928
-0.0726274324
-0.0442709747
-0.1037216578
-0.1167950213
-0.0265099166
-0.0218406101
-0.1461598891
-0.0842335336
-0.0617679729
-0.1119059409
-0.0136742001
-0.0313898956
-0.1254578454
-0.1635901483
0.0066005806
-0.1152842852
-0.1130081710
-0.1191661833
0.0035090158
0.0137050069
-0.1394513789
-0.1297916785
-0.0710200871
-0.1558769283
-0.1629838201
-0.0910042750
-0.1118215759
-0.0058692304
-0.0485492986
-0.0784211209
-0.1249382767
-0.1941129533
-0.1498534401
-0.1479368077
-0.1542741597
-0.1225344437
-0.0279618611
-0.0156657067
0.0870867209
-0.0531737455
0.0069314847
0.2237561178
-0.0042357148
-0.0009355791
0.0804752391
0.0365310277
-0.1698392276
-0.1655145781
-0.1289476740
-0.0337921648
0.0755316740
-0.0793325894
0.0678476233
0.0349200744
0.0082807797
0.0734884923
-0.0495975985
-0.0386061249
0.0048079793
-0.1388552764
-0.0840979012
-0.0988341785
0.0438185083
0.1463967888
-0.0292016546
-0.0972838868
0.0608691546
-0.1068353018
0.1127681213
-0.1569864434
0.0541581527
-0.0038516672
0.1764155902
0.0142411655
0.0457786770
0.0245811013
0.1018779968
-0.0099069310
-0.1507428155
0.1119166714
-0.1324078964
-0.0297968428
0.0097643693
0.1518109290
-0.2499116763
-0.1017817570
-0.0234654550
-0.1241450864
0.0887670530
-0.0688117591
0.0370708632
0.1008411271
-0.0419296475
-0.0335215915
-0.0855282794
0.0767003930
0.1038979730
0.0436211401
-0.0228794010
-0.0214295949
0.0688021477
0.0896629996
0.0956560378
0.0921361985
0.3298010272
-0.0844001591
0.2376690558
0.1733530836
0.1562204122
-0.0008478475
0.0625540909
0.1442494006
0.0138610529
0.1000191843
-0.0360761481
0.1155840094
-0.0718289032
0.1414277049
0.1338795202
0.0795704267
0.1016335051
0.0900514222
0.1312658821
0.1388382920
0.1400638387
0.0880073535
0.0934482294
0.1511987717
0.0680899069
0.1556681929
0.1334898574
0.2780925745
0.0400371755
0.1829885502
0.1746103633
0.0021891762
0.1727682823
0.0478980347
0.1367406673
0.2010473826
0.2550314466
0.1355302640
0.2037925575
0.1797810680
0.1937058984
0.0751646913
0.1012918377
0.2673657379
0.1557346410
0.0748815254
0.1714377812
0.2181236703
0.3015667571
0.2534005009
0.1783258988
0.2609984979
0.0496139910
0.2284163155
0.2763015585
0.2443426807
0.1877415637
0.0463033088
0.2662047265
0.1703995694
0.3053093509
0.2657287648
0.1169499712
0.1761854749
0.2887906058
0.0938489826
0.2546083739
0.1334143439
0.1325948569
0.3036168834
0.2852042349
0.2516340223
0.1692190603
0.2571953774
0.0411315730
0.2952147955
0.3702498644
0.3651175781
0.0987481731
0.4072670189
0.2020391678
0.2747320873
0.1950103510
0.1890872147
0.1596611824
0.2508251117
0.2833817595
0.4134149020
0.2243662481
0.1362642361
0.2049285701
0.3127891551
0.2660301881
0.3710171539
0.3010732642
0.3250388886
0.2606844181
0.2498018222
0.1318839514
0.2589040806
0.1534172423
0.2805846332
0.4301840237
0.3809266511
0.1722591116
0.3711187024
0.4732377148
0.1905722900
0.2823235143
0.1385507922
0.3053963238
0.1959630781
0.2568158293
0.3431545061
0.2117092891
0.3171008007
0.2564543562
0.3007538789
0.3824665786
0.2562318242
0.2211781275
0.2407763857
0.2842484710
0.3279141658
0.3206038822
0.2219042960
0.3572428567
0.4131100715
0.2902395243
0.3711111443
0.3079930402
0.2392939029
0.3068437077
0.4460650394
0.3139072631
0.3542919567
0.3904641562
0.3891309276
0.3172640925
0.2532747870
0.3168699561
0.4215211791
0.3770166907
0.4751685814
0.4107078301
0.5222539935
0.4019105709
0.3229429694
0.4208343959
0.3064966996
0.4131258044
0.2151422847
0.4397037478
0.3842937056
0.3508225567
0.4714842892
0.3058150584
0.4238246606
0.3444411934
0.5001453237
0.4330883398
0.2951405282
0.5215171418
0.4027203830
0.3782998981
0.4170970566
0.4129935044
0.4257100337
0.3817320898
0.3777490023
0.4379140537
0.3740480435
0.2480977051
0.4489838627
0.4023545503
0.4405902536
0.4186654386
0.4994020827
0.4211648770
0.4016682133
0.6058140383
0.4981256771
0.4712301750
0.4923471309
0.5112372604
0.5299119667
0.3799055795
0.4652045878
0.5395228629
0.3347227073
0.5523475010
0.6069759088
0.5424603454
0.3168135347
0.4003387279
0.4943241623
0.5606637493
0.6339375710
0.5112392184
0.5113833262
0.4412521750
0.3933595970
0.5184993519
0.5587961342
0.4748675405
0.6173243310
0.5487008856
0.4275371230
0.6610694978
0.5250891788
0.5328776341
0.5463834990
0.4744951149
0.5114572187
0.6531710003
0.5447240023
0.3885583408
0.5186008427
0.5471601992
0.5214462513
0.6016672675
0.5480350730
0.7568968182
0.5136554979
0.5583285909
0.3777640990
0.5062257736
0.4629292310
0.5335788406
0.5686871275
0.5955943708
0.4073361471
0.6421143318
0.5793623562
0.4465009142
0.7297387416
0.6206148288
0.5970003088
0.7491586062
0.5225787882
0.5889971681
0.6078125096
0.4592688163
0.6003083610
0.5865767332
0.6517908926
0.6679553828
0.5284026470
0.4449016997
0.5410067467
0.4824883546
0.4573396733
0.6934435904
0.4154100636
0.5386855169
0.4371286660
0.5769738778
0.6613990743
0.5690215013
0.6436016848
0.6615872187
0.4970539925
0.5584260591
0.6934451090
0.6016381147
0.5595415177
0.5463517627
0.7475383767
0.5703044133
0.5704174262
0.6248969720
0.6448986683
0.4462447967
0.6233157333
0.5997736945
0.6316762807
0.7714805204
0.4571241946
0.5820296643
0.7160109299
0.7502046979
0.5791785020
0.5282108732
0.5878903548
0.8816412928
0.6473000971
0.6411916903
0.7550318791
0.5563874077
0.7493338891
0.7408657363
0.6309172332
0.6616264639
0.6668369433
0.6043393852
0.7363494532
0.7706925567
0.7378210651
0.6379203168
0.5844896211
0.6690224132
0.5868743388
0.7822297922
0.7048015121
0.7300823740
0.7445660724
0.7964864548
0.6907878010
0.7456294608
0.6456189187
0.5575538024
0.7438334550
0.6030978272
0.7139841379
0.6342647202
0.7155704828
0.7995306989
0.7442628317
0.6689119720
0.6546175523
0.6373349251
0.8303839590
0.7562417541
0.8507504656
0.9294857263
0.8181019259
0.7792936228
0.6750751051
0.6847466292
0.6380544680
0.7132722375
0.8458099280
0.8471546084
0.8350329040
0.6847639114
0.6521239330
0.8329487805
0.7867188878
0.7493348784
0.7669955776
0.7820961856
0.8128180257
0.6991549085
0.9028035926
0.7978413309
0.8464550602
0.7220901773
0.8172162289
0.9337755047
0.6967958448
0.7285000388
0.8053363739
0.7980234497
0.6837213737
0.7993651600
0.7945714657
0.8473668219
0.7233278654
0.6977722165
0.8280614655
0.7736004628
0.7869569138
0.9670306858
0.7651157706
0.8377038526
0.9383648359
0.8155990135
0.9283397130
0.7945003494
0.9237331634
1.0194298644
0.7734177194
0.7889721915
0.8067301187
0.9138935779
0.8671615778
0.8222086896
0.8388930079
0.7844083887
0.8764995364
0.8449820306
0.8442387575
0.9184148889
0.8747897591
0.7877861679
0.9577888039
0.8262987717
0.8315870622
0.7686312115
0.9961086945
0.7623384580
0.9139988833
0.8820457423
0.8460806452
0.9290090904
0.9758693091
0.8873240271
1.0057683030
0.8302920102
0.8176643457
0.9062718427
0.7970022822
0.9101833875
0.7405654475
0.9517801661
0.9760729271
0.8299232605
0.8188746537
0.9754925052
0.8950599633
0.9696064446
0.9080010862
0.8198944444
0.8415198064
0.8643649911
0.8485027998
0.9618914457
0.9420970414
1.0081147714
0.8754894241
0.8723944412
1.0462238274
1.1129785020
0.9611193833
0.9168633787
0.8673840001
1.0347663071
0.9342895811
0.9581536738
0.9045737717
0.9168439680
0.8982456736
0.8896535618
1.0134192267
1.0084305637
0.9177592214
1.0602684391
0.8865750479
0.9363105658
0.8941278732
1.0296106876
0.9751882013
0.9031870712
1.0169023812
0.9634925319
1.0112063547
0.9897718945
1.0800491625
1.1097776536
1.0874690387
0.9973230532
1.0361261027
0.9025680219
1.0742867940
1.0411309799
1.0317457716
1.1320636860
