-1.0511973841
-0.8785333075
-0.8317479956
-0.9687747637
-0.9471056861
-1.0004684412
-1.0168628873
-1.1329001003
-0.9307138340
-1.1201476116
-0.9851023815
-0.7964738480
-1.0171829260
-1.1461071498
-1.0020413116
-0.7850118168
-1.1357934794
-1.0720243050
-0.9654877903
-1.0373841319
-0.8731117944
-0.9543646885
-0.9742670079
-0.9898885248
-1.0459763311
-0.7552318022
-1.0726875203
-0.8604740743
-0.9451554836
-0.9900974023
-0.9766758259
-1.0924679763
-0.7091564640
-1.0194639031
-0.8988688154
-1.0019614886
-1.0325724441
-0.8880714994
-0.9249991165
-1.0095762915
-0.8448576189
-0.8917501727
-1.0132585441
-0.8597582991
-0.9583183351
-0.9419353528
-0.9637438335
-0.8433519657
-0.9207042718
-0.8394225518
-0.6671630280
-0.8560827254
-0.9183273938
-0.9311998077
-0.9945173448
-1.0118003098
-0.9721783685
-0.8315616333
-1.0970662054
-1.0261953853
-0.8414762048
-0.9410837237
-0.7279364274
-0.9332774790
-0.8401825887
-0.8041253981
-0.7707194987
-0.9802366702
-0.9161824798
-0.7507471621
-0.8250626651
-0.9346261200
-0.9074082291
-0.9665238261
-0.9093607520
-0.8474564569
-0.8750246037
-0.7866566351
-0.8564249266
-0.7817229899
-0.9114300192
-0.8964397156
-1.0552514508
-0.8873215053
-0.9037332397
-0.7350319832
-0.6396601767
-0.8937127640
-0.6961173988
-0.6796289828
-0.9932164251
-0.6817332413
-0.9180173787
-0.7876624265
-0.8903203252
-0.8215520581
-0.8708787423
-0.7966013221
-0.7223782298
-0.7766011086
-0.7618583843
-0.6340178803
-0.8458579383
-0.7476871204
-0.7494699125
-0.7290275291
-0.5536292533
-0.8110076950
-0.7544306178
-0.8204368277
-0.8550984789
-0.7796245410
-0.7165342937
-0.7404462159
-0.8064347447
-0.8017032518
-0.7853421007
-0.5299928124
-0.6979206608
-0.7612744839
-0.7605238285
-0.6058109810
-0.7094660910
-0.6558669644
-0.7783528693
-0.7768853800
-0.6731985310
-0.7312046488
-0.6220126357
-0.5765424586
-0.8528077177
-0.6963703734
-0.7488103500
-0.7316627931
-0.7980577945
-0.6225968687
-0.5322060621
-0.7433310832
-0.8785632052
-0.8591183723
-0.7164698580
-0.6816161018
-0.7122525593
-0.6968370842
-0.7235445218
-0.6949097586
-0.6978112519
-0.6136359043
-0.8057672791
-0.7575661861
-0.7627336863
-0.6663361636
-0.7741013635
-0.6158140982
-0.7016638922
-0.8597985164
-0.7033531507
-0.7344630099
-0.6170453206
-0.6507617471
-0.5939440380
-0.6087977349
-0.7928468896
-0.7727243176
-0.8442973450
-0.7148729506
-0.6579048598
-0.6471288493
-0.7040481560
-0.6008143129
-0.6833547335
-0.6235627596
-0.5440412263
-0.6937173702
-0.6443513213
-0.7378633259
-0.5310086332
-0.7397570474
-0.7480397185
-0.5563285674
-0.7268678134
-0.6788245615
-0.6478393701
-0.6559400319
-0.5321694460
-0.6506576046
-0.5917243477
-0.5344331990
-0.6591013153
-0.7333927946
-0.6358321438
-0.5141469508
-0.6295243609
-0.5313818233
-0.6785715141
-0.5367725627
-0.6007207835
-0.6518449658
-0.6750056536
-0.5901915816
-0.6167296786
-0.6767309336
-0.6972796610
-0.6569301005
-0.5663568087
-0.5648442167
-0.7502248017
-0.5965308620
-0.6592957378
-0.6337163992
-0.6711300804
-0.7229096983
-0.6371778024
-0.6102286100
-0.6821925267
-0.6935871263
-0.4358584908
-0.5861863003
-0.4656027388
-0.6008831595
-0.4694528572
-0.6145393015
-0.6265661471
-0.5550845907
-0.5803477687
-0.6152158420
-0.5863744032
-0.3821148577
-0.6636275104
-0.4603650216
-0.5722262501
-0.6264800114
-0.6492207827
-0.5591505404
-0.4635368624
-0.5348478102
-0.5501968425
-0.4914669508
-0.4995785467
-0.5946585832
-0.4419198170
-0.7799826781
-0.3584696333
-0.5041482102
-0.4790914939
-0.5581015740
-0.4558666735
-0.5740289757
-0.5855675926
-0.3685162325
-0.5311390168
-0.5926982136
-0.4366732527
-0.6328696829
-0.3688075477
-0.4617047069
-0.5323278014
-0.4992133882
-0.3534992501
-0.3524060853
-0.3493810933
-0.5133411512
-0.5108519385
-0.4397082419
-0.5728049555
-0.3412994243
-0.2741378138
-0.4187812710
-0.4666845005
-0.5708273106
-0.3270172970
-0.5450864547
-0.4887761448
-0.3978037862
-0.5038418370
-0.3548336499
-0.5315048304
-0.4584071701
-0.4961059816
-0.5953807372
-0.4480691507
-0.3479402502
-0.4980685446
-0.4871329846
-0.3048508309
-0.3472135452
-0.2483755655
-0.4172201236
-0.4854215548
-0.4363706835
-0.4049625583
-0.4752221470
-0.4223801713
-0.3900204880
-0.2886459816
-0.4526534582
-0.4666212421
-0.4305367994
-0.3719851150
-0.5342159663
-0.2719144677
-0.3778442204
-0.3566633535
-0.2542158737
-0.4709694335
-0.3864465079
-0.3868391394
-0.4769307468
-0.3619194905
-0.0925171192
-0.3492212501
-0.3663801611
-0.3590531968
-0.3947242634
-0.4485014577
-0.4627310854
-0.2054483527
-0.3731063898
-0.3858449954
-0.3494328082
-0.3682064732
-0.3418901238
-0.3311568685
-0.1737925472
-0.3470198343
-0.5563375202
-0.2819732805
-0.5370418716
-0.2908319108
-0.4867193192
-0.4416442815
-0.3724448652
-0.4266349093
-0.4067706399
-0.2607639411
-0.2252260019
-0.3280278260
-0.4096739298
-0.2683628471
-0.3653194532
-0.2410284677
-0.2090523352
-0.4239434379
-0.4106129543
-0.4461849366
-0.3014461239
-0.4325081607
-0.2854164071
-0.3070027026
-0.1289284104
-0.3145220753
-0.2853730644
-0.2017959606
-0.2906315865
-0.4207361430
-0.2768374134
-0.1995151043
-0.3846670712
-0.2965262372
-0.4490085483
-0.2868104166
-0.2440113830
-0.1489661002
-0.4436816545
-0.2918340930
-0.1996353719
-0.3912900111
-0.3622799973
-0.2799208364
-0.2317449302
-0.3173329317
-0.3514995962
-0.1835714443
-0.0979995483
-0.4310742133
-0.1799069062
-0.3088371278
-0.2578463395
-0.1461167980
-0.2490453165
-0.1637349441
-0.2558622876
-0.1784457672
-0.3780032536
-0.1806343793
-0.4160610180
-0.2801067624
-0.4473151772
-0.2375416084
-0.2120538060
-0.0730690560
-0.2084943667
-0.3087695509
-0.2299834171
-0.2398813223
-0.1494405581
-0.0680165351
-0.2319660016
-0.2602904141
-0.1946201238
-0.1961429395
-0.1764348514
-0.2073826612
-0.2080314626
-0.2249800558
-0.1618525389
-0.2487934388
-0.2166707593
-0.1184416908
-0.1792352318
-0.2524865127
-0.1915260343
-0.2238394547
-0.1268815965
-0.2507863756
-0.0931510746
-0.1786057589
-0.1190238739
-0.0864875736
-0.2700735514
-0.1790336029
-0.0230025152
-0.0751518857
-0.2341733073
-0.0911893807
-0.1010565055
-0.1422268244
-0.2105888271
-0.1702084246
-0.1381124487
-0.2125486194
-0.0335403192
-0.0548590364
-0.0171532794
-0.0147597310
-0.1348834273
-0.0174136650
-0.0807016697
-0.0736889574
-0.0735372460
-0.0613861050
-0.1439706029
-0.1100760530
0.0096058012
-0.2470721962
-0.1298335871
-0.0729201406
-0.1314482476
-0.1145805120
-0.0669736637
-0.1468512022
-0.0238211615
-0.2411564300
-0.1578831905
-0.1378052371
-0.0402122363
-0.1330029473
-0.0767259118
-0.0603205270
-0.1596495419
-0.1482236197
-0.0771248142
-0.1068540496
-0.2036153251
-0.0425220718
-0.2061000042
-0.1093407319
-0.1251189870
-0.0719666705
0.0853234558
-0.1741886175
-0.0648533710
-0.0589158369
0.0248888477
-0.0309969457
-0.0337918752
-0.1598172127
-0.0321726957
-0.0359900142
-0.0607756243
0.0697037403
-0.0916291079
-0.0642015835
-0.0553330461
0.1126986363
-0.2836971636
-0.0709996132
-0.0686060852
-0.1024253796
-0.0515378048
-0.1247392164
-0.0122019396
0.0302931512
0.0224387115
0.0668051668
-0.0204551031
-0.1256181002
0.1337937791
-0.0482352423
0.0491269504
0.0736728260
-0.0434388079
0.0180114922
-0.0595766523
-0.0353916044
0.0655547624
-0.0216698445
-0.1560679901
0.1476113728
0.0342756947
0.1767474932
0.0797431764
0.0980014238
-0.0778612659
0.0461762530
-0.0187500633
-0.0126684400
0.0961190245
-0.0522919052
0.1278224742
0.0463787056
0.2258071943
0.2522923122
0.0892928287
0.1379863545
-0.0182523054
0.0639324233
-0.0332076906
-0.0482966690
0.1314546647
-0.0078492900
0.0626506828
-0.0154214417
-0.0378369239
0.0035691475
0.1015250293
-0.0381587165
0.0196152283
0.0840680395
0.1111786089
0.0476744965
0.0770334031
0.0722857439
0.1448426496
0.0077964669
0.0496623480
0.0943196204
-0.0117521361
-0.0198701408
0.1673904227
0.1502709650
0.1968657470
0.0891469836
0.0145394074
0.0389938899
0.1385927483
0.1891703984
0.0016581946
0.3587451058
-0.0198963701
0.1313513578
0.2392977279
0.0398875803
0.2523800919
0.2524784643
0.0873497645
0.1565782986
0.2493070549
0.1324718364
0.2240165983
0.1284935014
0.1508879016
0.0709635827
0.1393428979
0.2860938887
0.1485072231
0.2314121996
0.0569647755
0.1842907641
0.1143035270
0.1837926076
0.0898702447
0.1960639526
0.2053776787
0.1093072437
0.0551964435
0.1825576642
0.2988044286
0.1835556525
0.1503629266
0.1886603120
0.2870086212
0.0624667884
0.1087756414
0.2084453664
0.0642163323
0.1866260561
0.3010693053
0.2012220014
0.1415003492
0.2652962403
0.2325000246
0.1637306844
0.1353228484
0.0778871035
0.3691468520
0.1479817578
0.1511668439
0.2499665526
0.3514614336
0.3892665874
0.4069795923
0.1717832207
0.2304550757
0.0551903815
0.4252621514
0.1620352870
0.2042360913
0.2246102693
0.2221853535
0.2620049894
0.1938871082
0.2442338859
0.2272471855
0.2405862304
0.4144582542
0.1771393718
0.2273611127
0.1594908536
0.1986647714
0.3111772228
0.3268298586
0.2373733684
0.1478002619
0.3453668686
0.3376827065
0.2055479580
0.3425347700
0.2652256813
0.2184084102
0.3246436662
0.1450994186
0.3693797153
0.1600587927
0.1862303206
0.3522024306
0.2833937828
0.2760445769
0.2623339766
0.2617304572
0.4735024534
0.3835758914
0.4373943183
0.2970379492
0.2951924837
0.2943173420
0.2537456045
0.3809388915
0.3365736123
0.2046502951
0.2606612214
0.2093966986
0.4412585478
0.3479881103
0.2871280570
0.3343149062
0.3784108517
0.3331097571
0.2219818972
0.1361935934
0.1852519791
0.3562720400
0.4736724188
0.2821690959
0.3641371893
0.3543451420
0.3723531005
0.4395503460
0.4980611356
0.4091757298
0.3543165420
0.2442198810
0.4307435499
0.4871903664
0.4564152459
0.3396418480
0.4533112006
0.3032303830
0.3575745982
0.2367665070
0.2753767518
0.3429307776
0.3313587594
0.3705951675
0.2143092393
0.3679620820
0.3355142576
0.4002717354
0.3515599938
0.4097828517
0.4415921427
0.5092347203
0.4676821160
0.2873043895
0.3761083136
0.3859148443
0.5416239880
0.4112354840
0.4039340820
0.4502675431
0.4434117474
0.4598055041
0.3918830555
0.5883739997
0.4518448208
0.3586019807
0.2882745586
0.3782089556
0.3688776210
0.4514142762
0.4950147844
0.4849976402
0.4909128009
0.3291087045
0.4776769299
0.2716820639
0.3748548103
0.5752147888
0.5689930878
0.5680405391
0.3350302588
0.4558503925
0.3649853280
0.5360739256
0.3693366294
0.5447886552
0.3128081608
0.4600769146
0.3241621076
0.4117754509
0.4413867565
0.4824071408
0.3069132844
0.3735100885
0.4527235720
0.6046109467
0.5539412913
0.5972442644
0.5156972185
0.4416340717
0.6427655031
0.5313966588
0.4449172939
0.4873561794
0.3903809256
0.4327089590
0.4927985215
0.5299303974
0.4958227708
0.6769255432
0.4605707728
0.5978040159
0.5764655372
0.5315064750
0.5012922580
0.3319532549
0.3880842531
0.5685550544
0.4704893748
0.5135032756
0.3918689657
0.5364071008
0.4905987963
0.5070295501
0.6739472926
0.4960648024
0.5081657739
0.5363992676
0.6033947435
0.5355331860
0.6426369899
0.5346622120
0.6550901303
0.5195839090
0.5576393163
0.6417483849
0.5510399851
0.5338105030
0.5708843772
0.5591923586
0.4634366299
0.5507674053
0.5330479804
0.6282050122
0.5692685480
0.5763919541
0.5929827086
0.7000559080
0.6464542088
0.6835699706
0.6103704101
0.5442056326
0.6209427172
0.7482754846
0.6329642228
0.5769410744
0.7207402863
0.6420364413
0.7140158597
0.6596440812
0.6518496032
0.4677737140
0.6705045190
0.6855632817
0.7996380538
0.5218027950
0.6237585891
0.6775042251
0.7128129064
0.6510709263
0.5747717381
0.6771521311
0.7608724663
0.6294598808
0.6894071484
0.6805510103
0.5449382189
0.7088263571
0.6485640974
0.6619230066
0.6111368598
0.6326892201
0.6228494149
0.7493051091
0.7139101952
0.7654891734
0.7282627631
0.6462269276
0.6258490962
0.5100127467
0.7059891515
0.7364528867
0.8180363953
0.7405407929
0.6478117913
0.6685075327
0.6938759717
0.5795538376
0.4958462863
0.4779616320
0.7335473795
0.7167784487
0.6560305147
0.6286192584
0.4877666654
0.7408768899
0.9294068870
0.7114925745
0.7659989406
0.7950160375
0.7443652275
0.6779905154
0.8195426217
0.8343683438
0.6810282519
0.6224703422
0.7092140665
0.6990043557
0.7635524103
0.7401638031
0.8085724443
0.6906693584
0.6871094325
0.7178880168
0.6530466889
0.6461785842
0.8001154603
0.8144593609
0.6706644828
0.7041039934
0.6926656968
0.8092565142
0.6689971706
0.8046538588
0.7476832500
0.6944703636
0.6912436015
0.8576526809
0.7268502161
0.7676887159
0.8654938036
0.5999434960
0.8799172914
0.8240226662
0.8554013863
0.8395825119
0.6970543112
0.7103123714
0.8421051869
0.7452458410
0.7537935686
0.6990561613
0.7337582478
0.7633311767
0.7021250623
0.8795815418
0.8267305478
0.8357424060
0.7537949568
0.8713381392
0.9319922623
0.8609301600
0.8608889645
0.8778796850
0.8884030183
0.7366603673
0.9109731387
0.9279870021
0.7790719024
0.8588779242
0.8533220164
0.7797769823
0.9984539171
0.8592501542
0.7722575397
0.8860679340
0.7434610697
0.7309237205
0.8393092730
0.8012707873
0.7556797196
0.8661450799
0.8760941581
0.8904260425
0.8175139683
0.8639766697
0.9133680648
0.9203326049
0.9324912719
0.9821421303
0.8575571596
0.8682258216
0.8893441450
0.8228712140
0.9272393975
0.8156662281
1.0656377162
0.8521865543
0.8783858698
0.8410283668
0.9451990671
0.9194648678
0.8950191543
0.9599750908
0.8708429071
0.8103472205
0.8333955150
0.8705006984
0.6553655731
0.9395306517
1.1138096578
0.9770514140
0.9736332895
0.8976612588
0.8839761938
0.9571723642
0.9708714414
1.1515584158
0.7884509535
0.9228837137
1.0300318965
0.8763159359
0.8824612166
0.9102006839
0.9118238035
0.8667530196
0.9487674980
0.9120405723
0.8084543262
0.9837513621
1.0137070246
1.0391834091
1.0050223907
0.9997666561
0.8407226247
0.9992330759
0.9957773250
1.0426955912
1.0322523186
0.8962945563
0.8611044100
1.0601020584
1.1678099066
0.9744644182
0.8159337893
0.9137540673
0.9525954339
0.9339033463
1.0266996282
0.9432038514
