-0.9701045331
-0.9431676170
-0.9935181057
-0.9571013340
-1.0418610423
-0.9012497346
-1.0603114166
-1.0142991537
-0.8958443628
-0.9209666666
-0.9482487143
-0.9275229207
-0.9844630017
-0.9768694796
-1.1007695138
-0.9283603006
-0.9990581021
-0.9183284771
-0.9609660639
-1.0822510943
-1.0553064692
-0.8650453201
-0.8462675604
-0.8628822203
-0.8380476452
-0.9236043421
-1.0137949456
-0.8702257772
-0.9681502775
-1.0337363528
-0.8627178970
-0.8367745336
-0.9192681672
-0.6010220760
-0.9356527223
-0.8206574393
-0.7933833237
-0.9673487334
-0.9051504041
-0.9219159259
-0.9568498431
-0.9567384376
-0.7815252393
-0.9247158203
-0.9876898906
-0.8526458438
-0.7593121847
-0.7550457243
-0.9441717572
-0.8711955008
-0.9802954096
-0.8656097408
-0.7503987291
-0.8216749456
-0.9621872512
-0.9971216588
-0.8370402957
-0.9330368414
-0.8545466801
-0.9315456637
-0.7863153668
-0.9101100855
-0.8389312494
-0.8123023634
-0.7683975362
-0.8260749314
-0.9446128817
-0.8680364671
-0.9564010645
-0.8369773995
-0.8519452638
-0.7821190970
-0.8536770410
-0.8716011135
-1.0002133271
-1.0397679544
-0.9272236468
-0.8755038942
-0.9941752385
-0.9646040650
-0.8783826937
-0.7372540791
-0.7525916944
-0.8637129348
-0.7437091309
-0.8003247894
-0.9284536133
-0.8306325803
-0.8157511864
-0.8150265661
-0.9117560918
-0.7912113894
-0.8230159125
-0.8887667182
-0.7780940255
-0.7227513228
-0.8193814729
-0.8550927818
-0.8775388806
-0.9361979662
-0.8953880922
-0.8359391225
-0.7625243626
-0.7041340092
-0.7767771365
-0.7106340542
-0.6405626133
-0.7666355228
-0.7662451263
-0.7954682643
-0.6935189697
-0.7879083757
-0.7780606335
-0.7113304343
-0.8883058531
-0.6548968675
-0.7620186623
-0.7735295254
-0.6242486396
-0.8715182503
-0.6831043818
-0.6978703767
-0.6881601961
-0.6866871692
-0.5854777376
-0.8660916267
-0.7286160587
-0.7429133654
-0.9117933129
-0.7726897969
-0.7486022304
-0.6554179883
-0.7857066568
-0.8039382011
-0.7921334914
-0.6639634433
-0.6557957564
-0.8064766118
-0.7855862340
-0.8443912846
-0.6536284584
-0.7773956147
-0.6245137887
-0.7649515412
-0.6159277263
-0.7296478039
-0.6114688496
-0.7315748866
-0.8860028816
-0.6283867610
-0.4943439143
-0.6604153463
-0.8451273185
-0.7760851404
-0.6873913845
-0.7489663236
-0.5648556125
-0.7773770712
-0.7213486616
-0.6178249740
-0.7431826206
-0.7323400139
-0.7532584640
-0.6459729883
-0.5440384903
-0.6234358145
-0.6023605727
-0.5888693515
-0.6277967290
-0.7047709607
-0.7240505194
-0.6050728972
-0.6159548507
-0.6445518434
-0.6415600209
-0.5784223292
-0.5690165045
-0.6809632415
-0.6998567049
-0.5794142784
-0.7113377634
-0.6194548518
-0.6319308075
-0.6552702866
-0.5489677373
-0.5873380811
-0.8296579334
-0.4979890882
-0.6633357831
-0.5967946692
-0.6037637971
-0.5160701487
-0.5986982042
-0.6287584689
-0.7451141164
-0.7386683104
-0.6647846810
-0.7432024591
-0.6196120302
-0.5648985782
-0.5496599861
-0.7073910997
-0.5467931999
-0.6105525136
-0.5414375416
-0.6388954722
-0.6094314658
-0.5596632151
-0.5963442428
-0.5357767953
-0.5799100749
-0.4670525723
-0.4693228284
-0.6015526386
-0.5676864651
-0.6215854457
-0.4430698398
-0.5702269075
-0.6295756302
-0.6411356749
-0.5618565102
-0.4341092100
-0.5645854367
-0.5544082024
-0.5699292686
-0.5202341466
-0.5861538453
-0.5985492020
-0.5092267119
-0.7303704803
-0.4971961268
-0.5254547471
-0.4207657705
-0.6322108487
-0.4678022996
-0.6131607722
-0.4600625813
-0.5563903134
-0.4985458986
-0.7328266955
-0.6588451329
-0.6411766147
-0.4881722206
-0.6341512041
-0.5638748564
-0.5537122817
-0.3679663474
-0.4881181144
-0.4231811963
-0.4777626168
-0.4535026718
-0.4555368689
-0.4634953491
-0.4812176295
-0.4037583369
-0.4923555431
-0.5781474891
-0.4551455511
-0.4266183662
-0.4640896514
-0.4716869142
-0.5104221438
-0.3268152518
-0.5180664206
-0.4583621051
-0.4717373220
-0.4992673134
-0.4615519961
-0.5313324070
-0.5111024167
-0.3326170997
-0.4063778108
-0.4819955276
-0.5697034694
-0.4895066601
-0.4860317567
-0.3580190086
-0.3123401004
-0.6065394673
-0.4065402007
-0.4159109132
-0.4608737708
-0.4060556069
-0.4061513100
-0.3792611582
-0.3703959304
-0.4141218163
-0.4673746697
-0.4842568380
-0.3328137276
-0.4451938123
-0.4177727373
-0.2902875089
-0.3504406827
-0.5098980394
-0.5303621005
-0.3608274542
-0.2926210949
-0.4004390593
-0.4662445661
-0.3900374211
-0.3536700256
-0.4219170353
-0.5660779045
-0.4006470717
-0.5869185877
-0.4412444943
-0.3140950864
-0.3524387386
-0.3909088879
-0.4792283729
-0.4952290414
-0.3145627451
-0.4368221739
-0.2400676679
-0.4311877001
-0.3526766829
-0.4156352469
-0.3736446792
-0.3497068663
-0.3103509564
-0.4119120935
-0.4403932540
-0.2058261707
-0.4360295165
-0.4108622526
-0.3929895061
-0.4483434294
-0.2377663836
-0.3182743332
-0.2016481661
-0.2958830408
-0.2571508506
-0.3315167114
-0.3381732932
-0.2960935523
-0.2063380010
-0.3024265542
-0.3112301615
-0.2814844823
-0.2614491201
-0.2344337791
-0.2613761059
-0.4437969445
-0.2703458424
-0.3409767070
-0.2487789210
-0.4004531696
-0.2459040080
-0.3679501863
-0.2766315371
-0.3753699963
-0.3516946876
-0.3012494059
-0.3847834305
-0.2940762131
-0.2473719722
-0.3030100152
-0.2416040114
-0.3620259056
-0.2098585376
-0.4106576640
-0.2252471732
-0.2324158729
-0.2301455693
-0.1884619657
-0.3923759784
-0.2833748589
-0.0683722304
-0.3695095692
-0.1871846690
-0.2694146532
-0.1120093884
-0.2920245802
-0.2208070137
-0.2215361049
-0.3015959788
-0.2556879884
-0.1271811688
-0.2766358577
-0.1413842450
-0.1520426642
-0.1741975698
-0.0966990391
-0.2430756704
-0.2253182688
-0.2419989778
-0.0676810216
-0.2861257971
-0.3025096986
-0.1124345049
-0.2484286147
-0.2790824620
-0.2563515951
-0.2401162782
-0.1714819414
-0.2852023970
-0.2436007888
-0.3067655182
-0.1813094877
-0.2921853789
-0.1939202712
-0.1985493356
-0.3371329909
-0.0739425808
-0.2067638050
-0.0768855697
-0.2428333815
-0.3705566146
-0.1644502914
-0.0394192183
-0.2178467924
-0.0985094337
-0.2190954619
-0.1076502946
-0.1949581859
-0.2746106829
-0.0288942689
-0.2075970226
-0.2712127737
-0.2688942478
-0.1840888600
-0.0962570496
-0.2964926623
-0.0729401322
-0.2558142833
-0.1716151382
-0.1679696107
-0.2093495649
-0.0044752547
-0.2284693724
-0.2871154325
-0.1709498324
0.0110949968
-0.0121915477
-0.0723660122
-0.1627770611
-0.0642657485
-0.1265052300
-0.0792111323
-0.0659429730
-0.1630729528
-0.2120532858
-0.2020513589
-0.1868835742
-0.1100801756
-0.1605452165
-0.0922177531
0.0053995487
-0.1931368108
-0.1717305143
-0.1601128892
-0.0284953672
-0.1181829765
-0.0620405347
0.0447654969
0.1329963521
-0.0039808486
-0.0495961185
-0.0921236919
-0.0362541494
-0.1363762258
-0.2541425202
-0.0409628146
-0.0669682501
-0.0155238061
-0.0355413768
0.0818886118
0.0047253752
-0.0019601471
0.0650602896
0.0170728277
-0.1402277018
-0.0503001503
-0.0177456932
0.0029330543
-0.0668801166
0.0363891708
-0.0435270262
-0.1538662155
-0.0603547887
-0.0837615084
-0.0751449566
0.0638183430
-0.1633734003
0.0731198330
0.1216928345
-0.1094242649
0.0769528058
0.0361254503
0.0734572282
0.1139316727
-0.0296668118
0.0890038503
0.0669253261
0.0080529120
-0.0324340431
-0.0159419613
0.0181926887
0.0664342981
0.0017965021
0.0539667091
-0.1981983845
0.0337574953
0.1343929182
-0.0010582714
0.1475522798
0.1123095411
-0.1356374653
0.0454489029
0.1302611061
0.1669056260
0.0406563460
0.0032924920
0.1055219676
0.2175682120
-0.1100287692
-0.0014434575
0.0342709968
0.0253533699
0.1702993656
-0.0163740754
0.0663141164
-0.1226162998
0.2006888074
-0.0006238208
0.0266519693
-0.0033132239
-0.0029860054
0.0738528874
0.0489407659
0.1396813714
0.1394291624
0.1712002416
-0.0221193818
0.0392032296
0.0932126789
0.0145352504
0.0971520285
0.0792852574
0.0605528982
0.1114925016
0.0833816846
0.1471305847
-0.0178229959
0.0189430289
0.1886764908
0.0474914683
0.0790329646
0.1152492789
0.2644273895
0.0952648549
0.1762039745
0.0592763106
0.0857292203
0.1089998565
0.1513603803
0.1960753545
0.1479202987
0.1507484200
0.0996421304
0.2970941554
0.1370781132
-0.0016990772
0.1368911902
0.1472031651
0.0852854191
0.1780982546
0.1293425935
0.1540514608
0.0759590977
0.0770229687
0.1514098613
0.2876321586
0.0908979784
0.1152076824
0.1927907153
0.1301380785
0.2154322806
0.1160134045
0.1405893935
0.1973838440
0.0465339186
0.1373406588
0.1232071631
0.1151941942
0.1569921065
-0.0589710046
0.2472422379
0.2614124951
0.0937159383
0.2523069143
0.1205785253
0.1008309219
0.1289560451
0.3391022881
0.2058221037
0.2435568559
0.2930012732
0.2283670543
0.1739409197
0.2572078459
0.0099716403
0.2989596730
0.2091540829
0.2154293380
0.2751377282
0.3540774545
0.2714522646
0.2279288331
0.1392223739
0.2020270482
0.0805721990
0.2556578384
0.2073870222
0.3008716056
0.3249074053
0.3685181047
0.1231609505
0.1069615515
0.3079704569
0.2856372289
0.3543439628
0.1733033186
0.1626747960
0.3072863586
0.1701616901
0.2549262068
0.2796228177
0.2399272663
0.2084562134
0.3032672519
0.3388442465
0.3305732938
0.3567752533
0.2093737584
0.3084327284
0.1935820044
0.1800834501
0.1574497083
0.3490638451
0.0844684478
0.4155507519
0.1758494589
0.2818620468
0.4415121833
0.2378724126
0.4125660174
0.3827037642
0.3928813539
0.2478874714
0.1049357147
0.2811828583
0.1635980502
0.2537516102
0.2329475478
0.3085193008
0.2955122934
0.2660191895
0.3960510558
0.3952117234
0.3905673804
0.2761247501
0.5200169578
0.3058007851
0.4711020507
0.3635471270
0.2663499360
0.3864249815
0.3544605576
0.2977900177
0.4204632889
0.1968166740
0.2547471055
0.3902816186
0.4487331609
0.3122672712
0.4125735835
0.3568761931
0.2576965918
0.3189988702
0.4449147036
0.2890481534
0.3218484802
0.3793177864
0.4899056162
0.2603335292
0.1621864985
0.4102993402
0.4021759711
0.4547608697
0.2589396988
0.2923835577
0.3669210240
0.4314927275
0.3741510831
0.2794465148
0.4431792982
0.3229594573
0.3241628369
0.4215891723
0.4658555479
0.3803913130
0.3784946983
0.4169923548
0.2629115129
0.4559209566
0.4785771724
0.4565090393
0.4038697001
0.4026258374
0.4245701392
0.4919349902
0.4110413788
0.4175206538
0.5353739124
0.4530026544
0.3951629597
0.4765892294
0.4388259028
0.4156139764
0.5239346557
0.3837274874
0.4944981845
0.4740119644
0.3479760369
0.4583145151
0.4300718930
0.5116979239
0.4497979937
0.4528438728
0.4263292451
0.4397631984
0.4424080152
0.4710432691
0.4360188809
0.4861156261
0.3638672140
0.5236389445
0.4897702109
0.3309614916
0.3779574801
0.4329970630
0.4159037606
0.4166927992
0.5038106400
0.3526268170
0.4387201705
0.3827173966
0.4944354351
0.4842087313
0.5558201871
0.5994158763
0.4291914841
0.5348667925
0.6051092026
0.3938045159
0.4802437916
0.5516980336
0.6544821999
0.4233414712
0.6276821159
0.5925253900
0.4924231848
0.5427829843
0.5803196358
0.4565659796
0.4225155392
0.5499603028
0.4824671559
0.5410276672
0.4955228877
0.4901515733
0.6509811761
0.5179761663
0.5594443454
0.4241185864
0.5639825527
0.5018655919
0.5720408899
0.5345668111
0.6353333587
0.5481077948
0.5746277140
0.4430540627
0.6479844693
0.5314441003
0.4909929963
0.4731809464
0.7287643536
0.4608512486
0.5874960696
0.6181193145
0.6792646166
0.7401762563
0.5394515064
0.4668794235
0.6053895840
0.5407586761
0.6063648570
0.6081510321
0.5663174752
0.7913140181
0.6718567571
0.5698242357
0.6084044547
0.5611535120
0.6813485387
0.6039877781
0.7195390556
0.7864644256
0.5911981020
0.5810884330
0.5886462025
0.7420812294
0.7862601399
0.5950658227
0.6133532791
0.6550231853
0.5932002223
0.7698141508
0.6114169130
0.6550733274
0.6228161730
0.7822101124
0.7063106904
0.6653796060
0.6013652992
0.6347622818
0.8047196544
0.7248931865
0.6481787987
0.6672850381
0.5289547536
0.7257114350
0.6195406626
0.6310308654
0.7696746588
0.6104694681
0.6849348137
0.7042174577
0.7261713279
0.6770762256
0.8415304134
0.6373977925
0.6948680168
0.7106598089
0.5656400671
0.7908215836
0.7658322278
0.6253998005
0.6555855935
0.6238215616
0.6567581627
0.6329378195
0.6570682727
0.8079452751
0.7326392511
0.7100267244
0.7757379984
0.7502189420
0.7548792827
0.7573838540
0.7923378398
0.6774881109
0.7564830614
0.5999031026
0.8206999335
0.6864441074
0.6187059101
0.7601955781
0.6808283801
0.8559521152
0.7883470153
0.8310880269
0.7133037178
0.6994630006
1.0115814349
0.6822073352
0.8417042960
0.7633821623
0.8210969021
0.7274554221
0.7297302303
0.7506615397
0.8546565825
0.6339530914
0.6725375764
0.8345476393
0.8751271526
0.8427495605
0.6935328799
0.8385919345
0.7877444243
0.8621429577
0.7025793218
0.8551384650
0.8051604307
0.8854645003
0.8842952145
0.8003750005
0.8016461728
0.8493195002
0.6961091837
0.8135378142
0.8878886836
0.8018361445
0.7987277857
0.8188237689
0.7982942875
0.6581079534
0.7499536624
0.7851615474
0.9104099530
0.8060458863
0.7955725192
0.8582399897
0.8180449314
0.8399900250
0.8007920049
0.7157255384
0.7707262583
0.7223071937
0.8645843355
0.8516117354
0.7916861189
0.9556099605
0.7453605566
0.8500760023
0.7410902768
0.8534130915
0.8579301026
0.8796166256
0.7885591900
0.9506328024
0.8449540123
0.9673517988
0.9415791692
0.8209614648
0.8605208334
0.9251550945
1.0798877650
0.9254922115
0.8656315111
0.8500329241
0.9852506103
0.7960875011
0.8193919883
0.9516580167
0.9707752802
0.9554549545
0.9614494123
0.8236920378
0.9882931451
0.8751784857
0.7854640288
0.8225215787
0.9436091503
0.9740608687
0.8158344564
1.0376099685
0.7407134644
0.8576463182
1.0723857456
0.9917608192
1.0592146401
0.9913514947
1.0194237819
0.8564775034
0.9716141793
0.9066105593
1.2032371079
0.8737219621
0.8396554645
1.1095259918
1.0002369626
0.9856362605
0.9902515333
1.0536113883
0.9497226771
1.0048526716
1.0420417023
0.9532356791
0.8283908838
0.9780691862
0.8465372857
0.8979275557
0.9853684463
1.1002740974
1.0043736389
1.0098735270
1.0279903533
0.9948842561
0.8963951009
0.9265734455
0.9527398865
1.0005672837
1.0036138065
1.0847066700
0.9786780598
