-1.1670659551
-1.0606621525
-0.9830962913
-1.0050780809
-0.9987350696
-1.0729966896
-1.0975061374
-0.8827199521
-1.0665188617
-1.0042257636
-0.9342066565
-0.7981992255
-0.9193656068
-1.0355992931
-1.0408257048
-0.9082590584
-0.9204840357
-0.8729047047
-1.0319746219
-0.9734051614
-0.9237107097
-0.9126137854
-1.0450474295
-0.8003071354
-0.9336724340
-0.8317353117
-1.0012492141
-0.9806410349
-0.9465817670
-0.9627215087
-0.9443592940
-0.8535139443
-0.9436756225
-1.1203169169
-0.7875361084
-0.8677139794
-0.9290277151
-1.1026645103
-0.8575399918
-0.8934920469
-0.6823941195
-0.8114783703
-0.8998787657
-0.9567134212
-0.7700041494
-0.8665976043
-0.9096106049
-0.8706521819
-0.9951784764
-0.9291529142
-0.9239208830
-1.0842544387
-0.8771126722
-0.8215575829
-0.8864480427
-0.7838967780
-0.9234990618
-0.9771477449
-0.8542896281
-0.9058549654
-0.8984306190
-0.8758467132
-1.0581072060
-0.9646722552
-0.8493921908
-0.8016989046
-0.7642044642
-0.7461031455
-0.8774679527
-0.9362999545
-0.8271259687
-0.9414572144
-0.8100934146
-0.9564995162
-0.9093007440
-0.8978231345
-0.7156179279
-0.7730824243
-0.8914269040
-0.9620810012
-0.7827205414
-0.9551875337
-1.0592927365
-0.9008093645
-0.8745329239
-0.8015512794
-0.6881936805
-0.9180414981
-0.8702145887
-0.7601095330
-0.8258201378
-0.8816630075
-0.7594977588
-0.8252062896
-0.7507281269
-0.7442701357
-0.8154146510
-0.8448959940
-0.6707077471
-0.8393993680
-0.6812137482
-0.7705233445
-0.7207159376
-0.7289826442
-0.7457328237
-0.9132426192
-0.7759699205
-0.7217051463
-0.7883406046
-0.7488457978
-0.8994565815
-0.6616396063
-0.7903878159
-0.7608117539
-0.6473858341
-0.8061561103
-0.7467143259
-0.6271586020
-0.8570290143
-0.7920919556
-0.7431609750
-0.8060347172
-0.9415422246
-0.7377730466
-0.8458685550
-0.7934290509
-0.6526831296
-0.7067611131
-0.8405469165
-0.7712197384
-0.8428739685
-0.8481437569
-0.7326001344
-0.7319097428
-0.6337278460
-0.6849535862
-0.7071005753
-0.8131170087
-0.5803105950
-0.7188267637
-0.7321162284
-0.7286118097
-0.7161297890
-0.7276829196
-0.6836932990
-0.8583102436
-0.5114947637
-0.6371185399
-0.7113500842
-0.8015113771
-0.7121581070
-0.6147853156
-0.6375649230
-0.6106787906
-0.6102944752
-0.5747301816
-0.6453165207
-0.7916076475
-0.5757494051
-0.7853905422
-0.6260032404
-0.8355166173
-0.7542941953
-0.8674351857
-0.7895156995
-0.5794072366
-0.7002307737
-0.7414927665
-0.6555902272
-0.6593170001
-0.7097533186
-0.5868831270
-0.5091415736
-0.5671539422
-0.6446485265
-0.6088115355
-0.6373435661
-0.8213538555
-0.5443382229
-0.5488736900
-0.7360556385
-0.6949418489
-0.6901943004
-0.5097187512
-0.5973835462
-0.6273831395
-0.6169281683
-0.5612742516
-0.7118573275
-0.6593017632
-0.5655089970
-0.6203296517
-0.6526657347
-0.6491155752
-0.5977073390
-0.6831302145
-0.6307168785
-0.7182262768
-0.7134021333
-0.6643504393
-0.6681829838
-0.6797850538
-0.7165735513
-0.4925472235
-0.3747494499
-0.5505264566
-0.6171225806
-0.6009604985
-0.5386783136
-0.6696020654
-0.5365742298
-0.4907043390
-0.5757930341
-0.6090518377
-0.6604553407
-0.3974530236
-0.5611685985
-0.4138203302
-0.6613938316
-0.5366917133
-0.4780648669
-0.6331301893
-0.4780261995
-0.5972170649
-0.5312081455
-0.5714013660
-0.5896646244
-0.4613703732
-0.5776307815
-0.5403197649
-0.5825228719
-0.3643935366
-0.6800047663
-0.6133374380
-0.6107180866
-0.6042697609
-0.3824901636
-0.4583237099
-0.5987921131
-0.6008271359
-0.5093668814
-0.5262111649
-0.6261863041
-0.5524624809
-0.4981060522
-0.5155652383
-0.5247075227
-0.4646180876
-0.5167878323
-0.5267279381
-0.6299967952
-0.5349630184
-0.5029367365
-0.5624158643
-0.5137420158
-0.5497563618
-0.6434549227
-0.4253133576
-0.5913236596
-0.4589000974
-0.3821453308
-0.4884743011
-0.5853857848
-0.5210008612
-0.4245906706
-0.6083970594
-0.5011744245
-0.5539021831
-0.4906138713
-0.4873196401
-0.5029215813
-0.4569742394
-0.4361179986
-0.4039766055
-0.5626363500
-0.3966638923
-0.4057713232
-0.4214593965
-0.4867271013
-0.2817948697
-0.5613153422
-0.5093878178
-0.3816307454
-0.3632753448
-0.3476819799
-0.6259727434
-0.4288753428
-0.5524218511
-0.5095009252
-0.4172849387
-0.4343752021
-0.4274781445
-0.3441645832
-0.4703341923
-0.3995460970
-0.5444867306
-0.3930492124
-0.2990645388
-0.4013674135
-0.3734182324
-0.4090101664
-0.4270225751
-0.3837406104
-0.3091677567
-0.4433927064
-0.4561326051
-0.4106756872
-0.3759043078
-0.5125051608
-0.2851597963
-0.4646240124
-0.3834405086
-0.4880301835
-0.4750577568
-0.3816047259
-0.3157642056
-0.3812783775
-0.2038263095
-0.4255913409
-0.4086024176
-0.2537807447
-0.3089073365
-0.3266709511
-0.2902371847
-0.3910679494
-0.2796919439
-0.5379900634
-0.4153904427
-0.3570991772
-0.1961829107
-0.2313912608
-0.3189710660
-0.2993604767
-0.4152871260
-0.4657938635
-0.1542266225
-0.2434844367
-0.3905489773
-0.2645012285
-0.3340903952
-0.3790154199
-0.4187117759
-0.4046986313
-0.2833453621
-0.2995855247
-0.3113137607
-0.4518136576
-0.3774203758
-0.3929882803
-0.1206838595
-0.2316291923
-0.3318743737
-0.1870486174
-0.4058518992
-0.2454574406
-0.3191688595
-0.4038685885
-0.1497267225
-0.2755620342
-0.3047976930
-0.3578660695
-0.2843036974
-0.3370813311
-0.3712824103
-0.3079059154
-0.4051510880
-0.2155765625
-0.3716740540
-0.3488547035
-0.3988938449
-0.2464034015
-0.3460734470
-0.2618516039
-0.2199616961
-0.2781913484
-0.2045627537
-0.2446789587
-0.2377983684
-0.2448385594
-0.2649653393
-0.2855970025
-0.1643208009
-0.2017297714
-0.2332170529
-0.2150436407
-0.0751253117
-0.2582267600
-0.3219811024
-0.2649755661
-0.2284831692
-0.2995645488
-0.2346696690
-0.1491042135
-0.1055465660
-0.4062585772
-0.2029048482
-0.2226704381
-0.0789497663
-0.0523897123
-0.1505004946
-0.3147741380
-0.3404349448
-0.1849108461
-0.3366541473
-0.1806559565
-0.2107034031
-0.1472063396
-0.2420113173
-0.0900028581
-0.1487972634
-0.2029457508
-0.0571187140
-0.1359896390
-0.1771542385
-0.1573858794
-0.2212609036
-0.2098438673
-0.0984724867
-0.1367580021
-0.2487058828
-0.2214856827
-0.1649320658
-0.2152492822
-0.2162922020
-0.1341932801
-0.1974971877
0.0171055771
-0.2850263836
-0.0548154965
-0.1857472025
-0.1925273711
0.0342670236
-0.0412943700
-0.0700473500
-0.0392097719
-0.1077813787
-0.1380706170
-0.1879805380
-0.2392460117
-0.0503267746
-0.1308395709
-0.1787669780
-0.0667039637
-0.1113581950
-0.0958965341
-0.1725007400
-0.0473098533
0.0233446907
-0.1625182150
-0.0876092339
-0.1446351519
-0.0051080299
-0.0715663926
-0.0423768290
-0.0315008117
-0.0533460438
-0.0650248747
-0.0630820299
-0.0392185856
-0.0438472327
-0.0333035174
-0.0012493939
0.0000022386
-0.0381665494
-0.0189403020
0.0592969508
-0.1132433821
-0.1220217666
-0.1241377460
-0.1584098204
-0.0434112450
-0.0279665122
-0.0021231418
-0.1381554745
0.1346704519
0.0094289653
0.0225945824
-0.1013900674
-0.0663570243
-0.2212287392
-0.0509509385
0.1346304246
-0.0166264718
0.0413263444
-0.1339440187
-0.0910614250
-0.0360099106
0.0091138372
-0.1474154370
-0.0613081347
-0.0567518281
-0.0081283003
-0.0567746848
0.0309272011
0.0437305210
-0.0049834422
0.1120623922
-0.0545668535
-0.0978874117
-0.1015109239
0.0941736617
0.0211796910
-0.0595188378
-0.0118399643
-0.0616925615
0.0613647067
-0.0045755855
-0.0162629461
0.0659046390
-0.0648492662
0.0369778891
-0.0408192042
0.0522143346
0.1357571769
-0.1111509236
0.1229579182
0.0357480829
-0.0088567145
0.0267724996
0.2209851706
0.0960006689
0.0251778330
0.1226437957
0.1031520267
0.0637044071
0.2022318752
0.1126416480
-0.0489943025
0.1451568235
0.1999894321
-0.0386008722
0.0401064860
0.1647818931
0.0689278345
0.2387143823
0.1319525818
-0.0096942468
0.0032924941
0.0000607544
0.0387665249
-0.1383724633
0.0913907294
0.0306462614
-0.0020960442
-0.0103408084
-0.0146570832
0.2667356472
-0.0500147232
0.1524876233
-0.1199857345
-0.0913883748
0.0213145022
0.0894432691
0.1188796325
-0.0256061135
0.0881145559
0.1978143710
0.2081957173
0.1427876181
0.1369387675
0.0960084154
0.1487558867
0.1265956151
0.0761174876
0.2019534299
0.1532486657
0.1279651943
0.2939852350
0.1592815851
0.1878414270
0.1335444930
0.0347667493
0.3401991039
0.0984827546
0.1337038606
0.1976582077
0.1071752324
0.1834211844
0.2150653469
0.1780927416
0.2081911431
0.0735910741
0.2098691399
0.2275369643
0.0325777596
0.0457193673
0.1705553025
0.1799477362
0.1035677990
0.2250129206
0.1439134339
0.1526456299
0.2025522671
0.2201640456
0.2625776236
0.1103639380
0.2784704129
0.0999682445
0.4158621192
0.1335622023
0.2793902861
0.2655261816
0.1878440989
0.2633564737
0.2574375425
0.1232395285
0.4114610609
0.3227814131
0.2028343228
0.3051130736
0.1976635534
0.2551331654
0.1795466465
0.2446840759
0.2850881992
0.3185335489
0.0429750763
0.2020710889
0.2230904070
0.2074238326
0.2224971139
0.2584806193
0.2273700304
0.2256317677
0.3152714523
0.4321198109
0.2390042395
0.2059985397
0.1319829754
0.2836367327
0.3372941629
0.2258260850
0.2100438911
0.2263950915
0.3474768319
0.3461485122
0.3582912112
0.4725343905
0.2430891474
0.3543234671
0.2782338747
0.4136451887
0.4313680092
0.2876459275
0.2540127818
0.3401258735
0.1415547826
0.2937545441
0.3510426022
0.3863725914
0.3041422180
0.1446511031
0.3046340271
0.2667872720
0.3062675488
0.1418123721
0.2734988504
0.2225595072
0.2593182057
0.1386336607
0.2525042358
0.2419679761
0.2529025576
0.4281630091
0.2514234322
0.3808312813
0.4241246916
0.2884994736
0.4046813062
0.3292359284
0.4504501904
0.3096584474
0.3653437385
0.3234584086
0.3116564243
0.3669745044
0.3199165036
0.4032710255
0.2860362734
0.4337482628
0.3376433774
0.2854931016
0.4236213784
0.3581389665
0.5628497875
0.4748030258
0.3247793460
0.2907420827
0.3481852706
0.4275671608
0.3406820370
0.3814708723
0.3618930931
0.4554076898
0.4126796341
0.2299506613
0.1878548880
0.3777133057
0.5510846918
0.4208641042
0.4818943366
0.3371292061
0.3561191147
0.4768658850
0.3539720916
0.3678304938
0.2200770916
0.3913080694
0.3839537440
0.4252649308
0.4441209267
0.3708377508
0.5536395223
0.4690342325
0.4672305399
0.3925483551
0.4864506028
0.2725959439
0.4797549260
0.4388290899
0.4651938850
0.5060729383
0.4516030537
0.4809191677
0.3981415126
0.3298505715
0.4199888756
0.4471320555
0.3498702914
0.4998574414
0.4348404524
0.6247729065
0.4005296930
0.5253441991
0.4274251835
0.4541954696
0.4101342821
0.4600920722
0.5057980913
0.4189569147
0.5650561756
0.2875585233
0.4699295759
0.4576019744
0.4840266872
0.4700230527
0.4334705225
0.4947738772
0.4706679345
0.4589631438
0.4531787869
0.5106400092
0.4317155694
0.4611021118
0.5017821058
0.3948423796
0.4058447115
0.4749874133
0.3758503587
0.6043116927
0.4333725836
0.5961772430
0.5313314248
0.5074686253
0.5488139139
0.4957581438
0.3980828402
0.6550633527
0.4006210340
0.4777777953
0.5025191920
0.5186394220
0.5326190479
0.5250833314
0.6361525031
0.4789628134
0.5042814274
0.6098233069
0.4454896270
0.5838534979
0.6032186395
0.6296978844
0.5220636697
0.3841056836
0.7048612672
0.5764690616
0.5872958644
0.6284235010
0.5445283168
0.6422800283
0.5210949252
0.6520420739
0.6020434651
0.5751521377
0.6829457352
0.4755670294
0.5386943151
0.4999707059
0.5123760127
0.7100709512
0.6024235810
0.6197823412
0.5916588653
0.6879963274
0.6483733479
0.5607815462
0.5890719434
0.6588866537
0.6093514498
0.5951219652
0.6578452123
0.7783123752
0.4498479084
0.5939999186
0.6804075932
0.7544814633
0.5392327210
0.7060575862
0.5932896500
0.5996606568
0.5694810540
0.6432219260
0.6071239688
0.7544690849
0.8721301249
0.5579372290
0.6265071468
0.5158070359
0.6903359009
0.7683196816
0.7220083681
0.6165273785
0.6687544155
0.6739393861
0.5961917029
0.7512945854
0.6941155151
0.6778988474
0.8025284847
0.7612747065
0.6453045008
0.7050044476
0.7607028281
0.7090049456
0.7413638927
0.6032471988
0.5885583549
0.6884535754
0.6760080868
0.8332196744
0.7440236110
0.8240580665
0.6870496160
0.7180438138
0.6047860570
0.5328691760
0.6780808701
0.7372244158
0.8361125209
0.7591195083
0.5045021408
0.6663587163
0.8297219507
0.7153384402
0.8131054139
0.7467566663
0.7488816381
0.8869912201
0.6532898695
0.6830504593
0.8276352819
0.6943747883
0.7541746768
0.7084775003
0.7511097884
0.6087007164
0.8105322439
0.6942514213
0.5864541949
0.6569929414
0.7107405199
0.7956910978
0.7032991440
0.7379434002
0.7209976008
0.7898827161
0.8840949205
0.7086450464
0.7902692636
0.8346438720
0.7070196290
0.7865750357
0.7737147050
0.8093545199
0.8657057909
0.8182258406
0.6809067100
0.7380092636
0.7459961414
0.6805104068
0.8049650594
0.7302727573
0.8295719580
0.8453940081
0.8152846717
0.8199269700
0.9471406445
0.8134055969
0.9789626791
0.8571953199
0.6445814462
0.7966178085
0.7774941650
0.8503164069
0.7902317473
0.8092695371
0.8422148142
0.8727900744
0.6962281834
0.8118548090
0.9666967820
0.8530458805
0.9512828516
0.8377394974
0.9157377059
0.9494493611
0.6997633639
0.7777642469
0.8332167859
0.9424502017
0.8707488134
0.9555247752
0.9495734134
0.8272698583
0.7932934226
0.7579543142
0.8411939990
1.0551791990
0.9953599518
0.9881109375
0.8428993245
0.8425638463
0.9647964249
0.9703566088
0.8299258100
0.9069640078
0.8483153975
0.8831800078
0.8614513509
0.8215482413
1.0141337718
0.8458581498
1.2088762280
0.9944807745
0.8287405770
0.9427409300
1.0620126709
1.0279324358
0.9256665966
0.9104814715
0.8693360514
0.9669417505
0.8652608700
0.8785632421
0.9826248875
0.8264163608
0.9134389002
0.7779980411
0.9701966158
0.9456216465
1.0966094458
0.9846660370
0.8873157808
0.9218880766
0.7978332188
0.9250081864
1.0895117397
0.9209506441
1.1096969219
1.0544346270
1.0640621384
1.0624664064
1.0033621746
0.9428016775
1.0017218075
1.0002444153
1.0529821549
0.9060542436
1.1217083840
0.9672187396
1.0176160776
1.0583836890
1.1535966545
1.0415062831
0.9513165291
1.0536877420
0.8833767539
1.0338573992
1.1206228046
1.0883458049
