-1.1295110900
-1.0966018783
-1.0206798710
-0.9915630874
-0.9731775069
-1.1053925720
-1.0770700487
-0.9119547607
-1.0382800806
-1.0112252738
-0.9247038876
-0.8022017879
-0.9094716767
-1.0216203063
-1.0578612976
-0.9056250731
-0.9199716533
-0.8650180907
-1.0307338918
-0.9668574808
-0.8970577346
-0.9218512708
-1.0221250453
-0.7914900883
-0.9359622681
-0.8569345835
-1.0096935387
-0.9983953471
-0.9679170966
-0.9792343845
-0.9498223567
-0.8348640102
-0.9454250264
-1.1095711215
-0.8042096226
-0.8546126982
-0.9434622618
-1.0941315392
-0.8708509884
-0.9101123438
-0.6868002091
-0.8568928640
-0.9050438571
-0.9748618842
-0.7710117962
-0.8469746903
-0.8979186353
-0.8803019664
-1.0091589736
-0.9228540348
-0.8961914496
-1.0778246362
-0.8828411853
-0.8141351396
-0.8731813074
-0.7985810299
-0.9063538862
-0.9944207389
-0.8537873230
-0.8923956883
-0.9347063654
-0.8560005359
-1.0600136266
-0.9636931521
-0.8431514617
-0.8120781651
-0.7763762480
-0.7495737578
-0.8781102221
-0.9365785048
-0.8293455688
-0.9098922243
-0.7909585134
-0.9572576728
-0.8902168713
-0.9037337161
-0.7300665763
-0.8084876175
-0.8827054739
-0.9658901574
-0.7723629822
-0.9458155337
-1.0357699890
-0.8927340209
-0.8708168158
-0.7991670713
-0.6910719471
-0.8994381140
-0.8721692968
-0.7582845759
-0.8083277002
-0.8613701965
-0.7647345592
-0.8037754953
-0.7548505298
-0.7457853636
-0.8178079742
-0.8358469002
-0.6767398920
-0.8496656010
-0.7167699918
-0.7611202009
-0.7281571836
-0.7347600533
-0.7405469182
-0.9145130185
-0.7788241782
-0.7232847672
-0.7853883790
-0.7547190442
-0.9203702033
-0.6729396328
-0.7652546580
-0.7429161100
-0.6759069102
-0.8202299502
-0.7335069033
-0.6184376798
-0.8563849783
-0.7885115801
-0.7326956112
-0.8081134606
-0.9222246039
-0.7245164842
-0.8420237072
-0.8216892741
-0.6517514902
-0.7080399387
-0.8185958816
-0.7858736197
-0.8533459208
-0.8459428483
-0.7490749181
-0.7240523464
-0.6442930705
-0.6916926484
-0.6931043007
-0.7993663680
-0.5585404244
-0.7156841749
-0.7310855802
-0.7234475095
-0.7288059443
-0.7466111652
-0.6703467220
-0.8521928179
-0.5245012014
-0.6281327884
-0.7063553099
-0.8018176100
-0.7212075420
-0.6092947927
-0.6185291586
-0.6009678488
-0.6053056105
-0.5461414899
-0.6395349461
-0.7925708336
-0.5870076662
-0.7732090329
-0.6415153432
-0.8380832409
-0.7354274950
-0.8559080623
-0.7915311547
-0.6147025677
-0.6790649087
-0.7440790056
-0.6831129669
-0.6586226135
-0.6818915382
-0.5993190322
-0.4896220123
-0.5736470916
-0.6359331747
-0.6241639859
-0.6248180083
-0.8247514499
-0.5702507229
-0.5712308105
-0.7253029435
-0.7115457197
-0.6881682008
-0.4962365696
-0.6131857327
-0.6463172376
-0.6098669023
-0.5654802230
-0.7144177983
-0.6621123812
-0.5770537424
-0.6301171773
-0.6697997097
-0.6604917471
-0.6023509414
-0.6714404408
-0.6161320463
-0.6976251421
-0.6860171386
-0.6515735961
-0.6818063897
-0.6920420711
-0.6923569630
-0.4993464841
-0.3576290383
-0.5387210854
-0.6094388533
-0.6012007320
-0.5579584460
-0.6612648582
-0.5439441564
-0.4895701012
-0.5768960038
-0.6030881743
-0.6725991535
-0.3965850646
-0.5524894865
-0.4215726084
-0.6565676943
-0.5340490401
-0.5084054615
-0.6299636909
-0.4846431850
-0.5666429770
-0.5169593214
-0.5685624077
-0.5955655908
-0.4505275536
-0.5677872314
-0.5418305056
-0.5714209524
-0.3911668477
-0.6639665557
-0.6163676975
-0.6157596137
-0.5840431666
-0.3912324577
-0.4445232897
-0.5904351442
-0.6038394942
-0.5259949704
-0.5078595261
-0.6241664049
-0.5397911674
-0.5283976500
-0.5237827651
-0.5184879043
-0.4783064423
-0.4997601018
-0.5114809099
-0.6626942538
-0.5152173215
-0.5195698269
-0.5737704776
-0.5365266406
-0.5615930120
-0.6116296937
-0.4204858509
-0.6222545774
-0.4433930015
-0.3812910690
-0.5050145955
-0.5590802960
-0.5282462429
-0.4549613004
-0.6445161336
-0.5157260136
-0.5520138858
-0.4659087307
-0.4926748706
-0.4852422066
-0.4318424640
-0.4216823708
-0.4144456640
-0.5537786968
-0.3715234285
-0.3933131989
-0.4342268176
-0.5006108004
-0.2891418025
-0.5722473992
-0.4907519557
-0.3859905415
-0.3373732051
-0.3433130929
-0.6226181231
-0.4495305759
-0.5549179440
-0.5160706653
-0.4287231468
-0.4171413201
-0.4118686827
-0.3355142152
-0.4827928501
-0.3965379580
-0.5668209236
-0.4064141314
-0.2996866374
-0.3919385334
-0.3369304153
-0.4274743156
-0.4356651510
-0.3668464800
-0.3218801051
-0.4220965870
-0.4367247095
-0.3971305734
-0.3899423341
-0.5028959338
-0.2814637843
-0.4649412146
-0.3843931072
-0.4931665980
-0.4773944440
-0.4069926313
-0.2953420538
-0.3790708507
-0.2006736020
-0.4292972817
-0.4100518750
-0.2655516116
-0.3072874992
-0.3343369341
-0.3006261160
-0.3972904791
-0.2819013686
-0.5370513332
-0.4042286796
-0.3407094580
-0.1917724483
-0.2390151488
-0.3101987791
-0.3066348138
-0.4061063143
-0.4750098079
-0.1544802711
-0.2275117586
-0.3828773914
-0.2397284853
-0.3381918844
-0.3940958649
-0.4413928923
-0.4450015260
-0.2987377422
-0.2980718896
-0.3373211716
-0.4485075852
-0.3650230042
-0.3693058506
-0.1174940933
-0.2291126637
-0.3545782697
-0.2020835671
-0.4114270789
-0.2454486464
-0.3480749769
-0.3891438607
-0.1185008075
-0.2769707579
-0.3047315259
-0.3487541044
-0.2846629696
-0.3363475718
-0.3681256348
-0.2912579876
-0.3961015725
-0.2278504392
-0.3753781866
-0.3389308359
-0.4035817291
-0.2169731243
-0.3215191603
-0.2961715145
-0.2238609870
-0.3093967070
-0.1866878163
-0.2529102856
-0.2348534124
-0.2537972657
-0.2884545911
-0.2789088927
-0.1670891440
-0.2150968417
-0.2379080848
-0.2135478861
-0.0951518867
-0.2423063381
-0.3352519872
-0.2479433778
-0.2447811229
-0.2843533594
-0.2457388705
-0.1508556390
-0.1098357597
-0.4120767721
-0.2163275120
-0.2390952426
-0.0750166854
-0.0378411016
-0.1456498478
-0.3207163549
-0.3207214585
-0.2134131302
-0.3185847040
-0.2119786586
-0.2472238926
-0.1410269488
-0.2628090579
-0.0860668330
-0.1632244440
-0.2069733656
-0.0404527257
-0.1349045644
-0.1523530407
-0.1545078683
-0.2489708719
-0.2049447035
-0.0803044512
-0.1278163622
-0.2547670494
-0.2398958467
-0.1601942594
-0.2097242963
-0.2356394175
-0.1230413181
-0.2040194884
0.0051011518
-0.2831054698
-0.0603514293
-0.1849193126
-0.1889852949
0.0161309154
-0.0612919767
-0.0747931159
-0.0643298516
-0.0917274802
-0.1503727590
-0.1878698942
-0.2110889976
-0.0534965870
-0.1336174081
-0.1795748424
-0.0588319479
-0.1094498453
-0.0936713730
-0.1789457256
-0.0331615133
0.0099185905
-0.1575020336
-0.0600696905
-0.1403972583
-0.0036021704
-0.0588974065
-0.0453059487
-0.0390155316
-0.0258845294
-0.0712525507
-0.0765151135
-0.0432397590
-0.0288331121
-0.0449309105
-0.0199359925
-0.0035891924
-0.0455069753
-0.0182754419
0.0518203324
-0.0958472886
-0.1292598105
-0.1313872046
-0.1538225517
-0.0544569612
-0.0163144558
-0.0130201383
-0.1389625726
0.1351492318
-0.0096507140
0.0144871831
-0.0682847566
-0.0667710218
-0.2356391803
-0.0643215993
0.1235218311
-0.0190842653
0.0567007276
-0.1463476534
-0.0964183490
-0.0422199476
0.0184906971
-0.1201430723
-0.0528438754
-0.0511601869
-0.0126573019
-0.0222009370
0.0232293712
0.0289388459
-0.0347558980
0.0921808123
-0.0676603027
-0.1045161174
-0.0949814665
0.0825212719
-0.0067951150
-0.0525756616
-0.0171290255
-0.1027122336
0.0674486461
0.0078190697
-0.0190493979
0.0781839494
-0.0901903726
0.0153674022
-0.0085135653
0.0581896984
0.1450681308
-0.1213862348
0.1224644805
0.0499322607
0.0032034654
0.0273118132
0.2145968611
0.0705443921
0.0209537781
0.1427213539
0.0843917973
0.0575854097
0.1695295697
0.1098178276
-0.0619046836
0.1266283663
0.2212812634
-0.0398628160
0.0465919635
0.1778778184
0.0675483318
0.2334706711
0.1102893284
-0.0086791937
0.0100397589
-0.0038904966
0.0276880412
-0.1292239211
0.0873160568
0.0320547306
0.0338949899
0.0162505257
-0.0014656674
0.2749522400
-0.0327634550
0.1301537234
-0.1423051580
-0.1095481660
0.0369879646
0.1119214448
0.1185783753
-0.0124876731
0.0881137890
0.1921846427
0.1850643445
0.1555280170
0.1433833613
0.1109006314
0.1480953648
0.1219426963
0.0880996444
0.2048482856
0.1315507941
0.1310192617
0.2941452006
0.1699670922
0.2225268422
0.1456495542
0.0702919066
0.3442336414
0.0892943557
0.1261214851
0.1918071009
0.1036339489
0.1826415281
0.2303173485
0.1449541663
0.1874222356
0.0897242107
0.2280887651
0.1961271655
0.0493262095
0.0336887907
0.1588209280
0.1560972176
0.1111135035
0.2339343522
0.1564090072
0.1556345907
0.2055582941
0.2158779133
0.2587002382
0.1121634730
0.2726047348
0.1170494001
0.3982978433
0.1461076291
0.2903409493
0.2762164187
0.1882767639
0.2556012272
0.2548226621
0.1414153492
0.4325879711
0.3255424843
0.2110853409
0.3133283105
0.1741026477
0.2526791673
0.1708620255
0.2523012082
0.2898587380
0.3075795810
0.0205264078
0.2316213005
0.2291727013
0.1950456459
0.1962271761
0.2327915421
0.2374059837
0.2425309020
0.3007510250
0.4244148033
0.2432661984
0.2201017250
0.1450602420
0.3052378876
0.3644631981
0.2141885018
0.2126394023
0.2206909338
0.3256002245
0.3147603459
0.3877297041
0.4825251942
0.2225426873
0.3598235350
0.2881376789
0.4134166529
0.4037131151
0.2835904121
0.2470577161
0.3494070240
0.1244230566
0.3108294845
0.3110584877
0.3648009441
0.3167630809
0.1377190500
0.3189530195
0.2926768392
0.2919232421
0.1454334890
0.2767764200
0.2210711167
0.2749061596
0.1528083620
0.2440665032
0.2650398735
0.2460953334
0.4524710276
0.2448215560
0.3677341324
0.4552497968
0.3259765869
0.3895163974
0.3436963870
0.4707198395
0.3022864537
0.3694501082
0.3453180112
0.2971695104
0.4040239229
0.3303898342
0.4142927959
0.2504135100
0.4543138311
0.3266174127
0.2992696009
0.4562030749
0.3546283524
0.5522051618
0.4992434516
0.3254101686
0.2832921611
0.3278095070
0.4035412796
0.3514120767
0.3741042600
0.3620084820
0.4447196182
0.4199802304
0.2350739458
0.2065259054
0.3858941413
0.5428781026
0.4343604666
0.4744288875
0.3287358954
0.3734025286
0.4848690637
0.3487224883
0.3661576343
0.2157340495
0.4069657226
0.3691101037
0.4155051312
0.4601913165
0.3683130096
0.5224042887
0.4744544553
0.4450312388
0.3762955938
0.4954720172
0.2731368530
0.4749523625
0.4170470334
0.4637621847
0.5217911550
0.4277534203
0.4965753991
0.4135050949
0.3268151673
0.4108839325
0.4333027717
0.3795528302
0.5269114905
0.4163564571
0.6245798171
0.3998836947
0.5313176983
0.4085984941
0.4185117043
0.4333853687
0.4812672427
0.5009472695
0.4109092164
0.5678647138
0.2861010572
0.4989258053
0.4244824099
0.4864210919
0.4519745984
0.4623117745
0.4897732523
0.4873685459
0.4499004366
0.4322765141
0.5236921260
0.4331109947
0.4691092686
0.5046362942
0.3758109725
0.3902955885
0.4726653636
0.3538237132
0.6262844650
0.4680423875
0.5970541752
0.5076603698
0.5187442213
0.5517222629
0.4713953759
0.4026996885
0.6637843207
0.3996007994
0.4739172079
0.4903281880
0.5246282525
0.5338745910
0.5410255296
0.6585733519
0.4629361019
0.5138642516
0.6261025173
0.4607397946
0.5864641174
0.5998272317
0.6027567194
0.5207422657
0.4159953811
0.6639948357
0.5704274451
0.6152658510
0.6283620974
0.5445111367
0.6610536162
0.5026788128
0.6482449712
0.5947515364
0.5768509697
0.6937804508
0.4865686243
0.5320747492
0.4958934437
0.5195236520
0.7006500118
0.6264090062
0.6051545656
0.5889522813
0.6983744877
0.6296043909
0.5584500658
0.6136701034
0.6583984678
0.6343812986
0.5976268019
0.6632900740
0.7840218589
0.4515923289
0.6180513919
0.6995623436
0.7481790850
0.5322864235
0.7162712651
0.5888677115
0.5928571537
0.5802485447
0.6399673347
0.6171451692
0.7594514935
0.8616932179
0.5309462484
0.6278863348
0.5112571307
0.6793863334
0.7614260358
0.7217035254
0.6263407027
0.6814452379
0.7000782570
0.6057561939
0.7396341648
0.7263563155
0.6899691724
0.7968961702
0.7393865790
0.6333640105
0.6874812576
0.7539352983
0.6943346224
0.7455763444
0.6028036639
0.6122373987
0.6773936092
0.6529839212
0.8227755881
0.7409373976
0.8466974809
0.7056515642
0.7120020703
0.6196356562
0.5444884770
0.6645975661
0.7536872765
0.8082380718
0.7421143760
0.4855821816
0.6601061327
0.8312994760
0.6981503312
0.8190379731
0.7493227814
0.7722853374
0.8981494089
0.6251290153
0.6963224625
0.8306350101
0.7005006419
0.7534734371
0.7137197874
0.7546543623
0.6356270811
0.8234700107
0.7023352130
0.5944001385
0.6534434661
0.6848504285
0.7826881763
0.7241009435
0.7585137745
0.7574464928
0.7918413194
0.8760469655
0.7306846289
0.8015849223
0.8357497110
0.7121305252
0.7926538179
0.7888545457
0.7913384013
0.8867060752
0.8224225551
0.6921326486
0.7385445598
0.7453755011
0.7008172342
0.7986625556
0.7086124671
0.8213301166
0.8445491511
0.8187079331
0.7965255303
0.9579289957
0.8289360020
0.9808102552
0.8581215063
0.6098735467
0.8058274127
0.7902942492
0.8385805673
0.7885174562
0.7953071028
0.8335008920
0.8774163773
0.7183239194
0.8233910544
0.9866165774
0.8474856967
0.9403211515
0.8232602579
0.9264538412
0.9360377571
0.7144053161
0.7722276864
0.8283809135
0.9408384464
0.8640899371
0.9581271545
0.9751092530
0.8470290719
0.8034568582
0.7663158187
0.8511597735
1.0516858728
0.9769821997
1.0055338235
0.8478247082
0.8817046257
0.9913281936
0.9856161100
0.8288114703
0.9136873437
0.8342787409
0.8966236675
0.8532291473
0.8299401420
1.0133348600
0.8549359644
1.1899088716
0.9891956700
0.8323678737
0.9734188440
1.0756580733
1.0238733043
0.9256017583
0.9184859863
0.8680154583
0.9714128310
0.8619717627
0.8533884797
0.9729893000
0.8402240866
0.9168728872
0.7865342385
0.9937272796
0.9771346744
1.0735661700
1.0051117898
0.8934950588
0.8953151881
0.8048412836
0.9280173534
1.0752506322
0.9321960542
1.1000916812
1.0613985282
1.0461374039
1.0991961021
1.0096059275
0.9330328963
1.0131264931
0.9970981863
1.0454442169
0.9118615019
1.0913471757
0.9627802646
1.0022706755
1.0836042198
1.1586324524
1.0333819848
0.9828064414
1.0535410828
0.9205341336
1.0405397941
1.1027600362
1.1236015538
