-0.9850874737
-0.9241474273
-0.9880832854
-0.9742324021
-1.0222448093
-0.9249861547
-1.0432816251
-1.0070269015
-0.9198634026
-0.9253631154
-0.9703191541
-0.9313667814
-0.9926473295
-0.9605836849
-1.1125212875
-0.9183110699
-0.9830889839
-0.9136411853
-0.9781291737
-1.0878397052
-1.0897114503
-0.8504580021
-0.8459844622
-0.8936819409
-0.8686446073
-0.9159709053
-0.9993978460
-0.8586592737
-0.9379607588
-1.0275203520
-0.8783273308
-0.8295759452
-0.9110009652
-0.6151222725
-0.9138138481
-0.8304848562
-0.8109719944
-0.9571206058
-0.8972826765
-0.9203918595
-0.9654244134
-0.9718689908
-0.7987109310
-0.9215341736
-0.9708141501
-0.8571723121
-0.7598264873
-0.7880432196
-0.9143886198
-0.9066373446
-0.9861667586
-0.8669812139
-0.7374624647
-0.8030113737
-0.9262788954
-1.0089315525
-0.8060205528
-0.9403245188
-0.8379261758
-0.9189537171
-0.7715778722
-0.8793760008
-0.8443702787
-0.8204851124
-0.7552722936
-0.8312888020
-0.9521920618
-0.8568117192
-0.9232839108
-0.8496534557
-0.8356242009
-0.8012608143
-0.8533161264
-0.8819172896
-0.9772930186
-1.0334431873
-0.9226751460
-0.8906771887
-0.9613880838
-0.9852650376
-0.8973400964
-0.7335640817
-0.7504031248
-0.8623476731
-0.7090595389
-0.7893683550
-0.9269774462
-0.8462177301
-0.7856426631
-0.8239648749
-0.8943169513
-0.7596262008
-0.8137135580
-0.8947174899
-0.7773787600
-0.7159910234
-0.7891847028
-0.8478380871
-0.8756281779
-0.8959253725
-0.9134402490
-0.8359132929
-0.7629336792
-0.7169894284
-0.7601364817
-0.6972794301
-0.6504849775
-0.7510939540
-0.7566855160
-0.7865176516
-0.6906591302
-0.7889190696
-0.7861374175
-0.7227626230
-0.8698498054
-0.6654264971
-0.7852775905
-0.7645875578
-0.6339015758
-0.8346605722
-0.6780875965
-0.7011360185
-0.6761002276
-0.6881025876
-0.5866569666
-0.8578837108
-0.7217611954
-0.7393023986
-0.9090279141
-0.7514432059
-0.7365867748
-0.6616880577
-0.8037812351
-0.8200918348
-0.7782636614
-0.6615831645
-0.6697920831
-0.7796175797
-0.7807118826
-0.8466753626
-0.6877184472
-0.7599799203
-0.6147332958
-0.7703344489
-0.6190998322
-0.7062134836
-0.6307061242
-0.7186467373
-0.8814619268
-0.6100356711
-0.5051486996
-0.6736373024
-0.8564597096
-0.7670799578
-0.6965890855
-0.7509060742
-0.5696199044
-0.7731246458
-0.7227505936
-0.6025656562
-0.7602702481
-0.7409694371
-0.7268535821
-0.6588311989
-0.5323403056
-0.6382148750
-0.6260107072
-0.5786930398
-0.6272042416
-0.6977561887
-0.7271606417
-0.6021131780
-0.6113001146
-0.6626492799
-0.6346717491
-0.5689384269
-0.5413646846
-0.7139169517
-0.7074573286
-0.5588220888
-0.6878936420
-0.6078652716
-0.6537623666
-0.6934505144
-0.5363181871
-0.5859242738
-0.8168747056
-0.4975876533
-0.6455582961
-0.6100221454
-0.6093532797
-0.5042934065
-0.5860103388
-0.6225959258
-0.7390150254
-0.7544348283
-0.6525386050
-0.7225882249
-0.6104592670
-0.5671030641
-0.5489857896
-0.7006915430
-0.5403507176
-0.6225516591
-0.5261385806
-0.6585781973
-0.6205379040
-0.5749750838
-0.6046145295
-0.5274712674
-0.5691537917
-0.4690582987
-0.4691030531
-0.6378417689
-0.5719704134
-0.6224463477
-0.4352772493
-0.5736192967
-0.6303508545
-0.6331458256
-0.5815801451
-0.4312904810
-0.5729434646
-0.5522574791
-0.5773441978
-0.5311888401
-0.5867734248
-0.6098745319
-0.5188075816
-0.7162116090
-0.4943929466
-0.5490505235
-0.4017680091
-0.6239651610
-0.4705248809
-0.6089150185
-0.4362468247
-0.5573445692
-0.5055121459
-0.7206060099
-0.6451027368
-0.6298686386
-0.4765000540
-0.6252160526
-0.5475179313
-0.5784150518
-0.3799451218
-0.4899273476
-0.4200969625
-0.4854749430
-0.4587428347
-0.4834995882
-0.4535918399
-0.4979391278
-0.4022475406
-0.5020906480
-0.5711267443
-0.4687065054
-0.4196855212
-0.4629178142
-0.4615643626
-0.5148704051
-0.3377129678
-0.5514873319
-0.4363635457
-0.5048578231
-0.4688439337
-0.4768447842
-0.5285587626
-0.5161906385
-0.3143184875
-0.3985980495
-0.4618659220
-0.5690615428
-0.4905181522
-0.5082224055
-0.3659450293
-0.2982798196
-0.5982420279
-0.4261421104
-0.4092690943
-0.4555728425
-0.3888351788
-0.4161138996
-0.3646324308
-0.3497375084
-0.3938116231
-0.4619136772
-0.4861173921
-0.3292765021
-0.4390438482
-0.4044074826
-0.2835596873
-0.3468786200
-0.4984145870
-0.5385297237
-0.3720814400
-0.3141579575
-0.4241017913
-0.4981475712
-0.4074442754
-0.3538713592
-0.4345177658
-0.5458280672
-0.3900774236
-0.5780875155
-0.4397085853
-0.3053214176
-0.3532891752
-0.4016299634
-0.4762515426
-0.4949369727
-0.3297454346
-0.4403902406
-0.2374389009
-0.4182428185
-0.3583170139
-0.4075396676
-0.3644785103
-0.3585059514
-0.3088165703
-0.4044653892
-0.4490838595
-0.2117154238
-0.4443341204
-0.3998536991
-0.3811625509
-0.4409387968
-0.2522674372
-0.3161504011
-0.2188565728
-0.3168908456
-0.2632496344
-0.3394606589
-0.3494015088
-0.3079839886
-0.2141824992
-0.2867858842
-0.3232490113
-0.2772058414
-0.2896501187
-0.2299235110
-0.2690379566
-0.4609089930
-0.3081563135
-0.3449011192
-0.2629424074
-0.4058618006
-0.2508287590
-0.3584330630
-0.3040011719
-0.3979625727
-0.3781736231
-0.3027570409
-0.3772408925
-0.2716451727
-0.2685683238
-0.3123127573
-0.2732420900
-0.3617819686
-0.1876924280
-0.4305406506
-0.2369742926
-0.2357962016
-0.2293114567
-0.1924597919
-0.3634599790
-0.2743957057
-0.1041978564
-0.3644802130
-0.1969547796
-0.2788421171
-0.1221310384
-0.2883481665
-0.2219230611
-0.2158856317
-0.3089641379
-0.2451457335
-0.1406474653
-0.2680831462
-0.1415625662
-0.1522322720
-0.1714376516
-0.0911096453
-0.2302685337
-0.2225673452
-0.2407797169
-0.0699731459
-0.2902883749
-0.2929126417
-0.1218138818
-0.2452087884
-0.2820368699
-0.2462156212
-0.2321539752
-0.1682653110
-0.2918174480
-0.2499513053
-0.2932384528
-0.1776526656
-0.2638219043
-0.1983291119
-0.1777209722
-0.3445532762
-0.0665393719
-0.1950720888
-0.0834705001
-0.2394905854
-0.3637834958
-0.1684783090
-0.0581120835
-0.2152727764
-0.0792083904
-0.2232542663
-0.1044987897
-0.1882612079
-0.2843139981
-0.0448171421
-0.2271174090
-0.2641161802
-0.2646806932
-0.1956454012
-0.0830737787
-0.3280819320
-0.0682124411
-0.2589503703
-0.1679355737
-0.1682636372
-0.2306203150
-0.0043848033
-0.2178245410
-0.2765638871
-0.1805559514
0.0150598060
-0.0316261506
-0.0699974717
-0.1769176037
-0.0664995597
-0.1385501247
-0.0659995119
-0.0727970183
-0.1542958524
-0.2137418386
-0.2031353370
-0.1859744170
-0.1160678422
-0.1442698543
-0.0892522447
-0.0266300906
-0.1675272504
-0.1553416681
-0.1828986282
-0.0160586539
-0.1291244087
-0.1061624889
0.0446948212
0.1281758378
-0.0053945464
-0.0485836754
-0.1106889616
-0.0234976611
-0.1373895173
-0.2374231643
-0.0541915626
-0.0608924662
-0.0298343418
-0.0507321357
0.0529830144
0.0049766447
-0.0127608303
0.0393302694
0.0043913531
-0.1263604359
-0.0286062570
-0.0218315258
-0.0054980083
-0.0525530988
0.0495218625
-0.0635129397
-0.1462535753
-0.0711019074
-0.0678959707
-0.0810419424
0.0698834890
-0.1701713341
0.0488278538
0.1062222377
-0.1207037662
0.0797870643
0.0388427149
0.0807169800
0.1052153646
-0.0425629734
0.0709011359
0.0624574423
0.0033074709
-0.0123414642
-0.0051908167
0.0170421546
0.0460765111
-0.0010147605
0.0746625562
-0.1881756448
0.0598423577
0.1029321336
-0.0050951884
0.1326757435
0.1213133026
-0.1119184292
0.0290737092
0.1282065863
0.1467693581
0.0365224838
-0.0024742006
0.0946235945
0.2282614041
-0.1358802434
-0.0108494530
0.0277244978
0.0247586864
0.1731203723
-0.0019892118
0.0652154543
-0.1454029509
0.1973097718
0.0115131463
0.0244659872
0.0089462805
-0.0129993967
0.0712917992
0.0692193494
0.1488902300
0.1480896596
0.1778897170
-0.0160066113
0.0449308905
0.0976349753
0.0103999508
0.1106642797
0.0569547246
0.0720123707
0.1071952542
0.0793945322
0.1691409099
-0.0021384376
0.0059548862
0.1794965375
0.0631439276
0.0728099403
0.1130591903
0.2412908170
0.1106867831
0.1822886112
0.0863586130
0.0798147210
0.1085703200
0.1496092122
0.2054157390
0.1636590896
0.1912618185
0.0941709374
0.2958802323
0.1298733001
0.0002309558
0.1502762673
0.1470212803
0.1047669244
0.1643280307
0.1360506871
0.1529938921
0.0713243331
0.0742801045
0.1406253292
0.2939371364
0.1023115393
0.1224120325
0.1776855109
0.1512956974
0.1922068724
0.0941283376
0.1582646470
0.1934823643
0.0411762835
0.1362956075
0.1265387989
0.1188960218
0.1657850994
-0.0489522337
0.2265856651
0.2800573757
0.0822246680
0.2419775368
0.1216795606
0.0939225942
0.1253736246
0.3190824580
0.2154041185
0.2187453498
0.2964826858
0.2352459449
0.1761450307
0.2393284553
0.0133675235
0.3173716330
0.2061417727
0.2124503276
0.2756204027
0.3473322357
0.2899355869
0.2385031171
0.1584494754
0.1883613110
0.0847142971
0.2519119534
0.2240131719
0.2959900524
0.3167411251
0.3441844653
0.1105601909
0.0954768760
0.3124220183
0.2790456924
0.3564083090
0.1728405726
0.1198689213
0.3043559204
0.1824492694
0.2342417530
0.2696753188
0.2708169679
0.2203766228
0.3094427974
0.3445359763
0.3469470573
0.3521532038
0.1913040363
0.3112543747
0.2068460656
0.1634115724
0.1439861205
0.3364194639
0.0786767490
0.4002194345
0.1865174147
0.2734255075
0.4418001014
0.2402181452
0.4044974801
0.3854442350
0.4016019316
0.2459844179
0.1238716558
0.2946920475
0.1796282505
0.2630147342
0.2419151757
0.2884177614
0.2878968408
0.2661540518
0.4054983018
0.4069557117
0.3907665800
0.2748477727
0.5085033086
0.3226026281
0.4772530413
0.3448426174
0.2531559623
0.4005495654
0.3539029010
0.3282213040
0.4290083752
0.1938695180
0.2541814766
0.3592450298
0.4402864305
0.3056672764
0.4126058812
0.3677037787
0.2688109827
0.3289744134
0.4253800899
0.2932682057
0.3346771591
0.3954215353
0.4856299908
0.2429161330
0.1737266821
0.4036035176
0.4145882654
0.4329532533
0.2394195549
0.2760808909
0.3863468359
0.4128374390
0.3962601105
0.2941738572
0.4476014025
0.3143591590
0.3222337920
0.4424958078
0.4652771650
0.3550102783
0.3737269688
0.4105538024
0.2832246207
0.4495053217
0.4956144425
0.4624698703
0.3814378598
0.3919404787
0.4409762049
0.4760199031
0.4109748510
0.4011061455
0.5282498765
0.4509660770
0.3974271983
0.4798793338
0.4417192372
0.4163690208
0.5292335394
0.3862977800
0.4867495213
0.5098105525
0.3456314479
0.4529879281
0.4363419243
0.5188978725
0.4434942939
0.4358747257
0.4339966788
0.4331953384
0.4349395896
0.4559258027
0.4442986840
0.4905955684
0.3668178454
0.5288413086
0.4907071976
0.3082150531
0.3837598181
0.4590197703
0.4111302010
0.4130042993
0.5227033973
0.3524957367
0.4403724533
0.3668749679
0.5199153791
0.4724362191
0.5553585311
0.5856003383
0.4447037575
0.5240700591
0.6072580414
0.3974268882
0.4537211776
0.5788658307
0.6394638104
0.4522540751
0.6413401732
0.6108755322
0.4936611854
0.5645666601
0.6006590547
0.4547872441
0.4243569851
0.5456768250
0.4999767061
0.5112811135
0.4896858178
0.4913748919
0.6564961001
0.5237057607
0.5720059635
0.4524478875
0.5663210372
0.5249627901
0.5500993832
0.5325558524
0.6124575411
0.5483814927
0.5708216459
0.4293129676
0.6380091230
0.5499230514
0.4944019856
0.4585415205
0.7215403482
0.4773371197
0.5814191963
0.6094422408
0.7119109909
0.7540147917
0.5548808225
0.4765255495
0.5577871189
0.5634115413
0.5977417850
0.6128687298
0.5704363110
0.7783382836
0.6791728525
0.5474219933
0.6463515410
0.5555648594
0.6630689718
0.6029744462
0.7121975746
0.7930312231
0.5957015391
0.5643089696
0.5835628356
0.7339314092
0.7989730631
0.6176065901
0.6242231034
0.6444058691
0.6157155527
0.7734721364
0.6084019441
0.6514218843
0.6068858869
0.7871006839
0.6876714382
0.6615573089
0.6210859108
0.6353394961
0.8101439778
0.7188705311
0.6397603104
0.6688847889
0.5563135898
0.7448112186
0.6136438564
0.6522159543
0.7693101108
0.5893538047
0.6648433837
0.7043629925
0.7335904250
0.6575718393
0.8570995242
0.6476704128
0.7123886518
0.7234545677
0.5563057113
0.8054710793
0.7636101669
0.6286862244
0.6591719588
0.6394172251
0.6386514316
0.6228811823
0.6527042087
0.8087474954
0.7282840386
0.6660543210
0.7756688883
0.7392076854
0.7553494266
0.7777292655
0.8097511894
0.6820349791
0.7327880379
0.5827707719
0.7876357614
0.6966238872
0.6156114016
0.7644679821
0.7007370116
0.8484022260
0.7648947574
0.8388668180
0.7234531605
0.7148666063
1.0229713016
0.7254354297
0.8335149689
0.7565240711
0.8577592927
0.7251297673
0.6924883967
0.7715904967
0.8541424015
0.6348072812
0.6732899388
0.8437246002
0.8743987489
0.8394275483
0.7160490705
0.8509908989
0.7477551959
0.8369394838
0.7109171937
0.8696130931
0.7957628694
0.8586109945
0.8826456898
0.8017742683
0.7841211224
0.8387480009
0.7068754204
0.7871686082
0.8857921454
0.8092739408
0.8184044747
0.8115804751
0.7779442030
0.6686931869
0.7639919554
0.7879722650
0.9184634652
0.7934196662
0.8205568164
0.8794758673
0.8285002565
0.8577251770
0.8090529849
0.7082007822
0.7567039238
0.7093360957
0.8457761107
0.8311739450
0.7998853329
0.9596449758
0.7380035636
0.8471839748
0.7491164567
0.8603837040
0.8625353032
0.8713863605
0.7797060176
0.9402483195
0.8726239228
0.9680108823
0.9452036911
0.8156429729
0.8816614277
0.9340721759
1.0826974706
0.9248038778
0.8605170178
0.8686743924
1.0160742678
0.7890394930
0.8384260647
0.9283446040
0.9695773838
0.9271881144
0.9937033325
0.8193349809
0.9616204065
0.8751588618
0.7939395196
0.8049674995
0.9357775154
0.9269452199
0.8158923530
1.0404085293
0.7562278269
0.8754931478
1.0755418476
1.0068577786
1.0787126445
1.0102381839
1.0195325324
0.8651407447
0.9759296746
0.9067877525
1.1849435503
0.8813668556
0.8350326762
1.0969592924
1.0063305638
0.9748173905
0.9902411326
1.0599344062
0.9479781453
1.0145617677
1.0361845432
0.9462997818
0.8524690420
0.9647818631
0.8568193493
0.8879467403
0.9695539785
1.1008162323
1.0058697028
0.9879942937
1.0257366296
0.9923429634
0.8977055876
0.9286518205
0.9649002666
1.0008582685
1.0173072452
1.0708653781
0.9798593488
