-0.9778367958
-0.9301885365
-1.0101765974
-0.9884625578
-1.0613337225
-0.9302915290
-1.0392662613
-0.9895091403
-0.8965122197
-0.9163779902
-0.9386449103
-0.9300022915
-0.9904298110
-0.9793187534
-1.1008487132
-0.9127385077
-0.9786979047
-0.9248403137
-0.9604815419
-1.0829369723
-1.0708598151
-0.8652531938
-0.8446268344
-0.8876564428
-0.8696803645
-0.9303820393
-1.0136465454
-0.8758582043
-0.9403465387
-1.0362775611
-0.8938627683
-0.8417420672
-0.9174322495
-0.6005819800
-0.9436207633
-0.8521398567
-0.7902137137
-0.9686217085
-0.8951663994
-0.9220318897
-0.9742074329
-0.9566200625
-0.7993369464
-0.9190085671
-0.9740087474
-0.8550688608
-0.7758106402
-0.7618359748
-0.9229776869
-0.9242130226
-0.9724771977
-0.8769822998
-0.7697434793
-0.8212015473
-0.9300772867
-0.9938992031
-0.8149307512
-0.9406506348
-0.8457913226
-0.9402080352
-0.7963714732
-0.9130861306
-0.8549355238
-0.8266036676
-0.7720951143
-0.8315202380
-0.9441355004
-0.8559683456
-0.9459907830
-0.8469758884
-0.8210364064
-0.8031501352
-0.8456211402
-0.8812035665
-0.9920984537
-1.0403728422
-0.9287554031
-0.8889438740
-0.9711447849
-0.9708532140
-0.8813083948
-0.7505711572
-0.7643836793
-0.8610883469
-0.7209353397
-0.8137856061
-0.9082594215
-0.8400757026
-0.8263804986
-0.8125871426
-0.8997462204
-0.7848771791
-0.8275975317
-0.9018862250
-0.7704255083
-0.7135134147
-0.7760208898
-0.8409395415
-0.8890333659
-0.9110210158
-0.8796677371
-0.8345831443
-0.7716704058
-0.7282606509
-0.7935803307
-0.7151347857
-0.6428975278
-0.7503041040
-0.7648003797
-0.7899228247
-0.6887864920
-0.7871227732
-0.7890234062
-0.7165790866
-0.8852050248
-0.6610641843
-0.7673603785
-0.7746405683
-0.6381141710
-0.8347884044
-0.6999342751
-0.6999857149
-0.6924146706
-0.6854448326
-0.5892781347
-0.8628732399
-0.7169798523
-0.7341189661
-0.9385411498
-0.7760122646
-0.7464177213
-0.6477242484
-0.7881190852
-0.7985543419
-0.7794458201
-0.6441472875
-0.6716551861
-0.7838497485
-0.8025756599
-0.8532374352
-0.6687309389
-0.7721157256
-0.6089599792
-0.7688064822
-0.6362339261
-0.7240711813
-0.6467340905
-0.7380609732
-0.8687998777
-0.6320415907
-0.5047224501
-0.6655814024
-0.8585985067
-0.7516384678
-0.6931975906
-0.7396870319
-0.5652119881
-0.7730736182
-0.7295862803
-0.6002632598
-0.7483467706
-0.7458256942
-0.7473013928
-0.6389295935
-0.5522062479
-0.6451937608
-0.6076846205
-0.5749555555
-0.6178643927
-0.6966065155
-0.7213074867
-0.5986055835
-0.6167729412
-0.6579054148
-0.6271167275
-0.5932444354
-0.5726996872
-0.7029606922
-0.7004318268
-0.5750454966
-0.6876670129
-0.6166360785
-0.6489579899
-0.6610526716
-0.5349455424
-0.5683953683
-0.8441378302
-0.5026150053
-0.6549794014
-0.6075849838
-0.6236258203
-0.5246892986
-0.6012339124
-0.6170239697
-0.7477269548
-0.7441379936
-0.6517893230
-0.7169143126
-0.6180622028
-0.5675114687
-0.5341664052
-0.7082565222
-0.5324713961
-0.6261388841
-0.5464719002
-0.6461654803
-0.6112665666
-0.5721473026
-0.5872546993
-0.5164251177
-0.5643947913
-0.4604670862
-0.4607826840
-0.6194287961
-0.5488850076
-0.6279564865
-0.4639192025
-0.5869933714
-0.6328546158
-0.6487727286
-0.5563525973
-0.4302339349
-0.5766492213
-0.5664901035
-0.5879655822
-0.5408283237
-0.5928178093
-0.6211528917
-0.4985390563
-0.7240255484
-0.4885094856
-0.5410161389
-0.4049103851
-0.6397141513
-0.4696519638
-0.6222270329
-0.4540251864
-0.5674033197
-0.4894626959
-0.7464187671
-0.6622121289
-0.6291532793
-0.4868141776
-0.6400749647
-0.5685396247
-0.5759273910
-0.3663439689
-0.4750883401
-0.4072423705
-0.4960142781
-0.4456496313
-0.4804151350
-0.4482134085
-0.5051673977
-0.4205857721
-0.4829041261
-0.5833094269
-0.4656291586
-0.4023094980
-0.4523932749
-0.4750773009
-0.5122379691
-0.3282546765
-0.5275195278
-0.4560519036
-0.5130259866
-0.4782063532
-0.4610250071
-0.5365476341
-0.5140756570
-0.3031952497
-0.4041751907
-0.4731568249
-0.5625552952
-0.4940456682
-0.4731425864
-0.3686138258
-0.3147476553
-0.5843594656
-0.3944017673
-0.4327022057
-0.4775732162
-0.3818390443
-0.3963559647
-0.3630781724
-0.3696536781
-0.3941216817
-0.4720826890
-0.4790730115
-0.3547732541
-0.4394634521
-0.4287988780
-0.2862370425
-0.3383328656
-0.4930851423
-0.5195832820
-0.3897986538
-0.3148709760
-0.4121002414
-0.4751652377
-0.3868898160
-0.3646315678
-0.4011024200
-0.5533995883
-0.3975819412
-0.5828288890
-0.4355766467
-0.3190901868
-0.3468362672
-0.4045269958
-0.4898852844
-0.4758657565
-0.3315121847
-0.4710780816
-0.2208207262
-0.4484112249
-0.3295983088
-0.4176441655
-0.3865861129
-0.3636762654
-0.3167129305
-0.4111251379
-0.4283865412
-0.2259511825
-0.4223769425
-0.4116103961
-0.3869124360
-0.4431366155
-0.2590181360
-0.2838302019
-0.2046311036
-0.2973317530
-0.2566654360
-0.3276996149
-0.3446121495
-0.3021094260
-0.2226601620
-0.3160336756
-0.3244766750
-0.2671251408
-0.2987723485
-0.2307603257
-0.2755100820
-0.4603686485
-0.2776073595
-0.3436787606
-0.2432916900
-0.3978831889
-0.2338478979
-0.3591662161
-0.2696516357
-0.4099182714
-0.3634185739
-0.3026883977
-0.3931323436
-0.2706248440
-0.2609555363
-0.3068062972
-0.2541677131
-0.3526426813
-0.2192229072
-0.4473595139
-0.2140126183
-0.2320085786
-0.2161753962
-0.1628100751
-0.3980197102
-0.2780915239
-0.0874027588
-0.3587163160
-0.1941508119
-0.2814809425
-0.0969488181
-0.2942530803
-0.2548222627
-0.2267512924
-0.3117845411
-0.2633462326
-0.1495902431
-0.2642521254
-0.1278677741
-0.1605999379
-0.1768011360
-0.0968120666
-0.2493811470
-0.2337796116
-0.2371127702
-0.0785954575
-0.2976769915
-0.2987328041
-0.1257203471
-0.2420390931
-0.2887915293
-0.2234678323
-0.2456160086
-0.1642463944
-0.2814274677
-0.2379764237
-0.3067316457
-0.1563806070
-0.2782882076
-0.1875115551
-0.1825609136
-0.3119630517
-0.0712924547
-0.2041523394
-0.0796687407
-0.2615666445
-0.3564746686
-0.1825738327
-0.0399711663
-0.2231469081
-0.0841229318
-0.2061775342
-0.0814400348
-0.1694878846
-0.2847669380
-0.0221775567
-0.1987921532
-0.2546694036
-0.2638806837
-0.1914820904
-0.0944004285
-0.3015501231
-0.0843793769
-0.2539038533
-0.1762664372
-0.1564432069
-0.2223076518
0.0147657036
-0.2209778830
-0.2660764084
-0.1831847845
0.0303200581
-0.0107250657
-0.0697415288
-0.1847960266
-0.0762125506
-0.1489957064
-0.0573282079
-0.0664345738
-0.1565638201
-0.1889871949
-0.2244977459
-0.1798970133
-0.1034644210
-0.1381552000
-0.0983629502
-0.0082852967
-0.1654399695
-0.1495880047
-0.1698953492
-0.0134224833
-0.1152819761
-0.0930265271
0.0452786803
0.1156269781
-0.0007807727
-0.0473386370
-0.0996558750
-0.0416596369
-0.1100738243
-0.2296490562
-0.0439933467
-0.0920133978
-0.0142209752
-0.0436612329
0.0554439572
0.0026034934
-0.0080667256
0.0445538797
0.0146801923
-0.1249880560
-0.0476842427
-0.0228196605
-0.0130936235
-0.0631451407
0.0598465352
-0.0456866300
-0.1545661568
-0.0775645701
-0.0885431231
-0.0955997556
0.0681932260
-0.1723260376
0.0736625360
0.1047856431
-0.1087602388
0.0777132308
0.0374284780
0.0627683912
0.0920511010
-0.0289065483
0.0753630529
0.0445119424
-0.0223504390
-0.0105148036
0.0016296144
0.0246903567
0.0589829517
0.0116039925
0.0519396369
-0.2098383026
0.0607647917
0.1477699289
0.0298047758
0.1326978131
0.1143631383
-0.1383642438
0.0507454942
0.1180729875
0.1425122048
0.0434383749
-0.0297895264
0.0921745980
0.2308280051
-0.1144028637
-0.0076767976
0.0409024194
0.0403280235
0.1757289162
-0.0116738702
0.0577181882
-0.1550238069
0.1977553017
0.0162549843
0.0073200254
0.0153462322
0.0173334836
0.0897834769
0.0542228366
0.1382755047
0.1368147184
0.1699256443
-0.0066731706
0.0443573286
0.0777478570
0.0120669356
0.1129411679
0.0654545578
0.0308482258
0.1176484362
0.0772503772
0.1567793064
-0.0027862212
0.0259754317
0.1717444679
0.0509614380
0.0929460082
0.1186824925
0.2684180373
0.0944075299
0.1874919394
0.0619726561
0.0730471979
0.1080539893
0.1236864402
0.1970970304
0.1702383579
0.1491558788
0.0867642581
0.2758151187
0.1212829372
-0.0262628236
0.1450898936
0.1392031086
0.0863948490
0.1762589406
0.1353958387
0.1638862044
0.0827322127
0.0972819107
0.1438527851
0.2938410909
0.0892282529
0.1395362527
0.1918100473
0.1643992318
0.1852863234
0.1354228314
0.1543679032
0.1904458402
0.0656664630
0.1307459983
0.1196074246
0.1039235855
0.1597099501
-0.0468598542
0.2469189762
0.2918806603
0.0895963335
0.2315914900
0.1037232501
0.1036927944
0.1231505753
0.3142421287
0.1840510907
0.2375827907
0.3157028467
0.1964103309
0.1652538327
0.2418315911
0.0134880200
0.3168144651
0.2043131205
0.2172813302
0.2931267365
0.3428626263
0.2877515472
0.2308012482
0.1644412177
0.1736293297
0.1049120990
0.2345653213
0.2263750876
0.2772180915
0.3396684845
0.3674118539
0.1130582495
0.0769831028
0.3035938203
0.2797452155
0.3466908966
0.1839446951
0.1423006852
0.3034153087
0.2075869289
0.2581151114
0.2864397451
0.2601990388
0.2094261728
0.2989563572
0.3396433532
0.3366019946
0.3653786165
0.2292048613
0.3235110562
0.2108498154
0.1877401008
0.1411937267
0.3454588398
0.1086368566
0.4203753499
0.1826293858
0.2871776740
0.4526333030
0.2223288243
0.4076671045
0.3796340979
0.3995064338
0.2379904942
0.1123359791
0.2717287267
0.1644816614
0.2639671215
0.2529965487
0.2808984235
0.2914087866
0.2586234757
0.4001948327
0.4008706162
0.3718012890
0.2745411506
0.5011392354
0.3231115007
0.4884949767
0.3406350582
0.2457794580
0.3987683825
0.3395140812
0.3156637565
0.4193971592
0.1949929424
0.2733397824
0.3725846293
0.4454564877
0.3177831034
0.4042678561
0.3614878645
0.2545019035
0.3268472774
0.4437251253
0.2979328753
0.3327854843
0.3913156954
0.4805444189
0.2538021005
0.1606718984
0.4153859728
0.4006156696
0.4556490274
0.2783858171
0.2723756322
0.3886531628
0.4021877345
0.3870686203
0.2811423223
0.4575103568
0.3362370772
0.3381661376
0.4421355076
0.4826683850
0.3646820932
0.3717534855
0.4044947084
0.2803619176
0.4428546489
0.4977662226
0.4373077647
0.3889261585
0.4331841890
0.4226968662
0.4785919993
0.3986474763
0.4162909591
0.5288309745
0.4539173859
0.3794107624
0.4924818797
0.4351341234
0.4093086044
0.5380143706
0.3754014258
0.4764038766
0.4992146431
0.3446337555
0.4716206801
0.4443933778
0.5070317883
0.4289802552
0.4499202374
0.4514643104
0.4338372435
0.4454356899
0.4595495496
0.4481577206
0.4943983064
0.3928613958
0.5191359785
0.4852025498
0.3168722733
0.3811551760
0.4657168016
0.3926710769
0.4200223381
0.5117620117
0.3439190119
0.4469710966
0.3572508102
0.5100723832
0.4624702179
0.5461124290
0.5909994060
0.4493009531
0.5432599811
0.6046589688
0.3839346521
0.4767001392
0.5671803486
0.6492693820
0.4491757399
0.6283783070
0.6022613437
0.4869505791
0.5452597558
0.5950917745
0.4686461329
0.4062548531
0.5430048320
0.4803454924
0.5080650729
0.5059851520
0.4815662303
0.6566819793
0.5072742954
0.5556148511
0.4329381895
0.5689659560
0.5070556858
0.5563172114
0.5080560901
0.6110065948
0.5459008849
0.5896153160
0.4363583903
0.6460998170
0.5560915024
0.5004121816
0.4371485890
0.6922671821
0.4986841082
0.6063474139
0.6115600788
0.6958017509
0.7355842340
0.5458810619
0.4775255570
0.5717975880
0.5225202445
0.5936291322
0.6113473997
0.5611569320
0.7812375258
0.6898553980
0.5552122147
0.6223609841
0.5810652916
0.6962048546
0.6002187344
0.7134959583
0.7662752131
0.6020699520
0.5800065136
0.5861587036
0.7485125094
0.7890555796
0.6385055588
0.6230251440
0.6728009132
0.5988416732
0.7583365989
0.6168204034
0.6301913102
0.6282003365
0.7710859727
0.7115435123
0.6710018174
0.6212159882
0.6393579428
0.7924337515
0.7203080865
0.6568917787
0.6661969885
0.5459513482
0.7319187518
0.6191754485
0.6318895462
0.7752447656
0.6136787065
0.6569325697
0.7145379349
0.7256123744
0.6531783037
0.8408493494
0.6389532791
0.6911029576
0.7115321367
0.5460310254
0.8039481518
0.7857020303
0.6375455823
0.6466018821
0.6229963464
0.6653350221
0.6114093100
0.6444571979
0.8088068867
0.7295580760
0.6926640687
0.7870345644
0.7463981857
0.7643247042
0.7698450725
0.7821238235
0.6860097309
0.7471642280
0.6122943347
0.7907554252
0.7137495351
0.6217611562
0.7613958123
0.6873803640
0.8553747034
0.7579548069
0.8321396473
0.7196017135
0.7141554907
1.0284649142
0.7051993170
0.8358587779
0.7472722180
0.8455615315
0.7174936138
0.7123329845
0.7635904202
0.8811652361
0.6442046120
0.6627383935
0.8310546961
0.8616798121
0.8146295960
0.7000921966
0.8382586944
0.7663588418
0.8431850243
0.7106297912
0.8554630558
0.7894713698
0.8575938954
0.8883600203
0.7909093193
0.7950285049
0.8497827670
0.7099397946
0.7982710836
0.8713598045
0.8109644918
0.8016952339
0.7960911459
0.7882731598
0.6675177773
0.7604027114
0.7933138716
0.9193362992
0.8100264723
0.8251368743
0.8833094457
0.8205520768
0.8449871089
0.7949912681
0.7218405593
0.7596954047
0.7181623181
0.8523882677
0.8316223322
0.8122708529
0.9738774056
0.7594009869
0.8637774405
0.7314589679
0.8562387919
0.8601646585
0.8641587602
0.7826670647
0.9541176412
0.8565685557
0.9690217420
0.9376954517
0.8097940913
0.8508662472
0.9468184854
1.0868053139
0.9191458725
0.8771958059
0.8645191362
1.0070153359
0.8127788650
0.8173407475
0.9473291415
0.9677038048
0.9443520702
0.9849734516
0.8662551875
0.9791955851
0.8597488601
0.7929499938
0.8128811951
0.9551617977
0.9312661675
0.8139174882
1.0470200655
0.7231314432
0.8550687431
1.0873384930
0.9609020704
1.0636244804
0.9846557030
1.0220337110
0.8569347771
0.9905625715
0.9086626810
1.1827899463
0.8901729057
0.8425956278
1.1074917802
0.9793799024
0.9999195240
0.9912621554
1.0424222858
0.9352919699
0.9997865076
1.0427019186
0.9487053160
0.8164790193
0.9571069001
0.8761340296
0.9012108506
0.9720405603
1.0931960313
0.9840622286
1.0003791179
1.0277563667
0.9948425982
0.8712594513
0.9174472824
0.9740584553
1.0219981158
1.0101017455
1.0823666733
0.9751265828
