-1.0440312515
-0.8612157361
-0.8425415481
-0.9842459928
-0.9626235518
-0.9650523849
-1.0437901093
-1.1325396644
-0.9256681235
-1.1307795385
-0.9916851973
-0.7959156959
-1.0108909140
-1.1181093398
-0.9875100641
-0.7718237787
-1.1332021920
-1.0597622402
-0.9525920402
-1.0319799725
-0.8700678602
-0.9334083298
-0.9800837329
-0.9904463821
-1.0389337295
-0.7541133745
-1.0712344687
-0.8678849005
-0.9443872267
-1.0253815646
-0.9804456643
-1.0924134079
-0.7055727604
-1.0324759997
-0.9040416873
-1.0225165443
-1.0638008732
-0.9020834914
-0.9251192160
-0.9871655279
-0.8670175471
-0.8985369023
-0.9930764540
-0.8541764677
-0.9406048207
-0.9149101445
-0.9716148877
-0.8489340948
-0.8936453212
-0.8435894797
-0.6886981251
-0.8623372759
-0.9191147435
-0.9264817138
-0.9780199796
-0.9974032291
-0.9637901809
-0.8275991366
-1.0880789564
-1.0336599451
-0.8162331447
-0.9408345667
-0.7437182470
-0.9121317347
-0.8118140658
-0.8182414899
-0.7724155432
-0.9873490723
-0.9301780533
-0.7636223035
-0.8284002479
-0.9206204859
-0.9109466317
-0.9865539895
-0.9256789329
-0.8769630310
-0.8687917700
-0.7890115437
-0.8578111346
-0.7744644705
-0.8924016344
-0.8945115855
-1.0626836335
-0.8907377139
-0.9248851556
-0.7534173098
-0.6340812407
-0.8947918965
-0.7316972454
-0.6950765599
-0.9727207419
-0.7028152875
-0.9026322936
-0.7864364463
-0.9137836965
-0.8133769059
-0.8679294605
-0.7910161158
-0.7287735467
-0.7615728679
-0.7607714350
-0.6683039639
-0.8373105911
-0.7476218389
-0.7767960223
-0.7224822889
-0.5454382273
-0.8023511340
-0.7372904063
-0.8446450023
-0.8610665776
-0.7820023528
-0.7191654161
-0.7473227448
-0.7891014851
-0.7803774495
-0.7930708761
-0.5586552299
-0.6951193638
-0.7637126822
-0.7793191934
-0.5926293390
-0.7340106044
-0.6265527472
-0.7933654731
-0.7829045386
-0.6803024026
-0.7412179588
-0.6198888690
-0.5768929102
-0.8726407760
-0.7068094074
-0.7638723861
-0.7077491727
-0.7957615746
-0.6211367928
-0.5385199909
-0.7240639737
-0.8960711008
-0.8236876594
-0.6988731999
-0.6917397211
-0.7172625487
-0.7042430946
-0.7129209124
-0.7296877415
-0.7356851706
-0.6202601272
-0.7890546726
-0.7675913694
-0.7735352864
-0.6821732515
-0.7679842741
-0.6296505267
-0.6891775768
-0.8396137492
-0.7070832361
-0.7316595341
-0.6074923454
-0.6655212110
-0.6068490244
-0.5969795594
-0.7730740967
-0.7589163014
-0.8334818652
-0.6899332020
-0.6360034210
-0.6112850508
-0.6983882729
-0.5777795612
-0.6791409718
-0.6241664981
-0.5729526234
-0.6770042673
-0.6531292561
-0.7432285332
-0.5454780952
-0.7411644228
-0.7613663474
-0.5238564023
-0.7220693014
-0.6646202372
-0.6251544593
-0.6427422353
-0.5484231042
-0.6323202249
-0.5812478021
-0.5478278554
-0.6532431729
-0.7233968130
-0.6748266678
-0.5056235204
-0.6322707910
-0.5353920075
-0.6745544361
-0.5234074375
-0.5950111712
-0.6448149714
-0.6789973498
-0.5892503177
-0.6119932207
-0.6857699100
-0.6968299622
-0.6493386748
-0.5748440911
-0.5457251349
-0.7205482372
-0.6007129864
-0.6709488346
-0.6003533741
-0.6732826709
-0.7250884526
-0.6362250826
-0.6417156311
-0.6725971293
-0.6947118641
-0.4304871289
-0.5852529707
-0.4760989454
-0.5766881773
-0.4602978972
-0.6191133961
-0.6081860489
-0.5806116606
-0.5712598730
-0.6027217378
-0.5735036437
-0.3913777358
-0.6593480984
-0.4623820804
-0.5583924514
-0.6292125421
-0.6506672593
-0.5508475425
-0.4892441941
-0.5182012684
-0.5515901698
-0.4879579306
-0.4861568352
-0.5981860717
-0.4526891335
-0.7830201682
-0.3373159252
-0.5071463085
-0.4763290315
-0.5484912136
-0.4870771967
-0.5664746999
-0.6072984885
-0.3676703433
-0.5366277965
-0.6103585628
-0.4554665229
-0.6243888186
-0.3532214070
-0.4638062149
-0.5290035220
-0.5040142223
-0.3497261419
-0.3657818132
-0.3441115759
-0.4982176695
-0.5077859996
-0.4284307932
-0.5581331470
-0.3337250216
-0.2526772773
-0.3968891352
-0.4610094303
-0.5492001450
-0.3155269140
-0.5366803445
-0.4689756998
-0.4032843518
-0.5011264387
-0.3593411534
-0.5263826051
-0.4234061669
-0.4846525680
-0.5922830796
-0.4554817593
-0.3416820172
-0.5010326889
-0.4854663644
-0.3072054929
-0.3525500818
-0.2272377359
-0.4049095925
-0.4647183527
-0.4489033772
-0.4070711094
-0.4829087143
-0.4325287313
-0.3904183293
-0.2930986401
-0.4315320233
-0.4537390105
-0.4249644125
-0.3693170676
-0.5393661656
-0.2630173503
-0.3832176731
-0.3497738111
-0.2480112324
-0.4704272454
-0.3927081172
-0.3883975221
-0.4791063559
-0.3404710921
-0.0994397495
-0.3687801634
-0.3724586527
-0.3544442074
-0.3971797711
-0.4549331908
-0.4561813860
-0.2114547872
-0.3513648841
-0.3778662739
-0.3360996850
-0.3853424149
-0.3480389269
-0.3433055772
-0.2055736166
-0.3409837689
-0.5438666689
-0.2719920729
-0.5271089928
-0.2964921749
-0.4762299955
-0.4193854686
-0.3669637053
-0.4232552146
-0.3871826973
-0.2793341666
-0.2345533595
-0.3225314086
-0.4134957025
-0.2880441122
-0.3705910121
-0.2469534404
-0.2165814957
-0.4226099604
-0.4193458062
-0.4578854841
-0.3143659745
-0.4342545999
-0.2730861723
-0.3243008355
-0.1226217925
-0.3299295759
-0.2814984169
-0.1935640452
-0.2960618616
-0.4503355154
-0.2780935630
-0.2203133737
-0.3776025956
-0.3092942080
-0.4585282746
-0.2994793444
-0.2319076032
-0.1678767082
-0.4573768540
-0.3106082085
-0.2073398215
-0.3854211445
-0.3800046801
-0.2775427202
-0.2212575664
-0.3150922670
-0.3494327359
-0.1848987708
-0.1117938289
-0.4224815224
-0.1736353316
-0.3014721046
-0.2537763313
-0.1855151116
-0.2806116788
-0.1664873112
-0.2761637818
-0.2017331885
-0.3854775290
-0.1786416141
-0.4052954043
-0.3025893849
-0.4579900788
-0.2455966871
-0.2281587633
-0.0714924685
-0.2082952928
-0.3077872602
-0.2427791281
-0.2367140949
-0.1348565531
-0.0604228661
-0.2393959163
-0.2760720693
-0.2022071021
-0.1806340642
-0.1742110201
-0.1950770233
-0.2170125810
-0.2140975073
-0.1585365363
-0.2350042131
-0.2186680805
-0.1219413550
-0.1863277205
-0.2411073561
-0.1782737719
-0.2269024056
-0.1289319851
-0.2679140594
-0.0932816656
-0.1389493263
-0.1251682386
-0.1059411342
-0.2648178521
-0.1704921462
-0.0030337488
-0.0399980801
-0.2083322971
-0.0929545460
-0.1070389369
-0.1510774036
-0.2004795512
-0.1834417612
-0.1316753470
-0.2092792120
-0.0573538267
-0.0845187826
-0.0123166724
-0.0359726369
-0.1531015885
0.0010514679
-0.0974454360
-0.0821423472
-0.0754429121
-0.0503208549
-0.1521758127
-0.1129101056
0.0218112009
-0.2367327227
-0.1097241113
-0.0456996990
-0.1388295162
-0.1239195370
-0.0912384280
-0.1377349968
-0.0139442055
-0.2537707161
-0.1537925025
-0.1210250197
-0.0434881178
-0.1250661036
-0.1083194807
-0.0590142553
-0.1824014890
-0.1352330565
-0.0942011797
-0.0925687813
-0.2164155678
-0.0639097198
-0.2016015719
-0.0928918125
-0.1239112833
-0.0790139148
0.0829051921
-0.1536664168
-0.0634049000
-0.0587347649
0.0244322825
-0.0242608333
-0.0223099339
-0.1525482862
-0.0319145433
-0.0451344337
-0.0699174608
0.0619915829
-0.0876809342
-0.0373858624
-0.0894687891
0.0931297021
-0.2767136086
-0.0650766210
-0.0778673185
-0.1134612221
-0.0369291151
-0.1119001419
0.0088481371
0.0217817510
0.0338069948
0.0444360281
-0.0320389173
-0.1454505582
0.1298720995
-0.0225385670
0.0518863960
0.0560413352
-0.0637849810
0.0336631177
-0.0213655883
-0.0493285957
0.0857661235
-0.0417260207
-0.1507483138
0.1782304467
0.0276893653
0.1800857883
0.0780544471
0.0774983643
-0.0677604579
0.0488496242
0.0083309921
-0.0277651029
0.0916445804
-0.0371846963
0.1508334005
0.0562179876
0.2398477025
0.2470521517
0.0999740638
0.1455158425
-0.0253570455
0.0943366737
-0.0394779283
-0.0310681480
0.1407791070
0.0292999825
0.0610732489
0.0100037018
-0.0314964674
0.0338143062
0.0815131041
-0.0406391461
0.0256275864
0.0838679059
0.1081241867
0.0217971843
0.0620274888
0.0867549692
0.1266888091
0.0081898553
0.0268043280
0.0885695368
-0.0119730747
-0.0107668444
0.1719817775
0.1417507860
0.1713912939
0.0743708048
0.0025944464
0.0268236782
0.1640693977
0.1785653107
-0.0188932671
0.3621717446
-0.0145914429
0.1252010708
0.2469022501
0.0482306446
0.2449960472
0.2197926698
0.0808760978
0.1693367868
0.2494059695
0.1195640341
0.2141303196
0.1438834424
0.1212289268
0.0844941118
0.1274872273
0.2688528774
0.1635030586
0.2426890949
0.0617339566
0.1657540309
0.1293808568
0.1824543768
0.0905574613
0.1995954488
0.2176002834
0.1009911259
0.0553869920
0.1801497629
0.2975637981
0.2022800516
0.1575708187
0.2017309236
0.2807944104
0.0661045562
0.1026497861
0.2392634739
0.0822159810
0.1963825072
0.2717196500
0.1845089247
0.1433955861
0.2590329662
0.2328006658
0.1754307654
0.1319098699
0.0898592727
0.3428448355
0.1614244673
0.1875004318
0.2512038363
0.3517134195
0.3829479125
0.4016090859
0.1712062451
0.2126582183
0.0618148542
0.4175473414
0.1860905883
0.1968812663
0.2186430376
0.2257475667
0.2830848756
0.2041112131
0.2227458347
0.2214599233
0.2293518752
0.4072766826
0.1578000287
0.2324420429
0.1530691171
0.1914990713
0.3130103174
0.3500234705
0.2320850718
0.1533624379
0.3769041042
0.3459566714
0.1908324472
0.3272646108
0.2866250182
0.2132008316
0.3290751824
0.1279748728
0.3622338529
0.1602718933
0.1942075693
0.3713256718
0.2993973724
0.2631681301
0.2304929387
0.2578773890
0.4791476100
0.3530121475
0.4453693910
0.3084555708
0.2804644189
0.3001461726
0.2513284498
0.4038199450
0.3061363523
0.2084749931
0.2400933519
0.1772039994
0.4523363590
0.3689796231
0.3089352129
0.3114959175
0.4143112252
0.3432128732
0.2190815015
0.1466656826
0.1626619089
0.3491273281
0.4725314919
0.2704436989
0.3448880988
0.3412013385
0.3637577154
0.4217926649
0.4953331343
0.3872122330
0.3412469078
0.2425692631
0.4250226673
0.4743890660
0.4845352353
0.3537128211
0.4499656210
0.2891574276
0.3598092322
0.2613637867
0.2835038135
0.3537750731
0.3206083898
0.3795577172
0.1957035386
0.3706311754
0.3235081806
0.3827603222
0.3479778118
0.4190752681
0.4326557422
0.5193588235
0.4204659188
0.2924761241
0.3773643177
0.4008072906
0.5404864741
0.4136618088
0.3978340804
0.4501407845
0.4544680480
0.4635333820
0.3920163401
0.5900983028
0.4601243267
0.3522932499
0.2850658097
0.3724560073
0.3657680320
0.4855380465
0.4937231610
0.4786800336
0.5046303563
0.3481084853
0.4805654007
0.2673849769
0.3634438373
0.5844427303
0.5480526571
0.5863415283
0.3396700126
0.4751531542
0.3693706826
0.5581973535
0.3587366412
0.5421118036
0.3133300598
0.4542337375
0.3263509310
0.3922545121
0.4505835982
0.4732872715
0.3017871670
0.3826798783
0.4415877552
0.6163634288
0.5476028705
0.6109391284
0.5416434916
0.4257486133
0.6375835004
0.5475673474
0.4343163368
0.5073875419
0.4127528911
0.4497211969
0.4994076214
0.5357684575
0.5155449653
0.6917758327
0.4695657226
0.5954931295
0.5490890116
0.5057580639
0.5057569329
0.3324295630
0.4144932365
0.5732364434
0.4341536970
0.5036563685
0.3895869437
0.5470107783
0.4830959863
0.5153917225
0.6702203718
0.5077758235
0.4998734535
0.5249340648
0.6052608475
0.5342496417
0.6226704345
0.5344677747
0.6562733660
0.5482326129
0.5731477721
0.6502981868
0.5234622937
0.5501987760
0.5598633672
0.5240527369
0.4541552280
0.5232394938
0.5584013270
0.6191196736
0.5447757576
0.5681489640
0.6046780797
0.7136506146
0.6442478682
0.6870034015
0.6115373186
0.5478086172
0.6252115832
0.7405407877
0.6611849594
0.5789553270
0.7279135950
0.6256523219
0.7068718038
0.6596267029
0.6461073891
0.4851056042
0.6685473188
0.6698595826
0.8274279906
0.5062203458
0.6205341062
0.6837264335
0.7240025980
0.6714515045
0.5906395631
0.6644345964
0.7836566012
0.6162262136
0.6808967194
0.6876674356
0.5324146695
0.7097551742
0.6645383820
0.6927588836
0.6358697202
0.6170695576
0.6208735885
0.7482675173
0.7018336008
0.7470696449
0.7505961936
0.6354014363
0.6281306238
0.5022250566
0.7146768618
0.7479082756
0.8341374169
0.7482117829
0.6486357755
0.6453468094
0.7103740308
0.5808483710
0.5185379733
0.4861478321
0.7356466561
0.7296914707
0.6365624568
0.6312937074
0.5187399060
0.7503413942
0.9208926173
0.6793583505
0.7716465145
0.7989898237
0.7392185795
0.6653395867
0.8219960351
0.8412425095
0.7207799315
0.6308486525
0.7164683605
0.7014292920
0.7574455901
0.7169768959
0.8000529762
0.6972154962
0.7017587829
0.7018713553
0.6462129191
0.6502598185
0.8181860971
0.7845484372
0.6915426644
0.7011269058
0.6891980945
0.7992173808
0.6857072604
0.8187179931
0.7552701919
0.7008255812
0.6969649849
0.8478876235
0.7305832297
0.7701037519
0.8664285017
0.6000121840
0.8820125653
0.8455984975
0.8712869898
0.8379784479
0.7188474959
0.6951742924
0.8390555462
0.7676602927
0.7803164076
0.6903506935
0.7248145141
0.7831250615
0.7012137815
0.8638220308
0.8418791500
0.8241101049
0.7648089521
0.8697890009
0.9380163175
0.8670025243
0.8436763982
0.8835677336
0.9014221722
0.7269664728
0.8985526861
0.9191143126
0.7814635699
0.8550744465
0.8440175762
0.7705222794
1.0142088088
0.8698910025
0.7827774338
0.8710926963
0.7311822464
0.7503406215
0.8182126739
0.7981820457
0.7487219060
0.8640636596
0.8783633111
0.8982535268
0.8413132607
0.8818446927
0.9174096794
0.9150956106
0.9416482272
0.9957363099
0.8472009690
0.8741271255
0.8652641741
0.8030464331
0.9629473043
0.8188153575
1.0751447327
0.8680380694
0.8695862321
0.8397984980
0.9500025927
0.9059930709
0.8850356342
0.9379203719
0.8567094957
0.7913676581
0.8375645169
0.8467454386
0.6494979399
0.9383323665
1.1062959472
0.9861032390
1.0019134778
0.9254866441
0.9013894278
0.9660203641
0.9979683932
1.1465309423
0.8023151991
0.9497668493
0.9953372027
0.8793461313
0.8809290271
0.9242624035
0.9157629335
0.8866047862
0.9195159771
0.9240510118
0.8205001418
0.9893064501
1.0031693823
1.0485193029
1.0140783033
1.0158829515
0.8176368499
1.0159548166
1.0164275494
1.0712224575
1.0291298243
0.8980702033
0.8504818338
1.0703525940
1.1795095211
0.9495082513
0.8281414830
0.9097305702
0.9614359351
0.9278750120
1.0042966725
0.9502162247
