-0.8902552499
-1.0174589804
-0.9883281254
-0.9337244875
-0.9559516132
-0.9361525069
-1.0127979882
-0.9241228153
-0.9608010236
-0.9954516051
-1.0423255293
-0.9859160687
-1.0775190480
-1.0089841688
-0.9652577367
-0.9599139491
-1.0222506713
-1.0427040143
-0.8763124995
-0.7385278105
-0.9919450090
-0.8637795599
-0.9377744316
-1.0264675807
-0.9266400293
-0.8913510815
-0.9935685092
-0.8008807930
-0.9817149398
-0.9016630767
-1.0084380442
-0.8537769247
-0.7747754411
-1.0680349201
-0.8471922690
-1.0214724987
-0.9286077764
-0.8118882844
-0.7612410979
-0.8114982088
-0.9058018735
-0.7445363390
-1.0449320594
-0.9161012665
-0.9579874183
-0.7264739699
-0.8283318300
-0.8619944948
-0.9306517662
-0.8137532546
-0.7976173936
-0.9111140153
-0.9351708553
-0.8670919820
-0.8916935754
-0.9748492230
-1.0501492087
-0.8108979873
-0.9448387505
-0.7772625140
-0.8553808755
-0.9655186179
-0.8449894763
-0.8147815016
-0.9322511422
-0.9045635343
-0.8559522486
-0.9194278658
-0.9208507865
-0.8306534187
-0.9234931585
-0.7558509129
-0.7061734609
-0.7470711173
-0.9531797005
-0.9534164056
-0.8200192213
-0.8459280551
-0.8378442045
-0.7757986297
-0.7858759071
-0.7642982149
-0.7800628002
-0.9847956170
-0.7477357158
-0.7135356220
-0.8062633422
-0.9685535733
-0.9666654464
-0.7735146431
-0.8385072890
-0.5405803330
-0.6510728161
-0.8601138622
-0.9249698101
-0.7711668127
-0.7743247178
-0.7911343962
-0.8375466378
-0.8301988290
-0.8721866295
-0.8334030939
-0.7374418846
-0.8408940218
-0.8362757328
-0.8082080075
-0.9169867304
-0.9729658061
-0.8831050237
-0.7350293790
-0.8036274225
-0.8573079950
-0.7380557781
-0.7964126923
-0.8348115520
-0.6763354850
-0.6888638742
-0.6063744355
-0.8228472642
-0.6021906718
-0.6022848973
-0.6918316565
-0.8183818312
-0.6971271042
-0.6959772784
-0.5578210172
-0.6050732411
-0.6133955057
-0.9107719084
-0.6945677624
-0.6865542178
-0.6708654255
-0.6996972272
-0.7373244547
-0.7104412694
-0.7729670368
-0.6205964588
-0.6886324241
-0.7231322378
-0.6522959147
-0.7963728814
-0.6757220742
-0.7088841413
-0.8028409908
-0.6376007997
-0.8129642597
-0.6902403138
-0.7362377310
-0.7693740795
-0.5095834264
-0.6988953301
-0.7985346329
-0.5692419851
-0.6459113191
-0.6638501715
-0.6654004363
-0.7377855171
-0.5797030028
-0.6883597768
-0.7921420787
-0.8135180268
-0.6058721058
-0.5310095426
-0.6870350970
-0.5919758981
-0.7062518190
-0.7485640768
-0.6773990223
-0.6065743690
-0.7822029007
-0.7164368563
-0.6604806336
-0.7058238002
-0.6501089550
-0.6105674356
-0.7020362459
-0.6425278629
-0.6503789260
-0.6445433550
-0.5914392626
-0.6148507183
-0.5068908420
-0.7202873232
-0.5952642988
-0.7043454553
-0.7338668737
-0.5199819201
-0.6267260248
-0.6014591814
-0.7104809361
-0.6980370686
-0.6882452684
-0.7134458248
-0.6940288218
-0.6625022321
-0.5835213543
-0.6251545884
-0.4744248709
-0.6297370419
-0.5859933094
-0.5168849097
-0.5510644705
-0.4976254420
-0.5181156763
-0.5924168983
-0.5756660274
-0.6770503683
-0.5187734597
-0.5433085324
-0.5507469233
-0.8156267692
-0.6635378590
-0.6139399192
-0.6210967933
-0.3678228606
-0.4395940173
-0.5568427082
-0.5240020597
-0.5304907740
-0.6109992958
-0.6078968671
-0.6368218752
-0.4963204997
-0.5415704883
-0.6101110260
-0.5033332833
-0.6358895186
-0.4978584141
-0.5776892666
-0.5331177439
-0.3223423773
-0.5931227510
-0.5952344993
-0.5893296576
-0.6147778170
-0.5060161758
-0.5159226914
-0.4901264836
-0.5396704912
-0.5145702311
-0.5762841806
-0.6103260511
-0.4576041406
-0.4837256391
-0.5025456341
-0.5471512582
-0.5411067330
-0.5452763717
-0.4408949715
-0.5385783461
-0.4205400535
-0.5304923091
-0.4601264754
-0.4887822365
-0.5584131558
-0.5173761085
-0.3212895280
-0.4607357368
-0.5961786950
-0.4020984053
-0.3397590905
-0.4803453319
-0.4482412079
-0.3640094916
-0.5420465172
-0.5935070623
-0.4839831386
-0.5305530032
-0.4115441685
-0.3906371803
-0.3843083387
-0.3808844371
-0.4140361095
-0.4351861010
-0.5724845455
-0.5246774438
-0.3860070164
-0.4351559053
-0.4265025586
-0.3522999942
-0.3269247634
-0.5448649591
-0.3739692961
-0.3535997690
-0.4783134000
-0.4141314255
-0.3988685260
-0.3933921294
-0.4736969754
-0.4117557652
-0.4947822523
-0.4924036767
-0.5184641326
-0.3772204298
-0.5501356847
-0.3133282774
-0.3448816756
-0.4401630835
-0.2762444901
-0.3689024028
-0.3737698067
-0.4469124869
-0.4497390837
-0.3204191935
-0.2502051594
-0.4511917788
-0.3581211324
-0.4384990997
-0.3452772941
-0.3014221795
-0.4819798187
-0.3912937222
-0.4702999854
-0.3242739383
-0.3681155045
-0.2754498488
-0.5466229414
-0.2760576485
-0.4078847173
-0.2237673661
-0.2856352093
-0.3372051920
-0.2503012685
-0.3168744807
-0.2917991565
-0.3960227514
-0.3938821776
-0.5422279191
-0.3634718611
-0.2915277022
-0.2675884240
-0.4463147003
-0.3679802543
-0.4098601675
-0.3530678443
-0.2042641736
-0.4249124189
-0.3327577946
-0.2725284557
-0.3353173470
-0.3691649111
-0.1802244089
-0.2308016903
-0.1073799315
-0.4286443114
-0.3598657101
-0.3011783244
-0.3243899265
-0.2765746676
-0.3254171509
-0.2726191324
-0.3592748242
-0.2120191826
-0.2068480512
-0.3837103498
-0.2252620066
-0.4329480683
-0.3460474454
-0.3689446347
-0.2903352149
-0.3062872788
-0.3067390298
-0.2428260964
-0.4004078365
-0.4844913084
-0.4187310781
-0.2480631226
-0.3340615058
-0.1133655929
-0.2858180764
-0.2056384867
-0.2221060354
-0.2058966269
-0.2216181713
-0.2847923313
-0.2004034727
-0.2416486674
-0.3095960304
-0.2103944594
-0.2283388371
-0.3696831524
-0.0973937738
-0.3007522408
-0.4151759273
-0.3112151406
-0.2717911311
-0.1367372336
-0.1381068568
-0.1120438267
0.0028670414
-0.2968209695
-0.3430162418
-0.1869790153
-0.2871056379
-0.1854659275
-0.2336786303
-0.2099941671
-0.2589496924
-0.2992333422
-0.3310842650
-0.2693815592
-0.2090602340
-0.0917283176
-0.1684854131
-0.1097101450
-0.1453561163
-0.2906608710
-0.0208970573
-0.1929848055
-0.1468653405
-0.1971802588
-0.1278077657
-0.0640357353
-0.0724890929
-0.2674528896
-0.2396098838
-0.0917590320
-0.2961747810
-0.1582445240
-0.2174396063
-0.3272198057
-0.2092999523
-0.0662553273
-0.1026914803
-0.0088557677
-0.1938974856
-0.2165348896
-0.0884413478
-0.0932620266
-0.0862645934
-0.1674970916
-0.1762170982
-0.1067222612
-0.0822235147
-0.0353557593
-0.1770712354
-0.0356723119
-0.0258882529
-0.2720769260
-0.0768953172
-0.0300698567
-0.1087452022
-0.1032550547
-0.0245321997
-0.0226436476
-0.1285304388
-0.0976344617
-0.0722258970
-0.1103790658
-0.0285492830
-0.0420522541
-0.1185783224
-0.1488239445
0.0136247695
-0.1000170659
-0.1121222246
-0.1236648153
0.0012396762
0.0124611961
-0.1306854818
-0.1283177470
-0.0879254960
-0.1324589665
-0.1383349329
-0.0722461612
-0.1234528674
-0.0232524288
-0.0365186346
-0.0803513132
-0.1336640909
-0.1814639881
-0.1458420438
-0.1445167386
-0.1475627884
-0.1355681346
-0.0448389525
-0.0173111624
0.1178461901
-0.0604954005
0.0106654903
0.2196182775
-0.0076741772
0.0133150131
0.0907276796
0.0318526510
-0.1694041174
-0.1554313007
-0.1311517655
-0.0258949396
0.0629221905
-0.0879697617
0.0707014780
0.0099534845
0.0001941873
0.0563197912
-0.0386475980
-0.0338081264
0.0042964942
-0.1381535138
-0.0797004436
-0.0810265251
0.0683796073
0.1527437055
-0.0226858942
-0.0878345700
0.0548305336
-0.1006609142
0.1003217517
-0.1380225079
0.0480153476
-0.0068283192
0.1899567771
0.0005941006
0.0340046264
0.0373531765
0.1007130647
-0.0143404107
-0.1496856886
0.1093469267
-0.1403289314
-0.0543695431
0.0145285944
0.1143822210
-0.2157486780
-0.1190845669
-0.0308934990
-0.1262358102
0.1058605263
-0.0692254219
0.0409649333
0.1060505712
-0.0504894474
0.0037105708
-0.0997888859
0.0611439701
0.1147620217
0.0218764818
-0.0254640738
-0.0102807939
0.0803070160
0.1087971855
0.0882966923
0.0797278039
0.3395768410
-0.0728548569
0.2497804538
0.1794300342
0.1576162467
0.0312155921
0.0901226206
0.1876955592
0.0036506291
0.0757250758
-0.0316670282
0.1020746286
-0.0591651041
0.1470201367
0.1407665085
0.1107774019
0.1074714781
0.0992694826
0.1229727610
0.1665102090
0.1451093594
0.0958288409
0.0778338773
0.1475625841
0.0617698185
0.1745528952
0.1432464383
0.2652195858
0.0390648866
0.1994257828
0.1460931281
0.0169855385
0.1389000057
0.0342510938
0.1712897618
0.1885521022
0.2699267613
0.1318554407
0.2023670003
0.1775332852
0.2094527095
0.1000169807
0.1065258143
0.2809821211
0.1797498251
0.0848467343
0.1606069830
0.2091636914
0.3187144300
0.2489120047
0.1887081087
0.2695097227
0.0520637670
0.2100950110
0.2692637305
0.2538262397
0.1901611952
0.0114712005
0.2476393957
0.1807791554
0.3088142403
0.2610919929
0.1338109546
0.1882828218
0.3121651609
0.1141697107
0.2617848469
0.1433628155
0.1326566086
0.2981931082
0.3044069534
0.2679338233
0.1719090817
0.2325422644
0.0830151462
0.2663143013
0.3655812444
0.3968744374
0.1216823164
0.3923613877
0.2019438698
0.2894022657
0.2197001094
0.1868679655
0.1548126051
0.2268823186
0.2575738483
0.4248962271
0.2544872926
0.1398310955
0.1982703229
0.3370438987
0.2260440888
0.3573969483
0.2961195415
0.3308870789
0.2549451369
0.2875129456
0.1413151188
0.2730899919
0.1329810404
0.2844366272
0.3943785898
0.3909181072
0.1690239569
0.3548136527
0.4838387857
0.1834285030
0.2559788818
0.1639907221
0.2987875850
0.1764918473
0.2290548695
0.3327870496
0.2343994660
0.3130857578
0.2524557457
0.3116001213
0.3777801239
0.2670366691
0.2316175462
0.2545117208
0.2781840387
0.3516414200
0.3323212626
0.2289739340
0.3538526827
0.4218018157
0.2749272818
0.3483243679
0.3117189611
0.2209379750
0.2996977002
0.4583745910
0.3000464140
0.3321688166
0.4084177540
0.3860473316
0.3047643161
0.2553207622
0.3196677921
0.4166238203
0.3715182244
0.4772051992
0.4048311572
0.5046643313
0.4000271730
0.3305309535
0.4345122326
0.2808126449
0.4055079534
0.2343964200
0.4343263590
0.3943275043
0.3467601551
0.4652005200
0.3075849227
0.4061383046
0.3600405019
0.4988727497
0.4399295688
0.3112815842
0.5012098891
0.4048603910
0.3812307114
0.4092047467
0.3877004621
0.4452608336
0.3686051148
0.3702676667
0.4281354241
0.3543770128
0.2633650129
0.4444925542
0.4276035822
0.4511965850
0.4460920081
0.5227283942
0.4185922924
0.4073801616
0.5914643324
0.4952444347
0.4637351155
0.4821381964
0.5145391161
0.5147673302
0.3682881325
0.4886675947
0.5435515116
0.3393205330
0.5697012863
0.5905300325
0.5489509175
0.3156392686
0.3981747182
0.5157432706
0.5801800100
0.6241241615
0.5443325038
0.5287702688
0.4205316097
0.3860506212
0.5276146604
0.5517800752
0.4588956239
0.6020897106
0.5558160874
0.4355021151
0.6698314739
0.5181371902
0.5012588099
0.5544411044
0.4824488178
0.5096265570
0.6582177636
0.5302360691
0.4154038239
0.5410355093
0.5312624813
0.5098598487
0.5774536827
0.5149353872
0.7596793574
0.5113963492
0.5358836824
0.3617192878
0.5062197372
0.4673612084
0.5254203031
0.5888708090
0.5802746580
0.4040626149
0.6464294121
0.5682959423
0.4850449574
0.7327680029
0.6158385297
0.6020646283
0.7252274060
0.5016897101
0.5969845039
0.5878438010
0.4843709315
0.6001563051
0.5715232992
0.6446655254
0.6595266399
0.5315167114
0.4298659465
0.5643845161
0.4874050298
0.4674145766
0.6841524339
0.4372872487
0.5432017125
0.4329293376
0.5839098602
0.6540548868
0.5673201852
0.6548366888
0.6637065468
0.4958717236
0.5537184251
0.6674904665
0.5703969743
0.5536353638
0.5449643215
0.7543227810
0.5606913184
0.5587592276
0.6560947391
0.6636528928
0.4669047406
0.6322576251
0.6325300736
0.6470060322
0.7723627290
0.4552807518
0.5818969159
0.7226342963
0.7759937181
0.5696449738
0.5344314436
0.6132831344
0.8853658514
0.6318171783
0.6248519080
0.7523997383
0.5416282539
0.7364043604
0.7204156581
0.6363731565
0.6667784325
0.6514790535
0.5895449521
0.7116514019
0.7600423633
0.7288041216
0.6322135668
0.6037388077
0.6567939902
0.5881764243
0.7870180370
0.6802603824
0.6957788927
0.7373102760
0.7938431418
0.6812556930
0.7571786913
0.6550426924
0.5424464534
0.7218831409
0.6043732726
0.6830558291
0.6134033336
0.7307843757
0.7943820027
0.7572732634
0.6630901643
0.6419295400
0.6524257165
0.8396458327
0.7574032539
0.8481944703
0.9512808445
0.8168783660
0.7742101401
0.6808936184
0.6911650393
0.6177787890
0.7069219742
0.8589874221
0.8483910073
0.8503260649
0.6827853186
0.6606208239
0.8273746566
0.7862009422
0.7499102761
0.7585714640
0.7842852067
0.8141216270
0.6916722448
0.9138261873
0.8172229276
0.8371078976
0.7359122533
0.8121281560
0.9313791155
0.7074470674
0.7124704891
0.8411894102
0.8094237719
0.6720645396
0.7915866441
0.7925500989
0.8417545880
0.7286768759
0.7208500124
0.8026333783
0.7483672320
0.7902123489
0.9309697816
0.7425402491
0.8415788826
0.8942885165
0.7988647952
0.9253712706
0.7876211680
0.9234214460
1.0040752019
0.7864587066
0.7889312036
0.8170844786
0.9176238793
0.8735170070
0.8296742068
0.8154345817
0.7787191306
0.8938460706
0.8557283036
0.8475690122
0.9531146139
0.8683512314
0.8103193626
0.9492278730
0.8561650438
0.8186847292
0.7568430361
0.9672273213
0.7704859573
0.8940024529
0.8686817453
0.8483994620
0.9063409332
0.9688333150
0.8969363735
1.0156201405
0.8324904825
0.8421810100
0.9298906783
0.7970178831
0.8949033801
0.7456661902
0.9431997927
0.9984156726
0.8216330400
0.8271009023
0.9589955152
0.9028775737
0.9529969410
0.9159434497
0.8141188098
0.8366452725
0.8601072311
0.8649292470
0.9450458573
0.9508106912
0.9889561664
0.8672968578
0.8793622769
1.0514005672
1.0837749182
0.9571144922
0.9019671484
0.8988436670
1.0249871391
0.9075855900
0.9747577726
0.9416700140
0.9163910116
0.9007680179
0.8919592678
1.0113266651
0.9754122591
0.9157033367
1.0745891526
0.8697960739
0.9536305647
0.8890195837
1.0328900662
0.9463164308
0.9045591135
1.0005378499
0.9584056801
1.0246904183
1.0043467916
1.0703624883
1.0991763205
1.0494309127
0.9896687091
1.0407781931
0.9240380882
1.0518782875
1.0256266357
1.0164234887
1.0988020297
