-1.0759372705
-0.8927275483
-0.8440794525
-0.9577673540
-0.9508384663
-0.9681124387
-1.0587259006
-1.1385246219
-0.9351175615
-1.1488537135
-0.9956377971
-0.8063330058
-1.0200359159
-1.1219661418
-0.9783980267
-0.7951375498
-1.1337724595
-1.0654997583
-0.9538989549
-1.0292859892
-0.8932538819
-0.9512110039
-0.9690252392
-0.9899370262
-1.0684872182
-0.7568262728
-1.0566337821
-0.8707738652
-0.9600966295
-1.0214101662
-0.9742966077
-1.1012404541
-0.7109357493
-1.0302102542
-0.9198702894
-1.0259991771
-1.0338596304
-0.8837919215
-0.9372205153
-0.9729773888
-0.8423213743
-0.8810431699
-0.9971871374
-0.8633176512
-0.9551236739
-0.9121600849
-0.9546936926
-0.8209028072
-0.9034962706
-0.8525975822
-0.7047215267
-0.8426369612
-0.9287369807
-0.9295000438
-0.9818383318
-1.0077755230
-0.9609657702
-0.8131800878
-1.0827565538
-0.9968033694
-0.8361279404
-0.9312406209
-0.7216280856
-0.9280706096
-0.8176977270
-0.7893161120
-0.7647130411
-0.9909002038
-0.9275914452
-0.7641111873
-0.8446479397
-0.9274528703
-0.8729833496
-0.9733209972
-0.9291750718
-0.8683104758
-0.8649693642
-0.7818163348
-0.8614214418
-0.7813661020
-0.8944951637
-0.9023511503
-1.0594666446
-0.8883903666
-0.9213668686
-0.7423521780
-0.6485864622
-0.9088307416
-0.7264784367
-0.6984765596
-0.9941693850
-0.6867480063
-0.9146686771
-0.7679588166
-0.9085773961
-0.8354612695
-0.8548084737
-0.8057386374
-0.7363052379
-0.7594617730
-0.7617079715
-0.6645778168
-0.8420719835
-0.7367954518
-0.7558850266
-0.7442261856
-0.5616565711
-0.7821407731
-0.7659819649
-0.8306990089
-0.8516209761
-0.7848892753
-0.7311192150
-0.7405525842
-0.8120145696
-0.7858406720
-0.7762939246
-0.5321868571
-0.7048677418
-0.7573995224
-0.7747471367
-0.6212033122
-0.7291355815
-0.6629013221
-0.7763447193
-0.7872009108
-0.6819409791
-0.7578686619
-0.6142241592
-0.5785661503
-0.8652099881
-0.6928333880
-0.7689446225
-0.7177819653
-0.7992337588
-0.6016826975
-0.5338119679
-0.7317638901
-0.8799742251
-0.8438357577
-0.7047318882
-0.6740932380
-0.6945554293
-0.6780757053
-0.7049819568
-0.7041111205
-0.7135721059
-0.5981413857
-0.7934989036
-0.7507626791
-0.7748956875
-0.6892362802
-0.7658389811
-0.6384179886
-0.6947818966
-0.8531427004
-0.6985035196
-0.7200991462
-0.6098724037
-0.6728267872
-0.6016572710
-0.5971362403
-0.7944862536
-0.7532089232
-0.8333617531
-0.7083954385
-0.6174382782
-0.6106139770
-0.6915231597
-0.5827206780
-0.6701460063
-0.6225491918
-0.5520276327
-0.7062088632
-0.6384408517
-0.7256522321
-0.5310657471
-0.7466866440
-0.7615486146
-0.5326767560
-0.7128168074
-0.6777081758
-0.6387716149
-0.6575333957
-0.5538329308
-0.6390004320
-0.5869433105
-0.5589942011
-0.6723414283
-0.7315531317
-0.6369207115
-0.5142754776
-0.6324691243
-0.5274025124
-0.6808079449
-0.5352789226
-0.5859729982
-0.6494570273
-0.6806161186
-0.5989265357
-0.6147809145
-0.6854861291
-0.6910740850
-0.6459288910
-0.5852965737
-0.5530686008
-0.7303306409
-0.6118991713
-0.6626166602
-0.5989758569
-0.6679953942
-0.7069993688
-0.6327498672
-0.6268606530
-0.6637076219
-0.7071650110
-0.4307969195
-0.5914255872
-0.4761357904
-0.5958976566
-0.4715621685
-0.6295668946
-0.6272241001
-0.5796394826
-0.5626450768
-0.6187423218
-0.5687791066
-0.3937645058
-0.6346284758
-0.4448684597
-0.5487399219
-0.6210249668
-0.6528499977
-0.5611091648
-0.4546539023
-0.5126106315
-0.5434508282
-0.4745403356
-0.4983514678
-0.5881310639
-0.4620885040
-0.7561998076
-0.3534649385
-0.5116441591
-0.4679531607
-0.5501020095
-0.4618682564
-0.5668371513
-0.5966288976
-0.3673339573
-0.5267730592
-0.5948427704
-0.4692634629
-0.6441973501
-0.3789922605
-0.4662023721
-0.5392942330
-0.5033297736
-0.3186769319
-0.3835732867
-0.3592324993
-0.5304554174
-0.5368772346
-0.4475276474
-0.5491983750
-0.3332641391
-0.2574834684
-0.4355866144
-0.4538616141
-0.5798444140
-0.3076019184
-0.5567558745
-0.4785761478
-0.3906605774
-0.4816854071
-0.3614338343
-0.5168372036
-0.4371835799
-0.4769596251
-0.5800783624
-0.4672005472
-0.3294865322
-0.4934012526
-0.4943261537
-0.2897468750
-0.3349067121
-0.2299610280
-0.4243012820
-0.4834050889
-0.4598118701
-0.4070538051
-0.4867984923
-0.4382856751
-0.3984523203
-0.2932590171
-0.4259300711
-0.4613757577
-0.4406360895
-0.3481141527
-0.5209301745
-0.2591249893
-0.3728167848
-0.3669255600
-0.2690706671
-0.4820858693
-0.3903701585
-0.4071885391
-0.4931937889
-0.3624929159
-0.0997524986
-0.3589341017
-0.3601871895
-0.3514545833
-0.3865833671
-0.4619510704
-0.4752335000
-0.2218317647
-0.3614367789
-0.3781184611
-0.3347594124
-0.3878642150
-0.3262389922
-0.3266669245
-0.2046931987
-0.3627567230
-0.5470628968
-0.2919287831
-0.5227309443
-0.2996893377
-0.4688370577
-0.4378702054
-0.3777871414
-0.4179227454
-0.4111034435
-0.2910840928
-0.2144562631
-0.3171083941
-0.4062284579
-0.2816873930
-0.3520730909
-0.2612727337
-0.2313989144
-0.4084927393
-0.4105296864
-0.4376134693
-0.3117926543
-0.4386077687
-0.2693198102
-0.3210871464
-0.0979220746
-0.3399345951
-0.2794690819
-0.2112522543
-0.3038811732
-0.4391701328
-0.2740005346
-0.2297567254
-0.3593361356
-0.3009035637
-0.4553499699
-0.2862545933
-0.2388943632
-0.1572194203
-0.4300423884
-0.3138793289
-0.2014940324
-0.3788382961
-0.3720043105
-0.2669338703
-0.2282806008
-0.3051688430
-0.3237602419
-0.1794168851
-0.1099822709
-0.4263535591
-0.1651612331
-0.2746030414
-0.2571953752
-0.1721395160
-0.2562452152
-0.1507891408
-0.2399355371
-0.2143112466
-0.3853524643
-0.1873205269
-0.4044882907
-0.2723761895
-0.4742635776
-0.2432091021
-0.2165650378
-0.0722327444
-0.2048455131
-0.3026009538
-0.2216374056
-0.2385887458
-0.1502525613
-0.0756239166
-0.2328138284
-0.2862725330
-0.1920413128
-0.1954106270
-0.1542269199
-0.2127618655
-0.2118407021
-0.2230097763
-0.1351003672
-0.2272474383
-0.2454580923
-0.1020691121
-0.1547216073
-0.2478288186
-0.1863477369
-0.2250212761
-0.1349113498
-0.2519838829
-0.0763580905
-0.1612033887
-0.1086959260
-0.0965601801
-0.2789551787
-0.1610527539
-0.0169162209
-0.0620975701
-0.2289197128
-0.1082861387
-0.1017021381
-0.1586887184
-0.2038400027
-0.1912239715
-0.1571575864
-0.2266622221
-0.0261192453
-0.0751681807
-0.0233834813
-0.0089356371
-0.1601095754
-0.0151632038
-0.1026410646
-0.0773939168
-0.1010044927
-0.0449907268
-0.1316776154
-0.0916157013
0.0167497920
-0.2585353311
-0.1345127819
-0.0713461900
-0.1282757781
-0.1356721245
-0.0879330744
-0.1506103569
-0.0295304845
-0.2439466236
-0.1130125959
-0.1281478652
-0.0445451664
-0.1546146519
-0.0972172351
-0.0553702045
-0.1687347574
-0.1421426627
-0.0880690720
-0.0845957767
-0.2045238200
-0.0509461896
-0.1872589171
-0.0991426518
-0.1064743052
-0.0657216610
0.0743511452
-0.1653876503
-0.0651204475
-0.0458657386
0.0203298991
-0.0184916211
-0.0237554131
-0.1633526717
-0.0244589482
-0.0253344490
-0.0773395815
0.0731598079
-0.0944924080
-0.0790347067
-0.0645208101
0.0956782912
-0.2860704508
-0.0656693060
-0.0882958497
-0.0992589796
-0.0583504672
-0.1221544754
-0.0017486263
0.0268062266
0.0366375675
0.0583867562
-0.0338097963
-0.1240178507
0.1312104283
-0.0208711122
0.0576832872
0.0365845224
-0.0571250907
0.0238846006
-0.0256502294
-0.0310477546
0.0636492918
-0.0229169971
-0.1599742590
0.1774513161
0.0228641651
0.1769606244
0.0423490533
0.0987303648
-0.0861072179
0.0395891742
-0.0050771613
-0.0117259836
0.1146685102
-0.0491758219
0.1283285436
0.0399975637
0.2268133497
0.2468146282
0.0901320731
0.1348621096
-0.0422422631
0.0748063421
-0.0367723794
-0.0443555482
0.1347576337
0.0226207060
0.0582655712
-0.0091240975
-0.0323762776
0.0303956785
0.1125639873
-0.0293522327
0.0370831995
0.0736636111
0.0981289131
0.0345154328
0.0920844166
0.0694474017
0.1458652138
0.0158891988
0.0305156457
0.1118814650
-0.0224630223
-0.0173438076
0.1660490441
0.1398405991
0.1986250533
0.0756196590
0.0132909939
0.0500500855
0.1553027025
0.1979014219
0.0136682412
0.3900026601
-0.0377085653
0.1157630738
0.2532630360
0.0342096510
0.2496764956
0.2297448746
0.0858967463
0.1686408047
0.2492531455
0.1340949619
0.2225848117
0.1236811190
0.1391544976
0.0911138215
0.1231300148
0.2644881188
0.1567521150
0.2319026406
0.0337442542
0.1859691390
0.1454430819
0.1658317803
0.0998298620
0.2023119595
0.2290218336
0.1036769544
0.0578912673
0.1843141121
0.2921664916
0.1785372807
0.1240572839
0.2181978696
0.3015326517
0.0665053489
0.1001981676
0.2287393053
0.0692066850
0.1733460618
0.2967808051
0.1916037711
0.1500915431
0.2461799750
0.2516531956
0.1728765733
0.1223881271
0.0863531494
0.3370394356
0.1638685234
0.1829317487
0.2446317422
0.3466801092
0.3730672090
0.4027323810
0.1848068591
0.2230072260
0.0780817843
0.4115371519
0.1603453428
0.2128326039
0.2153208227
0.2265195502
0.2633156583
0.1990959925
0.2466517091
0.2183803791
0.2548437567
0.4365159784
0.1851819740
0.2403749437
0.1706781229
0.1916088482
0.3203680279
0.3357758948
0.2289847651
0.1523062607
0.3476955258
0.3448353088
0.2108602836
0.3361139669
0.2726449994
0.2126709597
0.3292931969
0.1563340506
0.3722883755
0.1753809259
0.1872868381
0.3699859068
0.2991892396
0.2663958426
0.2461131124
0.2638904141
0.4822540076
0.3741757141
0.4343402862
0.3038248690
0.2761016642
0.2759846263
0.2430080262
0.3982079689
0.3157448603
0.2227183393
0.2453913065
0.1778048474
0.4387235624
0.3535028999
0.2796262281
0.3339715463
0.3730242718
0.3572476917
0.2301505613
0.1534290598
0.1738910340
0.3529439342
0.4722092574
0.2717434743
0.3490206395
0.3600209736
0.3734127559
0.4423686427
0.5102638887
0.3932155164
0.3500111151
0.2446398016
0.4192659959
0.4877878707
0.4785581276
0.3583401429
0.4423936980
0.2903314005
0.3645047312
0.2295772618
0.2688501981
0.3602645598
0.3409584431
0.3868070551
0.2222112338
0.3749195728
0.3451365946
0.3965494307
0.3520133045
0.4217663072
0.4395368488
0.5080519529
0.4372458084
0.2669973658
0.3801289537
0.3774865842
0.5387473116
0.4107639819
0.3972020289
0.4403500039
0.4501367541
0.4841793083
0.4003966444
0.6001317071
0.4702031821
0.3564878409
0.2904029501
0.3859043270
0.3724432980
0.4560703995
0.4876816202
0.4881715905
0.5090690497
0.3302481385
0.5042833726
0.2669504274
0.3894130468
0.5669161406
0.5604345395
0.5965242500
0.3276357925
0.4636615370
0.3725480439
0.5669955472
0.3830782609
0.5354599686
0.3188429228
0.4336678971
0.2977925017
0.4116139684
0.4787974962
0.4757738850
0.2884779433
0.3810571388
0.4449795235
0.5947154008
0.5552918894
0.6036170831
0.5319569157
0.4430983886
0.6418346722
0.5637605341
0.4500573091
0.4979513733
0.3938628859
0.4454661783
0.4916812321
0.5282634392
0.5042075468
0.6938162093
0.4841448955
0.6111262886
0.5359719602
0.5199484819
0.4940900113
0.3511327926
0.3905239961
0.5551724269
0.4482116299
0.5207934144
0.4081757964
0.5419372239
0.4932454320
0.5002070989
0.7143029762
0.5118874908
0.4948519560
0.5483107478
0.6083122516
0.5195954836
0.6214015873
0.5219970823
0.6554108234
0.5523659184
0.5555006757
0.6461534984
0.5160643657
0.5409786500
0.5622144281
0.5402006000
0.4527343953
0.5262791131
0.5537800334
0.6234181083
0.5420182592
0.5889497527
0.6286447893
0.7135913648
0.6580057084
0.6676609834
0.6121738481
0.5597863542
0.6213972917
0.7396883313
0.6520850315
0.5769358216
0.7421165274
0.6252695619
0.6841344793
0.6396858426
0.6537155635
0.4776575715
0.6927349174
0.6880669865
0.7996221764
0.5278661086
0.6509038106
0.6767314553
0.7160892984
0.6608393004
0.5898433872
0.6763508560
0.7633696334
0.6250317839
0.6924138430
0.6789244994
0.5258259822
0.7004623379
0.6657978019
0.6823989671
0.6359285124
0.6381300250
0.6250123383
0.7430667242
0.7012520999
0.7564214725
0.7370389980
0.6426834809
0.6120298417
0.4868291818
0.7047806640
0.7127393318
0.8136206987
0.7277536498
0.6465245808
0.6532313558
0.7316185156
0.5683198783
0.5200978063
0.4827361328
0.7339529945
0.7138093162
0.6244428735
0.6324977430
0.4956450697
0.7499676465
0.9345546537
0.6986498560
0.7623557578
0.7961068784
0.7479161222
0.6745382734
0.8265627395
0.8408551571
0.6832617528
0.6383474606
0.6988408656
0.6958464490
0.7728260638
0.7184059775
0.7928161209
0.6883093172
0.6774722554
0.6992174235
0.6440832358
0.6507419275
0.7923062014
0.8071928995
0.6890670064
0.7192213051
0.7057234441
0.7953288218
0.6754319625
0.8206481685
0.7633921586
0.7128537457
0.6882238572
0.8473997370
0.7414466179
0.7739496507
0.8665419958
0.5999700558
0.8694070891
0.8346001740
0.8659526143
0.8562119569
0.7197204326
0.6838712595
0.8551636085
0.7542915125
0.7756396850
0.6979926409
0.7252440413
0.7709247936
0.6974206191
0.8743208346
0.8216474523
0.8155918126
0.7436110262
0.8535983982
0.9293667995
0.8809500657
0.8589777760
0.9027693736
0.8816314038
0.7052310014
0.8916346580
0.9355159838
0.7952228606
0.8624158812
0.8650521258
0.7769318671
1.0159020843
0.8871739258
0.7753439981
0.8557505388
0.7424046528
0.7471725780
0.8167974540
0.8095434342
0.7517930999
0.8822549464
0.8723518207
0.8877413679
0.8394543327
0.8683538975
0.9068211346
0.8849218231
0.9224151291
0.9849066859
0.8371519861
0.8602060274
0.8798865302
0.8238155561
0.9310236009
0.8323137526
1.0736522349
0.8646625414
0.8770945751
0.8412962414
0.9676269964
0.9333737530
0.8943244191
0.9517981525
0.8709923989
0.7965182023
0.8518170889
0.8668046896
0.6741336689
0.9207289747
1.1235585135
0.9798293690
0.9989787632
0.9082021669
0.8972113106
0.9465423594
0.9617382713
1.1546636379
0.7955173049
0.9659109210
1.0087172933
0.8812329012
0.8735167520
0.9217638605
0.9086402527
0.8828031694
0.9152730539
0.9283241157
0.8087753626
1.0019955989
1.0021326056
1.0537284845
0.9823272912
1.0139368356
0.8191657947
1.0191714195
1.0072063924
1.0758670634
1.0151881462
0.9164828185
0.8497196407
1.0679823605
1.1817099470
0.9546583822
0.8312914185
0.9144979178
0.9517274395
0.9185133607
1.0000060792
0.9382416934
