-0.9804535809
-0.9478675657
-0.9902031634
-0.9856692243
-1.0456280012
-0.9053503164
-1.0601379641
-1.0003999767
-0.8991717789
-0.9243261018
-0.9686594944
-0.9269180797
-0.9934808971
-0.9750580323
-1.1003147309
-0.9339126730
-0.9951852687
-0.9159871683
-0.9676062643
-1.0840431283
-1.0750902004
-0.8711226179
-0.8506553565
-0.9002511003
-0.8834551929
-0.9402312268
-1.0072180739
-0.8812281987
-0.9310951873
-1.0352527680
-0.8790487999
-0.8473432539
-0.9192365654
-0.6136584632
-0.9497744955
-0.8344684304
-0.7954872013
-0.9920082044
-0.8787199489
-0.9298317356
-0.9520033540
-0.9483782361
-0.7990077668
-0.9449057348
-0.9624545989
-0.8811679410
-0.7807542730
-0.7717230680
-0.9359177084
-0.9119722401
-0.9696607849
-0.8595117010
-0.7767402622
-0.8137395334
-0.9731836671
-1.0038652249
-0.8241905042
-0.9342680176
-0.8292602760
-0.9434047097
-0.7828150310
-0.9217800425
-0.8800042506
-0.8180815307
-0.7573283795
-0.8329534181
-0.9748503038
-0.8492242159
-0.9110576636
-0.8492881588
-0.8344119731
-0.7941651891
-0.8632246724
-0.8682112874
-0.9919802922
-1.0338841548
-0.9219242655
-0.8978744849
-0.9841137130
-0.9718960068
-0.8683279329
-0.7350320038
-0.7527275029
-0.8541702831
-0.7218816037
-0.8116373599
-0.9142988066
-0.8402120758
-0.8112388294
-0.8162300058
-0.8881247084
-0.7897308903
-0.8310958103
-0.8905676558
-0.7616872651
-0.7060898928
-0.7910310030
-0.8392295032
-0.9119210971
-0.8948164080
-0.9034563001
-0.8326276141
-0.7632026421
-0.7166726979
-0.7762511870
-0.7017674200
-0.6619420771
-0.7688062657
-0.7601679551
-0.8022709283
-0.7118654207
-0.7877221132
-0.7861759500
-0.7069206051
-0.8667052222
-0.6615294550
-0.7752929124
-0.7692393014
-0.6355056480
-0.8359004890
-0.6941743712
-0.7072676648
-0.6801860047
-0.6987153115
-0.5912990257
-0.8546913824
-0.7066071853
-0.7381266933
-0.9303094677
-0.7783763353
-0.7561236659
-0.6531828307
-0.7814802040
-0.8205392789
-0.7887205003
-0.6501608016
-0.6792327430
-0.7788116596
-0.7909092469
-0.8586256516
-0.6644935716
-0.7585430716
-0.5956882191
-0.7517161810
-0.6247725961
-0.7165128577
-0.6176661532
-0.7300499511
-0.8717783741
-0.6193278088
-0.5205127340
-0.6708827222
-0.8624890509
-0.7599483911
-0.6680866324
-0.7428870808
-0.5783245136
-0.7835592513
-0.7150581189
-0.6040347001
-0.7468677761
-0.7553415578
-0.7463546995
-0.6587195335
-0.5596741894
-0.6216332440
-0.5998387111
-0.5921431001
-0.6055704369
-0.7027074448
-0.7185840848
-0.5977699478
-0.6013902357
-0.6495848143
-0.6394862820
-0.5696418978
-0.5491281671
-0.6966102579
-0.7002167361
-0.5738613880
-0.6735798258
-0.6252216358
-0.6403616872
-0.6617907134
-0.5378369630
-0.5765105176
-0.8327290883
-0.5008809955
-0.6497817925
-0.6197238446
-0.6099837462
-0.5154967707
-0.5824989412
-0.6058589806
-0.7315190415
-0.7439675667
-0.6492226264
-0.7238407615
-0.6311321503
-0.5705749208
-0.5463076424
-0.6976063536
-0.5453231744
-0.6173583330
-0.5509938675
-0.6417550676
-0.6030080028
-0.5830502996
-0.5963196632
-0.5133454802
-0.5684306663
-0.4756205125
-0.4745668524
-0.6322556692
-0.5617107781
-0.6461189101
-0.4623859117
-0.5695330402
-0.6422082679
-0.6556437198
-0.5626834707
-0.4279475362
-0.5752563669
-0.5700829743
-0.5763333185
-0.5345816240
-0.5938297855
-0.6157030757
-0.5028576248
-0.7087172515
-0.5079675295
-0.5267765276
-0.4137830006
-0.6193747226
-0.4621966409
-0.6214070414
-0.4565884943
-0.5544170932
-0.4894339772
-0.7280521323
-0.6324035547
-0.6306458734
-0.5136337774
-0.6458580842
-0.5863693618
-0.5752979777
-0.3937861348
-0.4861376732
-0.4131470459
-0.4959503504
-0.4360927738
-0.4603655100
-0.4530086516
-0.4876418867
-0.4036178236
-0.5084353447
-0.5851871369
-0.4899302969
-0.4068900195
-0.4553712722
-0.4597392845
-0.5167733631
-0.3376603463
-0.5161070270
-0.4495834026
-0.4830343615
-0.4752455071
-0.4709045674
-0.5211859948
-0.5163823354
-0.3222226721
-0.4128194967
-0.4920088797
-0.5713934645
-0.5006885737
-0.4734159197
-0.3583865998
-0.3074554631
-0.6057708676
-0.4365374816
-0.4273197626
-0.4749807735
-0.3933532391
-0.3999236728
-0.3574960574
-0.3585414957
-0.4128931042
-0.4880446004
-0.4722209044
-0.3391156142
-0.4249339112
-0.3941277425
-0.3037976498
-0.3586039645
-0.4870556294
-0.5400868192
-0.3752357427
-0.3180416467
-0.4019557589
-0.4728107417
-0.3936382825
-0.3600689581
-0.4104750273
-0.5526027750
-0.4008828006
-0.5950474005
-0.4365150595
-0.3209257514
-0.3524503252
-0.4072319962
-0.4781088384
-0.4787233729
-0.3332358703
-0.4606433781
-0.2458901781
-0.4296357053
-0.3467167376
-0.4117332065
-0.3723918835
-0.3644353924
-0.2938807676
-0.4140109149
-0.4490687447
-0.2091390851
-0.4246999132
-0.4099187768
-0.3935715991
-0.4412535041
-0.2647924721
-0.3154375290
-0.1975365261
-0.3285663204
-0.2833751726
-0.3550865086
-0.3529550810
-0.3086422375
-0.2235754676
-0.2941312762
-0.3057787001
-0.2834269531
-0.2974681883
-0.2354389727
-0.2745259172
-0.4429365828
-0.2925576952
-0.3661712665
-0.2565472000
-0.4021865703
-0.2450427271
-0.3664937486
-0.2721564361
-0.4107197334
-0.3698569755
-0.3001475286
-0.4102359659
-0.2625072192
-0.2645548262
-0.2972550288
-0.2727838630
-0.3709605672
-0.2358097064
-0.4199455699
-0.2361072007
-0.2434534269
-0.2233035593
-0.1653616407
-0.3812490117
-0.2563008678
-0.0852850868
-0.3492653539
-0.1840673644
-0.2691338335
-0.1361288305
-0.2912661170
-0.2477818624
-0.2243397941
-0.3093845847
-0.2666817450
-0.1226287945
-0.2808172596
-0.1499237971
-0.1430277316
-0.1853445728
-0.0768767270
-0.2326327044
-0.2470084113
-0.2359732829
-0.0477090578
-0.2867996122
-0.2821851697
-0.1228200666
-0.2494121582
-0.2921599742
-0.2290283736
-0.2289395596
-0.1816114480
-0.2645969061
-0.2397257988
-0.2993960553
-0.1840768427
-0.2697756612
-0.2036998118
-0.1895743590
-0.3227280033
-0.0440992540
-0.2096487273
-0.0797992762
-0.2564837710
-0.3555090084
-0.1837493686
-0.0461942751
-0.2221208265
-0.1097809692
-0.2185681162
-0.1060676129
-0.1817815719
-0.2845515874
-0.0435101229
-0.2145221980
-0.2611553288
-0.2674791142
-0.1952518796
-0.0898484649
-0.3083105213
-0.0881027981
-0.2420011478
-0.1668203390
-0.1442020170
-0.2202206504
-0.0129429069
-0.2376574220
-0.2759606728
-0.1776870153
-0.0066893580
-0.0339112498
-0.0727670466
-0.1672172222
-0.0741833316
-0.1366914809
-0.0611923639
-0.0636407325
-0.1571409194
-0.2035145800
-0.2019561154
-0.1897076364
-0.1170286837
-0.1477522432
-0.0798018318
-0.0229830071
-0.1752321868
-0.1428963215
-0.1663372880
-0.0059458104
-0.1173247711
-0.0681413672
0.0523000137
0.1084227585
-0.0082117314
-0.0497442648
-0.1107612585
-0.0283829452
-0.1322142816
-0.2269250446
-0.0541465874
-0.0822832980
-0.0237798839
-0.0364393904
0.0782393867
-0.0027863776
-0.0021256209
0.0423078149
0.0054587850
-0.1401277555
-0.0504768173
-0.0311054283
-0.0015253718
-0.0598087483
0.0535534703
-0.0592796890
-0.1518351284
-0.0538272061
-0.0722599264
-0.0750904764
0.0848913986
-0.1628680901
0.0535669912
0.1029358032
-0.0960351706
0.0731476631
0.0436344645
0.0754504724
0.1237865229
-0.0306439439
0.0671597796
0.0720481311
-0.0040249909
-0.0391377448
-0.0052173812
0.0026918239
0.0589884982
0.0196325692
0.0662947074
-0.1828335535
0.0586139862
0.1226496684
0.0197520338
0.1477210934
0.1219173866
-0.1415989789
0.0347189043
0.1181652041
0.1532844321
0.0388743762
-0.0236520217
0.0937647860
0.2437193309
-0.1122947973
-0.0009650705
0.0509051211
0.0503987407
0.1760907939
-0.0075712951
0.0711292893
-0.1285200534
0.2027673445
-0.0002355247
0.0320739815
0.0132740562
0.0071623437
0.0694533313
0.0447260719
0.1487175948
0.1320730636
0.1680308592
-0.0241535894
0.0449531119
0.0732842459
0.0073942288
0.1068898344
0.0652504891
0.0622512086
0.0979144351
0.0681428291
0.1504245833
-0.0033519487
0.0187536522
0.1766313864
0.0698646109
0.0918634656
0.1052741782
0.2469801999
0.0883233943
0.1821327897
0.0786373875
0.0805486557
0.1106587400
0.1367426585
0.1978208822
0.1568581261
0.1817712563
0.1098070493
0.2771745108
0.0931013770
0.0072358272
0.1209625470
0.1426661526
0.1078422812
0.1827238270
0.1196912708
0.1603015523
0.0885156145
0.0801808758
0.1478544128
0.2675390949
0.0861656669
0.1360371484
0.1831847395
0.1466016694
0.2177271848
0.1048199701
0.1558066376
0.1712998691
0.0460683796
0.1395759827
0.1395591260
0.1308726754
0.1666174696
-0.0603082911
0.2383308303
0.2959859628
0.0830187111
0.2331574806
0.0998724674
0.0975945076
0.1287481367
0.3447703905
0.2121600460
0.2314625000
0.3311185838
0.2088088817
0.1870512352
0.2384302305
0.0214466181
0.2927095713
0.2179650730
0.2183119345
0.2658054787
0.3355991312
0.2782455222
0.2417031524
0.1656241427
0.1698985569
0.0925093241
0.2648816507
0.2292480535
0.2772870160
0.3349429119
0.3720563183
0.1092670804
0.1023182382
0.3263959633
0.2840225409
0.3327106143
0.1708650322
0.1631091440
0.3090516651
0.1886944755
0.2601920084
0.2792603094
0.2774342659
0.2190858257
0.2871361405
0.3359253124
0.3337649494
0.3658229587
0.2271601348
0.3104016963
0.2123449752
0.1767753246
0.1420724595
0.3457394945
0.1014738865
0.4148487463
0.1861742436
0.2790194711
0.4267272521
0.2384750454
0.4161701589
0.3947717582
0.3925135797
0.2644506774
0.1237234420
0.2769007274
0.1750922248
0.2588538265
0.2394912678
0.2923956048
0.2877135094
0.2646646796
0.4086377706
0.4029775787
0.4037165105
0.2695224643
0.5063429525
0.3283826347
0.4658894994
0.3507518885
0.2426026493
0.3898347198
0.3587190100
0.3135708125
0.4186086753
0.1841295572
0.2725943020
0.3699324029
0.4557267172
0.3164741694
0.3766266762
0.3565096099
0.2508743755
0.3414811744
0.4272812584
0.2913486938
0.3369454070
0.3737753353
0.4801591155
0.2707871766
0.1596936431
0.3956408511
0.4075177310
0.4352958000
0.2463145157
0.2702482397
0.3533297704
0.4071167154
0.3847001221
0.2881183760
0.4377700198
0.3268813781
0.3056715498
0.4324605486
0.4581992753
0.3567194055
0.3706567636
0.4008835290
0.2789219979
0.4298276616
0.4957495098
0.4554438534
0.3739501148
0.3922801841
0.4290760217
0.4735289765
0.4092851524
0.4163261877
0.5203036704
0.4480514419
0.3989308776
0.4693675172
0.4232686897
0.4058628005
0.5309120437
0.4076438370
0.4814389155
0.4908715522
0.3385888341
0.4455035905
0.4387963211
0.4906362002
0.4413184901
0.4415428210
0.4367747242
0.4408264369
0.4392842708
0.4481644778
0.4752608202
0.5117597779
0.3650206492
0.5249782649
0.4948099870
0.3150278266
0.3816837026
0.4563787297
0.4108743601
0.4226821604
0.5064555463
0.3631708315
0.4401107797
0.3753044961
0.4996743477
0.4705916707
0.5516947648
0.5816997711
0.4467031824
0.5432063863
0.6019102279
0.3940404726
0.4672627992
0.5517021015
0.6390851569
0.4372305272
0.6244463966
0.6092187759
0.4985758658
0.5410053857
0.6212530932
0.4716054171
0.4287247984
0.5698123935
0.4810973500
0.5142360586
0.5010955462
0.4791853426
0.6669866880
0.5040788642
0.5565878349
0.4335999196
0.5900198075
0.5063039945
0.5633989755
0.5269193046
0.6189022823
0.5549568058
0.5961990275
0.4488935674
0.6426890710
0.5529750388
0.5045383585
0.4591359247
0.7051951916
0.4517788500
0.5800135121
0.6002550261
0.6972754343
0.7419572103
0.5465250431
0.5035945918
0.5868094440
0.5402883901
0.5921835667
0.6252310417
0.5787867636
0.7823243004
0.6933310618
0.5437977511
0.6063525049
0.5869860480
0.6749594818
0.5892250846
0.7046584318
0.7928598696
0.5889501540
0.5717835466
0.5860385487
0.7167174836
0.7909532146
0.6077572727
0.6179293991
0.6546270929
0.5892885140
0.7572171658
0.5951937991
0.6319904923
0.6131814571
0.8051824616
0.7123215363
0.6807079731
0.6196744409
0.6281935845
0.8175399921
0.7290185976
0.6510261743
0.6691463934
0.5533152633
0.7379069632
0.6355233397
0.6389517652
0.7692225991
0.6051809932
0.6670412403
0.6969261157
0.7348168348
0.6652677081
0.8440735989
0.6218782655
0.7154714460
0.7238644324
0.5554929378
0.7933818465
0.7614257516
0.6217427368
0.6551403431
0.6313270982
0.6773373245
0.6197187344
0.6536731154
0.8070883417
0.7296350738
0.7024277550
0.7656557832
0.7652861338
0.7678081038
0.7583432104
0.7920187728
0.6641866168
0.7522412491
0.6131303050
0.8119613711
0.7095795890
0.5995808086
0.7516201976
0.6881951363
0.8561187020
0.7672149822
0.8284256154
0.7000013389
0.7015112970
1.0151640840
0.7064034744
0.8379907464
0.7371367681
0.8392321304
0.7199160674
0.6962173996
0.7490128192
0.8467279845
0.6354833067
0.6669012953
0.8344771838
0.8920419643
0.8427704532
0.7003527185
0.8197100366
0.7517483043
0.8483785595
0.7030944621
0.8501202407
0.7971847399
0.8637509059
0.8911802628
0.7821250794
0.7813959473
0.8487584040
0.6810799980
0.8150072817
0.8900513734
0.8090564430
0.8095879707
0.8006378588
0.7951643653
0.6941157491
0.7755914603
0.7859918556
0.9159618829
0.7769127039
0.8060002666
0.8758436462
0.8290835759
0.8419862345
0.7881649555
0.7107562782
0.7782432643
0.7260646793
0.8500730161
0.8581521442
0.8013494816
0.9584720400
0.7656783409
0.8460203171
0.7519573942
0.8455700448
0.8503426760
0.8887079117
0.7750840656
0.9364951129
0.8655061696
0.9626026302
0.9374653581
0.8288130042
0.8568349926
0.9162470014
1.0647636171
0.9258304981
0.8788946470
0.8679445105
1.0089973739
0.7937085618
0.8478235707
0.9235820602
0.9768628137
0.9231261039
0.9593714871
0.8338146070
0.9606530604
0.8777786127
0.7984870579
0.8255419280
0.9596983167
0.9539244934
0.8065634420
1.0270913093
0.7405906188
0.8767751842
1.0684235780
0.9912667107
1.0634884162
0.9808117050
1.0180660631
0.8580069578
0.9787711478
0.9097244763
1.2082447070
0.8903307344
0.8435799660
1.0995488733
1.0037126224
0.9813562413
0.9758316912
1.0418972754
0.9487462851
1.0065707033
1.0346730037
0.9589776796
0.8216517543
0.9751886153
0.8565653861
0.9017361283
0.9673404455
1.0856342828
0.9959506958
1.0043539368
1.0159179761
0.9897222467
0.8960311216
0.9178105445
0.9615400478
1.0055061963
0.9941052487
1.0726554339
0.9816323690
