-1.0045089798
-0.9930307438
-1.0191673280
-1.0455624288
-1.0308333768
-1.1366566518
-1.1095042432
-0.9918030584
-1.0544147126
-1.0327834642
-0.9303888939
-1.1188659513
-1.0765172743
-0.9589711987
-0.9266324661
-0.8825694448
-1.0848331736
-1.0406473538
-0.9937886117
-0.9364233605
-0.9567774277
-0.7879550988
-1.0504556634
-0.9003150782
-0.9305203078
-0.9150131012
-1.0285042232
-1.0058405277
-0.9760241674
-0.9897052608
-0.8899767399
-0.8982208341
-0.9580570690
-0.9202887742
-0.9653039354
-0.9173976179
-0.9843458327
-1.0934637228
-1.0578236648
-1.0022903231
-0.9085600250
-0.9071765187
-0.9145763733
-1.0346075272
-0.8475190236
-0.9378059668
-1.0262342784
-0.9127035811
-0.8049620663
-0.8316219874
-0.9480146892
-0.9388532454
-0.9976299849
-0.8723097011
-0.9081146957
-0.9222719647
-1.1290165032
-0.9553642698
-0.8999399292
-0.8929202923
-0.8536804277
-0.9443731805
-0.8402329853
-0.8969013947
-0.8770115095
-0.8595393575
-0.8725255031
-0.9011558850
-0.8736462055
-0.9245253246
-0.7734109559
-1.0691857836
-0.8636223144
-0.7839288711
-0.6822789937
-0.8585198438
-0.7199586759
-0.8196244331
-0.9129823512
-0.9314035767
-0.9506028636
-0.9020537521
-0.7713280186
-0.8149437448
-0.7745522100
-0.8400128442
-0.7937613684
-0.7263501184
-0.8577726255
-0.7140988793
-0.8049924772
-0.6677547622
-0.8122211715
-0.9611346621
-0.8526099585
-0.8431253454
-1.0439782898
-0.6855652072
-0.8336609808
-0.7003043733
-0.7952667179
-0.9199674122
-0.7949387063
-0.8565248962
-0.7877798238
-0.7993984342
-0.8166940761
-0.8954181388
-0.8676697953
-0.9201624542
-0.6970183481
-0.8503279599
-0.7865748220
-0.6546432895
-0.7270456874
-0.8643436861
-0.7831483958
-0.8497484802
-0.6993094067
-0.8063649050
-0.7656919211
-0.6906752175
-0.6819942460
-0.7466025066
-0.6933778690
-0.8235799705
-0.7572992620
-0.6996562135
-0.8384361783
-0.7074272663
-0.7087155385
-0.6053695842
-0.7429052631
-0.8901429969
-0.8589645652
-0.7062608148
-0.6861493819
-0.7260051207
-0.6537245078
-0.9025675855
-0.7698955803
-0.7201528087
-0.7973948294
-0.6066909492
-0.6146144355
-0.7842594635
-0.7006591045
-0.6441232031
-0.7002209280
-0.6201387271
-0.5518190797
-0.8632346335
-0.8661151560
-0.6794530003
-0.8380086462
-0.7009492459
-0.6440300704
-0.6474733208
-0.7114485233
-0.7828089125
-0.7728092531
-0.7842269970
-0.7811902696
-0.6608943235
-0.7187334760
-0.4840558312
-0.6950531837
-0.5245911512
-0.5851022978
-0.6774839908
-0.7006377071
-0.7375739699
-0.6212005718
-0.8359304725
-0.6020129731
-0.7747774941
-0.6777940957
-0.8886920211
-0.6965612562
-0.6743989923
-0.6302526735
-0.5412362524
-0.5018292083
-0.6362734315
-0.4468259711
-0.7311414974
-0.6163960502
-0.7130082443
-0.5438636488
-0.8589297267
-0.6017653673
-0.6937626009
-0.6943264694
-0.6056087514
-0.5902475988
-0.6395595925
-0.7870295745
-0.6269727019
-0.6558549011
-0.6932229410
-0.5114574182
-0.6462991135
-0.6293919679
-0.7140293320
-0.5849799436
-0.6675070645
-0.5298905679
-0.4882720923
-0.4548980866
-0.7256153997
-0.5918701341
-0.5324987100
-0.6520162165
-0.5525334309
-0.4476093947
-0.6653677072
-0.6012615917
-0.7223425272
-0.5135093834
-0.6135120601
-0.5740346451
-0.6228184799
-0.4406393707
-0.5368468531
-0.4362648851
-0.5114621716
-0.4847739877
-0.5691120268
-0.5846702813
-0.4984407711
-0.4444217753
-0.5732913368
-0.6290580997
-0.6325308587
-0.4955917735
-0.5474388043
-0.6521177493
-0.5431009241
-0.5524899507
-0.6369517691
-0.6136988656
-0.4742694625
-0.5734721924
-0.5041715844
-0.6544950031
-0.5392069448
-0.5625225750
-0.3784773188
-0.5072774262
-0.6388881924
-0.6329487657
-0.5720657108
-0.4640849041
-0.5652276129
-0.4484485268
-0.5075050814
-0.5898355938
-0.4006378977
-0.3922073718
-0.6014298694
-0.3674763910
-0.4551809647
-0.4882618957
-0.4459002554
-0.3469148839
-0.4768047052
-0.4978046680
-0.2946935735
-0.3197714844
-0.3314279988
-0.4717853727
-0.4482198493
-0.3788981484
-0.5096070091
-0.3689904234
-0.5120814529
-0.4318610371
-0.3919853111
-0.4184403794
-0.4457532086
-0.4332550362
-0.3436092411
-0.4555565655
-0.4759034469
-0.3764421052
-0.2968868723
-0.4068486331
-0.5161371786
-0.5162189372
-0.3604916124
-0.4393971762
-0.4172826025
-0.3335504096
-0.4691079891
-0.4515515876
-0.3662374143
-0.4575151159
-0.5114107788
-0.4171707667
-0.3921887312
-0.3954531423
-0.5390202959
-0.3946460935
-0.2757803977
-0.5042428956
-0.3389674975
-0.3412798823
-0.3984850959
-0.4270325145
-0.4689824510
-0.3382856449
-0.4164820775
-0.3703433279
-0.4311468772
-0.4412930725
-0.3456901067
-0.5084514993
-0.4246269070
-0.1564113522
-0.3778588868
-0.2045798245
-0.3904877262
-0.3911484070
-0.3091066852
-0.5074339685
-0.3023656274
-0.4046169010
-0.3522357883
-0.2515058876
-0.4657243943
-0.3642476784
-0.2662035686
-0.2140118048
-0.3653000792
-0.4363855123
-0.3687799614
-0.3639038545
-0.3441936124
-0.1723210334
-0.4089952184
-0.3347348938
-0.2116831739
-0.3159109492
-0.3427358663
-0.6087538135
-0.4035869068
-0.3672296038
-0.2961053537
-0.1797836490
-0.2370092908
-0.1079044661
-0.3654296900
-0.3765706655
-0.3157843450
-0.4158959203
-0.3955254934
-0.1735555046
-0.2659182596
-0.3776271337
-0.1817264392
-0.2736757414
-0.3502498510
-0.3891551120
-0.1162388841
-0.2260362706
-0.2551734756
-0.3117856012
-0.2658254354
-0.2093628674
-0.2601610518
-0.3079881513
-0.1867663352
-0.3132500806
-0.1721173747
-0.2000855527
-0.2850057597
-0.2372276704
-0.3325965946
-0.2483125887
-0.2609179065
-0.2531556560
-0.2878327915
-0.3263843213
-0.3434967646
-0.2269060786
-0.2173122276
-0.1986608326
-0.1668439243
-0.1928693221
-0.1543960661
-0.2959454245
-0.2078357261
-0.1551522870
-0.1988729589
-0.1887380684
-0.3293937454
-0.2133103949
-0.2242305320
-0.3578240676
-0.2678960247
-0.3125262623
-0.2600136752
-0.2576524233
-0.2526363350
-0.2727206196
-0.2029645430
-0.2507692950
-0.3167450271
-0.2294620019
-0.1941863220
-0.0496978932
-0.3028937082
-0.1000107201
-0.2490709563
-0.0635152587
-0.0787449156
-0.0332220273
-0.1373685207
0.0605686578
-0.2213137307
-0.1167557495
-0.2064199116
-0.0508483891
-0.1725137472
-0.1766951335
-0.1405620982
-0.0334031307
-0.1239460709
-0.0916456339
-0.2048021961
-0.0878506222
-0.2434342041
-0.0980559867
-0.1244809924
-0.2057950204
-0.1291345586
-0.1272209410
-0.0511739716
-0.1414823218
-0.2547323468
-0.1528474272
-0.0220953713
-0.1889070258
-0.0786515337
-0.1173635056
-0.3059535370
-0.1255174974
-0.1379627923
-0.1153094929
-0.0584115808
-0.2417261747
-0.0660173822
0.0217717458
-0.2236828202
-0.0845564350
-0.1316739519
-0.0158392883
0.0868297274
-0.0752633664
-0.0976614506
-0.1250400082
-0.1081910222
-0.1389603349
-0.0116959301
-0.0272132993
-0.1325341892
-0.2132794674
-0.0021071751
-0.2531195365
-0.0022170043
-0.0341018989
-0.1035610955
-0.0204120295
0.0260755533
-0.2217814697
-0.1313146289
-0.0234730752
0.0212722808
0.0526092199
-0.1161004809
0.0997636170
-0.0895795305
-0.0243595693
-0.0477482698
0.0739456533
-0.0178181262
-0.0096348052
-0.0695771751
0.1011103290
0.0093325679
-0.1015667008
0.1015884141
0.0982509329
0.0017783599
-0.1033936774
-0.0396324678
-0.0675640070
0.0222738848
0.0255196617
-0.0755756149
0.0463927256
0.1097238097
-0.0096354765
0.1206554955
-0.0450777111
-0.0030285959
-0.1416282546
-0.0731369541
-0.0337722209
0.0146334238
-0.0845955227
-0.0117435102
0.0299946207
0.1670176655
0.0730223213
0.1483794235
0.0070509689
-0.0068794100
-0.0376017156
0.0647269877
0.0112717288
0.1313578826
0.2171935319
0.1299374265
-0.0357838797
-0.0381728391
-0.0193403680
-0.0628561495
-0.1232481306
-0.1526462186
0.1100260033
0.1272628398
-0.0388721706
0.1366624218
0.1081683006
0.1121126205
0.2173493713
0.1506196587
0.0556647293
0.0731139539
-0.0543984323
0.1533863875
-0.0194551153
-0.0008762882
0.0227188176
0.0937646853
0.1474288495
0.1853924085
0.1224935861
0.0732272660
0.0022130220
0.0386176237
0.0741683122
-0.0116553579
0.0578506967
0.1137626308
0.2420530505
0.1772637812
0.1543760017
0.3572014298
0.1688381145
0.1285485386
0.2000013054
0.0553256804
-0.0087491272
0.1709132123
0.2466335136
0.0972507930
0.2268861191
0.1640271251
0.1296834464
0.1550913374
0.0325785142
0.2059639726
0.0945735546
0.2533313482
0.1585302781
0.2496149361
0.0682465363
0.2669318260
0.1965260644
-0.0617450763
0.1035800781
0.0171031902
0.1380456445
0.1354407945
0.2254042526
0.3675070471
0.1148345821
0.0672275958
0.1424354294
0.0168963216
0.0986097434
0.1922922028
0.2526013611
0.3372774033
0.1700878140
0.1456872940
0.3042196147
0.2070240278
0.1601718658
0.1263743819
0.2344717708
0.2800941355
0.3935044292
0.2220042156
0.3037569472
0.3504060699
0.0646399191
0.1990307545
0.1619314924
0.2622490420
0.2366563388
0.1329750096
0.1057790845
0.1045748417
0.1597134908
0.2436744159
0.2541191325
0.2879473010
0.1388168485
0.2187517492
0.2702008540
0.2926656520
0.1043402809
0.2249965938
0.1964037691
0.1882130850
0.1244397563
0.2231192684
0.1271326347
0.0839297916
0.3453207184
0.3623864361
0.2028870753
0.3452713158
0.2864451519
0.1535738758
0.2110812976
0.2883184668
0.3775450325
0.3248676857
0.5122774090
0.2665398910
0.3480090918
0.3652942260
0.2430976729
0.3730158790
0.3134337037
0.3954739572
0.4756991271
0.3020444367
0.1971472766
0.3598684266
0.3099841185
0.4265001890
0.3281972455
0.2749004828
0.4848918911
0.3194819568
0.3867766011
0.3765125912
0.2913647283
0.4804745471
0.3381683093
0.4254937946
0.3237225589
0.1682658987
0.2962326103
0.3124632419
0.3803667292
0.1644554642
0.4438726259
0.1461960685
0.4157508433
0.2813500794
0.3283232149
0.4899649652
0.2944488553
0.2200011478
0.3702798331
0.4071464012
0.4396737335
0.3516996590
0.4462470463
0.4364694724
0.3243918748
0.4186435358
0.3114880093
0.3789896328
0.3926891225
0.3019069279
0.4251899153
0.3987755627
0.2742450954
0.3705782830
0.3849475878
0.3814091937
0.4625495657
0.3234520614
0.3746310198
0.4101444656
0.4857810201
0.4554373580
0.4464547646
0.4615241012
0.4915819463
0.4801141026
0.2951254779
0.5445031949
0.5533127200
0.5004779930
0.4308302862
0.3596164685
0.4223027784
0.5282039225
0.3477423075
0.4256546968
0.4292014491
0.5681417309
0.5626577762
0.4272349699
0.3863022857
0.3758279539
0.4793011139
0.4657130105
0.5042898420
0.5043095026
0.5457980438
0.5638594473
0.4098035375
0.4523551428
0.4902807428
0.3880890553
0.4836022692
0.4871603206
0.5517988418
0.4767608263
0.2907460434
0.3709418619
0.6274636845
0.4401690987
0.5656174250
0.6203160744
0.3306116824
0.3826051920
0.5511624318
0.6936267247
0.5034068804
0.4818467407
0.3862600049
0.5582001261
0.5124629085
0.4658547134
0.4661579888
0.5443689435
0.2855083827
0.4436705893
0.5581142054
0.7659229880
0.5611915012
0.4679878901
0.5375999672
0.5101895304
0.6397690756
0.5835707436
0.4386923261
0.4576406150
0.5756493595
0.5439653852
0.5336990207
0.6140666166
0.5522854168
0.5580673363
0.7359330584
0.6053910627
0.5747369151
0.6236708508
0.5296260005
0.4407229433
0.5894858286
0.7063712101
0.6291812384
0.5108798142
0.5595010867
0.5280173695
0.5403322888
0.7539284414
0.5976953179
0.5911389990
0.7022195446
0.5400746102
0.4304927934
0.6634506214
0.6584386942
0.5856217339
0.5370310686
0.8564008744
0.7183177740
0.7312548054
0.6703909117
0.5727097040
0.7001336077
0.5359582027
0.6557487603
0.6212143434
0.6651928549
0.5554261708
0.6404291779
0.6062607454
0.6599127344
0.6259488509
0.6175566632
0.6471709809
0.6746212834
0.6861129393
0.7124868929
0.5355456460
0.5790347914
0.6145409038
0.6399275855
0.6247481451
0.6266256098
0.5939083803
0.7023551075
0.5979886320
0.6327952582
0.7558102490
0.5500968738
0.5967902452
0.7110875189
0.6123133995
0.5785042807
0.6469200380
0.5267884072
0.5137411078
0.6814579810
0.6625613338
0.8741458671
0.5902469699
0.5627318000
0.5927427289
0.6260293509
0.6493227736
0.6365070896
0.6937520511
0.6885492088
0.6918316451
0.6718325625
0.6024889116
0.7381197790
0.8571219193
0.7310860625
0.6259873940
0.7686379914
0.8433229899
0.7547878338
0.7136864753
0.8037700619
0.7279258766
0.7355290008
0.7886563324
0.7548474202
0.6371163604
0.8039499498
0.7838885974
0.8116490549
0.7317290097
0.6348152927
0.6564273542
0.5348917592
0.7989496241
0.6813768983
0.7474659013
0.8723960489
0.8327294229
0.8246678304
0.6353281351
0.7190345702
0.8617388455
0.8663177982
0.8187620377
0.7209474543
0.7395136828
0.8048897573
0.8495146657
0.6058752078
0.7950295882
0.8069773317
0.7568627708
0.7955867934
0.6984871946
0.7686972215
0.7024662181
0.7740399458
0.8566534286
0.7808053218
0.7446020008
0.8477547137
0.8073590474
0.8682938140
0.7207374911
0.9472050307
0.8881672550
0.8424314146
0.7511793093
0.7336612930
0.8153586965
0.8557860282
0.8714452303
0.6783619066
0.6943447242
0.7312927621
0.8037415514
0.6940101926
0.7899979035
0.8076885765
1.0048708673
0.8703536695
0.8087644038
0.8287723526
0.9684072003
0.8349131245
0.9097053332
0.8939458369
1.0078721383
0.6800220936
0.9112153212
0.8326810073
0.7961502222
0.9187047994
0.7661044653
0.8303279816
0.7729716983
0.9408160542
0.9907978254
0.8485597845
0.7928539518
0.8241418445
0.9846843561
0.8946013241
0.8469190851
0.9884443554
0.9062238599
0.9028866588
0.9563440276
0.7759943643
0.7855124154
0.8638753462
0.7920246182
0.7674073161
0.8412133490
0.6780472076
0.8832243110
0.9837293787
0.9853234723
0.9315153235
0.8801940127
0.9748950248
1.0512787881
0.8955953531
1.0348529230
0.9197626366
0.9458922424
0.9262390652
0.6978818871
0.8925246688
1.1177127611
0.7823559156
0.9519534812
1.0080559625
0.7968206541
0.9846529916
0.9337362645
1.0076776222
0.9789754421
0.9634515089
0.8891807454
1.0086213662
0.9834765185
1.0679799209
0.9426860250
1.0037291151
1.0229297171
0.9475079168
0.9264886318
0.8738881416
0.8907567270
0.8200940118
0.9459607551
1.0320656775
0.9116351960
0.9330479229
0.9773154682
0.9265309439
0.9256337616
0.9887392852
1.0856201744
1.0261409266
0.9889295693
