-0.8593773132
-1.0102228985
-0.9927748626
-0.9366561941
-0.9553285490
-0.9378372277
-1.0233463652
-0.9071033633
-0.9527443375
-0.9768728245
-1.0247379705
-0.9931369381
-1.0577847941
-0.9899287982
-0.9695493788
-0.9640510979
-1.0143735334
-1.0309040451
-0.8941806497
-0.7570782513
-0.9918128679
-0.8555766852
-0.9405173136
-1.0144616842
-0.9224947384
-0.8798467453
-0.9767929321
-0.8110138081
-0.9971708803
-0.8876849249
-0.9655945183
-0.8550663987
-0.7701107592
-1.0589661442
-0.8377064326
-1.0121600091
-0.9218264919
-0.8243940111
-0.7584056595
-0.8168389709
-0.8944454643
-0.7326458690
-1.0295113834
-0.9336720231
-0.9427111089
-0.6902412132
-0.8458221906
-0.8662023613
-0.9432499735
-0.8101773035
-0.8000974908
-0.9021725290
-0.9429363146
-0.8424528011
-0.8781551077
-0.9706092441
-1.0438491896
-0.8137853066
-0.9567862574
-0.7781534113
-0.8533913287
-0.9817703006
-0.8075344917
-0.7985088514
-0.9424044574
-0.9079853995
-0.8499251425
-0.9290638293
-0.9282903352
-0.8356218246
-0.9168808182
-0.7618204136
-0.7312427072
-0.7692900082
-0.9791748328
-0.9463996912
-0.8068788531
-0.8648909080
-0.8401511435
-0.7803941251
-0.8083459530
-0.7355262753
-0.8068900069
-0.9868521944
-0.7402179482
-0.7029731605
-0.7877861035
-0.9719484642
-0.9523697558
-0.7845031519
-0.8166634016
-0.5461828980
-0.6648253221
-0.8621454338
-0.9357955556
-0.7698855864
-0.7760764437
-0.8023619002
-0.8324315479
-0.8223770542
-0.8614200947
-0.8468949802
-0.7632503432
-0.8505514294
-0.8458929529
-0.8059907759
-0.8896031910
-0.9748745905
-0.8697350849
-0.7330222955
-0.8154930988
-0.8720615033
-0.7466033619
-0.8167989290
-0.8148513721
-0.6777720084
-0.6799770572
-0.6136598645
-0.8399693958
-0.6180550834
-0.6057243274
-0.6972105497
-0.8094994803
-0.6667503181
-0.7375536490
-0.5746049540
-0.6060656478
-0.6098370169
-0.9259879066
-0.7212637867
-0.6924122581
-0.6661413604
-0.7224045342
-0.7499249534
-0.7188232144
-0.7914838850
-0.6150120364
-0.7112110988
-0.7230732995
-0.6417355911
-0.7905593949
-0.6737905326
-0.7080425659
-0.7961465761
-0.6271374668
-0.8035244506
-0.6880008810
-0.7274010135
-0.7813276043
-0.5270154381
-0.6972781112
-0.7818756477
-0.5684565716
-0.6486609570
-0.6539377436
-0.6774381925
-0.7285268773
-0.5920817625
-0.7137963143
-0.7941555040
-0.8161438602
-0.5948369371
-0.5128713264
-0.6660242473
-0.5913443612
-0.7242544793
-0.7429811762
-0.6800193641
-0.6163066899
-0.7884048861
-0.7333202030
-0.6620629197
-0.7028050173
-0.6356878604
-0.5674340634
-0.6799201000
-0.6537258967
-0.6206873615
-0.6766425802
-0.5765555120
-0.6400913039
-0.5176216788
-0.7133085123
-0.5914289344
-0.7040221696
-0.7585921407
-0.5198786858
-0.6515068047
-0.5829567927
-0.6854741357
-0.6852673236
-0.7022201671
-0.7073408980
-0.6822515435
-0.6966263888
-0.5643021010
-0.6309902051
-0.4504474429
-0.6326794350
-0.5784284155
-0.5049220278
-0.5197820282
-0.4959978393
-0.5254158368
-0.6058079915
-0.5562089604
-0.6887425099
-0.4880646739
-0.5429152129
-0.5284279573
-0.8120452535
-0.6486874901
-0.6331280158
-0.6089214542
-0.3571524585
-0.4381562125
-0.5232460117
-0.5202024624
-0.5292102072
-0.5898475505
-0.6103222879
-0.6068889815
-0.5054966028
-0.5279138840
-0.6017411209
-0.5186866648
-0.6339501800
-0.4634871395
-0.5496804698
-0.5050052748
-0.3139039335
-0.6097366579
-0.5790796516
-0.5872127964
-0.6437199686
-0.5102713563
-0.4780330580
-0.4921017627
-0.5366408335
-0.5184977817
-0.5574928989
-0.6113081923
-0.4478894657
-0.5182544264
-0.4929189242
-0.5573507038
-0.5276735705
-0.5286011030
-0.4485696957
-0.5525452810
-0.4399905587
-0.5556523129
-0.4473258331
-0.4806480745
-0.5369703465
-0.4776461953
-0.3129933751
-0.4598366223
-0.5788928457
-0.4100044330
-0.3517340303
-0.4558177303
-0.4539248179
-0.3716745006
-0.5302160129
-0.5728670477
-0.4920949718
-0.5531390298
-0.3740061710
-0.3951039902
-0.3986462880
-0.3867908149
-0.4177669226
-0.4263119332
-0.5740210630
-0.5342858788
-0.3853517123
-0.4573157417
-0.4155915348
-0.3653628620
-0.3257373749
-0.5663665676
-0.3776688947
-0.3368142240
-0.4864554649
-0.3868964566
-0.4068531177
-0.3978264493
-0.4658887095
-0.4308293192
-0.5105085344
-0.4840982964
-0.5304221380
-0.3814152020
-0.5500253308
-0.3102275115
-0.3435956828
-0.4396209401
-0.2755456266
-0.3751176787
-0.3806314634
-0.4134527029
-0.4341641777
-0.3025020479
-0.2574743580
-0.4358332465
-0.3437736317
-0.4238537245
-0.3771554931
-0.3257467994
-0.4522239256
-0.4053931384
-0.4562320767
-0.3210568506
-0.3723861252
-0.2635328450
-0.5373765104
-0.2633975931
-0.4302391430
-0.2354863858
-0.2687717299
-0.3642394438
-0.2422248679
-0.2975233239
-0.2915683833
-0.3850729156
-0.3770487722
-0.5280231807
-0.3593354835
-0.3086997188
-0.2940644365
-0.4431346282
-0.3517844346
-0.4126385900
-0.3323663389
-0.2146464704
-0.4108174692
-0.3159108324
-0.2558728265
-0.3433852469
-0.3505938065
-0.1894503428
-0.2126191242
-0.1232797199
-0.4540922897
-0.3796398232
-0.2985796781
-0.3358200600
-0.2817764576
-0.3045637770
-0.2940029937
-0.3368797968
-0.2270668102
-0.1970143432
-0.3878501058
-0.1935133980
-0.4333709021
-0.3309994409
-0.3967019857
-0.2934216968
-0.3024395945
-0.3213854301
-0.2249921622
-0.3811594649
-0.4807029323
-0.4294133717
-0.2425966300
-0.3310796304
-0.1137251124
-0.3044968338
-0.2050286725
-0.2233881988
-0.1910165429
-0.2284858704
-0.2895136187
-0.2026211141
-0.2542831800
-0.3256717310
-0.1874617697
-0.2332365211
-0.3673372792
-0.0922094564
-0.3067796332
-0.3804694824
-0.3154443083
-0.2636307085
-0.1435451600
-0.1264486270
-0.1145465911
0.0045868262
-0.2964227976
-0.3322349896
-0.1615990248
-0.2923982451
-0.1547578742
-0.2446253856
-0.2160202257
-0.2688083306
-0.2827859001
-0.3278775384
-0.2447303697
-0.1803673553
-0.1144281178
-0.1778744324
-0.1268951551
-0.1512783053
-0.3016322806
-0.0446552521
-0.2066579493
-0.1287576504
-0.1766127450
-0.1281371857
-0.0785122151
-0.0814068093
-0.2634152216
-0.2420026809
-0.1043271507
-0.3119606457
-0.1707601903
-0.2166683246
-0.2942305082
-0.2001454887
-0.0741465217
-0.1068280172
-0.0106016667
-0.1881255781
-0.2093348433
-0.0969447429
-0.0904632809
-0.0925802348
-0.1847413286
-0.1632757254
-0.1224331615
-0.0680285939
-0.0326200350
-0.1724920248
-0.0312493575
-0.0261104224
-0.2652063353
-0.0439884862
-0.0243420482
-0.1243407981
-0.1029325112
-0.0431299783
-0.0329828645
-0.1194743100
-0.0813137663
-0.0722031542
-0.1302871738
-0.0202195181
-0.0469104045
-0.1169769798
-0.1579775539
0.0045023999
-0.1071908854
-0.1158661178
-0.1106708048
-0.0022848969
0.0331139528
-0.1426552789
-0.1217395473
-0.0735637903
-0.1400172666
-0.1589742231
-0.0768099526
-0.1299207109
-0.0196075150
-0.0201622798
-0.0913353053
-0.1141550781
-0.1858087543
-0.1475539788
-0.1230185215
-0.1559939434
-0.1236437413
-0.0265135367
0.0042179780
0.0857607651
-0.0353749829
0.0213473260
0.2067556910
-0.0106403625
0.0043312993
0.0698597458
0.0419413312
-0.1676261532
-0.1570823095
-0.1378103518
-0.0121387285
0.0597086250
-0.0696224105
0.0659223797
-0.0113123572
0.0083742193
0.0608804981
-0.0194766830
-0.0106272994
0.0081366576
-0.1457244575
-0.0758404518
-0.0679049103
0.0457845746
0.1337648934
-0.0170434621
-0.0890011428
0.0506646702
-0.0910662951
0.0999344904
-0.1539217556
0.0455826177
0.0031192781
0.1784478539
0.0027615219
0.0272183958
0.0035341427
0.0923472532
-0.0124937042
-0.1562080398
0.1112099750
-0.1537657914
-0.0390565684
-0.0050624345
0.1206223299
-0.2258346712
-0.1050356351
-0.0315924416
-0.0930882172
0.0805026380
-0.0681156680
0.0488304978
0.0877916337
-0.0460300830
-0.0157078873
-0.0836409101
0.0838805089
0.1008505076
0.0295454093
-0.0189270247
0.0014048361
0.0772776893
0.1144685165
0.0999551566
0.0911673503
0.3345716209
-0.0716533643
0.2415165738
0.1766078521
0.1559965219
0.0221299265
0.0516130090
0.1601433164
0.0301987682
0.0710870674
-0.0324262100
0.1265624148
-0.0680196371
0.1458162832
0.1350395508
0.1011365907
0.1112065860
0.1047725264
0.1235326273
0.1483939629
0.1445652883
0.1177253295
0.0989536957
0.1276198874
0.0496072958
0.1648544683
0.1475619477
0.2806887860
0.0294889459
0.1821349278
0.1560513455
0.0106303125
0.1394850656
0.0408621846
0.1467342861
0.2066467518
0.2611879729
0.1188267983
0.1957495168
0.1604378309
0.2174291123
0.0689413686
0.0948290313
0.2772994817
0.1796748369
0.0664091276
0.1886042015
0.2089964728
0.3110533942
0.2548102801
0.1814608877
0.2730477112
0.0533995953
0.2268219372
0.2862403082
0.2405853768
0.1865979735
0.0395061702
0.2544686207
0.1840856901
0.3197510138
0.2680712891
0.1243104119
0.1784571636
0.2926892328
0.1071633663
0.2530494023
0.1557423389
0.1393139629
0.3284573467
0.2825925015
0.2634748108
0.1784830406
0.2347874653
0.0721183573
0.2788140476
0.3443474768
0.3855157712
0.1054025282
0.4092048204
0.1891751173
0.3019466251
0.2011210238
0.1996536486
0.1505242675
0.2230755305
0.2764954657
0.4225932544
0.2324383181
0.1353047069
0.2053599718
0.3286315125
0.2603299486
0.3715914498
0.3085429956
0.3277391010
0.2776655856
0.2504147866
0.1317357313
0.2828642908
0.1471580743
0.3062648888
0.3878630879
0.3790190851
0.1917345895
0.3453359464
0.5007797374
0.1998185853
0.2827301388
0.1416077466
0.2763650720
0.1703768852
0.2470488369
0.3292869929
0.1992181084
0.3198916245
0.2765060555
0.3211870340
0.3603112579
0.2776143013
0.2151541551
0.2599511867
0.2952258434
0.3221355938
0.3051147915
0.2441095311
0.3360378524
0.4272699994
0.2862263197
0.3958118532
0.3040752351
0.2003955279
0.2951515394
0.4598652464
0.2923567839
0.3412907830
0.3999826276
0.3606272769
0.3122444199
0.2630224661
0.3362563209
0.4053172206
0.3917417869
0.4711953804
0.4152746519
0.5260814995
0.4168176607
0.3341231667
0.4249066814
0.3172517938
0.3943318009
0.2114725848
0.4264683322
0.4205069304
0.3449726417
0.4872691709
0.3137463896
0.4302875091
0.3666050044
0.5078843778
0.4292700907
0.3056557150
0.5383879204
0.3764512376
0.3669048154
0.4357239904
0.3988016473
0.4497389253
0.3791960102
0.3808578441
0.4254340152
0.3756869067
0.2338217231
0.4597044537
0.4146226578
0.4314758842
0.4408254147
0.4942254425
0.4357174160
0.4228140096
0.5994047483
0.4968796151
0.5039465609
0.4823034039
0.4930075778
0.5182214002
0.3666171273
0.4741193339
0.5404368367
0.3463136555
0.5872823009
0.6240600869
0.5398569238
0.3157899534
0.3727485298
0.4954206434
0.5705172046
0.6407029571
0.5273055668
0.5114367504
0.4163504227
0.3837959638
0.5487721795
0.5687386739
0.4876039824
0.6140783212
0.5645684881
0.4175477898
0.6773782191
0.5175104719
0.5245300611
0.5665484406
0.4803794524
0.5313624353
0.6537509619
0.5433211112
0.4093603229
0.5417534992
0.5224936082
0.5349494536
0.5831352033
0.5511782304
0.7453651974
0.5293529034
0.5522864452
0.3802715616
0.5276112017
0.4815470876
0.5213106272
0.5769551129
0.5734381337
0.4080954718
0.6571786260
0.5715815502
0.4548135826
0.7212898796
0.6186618549
0.6080287564
0.7281390989
0.5216478177
0.5917687788
0.5841050658
0.4774768940
0.6033577957
0.6047905009
0.6445343067
0.6535444609
0.5407416975
0.4663835223
0.5457140963
0.4800783655
0.4730456603
0.6730997316
0.4259134844
0.5238922496
0.4307889425
0.5806529441
0.6439397964
0.5639257514
0.6665705515
0.6687815385
0.5186732277
0.5525096338
0.6722828034
0.5953396399
0.5453828696
0.5616854273
0.7621416447
0.5761973083
0.5749309048
0.6389569057
0.6371623276
0.4755579271
0.6196645042
0.6190150372
0.6746392072
0.7751822588
0.4503554418
0.6094689590
0.7327083290
0.7680437019
0.5754536406
0.5364920703
0.5953908693
0.8809085783
0.6506745464
0.6351437719
0.7530867774
0.5350421554
0.7360873505
0.7344419630
0.6315661875
0.6538800898
0.6397620481
0.5997986973
0.7190016633
0.7831399806
0.7370635310
0.6388921428
0.5928054723
0.6771977317
0.5927919437
0.7815094607
0.7029183259
0.6889362890
0.7404403997
0.8019453750
0.6997398744
0.7512519564
0.6317865864
0.5480783750
0.7178095636
0.6185272788
0.6970903909
0.6398534490
0.7366403454
0.8015002749
0.7417683371
0.6672580945
0.6395667266
0.6305822052
0.8289784440
0.7625122063
0.8570847117
0.9396498830
0.8358024242
0.7693658848
0.6705866248
0.7071086818
0.6215421699
0.7111127308
0.8582281230
0.8706445153
0.8413663811
0.6863465412
0.6476910804
0.8274486013
0.7711493256
0.7356531905
0.7744738645
0.7795652714
0.8077891336
0.7023675558
0.9141069704
0.8044052411
0.8392431724
0.7278463806
0.8205612093
0.9513266598
0.7095272348
0.7384905294
0.8029487009
0.7828497365
0.6745930962
0.8001736398
0.8105417926
0.8515867754
0.6951163395
0.6847645130
0.8192655819
0.7860408897
0.8091965275
0.9616685851
0.7818133372
0.8433016146
0.9078398457
0.8033385476
0.9588279632
0.7465810744
0.9208262081
1.0034582887
0.7876235767
0.7982017355
0.8070721911
0.9120361001
0.8660950783
0.8252576727
0.8292758255
0.7764299844
0.8751213843
0.8521155523
0.8426528012
0.9388277971
0.8824713400
0.7960082347
0.9300053015
0.8279860376
0.8332475081
0.7481576181
0.9698971137
0.7665300102
0.9042926247
0.8840282207
0.8706735861
0.9287057029
0.9616814569
0.8792605004
1.0055291826
0.8266781310
0.8316713146
0.8905865283
0.8071823743
0.8893737558
0.7270266892
0.9439989022
0.9882420131
0.8267023521
0.8067780731
0.9611744113
0.8847727384
0.9539618216
0.8969477820
0.8065709542
0.8394238320
0.8498684040
0.8206140592
0.9710606214
0.9466026380
1.0103230459
0.8796596830
0.8768747730
1.0406047141
1.0861015861
0.9444872416
0.9080518285
0.8726194768
1.0242609512
0.9095091188
0.9391580583
0.9094287807
0.8992526398
0.9013586897
0.8768855301
1.0040519065
1.0000799523
0.9193988810
1.0496528334
0.8765740457
0.9496779958
0.8950080654
1.0772384356
0.9444381298
0.9053673013
1.0042725881
0.9668295567
1.0155465072
0.9966290394
1.0731186208
1.0862072991
1.0627311822
1.0006351783
1.0529981561
0.8958614414
1.0769096806
1.0275946802
1.0168564590
1.1349715161
