x
0.010257644835231
0.0102819863567316
0.0103794263847552
0.00996516738878528
0.010590880065641
0.00977273114059824
0.0103964915369658
0.00991576697965244
0.0103321595911059
0.0107633246949818
0.0100278453654614
0.0101207808912209
0.0100767156068449
0.0114005922416265
0.0105788938231169
0.010021259306158
0.00976209516728369
0.0102643249104404
0.00996650467523412
0.00931588493798552
0.0102154868249636
0.00999420264773548
0.00997485644862997
0.0106672255885875
0.0105476366298309
0.00971432749778815
0.0102326649969164
0.00909033073773354
0.0101979794462158
0.0100632818227557
0.0109804007215019
0.00928689033763753
0.00994873918677941
0.0102532165351033
0.0105117119783919
0.0100351289961803
0.00943955236747323
0.010204974761782
0.00957833826303915
0.0107343673257371
0.0102072370620577
0.0104886192465297
0.0101248159496967
0.0100186151284636
0.0103074308942735
0.0109287761423362
0.011376177601134
0.0107451774041395
0.0101264876495061
0.0110078009302108
0.0101778947404345
0.0103771310906841
0.0104698994039692
0.00964822997766615
0.0100666335794311
0.0108240072953509
0.0106285420852587
0.0101549461037794
0.00978343389802389
0.00927559571384853
0.0105011637106916
0.0100760062036735
0.0106964200459423
0.0102688510928403
0.00982448352729508
0.0105250909911895
0.00963590449841196
0.0103261609829973
0.0108292819637016
0.0105454167095907
0.0103966045867239
0.0111495817519124
0.0104985350486051
0.010316036596604
0.0094443814293909
0.0102841763568034
0.0106059386071325
0.0104164121931293
0.0106600793423661
0.00952679086555709
0.0103742145679353
0.0107886182393504
0.0109741412002928
0.00961972171211672
0.00990586875240231
0.0109595403778406
0.010130192360238
0.0106278035627159
0.00982555906604114
0.0101851415624401
0.0107562515468806
0.0105646914237204
0.0103051226578782
0.00973378828029642
0.0105367853568703
0.0102994868016178
0.0104731633153001
0.0105722600206328
0.00976226544407177
0.0106142009881813
0.0100242269993575
0.0106201753045857
0.0109216982767502
0.0102734085777053
0.0102259188418168
0.00923780680137076
0.0103824416031414
0.0110779692707639
0.00998024269886054
0.0100297820166065
0.0107421293411147
0.0103463421096994
0.0106296213373744
0.00972393617793376
0.0110570324757119
0.0100258130440819
0.0095809182105332
0.0100569897076757
0.0102387089133274
0.00997522546716833
0.0100569680580439
0.0107978532271554
0.00990327672097006
0.00960877477506252
0.0103623054902589
0.0105366704481481
0.0101008799623508
0.00981682001194662
0.010985607661038
0.00964648743876716
0.00971857596342821
0.0100553144260656
0.0095096906179114
0.0103047930996671
0.00994693923405376
0.0100540490214616
0.0110585430741633
0.0102547266739183
0.00980568229534551
0.011283262525564
0.00974227517529788
0.0100064175633644
0.0103491700609213
0.0105936082106472
0.0107376854667574
0.0107506464763364
0.0103824292193448
0.0109730564210706
0.0094460413362149
0.0105872760853267
0.00972271451193678
0.0105543394544826
0.0105610528471414
0.0105843487348241
0.00990618142584869
0.0104966430941922
0.0102661481801726
0.0098844468438106
0.0107995652481869
0.00927607361292216
0.0095846106150905
0.00937930187005308
0.0107942391877431
0.010301606630852
0.0107321692090376
0.010418059835838
0.0107050023431323
0.0105917961238398
0.0106203540365327
0.0100482623375629
0.0106002892064174
0.00988234053733661
0.00901812617195041
0.0100303276358096
0.0110482101801784
0.0100518966820502
0.0104576303475535
0.0106050877756306
0.0102154203665411
0.0095294870859001
0.0106292516528942
0.010788568550852
0.010434763771445
0.0101234132479904
0.0110410595127769
0.0113300402949863
0.00994066082326243
0.00995713037636545
0.0103966244686928
0.0110755036256017
0.0100160191258853
0.010314119278154
0.0102085127349084
0.0104708759601409
0.00986137912546598
0.00957147426930139
0.0103458097950986
0.0106558597379314
0.00978299963046946
0.00952478644706945
0.0104223732733174
0.0102287499940355
0.00919518817840142
0.00963690879249612
0.0102025264942961
0.0102739988619761
0.0106132503938441
0.00986173188003866
0.010875470219202
0.010146143608219
0.00982548340149136
0.0106700286409824
0.0102111321587002
0.0101937751307426
0.0107290511077824
0.00999879126861998
0.0103709059966003
0.0100127376932418
0.0101529665590682
0.00959914250688464
0.0100446070355314
0.0101417229528962
0.0099268711825172
0.0099999764983069
0.0102447052337178
0.0103666268463822
0.0102098329897625
0.0106399755707492
0.00938061124979063
0.0105407885422588
0.00975400740743762
0.0099430687388208
0.0110681577092174
0.00998117723356293
0.00974189626434082
0.0105943255851518
0.0107492693623353
0.00970674939215293
0.0102084911247194
0.0110753760305181
0.0105850723613032
0.0101436066746574
0.0101553319935585
0.0106125740101384
0.0105902330152136
0.0102215449836637
0.0103136978377743
0.010136288043555
0.00988774082749303
0.00991905475965511
0.0101434593100862
0.0101890794733706
0.0101844136391578
0.0104995434668996
0.00975821462312379
0.0101495465113484
0.0106007925093438
0.00994632776266532
0.0108836648788025
0.00999278504244364
0.00998476920991392
0.0100668837712894
0.010307573011118
0.0104742805588313
0.0102276618523266
0.01010551608668
0.0106389185495673
0.00992916539325076
0.00984746617110879
0.00946814321618575
0.00993613392704426
0.0101495673999589
0.0106832720013136
0.010502775312755
0.0106748988041596
0.0100414766298968
0.0102401951040001
0.0107252134909872
0.0103208212684254
0.0100837023499215
0.00963613347930686
0.00998316962587328
0.0105295312042351
0.00968364355141099
0.01037147018214
0.0103742528631142
0.00973006153017704
0.0104991950559648
0.0101640817977207
0.0106378909593314
0.0104019677711543
0.0101116314924739
0.010491919417548
0.0106323454609636
0.00976745643923218
0.0101717823240118
0.0102447019489093
0.0102385695863674
0.00956919701753586
0.0100235767754946
0.00909959133506432
0.00970450916651382
0.010340075601444
0.0107191475859664
0.0102079546179764
0.00953813760359237
0.0104223036872461
0.0100294089436856
0.0099505504393302
0.00890594636334167
0.0103911846249173
0.0105312037112632
0.0109001338229342
0.0110967197627755
0.0103595902053775
0.0101886306460163
0.0103403780660703
0.0105441602107116
0.00982834077366335
0.0101640384961997
0.0103553176093983
0.0102039104045676
0.010517630084818
0.00946274389324246
0.00881330778550177
0.010169705373855
0.0102388674551149
0.0105138307582114
0.0101643592808655
0.00976223850938513
0.0104260167706139
0.00965626758217783
0.0106120846322586
0.0100199529399097
0.0103509035144202
0.0109406564013334
0.0109021848258021
0.0101435211707343
0.011109346185745
0.00979319219204834
0.0110154372750383
0.00990505714521291
0.0106353185713661
0.0103532377130166
0.0106234577448645
0.00942078396780858
0.00932499052454606
0.0104142464883069
0.0097691659556623
0.010250981076511
0.0103781459334035
0.0106927771466947
0.0104933146075244
0.0100583010305565
0.0107698599070242
0.0104395586663391
0.0100303363922958
0.0105330043068547
0.0103219698379681
0.00965985737308996
0.00981514898547826
0.0100467389601435
0.0107659170447116
0.0107251503791123
0.0101630336310051
0.0106431627119434
0.0101674788054211
0.00999241193430206
0.0101353323623487
0.0100797834738017
0.00972517716306178
0.0112746090037128
0.0104546825929435
0.00972557214876118
0.00990093197260057
0.0108638531356585
0.0100514779197322
0.0100220806951283
0.0099580596804693
0.0104025453133554
0.0102305742294446
0.0100452904537973
0.0103214383147247
0.0103762251918033
0.00977389969731854
0.0097041267283181
0.00980877596468134
0.00989825571183543
0.00997902056929306
0.00930549568891818
0.0106189116532487
0.0105042247412396
0.0108138136402305
0.0098914948162025
0.0100413725757036
0.0103700175166057
0.00976051258390553
0.0104356117362987
0.0106997652898814
0.00966458115357735
0.0106954451544813
0.0110790507991777
0.00979432780757351
0.0107202397631168
0.0106677477389848
0.0100177457909698
0.010541282518697
0.0108302529408679
0.00990996008093495
0.0101154645776395
0.0101465953016105
0.00974990669381851
0.0105663193090003
0.0101642942003627
0.0100644985685699
0.0101312319704688
0.0107537306183584
0.00945180343278872
0.0109649715042405
0.00983240224229397
0.0102639630975084
0.0100190399688915
0.00998062705284433
0.0105702559097432
0.00972889967093364
0.00941876332264881
0.00990980815351485
0.0106582271367001
0.00970476913212749
0.009995387232211
0.00937083262992515
0.00957621282340785
0.0102033658167564
0.0105342631711932
0.0104187447358808
0.0100321543553075
0.0104797941282286
0.00992615561980402
0.0102383499404888
0.00969748980598696
0.0104840633803379
0.010454685396285
0.0100851552187243
0.0111709942164137
0.00973567187761774
0.0106238428663084
0.0100960409402394
0.0095394999966953
0.00983980670184852
0.00970764244642174
0.0101439495492184
0.0100937489612578
0.0102977372923067
0.00961342968755878
0.0100407771671086
0.00993474276007197
0.0105653020174107
0.0103499938838981
0.0103434780666819
0.00984195362281057
0.0106650723412448
0.00964177094366082
0.00974008940677343
0.00997029983049774
0.0101639258944061
0.0104697112553841
0.011030651568114
0.01015882796366
0.0103664317510968
0.0110499721767892
0.0111972257571247
0.0101675002866899
0.0103298705485164
0.0101537851122741
0.00962251440083992
0.0100558002266001
0.00955593318223333
0.00982668728585561
0.0111214036381835
0.00985014946714998
0.00979516011306435
0.010567875214574
0.0102528801582832
0.0109078483288816
0.0101250856287134
0.00906945537415107
0.0103456808374704
0.01058619085632
0.00983004039845026
0.00968405906237522
0.01060396564542
0.0108598658562715
0.0106857912330472
0.0112582610013536
0.0108170410461346
0.00952412060246351
0.0108511121228479
0.0110684618568243
0.00985316203008374
0.00986813661561586
0.010460848657439
0.0107272759863969
0.00949781555646068
0.0108544059517231
0.0105873478493011
0.0096995501482364
0.0099727987828366
0.0101324467631807
0.00976239294169683
0.0104341364347039
0.0107177438517651
0.0103496949716032
0.0103353407068395
0.0108788722667721
0.0105692699388016
0.00982763361822007
0.0102551303070257
0.0102276803957171
0.0101974791717056
0.0104590174395566
0.00994383112649957
0.00987829669607159
0.0102542939367581
0.00986601122957075
0.0110641591724507
0.0105863186140153
0.010543198051366
0.0101193326242855
0.0108383112403592
0.00972767643326984
0.0108398387328258
0.00992117969976486
0.0107256806532629
0.00999151235961548
0.0100560971845839
0.0108447227622117
0.00957210002188234
0.00965026206302949
0.0105103363544232
0.0103772704489622
0.0104364413066207
0.00997118859503243
0.0104758519423371
0.010353729213882
0.009820758020838
0.0103053120334024
0.0103414491399153
0.00988693560422316
0.0101881143803553
0.010217090678485
0.0106734130933402
0.0101813187773585
0.010935036457162
0.0101267694320224
0.0105243195540134
0.00965154970702189
0.0105076045127196
0.0107994587215895
0.0101803804162577
0.0106285679788982
0.0100546953150062
0.00963497344478576
0.0115518322897298
0.00966403130183763
0.0103763094432276
0.0100200833102596
0.0103546516547686
0.0103926236258055
0.0108453351067435
0.0099012788705656
0.00996286902882354
0.00986710692076317
0.00966384313505247
0.0102347030814793
0.0101823720482941
0.0102670038391471
0.009883037667202
0.0108277829628785
0.010140389658719
0.0100569795504634
0.0100395067949316
0.0108980380380684
0.0100375889604953
0.0100991033690712
0.0106854241807085
0.00978058317518469
0.0106109664727592
0.0101531640138263
0.00978155827113509
0.0103020306667485
0.00998598815101641
0.0103129837931392
0.0106072979257634
0.00980356227894098
0.00995064129772717
0.0101435078646353
0.00969456527822362
0.00960158307962019
0.0100984547268148
0.00979348491778075
0.0108197127049511
0.00965223385528264
0.0099506090260032
0.0111814380603785
0.0108317026199992
0.0102656689926782
0.0102256999128436
0.0107946320740768
0.0106776131638158
0.0103880837538368
0.0104102136752219
0.0107264393348922
0.0104118308167376
0.0103157085026546
0.00972384865819892
0.00994113719249121
0.0109690874909195
0.0111006673521626
0.009666375364464
0.0106360215457697
0.010476775453595
0.0104760450197528
0.0109445522568597
0.0103708429598215
0.00916941953614388
0.00921850377788576
0.0105568718718235
0.0100982679732906
0.0104751328647708
0.0111890478315721
0.0104647509299234
0.0108142392084916
0.00940193996033106
0.0106763331355682
0.0102607344268656
0.0103049534990158
0.0101833146562528
0.0101213425460842
0.00999515332702177
0.00964039614867406
0.0102194931954886
0.0108276979077854
0.0106154087066629
0.0107423085945586
0.0101530331022377
0.0104622057054282
0.00954736067206364
0.0109067044613926
0.00941300977216209
0.0109013796767128
0.00999482865094112
0.010211419275417
0.0100721819134159
0.0104247046063279
0.0101150418632827
0.0103783857764348
0.0102114262919455
0.011014101191826
0.0107638032638686
0.0104296130919109
0.0102113627003556
0.0100364491303764
0.0104103139425754
0.00975815702775755
0.00949990180235984
0.0103909246694505
0.0101832648798515
0.0105376678804941
0.00974411906181134
0.00993628267983692
0.0104888041988421
0.00992504013074405
0.01040254968525
0.0102654329848179
0.0101417525159089
0.0109446948503326
0.0105412740163056
0.00984655318495899
0.00969984892435928
0.0105141752655583
0.0103857313341176
0.00912474859591989
0.0106510543329971
0.0107178368020226
0.0103695057563656
0.0106541867281148
0.00996138047664445
0.0108074084228078
0.0104451140379879
0.011000483166701
0.00952650296755325
0.0101368216300613
0.0102982324824323
0.0106708149835786
0.00942242258118555
0.00976272437555159
0.0094636061542641
0.0102585490304721
0.0105020440401015
0.00991165105718468
0.0104007917049145
0.00975824227303583
0.0106226222685058
0.00952038257803584
0.0107853270991086
0.0111381533126644
0.0101446889278553
0.00947234939751976
0.00940003118374094
0.0102063830495927
0.0103285319430945
0.0106979441020064
0.0112440021528533
0.00962498698183553
0.010089229019982
0.00979707494477482
0.0112416481686929
0.0101608921533923
0.0103529704408284
0.00986628155439046
0.0100885251494194
0.0105557478881671
0.0104930417067562
0.00954136638957973
0.0102341870572436
0.0102259154022027
0.0106905424694563
0.0099823738011438
0.0100017888357404
0.0100658473714909
0.0099858074442997
0.0103598092467788
0.0100397015691057
0.0102587880607463
0.010541359447293
0.0101959678334692
0.0109035646104917
0.0112228120538776
0.0103596323196343
0.00978440618778288
0.0102917171433992
0.00987413934885971
0.0107360799809296
0.0105183162604205
0.00952598637866267
0.0100942576646664
0.010514427172411
0.00984431262084769
0.0106061095046115
0.0104261235904938
0.0104719596330102
0.010107659835497
0.0103976456954425
0.00979850174500588
0.0102846655989096
0.0101435050258124
0.00975651971446967
0.0107488737848336
0.00975293698321581
0.0102864912602026
0.00948671857405858
0.00978213749203897
0.0101526100268509
0.0103586672117712
0.0111122241492103
0.0106465629397166
0.00990791672170693
0.00994519355166799
0.0111913213818604
0.0104058970409162
0.00958983676399148
0.0110639076251072
0.0107328608348886
0.0101859604899711
0.00985361926789894
0.00972728192318536
0.00990922223896527
0.0100165357312767
0.0100804539809061
0.0104603798028925
0.0101773033165597
0.00973557727243231
0.00998186198475106
0.0104131761112119
0.00971312129610186
0.0102476672974998
0.0100550618120435
0.0104764490936823
0.0101548643431838
0.010066519491667
0.0109910368587067
0.0111263334008515
0.0102153848923571
0.010035678454716
0.0107747294490695
0.010152851050837
0.0102541976004859
0.0106584824395973
0.0102906251105386
0.0101550858660532
0.0104229090262571
0.0106719126204645
0.0102295587660543
0.0109609573869134
0.010907343789917
0.0100173171794325
0.0099460948291349
0.010542892460851
0.0108843271050272
0.0104745874822333
0.0114245717897342
0.00991484419109143
0.0102629189216154
0.0105789544844318
0.0105754332389073
0.00987825328958047
0.0111391302355595
0.00984836490574809
0.00943630020797179
0.0102921252678217
0.00965252098145069
0.0100526991367144
0.0101176508288125
0.00995850705418569
0.0104230971399233
0.0105083189008936
0.0104062839195508
0.0112326009080861
0.0106813939488517
0.00948977068464828
0.0100152800040594
0.0100118263643569
0.0102565360145038
0.00977486702411881
0.0103440773164701
0.00922957097443576
0.00990775509056075
0.0105084961310623
0.0111856721687369
0.00957992864572824
0.00963794273153988
0.00987771349902356
0.00940754117651157
0.0103837179707957
0.0110197479503309
0.00969834597307861
0.0112119630025127
0.0106719336560179
0.0101389865004347
0.00990522186766881
0.00994636425422578
0.0107575982206416
0.0104350850092451
0.0105754455713032
0.0101339791859274
0.0106499250598082
0.00971430290077897
0.0103013627282773
0.00990003705483586
0.0103898182081084
0.00971400442786834
0.0100588141236296
0.00953421825270691
0.0102773507447717
0.00995465148859351
0.0102489756522361
0.0107624383377179
0.0109339642890581
0.0119435023416384
0.0101097717875363
0.0105066410806811
0.0105744154601603
0.0105824943093136
0.0111409126717862
0.0105079103265254
0.010448472061903
0.00991815088546936
0.0099446991562319
0.0110383181055452
0.00950257985387256
0.00988761351779846
0.009983380342912
0.0105065752295494
0.0101522725144868
0.00998692680429173
0.0100486100186849
0.00961646069574194
0.0102210948079614
0.00999646048457133
0.0106833993820215
0.00984758617421096
0.010528828101019
0.0104879012489952
0.0103041791888528
0.0102201199435764
0.0101535412974684
0.0101403404958225
0.00992689542028595
0.00991590587044075
0.0101549919684431
0.0104753432009141
0.00938620908802835
0.00978944297938328
0.0113002237212936
0.00961124224178277
0.0108724576970827
0.0099682838775674
0.0101924082194152
0.0100375253781271
0.00919390828626315
0.0111413122407839
0.0105492668720348
0.00983144705140386
0.010071727821705
0.00992754586496813
0.00941658836815873
0.0105460221215071
0.0100370768001632
0.00964365730128121
0.00954394198850685
0.0109365365815048
0.00951210896740748
0.0107669728592263
0.0103071495858868
0.0103161214751689
0.0103701012131576
0.0102682468224197
0.0106093438387579
0.00965458695605343
0.0101252218228513
0.0101093360019438
0.00963684310675093
0.0103556378783051
0.00895966832393268
0.0105566523871198
0.0100819350226953
0.0101988865043688
0.0100734073768594
0.00948412634020987
0.0110968407939428
0.00995202617550528
0.0105558146692022
0.0104441647094479
0.00946846145509925
0.0100009811086166
0.0109595482574363
0.0105843979002345
0.0100006176336488
0.0100179160486172
0.0108630611351291
0.0103020129342283
0.0100695317645677
0.00994984996800377
0.0102859068403619
0.0101498333299003
0.0104340523713679
0.00984984409795425
0.0109587328703341
0.0111068615018969
0.00996859520087673
0.00988064603482799
0.0101432651364981
0.0111803518426773
0.0105252818627099
0.010312785768982
0.00920893253643512
0.0108247765628936
0.0101068367525366
0.0109402688116755
0.0104925335231218
0.0103722128033317
0.0100755812906972
0.0109967421446162
0.0101951614976908
0.0105634392877197
0.00975857013132229
0.0105252699190448
0.00991253881883757
0.010153327299217
0.0105807383146817
0.0102668160695674
0.0101154610838593
0.00996787655721208
0.010610609750991
0.0109753735439782
0.0101250743850009
0.0104044967722252
0.00961258170165394
0.0106757911952183
0.010274388618693
0.00976666257658661
0.0100512448551743
0.0102945002367563
0.00890819821646752
0.0106174289500443
0.00987445986317805
0.010954247773022
0.00980382901187267
0.0105418107026715
0.0105094803732331
