-0.1,0.0,-10.4,-10.3,1	
-0.1,0.0,-1.2,-1.1,5431	
-0.1,0.0,-2.3,-2.2,19476	
-0.1,0.0,-3.4,-3.3,22746	
-0.1,0.0,-4.5,-4.4,15625	
-0.1,0.0,-0.5,-0.4,1755	
-0.1,0.0,-5.6,-5.5,22955	
-0.1,0.0,-6.7,-6.6,17845	
-0.1,0.0,-7.0,-6.9,13671	
-0.1,0.0,-7.8,-7.7,4302	
-0.1,0.0,-8.1,-8.0,2314	
-0.1,0.0,-8.9,-8.8,311	
-0.1,0.0,-9.2,-9.1,149	
-0.1,0.0,10.5,10.6,1	
-0.1,0.0,1.1,1.2,4751	
-0.1,0.0,1.9,2.0,13984	
-0.1,0.0,2.2,2.3,18283	
-0.1,0.0,3.3,3.4,23230	
-0.1,0.0,4.4,4.5,15586	
-0.1,0.0,5.5,5.6,22395	
-0.1,0.0,0.6,0.7,2022	
-0.1,0.0,6.6,6.7,19362	
-0.1,0.0,7.7,7.8,5177	
-0.1,0.0,8.0,8.1,2991	
-0.1,0.0,8.8,8.9,400	
-0.1,0.0,9.1,9.2,171	
-0.1,0.0,9.9,10.0,10	
-1.0,-0.9,-10.2,-10.1,2	
-1.0,-0.9,-1.4,-1.3,6544	
-1.0,-0.9,-2.5,-2.4,15973	
-1.0,-0.9,-0.3,-0.2,3911	
-1.0,-0.9,-3.6,-3.5,15066	
-1.0,-0.9,-4.7,-4.6,9941	
-1.0,-0.9,-5.0,-4.9,11010	
-1.0,-0.9,-5.8,-5.7,13910	
-1.0,-0.9,-6.1,-6.0,13830	
-1.0,-0.9,-6.9,-6.8,8733	
-1.0,-0.9,-7.2,-7.1,6251	
-1.0,-0.9,-8.3,-8.2,962	
-1.0,-0.9,-9.4,-9.3,30	
-1.0,-0.9,0.0,0.1,7971	
-1.0,-0.9,10.7,10.8,1	
-1.0,-0.9,1.7,1.8,8671	
-1.0,-0.9,2.0,2.1,11616	
-1.0,-0.9,2.8,2.9,17305	
-1.0,-0.9,3.1,3.2,17344	
-1.0,-0.9,3.9,4.0,12720	
-1.0,-0.9,4.2,4.3,10959	
-1.0,-0.9,5.3,5.4,12144	
-1.0,-0.9,6.4,6.5,12433	
-1.0,-0.9,7.5,7.6,4113	
-1.0,-0.9,0.8,0.9,4322	
-1.0,-0.9,8.6,8.7,404	
-1.0,-0.9,9.7,9.8,15	
-10.0,-9.9,-1.2,-1.1,3	
-10.0,-9.9,-2.3,-2.2,1	
-10.0,-9.9,-0.5,-0.4,3	
-10.0,-9.9,1.1,1.2,6	
-10.0,-9.9,2.2,2.3,2	
-10.0,-9.9,0.6,0.7,9	
-10.1,-10.0,-1.1,-1.0,5	
-10.1,-10.0,-0.6,-0.5,3	
-10.1,-10.0,1.2,1.3,2	
-10.1,-10.0,0.5,0.6,6	
-10.2,-10.1,-1.8,-1.7,2	
-10.2,-10.1,0.4,0.5,1	
-10.3,-10.2,-2.0,-1.9,1	
-10.3,-10.2,-0.8,-0.7,1	
-10.3,-10.2,0.3,0.4,2	
-10.4,-10.3,-0.1,0.0,1	
-10.4,-10.3,0.2,0.3,1	
-10.5,-10.4,-0.2,-0.1,1	
-10.5,-10.4,0.1,0.2,2	
-10.6,-10.5,0.0,0.1,1	
-10.7,-10.6,1.0,1.1,1	
-10.8,-10.7,-1.2,-1.1,1	
-10.8,-10.7,-0.5,-0.4,1	
-1.1,-1.0,-1.3,-1.2,5908	
-1.1,-1.0,-2.4,-2.3,14675	
-1.1,-1.0,-3.5,-3.4,14894	
-1.1,-1.0,-0.4,-0.3,4693	
-1.1,-1.0,-4.6,-4.5,9237	
-1.1,-1.0,-5.7,-5.6,12359	
-1.1,-1.0,-6.0,-5.9,12251	
-1.1,-1.0,-6.8,-6.7,8570	
-1.1,-1.0,-7.1,-7.0,6324	
-1.1,-1.0,-7.9,-7.8,1864	
-1.1,-1.0,-8.2,-8.1,966	
-1.1,-1.0,-9.3,-9.2,30	
-1.1,-1.0,1.0,1.1,5005	
-1.1,-1.0,1.8,1.9,9425	
-1.1,-1.0,2.1,2.2,11981	
-1.1,-1.0,2.9,3.0,16787	
-1.1,-1.0,3.2,3.3,16373	
-1.1,-1.0,4.3,4.4,9785	
-1.1,-1.0,5.4,5.5,11483	
-1.1,-1.0,6.5,6.6,10440	
-1.1,-1.0,0.7,0.8,4630	
-1.1,-1.0,7.6,7.7,3080	
-1.1,-1.0,8.7,8.8,288	
-1.1,-1.0,9.0,9.1,125	
-1.1,-1.0,9.8,9.9,7	
-1.2,-1.1,-1.2,-1.1,5944	
-1.2,-1.1,-2.3,-2.2,13495	
-1.2,-1.1,-3.4,-3.3,15051	
-1.2,-1.1,-4.5,-4.4,8783	
-1.2,-1.1,-0.5,-0.4,5106	
-1.2,-1.1,-5.6,-5.5,10722	
-1.2,-1.1,-6.7,-6.6,8454	
-1.2,-1.1,-7.0,-6.9,6234	
-1.2,-1.1,-7.8,-7.7,2002	
-1.2,-1.1,-8.1,-8.0,1077	
-1.2,-1.1,-8.9,-8.8,140	
-1.2,-1.1,-9.2,-9.1,49	
-1.2,-1.1,10.5,10.6,1	
-1.2,-1.1,1.1,1.2,5717	
-1.2,-1.1,1.9,2.0,10100	
-1.2,-1.1,2.2,2.3,12565	
-1.2,-1.1,3.3,3.4,15831	
-1.2,-1.1,4.4,4.5,8924	
-1.2,-1.1,5.5,5.6,10642	
-1.2,-1.1,0.6,0.7,5229	
-1.2,-1.1,6.6,6.7,8617	
-1.2,-1.1,7.7,7.8,2364	
-1.2,-1.1,8.0,8.1,1352	
-1.2,-1.1,8.8,8.9,188	
-1.2,-1.1,9.1,9.2,62	
-1.2,-1.1,9.9,10.0,8	
-1.3,-1.2,-1.1,-1.0,6126	
-1.3,-1.2,-1.9,-1.8,9950	
-1.3,-1.2,-2.2,-2.1,12406	
-1.3,-1.2,-3.3,-3.2,14936	
-1.3,-1.2,-4.4,-4.3,8343	
-1.3,-1.2,-5.5,-5.4,9244	
-1.3,-1.2,-0.6,-0.5,5991	
-1.3,-1.2,-6.6,-6.5,7818	
-1.3,-1.2,-7.7,-7.6,2107	
-1.3,-1.2,-8.0,-7.9,1245	
-1.3,-1.2,-8.8,-8.7,174	
-1.3,-1.2,-9.1,-9.0,76	
-1.3,-1.2,-9.9,-9.8,3	
-1.3,-1.2,1.2,1.3,6194	
-1.3,-1.2,2.3,2.4,13054	
-1.3,-1.2,3.4,3.5,14441	
-1.3,-1.2,4.5,4.6,8180	
-1.3,-1.2,0.5,0.6,6080	
-1.3,-1.2,5.6,5.7,9527	
-1.3,-1.2,6.7,6.8,7392	
-1.3,-1.2,7.0,7.1,5552	
-1.3,-1.2,7.8,7.9,1744	
-1.3,-1.2,8.1,8.2,1021	
-1.3,-1.2,8.9,9.0,129	
-1.3,-1.2,9.2,9.3,50	
-1.4,-1.3,-1.0,-0.9,6391	
-1.4,-1.3,-1.8,-1.7,9315	
-1.4,-1.3,-2.1,-2.0,11662	
-1.4,-1.3,-2.9,-2.8,15733	
-1.4,-1.3,-3.2,-3.1,15208	
-1.4,-1.3,-4.3,-4.2,8272	
-1.4,-1.3,-5.4,-5.3,7816	
-1.4,-1.3,-6.5,-6.4,7183	
-1.4,-1.3,-0.7,-0.6,6756	
-1.4,-1.3,-7.6,-7.5,2105	
-1.4,-1.3,-8.7,-8.6,217	
-1.4,-1.3,-9.0,-8.9,83	
-1.4,-1.3,-9.8,-9.7,1	
-1.4,-1.3,1.3,1.4,7030	
-1.4,-1.3,2.4,2.5,13826	
-1.4,-1.3,3.5,3.6,13762	
-1.4,-1.3,0.4,0.5,7243	
-1.4,-1.3,4.6,4.7,7286	
-1.4,-1.3,5.7,5.8,8450	
-1.4,-1.3,6.0,6.1,8266	
-1.4,-1.3,6.8,6.9,5813	
-1.4,-1.3,7.1,7.2,4344	
-1.4,-1.3,7.9,8.0,1244	
-1.4,-1.3,8.2,8.3,631	
-1.4,-1.3,9.3,9.4,29	
-1.5,-1.4,-1.7,-1.6,8782	
-1.5,-1.4,-2.0,-1.9,11075	
-1.5,-1.4,-2.8,-2.7,15503	
-1.5,-1.4,-3.1,-3.0,15319	
-1.5,-1.4,-3.9,-3.8,10886	
-1.5,-1.4,-4.2,-4.1,8618	
-1.5,-1.4,-5.3,-5.2,6926	
-1.5,-1.4,-6.4,-6.3,6554	
-1.5,-1.4,-7.5,-7.4,2173	
-1.5,-1.4,-0.8,-0.7,7521	
-1.5,-1.4,-8.6,-8.5,237	
-1.5,-1.4,-9.7,-9.6,9	
-1.5,-1.4,1.4,1.5,7678	
-1.5,-1.4,2.5,2.6,14524	
-1.5,-1.4,0.3,0.4,8368	
-1.5,-1.4,3.6,3.7,12895	
-1.5,-1.4,4.7,4.8,6669	
-1.5,-1.4,5.0,5.1,6462	
-1.5,-1.4,5.8,5.9,7222	
-1.5,-1.4,6.1,6.2,7229	
-1.5,-1.4,6.9,7.0,4543	
-1.5,-1.4,7.2,7.3,3251	
-1.5,-1.4,8.3,8.4,445	
-1.5,-1.4,9.4,9.5,21	
-1.6,-1.5,-0.1,0.0,9978	
-1.6,-1.5,-10.0,-9.9,1	
-1.6,-1.5,-1.6,-1.5,8780	
-1.6,-1.5,-2.7,-2.6,15466	
-1.6,-1.5,-3.0,-2.9,15829	
-1.6,-1.5,-3.8,-3.7,11410	
-1.6,-1.5,-4.1,-4.0,9184	
-1.6,-1.5,-4.9,-4.8,5841	
-1.6,-1.5,-5.2,-5.1,5922	
-1.6,-1.5,-6.3,-6.2,5796	
-1.6,-1.5,-7.4,-7.3,2235	
-1.6,-1.5,-8.5,-8.4,258	
-1.6,-1.5,-0.9,-0.8,8059	
-1.6,-1.5,-9.6,-9.5,5	
-1.6,-1.5,1.5,1.6,8378	
-1.6,-1.5,0.2,0.3,9681	
-1.6,-1.5,2.6,2.7,14947	
-1.6,-1.5,3.7,3.8,12270	
-1.6,-1.5,4.0,4.1,9871	
-1.6,-1.5,4.8,4.9,5955	
-1.6,-1.5,5.1,5.2,5894	
-1.6,-1.5,5.9,6.0,6338	
-1.6,-1.5,6.2,6.3,6010	
-1.6,-1.5,7.3,7.4,2406	
-1.6,-1.5,8.4,8.5,317	
-1.6,-1.5,9.5,9.6,10	
-1.7,-1.6,-10.1,-10.0,2	
-1.7,-1.6,-1.5,-1.4,8972	
-1.7,-1.6,-0.2,-0.1,10979	
-1.7,-1.6,-2.6,-2.5,15326	
-1.7,-1.6,-3.7,-3.6,12573	
-1.7,-1.6,-4.0,-3.9,10059	
-1.7,-1.6,-4.8,-4.7,5653	
-1.7,-1.6,-5.1,-5.0,5229	
-1.7,-1.6,-5.9,-5.8,5260	
-1.7,-1.6,-6.2,-6.1,5006	
-1.7,-1.6,-7.3,-7.2,1998	
-1.7,-1.6,-8.4,-8.3,237	
-1.7,-1.6,-9.5,-9.4,9	
-1.7,-1.6,0.1,0.2,11300	
-1.7,-1.6,10.0,10.1,4	
-1.7,-1.6,1.6,1.7,9346	
-1.7,-1.6,2.7,2.8,15992	
-1.7,-1.6,3.0,3.1,16257	
-1.7,-1.6,3.8,3.9,12069	
-1.7,-1.6,4.1,4.2,9167	
-1.7,-1.6,4.9,5.0,5480	
-1.7,-1.6,5.2,5.3,5051	
-1.7,-1.6,6.3,6.4,4903	
-1.7,-1.6,7.4,7.5,1802	
-1.7,-1.6,8.5,8.6,192	
-1.7,-1.6,0.9,1.0,9004	
-1.7,-1.6,9.6,9.7,10	
-1.8,-1.7,-1.4,-1.3,9361	
-1.8,-1.7,-2.5,-2.4,15515	
-1.8,-1.7,-0.3,-0.2,11895	
-1.8,-1.7,-3.6,-3.5,13627	
-1.8,-1.7,-4.7,-4.6,5523	
-1.8,-1.7,-5.0,-4.9,4873	
-1.8,-1.7,-5.8,-5.7,4612	
-1.8,-1.7,-6.1,-6.0,4358	
-1.8,-1.7,-6.9,-6.8,2716	
-1.8,-1.7,-7.2,-7.1,1945	
-1.8,-1.7,-8.3,-8.2,290	
-1.8,-1.7,-9.4,-9.3,15	
-1.8,-1.7,0.0,0.1,25116	
-1.8,-1.7,1.7,1.8,10033	
-1.8,-1.7,2.0,2.1,12325	
-1.8,-1.7,2.8,2.9,16572	
-1.8,-1.7,3.1,3.2,16473	
-1.8,-1.7,3.9,4.0,11230	
-1.8,-1.7,4.2,4.3,8523	
-1.8,-1.7,5.3,5.4,4500	
-1.8,-1.7,6.4,6.5,3930	
-1.8,-1.7,7.5,7.6,1230	
-1.8,-1.7,0.8,0.9,10272	
-1.8,-1.7,8.6,8.7,131	
-1.8,-1.7,9.7,9.8,8	
-1.9,-1.8,-1.3,-1.2,9970	
-1.9,-1.8,-2.4,-2.3,15674	
-1.9,-1.8,-3.5,-3.4,15135	
-1.9,-1.8,-0.4,-0.3,13077	
-1.9,-1.8,-4.6,-4.5,5851	
-1.9,-1.8,-5.7,-5.6,3755	
-1.9,-1.8,-6.0,-5.9,3693	
-1.9,-1.8,-6.8,-6.7,2518	
-1.9,-1.8,-7.1,-7.0,1882	
-1.9,-1.8,-7.9,-7.8,490	
-1.9,-1.8,-8.2,-8.1,280	
-1.9,-1.8,-9.3,-9.2,17	
-1.9,-1.8,1.0,1.1,10653	
-1.9,-1.8,1.8,1.9,11584	
-1.9,-1.8,2.1,2.2,13567	
-1.9,-1.8,2.9,3.0,17279	
-1.9,-1.8,3.2,3.3,16929	
-1.9,-1.8,4.3,4.4,7801	
-1.9,-1.8,5.4,5.5,3923	
-1.9,-1.8,6.5,6.6,3175	
-1.9,-1.8,0.7,0.8,11675	
-1.9,-1.8,7.6,7.7,870	
-1.9,-1.8,8.7,8.8,78	
-1.9,-1.8,9.0,9.1,28	
-1.9,-1.8,9.8,9.9,1	
-0.2,-0.1,-1.1,-1.0,4644	
-0.2,-0.1,-1.9,-1.8,13848	
-0.2,-0.1,-2.2,-2.1,17978	
-0.2,-0.1,-3.3,-3.2,22918	
-0.2,-0.1,-4.4,-4.3,15232	
-0.2,-0.1,-5.5,-5.4,21682	
-0.2,-0.1,-0.6,-0.5,2075	
-0.2,-0.1,-6.6,-6.5,18731	
-0.2,-0.1,-7.7,-7.6,4960	
-0.2,-0.1,-8.0,-7.9,2813	
-0.2,-0.1,-8.8,-8.7,402	
-0.2,-0.1,-9.1,-9.0,156	
-0.2,-0.1,-9.9,-9.8,4	
-0.2,-0.1,10.4,10.5,4	
-0.2,-0.1,1.2,1.3,5716	
-0.2,-0.1,2.3,2.4,19324	
-0.2,-0.1,3.4,3.5,22416	
-0.2,-0.1,4.5,4.6,15300	
-0.2,-0.1,0.5,0.6,1843	
-0.2,-0.1,5.6,5.7,22446	
-0.2,-0.1,6.7,6.8,17283	
-0.2,-0.1,7.0,7.1,13406	
-0.2,-0.1,7.8,7.9,4240	
-0.2,-0.1,8.1,8.2,2267	
-0.2,-0.1,8.9,9.0,313	
-0.2,-0.1,9.2,9.3,124	
-2.0,-1.9,-1.5,-1.4,10925	
-2.0,-1.9,-0.2,-0.1,15370	
-2.0,-1.9,-2.6,-2.5,17417	
-2.0,-1.9,-3.7,-3.6,13853	
-2.0,-1.9,-4.0,-3.9,11182	
-2.0,-1.9,-4.8,-4.7,4884	
-2.0,-1.9,-5.1,-5.0,3827	
-2.0,-1.9,-5.9,-5.8,3147	
-2.0,-1.9,-6.2,-6.1,2972	
-2.0,-1.9,-7.3,-7.2,1162	
-2.0,-1.9,-8.4,-8.3,150	
-2.0,-1.9,-9.5,-9.4,6	
-2.0,-1.9,0.1,0.2,15540	
-2.0,-1.9,10.0,10.1,1	
-2.0,-1.9,1.6,1.7,11217	
-2.0,-1.9,2.7,2.8,18019	
-2.0,-1.9,3.0,3.1,18151	
-2.0,-1.9,3.8,3.9,12871	
-2.0,-1.9,4.1,4.2,9889	
-2.0,-1.9,4.9,5.0,4378	
-2.0,-1.9,5.2,5.3,3631	
-2.0,-1.9,6.3,6.4,2824	
-2.0,-1.9,7.4,7.5,1040	
-2.0,-1.9,8.5,8.6,105	
-2.0,-1.9,0.9,1.0,11774	
-2.0,-1.9,9.6,9.7,5	
-2.1,-2.0,-1.4,-1.3,11704	
-2.1,-2.0,-2.5,-2.4,17743	
-2.1,-2.0,-0.3,-0.2,16156	
-2.1,-2.0,-3.6,-3.5,15671	
-2.1,-2.0,-4.7,-4.6,5182	
-2.1,-2.0,-5.0,-4.9,3824	
-2.1,-2.0,-5.8,-5.7,2689	
-2.1,-2.0,-6.1,-6.0,2375	
-2.1,-2.0,-6.9,-6.8,1550	
-2.1,-2.0,-7.2,-7.1,1125	
-2.1,-2.0,-8.3,-8.2,164	
-2.1,-2.0,-9.4,-9.3,3	
-2.1,-2.0,0.0,0.1,34274	
-2.1,-2.0,1.7,1.8,12223	
-2.1,-2.0,2.0,2.1,14133	
-2.1,-2.0,2.8,2.9,18901	
-2.1,-2.0,3.1,3.2,19025	
-2.1,-2.0,3.9,4.0,12251	
-2.1,-2.0,4.2,4.3,9316	
-2.1,-2.0,5.3,5.4,3206	
-2.1,-2.0,6.4,6.5,2140	
-2.1,-2.0,7.5,7.6,669	
-2.1,-2.0,0.8,0.9,13785	
-2.1,-2.0,8.6,8.7,66	
-2.1,-2.0,9.7,9.8,3	
-2.2,-2.1,-1.3,-1.2,12383	
-2.2,-2.1,-2.4,-2.3,18081	
-2.2,-2.1,-3.5,-3.4,17286	
-2.2,-2.1,-0.4,-0.3,17056	
-2.2,-2.1,-4.6,-4.5,5971	
-2.2,-2.1,-5.7,-5.6,2280	
-2.2,-2.1,-6.0,-5.9,2112	
-2.2,-2.1,-6.8,-6.7,1308	
-2.2,-2.1,-7.1,-7.0,1014	
-2.2,-2.1,-7.9,-7.8,295	
-2.2,-2.1,-8.2,-8.1,152	
-2.2,-2.1,-9.3,-9.2,7	
-2.2,-2.1,1.0,1.1,13316	
-2.2,-2.1,1.8,1.9,13473	
-2.2,-2.1,2.1,2.2,15776	
-2.2,-2.1,2.9,3.0,20224	
-2.2,-2.1,3.2,3.3,19328	
-2.2,-2.1,4.3,4.4,8358	
-2.2,-2.1,5.4,5.5,2616	
-2.2,-2.1,6.5,6.6,1702	
-2.2,-2.1,0.7,0.8,15265	
-2.2,-2.1,7.6,7.7,524	
-2.2,-2.1,8.7,8.8,42	
-2.2,-2.1,9.0,9.1,25	
-2.2,-2.1,9.8,9.9,1	
-2.3,-2.2,-1.2,-1.1,13258	
-2.3,-2.2,-2.3,-2.2,18023	
-2.3,-2.2,-3.4,-3.3,19099	
-2.3,-2.2,-4.5,-4.4,6759	
-2.3,-2.2,-0.5,-0.4,17871	
-2.3,-2.2,-5.6,-5.5,2048	
-2.3,-2.2,-6.7,-6.6,1148	
-2.3,-2.2,-7.0,-6.9,871	
-2.3,-2.2,-7.8,-7.7,280	
-2.3,-2.2,-8.1,-8.0,163	
-2.3,-2.2,-8.9,-8.8,28	
-2.3,-2.2,-9.2,-9.1,8	
-2.3,-2.2,1.1,1.2,13568	
-2.3,-2.2,1.9,2.0,14888	
-2.3,-2.2,2.2,2.3,17383	
-2.3,-2.2,3.3,3.4,19865	
-2.3,-2.2,4.4,4.5,7770	
-2.3,-2.2,5.5,5.6,2181	
-2.3,-2.2,0.6,0.7,17160	
-2.3,-2.2,6.6,6.7,1234	
-2.3,-2.2,7.7,7.8,327	
-2.3,-2.2,8.0,8.1,188	
-2.3,-2.2,8.8,8.9,20	
-2.3,-2.2,9.1,9.2,11	
-2.3,-2.2,9.9,10.0,1	
-2.4,-2.3,-1.1,-1.0,14527	
-2.4,-2.3,-1.9,-1.8,15597	
-2.4,-2.3,-2.2,-2.1,17948	
-2.4,-2.3,-3.3,-3.2,20652	
-2.4,-2.3,-4.4,-4.3,7952	
-2.4,-2.3,-5.5,-5.4,1910	
-2.4,-2.3,-0.6,-0.5,18030	
-2.4,-2.3,-6.6,-6.5,990	
-2.4,-2.3,-7.7,-7.6,296	
-2.4,-2.3,-8.0,-7.9,155	
-2.4,-2.3,-8.8,-8.7,21	
-2.4,-2.3,-9.1,-9.0,3	
-2.4,-2.3,1.2,1.3,14205	
-2.4,-2.3,2.3,2.4,18968	
-2.4,-2.3,3.4,3.5,20095	
-2.4,-2.3,4.5,4.6,6872	
-2.4,-2.3,0.5,0.6,18785	
-2.4,-2.3,5.6,5.7,1726	
-2.4,-2.3,6.7,6.8,923	
-2.4,-2.3,7.0,7.1,649	
-2.4,-2.3,7.8,7.9,205	
-2.4,-2.3,8.1,8.2,102	
-2.4,-2.3,8.9,9.0,23	
-2.4,-2.3,9.2,9.3,8	
-2.5,-2.4,-1.0,-0.9,15761	
-2.5,-2.4,-1.8,-1.7,15703	
-2.5,-2.4,-2.1,-2.0,17765	
-2.5,-2.4,-2.9,-2.8,22429	
-2.5,-2.4,-3.2,-3.1,21945	
-2.5,-2.4,-4.3,-4.2,9217	
-2.5,-2.4,-5.4,-5.3,1954	
-2.5,-2.4,-6.5,-6.4,786	
-2.5,-2.4,-0.7,-0.6,17962	
-2.5,-2.4,-7.6,-7.5,249	
-2.5,-2.4,-8.7,-8.6,22	
-2.5,-2.4,-9.0,-8.9,10	
-2.5,-2.4,-9.8,-9.7,2	
-2.5,-2.4,1.3,1.4,14527	
-2.5,-2.4,2.4,2.5,20335	
-2.5,-2.4,3.5,3.6,19387	
-2.5,-2.4,0.4,0.5,20286	
-2.5,-2.4,4.6,4.7,6182	
-2.5,-2.4,5.7,5.8,1360	
-2.5,-2.4,6.0,6.1,1211	
-2.5,-2.4,6.8,6.9,612	
-2.5,-2.4,7.1,7.2,440	
-2.5,-2.4,7.9,8.0,156	
-2.5,-2.4,8.2,8.3,67	
-2.5,-2.4,9.3,9.4,5	
-2.6,-2.5,-1.7,-1.6,15454	
-2.6,-2.5,-2.0,-1.9,17649	
-2.6,-2.5,-2.8,-2.7,23337	
-2.6,-2.5,-3.1,-3.0,22942	
-2.6,-2.5,-3.9,-3.8,14871	
-2.6,-2.5,-4.2,-4.1,10882	
-2.6,-2.5,-5.3,-5.2,2055	
-2.6,-2.5,-6.4,-6.3,697	
-2.6,-2.5,-7.5,-7.4,220	
-2.6,-2.5,-0.8,-0.7,17866	
-2.6,-2.5,-8.6,-8.5,23	
-2.6,-2.5,1.4,1.5,14824	
-2.6,-2.5,2.5,2.6,21680	
-2.6,-2.5,0.3,0.4,21758	
-2.6,-2.5,3.6,3.7,18833	
-2.6,-2.5,4.7,4.8,5326	
-2.6,-2.5,5.0,5.1,3294	
-2.6,-2.5,5.8,5.9,1142	
-2.6,-2.5,6.1,6.2,870	
-2.6,-2.5,6.9,7.0,433	
-2.6,-2.5,7.2,7.3,330	
-2.6,-2.5,8.3,8.4,44	
-2.6,-2.5,9.4,9.5,2	
-2.7,-2.6,-0.1,0.0,23537	
-2.7,-2.6,-1.6,-1.5,15462	
-2.7,-2.6,-2.7,-2.6,23542	
-2.7,-2.6,-3.0,-2.9,24077	
-2.7,-2.6,-3.8,-3.7,16408	
-2.7,-2.6,-4.1,-4.0,12357	
-2.7,-2.6,-4.9,-4.8,3879	
-2.7,-2.6,-5.2,-5.1,2305	
-2.7,-2.6,-6.3,-6.2,632	
-2.7,-2.6,-7.4,-7.3,203	
-2.7,-2.6,-8.5,-8.4,27	
-2.7,-2.6,-0.9,-0.8,17701	
-2.7,-2.6,1.5,1.6,15313	
-2.7,-2.6,0.2,0.3,23300	
-2.7,-2.6,2.6,2.7,22759	
-2.7,-2.6,3.7,3.8,17952	
-2.7,-2.6,4.0,4.1,13790	
-2.7,-2.6,4.8,4.9,4615	
-2.7,-2.6,5.1,5.2,2707	
-2.7,-2.6,5.9,6.0,878	
-2.7,-2.6,6.2,6.3,633	
-2.7,-2.6,7.3,7.4,220	
-2.7,-2.6,8.4,8.5,18	
-2.8,-2.7,-1.5,-1.4,15469	
-2.8,-2.7,-0.2,-0.1,23472	
-2.8,-2.7,-2.6,-2.5,23051	
-2.8,-2.7,-3.7,-3.6,17983	
-2.8,-2.7,-4.0,-3.9,13972	
-2.8,-2.7,-4.8,-4.7,4541	
-2.8,-2.7,-5.1,-5.0,2662	
-2.8,-2.7,-5.9,-5.8,709	
-2.8,-2.7,-6.2,-6.1,544	
-2.8,-2.7,-7.3,-7.2,153	
-2.8,-2.7,-8.4,-8.3,26	
-2.8,-2.7,-9.5,-9.4,1	
-2.8,-2.7,0.1,0.2,24114	
-2.8,-2.7,1.6,1.7,16051	
-2.8,-2.7,2.7,2.8,23926	
-2.8,-2.7,3.0,3.1,24377	
-2.8,-2.7,3.8,3.9,16742	
-2.8,-2.7,4.1,4.2,12523	
-2.8,-2.7,4.9,5.0,3874	
-2.8,-2.7,5.2,5.3,2128	
-2.8,-2.7,6.3,6.4,497	
-2.8,-2.7,7.4,7.5,144	
-2.8,-2.7,8.5,8.6,11	
-2.8,-2.7,0.9,1.0,17939	
-2.8,-2.7,9.6,9.7,1	
-2.9,-2.8,-1.4,-1.3,15698	
-2.9,-2.8,-2.5,-2.4,22645	
-2.9,-2.8,-0.3,-0.2,23309	
-2.9,-2.8,-3.6,-3.5,19996	
-2.9,-2.8,-4.7,-4.6,5404	
-2.9,-2.8,-5.0,-4.9,3141	
-2.9,-2.8,-5.8,-5.7,698	
-2.9,-2.8,-6.1,-6.0,446	
-2.9,-2.8,-6.9,-6.8,228	
-2.9,-2.8,-7.2,-7.1,158	
-2.9,-2.8,-8.3,-8.2,18	
-2.9,-2.8,0.0,0.1,49321	
-2.9,-2.8,1.7,1.8,16228	
-2.9,-2.8,2.0,2.1,18278	
-2.9,-2.8,2.8,2.9,24307	
-2.9,-2.8,3.1,3.2,24086	
-2.9,-2.8,3.9,4.0,15531	
-2.9,-2.8,4.2,4.3,11233	
-2.9,-2.8,5.3,5.4,1786	
-2.9,-2.8,6.4,6.5,331	
-2.9,-2.8,7.5,7.6,80	
-2.9,-2.8,0.8,0.9,19075	
-2.9,-2.8,8.6,8.7,16	
-0.3,-0.2,-1.0,-0.9,4060	
-0.3,-0.2,-1.8,-1.7,12168	
-0.3,-0.2,-2.1,-2.0,16185	
-0.3,-0.2,-2.9,-2.8,23339	
-0.3,-0.2,-3.2,-3.1,23273	
-0.3,-0.2,-4.3,-4.2,14962	
-0.3,-0.2,-5.4,-5.3,20524	
-0.3,-0.2,-6.5,-6.4,19371	
-0.3,-0.2,-0.7,-0.6,2434	
-0.3,-0.2,-7.6,-7.5,5734	
-0.3,-0.2,-8.7,-8.6,500	
-0.3,-0.2,-9.0,-8.9,208	
-0.3,-0.2,-9.8,-9.7,15	
-0.3,-0.2,1.3,1.4,6346	
-0.3,-0.2,2.4,2.5,19894	
-0.3,-0.2,3.5,3.6,21218	
-0.3,-0.2,0.4,0.5,1752	
-0.3,-0.2,4.6,4.7,15186	
-0.3,-0.2,5.7,5.8,22166	
-0.3,-0.2,6.0,6.1,22403	
-0.3,-0.2,6.8,6.9,15605	
-0.3,-0.2,7.1,7.2,11763	
-0.3,-0.2,7.9,8.0,3382	
-0.3,-0.2,8.2,8.3,1817	
-0.3,-0.2,9.3,9.4,68	
-3.0,-2.9,-0.1,0.0,24488	
-3.0,-2.9,-1.6,-1.5,15842	
-3.0,-2.9,-2.7,-2.6,23931	
-3.0,-2.9,-3.0,-2.9,24496	
-3.0,-2.9,-3.8,-3.7,16962	
-3.0,-2.9,-4.1,-4.0,12426	
-3.0,-2.9,-4.9,-4.8,3712	
-3.0,-2.9,-5.2,-5.1,2062	
-3.0,-2.9,-6.3,-6.2,289	
-3.0,-2.9,-7.4,-7.3,86	
-3.0,-2.9,-8.5,-8.4,9	
-3.0,-2.9,-0.9,-0.8,18372	
-3.0,-2.9,1.5,1.6,15846	
-3.0,-2.9,0.2,0.3,23805	
-3.0,-2.9,2.6,2.7,23435	
-3.0,-2.9,3.7,3.8,18278	
-3.0,-2.9,4.0,4.1,14036	
-3.0,-2.9,4.8,4.9,4506	
-3.0,-2.9,5.1,5.2,2532	
-3.0,-2.9,5.9,6.0,501	
-3.0,-2.9,6.2,6.3,316	
-3.0,-2.9,7.3,7.4,93	
-3.0,-2.9,8.4,8.5,12	
-3.0,-2.9,9.5,9.6,1	
-3.1,-3.0,-1.5,-1.4,15531	
-3.1,-3.0,-0.2,-0.1,23826	
-3.1,-3.0,-2.6,-2.5,23077	
-3.1,-3.0,-3.7,-3.6,17953	
-3.1,-3.0,-4.0,-3.9,13570	
-3.1,-3.0,-4.8,-4.7,4383	
-3.1,-3.0,-5.1,-5.0,2469	
-3.1,-3.0,-5.9,-5.8,458	
-3.1,-3.0,-6.2,-6.1,263	
-3.1,-3.0,-7.3,-7.2,61	
-3.1,-3.0,-8.4,-8.3,11	
-3.1,-3.0,0.1,0.2,24535	
-3.1,-3.0,1.6,1.7,15787	
-3.1,-3.0,2.7,2.8,23532	
-3.1,-3.0,3.0,3.1,23991	
-3.1,-3.0,3.8,3.9,16699	
-3.1,-3.0,4.1,4.2,12173	
-3.1,-3.0,4.9,5.0,3616	
-3.1,-3.0,5.2,5.3,2020	
-3.1,-3.0,6.3,6.4,253	
-3.1,-3.0,7.4,7.5,52	
-3.1,-3.0,8.5,8.6,7	
-3.1,-3.0,0.9,1.0,18134	
-3.2,-3.1,-1.4,-1.3,15409	
-3.2,-3.1,-2.5,-2.4,21843	
-3.2,-3.1,-0.3,-0.2,23128	
-3.2,-3.1,-3.6,-3.5,18871	
-3.2,-3.1,-4.7,-4.6,5153	
-3.2,-3.1,-5.0,-4.9,2996	
-3.2,-3.1,-5.8,-5.7,530	
-3.2,-3.1,-6.1,-6.0,280	
-3.2,-3.1,-6.9,-6.8,83	
-3.2,-3.1,-7.2,-7.1,65	
-3.2,-3.1,-8.3,-8.2,8	
-3.2,-3.1,-9.4,-9.3,1	
-3.2,-3.1,0.0,0.1,48332	
-3.2,-3.1,1.7,1.8,15700	
-3.2,-3.1,2.0,2.1,17819	
-3.2,-3.1,2.8,2.9,23370	
-3.2,-3.1,3.1,3.2,22972	
-3.2,-3.1,3.9,4.0,14674	
-3.2,-3.1,4.2,4.3,10561	
-3.2,-3.1,5.3,5.4,1489	
-3.2,-3.1,6.4,6.5,182	
-3.2,-3.1,7.5,7.6,42	
-3.2,-3.1,0.8,0.9,18746	
-3.2,-3.1,8.6,8.7,4	
-3.3,-3.2,-1.3,-1.2,15107	
-3.3,-3.2,-2.4,-2.3,20336	
-3.3,-3.2,-3.5,-3.4,19554	
-3.3,-3.2,-0.4,-0.3,21738	
-3.3,-3.2,-4.6,-4.5,5952	
-3.3,-3.2,-5.7,-5.6,588	
-3.3,-3.2,-6.0,-5.9,276	
-3.3,-3.2,-6.8,-6.7,72	
-3.3,-3.2,-7.1,-7.0,43	
-3.3,-3.2,-7.9,-7.8,19	
-3.3,-3.2,-8.2,-8.1,4	
-3.3,-3.2,1.0,1.1,16745	
-3.3,-3.2,1.8,1.9,15950	
-3.3,-3.2,2.1,2.2,17973	
-3.3,-3.2,2.9,3.0,23063	
-3.3,-3.2,3.2,3.3,22041	
-3.3,-3.2,4.3,4.4,9116	
-3.3,-3.2,5.4,5.5,1216	
-3.3,-3.2,6.5,6.6,117	
-3.3,-3.2,0.7,0.8,19424	
-3.3,-3.2,7.6,7.7,17	
-3.3,-3.2,8.7,8.8,3	
-3.3,-3.2,9.0,9.1,1	
-3.4,-3.3,-1.2,-1.1,15286	
-3.4,-3.3,-2.3,-2.2,18949	
-3.4,-3.3,-3.4,-3.3,19523	
-3.4,-3.3,-4.5,-4.4,6610	
-3.4,-3.3,-0.5,-0.4,20352	
-3.4,-3.3,-5.6,-5.5,694	
-3.4,-3.3,-6.7,-6.6,65	
-3.4,-3.3,-7.0,-6.9,57	
-3.4,-3.3,-7.8,-7.7,13	
-3.4,-3.3,-8.1,-8.0,12	
-3.4,-3.3,1.1,1.2,15404	
-3.4,-3.3,1.9,2.0,15808	
-3.4,-3.3,2.2,2.3,18228	
-3.4,-3.3,3.3,3.4,20707	
-3.4,-3.3,4.4,4.5,7602	
-3.4,-3.3,5.5,5.6,873	
-3.4,-3.3,0.6,0.7,19689	
-3.4,-3.3,6.6,6.7,80	
-3.4,-3.3,7.7,7.8,13	
-3.4,-3.3,8.0,8.1,5	
-3.5,-3.4,-1.1,-1.0,14983	
-3.5,-3.4,-1.9,-1.8,15202	
-3.5,-3.4,-2.2,-2.1,16947	
-3.5,-3.4,-3.3,-3.2,19260	
-3.5,-3.4,-4.4,-4.3,7220	
-3.5,-3.4,-5.5,-5.4,843	
-3.5,-3.4,-0.6,-0.5,18834	
-3.5,-3.4,-6.6,-6.5,61	
-3.5,-3.4,-7.7,-7.6,11	
-3.5,-3.4,-8.0,-7.9,2	
-3.5,-3.4,1.2,1.3,14444	
-3.5,-3.4,2.3,2.4,18071	
-3.5,-3.4,3.4,3.5,18413	
-3.5,-3.4,4.5,4.6,6135	
-3.5,-3.4,0.5,0.6,19765	
-3.5,-3.4,5.6,5.7,659	
-3.5,-3.4,6.7,6.8,51	
-3.5,-3.4,7.0,7.1,24	
-3.5,-3.4,7.8,7.9,7	
-3.5,-3.4,8.1,8.2,5	
-3.5,-3.4,8.9,9.0,1	
-3.6,-3.5,-1.0,-0.9,14784	
-3.6,-3.5,-1.8,-1.7,13664	
-3.6,-3.5,-2.1,-2.0,15645	
-3.6,-3.5,-2.9,-2.8,19385	
-3.6,-3.5,-3.2,-3.1,18989	
-3.6,-3.5,-4.3,-4.2,7686	
-3.6,-3.5,-5.4,-5.3,1024	
-3.6,-3.5,-6.5,-6.4,73	
-3.6,-3.5,-0.7,-0.6,17417	
-3.6,-3.5,-7.6,-7.5,10	
-3.6,-3.5,1.3,1.4,13678	
-3.6,-3.5,2.4,2.5,17592	
-3.6,-3.5,3.5,3.6,16959	
-3.6,-3.5,0.4,0.5,19418	
-3.6,-3.5,4.6,4.7,4964	
-3.6,-3.5,5.7,5.8,473	
-3.6,-3.5,6.0,6.1,233	
-3.6,-3.5,6.8,6.9,35	
-3.6,-3.5,7.1,7.2,21	
-3.6,-3.5,7.9,8.0,3	
-3.6,-3.5,8.2,8.3,2	
-3.7,-3.6,-1.7,-1.6,12740	
-3.7,-3.6,-2.0,-1.9,13807	
-3.7,-3.6,-2.8,-2.7,18107	
-3.7,-3.6,-3.1,-3.0,18022	
-3.7,-3.6,-3.9,-3.8,11329	
-3.7,-3.6,-4.2,-4.1,8282	
-3.7,-3.6,-5.3,-5.2,1157	
-3.7,-3.6,-6.4,-6.3,70	
-3.7,-3.6,-7.5,-7.4,3	
-3.7,-3.6,-0.8,-0.7,15586	
-3.7,-3.6,1.4,1.5,12681	
-3.7,-3.6,2.5,2.6,17010	
-3.7,-3.6,0.3,0.4,19578	
-3.7,-3.6,3.6,3.7,14568	
-3.7,-3.6,4.7,4.8,3820	
-3.7,-3.6,5.0,5.1,2243	
-3.7,-3.6,5.8,5.9,310	
-3.7,-3.6,6.1,6.2,154	
-3.7,-3.6,6.9,7.0,17	
-3.7,-3.6,7.2,7.3,11	
-3.7,-3.6,8.3,8.4,2	
-3.8,-3.7,-0.1,0.0,19052	
-3.8,-3.7,-1.6,-1.5,11665	
-3.8,-3.7,-2.7,-2.6,16478	
-3.8,-3.7,-3.0,-2.9,16643	
-3.8,-3.7,-3.8,-3.7,11691	
-3.8,-3.7,-4.1,-4.0,8582	
-3.8,-3.7,-4.9,-4.8,2448	
-3.8,-3.7,-5.2,-5.1,1384	
-3.8,-3.7,-6.3,-6.2,86	
-3.8,-3.7,-7.4,-7.3,4	
-3.8,-3.7,-0.9,-0.8,13996	
-3.8,-3.7,1.5,1.6,11403	
-3.8,-3.7,0.2,0.3,18671	
-3.8,-3.7,2.6,2.7,16279	
-3.8,-3.7,3.7,3.8,12700	
-3.8,-3.7,4.0,4.1,9636	
-3.8,-3.7,4.8,4.9,3014	
-3.8,-3.7,5.1,5.2,1660	
-3.8,-3.7,5.9,6.0,244	
-3.8,-3.7,6.2,6.3,89	
-3.8,-3.7,7.3,7.4,11	
-3.8,-3.7,8.4,8.5,1	
-3.9,-3.8,-1.5,-1.4,10720	
-3.9,-3.8,-0.2,-0.1,17955	
-3.9,-3.8,-2.6,-2.5,14948	
-3.9,-3.8,-3.7,-3.6,11599	
-3.9,-3.8,-4.0,-3.9,8729	
-3.9,-3.8,-4.8,-4.7,2807	
-3.9,-3.8,-5.1,-5.0,1519	
-3.9,-3.8,-5.9,-5.8,203	
-3.9,-3.8,-6.2,-6.1,77	
-3.9,-3.8,-7.3,-7.2,3	
-3.9,-3.8,-8.4,-8.3,1	
-3.9,-3.8,0.1,0.2,18193	
-3.9,-3.8,1.6,1.7,10860	
-3.9,-3.8,2.7,2.8,15033	
-3.9,-3.8,3.0,3.1,15278	
-3.9,-3.8,3.8,3.9,10502	
-3.9,-3.8,4.1,4.2,7768	
-3.9,-3.8,4.9,5.0,2304	
-3.9,-3.8,5.2,5.3,1259	
-3.9,-3.8,6.3,6.4,68	
-3.9,-3.8,7.4,7.5,1	
-3.9,-3.8,0.9,1.0,13126	
-0.4,-0.3,-1.7,-1.6,10583	
-0.4,-0.3,-2.0,-1.9,14477	
-0.4,-0.3,-2.8,-2.7,22550	
-0.4,-0.3,-3.1,-3.0,22662	
-0.4,-0.3,-3.9,-3.8,17176	
-0.4,-0.3,-4.2,-4.1,14994	
-0.4,-0.3,-5.3,-5.2,18594	
-0.4,-0.3,-6.4,-6.3,19600	
-0.4,-0.3,-7.5,-7.4,6565	
-0.4,-0.3,-0.8,-0.7,2945	
-0.4,-0.3,-8.6,-8.5,636	
-0.4,-0.3,-9.7,-9.6,18	
-0.4,-0.3,10.2,10.3,6	
-0.4,-0.3,1.4,1.5,7144	
-0.4,-0.3,2.5,2.6,20482	
-0.4,-0.3,0.3,0.4,1692	
-0.4,-0.3,3.6,3.7,19725	
-0.4,-0.3,4.7,4.8,14836	
-0.4,-0.3,5.0,5.1,16480	
-0.4,-0.3,5.8,5.9,21896	
-0.4,-0.3,6.1,6.2,21481	
-0.4,-0.3,6.9,7.0,13672	
-0.4,-0.3,7.2,7.3,9921	
-0.4,-0.3,8.3,8.4,1374	
-0.4,-0.3,9.4,9.5,57	
-4.0,-3.9,-1.7,-1.6,10197	
-4.0,-3.9,-2.0,-1.9,10797	
-4.0,-3.9,-2.8,-2.7,14033	
-4.0,-3.9,-3.1,-3.0,13719	
-4.0,-3.9,-3.9,-3.8,8873	
-4.0,-3.9,-4.2,-4.1,6212	
-4.0,-3.9,-5.3,-5.2,897	
-4.0,-3.9,-6.4,-6.3,39	
-4.0,-3.9,-7.5,-7.4,2	
-4.0,-3.9,-0.8,-0.7,13519	
-4.0,-3.9,1.4,1.5,10025	
-4.0,-3.9,2.5,2.6,12923	
-4.0,-3.9,0.3,0.4,16820	
-4.0,-3.9,3.6,3.7,11089	
-4.0,-3.9,4.7,4.8,3006	
-4.0,-3.9,5.0,5.1,1690	
-4.0,-3.9,5.8,5.9,230	
-4.0,-3.9,6.1,6.2,119	
-4.0,-3.9,6.9,7.0,7	
-4.0,-3.9,7.2,7.3,4	
-4.0,-3.9,8.3,8.4,2	
-4.1,-4.0,-0.1,0.0,16882	
-4.1,-4.0,-1.6,-1.5,9263	
-4.1,-4.0,-2.7,-2.6,12233	
-4.1,-4.0,-3.0,-2.9,12576	
-4.1,-4.0,-3.8,-3.7,8628	
-4.1,-4.0,-4.1,-4.0,6480	
-4.1,-4.0,-4.9,-4.8,1868	
-4.1,-4.0,-5.2,-5.1,1025	
-4.1,-4.0,-6.3,-6.2,46	
-4.1,-4.0,-7.4,-7.3,4	
-4.1,-4.0,-0.9,-0.8,12142	
-4.1,-4.0,1.5,1.6,9366	
-4.1,-4.0,0.2,0.3,16488	
-4.1,-4.0,2.6,2.7,12016	
-4.1,-4.0,3.7,3.8,9401	
-4.1,-4.0,4.0,4.1,6951	
-4.1,-4.0,4.8,4.9,2243	
-4.1,-4.0,5.1,5.2,1243	
-4.1,-4.0,5.9,6.0,170	
-4.1,-4.0,6.2,6.3,77	
-4.1,-4.0,7.3,7.4,1	
-4.1,-4.0,8.4,8.5,1	
-4.2,-4.1,-1.5,-1.4,8698	
-4.2,-4.1,-0.2,-0.1,15946	
-4.2,-4.1,-2.6,-2.5,10725	
-4.2,-4.1,-3.7,-3.6,8306	
-4.2,-4.1,-4.0,-3.9,6281	
-4.2,-4.1,-4.8,-4.7,1958	
-4.2,-4.1,-5.1,-5.0,1100	
-4.2,-4.1,-5.9,-5.8,132	
-4.2,-4.1,-6.2,-6.1,51	
-4.2,-4.1,-7.3,-7.2,2	
-4.2,-4.1,0.1,0.2,16061	
-4.2,-4.1,1.6,1.7,8581	
-4.2,-4.1,2.7,2.8,11106	
-4.2,-4.1,3.0,3.1,11297	
-4.2,-4.1,3.8,3.9,7558	
-4.2,-4.1,4.1,4.2,5583	
-4.2,-4.1,4.9,5.0,1701	
-4.2,-4.1,5.2,5.3,883	
-4.2,-4.1,6.3,6.4,38	
-4.2,-4.1,7.4,7.5,1	
-4.2,-4.1,0.9,1.0,11706	
-4.3,-4.2,-1.4,-1.3,8369	
-4.3,-4.2,-2.5,-2.4,9306	
-4.3,-4.2,-0.3,-0.2,14986	
-4.3,-4.2,-3.6,-3.5,7812	
-4.3,-4.2,-4.7,-4.6,2112	
-4.3,-4.2,-5.0,-4.9,1178	
-4.3,-4.2,-5.8,-5.7,168	
-4.3,-4.2,-6.1,-6.0,62	
-4.3,-4.2,-6.9,-6.8,12	
-4.3,-4.2,-7.2,-7.1,3	
-4.3,-4.2,0.0,0.1,31704	
-4.3,-4.2,1.7,1.8,7918	
-4.3,-4.2,2.0,2.1,8205	
-4.3,-4.2,2.8,2.9,9908	
-4.3,-4.2,3.1,3.2,9664	
-4.3,-4.2,3.9,4.0,6137	
-4.3,-4.2,4.2,4.3,4377	
-4.3,-4.2,5.3,5.4,613	
-4.3,-4.2,6.4,6.5,34	
-4.3,-4.2,7.5,7.6,3	
-4.3,-4.2,0.8,0.9,11730	
-4.4,-4.3,-1.3,-1.2,8447	
-4.4,-4.3,-2.4,-2.3,7919	
-4.4,-4.3,-3.5,-3.4,7342	
-4.4,-4.3,-0.4,-0.3,14411	
-4.4,-4.3,-4.6,-4.5,2098	
-4.4,-4.3,-5.7,-5.6,202	
-4.4,-4.3,-6.0,-5.9,87	
-4.4,-4.3,-6.8,-6.7,4	
-4.4,-4.3,-7.1,-7.0,1	
-4.4,-4.3,1.0,1.1,10308	
-4.4,-4.3,1.8,1.9,7179	
-4.4,-4.3,2.1,2.2,7347	
-4.4,-4.3,2.9,3.0,8561	
-4.4,-4.3,3.2,3.3,8093	
-4.4,-4.3,4.3,4.4,3375	
-4.4,-4.3,5.4,5.5,428	
-4.4,-4.3,6.5,6.6,15	
-4.4,-4.3,0.7,0.8,12515	
-4.4,-4.3,7.6,7.7,1	
-4.5,-4.4,-1.2,-1.1,8557	
-4.5,-4.4,-2.3,-2.2,6671	
-4.5,-4.4,-3.4,-3.3,6405	
-4.5,-4.4,-4.5,-4.4,2079	
-4.5,-4.4,-0.5,-0.4,13895	
-4.5,-4.4,-5.6,-5.5,198	
-4.5,-4.4,-6.7,-6.6,6	
-4.5,-4.4,-7.0,-6.9,2	
-4.5,-4.4,1.1,1.2,9213	
-4.5,-4.4,1.9,2.0,6398	
-4.5,-4.4,2.2,2.3,6748	
-4.5,-4.4,3.3,3.4,6675	
-4.5,-4.4,4.4,4.5,2435	
-4.5,-4.4,5.5,5.6,289	
-4.5,-4.4,0.6,0.7,13114	
-4.5,-4.4,6.6,6.7,9	
-4.6,-4.5,-1.1,-1.0,9202	
-4.6,-4.5,-1.9,-1.8,5895	
-4.6,-4.5,-2.2,-2.1,5886	
-4.6,-4.5,-3.3,-3.2,5816	
-4.6,-4.5,-4.4,-4.3,2165	
-4.6,-4.5,-5.5,-5.4,211	
-4.6,-4.5,-0.6,-0.5,13203	
-4.6,-4.5,-6.6,-6.5,12	
-4.6,-4.5,1.2,1.3,8547	
-4.6,-4.5,2.3,2.4,5932	
-4.6,-4.5,3.4,3.5,5486	
-4.6,-4.5,4.5,4.6,1861	
-4.6,-4.5,0.5,0.6,13658	
-4.6,-4.5,5.6,5.7,186	
-4.6,-4.5,6.7,6.8,6	
-4.6,-4.5,7.0,7.1,2	
-4.7,-4.6,-1.0,-0.9,10102	
-4.7,-4.6,-1.8,-1.7,5527	
-4.7,-4.6,-2.1,-2.0,5114	
-4.7,-4.6,-2.9,-2.8,5464	
-4.7,-4.6,-3.2,-3.1,5074	
-4.7,-4.6,-4.3,-4.2,2033	
-4.7,-4.6,-5.4,-5.3,252	
-4.7,-4.6,-6.5,-6.4,6	
-4.7,-4.6,-0.7,-0.6,12596	
-4.7,-4.6,1.3,1.4,7762	
-4.7,-4.6,2.4,2.5,5253	
-4.7,-4.6,3.5,3.6,4483	
-4.7,-4.6,0.4,0.5,14565	
-4.7,-4.6,4.6,4.7,1354	
-4.7,-4.6,5.7,5.8,137	
-4.7,-4.6,6.0,6.1,57	
-4.7,-4.6,6.8,6.9,3	
-4.7,-4.6,7.1,7.2,1	
-4.7,-4.6,8.2,8.3,1	
-4.8,-4.7,-1.7,-1.6,5697	
-4.8,-4.7,-2.0,-1.9,4763	
-4.8,-4.7,-2.8,-2.7,4585	
-4.8,-4.7,-3.1,-3.0,4241	
-4.8,-4.7,-3.9,-3.8,2745	
-4.8,-4.7,-4.2,-4.1,1982	
-4.8,-4.7,-5.3,-5.2,270	
-4.8,-4.7,-6.4,-6.3,13	
-4.8,-4.7,-0.8,-0.7,12009	
-4.8,-4.7,1.4,1.5,7202	
-4.8,-4.7,2.5,2.6,4578	
-4.8,-4.7,0.3,0.4,15723	
-4.8,-4.7,3.6,3.7,3529	
-4.8,-4.7,4.7,4.8,909	
-4.8,-4.7,5.0,5.1,501	
-4.8,-4.7,5.8,5.9,91	
-4.8,-4.7,6.1,6.2,43	
-4.8,-4.7,6.9,7.0,2	
-4.8,-4.7,7.2,7.3,1	
-4.9,-4.8,-0.1,0.0,17074	
-4.9,-4.8,-1.6,-1.5,5910	
-4.9,-4.8,-2.7,-2.6,3831	
-4.9,-4.8,-3.0,-2.9,3825	
-4.9,-4.8,-3.8,-3.7,2504	
-4.9,-4.8,-4.1,-4.0,1786	
-4.9,-4.8,-4.9,-4.8,468	
-4.9,-4.8,-5.2,-5.1,283	
-4.9,-4.8,-6.3,-6.2,19	
-4.9,-4.8,-0.9,-0.8,11234	
-4.9,-4.8,1.5,1.6,6601	
-4.9,-4.8,0.2,0.3,16995	
-4.9,-4.8,2.6,2.7,3928	
-4.9,-4.8,3.7,3.8,2665	
-4.9,-4.8,4.0,4.1,2112	
-4.9,-4.8,4.8,4.9,660	
-4.9,-4.8,5.1,5.2,347	
-4.9,-4.8,5.9,6.0,45	
-4.9,-4.8,6.2,6.3,20	
-0.5,-0.4,-0.1,0.0,1720	
-0.5,-0.4,-10.0,-9.9,6	
-0.5,-0.4,-1.6,-1.5,8944	
-0.5,-0.4,-2.7,-2.6,21094	
-0.5,-0.4,-3.0,-2.9,21930	
-0.5,-0.4,-3.8,-3.7,17124	
-0.5,-0.4,-4.1,-4.0,15033	
-0.5,-0.4,-4.9,-4.8,14981	
-0.5,-0.4,-5.2,-5.1,17181	
-0.5,-0.4,-6.3,-6.2,19172	
-0.5,-0.4,-7.4,-7.3,7104	
-0.5,-0.4,-8.5,-8.4,812	
-0.5,-0.4,-0.9,-0.8,3424	
-0.5,-0.4,-9.6,-9.5,34	
-0.5,-0.4,10.1,10.2,4	
-0.5,-0.4,1.5,1.6,7921	
-0.5,-0.4,0.2,0.3,1850	
-0.5,-0.4,2.6,2.7,20590	
-0.5,-0.4,3.7,3.8,18191	
-0.5,-0.4,4.0,4.1,15728	
-0.5,-0.4,4.8,4.9,14372	
-0.5,-0.4,5.1,5.2,16368	
-0.5,-0.4,5.9,6.0,20496	
-0.5,-0.4,6.2,6.3,19952	
-0.5,-0.4,7.3,7.4,8187	
-0.5,-0.4,8.4,8.5,1015	
-0.5,-0.4,9.5,9.6,38	
-5.0,-4.9,-1.0,-0.9,10770	
-5.0,-4.9,-1.8,-1.7,4833	
-5.0,-4.9,-2.1,-2.0,3880	
-5.0,-4.9,-2.9,-2.8,3169	
-5.0,-4.9,-3.2,-3.1,2883	
-5.0,-4.9,-4.3,-4.2,1147	
-5.0,-4.9,-5.4,-5.3,165	
-5.0,-4.9,-6.5,-6.4,8	
-5.0,-4.9,-0.7,-0.6,14129	
-5.0,-4.9,1.3,1.4,7810	
-5.0,-4.9,2.4,2.5,3471	
-5.0,-4.9,3.5,3.6,2576	
-5.0,-4.9,0.4,0.5,16362	
-5.0,-4.9,4.6,4.7,749	
-5.0,-4.9,5.7,5.8,74	
-5.0,-4.9,6.0,6.1,33	
-5.0,-4.9,7.1,7.2,3	
-5.1,-5.0,-1.7,-1.6,5117	
-5.1,-5.0,-2.0,-1.9,3847	
-5.1,-5.0,-2.8,-2.7,2644	
-5.1,-5.0,-3.1,-3.0,2434	
-5.1,-5.0,-3.9,-3.8,1514	
-5.1,-5.0,-4.2,-4.1,1130	
-5.1,-5.0,-5.3,-5.2,143	
-5.1,-5.0,-6.4,-6.3,9	
-5.1,-5.0,-0.8,-0.7,13551	
-5.1,-5.0,1.4,1.5,7394	
-5.1,-5.0,2.5,2.6,2833	
-5.1,-5.0,0.3,0.4,17997	
-5.1,-5.0,3.6,3.7,1929	
-5.1,-5.0,4.7,4.8,552	
-5.1,-5.0,5.0,5.1,317	
-5.1,-5.0,5.8,5.9,36	
-5.1,-5.0,6.1,6.2,17	
-5.1,-5.0,6.9,7.0,2	
-5.2,-5.1,-0.1,0.0,19650	
-5.2,-5.1,-1.6,-1.5,5809	
-5.2,-5.1,-2.7,-2.6,2328	
-5.2,-5.1,-3.0,-2.9,2033	
-5.2,-5.1,-3.8,-3.7,1386	
-5.2,-5.1,-4.1,-4.0,983	
-5.2,-5.1,-4.9,-4.8,283	
-5.2,-5.1,-5.2,-5.1,167	
-5.2,-5.1,-6.3,-6.2,7	
-5.2,-5.1,-0.9,-0.8,12817	
-5.2,-5.1,1.5,1.6,6726	
-5.2,-5.1,0.2,0.3,19339	
-5.2,-5.1,2.6,2.7,2390	
-5.2,-5.1,3.7,3.8,1481	
-5.2,-5.1,4.0,4.1,1144	
-5.2,-5.1,4.8,4.9,356	
-5.2,-5.1,5.1,5.2,164	
-5.2,-5.1,5.9,6.0,30	
-5.2,-5.1,6.2,6.3,10	
-5.2,-5.1,7.3,7.4,1	
-5.3,-5.2,-1.5,-1.4,6716	
-5.3,-5.2,-0.2,-0.1,20239	
-5.3,-5.2,-2.6,-2.5,1997	
-5.3,-5.2,-3.7,-3.6,1176	
-5.3,-5.2,-4.0,-3.9,870	
-5.3,-5.2,-4.8,-4.7,260	
-5.3,-5.2,-5.1,-5.0,160	
-5.3,-5.2,-5.9,-5.8,24	
-5.3,-5.2,-6.2,-6.1,4	
-5.3,-5.2,0.1,0.2,20509	
-5.3,-5.2,1.6,1.7,5771	
-5.3,-5.2,2.7,2.8,1963	
-5.3,-5.2,3.0,3.1,1700	
-5.3,-5.2,3.8,3.9,977	
-5.3,-5.2,4.1,4.2,811	
-5.3,-5.2,4.9,5.0,232	
-5.3,-5.2,5.2,5.3,121	
-5.3,-5.2,6.3,6.4,7	
-5.3,-5.2,0.9,1.0,13163	
-5.4,-5.3,-1.4,-1.3,8043	
-5.4,-5.3,-2.5,-2.4,1900	
-5.4,-5.3,-0.3,-0.2,20336	
-5.4,-5.3,-3.6,-3.5,1034	
-5.4,-5.3,-4.7,-4.6,254	
-5.4,-5.3,-5.0,-4.9,145	
-5.4,-5.3,-5.8,-5.7,20	
-5.4,-5.3,-6.1,-6.0,5	
-5.4,-5.3,0.0,0.1,43522	
-5.4,-5.3,1.7,1.8,5304	
-5.4,-5.3,2.0,2.1,3422	
-5.4,-5.3,2.8,2.9,1526	
-5.4,-5.3,3.1,3.2,1346	
-5.4,-5.3,3.9,4.0,790	
-5.4,-5.3,4.2,4.3,509	
-5.4,-5.3,5.3,5.4,70	
-5.4,-5.3,6.4,6.5,2	
-5.4,-5.3,0.8,0.9,15236	
-5.5,-5.4,-1.3,-1.2,9191	
-5.5,-5.4,-2.4,-2.3,1898	
-5.5,-5.4,-3.5,-3.4,847	
-5.5,-5.4,-0.4,-0.3,20463	
-5.5,-5.4,-4.6,-4.5,241	
-5.5,-5.4,-5.7,-5.6,21	
-5.5,-5.4,-6.0,-5.9,3	
-5.5,-5.4,-6.8,-6.7,1	
-5.5,-5.4,1.0,1.1,12950	
-5.5,-5.4,1.8,1.9,4458	
-5.5,-5.4,2.1,2.2,2937	
-5.5,-5.4,2.9,3.0,1160	
-5.5,-5.4,3.2,3.3,1014	
-5.5,-5.4,4.3,4.4,407	
-5.5,-5.4,5.4,5.5,43	
-5.5,-5.4,6.5,6.6,4	
-5.5,-5.4,0.7,0.8,17254	
-5.6,-5.5,-1.2,-1.1,10678	
-5.6,-5.5,-2.3,-2.2,2106	
-5.6,-5.5,-3.4,-3.3,745	
-5.6,-5.5,-4.5,-4.4,203	
-5.6,-5.5,-0.5,-0.4,19860	
-5.6,-5.5,-5.6,-5.5,21	
-5.6,-5.5,-6.7,-6.6,3	
-5.6,-5.5,1.1,1.2,12313	
-5.6,-5.5,1.9,2.0,3943	
-5.6,-5.5,2.2,2.3,2429	
-5.6,-5.5,3.3,3.4,717	
-5.6,-5.5,4.4,4.5,246	
-5.6,-5.5,5.5,5.6,28	
-5.6,-5.5,0.6,0.7,18636	
-5.6,-5.5,6.6,6.7,3	
-5.7,-5.6,-1.1,-1.0,12221	
-5.7,-5.6,-1.9,-1.8,3914	
-5.7,-5.6,-2.2,-2.1,2294	
-5.7,-5.6,-3.3,-3.2,601	
-5.7,-5.6,-4.4,-4.3,196	
-5.7,-5.6,-5.5,-5.4,28	
-5.7,-5.6,-0.6,-0.5,19156	
-5.7,-5.6,-6.6,-6.5,3	
-5.7,-5.6,1.2,1.3,11059	
-5.7,-5.6,2.3,2.4,1875	
-5.7,-5.6,3.4,3.5,553	
-5.7,-5.6,4.5,4.6,157	
-5.7,-5.6,0.5,0.6,20208	
-5.7,-5.6,5.6,5.7,17	
-5.8,-5.7,-1.0,-0.9,13823	
-5.8,-5.7,-1.8,-1.7,4491	
-5.8,-5.7,-2.1,-2.0,2702	
-5.8,-5.7,-2.9,-2.8,685	
-5.8,-5.7,-3.2,-3.1,543	
-5.8,-5.7,-4.3,-4.2,165	
-5.8,-5.7,-5.4,-5.3,27	
-5.8,-5.7,-6.5,-6.4,1	
-5.8,-5.7,-0.7,-0.6,17857	
-5.8,-5.7,1.3,1.4,9691	
-5.8,-5.7,2.4,2.5,1531	
-5.8,-5.7,3.5,3.6,384	
-5.8,-5.7,0.4,0.5,21593	
-5.8,-5.7,4.6,4.7,105	
-5.8,-5.7,5.7,5.8,5	
-5.8,-5.7,6.0,6.1,3	
-5.8,-5.7,6.8,6.9,1	
-5.9,-5.8,-1.7,-1.6,5279	
-5.9,-5.8,-2.0,-1.9,3131	
-5.9,-5.8,-2.8,-2.7,736	
-5.9,-5.8,-3.1,-3.0,485	
-5.9,-5.8,-3.9,-3.8,226	
-5.9,-5.8,-4.2,-4.1,141	
-5.9,-5.8,-5.3,-5.2,20	
-5.9,-5.8,-6.4,-6.3,1	
-5.9,-5.8,-0.8,-0.7,16502	
-5.9,-5.8,1.4,1.5,8418	
-5.9,-5.8,2.5,2.6,1222	
-5.9,-5.8,0.3,0.4,22786	
-5.9,-5.8,3.6,3.7,292	
-5.9,-5.8,4.7,4.8,56	
-5.9,-5.8,5.0,5.1,37	
-5.9,-5.8,5.8,5.9,6	
-5.9,-5.8,6.1,6.2,5	
-0.6,-0.5,-10.1,-10.0,5	
-0.6,-0.5,-1.5,-1.4,7818	
-0.6,-0.5,-0.2,-0.1,2051	
-0.6,-0.5,-2.6,-2.5,19838	
-0.6,-0.5,-3.7,-3.6,17357	
-0.6,-0.5,-4.0,-3.9,15009	
-0.6,-0.5,-4.8,-4.7,13836	
-0.6,-0.5,-5.1,-5.0,15199	
-0.6,-0.5,-5.9,-5.8,19370	
-0.6,-0.5,-6.2,-6.1,18797	
-0.6,-0.5,-7.3,-7.2,7915	
-0.6,-0.5,-8.4,-8.3,975	
-0.6,-0.5,-9.5,-9.4,46	
-0.6,-0.5,0.1,0.2,2038	
-0.6,-0.5,10.0,10.1,6	
-0.6,-0.5,1.6,1.7,8753	
-0.6,-0.5,2.7,2.8,20526	
-0.6,-0.5,3.0,3.1,20991	
-0.6,-0.5,3.8,3.9,16606	
-0.6,-0.5,4.1,4.2,14164	
-0.6,-0.5,4.9,5.0,14148	
-0.6,-0.5,5.2,5.3,16234	
-0.6,-0.5,6.3,6.4,18167	
-0.6,-0.5,7.4,7.5,6784	
-0.6,-0.5,8.5,8.6,754	
-0.6,-0.5,0.9,1.0,3490	
-0.6,-0.5,9.6,9.7,26	
-6.0,-5.9,-1.1,-1.0,12561	
-6.0,-5.9,-1.9,-1.8,3710	
-6.0,-5.9,-2.2,-2.1,2185	
-6.0,-5.9,-3.3,-3.2,328	
-6.0,-5.9,-4.4,-4.3,81	
-6.0,-5.9,-5.5,-5.4,10	
-6.0,-5.9,-0.6,-0.5,19653	
-6.0,-5.9,-6.6,-6.5,1	
-6.0,-5.9,1.2,1.3,11093	
-6.0,-5.9,2.3,2.4,1745	
-6.0,-5.9,3.4,3.5,261	
-6.0,-5.9,4.5,4.6,73	
-6.0,-5.9,0.5,0.6,20773	
-6.0,-5.9,5.6,5.7,4	
-6.1,-6.0,-1.0,-0.9,13534	
-6.1,-6.0,-1.8,-1.7,4379	
-6.1,-6.0,-2.1,-2.0,2430	
-6.1,-6.0,-2.9,-2.8,446	
-6.1,-6.0,-3.2,-3.1,280	
-6.1,-6.0,-4.3,-4.2,66	
-6.1,-6.0,-5.4,-5.3,6	
-6.1,-6.0,-0.7,-0.6,17951	
-6.1,-6.0,1.3,1.4,9617	
-6.1,-6.0,2.4,2.5,1343	
-6.1,-6.0,3.5,3.6,213	
-6.1,-6.0,0.4,0.5,21551	
-6.1,-6.0,4.6,4.7,42	
-6.1,-6.0,5.7,5.8,3	
-6.2,-6.1,-1.7,-1.6,5112	
-6.2,-6.1,-2.0,-1.9,2967	
-6.2,-6.1,-2.8,-2.7,525	
-6.2,-6.1,-3.1,-3.0,271	
-6.2,-6.1,-3.9,-3.8,100	
-6.2,-6.1,-4.2,-4.1,54	
-6.2,-6.1,-5.3,-5.2,8	
-6.2,-6.1,-0.8,-0.7,16346	
-6.2,-6.1,1.4,1.5,8255	
-6.2,-6.1,2.5,2.6,999	
-6.2,-6.1,0.3,0.4,22043	
-6.2,-6.1,3.6,3.7,124	
-6.2,-6.1,4.7,4.8,25	
-6.2,-6.1,5.0,5.1,19	
-6.2,-6.1,5.8,5.9,1	
-6.3,-6.2,-0.1,0.0,22373	
-6.3,-6.2,-1.6,-1.5,5846	
-6.3,-6.2,-2.7,-2.6,610	
-6.3,-6.2,-3.0,-2.9,313	
-6.3,-6.2,-3.8,-3.7,89	
-6.3,-6.2,-4.1,-4.0,48	
-6.3,-6.2,-4.9,-4.8,22	
-6.3,-6.2,-5.2,-5.1,5	
-6.3,-6.2,-0.9,-0.8,14467	
-6.3,-6.2,1.5,1.6,6803	
-6.3,-6.2,0.2,0.3,21730	
-6.3,-6.2,2.6,2.7,729	
-6.3,-6.2,3.7,3.8,88	
-6.3,-6.2,4.0,4.1,69	
-6.3,-6.2,4.8,4.9,16	
-6.3,-6.2,5.1,5.2,7	
-6.3,-6.2,5.9,6.0,1	
-6.3,-6.2,6.2,6.3,2	
-6.4,-6.3,-1.5,-1.4,6537	
-6.4,-6.3,-0.2,-0.1,20795	
-6.4,-6.3,-2.6,-2.5,710	
-6.4,-6.3,-3.7,-3.6,76	
-6.4,-6.3,-4.0,-3.9,44	
-6.4,-6.3,-4.8,-4.7,11	
-6.4,-6.3,-5.1,-5.0,3	
-6.4,-6.3,0.1,0.2,21472	
-6.4,-6.3,1.6,1.7,5455	
-6.4,-6.3,2.7,2.8,548	
-6.4,-6.3,3.0,3.1,273	
-6.4,-6.3,3.8,3.9,52	
-6.4,-6.3,4.1,4.2,37	
-6.4,-6.3,4.9,5.0,7	
-6.4,-6.3,5.2,5.3,5	
-6.4,-6.3,0.9,1.0,13990	
-6.5,-6.4,-1.4,-1.3,7152	
-6.5,-6.4,-2.5,-2.4,812	
-6.5,-6.4,-0.3,-0.2,19347	
-6.5,-6.4,-3.6,-3.5,64	
-6.5,-6.4,-4.7,-4.6,10	
-6.5,-6.4,-5.0,-4.9,3	
-6.5,-6.4,-5.8,-5.7,1	
-6.5,-6.4,0.0,0.1,40994	
-6.5,-6.4,1.7,1.8,4488	
-6.5,-6.4,2.0,2.1,2484	
-6.5,-6.4,2.8,2.9,405	
-6.5,-6.4,3.1,3.2,197	
-6.5,-6.4,3.9,4.0,45	
-6.5,-6.4,4.2,4.3,23	
-6.5,-6.4,0.8,0.9,14288	
-6.6,-6.5,-1.3,-1.2,7782	
-6.6,-6.5,-2.4,-2.3,964	
-6.6,-6.5,-3.5,-3.4,57	
-6.6,-6.5,-0.4,-0.3,17365	
-6.6,-6.5,-4.6,-4.5,10	
-6.6,-6.5,-5.7,-5.6,1	
-6.6,-6.5,1.0,1.1,11147	
-6.6,-6.5,1.8,1.9,3620	
-6.6,-6.5,2.1,2.2,1916	
-6.6,-6.5,2.9,3.0,302	
-6.6,-6.5,3.2,3.3,131	
-6.6,-6.5,4.3,4.4,16	
-6.6,-6.5,5.4,5.5,2	
-6.6,-6.5,0.7,0.8,14538	
-6.7,-6.6,-1.2,-1.1,8160	
-6.7,-6.6,-2.3,-2.2,1178	
-6.7,-6.6,-3.4,-3.3,66	
-6.7,-6.6,-4.5,-4.4,2	
-6.7,-6.6,-0.5,-0.4,15622	
-6.7,-6.6,1.1,1.2,9281	
-6.7,-6.6,1.9,2.0,2699	
-6.7,-6.6,2.2,2.3,1435	
-6.7,-6.6,3.3,3.4,96	
-6.7,-6.6,4.4,4.5,11	
-6.7,-6.6,0.6,0.7,14485	
-6.8,-6.7,-1.1,-1.0,8513	
-6.8,-6.7,-1.9,-1.8,2550	
-6.8,-6.7,-2.2,-2.1,1335	
-6.8,-6.7,-3.3,-3.2,76	
-6.8,-6.7,-4.4,-4.3,10	
-6.8,-6.7,-0.6,-0.5,13493	
-6.8,-6.7,1.2,1.3,7720	
-6.8,-6.7,2.3,2.4,1043	
-6.8,-6.7,3.4,3.5,54	
-6.8,-6.7,4.5,4.6,6	
-6.8,-6.7,0.5,0.6,14327	
-6.9,-6.8,-1.0,-0.9,8748	
-6.9,-6.8,-1.8,-1.7,2619	
-6.9,-6.8,-2.1,-2.0,1561	
-6.9,-6.8,-2.9,-2.8,208	
-6.9,-6.8,-3.2,-3.1,93	
-6.9,-6.8,-4.3,-4.2,3	
-6.9,-6.8,-0.7,-0.6,11686	
-6.9,-6.8,1.3,1.4,6115	
-6.9,-6.8,2.4,2.5,783	
-6.9,-6.8,3.5,3.6,38	
-6.9,-6.8,0.4,0.5,13792	
-6.9,-6.8,4.6,4.7,4	
-0.7,-0.6,-10.2,-10.1,2	
-0.7,-0.6,-1.4,-1.3,6513	
-0.7,-0.6,-2.5,-2.4,17841	
-0.7,-0.6,-0.3,-0.2,2437	
-0.7,-0.6,-3.6,-3.5,17325	
-0.7,-0.6,-4.7,-4.6,12556	
-0.7,-0.6,-5.0,-4.9,14047	
-0.7,-0.6,-5.8,-5.7,18207	
-0.7,-0.6,-6.1,-6.0,18056	
-0.7,-0.6,-6.9,-6.8,11320	
-0.7,-0.6,-7.2,-7.1,8282	
-0.7,-0.6,-8.3,-8.2,1217	
-0.7,-0.6,-9.4,-9.3,47	
-0.7,-0.6,0.0,0.1,4764	
-0.7,-0.6,10.7,10.8,1	
-0.7,-0.6,1.7,1.8,9540	
-0.7,-0.6,2.0,2.1,13086	
-0.7,-0.6,2.8,2.9,19833	
-0.7,-0.6,3.1,3.2,19838	
-0.7,-0.6,3.9,4.0,14859	
-0.7,-0.6,4.2,4.3,13036	
-0.7,-0.6,5.3,5.4,15753	
-0.7,-0.6,6.4,6.5,16546	
-0.7,-0.6,7.5,7.6,5491	
-0.7,-0.6,0.8,0.9,3391	
-0.7,-0.6,8.6,8.7,545	
-0.7,-0.6,9.7,9.8,20	
-7.0,-6.9,-1.2,-1.1,6359	
-7.0,-6.9,-2.3,-2.2,892	
-7.0,-6.9,-3.4,-3.3,38	
-7.0,-6.9,-4.5,-4.4,1	
-7.0,-6.9,-0.5,-0.4,12053	
-7.0,-6.9,1.1,1.2,7193	
-7.0,-6.9,1.9,2.0,2158	
-7.0,-6.9,2.2,2.3,1077	
-7.0,-6.9,3.3,3.4,50	
-7.0,-6.9,4.4,4.5,3	
-7.0,-6.9,0.6,0.7,11060	
-7.1,-7.0,-1.1,-1.0,6313	
-7.1,-7.0,-1.9,-1.8,1783	
-7.1,-7.0,-2.2,-2.1,981	
-7.1,-7.0,-3.3,-3.2,52	
-7.1,-7.0,-4.4,-4.3,1	
-7.1,-7.0,-5.5,-5.4,1	
-7.1,-7.0,-0.6,-0.5,10011	
-7.1,-7.0,1.2,1.3,5732	
-7.1,-7.0,2.3,2.4,818	
-7.1,-7.0,3.4,3.5,36	
-7.1,-7.0,4.5,4.6,2	
-7.1,-7.0,0.5,0.6,10694	
-7.2,-7.1,-1.0,-0.9,6211	
-7.2,-7.1,-1.8,-1.7,1957	
-7.2,-7.1,-2.1,-2.0,1134	
-7.2,-7.1,-2.9,-2.8,152	
-7.2,-7.1,-3.2,-3.1,48	
-7.2,-7.1,-4.3,-4.2,4	
-7.2,-7.1,-0.7,-0.6,8254	
-7.2,-7.1,1.3,1.4,4383	
-7.2,-7.1,2.4,2.5,548	
-7.2,-7.1,3.5,3.6,22	
-7.2,-7.1,0.4,0.5,9928	
-7.2,-7.1,4.6,4.7,1	
-7.3,-7.2,-1.7,-1.6,2112	
-7.3,-7.2,-2.0,-1.9,1230	
-7.3,-7.2,-2.8,-2.7,161	
-7.3,-7.2,-3.1,-3.0,67	
-7.3,-7.2,-3.9,-3.8,5	
-7.3,-7.2,-4.2,-4.1,1	
-7.3,-7.2,-0.8,-0.7,6656	
-7.3,-7.2,1.4,1.5,3349	
-7.3,-7.2,2.5,2.6,396	
-7.3,-7.2,0.3,0.4,9108	
-7.3,-7.2,3.6,3.7,17	
-7.3,-7.2,4.7,4.8,1	
-7.4,-7.3,-0.1,0.0,8315	
-7.4,-7.3,-1.6,-1.5,2144	
-7.4,-7.3,-2.7,-2.6,202	
-7.4,-7.3,-3.0,-2.9,71	
-7.4,-7.3,-3.8,-3.7,10	
-7.4,-7.3,-4.1,-4.0,1	
-7.4,-7.3,-0.9,-0.8,5288	
-7.4,-7.3,1.5,1.6,2527	
-7.4,-7.3,0.2,0.3,8136	
-7.4,-7.3,2.6,2.7,251	
-7.4,-7.3,3.7,3.8,12	
-7.4,-7.3,4.0,4.1,4	
-7.5,-7.4,-1.5,-1.4,2214	
-7.5,-7.4,-0.2,-0.1,6895	
-7.5,-7.4,-2.6,-2.5,237	
-7.5,-7.4,-3.7,-3.6,6	
-7.5,-7.4,-4.0,-3.9,5	
-7.5,-7.4,0.1,0.2,7107	
-7.5,-7.4,1.6,1.7,1838	
-7.5,-7.4,2.7,2.8,163	
-7.5,-7.4,3.0,3.1,69	
-7.5,-7.4,3.8,3.9,5	
-7.5,-7.4,4.1,4.2,5	
-7.5,-7.4,0.9,1.0,4538	
-7.6,-7.5,-1.4,-1.3,2154	
-7.6,-7.5,-2.5,-2.4,229	
-7.6,-7.5,-0.3,-0.2,5723	
-7.6,-7.5,-3.6,-3.5,9	
-7.6,-7.5,0.0,0.1,12414	
-7.6,-7.5,1.7,1.8,1366	
-7.6,-7.5,2.0,2.1,751	
-7.6,-7.5,2.8,2.9,102	
-7.6,-7.5,3.1,3.2,46	
-7.6,-7.5,3.9,4.0,2	
-7.6,-7.5,4.2,4.3,2	
-7.6,-7.5,0.8,0.9,4297	
-7.7,-7.6,-1.3,-1.2,2131	
-7.7,-7.6,-2.4,-2.3,267	
-7.7,-7.6,-3.5,-3.4,11	
-7.7,-7.6,-0.4,-0.3,4560	
-7.7,-7.6,1.0,1.1,2945	
-7.7,-7.6,1.8,1.9,958	
-7.7,-7.6,2.1,2.2,527	
-7.7,-7.6,2.9,3.0,66	
-7.7,-7.6,3.2,3.3,31	
-7.7,-7.6,0.7,0.8,4036	
-7.8,-7.7,-1.2,-1.1,1948	
-7.8,-7.7,-2.3,-2.2,292	
-7.8,-7.7,-3.4,-3.3,12	
-7.8,-7.7,-0.5,-0.4,3681	
-7.8,-7.7,1.1,1.2,2233	
-7.8,-7.7,1.9,2.0,639	
-7.8,-7.7,2.2,2.3,371	
-7.8,-7.7,3.3,3.4,13	
-7.8,-7.7,4.4,4.5,2	
-7.8,-7.7,0.6,0.7,3465	
-7.9,-7.8,-1.1,-1.0,1746	
-7.9,-7.8,-1.9,-1.8,524	
-7.9,-7.8,-2.2,-2.1,294	
-7.9,-7.8,-3.3,-3.2,12	
-7.9,-7.8,-4.4,-4.3,2	
-7.9,-7.8,-0.6,-0.5,2947	
-7.9,-7.8,1.2,1.3,1599	
-7.9,-7.8,2.3,2.4,235	
-7.9,-7.8,3.4,3.5,6	
-7.9,-7.8,0.5,0.6,3043	
-0.8,-0.7,-10.3,-10.2,4	
-0.8,-0.7,-1.3,-1.2,5954	
-0.8,-0.7,-2.4,-2.3,16484	
-0.8,-0.7,-3.5,-3.4,17490	
-0.8,-0.7,-0.4,-0.3,3065	
-0.8,-0.7,-4.6,-4.5,11537	
-0.8,-0.7,-5.7,-5.6,16491	
-0.8,-0.7,-6.0,-5.9,16846	
-0.8,-0.7,-6.8,-6.7,11498	
-0.8,-0.7,-7.1,-7.0,8778	
-0.8,-0.7,-7.9,-7.8,2545	
-0.8,-0.7,-8.2,-8.1,1362	
-0.8,-0.7,-9.3,-9.2,55	
-0.8,-0.7,1.0,1.1,4178	
-0.8,-0.7,1.8,1.9,10239	
-0.8,-0.7,2.1,2.2,13558	
-0.8,-0.7,2.9,3.0,19238	
-0.8,-0.7,3.2,3.3,18872	
-0.8,-0.7,4.3,4.4,12011	
-0.8,-0.7,5.4,5.5,15054	
-0.8,-0.7,6.5,6.6,14453	
-0.8,-0.7,0.7,0.8,3296	
-0.8,-0.7,7.6,7.7,4225	
-0.8,-0.7,8.7,8.8,371	
-0.8,-0.7,9.0,9.1,140	
-0.8,-0.7,9.8,9.9,10	
-8.0,-7.9,-1.3,-1.2,1128	
-8.0,-7.9,-2.4,-2.3,142	
-8.0,-7.9,-3.5,-3.4,6	
-8.0,-7.9,-0.4,-0.3,2595	
-8.0,-7.9,1.0,1.1,1642	
-8.0,-7.9,1.8,1.9,538	
-8.0,-7.9,2.1,2.2,309	
-8.0,-7.9,2.9,3.0,30	
-8.0,-7.9,3.2,3.3,14	
-8.0,-7.9,0.7,0.8,2198	
-8.1,-8.0,-1.2,-1.1,1118	
-8.1,-8.0,-2.3,-2.2,136	
-8.1,-8.0,-3.4,-3.3,11	
-8.1,-8.0,-0.5,-0.4,2020	
-8.1,-8.0,1.1,1.2,1240	
-8.1,-8.0,1.9,2.0,369	
-8.1,-8.0,2.2,2.3,187	
-8.1,-8.0,3.3,3.4,9	
-8.1,-8.0,4.4,4.5,1	
-8.1,-8.0,0.6,0.7,1957	
-8.2,-8.1,-1.1,-1.0,955	
-8.2,-8.1,-1.9,-1.8,319	
-8.2,-8.1,-2.2,-2.1,158	
-8.2,-8.1,-3.3,-3.2,5	
-8.2,-8.1,-0.6,-0.5,1599	
-8.2,-8.1,1.2,1.3,854	
-8.2,-8.1,2.3,2.4,129	
-8.2,-8.1,3.4,3.5,6	
-8.2,-8.1,0.5,0.6,1683	
-8.3,-8.2,-1.0,-0.9,939	
-8.3,-8.2,-1.8,-1.7,291	
-8.3,-8.2,-2.1,-2.0,160	
-8.3,-8.2,-2.9,-2.8,22	
-8.3,-8.2,-3.2,-3.1,6	
-8.3,-8.2,-0.7,-0.6,1114	
-8.3,-8.2,1.3,1.4,601	
-8.3,-8.2,2.4,2.5,85	
-8.3,-8.2,3.5,3.6,3	
-8.3,-8.2,0.4,0.5,1388	
-8.4,-8.3,-1.7,-1.6,261	
-8.4,-8.3,-2.0,-1.9,136	
-8.4,-8.3,-2.8,-2.7,26	
-8.4,-8.3,-3.1,-3.0,7	
-8.4,-8.3,-0.8,-0.7,813	
-8.4,-8.3,1.4,1.5,415	
-8.4,-8.3,2.5,2.6,47	
-8.4,-8.3,0.3,0.4,1134	
-8.4,-8.3,3.6,3.7,2	
-8.5,-8.4,-0.1,0.0,920	
-8.5,-8.4,-1.6,-1.5,217	
-8.5,-8.4,-2.7,-2.6,23	
-8.5,-8.4,-3.0,-2.9,5	
-8.5,-8.4,-0.9,-0.8,590	
-8.5,-8.4,1.5,1.6,288	
-8.5,-8.4,0.2,0.3,885	
-8.5,-8.4,2.6,2.7,23	
-8.6,-8.5,-1.5,-1.4,200	
-8.6,-8.5,-0.2,-0.1,708	
-8.6,-8.5,-2.6,-2.5,23	
-8.6,-8.5,-3.7,-3.6,1	
-8.6,-8.5,-4.0,-3.9,1	
-8.6,-8.5,0.1,0.2,721	
-8.6,-8.5,1.6,1.7,165	
-8.6,-8.5,2.7,2.8,19	
-8.6,-8.5,3.0,3.1,8	
-8.6,-8.5,0.9,1.0,463	
-8.7,-8.6,-1.4,-1.3,181	
-8.7,-8.6,-2.5,-2.4,19	
-8.7,-8.6,-0.3,-0.2,519	
-8.7,-8.6,0.0,0.1,1145	
-8.7,-8.6,1.7,1.8,93	
-8.7,-8.6,2.0,2.1,62	
-8.7,-8.6,2.8,2.9,11	
-8.7,-8.6,3.1,3.2,3	
-8.7,-8.6,0.8,0.9,340	
-8.8,-8.7,-1.3,-1.2,157	
-8.8,-8.7,-2.4,-2.3,16	
-8.8,-8.7,-3.5,-3.4,1	
-8.8,-8.7,-0.4,-0.3,379	
-8.8,-8.7,1.0,1.1,228	
-8.8,-8.7,1.8,1.9,81	
-8.8,-8.7,2.1,2.2,39	
-8.8,-8.7,2.9,3.0,4	
-8.8,-8.7,3.2,3.3,1	
-8.8,-8.7,0.7,0.8,294	
-8.9,-8.8,-1.2,-1.1,131	
-8.9,-8.8,-2.3,-2.2,19	
-8.9,-8.8,-3.4,-3.3,2	
-8.9,-8.8,-0.5,-0.4,241	
-8.9,-8.8,1.1,1.2,155	
-8.9,-8.8,1.9,2.0,60	
-8.9,-8.8,2.2,2.3,32	
-8.9,-8.8,3.3,3.4,2	
-8.9,-8.8,0.6,0.7,275	
-0.9,-0.8,-10.4,-10.3,1	
-0.9,-0.8,-1.2,-1.1,5460	
-0.9,-0.8,-2.3,-2.2,15011	
-0.9,-0.8,-3.4,-3.3,17052	
-0.9,-0.8,-4.5,-4.4,10880	
-0.9,-0.8,-0.5,-0.4,3461	
-0.9,-0.8,-5.6,-5.5,14850	
-0.9,-0.8,-6.7,-6.6,11378	
-0.9,-0.8,-7.0,-6.9,8918	
-0.9,-0.8,-7.8,-7.7,2751	
-0.9,-0.8,-8.1,-8.0,1548	
-0.9,-0.8,-8.9,-8.8,199	
-0.9,-0.8,-9.2,-9.1,79	
-0.9,-0.8,10.5,10.6,1	
-0.9,-0.8,1.1,1.2,4785	
-0.9,-0.8,1.9,2.0,10891	
-0.9,-0.8,2.2,2.3,13921	
-0.9,-0.8,3.3,3.4,17421	
-0.9,-0.8,4.4,4.5,10978	
-0.9,-0.8,5.5,5.6,14600	
-0.9,-0.8,0.6,0.7,3581	
-0.9,-0.8,6.6,6.7,12292	
-0.9,-0.8,7.7,7.8,3131	
-0.9,-0.8,8.0,8.1,1936	
-0.9,-0.8,8.8,8.9,261	
-0.9,-0.8,9.1,9.2,112	
-0.9,-0.8,9.9,10.0,9	
-9.0,-8.9,-1.4,-1.3,80	
-9.0,-8.9,-2.5,-2.4,10	
-9.0,-8.9,-0.3,-0.2,233	
-9.0,-8.9,-3.6,-3.5,1	
-9.0,-8.9,0.0,0.1,473	
-9.0,-8.9,1.7,1.8,40	
-9.0,-8.9,2.0,2.1,30	
-9.0,-8.9,2.8,2.9,2	
-9.0,-8.9,0.8,0.9,168	
-9.1,-9.0,-1.3,-1.2,71	
-9.1,-9.0,-2.4,-2.3,15	
-9.1,-9.0,-0.4,-0.3,158	
-9.1,-9.0,1.0,1.1,93	
-9.1,-9.0,1.8,1.9,28	
-9.1,-9.0,2.1,2.2,19	
-9.1,-9.0,2.9,3.0,3	
-9.1,-9.0,0.7,0.8,128	
-9.2,-9.1,-1.2,-1.1,51	
-9.2,-9.1,-2.3,-2.2,8	
-9.2,-9.1,-0.5,-0.4,102	
-9.2,-9.1,1.1,1.2,59	
-9.2,-9.1,1.9,2.0,20	
-9.2,-9.1,2.2,2.3,8	
-9.2,-9.1,0.6,0.7,79	
-9.3,-9.2,-1.1,-1.0,42	
-9.3,-9.2,-1.9,-1.8,7	
-9.3,-9.2,-2.2,-2.1,5	
-9.3,-9.2,-0.6,-0.5,76	
-9.3,-9.2,1.2,1.3,50	
-9.3,-9.2,2.3,2.4,3	
-9.3,-9.2,0.5,0.6,72	
-9.4,-9.3,-1.0,-0.9,45	
-9.4,-9.3,-1.8,-1.7,10	
-9.4,-9.3,-2.1,-2.0,8	
-9.4,-9.3,-2.9,-2.8,2	
-9.4,-9.3,-0.7,-0.6,47	
-9.4,-9.3,1.3,1.4,32	
-9.4,-9.3,2.4,2.5,2	
-9.4,-9.3,0.4,0.5,51	
-9.5,-9.4,-1.7,-1.6,5	
-9.5,-9.4,-2.0,-1.9,9	
-9.5,-9.4,-0.8,-0.7,29	
-9.5,-9.4,1.4,1.5,13	
-9.5,-9.4,2.5,2.6,1	
-9.5,-9.4,0.3,0.4,41	
-9.6,-9.5,-0.1,0.0,34	
-9.6,-9.5,-1.6,-1.5,6	
-9.6,-9.5,-2.7,-2.6,1	
-9.6,-9.5,-3.0,-2.9,1	
-9.6,-9.5,-0.9,-0.8,21	
-9.6,-9.5,1.5,1.6,8	
-9.6,-9.5,0.2,0.3,41	
-9.7,-9.6,-1.5,-1.4,16	
-9.7,-9.6,-0.2,-0.1,24	
-9.7,-9.6,0.1,0.2,14	
-9.7,-9.6,1.6,1.7,4	
-9.7,-9.6,2.7,2.8,1	
-9.7,-9.6,0.9,1.0,7	
-9.8,-9.7,-1.4,-1.3,3	
-9.8,-9.7,-0.3,-0.2,13	
-9.8,-9.7,0.0,0.1,32	
-9.8,-9.7,1.7,1.8,5	
-9.8,-9.7,0.8,0.9,11	
-9.9,-9.8,-1.3,-1.2,3	
-9.9,-9.8,-0.4,-0.3,3	
-9.9,-9.8,1.0,1.1,7	
-9.9,-9.8,2.1,2.2,1	
-9.9,-9.8,0.7,0.8,5	
0.0,0.1,-1.0,-0.9,7934	
0.0,0.1,-10.6,-10.5,2	
0.0,0.1,-1.8,-1.7,25403	
0.0,0.1,-2.1,-2.0,34303	
0.0,0.1,-2.9,-2.8,49083	
0.0,0.1,-3.2,-3.1,48033	
0.0,0.1,-4.3,-4.2,31984	
0.0,0.1,-5.4,-5.3,43271	
0.0,0.1,-6.5,-6.4,41294	
0.0,0.1,-0.7,-0.6,4808	
0.0,0.1,-7.6,-7.5,12153	
0.0,0.1,-8.7,-8.6,1098	
0.0,0.1,-9.0,-8.9,495	
0.0,0.1,-9.8,-9.7,36	
0.0,0.1,10.3,10.4,6	
0.0,0.1,1.3,1.4,13014	
0.0,0.1,2.4,2.5,41835	
0.0,0.1,3.5,3.6,44328	
0.0,0.1,0.4,0.5,2880	
0.0,0.1,4.6,4.7,31704	
0.0,0.1,5.7,5.8,47464	
0.0,0.1,6.0,6.1,48371	
0.0,0.1,6.8,6.9,33171	
0.0,0.1,7.1,7.2,24816	
0.0,0.1,7.9,8.0,7253	
0.0,0.1,8.2,8.3,3809	
0.0,0.1,9.3,9.4,139	
0.1,0.2,-1.7,-1.6,11495	
0.1,0.2,-2.0,-1.9,15540	
0.1,0.2,-2.8,-2.7,24068	
0.1,0.2,-3.1,-3.0,24063	
0.1,0.2,-3.9,-3.8,18480	
0.1,0.2,-4.2,-4.1,16445	
0.1,0.2,-5.3,-5.2,20604	
0.1,0.2,-6.4,-6.3,21473	
0.1,0.2,-7.5,-7.4,7132	
0.1,0.2,-0.8,-0.7,2872	
0.1,0.2,-8.6,-8.5,670	
0.1,0.2,-9.7,-9.6,29	
0.1,0.2,10.2,10.3,3	
0.1,0.2,1.4,1.5,7444	
0.1,0.2,2.5,2.6,22026	
0.1,0.2,0.3,0.4,1381	
0.1,0.2,3.6,3.7,21278	
0.1,0.2,4.7,4.8,15835	
0.1,0.2,5.0,5.1,18125	
0.1,0.2,5.8,5.9,23772	
0.1,0.2,6.1,6.2,23472	
0.1,0.2,6.9,7.0,15110	
0.1,0.2,7.2,7.3,10725	
0.1,0.2,8.3,8.4,1456	
0.1,0.2,9.4,9.5,60	
1.0,1.1,-1.7,-1.6,8713	
1.0,1.1,-2.0,-1.9,11416	
1.0,1.1,-2.8,-2.7,17234	
1.0,1.1,-3.1,-3.0,17781	
1.0,1.1,-3.9,-3.8,12722	
1.0,1.1,-4.2,-4.1,11105	
1.0,1.1,-5.3,-5.2,12251	
1.0,1.1,-6.4,-6.3,12575	
1.0,1.1,-7.5,-7.4,4181	
1.0,1.1,-0.8,-0.7,4221	
1.0,1.1,-8.6,-8.5,422	
1.0,1.1,-9.7,-9.6,11	
1.0,1.1,10.2,10.3,2	
1.0,1.1,1.4,1.5,6478	
1.0,1.1,2.5,2.6,15772	
1.0,1.1,0.3,0.4,3897	
1.0,1.1,3.6,3.7,14856	
1.0,1.1,4.7,4.8,10046	
1.0,1.1,5.0,5.1,10934	
1.0,1.1,5.8,5.9,14092	
1.0,1.1,6.1,6.2,13813	
1.0,1.1,6.9,7.0,8809	
1.0,1.1,7.2,7.3,6409	
1.0,1.1,8.3,8.4,866	
1.0,1.1,9.4,9.5,41	
10.0,10.1,-2.8,-2.7,1	
10.0,10.1,-0.8,-0.7,4	
10.0,10.1,1.4,1.5,3	
10.0,10.1,2.5,2.6,1	
10.0,10.1,0.3,0.4,3	
10.1,10.2,-0.1,0.0,4	
10.1,10.2,-0.9,-0.8,3	
10.1,10.2,0.2,0.3,4	
10.2,10.3,-0.2,-0.1,6	
10.2,10.3,0.1,0.2,5	
10.2,10.3,1.6,1.7,1	
10.2,10.3,0.9,1.0,1	
10.3,10.4,-1.4,-1.3,2	
10.3,10.4,-0.3,-0.2,1	
10.3,10.4,0.0,0.1,1	
10.4,10.5,-0.4,-0.3,1	
10.4,10.5,1.8,1.9,1	
10.4,10.5,2.1,2.2,1	
10.4,10.5,0.7,0.8,3	
10.6,10.7,-1.9,-1.8,1	
10.6,10.7,-0.6,-0.5,1	
10.6,10.7,0.5,0.6,2	
1.1,1.2,-0.1,0.0,4673	
1.1,1.2,-10.0,-9.9,1	
1.1,1.2,-1.6,-1.5,7557	
1.1,1.2,-2.7,-2.6,16087	
1.1,1.2,-3.0,-2.9,16788	
1.1,1.2,-3.8,-3.7,13004	
1.1,1.2,-4.1,-4.0,10819	
1.1,1.2,-4.9,-4.8,9679	
1.1,1.2,-5.2,-5.1,10644	
1.1,1.2,-6.3,-6.2,11726	
1.1,1.2,-7.4,-7.3,4366	
1.1,1.2,-8.5,-8.4,472	
1.1,1.2,-0.9,-0.8,4744	
1.1,1.2,-9.6,-9.5,15	
1.1,1.2,10.1,10.2,3	
1.1,1.2,1.5,1.6,7096	
1.1,1.2,0.2,0.3,4643	
1.1,1.2,2.6,2.7,15809	
1.1,1.2,3.7,3.8,13717	
1.1,1.2,4.0,4.1,11504	
1.1,1.2,4.8,4.9,9294	
1.1,1.2,5.1,5.2,10270	
1.1,1.2,5.9,6.0,12614	
1.1,1.2,6.2,6.3,12037	
1.1,1.2,7.3,7.4,5048	
1.1,1.2,8.4,8.5,559	
1.1,1.2,9.5,9.6,24	
1.2,1.3,-10.1,-10.0,2	
1.2,1.3,-1.5,-1.4,7183	
1.2,1.3,-0.2,-0.1,5438	
1.2,1.3,-2.6,-2.5,15352	
1.2,1.3,-3.7,-3.6,13124	
1.2,1.3,-4.0,-3.9,11022	
1.2,1.3,-4.8,-4.7,8556	
1.2,1.3,-5.1,-5.0,9144	
1.2,1.3,-5.9,-5.8,11137	
1.2,1.3,-6.2,-6.1,10686	
1.2,1.3,-7.3,-7.2,4493	
1.2,1.3,-8.4,-8.3,566	
1.2,1.3,-9.5,-9.4,20	
1.2,1.3,0.1,0.2,5456	
1.2,1.3,10.0,10.1,5	
1.2,1.3,1.6,1.7,7788	
1.2,1.3,2.7,2.8,15705	
1.2,1.3,3.0,3.1,16312	
1.2,1.3,3.8,3.9,12566	
1.2,1.3,4.1,4.2,10415	
1.2,1.3,4.9,5.0,8607	
1.2,1.3,5.2,5.3,9510	
1.2,1.3,6.3,6.4,10212	
1.2,1.3,7.4,7.5,3851	
1.2,1.3,8.5,8.6,425	
1.2,1.3,0.9,1.0,5243	
1.2,1.3,9.6,9.7,16	
1.3,1.4,-10.2,-10.1,1	
1.3,1.4,-1.4,-1.3,7103	
1.3,1.4,-2.5,-2.4,14543	
1.3,1.4,-0.3,-0.2,6357	
1.3,1.4,-3.6,-3.5,13179	
1.3,1.4,-4.7,-4.6,7816	
1.3,1.4,-5.0,-4.9,8131	
1.3,1.4,-5.8,-5.7,9699	
1.3,1.4,-6.1,-6.0,9675	
1.3,1.4,-6.9,-6.8,6162	
1.3,1.4,-7.2,-7.1,4448	
1.3,1.4,-8.3,-8.2,622	
1.3,1.4,-9.4,-9.3,33	
1.3,1.4,0.0,0.1,13161	
1.3,1.4,10.7,10.8,1	
1.3,1.4,1.7,1.8,8560	
1.3,1.4,2.0,2.1,10726	
1.3,1.4,2.8,2.9,15757	
1.3,1.4,3.1,3.2,15640	
1.3,1.4,3.9,4.0,11201	
1.3,1.4,4.2,4.3,9189	
1.3,1.4,5.3,5.4,8919	
1.3,1.4,6.4,6.5,8753	
1.3,1.4,7.5,7.6,2910	
1.3,1.4,0.8,0.9,5845	
1.3,1.4,8.6,8.7,289	
1.3,1.4,9.7,9.8,9	
1.4,1.5,-1.3,-1.2,6994	
1.4,1.5,-2.4,-2.3,13793	
1.4,1.5,-3.5,-3.4,13745	
1.4,1.5,-0.4,-0.3,7196	
1.4,1.5,-4.6,-4.5,7213	
1.4,1.5,-5.7,-5.6,8406	
1.4,1.5,-6.0,-5.9,8630	
1.4,1.5,-6.8,-6.7,5835	
1.4,1.5,-7.1,-7.0,4324	
1.4,1.5,-7.9,-7.8,1233	
1.4,1.5,-8.2,-8.1,671	
1.4,1.5,-9.3,-9.2,23	
1.4,1.5,1.0,1.1,6521	
1.4,1.5,1.8,1.9,9289	
1.4,1.5,2.1,2.2,11549	
1.4,1.5,2.9,3.0,15943	
1.4,1.5,3.2,3.3,15255	
1.4,1.5,4.3,4.4,8347	
1.4,1.5,5.4,5.5,8029	
1.4,1.5,6.5,6.6,7305	
1.4,1.5,0.7,0.8,6532	
1.4,1.5,7.6,7.7,2196	
1.4,1.5,8.7,8.8,203	
1.4,1.5,9.0,9.1,79	
1.4,1.5,9.8,9.9,6	
1.5,1.6,-10.4,-10.3,1	
1.5,1.6,-1.2,-1.1,7193	
1.5,1.6,-2.3,-2.2,12927	
1.5,1.6,-3.4,-3.3,14514	
1.5,1.6,-4.5,-4.4,7121	
1.5,1.6,-0.5,-0.4,8019	
1.5,1.6,-5.6,-5.5,7341	
1.5,1.6,-6.7,-6.6,5515	
1.5,1.6,-7.0,-6.9,4161	
1.5,1.6,-7.8,-7.7,1340	
1.5,1.6,-8.1,-8.0,712	
1.5,1.6,-8.9,-8.8,103	
1.5,1.6,-9.2,-9.1,31	
1.5,1.6,1.1,1.2,7036	
1.5,1.6,1.9,2.0,10340	
1.5,1.6,2.2,2.3,12381	
1.5,1.6,3.3,3.4,14708	
1.5,1.6,4.4,4.5,7686	
1.5,1.6,5.5,5.6,7349	
1.5,1.6,0.6,0.7,7711	
1.5,1.6,6.6,6.7,5782	
1.5,1.6,7.7,7.8,1545	
1.5,1.6,8.0,8.1,867	
1.5,1.6,8.8,8.9,120	
1.5,1.6,9.1,9.2,38	
1.6,1.7,-1.1,-1.0,7767	
1.6,1.7,-1.9,-1.8,10508	
1.6,1.7,-2.2,-2.1,12642	
1.6,1.7,-3.3,-3.2,15034	
1.6,1.7,-4.4,-4.3,7271	
1.6,1.7,-5.5,-5.4,6135	
1.6,1.7,-0.6,-0.5,8720	
1.6,1.7,-6.6,-6.5,5013	
1.6,1.7,-7.7,-7.6,1384	
1.6,1.7,-8.0,-7.9,760	
1.6,1.7,-8.8,-8.7,128	
1.6,1.7,-9.1,-9.0,41	
1.6,1.7,-9.9,-9.8,5	
1.6,1.7,1.2,1.3,7703	
1.6,1.7,2.3,2.4,13336	
1.6,1.7,3.4,3.5,14572	
1.6,1.7,4.5,4.6,6980	
1.6,1.7,0.5,0.6,8965	
1.6,1.7,5.6,5.7,6252	
1.6,1.7,6.7,6.8,4712	
1.6,1.7,7.0,7.1,3524	
1.6,1.7,7.8,7.9,983	
1.6,1.7,8.1,8.2,608	
1.6,1.7,8.9,9.0,84	
1.6,1.7,9.2,9.3,22	
1.7,1.8,-1.0,-0.9,8763	
1.7,1.8,-1.8,-1.7,10175	
1.7,1.8,-2.1,-2.0,12151	
1.7,1.8,-2.9,-2.8,16401	
1.7,1.8,-3.2,-3.1,15904	
1.7,1.8,-4.3,-4.2,7816	
1.7,1.8,-5.4,-5.3,5228	
1.7,1.8,-6.5,-6.4,4391	
1.7,1.8,-0.7,-0.6,9446	
1.7,1.8,-7.6,-7.5,1321	
1.7,1.8,-8.7,-8.6,100	
1.7,1.8,-9.0,-8.9,40	
1.7,1.8,-9.8,-9.7,4	
1.7,1.8,1.3,1.4,8352	
1.7,1.8,2.4,2.5,14484	
1.7,1.8,3.5,3.6,13894	
1.7,1.8,0.4,0.5,10578	
1.7,1.8,4.6,4.7,6326	
1.7,1.8,5.7,5.8,5327	
1.7,1.8,6.0,6.1,5431	
1.7,1.8,6.8,6.9,3520	
1.7,1.8,7.1,7.2,2621	
1.7,1.8,7.9,8.0,774	
1.7,1.8,8.2,8.3,425	
1.7,1.8,9.3,9.4,25	
1.8,1.9,-1.7,-1.6,10354	
1.8,1.9,-2.0,-1.9,11925	
1.8,1.9,-2.8,-2.7,16409	
1.8,1.9,-3.1,-3.0,16456	
1.8,1.9,-3.9,-3.8,11034	
1.8,1.9,-4.2,-4.1,8508	
1.8,1.9,-5.3,-5.2,4559	
1.8,1.9,-6.4,-6.3,3983	
1.8,1.9,-7.5,-7.4,1296	
1.8,1.9,-0.8,-0.7,10324	
1.8,1.9,-8.6,-8.5,120	
1.8,1.9,-9.7,-9.6,9	
1.8,1.9,1.4,1.5,9359	
1.8,1.9,2.5,2.6,15567	
1.8,1.9,0.3,0.4,12081	
1.8,1.9,3.6,3.7,13651	
1.8,1.9,4.7,4.8,5478	
1.8,1.9,5.0,5.1,4704	
1.8,1.9,5.8,5.9,4601	
1.8,1.9,6.1,6.2,4309	
1.8,1.9,6.9,7.0,2794	
1.8,1.9,7.2,7.3,2033	
1.8,1.9,8.3,8.4,276	
1.8,1.9,9.4,9.5,8	
1.9,2.0,-0.1,0.0,13916	
1.9,2.0,-1.6,-1.5,10384	
1.9,2.0,-2.7,-2.6,17167	
1.9,2.0,-3.0,-2.9,17554	
1.9,2.0,-3.8,-3.7,12450	
1.9,2.0,-4.1,-4.0,9716	
1.9,2.0,-4.9,-4.8,4616	
1.9,2.0,-5.2,-5.1,4036	
1.9,2.0,-6.3,-6.2,3389	
1.9,2.0,-7.4,-7.3,1179	
1.9,2.0,-8.5,-8.4,129	
1.9,2.0,-0.9,-0.8,10784	
1.9,2.0,-9.6,-9.5,2	
1.9,2.0,1.5,1.6,10332	
1.9,2.0,0.2,0.3,13708	
1.9,2.0,2.6,2.7,16677	
1.9,2.0,3.7,3.8,13426	
1.9,2.0,4.0,4.1,10595	
1.9,2.0,4.8,4.9,4971	
1.9,2.0,5.1,5.2,4305	
1.9,2.0,5.9,6.0,3801	
1.9,2.0,6.2,6.3,3513	
1.9,2.0,7.3,7.4,1408	
1.9,2.0,8.4,8.5,158	
1.9,2.0,9.5,9.6,5	
0.2,0.3,-0.1,0.0,1191	
0.2,0.3,-10.0,-9.9,4	
0.2,0.3,-10.8,-10.7,1	
0.2,0.3,-1.6,-1.5,9586	
0.2,0.3,-2.7,-2.6,23186	
0.2,0.3,-3.0,-2.9,23879	
0.2,0.3,-3.8,-3.7,18764	
0.2,0.3,-4.1,-4.0,16236	
0.2,0.3,-4.9,-4.8,16958	
0.2,0.3,-5.2,-5.1,19272	
0.2,0.3,-6.3,-6.2,21795	
0.2,0.3,-7.4,-7.3,7874	
0.2,0.3,-8.5,-8.4,904	
0.2,0.3,-0.9,-0.8,3406	
0.2,0.3,-9.6,-9.5,36	
0.2,0.3,10.1,10.2,5	
0.2,0.3,1.5,1.6,8554	
0.2,0.3,0.2,0.3,1355	
0.2,0.3,2.6,2.7,22541	
0.2,0.3,3.7,3.8,20011	
0.2,0.3,4.0,4.1,16985	
0.2,0.3,4.8,4.9,16054	
0.2,0.3,5.1,5.2,18402	
0.2,0.3,5.9,6.0,23226	
0.2,0.3,6.2,6.3,22600	
0.2,0.3,7.3,7.4,9447	
0.2,0.3,8.4,8.5,1134	
0.2,0.3,9.5,9.6,38	
2.0,2.1,-1.0,-0.9,11360	
2.0,2.1,-1.8,-1.7,12194	
2.0,2.1,-2.1,-2.0,14411	
2.0,2.1,-2.9,-2.8,18320	
2.0,2.1,-3.2,-3.1,17698	
2.0,2.1,-4.3,-4.2,8016	
2.0,2.1,-5.4,-5.3,3464	
2.0,2.1,-6.5,-6.4,2483	
2.0,2.1,-0.7,-0.6,13267	
2.0,2.1,-7.6,-7.5,804	
2.0,2.1,-8.7,-8.6,51	
2.0,2.1,-9.0,-8.9,31	
2.0,2.1,-9.8,-9.7,2	
2.0,2.1,1.3,1.4,10894	
2.0,2.1,2.4,2.5,16254	
2.0,2.1,3.5,3.6,15852	
2.0,2.1,0.4,0.5,14363	
2.0,2.1,4.6,4.7,5728	
2.0,2.1,5.7,5.8,3204	
2.0,2.1,6.0,6.1,3079	
2.0,2.1,6.8,6.9,2075	
2.0,2.1,7.1,7.2,1549	
2.0,2.1,7.9,8.0,432	
2.0,2.1,8.2,8.3,215	
2.0,2.1,9.3,9.4,12	
2.1,2.2,-1.7,-1.6,12359	
2.1,2.2,-2.0,-1.9,14313	
2.1,2.2,-2.8,-2.7,19130	
2.1,2.2,-3.1,-3.0,18887	
2.1,2.2,-3.9,-3.8,12402	
2.1,2.2,-4.2,-4.1,9450	
2.1,2.2,-5.3,-5.2,3235	
2.1,2.2,-6.4,-6.3,2183	
2.1,2.2,-7.5,-7.4,727	
2.1,2.2,-0.8,-0.7,13549	
2.1,2.2,-8.6,-8.5,73	
2.1,2.2,-9.7,-9.6,3	
2.1,2.2,1.4,1.5,11480	
2.1,2.2,2.5,2.6,17805	
2.1,2.2,0.3,0.4,16242	
2.1,2.2,3.6,3.7,15643	
2.1,2.2,4.7,4.8,5169	
2.1,2.2,5.0,5.1,3863	
2.1,2.2,5.8,5.9,2661	
2.1,2.2,6.1,6.2,2479	
2.1,2.2,6.9,7.0,1477	
2.1,2.2,7.2,7.3,1081	
2.1,2.2,8.3,8.4,140	
2.1,2.2,9.4,9.5,7	
2.2,2.3,-0.1,0.0,18283	
2.2,2.3,-10.0,-9.9,2	
2.2,2.3,-1.6,-1.5,12852	
2.2,2.3,-2.7,-2.6,19593	
2.2,2.3,-3.0,-2.9,19952	
2.2,2.3,-3.8,-3.7,14050	
2.2,2.3,-4.1,-4.0,10590	
2.2,2.3,-4.9,-4.8,4210	
2.2,2.3,-5.2,-5.1,2905	
2.2,2.3,-6.3,-6.2,1861	
2.2,2.3,-7.4,-7.3,665	
2.2,2.3,-8.5,-8.4,86	
2.2,2.3,-0.9,-0.8,13925	
2.2,2.3,-9.6,-9.5,3	
2.2,2.3,1.5,1.6,12352	
2.2,2.3,0.2,0.3,18041	
2.2,2.3,2.6,2.7,19186	
2.2,2.3,3.7,3.8,15332	
2.2,2.3,4.0,4.1,11697	
2.2,2.3,4.8,4.9,4668	
2.2,2.3,5.1,5.2,3371	
2.2,2.3,5.9,6.0,2159	
2.2,2.3,6.2,6.3,2004	
2.2,2.3,7.3,7.4,795	
2.2,2.3,8.4,8.5,101	
2.2,2.3,9.5,9.6,3	
2.3,2.4,-1.5,-1.4,13142	
2.3,2.4,-0.2,-0.1,19434	
2.3,2.4,-2.6,-2.5,20163	
2.3,2.4,-3.7,-3.6,15904	
2.3,2.4,-4.0,-3.9,12237	
2.3,2.4,-4.8,-4.7,4394	
2.3,2.4,-5.1,-5.0,3130	
2.3,2.4,-5.9,-5.8,1757	
2.3,2.4,-6.2,-6.1,1520	
2.3,2.4,-7.3,-7.2,630	
2.3,2.4,-8.4,-8.3,63	
2.3,2.4,-9.5,-9.4,1	
2.3,2.4,0.1,0.2,19599	
2.3,2.4,1.6,1.7,13164	
2.3,2.4,2.7,2.8,20506	
2.3,2.4,3.0,3.1,21075	
2.3,2.4,3.8,3.9,14647	
2.3,2.4,4.1,4.2,11119	
2.3,2.4,4.9,5.0,3920	
2.3,2.4,5.2,5.3,2834	
2.3,2.4,6.3,6.4,1507	
2.3,2.4,7.4,7.5,513	
2.3,2.4,8.5,8.6,51	
2.3,2.4,0.9,1.0,15061	
2.3,2.4,9.6,9.7,2	
2.4,2.5,-1.4,-1.3,13814	
2.4,2.5,-2.5,-2.4,20451	
2.4,2.5,-0.3,-0.2,19846	
2.4,2.5,-3.6,-3.5,17670	
2.4,2.5,-4.7,-4.6,5188	
2.4,2.5,-5.0,-4.9,3374	
2.4,2.5,-5.8,-5.7,1505	
2.4,2.5,-6.1,-6.0,1225	
2.4,2.5,-6.9,-6.8,778	
2.4,2.5,-7.2,-7.1,552	
2.4,2.5,-8.3,-8.2,77	
2.4,2.5,-9.4,-9.3,4	
2.4,2.5,0.0,0.1,42046	
2.4,2.5,1.7,1.8,14335	
2.4,2.5,2.0,2.1,16500	
2.4,2.5,2.8,2.9,21828	
2.4,2.5,3.1,3.2,21784	
2.4,2.5,3.9,4.0,13915	
2.4,2.5,4.2,4.3,10441	
2.4,2.5,5.3,5.4,2435	
2.4,2.5,6.4,6.5,1119	
2.4,2.5,7.5,7.6,383	
2.4,2.5,0.8,0.9,16549	
2.4,2.5,8.6,8.7,33	
2.4,2.5,9.7,9.8,1	
2.5,2.6,-1.3,-1.2,14476	
2.5,2.6,-2.4,-2.3,20311	
2.5,2.6,-3.5,-3.4,19169	
2.5,2.6,-0.4,-0.3,20618	
2.5,2.6,-4.6,-4.5,6304	
2.5,2.6,-5.7,-5.6,1376	
2.5,2.6,-6.0,-5.9,1109	
2.5,2.6,-6.8,-6.7,685	
2.5,2.6,-7.1,-7.0,483	
2.5,2.6,-7.9,-7.8,151	
2.5,2.6,-8.2,-8.1,82	
2.5,2.6,-9.3,-9.2,2	
2.5,2.6,1.0,1.1,15734	
2.5,2.6,1.8,1.9,15628	
2.5,2.6,2.1,2.2,18044	
2.5,2.6,2.9,3.0,22618	
2.5,2.6,3.2,3.3,21784	
2.5,2.6,4.3,4.4,9310	
2.5,2.6,5.4,5.5,1968	
2.5,2.6,6.5,6.6,838	
2.5,2.6,0.7,0.8,17990	
2.5,2.6,7.6,7.7,251	
2.5,2.6,8.7,8.8,17	
2.5,2.6,9.0,9.1,8	
2.5,2.6,9.8,9.9,1	
2.6,2.7,-10.4,-10.3,1	
2.6,2.7,-1.2,-1.1,15243	
2.6,2.7,-2.3,-2.2,19998	
2.6,2.7,-3.4,-3.3,21162	
2.6,2.7,-4.5,-4.4,7158	
2.6,2.7,-0.5,-0.4,20431	
2.6,2.7,-5.6,-5.5,1353	
2.6,2.7,-6.7,-6.6,536	
2.6,2.7,-7.0,-6.9,432	
2.6,2.7,-7.8,-7.7,137	
2.6,2.7,-8.1,-8.0,66	
2.6,2.7,-8.9,-8.8,11	
2.6,2.7,-9.2,-9.1,2	
2.6,2.7,1.1,1.2,15892	
2.6,2.7,1.9,2.0,16685	
2.6,2.7,2.2,2.3,19293	
2.6,2.7,3.3,3.4,21953	
2.6,2.7,4.4,4.5,8483	
2.6,2.7,5.5,5.6,1525	
2.6,2.7,0.6,0.7,19696	
2.6,2.7,6.6,6.7,661	
2.6,2.7,7.7,7.8,161	
2.6,2.7,8.0,8.1,96	
2.6,2.7,8.8,8.9,15	
2.6,2.7,9.1,9.2,6	
2.7,2.8,-1.1,-1.0,16156	
2.7,2.8,-1.9,-1.8,17131	
2.7,2.8,-2.2,-2.1,19707	
2.7,2.8,-3.3,-3.2,22553	
2.7,2.8,-4.4,-4.3,8511	
2.7,2.8,-5.5,-5.4,1468	
2.7,2.8,-0.6,-0.5,20305	
2.7,2.8,-6.6,-6.5,510	
2.7,2.8,-7.7,-7.6,130	
2.7,2.8,-8.0,-7.9,68	
2.7,2.8,-8.8,-8.7,10	
2.7,2.8,-9.1,-9.0,2	
2.7,2.8,1.2,1.3,15838	
2.7,2.8,2.3,2.4,20537	
2.7,2.8,3.4,3.5,21780	
2.7,2.8,4.5,4.6,7382	
2.7,2.8,0.5,0.6,21480	
2.7,2.8,5.6,5.7,1209	
2.7,2.8,6.7,6.8,406	
2.7,2.8,7.0,7.1,306	
2.7,2.8,7.8,7.9,108	
2.7,2.8,8.1,8.2,52	
2.7,2.8,8.9,9.0,11	
2.7,2.8,9.2,9.3,1	
2.8,2.9,-1.0,-0.9,17315	
2.8,2.9,-1.8,-1.7,16662	
2.8,2.9,-2.1,-2.0,19234	
2.8,2.9,-2.9,-2.8,24319	
2.8,2.9,-3.2,-3.1,23411	
2.8,2.9,-4.3,-4.2,9689	
2.8,2.9,-5.4,-5.3,1540	
2.8,2.9,-6.5,-6.4,388	
2.8,2.9,-0.7,-0.6,19910	
2.8,2.9,-7.6,-7.5,107	
2.8,2.9,-8.7,-8.6,11	
2.8,2.9,-9.0,-8.9,6	
2.8,2.9,-9.8,-9.7,1	
2.8,2.9,1.3,1.4,15764	
2.8,2.9,2.4,2.5,21896	
2.8,2.9,3.5,3.6,20741	
2.8,2.9,0.4,0.5,22532	
2.8,2.9,4.6,4.7,6346	
2.8,2.9,5.7,5.8,948	
2.8,2.9,6.0,6.1,652	
2.8,2.9,6.8,6.9,306	
2.8,2.9,7.1,7.2,221	
2.8,2.9,7.9,8.0,59	
2.8,2.9,8.2,8.3,33	
2.8,2.9,9.3,9.4,1	
2.9,3.0,-1.7,-1.6,16386	
2.9,3.0,-2.0,-1.9,18237	
2.9,3.0,-2.8,-2.7,24135	
2.9,3.0,-3.1,-3.0,24046	
2.9,3.0,-3.9,-3.8,15163	
2.9,3.0,-4.2,-4.1,11035	
2.9,3.0,-5.3,-5.2,1785	
2.9,3.0,-6.4,-6.3,344	
2.9,3.0,-7.5,-7.4,74	
2.9,3.0,-0.8,-0.7,19326	
2.9,3.0,-8.6,-8.5,6	
2.9,3.0,-9.7,-9.6,1	
2.9,3.0,1.4,1.5,15505	
2.9,3.0,2.5,2.6,22888	
2.9,3.0,0.3,0.4,23412	
2.9,3.0,3.6,3.7,19626	
2.9,3.0,4.7,4.8,5469	
2.9,3.0,5.0,5.1,3161	
2.9,3.0,5.8,5.9,711	
2.9,3.0,6.1,6.2,516	
2.9,3.0,6.9,7.0,219	
2.9,3.0,7.2,7.3,151	
2.9,3.0,8.3,8.4,21	
2.9,3.0,9.4,9.5,2	
0.3,0.4,-10.1,-10.0,3	
0.3,0.4,-10.9,-10.8,1	
0.3,0.4,-1.5,-1.4,8388	
0.3,0.4,-0.2,-0.1,1408	
0.3,0.4,-2.6,-2.5,22000	
0.3,0.4,-3.7,-3.6,19306	
0.3,0.4,-4.0,-3.9,16710	
0.3,0.4,-4.8,-4.7,15945	
0.3,0.4,-5.1,-5.0,17951	
0.3,0.4,-5.9,-5.8,22567	
0.3,0.4,-6.2,-6.1,21888	
0.3,0.4,-7.3,-7.2,9231	
0.3,0.4,-8.4,-8.3,1155	
0.3,0.4,-9.5,-9.4,36	
0.3,0.4,0.1,0.2,1316	
0.3,0.4,10.0,10.1,4	
0.3,0.4,1.6,1.7,9493	
0.3,0.4,2.7,2.8,22658	
0.3,0.4,3.0,3.1,23798	
0.3,0.4,3.8,3.9,18453	
0.3,0.4,4.1,4.2,16097	
0.3,0.4,4.9,5.0,16411	
0.3,0.4,5.2,5.3,19052	
0.3,0.4,6.3,6.4,21258	
0.3,0.4,7.4,7.5,7857	
0.3,0.4,8.5,8.6,893	
0.3,0.4,0.9,1.0,3327	
0.3,0.4,9.6,9.7,34	
3.0,3.1,-1.1,-1.0,16552	
3.0,3.1,-1.9,-1.8,17314	
3.0,3.1,-2.2,-2.1,20238	
3.0,3.1,-3.3,-3.2,22533	
3.0,3.1,-4.4,-4.3,8307	
3.0,3.1,-5.5,-5.4,1143	
3.0,3.1,-0.6,-0.5,21215	
3.0,3.1,-6.6,-6.5,215	
3.0,3.1,-7.7,-7.6,56	
3.0,3.1,-8.0,-7.9,24	
3.0,3.1,-8.8,-8.7,3	
3.0,3.1,-9.1,-9.0,3	
3.0,3.1,10.4,10.5,1	
3.0,3.1,1.2,1.3,16395	
3.0,3.1,2.3,2.4,20849	
3.0,3.1,3.4,3.5,21670	
3.0,3.1,4.5,4.6,7402	
3.0,3.1,0.5,0.6,22154	
3.0,3.1,5.6,5.7,983	
3.0,3.1,6.7,6.8,199	
3.0,3.1,7.0,7.1,102	
3.0,3.1,7.8,7.9,52	
3.0,3.1,8.1,8.2,23	
3.0,3.1,8.9,9.0,4	
3.0,3.1,9.2,9.3,2	
3.1,3.2,-1.0,-0.9,17465	
3.1,3.2,-1.8,-1.7,16620	
3.1,3.2,-2.1,-2.0,19002	
3.1,3.2,-2.9,-2.8,23833	
3.1,3.2,-3.2,-3.1,23200	
3.1,3.2,-4.3,-4.2,9512	
3.1,3.2,-5.4,-5.3,1292	
3.1,3.2,-6.5,-6.4,208	
3.1,3.2,-0.7,-0.6,20012	
3.1,3.2,-7.6,-7.5,46	
3.1,3.2,-8.7,-8.6,3	
3.1,3.2,1.3,1.4,15686	
3.1,3.2,2.4,2.5,21663	
3.1,3.2,3.5,3.6,20534	
3.1,3.2,0.4,0.5,22507	
3.1,3.2,4.6,4.7,6162	
3.1,3.2,5.7,5.8,702	
3.1,3.2,6.0,6.1,443	
3.1,3.2,6.8,6.9,114	
3.1,3.2,7.1,7.2,97	
3.1,3.2,7.9,8.0,26	
3.1,3.2,8.2,8.3,17	
3.1,3.2,9.3,9.4,1	
3.2,3.3,-1.7,-1.6,15608	
3.2,3.3,-2.0,-1.9,18011	
3.2,3.3,-2.8,-2.7,23590	
3.2,3.3,-3.1,-3.0,23294	
3.2,3.3,-3.9,-3.8,14777	
3.2,3.3,-4.2,-4.1,10521	
3.2,3.3,-5.3,-5.2,1600	
3.2,3.3,-6.4,-6.3,161	
3.2,3.3,-7.5,-7.4,34	
3.2,3.3,-0.8,-0.7,19031	
3.2,3.3,-8.6,-8.5,5	
3.2,3.3,1.4,1.5,15291	
3.2,3.3,2.5,2.6,22072	
3.2,3.3,0.3,0.4,22964	
3.2,3.3,3.6,3.7,18673	
3.2,3.3,4.7,4.8,5146	
3.2,3.3,5.0,5.1,2961	
3.2,3.3,5.8,5.9,518	
3.2,3.3,6.1,6.2,280	
3.2,3.3,6.9,7.0,79	
3.2,3.3,7.2,7.3,67	
3.2,3.3,8.3,8.4,8	
3.3,3.4,-0.1,0.0,23382	
3.3,3.4,-1.6,-1.5,15083	
3.3,3.4,-2.7,-2.6,22215	
3.3,3.4,-3.0,-2.9,22738	
3.3,3.4,-3.8,-3.7,15750	
3.3,3.4,-4.1,-4.0,11611	
3.3,3.4,-4.9,-4.8,3371	
3.3,3.4,-5.2,-5.1,1911	
3.3,3.4,-6.3,-6.2,189	
3.3,3.4,-7.4,-7.3,42	
3.3,3.4,-8.5,-8.4,3	
3.3,3.4,-0.9,-0.8,17419	
3.3,3.4,-9.6,-9.5,1	
3.3,3.4,1.5,1.6,15031	
3.3,3.4,0.2,0.3,22954	
3.3,3.4,2.6,2.7,21885	
3.3,3.4,3.7,3.8,17168	
3.3,3.4,4.0,4.1,13126	
3.3,3.4,4.8,4.9,4205	
3.3,3.4,5.1,5.2,2328	
3.3,3.4,5.9,6.0,383	
3.3,3.4,6.2,6.3,238	
3.3,3.4,7.3,7.4,34	
3.3,3.4,8.4,8.5,4	
3.4,3.5,-1.5,-1.4,14591	
3.4,3.5,-0.2,-0.1,22366	
3.4,3.5,-2.6,-2.5,21078	
3.4,3.5,-3.7,-3.6,16571	
3.4,3.5,-4.0,-3.9,12420	
3.4,3.5,-4.8,-4.7,3834	
3.4,3.5,-5.1,-5.0,2227	
3.4,3.5,-5.9,-5.8,355	
3.4,3.5,-6.2,-6.1,158	
3.4,3.5,-7.3,-7.2,29	
3.4,3.5,-8.4,-8.3,8	
3.4,3.5,0.1,0.2,22584	
3.4,3.5,1.6,1.7,14404	
3.4,3.5,2.7,2.8,21327	
3.4,3.5,3.0,3.1,21695	
3.4,3.5,3.8,3.9,14916	
3.4,3.5,4.1,4.2,11020	
3.4,3.5,4.9,5.0,3315	
3.4,3.5,5.2,5.3,1716	
3.4,3.5,6.3,6.4,146	
3.4,3.5,7.4,7.5,14	
3.4,3.5,0.9,1.0,16827	
3.5,3.6,-1.4,-1.3,13763	
3.5,3.6,-2.5,-2.4,19461	
3.5,3.6,-0.3,-0.2,21110	
3.5,3.6,-3.6,-3.5,16735	
3.5,3.6,-4.7,-4.6,4359	
3.5,3.6,-5.0,-4.9,2478	
3.5,3.6,-5.8,-5.7,415	
3.5,3.6,-6.1,-6.0,174	
3.5,3.6,-6.9,-6.8,31	
3.5,3.6,-7.2,-7.1,19	
3.5,3.6,-8.3,-8.2,2	
3.5,3.6,0.0,0.1,44363	
3.5,3.6,1.7,1.8,14165	
3.5,3.6,2.0,2.1,15753	
3.5,3.6,2.8,2.9,20580	
3.5,3.6,3.1,3.2,20616	
3.5,3.6,3.9,4.0,13231	
3.5,3.6,4.2,4.3,9541	
3.5,3.6,5.3,5.4,1387	
3.5,3.6,6.4,6.5,106	
3.5,3.6,7.5,7.6,13	
3.5,3.6,0.8,0.9,17220	
3.5,3.6,8.6,8.7,1	
3.6,3.7,-1.3,-1.2,13148	
3.6,3.7,-2.4,-2.3,17731	
3.6,3.7,-3.5,-3.4,16643	
3.6,3.7,-0.4,-0.3,19692	
3.6,3.7,-4.6,-4.5,4924	
3.6,3.7,-5.7,-5.6,509	
3.6,3.7,-6.0,-5.9,231	
3.6,3.7,-6.8,-6.7,21	
3.6,3.7,-7.1,-7.0,15	
3.6,3.7,-7.9,-7.8,5	
3.6,3.7,-8.2,-8.1,1	
3.6,3.7,1.0,1.1,14904	
3.6,3.7,1.8,1.9,13753	
3.6,3.7,2.1,2.2,15916	
3.6,3.7,2.9,3.0,19629	
3.6,3.7,3.2,3.3,18972	
3.6,3.7,4.3,4.4,7958	
3.6,3.7,5.4,5.5,965	
3.6,3.7,6.5,6.6,62	
3.6,3.7,0.7,0.8,17342	
3.6,3.7,7.6,7.7,7	
3.6,3.7,8.7,8.8,1	
3.7,3.8,-1.2,-1.1,12982	
3.7,3.8,-2.3,-2.2,15807	
3.7,3.8,-3.4,-3.3,16434	
3.7,3.8,-4.5,-4.4,5354	
3.7,3.8,-0.5,-0.4,17891	
3.7,3.8,-5.6,-5.5,539	
3.7,3.8,-6.7,-6.6,31	
3.7,3.8,-7.0,-6.9,11	
3.7,3.8,-7.8,-7.7,5	
3.7,3.8,-8.1,-8.0,2	
3.7,3.8,1.1,1.2,13519	
3.7,3.8,1.9,2.0,13182	
3.7,3.8,2.2,2.3,15396	
3.7,3.8,3.3,3.4,17097	
3.7,3.8,4.4,4.5,6339	
3.7,3.8,5.5,5.6,689	
3.7,3.8,0.6,0.7,17368	
3.7,3.8,6.6,6.7,40	
3.7,3.8,7.7,7.8,5	
3.7,3.8,8.0,8.1,1	
3.8,3.9,-1.1,-1.0,12735	
3.8,3.9,-1.9,-1.8,12274	
3.8,3.9,-2.2,-2.1,14104	
3.8,3.9,-3.3,-3.2,15690	
3.8,3.9,-4.4,-4.3,5802	
3.8,3.9,-5.5,-5.4,641	
3.8,3.9,-0.6,-0.5,16553	
3.8,3.9,-6.6,-6.5,30	
3.8,3.9,-7.7,-7.6,3	
3.8,3.9,-8.0,-7.9,3	
3.8,3.9,1.2,1.3,12307	
3.8,3.9,2.3,2.4,14607	
3.8,3.9,3.4,3.5,14988	
3.8,3.9,4.5,4.6,4988	
3.8,3.9,0.5,0.6,17151	
3.8,3.9,5.6,5.7,455	
3.8,3.9,6.7,6.8,14	
3.8,3.9,7.0,7.1,9	
3.8,3.9,7.8,7.9,2	
3.8,3.9,9.2,9.3,1	
3.9,4.0,-1.0,-0.9,12548	
3.9,4.0,-1.8,-1.7,11165	
3.9,4.0,-2.1,-2.0,12373	
3.9,4.0,-2.9,-2.8,15315	
3.9,4.0,-3.2,-3.1,14882	
3.9,4.0,-4.3,-4.2,6163	
3.9,4.0,-5.4,-5.3,774	
3.9,4.0,-6.5,-6.4,37	
3.9,4.0,-0.7,-0.6,14827	
3.9,4.0,-7.6,-7.5,2	
3.9,4.0,1.3,1.4,11284	
3.9,4.0,2.4,2.5,13980	
3.9,4.0,3.5,3.6,13038	
3.9,4.0,0.4,0.5,16902	
3.9,4.0,4.6,4.7,3835	
3.9,4.0,5.7,5.8,343	
3.9,4.0,6.0,6.1,144	
3.9,4.0,6.8,6.9,17	
3.9,4.0,7.1,7.2,10	
3.9,4.0,7.9,8.0,1	
0.4,0.5,-10.2,-10.1,4	
0.4,0.5,-1.4,-1.3,7044	
0.4,0.5,-2.5,-2.4,20566	
0.4,0.5,-0.3,-0.2,1680	
0.4,0.5,-3.6,-3.5,19711	
0.4,0.5,-4.7,-4.6,14633	
0.4,0.5,-5.0,-4.9,16465	
0.4,0.5,-5.8,-5.7,21723	
0.4,0.5,-6.1,-6.0,21395	
0.4,0.5,-6.9,-6.8,13785	
0.4,0.5,-7.2,-7.1,9921	
0.4,0.5,-8.3,-8.2,1384	
0.4,0.5,-9.4,-9.3,62	
0.4,0.5,0.0,0.1,2913	
0.4,0.5,10.7,10.8,2	
0.4,0.5,1.7,1.8,10662	
0.4,0.5,2.0,2.1,14514	
0.4,0.5,2.8,2.9,22419	
0.4,0.5,3.1,3.2,22709	
0.4,0.5,3.9,4.0,17033	
0.4,0.5,4.2,4.3,14970	
0.4,0.5,5.3,5.4,18857	
0.4,0.5,6.4,6.5,19800	
0.4,0.5,7.5,7.6,6442	
0.4,0.5,0.8,0.9,3044	
0.4,0.5,8.6,8.7,589	
0.4,0.5,9.7,9.8,14	
4.0,4.1,-1.2,-1.1,10992	
4.0,4.1,-2.3,-2.2,12170	
4.0,4.1,-3.4,-3.3,12321	
4.0,4.1,-4.5,-4.4,3963	
4.0,4.1,-0.5,-0.4,15508	
4.0,4.1,-5.6,-5.5,409	
4.0,4.1,-6.7,-6.6,15	
4.0,4.1,-7.0,-6.9,4	
4.0,4.1,-7.8,-7.7,2	
4.0,4.1,-8.1,-8.0,2	
4.0,4.1,1.1,1.2,11471	
4.0,4.1,1.9,2.0,10511	
4.0,4.1,2.2,2.3,11798	
4.0,4.1,3.3,3.4,12981	
4.0,4.1,4.4,4.5,4821	
4.0,4.1,5.5,5.6,551	
4.0,4.1,0.6,0.7,14894	
4.0,4.1,6.6,6.7,12	
4.0,4.1,7.7,7.8,2	
4.0,4.1,8.8,8.9,1	
4.1,4.2,-1.1,-1.0,11021	
4.1,4.2,-1.9,-1.8,9602	
4.1,4.2,-2.2,-2.1,10683	
4.1,4.2,-3.3,-3.2,11654	
4.1,4.2,-4.4,-4.3,4243	
4.1,4.2,-5.5,-5.4,474	
4.1,4.2,-0.6,-0.5,14324	
4.1,4.2,-6.6,-6.5,18	
4.1,4.2,-7.7,-7.6,3	
4.1,4.2,-8.0,-7.9,1	
4.1,4.2,1.2,1.3,10266	
4.1,4.2,2.3,2.4,11234	
4.1,4.2,3.4,3.5,11255	
4.1,4.2,4.5,4.6,3653	
4.1,4.2,0.5,0.6,14976	
4.1,4.2,5.6,5.7,401	
4.1,4.2,6.7,6.8,15	
4.1,4.2,7.0,7.1,5	
4.1,4.2,7.8,7.9,1	
4.1,4.2,8.9,9.0,1	
4.2,4.3,-1.0,-0.9,10945	
4.2,4.3,-1.8,-1.7,8493	
4.2,4.3,-2.1,-2.0,9154	
4.2,4.3,-2.9,-2.8,11212	
4.2,4.3,-3.2,-3.1,10697	
4.2,4.3,-4.3,-4.2,4361	
4.2,4.3,-5.4,-5.3,500	
4.2,4.3,-6.5,-6.4,26	
4.2,4.3,-0.7,-0.6,13009	
4.2,4.3,-8.7,-8.6,1	
4.2,4.3,1.3,1.4,9171	
4.2,4.3,2.4,2.5,10160	
4.2,4.3,3.5,3.6,9362	
4.2,4.3,0.4,0.5,15033	
4.2,4.3,4.6,4.7,2745	
4.2,4.3,5.7,5.8,267	
4.2,4.3,6.0,6.1,104	
4.2,4.3,6.8,6.9,5	
4.2,4.3,7.1,7.2,4	
4.2,4.3,7.9,8.0,1	
4.3,4.4,-1.7,-1.6,7770	
4.3,4.4,-2.0,-1.9,7976	
4.3,4.4,-2.8,-2.7,9661	
4.3,4.4,-3.1,-3.0,9779	
4.3,4.4,-3.9,-3.8,6146	
4.3,4.4,-4.2,-4.1,4379	
4.3,4.4,-5.3,-5.2,609	
4.3,4.4,-6.4,-6.3,21	
4.3,4.4,-0.8,-0.7,11718	
4.3,4.4,1.4,1.5,8473	
4.3,4.4,2.5,2.6,9211	
4.3,4.4,0.3,0.4,15224	
4.3,4.4,3.6,3.7,7727	
4.3,4.4,4.7,4.8,2118	
4.3,4.4,5.0,5.1,1186	
4.3,4.4,5.8,5.9,172	
4.3,4.4,6.1,6.2,68	
4.3,4.4,6.9,7.0,3	
4.3,4.4,7.2,7.3,2	
4.3,4.4,8.3,8.4,1	
4.4,4.5,-0.1,0.0,15455	
4.4,4.5,-1.6,-1.5,7336	
4.4,4.5,-2.7,-2.6,8491	
4.4,4.5,-3.0,-2.9,8493	
4.4,4.5,-3.8,-3.7,5829	
4.4,4.5,-4.1,-4.0,4266	
4.4,4.5,-4.9,-4.8,1288	
4.4,4.5,-5.2,-5.1,697	
4.4,4.5,-6.3,-6.2,39	
4.4,4.5,-7.4,-7.3,2	
4.4,4.5,-0.9,-0.8,11095	
4.4,4.5,1.5,1.6,7559	
4.4,4.5,0.2,0.3,15193	
4.4,4.5,2.6,2.7,8242	
4.4,4.5,3.7,3.8,6384	
4.4,4.5,4.0,4.1,4757	
4.4,4.5,4.8,4.9,1506	
4.4,4.5,5.1,5.2,895	
4.4,4.5,5.9,6.0,105	
4.4,4.5,6.2,6.3,40	
4.4,4.5,7.3,7.4,1	
4.5,4.6,-1.5,-1.4,7214	
4.5,4.6,-0.2,-0.1,15267	
4.5,4.6,-2.6,-2.5,7252	
4.5,4.6,-3.7,-3.6,5418	
4.5,4.6,-4.0,-3.9,4057	
4.5,4.6,-4.8,-4.7,1313	
4.5,4.6,-5.1,-5.0,677	
4.5,4.6,-5.9,-5.8,80	
4.5,4.6,-6.2,-6.1,38	
4.5,4.6,0.1,0.2,15589	
4.5,4.6,1.6,1.7,6892	
4.5,4.6,2.7,2.8,7365	
4.5,4.6,3.0,3.1,7281	
4.5,4.6,3.8,3.9,5083	
4.5,4.6,4.1,4.2,3738	
4.5,4.6,4.9,5.0,1077	
4.5,4.6,5.2,5.3,586	
4.5,4.6,6.3,6.4,24	
4.5,4.6,7.4,7.5,1	
4.5,4.6,0.9,1.0,10633	
4.6,4.7,-1.4,-1.3,7306	
4.6,4.7,-2.5,-2.4,6184	
4.6,4.7,-0.3,-0.2,15008	
4.6,4.7,-3.6,-3.5,4959	
4.6,4.7,-4.7,-4.6,1362	
4.6,4.7,-5.0,-4.9,741	
4.6,4.7,-5.8,-5.7,95	
4.6,4.7,-6.1,-6.0,37	
4.6,4.7,-6.9,-6.8,1	
4.6,4.7,-7.2,-7.1,2	
4.6,4.7,0.0,0.1,31778	
4.6,4.7,1.7,1.8,6138	
4.6,4.7,2.0,2.1,5792	
4.6,4.7,2.8,2.9,6228	
4.6,4.7,3.1,3.2,6089	
4.6,4.7,3.9,4.0,4005	
4.6,4.7,4.2,4.3,2828	
4.6,4.7,5.3,5.4,366	
4.6,4.7,6.4,6.5,16	
4.6,4.7,7.5,7.6,2	
4.6,4.7,0.8,0.9,11512	
4.7,4.8,-1.3,-1.2,7843	
4.7,4.8,-2.4,-2.3,5244	
4.7,4.8,-3.5,-3.4,4534	
4.7,4.8,-0.4,-0.3,14924	
4.7,4.8,-4.6,-4.5,1330	
4.7,4.8,-5.7,-5.6,117	
4.7,4.8,-6.0,-5.9,50	
4.7,4.8,-6.8,-6.7,6	
4.7,4.8,-7.1,-7.0,1	
4.7,4.8,1.0,1.1,10178	
4.7,4.8,1.8,1.9,5621	
4.7,4.8,2.1,2.2,5094	
4.7,4.8,2.9,3.0,5184	
4.7,4.8,3.2,3.3,5155	
4.7,4.8,4.3,4.4,2043	
4.7,4.8,5.4,5.5,296	
4.7,4.8,6.5,6.6,16	
4.7,4.8,0.7,0.8,12674	
4.8,4.9,-1.2,-1.1,8386	
4.8,4.9,-2.3,-2.2,4545	
4.8,4.9,-3.4,-3.3,3942	
4.8,4.9,-4.5,-4.4,1251	
4.8,4.9,-0.5,-0.4,14256	
4.8,4.9,-5.6,-5.5,109	
4.8,4.9,-6.7,-6.6,5	
4.8,4.9,-7.0,-6.9,2	
4.8,4.9,1.1,1.2,9391	
4.8,4.9,1.9,2.0,5013	
4.8,4.9,2.2,2.3,4591	
4.8,4.9,3.3,3.4,4209	
4.8,4.9,4.4,4.5,1515	
4.8,4.9,5.5,5.6,151	
4.8,4.9,0.6,0.7,13936	
4.8,4.9,6.6,6.7,5	
4.9,5.0,-1.1,-1.0,9571	
4.9,5.0,-1.9,-1.8,4600	
4.9,5.0,-2.2,-2.1,4072	
4.9,5.0,-3.3,-3.2,3420	
4.9,5.0,-4.4,-4.3,1281	
4.9,5.0,-5.5,-5.4,148	
4.9,5.0,-0.6,-0.5,14259	
4.9,5.0,-6.6,-6.5,6	
4.9,5.0,1.2,1.3,8798	
4.9,5.0,2.3,2.4,3841	
4.9,5.0,3.4,3.5,3202	
4.9,5.0,4.5,4.6,1083	
4.9,5.0,0.5,0.6,14987	
4.9,5.0,5.6,5.7,88	
4.9,5.0,6.7,6.8,4	
0.5,0.6,-10.3,-10.2,1	
0.5,0.6,-1.3,-1.2,5951	
0.5,0.6,-2.4,-2.3,18799	
0.5,0.6,-3.5,-3.4,19894	
0.5,0.6,-0.4,-0.3,2017	
0.5,0.6,-4.6,-4.5,13959	
0.5,0.6,-5.7,-5.6,20437	
0.5,0.6,-6.0,-5.9,20824	
0.5,0.6,-6.8,-6.7,14461	
0.5,0.6,-7.1,-7.0,10675	
0.5,0.6,-7.9,-7.8,3085	
0.5,0.6,-8.2,-8.1,1655	
0.5,0.6,-9.3,-9.2,90	
0.5,0.6,1.0,1.1,4003	
0.5,0.6,10.6,10.7,2	
0.5,0.6,1.8,1.9,11347	
0.5,0.6,2.1,2.2,15256	
0.5,0.6,2.9,3.0,21849	
0.5,0.6,3.2,3.3,21592	
0.5,0.6,4.3,4.4,13809	
0.5,0.6,5.4,5.5,18699	
0.5,0.6,6.5,6.6,17557	
0.5,0.6,0.7,0.8,2651	
0.5,0.6,7.6,7.7,5281	
0.5,0.6,8.7,8.8,493	
0.5,0.6,9.0,9.1,194	
0.5,0.6,9.8,9.9,7	
5.0,5.1,-1.3,-1.2,8228	
5.0,5.1,-2.4,-2.3,3454	
5.0,5.1,-3.5,-3.4,2577	
5.0,5.1,-0.4,-0.3,16448	
5.0,5.1,-4.6,-4.5,731	
5.0,5.1,-5.7,-5.6,66	
5.0,5.1,-6.0,-5.9,19	
5.0,5.1,-6.8,-6.7,1	
5.0,5.1,1.0,1.1,10920	
5.0,5.1,1.8,1.9,4776	
5.0,5.1,2.1,2.2,3803	
5.0,5.1,2.9,3.0,3235	
5.0,5.1,3.2,3.3,3001	
5.0,5.1,4.3,4.4,1142	
5.0,5.1,5.4,5.5,153	
5.0,5.1,6.5,6.6,4	
5.0,5.1,0.7,0.8,13871	
5.1,5.2,-1.2,-1.1,9199	
5.1,5.2,-2.3,-2.2,3090	
5.1,5.2,-3.4,-3.3,2125	
5.1,5.2,-4.5,-4.4,748	
5.1,5.2,-0.5,-0.4,16598	
5.1,5.2,-5.6,-5.5,64	
5.1,5.2,-6.7,-6.6,2	
5.1,5.2,-7.0,-6.9,1	
5.1,5.2,1.1,1.2,10368	
5.1,5.2,1.9,2.0,4044	
5.1,5.2,2.2,2.3,3256	
5.1,5.2,3.3,3.4,2287	
5.1,5.2,4.4,4.5,867	
5.1,5.2,5.5,5.6,91	
5.1,5.2,0.6,0.7,15615	
5.1,5.2,6.6,6.7,4	
5.2,5.3,-1.1,-1.0,10640	
5.2,5.3,-1.9,-1.8,4064	
5.2,5.3,-2.2,-2.1,3049	
5.2,5.3,-3.3,-3.2,1926	
5.2,5.3,-4.4,-4.3,659	
5.2,5.3,-5.5,-5.4,75	
5.2,5.3,-0.6,-0.5,16215	
5.2,5.3,-6.6,-6.5,2	
5.2,5.3,1.2,1.3,9451	
5.2,5.3,2.3,2.4,2847	
5.2,5.3,3.4,3.5,1712	
5.2,5.3,4.5,4.6,595	
5.2,5.3,0.5,0.6,17372	
5.2,5.3,5.6,5.7,48	
5.2,5.3,6.7,6.8,6	
5.3,5.4,-1.0,-0.9,12211	
5.3,5.4,-1.8,-1.7,4632	
5.3,5.4,-2.1,-2.0,3093	
5.3,5.4,-2.9,-2.8,1747	
5.3,5.4,-3.2,-3.1,1598	
5.3,5.4,-4.3,-4.2,634	
5.3,5.4,-5.4,-5.3,75	
5.3,5.4,-6.5,-6.4,6	
5.3,5.4,-0.7,-0.6,15945	
5.3,5.4,1.3,1.4,8799	
5.3,5.4,2.4,2.5,2317	
5.3,5.4,3.5,3.6,1316	
5.3,5.4,0.4,0.5,18836	
5.3,5.4,4.6,4.7,383	
5.3,5.4,5.7,5.8,28	
5.3,5.4,6.0,6.1,17	
5.4,5.5,-1.7,-1.6,5242	
5.4,5.5,-2.0,-1.9,3445	
5.4,5.5,-2.8,-2.7,1539	
5.4,5.5,-3.1,-3.0,1353	
5.4,5.5,-3.9,-3.8,753	
5.4,5.5,-4.2,-4.1,537	
5.4,5.5,-5.3,-5.2,77	
5.4,5.5,-6.4,-6.3,1	
5.4,5.5,-0.8,-0.7,15215	
5.4,5.5,1.4,1.5,7907	
5.4,5.5,2.5,2.6,1907	
5.4,5.5,0.3,0.4,20410	
5.4,5.5,3.6,3.7,1013	
5.4,5.5,4.7,4.8,266	
5.4,5.5,5.0,5.1,143	
5.4,5.5,5.8,5.9,29	
5.4,5.5,6.1,6.2,10	
5.5,5.6,-0.1,0.0,22262	
5.5,5.6,-1.6,-1.5,6118	
5.5,5.6,-2.7,-2.6,1418	
5.5,5.6,-3.0,-2.9,1086	
5.5,5.6,-3.8,-3.7,656	
5.5,5.6,-4.1,-4.0,475	
5.5,5.6,-4.9,-4.8,138	
5.5,5.6,-5.2,-5.1,65	
5.5,5.6,-6.3,-6.2,6	
5.5,5.6,-0.9,-0.8,14481	
5.5,5.6,1.5,1.6,7043	
5.5,5.6,0.2,0.3,21955	
5.5,5.6,2.6,2.7,1575	
5.5,5.6,3.7,3.8,714	
5.5,5.6,4.0,4.1,549	
5.5,5.6,4.8,4.9,175	
5.5,5.6,5.1,5.2,83	
5.5,5.6,5.9,6.0,8	
5.5,5.6,6.2,6.3,3	
5.6,5.7,-1.5,-1.4,7109	
5.6,5.7,-0.2,-0.1,22460	
5.6,5.7,-2.6,-2.5,1314	
5.6,5.7,-3.7,-3.6,568	
5.6,5.7,-4.0,-3.9,418	
5.6,5.7,-4.8,-4.7,132	
5.6,5.7,-5.1,-5.0,64	
5.6,5.7,-5.9,-5.8,8	
5.6,5.7,-6.2,-6.1,5	
5.6,5.7,0.1,0.2,22633	
5.6,5.7,1.6,1.7,6100	
5.6,5.7,2.7,2.8,1224	
5.6,5.7,3.0,3.1,960	
5.6,5.7,3.8,3.9,517	
5.6,5.7,4.1,4.2,363	
5.6,5.7,4.9,5.0,92	
5.6,5.7,5.2,5.3,47	
5.6,5.7,6.3,6.4,1	
5.6,5.7,7.4,7.5,1	
5.6,5.7,0.9,1.0,14977	
5.7,5.8,-1.4,-1.3,8638	
5.7,5.8,-2.5,-2.4,1412	
5.7,5.8,-0.3,-0.2,22149	
5.7,5.8,-3.6,-3.5,460	
5.7,5.8,-4.7,-4.6,114	
5.7,5.8,-5.0,-4.9,69	
5.7,5.8,-5.8,-5.7,7	
5.7,5.8,-6.1,-6.0,6	
5.7,5.8,0.0,0.1,47361	
5.7,5.8,1.7,1.8,5496	
5.7,5.8,2.0,2.1,3215	
5.7,5.8,2.8,2.9,917	
5.7,5.8,3.1,3.2,724	
5.7,5.8,3.9,4.0,338	
5.7,5.8,4.2,4.3,239	
5.7,5.8,5.3,5.4,28	
5.7,5.8,6.4,6.5,3	
5.7,5.8,0.8,0.9,16517	
5.8,5.9,-1.3,-1.2,9682	
5.8,5.9,-2.4,-2.3,1542	
5.8,5.9,-3.5,-3.4,392	
5.8,5.9,-0.4,-0.3,21876	
5.8,5.9,-4.6,-4.5,77	
5.8,5.9,-5.7,-5.6,8	
5.8,5.9,-6.0,-5.9,6	
5.8,5.9,1.0,1.1,13960	
5.8,5.9,1.8,1.9,4493	
5.8,5.9,2.1,2.2,2732	
5.8,5.9,2.9,3.0,734	
5.8,5.9,3.2,3.3,508	
5.8,5.9,4.3,4.4,178	
5.8,5.9,5.4,5.5,22	
5.8,5.9,0.7,0.8,18252	
5.9,6.0,-1.2,-1.1,11073	
5.9,6.0,-2.3,-2.2,1707	
5.9,6.0,-3.4,-3.3,363	
5.9,6.0,-4.5,-4.4,87	
5.9,6.0,-0.5,-0.4,20692	
5.9,6.0,-5.6,-5.5,8	
5.9,6.0,1.1,1.2,12481	
5.9,6.0,1.9,2.0,3938	
5.9,6.0,2.2,2.3,2137	
5.9,6.0,3.3,3.4,423	
5.9,6.0,4.4,4.5,108	
5.9,6.0,5.5,5.6,14	
5.9,6.0,0.6,0.7,19528	
0.6,0.7,-1.2,-1.1,5273	
0.6,0.7,-2.3,-2.2,16669	
0.6,0.7,-3.4,-3.3,19574	
0.6,0.7,-4.5,-4.4,12879	
0.6,0.7,-0.5,-0.4,2386	
0.6,0.7,-5.6,-5.5,18758	
0.6,0.7,-6.7,-6.6,14652	
0.6,0.7,-7.0,-6.9,11326	
0.6,0.7,-7.8,-7.7,3513	
0.6,0.7,-8.1,-8.0,1924	
0.6,0.7,-8.9,-8.8,238	
0.6,0.7,-9.2,-9.1,124	
0.6,0.7,1.1,1.2,4642	
0.6,0.7,1.9,2.0,12135	
0.6,0.7,2.2,2.3,15936	
0.6,0.7,3.3,3.4,20080	
0.6,0.7,4.4,4.5,13180	
0.6,0.7,5.5,5.6,18198	
0.6,0.7,0.6,0.7,2584	
0.6,0.7,6.6,6.7,15773	
0.6,0.7,7.7,7.8,4141	
0.6,0.7,8.0,8.1,2316	
0.6,0.7,8.8,8.9,305	
0.6,0.7,9.1,9.2,137	
0.6,0.7,9.9,10.0,9	
6.0,6.1,-1.4,-1.3,8487	
6.0,6.1,-2.5,-2.4,1183	
6.0,6.1,-0.3,-0.2,22742	
6.0,6.1,-3.6,-3.5,224	
6.0,6.1,-4.7,-4.6,39	
6.0,6.1,-5.0,-4.9,21	
6.0,6.1,-5.8,-5.7,4	
6.0,6.1,-6.1,-6.0,3	
6.0,6.1,0.0,0.1,47693	
6.0,6.1,1.7,1.8,5319	
6.0,6.1,2.0,2.1,3054	
6.0,6.1,2.8,2.9,652	
6.0,6.1,3.1,3.2,397	
6.0,6.1,3.9,4.0,153	
6.0,6.1,4.2,4.3,89	
6.0,6.1,5.3,5.4,19	
6.0,6.1,0.8,0.9,16854	
6.1,6.2,-1.3,-1.2,9544	
6.1,6.2,-2.4,-2.3,1310	
6.1,6.2,-3.5,-3.4,211	
6.1,6.2,-0.4,-0.3,21344	
6.1,6.2,-4.6,-4.5,35	
6.1,6.2,-5.7,-5.6,2	
6.1,6.2,-6.0,-5.9,2	
6.1,6.2,1.0,1.1,13841	
6.1,6.2,1.8,1.9,4350	
6.1,6.2,2.1,2.2,2463	
6.1,6.2,2.9,3.0,468	
6.1,6.2,3.2,3.3,276	
6.1,6.2,4.3,4.4,80	
6.1,6.2,5.4,5.5,9	
6.1,6.2,0.7,0.8,17953	
6.2,6.3,-1.2,-1.1,10702	
6.2,6.3,-2.3,-2.2,1529	
6.2,6.3,-3.4,-3.3,158	
6.2,6.3,-4.5,-4.4,35	
6.2,6.3,-0.5,-0.4,20086	
6.2,6.3,-5.6,-5.5,3	
6.2,6.3,1.1,1.2,12118	
6.2,6.3,1.9,2.0,3561	
6.2,6.3,2.2,2.3,1964	
6.2,6.3,3.3,3.4,200	
6.2,6.3,4.4,4.5,41	
6.2,6.3,5.5,5.6,8	
6.2,6.3,0.6,0.7,18782	
6.3,6.4,-1.1,-1.0,11720	
6.3,6.4,-1.9,-1.8,3450	
6.3,6.4,-2.2,-2.1,1809	
6.3,6.4,-3.3,-3.2,179	
6.3,6.4,-4.4,-4.3,41	
6.3,6.4,-5.5,-5.4,4	
6.3,6.4,-0.6,-0.5,18306	
6.3,6.4,1.2,1.3,10460	
6.3,6.4,2.3,2.4,1432	
6.3,6.4,3.4,3.5,123	
6.3,6.4,4.5,4.6,27	
6.3,6.4,0.5,0.6,19281	
6.4,6.5,-1.0,-0.9,12572	
6.4,6.5,-1.8,-1.7,3863	
6.4,6.5,-2.1,-2.0,2231	
6.4,6.5,-2.9,-2.8,356	
6.4,6.5,-3.2,-3.1,182	
6.4,6.5,-4.3,-4.2,26	
6.4,6.5,-5.4,-5.3,5	
6.4,6.5,-0.7,-0.6,16326	
6.4,6.5,1.3,1.4,8680	
6.4,6.5,2.4,2.5,1137	
6.4,6.5,3.5,3.6,104	
6.4,6.5,0.4,0.5,19446	
6.4,6.5,4.6,4.7,14	
6.4,6.5,5.7,5.8,1	
6.5,6.6,-1.7,-1.6,4325	
6.5,6.6,-2.0,-1.9,2507	
6.5,6.6,-2.8,-2.7,393	
6.5,6.6,-3.1,-3.0,201	
6.5,6.6,-3.9,-3.8,37	
6.5,6.6,-4.2,-4.1,20	
6.5,6.6,-5.3,-5.2,3	
6.5,6.6,-0.8,-0.7,14262	
6.5,6.6,1.4,1.5,7145	
6.5,6.6,2.5,2.6,828	
6.5,6.6,0.3,0.4,19271	
6.5,6.6,3.6,3.7,76	
6.5,6.6,4.7,4.8,13	
6.5,6.6,5.0,5.1,5	
6.5,6.6,5.8,5.9,1	
6.6,6.7,-0.1,0.0,19134	
6.6,6.7,-1.6,-1.5,4881	
6.6,6.7,-2.7,-2.6,472	
6.6,6.7,-3.0,-2.9,180	
6.6,6.7,-3.8,-3.7,30	
6.6,6.7,-4.1,-4.0,12	
6.6,6.7,-4.9,-4.8,6	
6.6,6.7,-5.2,-5.1,2	
6.6,6.7,-0.9,-0.8,12258	
6.6,6.7,1.5,1.6,5778	
6.6,6.7,0.2,0.3,18917	
6.6,6.7,2.6,2.7,611	
6.6,6.7,3.7,3.8,35	
6.6,6.7,4.0,4.1,31	
6.6,6.7,4.8,4.9,6	
6.6,6.7,5.1,5.2,1	
6.7,6.8,-1.5,-1.4,5324	
6.7,6.8,-0.2,-0.1,17649	
6.7,6.8,-2.6,-2.5,517	
6.7,6.8,-3.7,-3.6,40	
6.7,6.8,-4.0,-3.9,24	
6.7,6.8,-4.8,-4.7,6	
6.7,6.8,-5.1,-5.0,2	
6.7,6.8,0.1,0.2,17984	
6.7,6.8,1.6,1.7,4664	
6.7,6.8,2.7,2.8,387	
6.7,6.8,3.0,3.1,186	
6.7,6.8,3.8,3.9,24	
6.7,6.8,4.1,4.2,15	
6.7,6.8,4.9,5.0,7	
6.7,6.8,5.2,5.3,1	
6.7,6.8,0.9,1.0,11556	
6.8,6.9,-1.4,-1.3,5785	
6.8,6.9,-2.5,-2.4,677	
6.8,6.9,-0.3,-0.2,15775	
6.8,6.9,-3.6,-3.5,37	
6.8,6.9,-4.7,-4.6,5	
6.8,6.9,-5.0,-4.9,1	
6.8,6.9,-5.8,-5.7,1	
6.8,6.9,0.0,0.1,33418	
6.8,6.9,1.7,1.8,3612	
6.8,6.9,2.0,2.1,2070	
6.8,6.9,2.8,2.9,320	
6.8,6.9,3.1,3.2,131	
6.8,6.9,3.9,4.0,19	
6.8,6.9,4.2,4.3,9	
6.8,6.9,5.3,5.4,4	
6.8,6.9,0.8,0.9,11570	
6.9,7.0,-1.3,-1.2,5985	
6.9,7.0,-2.4,-2.3,788	
6.9,7.0,-3.5,-3.4,40	
6.9,7.0,-0.4,-0.3,13811	
6.9,7.0,-4.6,-4.5,1	
6.9,7.0,-5.7,-5.6,1	
6.9,7.0,1.0,1.1,8867	
6.9,7.0,1.8,1.9,2662	
6.9,7.0,2.1,2.2,1489	
6.9,7.0,2.9,3.0,190	
6.9,7.0,3.2,3.3,83	
6.9,7.0,4.3,4.4,5	
6.9,7.0,0.7,0.8,11388	
0.7,0.8,-1.1,-1.0,4549	
0.7,0.8,-1.9,-1.8,11791	
0.7,0.8,-2.2,-2.1,15133	
0.7,0.8,-3.3,-3.2,19278	
0.7,0.8,-4.4,-4.3,12373	
0.7,0.8,-5.5,-5.4,17194	
0.7,0.8,-0.6,-0.5,2849	
0.7,0.8,-6.6,-6.5,14853	
0.7,0.8,-7.7,-7.6,3860	
0.7,0.8,-8.0,-7.9,2230	
0.7,0.8,-8.8,-8.7,304	
0.7,0.8,-9.1,-9.0,128	
0.7,0.8,-9.9,-9.8,7	
0.7,0.8,1.2,1.3,5190	
0.7,0.8,2.3,2.4,16381	
0.7,0.8,3.4,3.5,18874	
0.7,0.8,4.5,4.6,12285	
0.7,0.8,0.5,0.6,2639	
0.7,0.8,5.6,5.7,17591	
0.7,0.8,6.7,6.8,13531	
0.7,0.8,7.0,7.1,10256	
0.7,0.8,7.8,7.9,3239	
0.7,0.8,8.1,8.2,1813	
0.7,0.8,8.9,9.0,230	
0.7,0.8,9.2,9.3,81	
7.0,7.1,-1.5,-1.4,4146	
7.0,7.1,-0.2,-0.1,13488	
7.0,7.1,-2.6,-2.5,416	
7.0,7.1,-3.7,-3.6,20	
7.0,7.1,-4.0,-3.9,7	
7.0,7.1,-4.8,-4.7,1	
7.0,7.1,-5.1,-5.0,1	
7.0,7.1,0.1,0.2,13748	
7.0,7.1,1.6,1.7,3630	
7.0,7.1,2.7,2.8,341	
7.0,7.1,3.0,3.1,149	
7.0,7.1,3.8,3.9,14	
7.0,7.1,4.1,4.2,5	
7.0,7.1,4.9,5.0,2	
7.0,7.1,5.2,5.3,1	
7.0,7.1,0.9,1.0,8770	
7.1,7.2,-1.4,-1.3,4312	
7.1,7.2,-2.5,-2.4,470	
7.1,7.2,-0.3,-0.2,11589	
7.1,7.2,-3.6,-3.5,19	
7.1,7.2,-4.7,-4.6,1	
7.1,7.2,-5.0,-4.9,1	
7.1,7.2,0.0,0.1,24547	
7.1,7.2,1.7,1.8,2711	
7.1,7.2,2.0,2.1,1463	
7.1,7.2,2.8,2.9,240	
7.1,7.2,3.1,3.2,86	
7.1,7.2,3.9,4.0,3	
7.1,7.2,4.2,4.3,1	
7.1,7.2,0.8,0.9,8524	
7.2,7.3,-1.3,-1.2,4349	
7.2,7.3,-2.4,-2.3,510	
7.2,7.3,-3.5,-3.4,23	
7.2,7.3,-0.4,-0.3,9754	
7.2,7.3,-4.6,-4.5,2	
7.2,7.3,1.0,1.1,6382	
7.2,7.3,1.8,1.9,2003	
7.2,7.3,2.1,2.2,1078	
7.2,7.3,2.9,3.0,136	
7.2,7.3,3.2,3.3,53	
7.2,7.3,4.3,4.4,2	
7.2,7.3,0.7,0.8,8284	
7.3,7.4,-1.2,-1.1,4441	
7.3,7.4,-2.3,-2.2,624	
7.3,7.4,-3.4,-3.3,26	
7.3,7.4,-4.5,-4.4,1	
7.3,7.4,-0.5,-0.4,8201	
7.3,7.4,1.1,1.2,4839	
7.3,7.4,1.9,2.0,1430	
7.3,7.4,2.2,2.3,756	
7.3,7.4,3.3,3.4,41	
7.3,7.4,0.6,0.7,7838	
7.4,7.5,-1.1,-1.0,4507	
7.4,7.5,-1.9,-1.8,1226	
7.4,7.5,-2.2,-2.1,671	
7.4,7.5,-3.3,-3.2,33	
7.4,7.5,-4.4,-4.3,1	
7.4,7.5,-0.6,-0.5,6790	
7.4,7.5,1.2,1.3,3836	
7.4,7.5,2.3,2.4,524	
7.4,7.5,3.4,3.5,25	
7.4,7.5,0.5,0.6,7021	
7.5,7.6,-1.0,-0.9,4251	
7.5,7.6,-1.8,-1.7,1277	
7.5,7.6,-2.1,-2.0,721	
7.5,7.6,-2.9,-2.8,84	
7.5,7.6,-3.2,-3.1,33	
7.5,7.6,-4.3,-4.2,3	
7.5,7.6,-0.7,-0.6,5269	
7.5,7.6,1.3,1.4,2886	
7.5,7.6,2.4,2.5,366	
7.5,7.6,3.5,3.6,11	
7.5,7.6,0.4,0.5,6486	
7.5,7.6,4.6,4.7,1	
7.6,7.7,-1.7,-1.6,1342	
7.6,7.7,-2.0,-1.9,753	
7.6,7.7,-2.8,-2.7,99	
7.6,7.7,-3.1,-3.0,34	
7.6,7.7,-3.9,-3.8,3	
7.6,7.7,-4.2,-4.1,1	
7.6,7.7,-0.8,-0.7,4322	
7.6,7.7,1.4,1.5,2085	
7.6,7.7,2.5,2.6,236	
7.6,7.7,0.3,0.4,5807	
7.6,7.7,3.6,3.7,12	
7.6,7.7,5.0,5.1,1	
7.7,7.8,-0.1,0.0,5053	
7.7,7.8,-1.6,-1.5,1356	
7.7,7.8,-2.7,-2.6,105	
7.7,7.8,-3.0,-2.9,48	
7.7,7.8,-3.8,-3.7,4	
7.7,7.8,-0.9,-0.8,3331	
7.7,7.8,1.5,1.6,1506	
7.7,7.8,0.2,0.3,4986	
7.7,7.8,2.6,2.7,167	
7.7,7.8,3.7,3.8,8	
7.7,7.8,4.0,4.1,2	
7.8,7.9,-1.5,-1.4,1291	
7.8,7.9,-0.2,-0.1,4113	
7.8,7.9,-2.6,-2.5,134	
7.8,7.9,-3.7,-3.6,3	
7.8,7.9,0.1,0.2,4218	
7.8,7.9,1.6,1.7,1128	
7.8,7.9,2.7,2.8,89	
7.8,7.9,3.0,3.1,43	
7.8,7.9,0.9,1.0,2703	
7.9,8.0,-1.4,-1.3,1260	
7.9,8.0,-2.5,-2.4,126	
7.9,8.0,-0.3,-0.2,3347	
7.9,8.0,-3.6,-3.5,6	
7.9,8.0,0.0,0.1,7189	
7.9,8.0,1.7,1.8,722	
7.9,8.0,2.0,2.1,426	
7.9,8.0,2.8,2.9,69	
7.9,8.0,3.1,3.2,22	
7.9,8.0,3.9,4.0,1	
7.9,8.0,0.8,0.9,2475	
0.8,0.9,-1.0,-0.9,4200	
0.8,0.9,-1.8,-1.7,10141	
0.8,0.9,-2.1,-2.0,13670	
0.8,0.9,-2.9,-2.8,19154	
0.8,0.9,-3.2,-3.1,18808	
0.8,0.9,-4.3,-4.2,11793	
0.8,0.9,-5.4,-5.3,15437	
0.8,0.9,-6.5,-6.4,14439	
0.8,0.9,-0.7,-0.6,3296	
0.8,0.9,-7.6,-7.5,4348	
0.8,0.9,-8.7,-8.6,393	
0.8,0.9,-9.0,-8.9,148	
0.8,0.9,-9.8,-9.7,8	
0.8,0.9,10.3,10.4,1	
0.8,0.9,1.3,1.4,5773	
0.8,0.9,2.4,2.5,16520	
0.8,0.9,3.5,3.6,17240	
0.8,0.9,0.4,0.5,2934	
0.8,0.9,4.6,4.7,11581	
0.8,0.9,5.7,5.8,16645	
0.8,0.9,6.0,6.1,16861	
0.8,0.9,6.8,6.9,11611	
0.8,0.9,7.1,7.2,8769	
0.8,0.9,7.9,8.0,2433	
0.8,0.9,8.2,8.3,1332	
0.8,0.9,9.3,9.4,56	
8.0,8.1,-0.1,0.0,2842	
8.0,8.1,-1.6,-1.5,765	
8.0,8.1,-2.7,-2.6,68	
8.0,8.1,-3.0,-2.9,27	
8.0,8.1,-3.8,-3.7,3	
8.0,8.1,-0.9,-0.8,1932	
8.0,8.1,1.5,1.6,887	
8.0,8.1,0.2,0.3,2755	
8.0,8.1,2.6,2.7,82	
8.0,8.1,3.7,3.8,1	
8.0,8.1,4.0,4.1,2	
8.0,8.1,4.8,4.9,1	
8.1,8.2,-1.5,-1.4,718	
8.1,8.2,-0.2,-0.1,2208	
8.1,8.2,-2.6,-2.5,75	
8.1,8.2,-3.7,-3.6,1	
8.1,8.2,0.1,0.2,2279	
8.1,8.2,1.6,1.7,587	
8.1,8.2,2.7,2.8,48	
8.1,8.2,3.0,3.1,14	
8.1,8.2,3.8,3.9,1	
8.1,8.2,4.1,4.2,1	
8.1,8.2,0.9,1.0,1449	
8.2,8.3,-1.4,-1.3,665	
8.2,8.3,-2.5,-2.4,76	
8.2,8.3,-0.3,-0.2,1783	
8.2,8.3,-3.6,-3.5,3	
8.2,8.3,0.0,0.1,3793	
8.2,8.3,1.7,1.8,427	
8.2,8.3,2.0,2.1,221	
8.2,8.3,2.8,2.9,38	
8.2,8.3,3.1,3.2,19	
8.2,8.3,0.8,0.9,1386	
8.3,8.4,-1.3,-1.2,656	
8.3,8.4,-2.4,-2.3,73	
8.3,8.4,-3.5,-3.4,3	
8.3,8.4,-0.4,-0.3,1349	
8.3,8.4,1.0,1.1,860	
8.3,8.4,1.8,1.9,313	
8.3,8.4,2.1,2.2,149	
8.3,8.4,2.9,3.0,23	
8.3,8.4,3.2,3.3,9	
8.3,8.4,0.7,0.8,1126	
8.4,8.5,-1.2,-1.1,553	
8.4,8.5,-2.3,-2.2,76	
8.4,8.5,-3.4,-3.3,1	
8.4,8.5,-0.5,-0.4,1006	
8.4,8.5,1.1,1.2,613	
8.4,8.5,1.9,2.0,148	
8.4,8.5,2.2,2.3,92	
8.4,8.5,3.3,3.4,3	
8.4,8.5,0.6,0.7,956	
8.5,8.6,-1.1,-1.0,469	
8.5,8.6,-1.9,-1.8,146	
8.5,8.6,-2.2,-2.1,67	
8.5,8.6,-3.3,-3.2,6	
8.5,8.6,-0.6,-0.5,795	
8.5,8.6,1.2,1.3,433	
8.5,8.6,2.3,2.4,60	
8.5,8.6,3.4,3.5,1	
8.5,8.6,0.5,0.6,798	
8.6,8.7,-1.0,-0.9,412	
8.6,8.7,-1.8,-1.7,133	
8.6,8.7,-2.1,-2.0,64	
8.6,8.7,-2.9,-2.8,11	
8.6,8.7,-3.2,-3.1,3	
8.6,8.7,-0.7,-0.6,516	
8.6,8.7,1.3,1.4,309	
8.6,8.7,2.4,2.5,34	
8.6,8.7,3.5,3.6,1	
8.6,8.7,0.4,0.5,648	
8.7,8.8,-1.7,-1.6,132	
8.7,8.8,-2.0,-1.9,68	
8.7,8.8,-2.8,-2.7,5	
8.7,8.8,-3.1,-3.0,2	
8.7,8.8,-0.8,-0.7,374	
8.7,8.8,1.4,1.5,192	
8.7,8.8,2.5,2.6,27	
8.7,8.8,0.3,0.4,512	
8.8,8.9,-0.1,0.0,457	
8.8,8.9,-1.6,-1.5,113	
8.8,8.9,-2.7,-2.6,8	
8.8,8.9,-3.0,-2.9,2	
8.8,8.9,-3.8,-3.7,1	
8.8,8.9,-0.9,-0.8,269	
8.8,8.9,1.5,1.6,124	
8.8,8.9,0.2,0.3,380	
8.8,8.9,2.6,2.7,8	
8.9,9.0,-1.5,-1.4,90	
8.9,9.0,-0.2,-0.1,294	
8.9,9.0,-2.6,-2.5,14	
8.9,9.0,0.1,0.2,311	
8.9,9.0,1.6,1.7,65	
8.9,9.0,2.7,2.8,3	
8.9,9.0,3.0,3.1,3	
8.9,9.0,0.9,1.0,217	
0.9,1.0,-1.7,-1.6,8833	
0.9,1.0,-2.0,-1.9,11907	
0.9,1.0,-2.8,-2.7,18026	
0.9,1.0,-3.1,-3.0,18162	
0.9,1.0,-3.9,-3.8,13413	
0.9,1.0,-4.2,-4.1,11667	
0.9,1.0,-5.3,-5.2,13432	
0.9,1.0,-6.4,-6.3,13663	
0.9,1.0,-7.5,-7.4,4545	
0.9,1.0,-0.8,-0.7,3807	
0.9,1.0,-8.6,-8.5,485	
0.9,1.0,-9.7,-9.6,15	
0.9,1.0,10.2,10.3,3	
0.9,1.0,1.4,1.5,6477	
0.9,1.0,2.5,2.6,16400	
0.9,1.0,0.3,0.4,3392	
0.9,1.0,3.6,3.7,15699	
0.9,1.0,4.7,4.8,10913	
0.9,1.0,5.0,5.1,11889	
0.9,1.0,5.8,5.9,15417	
0.9,1.0,6.1,6.2,14850	
0.9,1.0,6.9,7.0,9594	
0.9,1.0,7.2,7.3,6969	
0.9,1.0,8.3,8.4,994	
0.9,1.0,9.4,9.5,42	
9.0,9.1,-1.7,-1.6,52	
9.0,9.1,-2.0,-1.9,28	
9.0,9.1,-2.8,-2.7,1	
9.0,9.1,-3.1,-3.0,1	
9.0,9.1,-0.8,-0.7,172	
9.0,9.1,1.4,1.5,86	
9.0,9.1,2.5,2.6,7	
9.0,9.1,0.3,0.4,202	
9.1,9.2,-0.1,0.0,155	
9.1,9.2,-1.6,-1.5,34	
9.1,9.2,-2.7,-2.6,3	
9.1,9.2,-0.9,-0.8,103	
9.1,9.2,1.5,1.6,49	
9.1,9.2,0.2,0.3,165	
9.1,9.2,2.6,2.7,6	
9.2,9.3,-1.5,-1.4,31	
9.2,9.3,-0.2,-0.1,127	
9.2,9.3,-2.6,-2.5,4	
9.2,9.3,-4.0,-3.9,1	
9.2,9.3,0.1,0.2,126	
9.2,9.3,1.6,1.7,29	
9.2,9.3,2.7,2.8,4	
9.2,9.3,3.0,3.1,1	
9.2,9.3,0.9,1.0,70	
9.3,9.4,-1.4,-1.3,31	
9.3,9.4,-2.5,-2.4,5	
9.3,9.4,-0.3,-0.2,87	
9.3,9.4,0.0,0.1,191	
9.3,9.4,1.7,1.8,15	
9.3,9.4,2.0,2.1,14	
9.3,9.4,2.8,2.9,1	
9.3,9.4,0.8,0.9,54	
9.4,9.5,-1.3,-1.2,27	
9.4,9.5,-2.4,-2.3,2	
9.4,9.5,-0.4,-0.3,39	
9.4,9.5,1.0,1.1,32	
9.4,9.5,1.8,1.9,10	
9.4,9.5,2.1,2.2,6	
9.4,9.5,0.7,0.8,46	
9.5,9.6,-1.2,-1.1,24	
9.5,9.6,-2.3,-2.2,2	
9.5,9.6,-0.5,-0.4,44	
9.5,9.6,1.1,1.2,23	
9.5,9.6,1.9,2.0,3	
9.5,9.6,2.2,2.3,4	
9.5,9.6,0.6,0.7,41	
9.6,9.7,-1.1,-1.0,17	
9.6,9.7,-1.9,-1.8,9	
9.6,9.7,-3.3,-3.2,1	
9.6,9.7,-0.6,-0.5,27	
9.6,9.7,1.2,1.3,12	
9.6,9.7,2.3,2.4,5	
9.6,9.7,0.5,0.6,20	
9.7,9.8,-1.0,-0.9,10	
9.7,9.8,-1.8,-1.7,3	
9.7,9.8,-2.1,-2.0,2	
9.7,9.8,-2.9,-2.8,3	
9.7,9.8,-0.7,-0.6,10	
9.7,9.8,1.3,1.4,6	
9.7,9.8,2.4,2.5,1	
9.7,9.8,0.4,0.5,18	
9.8,9.9,-1.7,-1.6,6	
9.8,9.9,-0.8,-0.7,5	
9.8,9.9,1.4,1.5,3	
9.8,9.9,2.5,2.6,1	
9.8,9.9,0.3,0.4,19	
9.9,10.0,-0.1,0.0,9	
9.9,10.0,-1.6,-1.5,1	
9.9,10.0,-0.9,-0.8,10	
9.9,10.0,1.5,1.6,1	
9.9,10.0,0.2,0.3,17	
9.9,10.0,2.6,2.7,1	
