-0.1,0.0,-10.3,-10.2,3	
-0.1,0.0,-1.1,-1.0,4629	
-0.1,0.0,-1.9,-1.8,14076	
-0.1,0.0,-2.2,-2.1,18479	
-0.1,0.0,-3.3,-3.2,23766	
-0.1,0.0,-0.4,-0.3,1530	
-0.1,0.0,-4.4,-4.3,15609	
-0.1,0.0,-5.5,-5.4,22222	
-0.1,0.0,-6.6,-6.5,19193	
-0.1,0.0,-7.7,-7.6,5278	
-0.1,0.0,-8.0,-7.9,2847	
-0.1,0.0,-8.8,-8.7,399	
-0.1,0.0,-9.1,-9.0,166	
-0.1,0.0,-9.9,-9.8,15	
-0.1,0.0,1.0,1.1,4025	
-0.1,0.0,1.8,1.9,12617	
-0.1,0.0,2.1,2.2,16977	
-0.1,0.0,2.9,3.0,24452	
-0.1,0.0,3.2,3.3,24128	
-0.1,0.0,4.3,4.4,15699	
-0.1,0.0,0.5,0.6,1731	
-0.1,0.0,5.4,5.5,21773	
-0.1,0.0,6.5,6.6,20427	
-0.1,0.0,7.6,7.7,5963	
-0.1,0.0,8.7,8.8,509	
-0.1,0.0,9.0,9.1,213	
-0.1,0.0,9.8,9.9,16	
-1.0,-0.9,-10.1,-10.0,1	
-1.0,-0.9,-1.3,-1.2,5921	
-1.0,-0.9,-0.2,-0.1,3990	
-1.0,-0.9,-2.4,-2.3,15066	
-1.0,-0.9,-3.5,-3.4,15565	
-1.0,-0.9,-4.6,-4.5,9836	
-1.0,-0.9,-5.7,-5.6,13923	
-1.0,-0.9,-6.0,-5.9,13921	
-1.0,-0.9,-6.8,-6.7,9666	
-1.0,-0.9,-7.1,-7.0,7127	
-1.0,-0.9,-7.9,-7.8,2040	
-1.0,-0.9,-8.2,-8.1,1085	
-1.0,-0.9,-9.3,-9.2,45	
-1.0,-0.9,1.6,1.7,7924	
-1.0,-0.9,2.7,2.8,17007	
-1.0,-0.9,3.0,3.1,17575	
-1.0,-0.9,3.8,3.9,13396	
-1.0,-0.9,4.1,4.2,11408	
-1.0,-0.9,4.9,5.0,10501	
-1.0,-0.9,5.2,5.3,11653	
-1.0,-0.9,6.3,6.4,12980	
-1.0,-0.9,0.7,0.8,4108	
-1.0,-0.9,7.4,7.5,4904	
-1.0,-0.9,8.5,8.6,546	
-1.0,-0.9,9.6,9.7,19	
-10.0,-9.9,-1.1,-1.0,2	
-10.0,-9.9,-3.3,-3.2,1	
-10.0,-9.9,-0.4,-0.3,5	
-10.0,-9.9,1.0,1.1,6	
-10.0,-9.9,1.8,1.9,1	
-10.0,-9.9,2.1,2.2,1	
-10.0,-9.9,0.5,0.6,5	
-10.1,-10.0,-1.0,-0.9,1	
-10.1,-10.0,-1.8,-1.7,1	
-10.1,-10.0,-0.5,-0.4,3	
-10.1,-10.0,1.1,1.2,5	
-10.1,-10.0,0.4,0.5,4	
-10.2,-10.1,-1.7,-1.6,2	
-10.2,-10.1,-2.0,-1.9,1	
-10.2,-10.1,-0.6,-0.5,1	
-10.3,-10.2,-0.7,-0.6,3	
-10.3,-10.2,1.3,1.4,1	
-10.4,-10.3,-0.8,-0.7,1	
-10.4,-10.3,1.4,1.5,1	
-10.4,-10.3,0.9,1.0,2	
-10.5,-10.4,0.0,0.1,2	
-10.5,-10.4,1.5,1.6,1	
-10.5,-10.4,0.8,0.9,1	
-10.6,-10.5,0.7,0.8,2	
-10.8,-10.7,-0.4,-0.3,1	
-1.1,-1.0,-10.2,-10.1,2	
-1.1,-1.0,-1.2,-1.1,5620	
-1.1,-1.0,-2.3,-2.2,13929	
-1.1,-1.0,-0.3,-0.2,4591	
-1.1,-1.0,-3.4,-3.3,15522	
-1.1,-1.0,-4.5,-4.4,9230	
-1.1,-1.0,-5.6,-5.5,12057	
-1.1,-1.0,-6.7,-6.6,9337	
-1.1,-1.0,-7.0,-6.9,7051	
-1.1,-1.0,-7.8,-7.7,2205	
-1.1,-1.0,-8.1,-8.0,1178	
-1.1,-1.0,-8.9,-8.8,138	
-1.1,-1.0,-9.2,-9.1,56	
-1.1,-1.0,1.7,1.8,8390	
-1.1,-1.0,2.0,2.1,10897	
-1.1,-1.0,2.8,2.9,16751	
-1.1,-1.0,3.1,3.2,16773	
-1.1,-1.0,3.9,4.0,12059	
-1.1,-1.0,4.2,4.3,10314	
-1.1,-1.0,5.3,5.4,10948	
-1.1,-1.0,0.6,0.7,4460	
-1.1,-1.0,6.4,6.5,11148	
-1.1,-1.0,7.5,7.6,3677	
-1.1,-1.0,8.6,8.7,377	
-1.1,-1.0,9.7,9.8,11	
-1.2,-1.1,-10.3,-10.2,1	
-1.2,-1.1,-1.1,-1.0,5602	
-1.2,-1.1,-1.9,-1.8,10163	
-1.2,-1.1,-2.2,-2.1,12651	
-1.2,-1.1,-3.3,-3.2,15441	
-1.2,-1.1,-0.4,-0.3,5348	
-1.2,-1.1,-4.4,-4.3,8973	
-1.2,-1.1,-5.5,-5.4,10503	
-1.2,-1.1,-6.6,-6.5,8900	
-1.2,-1.1,-7.7,-7.6,2372	
-1.2,-1.1,-8.0,-7.9,1363	
-1.2,-1.1,-8.8,-8.7,209	
-1.2,-1.1,-9.1,-9.0,84	
-1.2,-1.1,-9.9,-9.8,5	
-1.2,-1.1,1.0,1.1,5426	
-1.2,-1.1,1.8,1.9,9093	
-1.2,-1.1,2.1,2.2,11800	
-1.2,-1.1,2.9,3.0,16134	
-1.2,-1.1,3.2,3.3,15928	
-1.2,-1.1,4.3,4.4,9203	
-1.2,-1.1,0.5,0.6,5216	
-1.2,-1.1,5.4,5.5,10192	
-1.2,-1.1,6.5,6.6,9379	
-1.2,-1.1,7.6,7.7,2797	
-1.2,-1.1,8.7,8.8,248	
-1.2,-1.1,9.0,9.1,96	
-1.2,-1.1,9.8,9.9,2	
-1.3,-1.2,-1.0,-0.9,6046	
-1.3,-1.2,-1.8,-1.7,9363	
-1.3,-1.2,-2.1,-2.0,11558	
-1.3,-1.2,-2.9,-2.8,15894	
-1.3,-1.2,-3.2,-3.1,15384	
-1.3,-1.2,-4.3,-4.2,8913	
-1.3,-1.2,-0.5,-0.4,6112	
-1.3,-1.2,-5.4,-5.3,9086	
-1.3,-1.2,-6.5,-6.4,8339	
-1.3,-1.2,-7.6,-7.5,2380	
-1.3,-1.2,-8.7,-8.6,207	
-1.3,-1.2,-9.0,-8.9,103	
-1.3,-1.2,-9.8,-9.7,1	
-1.3,-1.2,1.1,1.2,6007	
-1.3,-1.2,1.9,2.0,10139	
-1.3,-1.2,2.2,2.3,12402	
-1.3,-1.2,3.3,3.4,15154	
-1.3,-1.2,0.4,0.5,6150	
-1.3,-1.2,4.4,4.5,8243	
-1.3,-1.2,5.5,5.6,9079	
-1.3,-1.2,6.6,6.7,7779	
-1.3,-1.2,7.7,7.8,2122	
-1.3,-1.2,8.0,8.1,1145	
-1.3,-1.2,8.8,8.9,173	
-1.3,-1.2,9.1,9.2,98	
-1.3,-1.2,9.9,10.0,4	
-1.4,-1.3,-1.7,-1.6,8754	
-1.4,-1.3,-2.0,-1.9,10931	
-1.4,-1.3,-2.8,-2.7,15442	
-1.4,-1.3,-3.1,-3.0,15607	
-1.4,-1.3,-3.9,-3.8,10896	
-1.4,-1.3,-4.2,-4.1,8806	
-1.4,-1.3,-5.3,-5.2,7726	
-1.4,-1.3,-0.6,-0.5,6959	
-1.4,-1.3,-6.4,-6.3,7738	
-1.4,-1.3,-7.5,-7.4,2572	
-1.4,-1.3,-8.6,-8.5,256	
-1.4,-1.3,-9.7,-9.6,3	
-1.4,-1.3,1.2,1.3,6659	
-1.4,-1.3,2.3,2.4,13008	
-1.4,-1.3,0.3,0.4,7408	
-1.4,-1.3,3.4,3.5,14549	
-1.4,-1.3,4.5,4.6,7630	
-1.4,-1.3,5.6,5.7,8412	
-1.4,-1.3,6.7,6.8,6344	
-1.4,-1.3,7.0,7.1,4812	
-1.4,-1.3,7.8,7.9,1546	
-1.4,-1.3,8.1,8.2,844	
-1.4,-1.3,8.9,9.0,113	
-1.4,-1.3,9.2,9.3,45	
-1.5,-1.4,-1.6,-1.5,8314	
-1.5,-1.4,-2.7,-2.6,15100	
-1.5,-1.4,-3.0,-2.9,15593	
-1.5,-1.4,-3.8,-3.7,11450	
-1.5,-1.4,-4.1,-4.0,9284	
-1.5,-1.4,-4.9,-4.8,6365	
-1.5,-1.4,-5.2,-5.1,6501	
-1.5,-1.4,-6.3,-6.2,6808	
-1.5,-1.4,-0.7,-0.6,7532	
-1.5,-1.4,-7.4,-7.3,2553	
-1.5,-1.4,-8.5,-8.4,297	
-1.5,-1.4,-9.6,-9.5,6	
-1.5,-1.4,10.1,10.2,1	
-1.5,-1.4,1.3,1.4,7370	
-1.5,-1.4,0.2,0.3,8462	
-1.5,-1.4,2.4,2.5,13737	
-1.5,-1.4,3.5,3.6,13834	
-1.5,-1.4,4.6,4.7,6918	
-1.5,-1.4,5.7,5.8,7310	
-1.5,-1.4,6.0,6.1,7241	
-1.5,-1.4,6.8,6.9,4878	
-1.5,-1.4,7.1,7.2,3656	
-1.5,-1.4,7.9,8.0,1076	
-1.5,-1.4,8.2,8.3,562	
-1.5,-1.4,9.3,9.4,26	
-1.6,-1.5,-11.0,-10.9,1	
-1.6,-1.5,-1.5,-1.4,8407	
-1.6,-1.5,-2.6,-2.5,15021	
-1.6,-1.5,-3.7,-3.6,12249	
-1.6,-1.5,-4.0,-3.9,9837	
-1.6,-1.5,-4.8,-4.7,6028	
-1.6,-1.5,-5.1,-5.0,5862	
-1.6,-1.5,-5.9,-5.8,6339	
-1.6,-1.5,-6.2,-6.1,5983	
-1.6,-1.5,-7.3,-7.2,2573	
-1.6,-1.5,-0.8,-0.7,8251	
-1.6,-1.5,-8.4,-8.3,315	
-1.6,-1.5,-9.5,-9.4,12	
-1.6,-1.5,0.1,0.2,9870	
-1.6,-1.5,1.4,1.5,8040	
-1.6,-1.5,2.5,2.6,14585	
-1.6,-1.5,3.6,3.7,13099	
-1.6,-1.5,4.7,4.8,6074	
-1.6,-1.5,5.0,5.1,5722	
-1.6,-1.5,5.8,5.9,6369	
-1.6,-1.5,6.1,6.2,6212	
-1.6,-1.5,6.9,7.0,3784	
-1.6,-1.5,7.2,7.3,2789	
-1.6,-1.5,8.3,8.4,364	
-1.6,-1.5,0.9,1.0,7761	
-1.6,-1.5,9.4,9.5,12	
-1.7,-1.6,-0.1,0.0,11316	
-1.7,-1.6,-10.0,-9.9,1	
-1.7,-1.6,-1.4,-1.3,8709	
-1.7,-1.6,-2.5,-2.4,15007	
-1.7,-1.6,-3.6,-3.5,13313	
-1.7,-1.6,-4.7,-4.6,5953	
-1.7,-1.6,-5.0,-4.9,5288	
-1.7,-1.6,-5.8,-5.7,5341	
-1.7,-1.6,-6.1,-6.0,5211	
-1.7,-1.6,-6.9,-6.8,3225	
-1.7,-1.6,-7.2,-7.1,2311	
-1.7,-1.6,-8.3,-8.2,341	
-1.7,-1.6,-0.9,-0.8,8853	
-1.7,-1.6,-9.4,-9.3,7	
-1.7,-1.6,0.0,0.1,22705	
-1.7,-1.6,1.5,1.6,8785	
-1.7,-1.6,2.6,2.7,15407	
-1.7,-1.6,3.7,3.8,12429	
-1.7,-1.6,4.0,4.1,9917	
-1.7,-1.6,4.8,4.9,5709	
-1.7,-1.6,5.1,5.2,5124	
-1.7,-1.6,5.9,6.0,5342	
-1.7,-1.6,6.2,6.3,4989	
-1.7,-1.6,7.3,7.4,2095	
-1.7,-1.6,0.8,0.9,9451	
-1.7,-1.6,8.4,8.5,260	
-1.7,-1.6,9.5,9.6,12	
-1.8,-1.7,-10.1,-10.0,1	
-1.8,-1.7,-1.3,-1.2,9321	
-1.8,-1.7,-0.2,-0.1,12531	
-1.8,-1.7,-2.4,-2.3,14934	
-1.8,-1.7,-3.5,-3.4,14625	
-1.8,-1.7,-4.6,-4.5,5948	
-1.8,-1.7,-5.7,-5.6,4600	
-1.8,-1.7,-6.0,-5.9,4352	
-1.8,-1.7,-6.8,-6.7,3034	
-1.8,-1.7,-7.1,-7.0,2205	
-1.8,-1.7,-7.9,-7.8,625	
-1.8,-1.7,-8.2,-8.1,367	
-1.8,-1.7,-9.3,-9.2,15	
-1.8,-1.7,1.6,1.7,9942	
-1.8,-1.7,2.7,2.8,16247	
-1.8,-1.7,3.0,3.1,16892	
-1.8,-1.7,3.8,3.9,12021	
-1.8,-1.7,4.1,4.2,9254	
-1.8,-1.7,4.9,5.0,4927	
-1.8,-1.7,5.2,5.3,4644	
-1.8,-1.7,6.3,6.4,4094	
-1.8,-1.7,0.7,0.8,10610	
-1.8,-1.7,7.4,7.5,1455	
-1.8,-1.7,8.5,8.6,158	
-1.8,-1.7,9.6,9.7,8	
-1.9,-1.8,-1.2,-1.1,10234	
-1.9,-1.8,-2.3,-2.2,14748	
-1.9,-1.8,-0.3,-0.2,13627	
-1.9,-1.8,-3.4,-3.3,16007	
-1.9,-1.8,-4.5,-4.4,6523	
-1.9,-1.8,-5.6,-5.5,3815	
-1.9,-1.8,-6.7,-6.6,2742	
-1.9,-1.8,-7.0,-6.9,2095	
-1.9,-1.8,-7.8,-7.7,604	
-1.9,-1.8,-8.1,-8.0,318	
-1.9,-1.8,-8.9,-8.8,48	
-1.9,-1.8,-9.2,-9.1,7	
-1.9,-1.8,1.7,1.8,10872	
-1.9,-1.8,2.0,2.1,12504	
-1.9,-1.8,2.8,2.9,17313	
-1.9,-1.8,3.1,3.2,17538	
-1.9,-1.8,3.9,4.0,11579	
-1.9,-1.8,4.2,4.3,8866	
-1.9,-1.8,5.3,5.4,3941	
-1.9,-1.8,0.6,0.7,12258	
-1.9,-1.8,6.4,6.5,3294	
-1.9,-1.8,7.5,7.6,1030	
-1.9,-1.8,8.6,8.7,117	
-1.9,-1.8,9.7,9.8,1	
-0.2,-0.1,-1.0,-0.9,3959	
-0.2,-0.1,-10.4,-10.3,2	
-0.2,-0.1,-1.8,-1.7,12500	
-0.2,-0.1,-2.1,-2.0,16742	
-0.2,-0.1,-2.9,-2.8,24007	
-0.2,-0.1,-3.2,-3.1,23303	
-0.2,-0.1,-4.3,-4.2,15563	
-0.2,-0.1,-0.5,-0.4,1795	
-0.2,-0.1,-5.4,-5.3,20952	
-0.2,-0.1,-6.5,-6.4,20000	
-0.2,-0.1,-7.6,-7.5,5902	
-0.2,-0.1,-8.7,-8.6,532	
-0.2,-0.1,-9.0,-8.9,225	
-0.2,-0.1,-9.8,-9.7,27	
-0.2,-0.1,10.3,10.4,3	
-0.2,-0.1,1.1,1.2,4670	
-0.2,-0.1,1.9,2.0,13790	
-0.2,-0.1,2.2,2.3,17698	
-0.2,-0.1,3.3,3.4,22845	
-0.2,-0.1,0.4,0.5,1591	
-0.2,-0.1,4.4,4.5,15427	
-0.2,-0.1,5.5,5.6,21806	
-0.2,-0.1,6.6,6.7,18684	
-0.2,-0.1,7.7,7.8,4991	
-0.2,-0.1,8.0,8.1,2742	
-0.2,-0.1,8.8,8.9,415	
-0.2,-0.1,9.1,9.2,165	
-0.2,-0.1,9.9,10.0,12	
-2.0,-1.9,-0.1,0.0,15386	
-2.0,-1.9,-1.4,-1.3,10760	
-2.0,-1.9,-2.5,-2.4,17091	
-2.0,-1.9,-3.6,-3.5,14866	
-2.0,-1.9,-4.7,-4.6,5296	
-2.0,-1.9,-5.0,-4.9,4077	
-2.0,-1.9,-5.8,-5.7,3191	
-2.0,-1.9,-6.1,-6.0,2979	
-2.0,-1.9,-6.9,-6.8,1901	
-2.0,-1.9,-7.2,-7.1,1397	
-2.0,-1.9,-8.3,-8.2,178	
-2.0,-1.9,-0.9,-0.8,11773	
-2.0,-1.9,-9.4,-9.3,8	
-2.0,-1.9,0.0,0.1,30825	
-2.0,-1.9,1.5,1.6,10895	
-2.0,-1.9,2.6,2.7,17313	
-2.0,-1.9,3.7,3.8,14003	
-2.0,-1.9,4.0,4.1,10886	
-2.0,-1.9,4.8,4.9,4795	
-2.0,-1.9,5.1,5.2,3892	
-2.0,-1.9,5.9,6.0,3164	
-2.0,-1.9,6.2,6.3,2892	
-2.0,-1.9,7.3,7.4,1154	
-2.0,-1.9,0.8,0.9,12259	
-2.0,-1.9,8.4,8.5,136	
-2.0,-1.9,9.5,9.6,3	
-2.1,-2.0,-1.3,-1.2,11523	
-2.1,-2.0,-0.2,-0.1,16476	
-2.1,-2.0,-2.4,-2.3,17064	
-2.1,-2.0,-3.5,-3.4,16424	
-2.1,-2.0,-4.6,-4.5,5842	
-2.1,-2.0,-5.7,-5.6,2705	
-2.1,-2.0,-6.0,-5.9,2482	
-2.1,-2.0,-6.8,-6.7,1660	
-2.1,-2.0,-7.1,-7.0,1211	
-2.1,-2.0,-7.9,-7.8,352	
-2.1,-2.0,-8.2,-8.1,187	
-2.1,-2.0,-9.3,-9.2,3	
-2.1,-2.0,1.6,1.7,11913	
-2.1,-2.0,2.7,2.8,19095	
-2.1,-2.0,3.0,3.1,19122	
-2.1,-2.0,3.8,3.9,13565	
-2.1,-2.0,4.1,4.2,10244	
-2.1,-2.0,4.9,5.0,4199	
-2.1,-2.0,5.2,5.3,3375	
-2.1,-2.0,6.3,6.4,2336	
-2.1,-2.0,0.7,0.8,14080	
-2.1,-2.0,7.4,7.5,847	
-2.1,-2.0,8.5,8.6,95	
-2.1,-2.0,9.6,9.7,2	
-2.2,-2.1,-1.2,-1.1,12634	
-2.2,-2.1,-2.3,-2.2,17256	
-2.2,-2.1,-0.3,-0.2,17701	
-2.2,-2.1,-3.4,-3.3,18066	
-2.2,-2.1,-4.5,-4.4,6637	
-2.2,-2.1,-5.6,-5.5,2388	
-2.2,-2.1,-6.7,-6.6,1412	
-2.2,-2.1,-7.0,-6.9,1151	
-2.2,-2.1,-7.8,-7.7,383	
-2.2,-2.1,-8.1,-8.0,208	
-2.2,-2.1,-8.9,-8.8,17	
-2.2,-2.1,-9.2,-9.1,8	
-2.2,-2.1,1.7,1.8,13075	
-2.2,-2.1,2.0,2.1,14862	
-2.2,-2.1,2.8,2.9,20123	
-2.2,-2.1,3.1,3.2,19846	
-2.2,-2.1,3.9,4.0,13049	
-2.2,-2.1,4.2,4.3,9451	
-2.2,-2.1,5.3,5.4,2795	
-2.2,-2.1,0.6,0.7,16048	
-2.2,-2.1,6.4,6.5,1770	
-2.2,-2.1,7.5,7.6,561	
-2.2,-2.1,8.6,8.7,67	
-2.2,-2.1,9.7,9.8,2	
-2.3,-2.2,-1.1,-1.0,13691	
-2.3,-2.2,-1.9,-1.8,15032	
-2.3,-2.2,-2.2,-2.1,17217	
-2.3,-2.2,-3.3,-3.2,19474	
-2.3,-2.2,-0.4,-0.3,18177	
-2.3,-2.2,-4.4,-4.3,7708	
-2.3,-2.2,-5.5,-5.4,2295	
-2.3,-2.2,-6.6,-6.5,1226	
-2.3,-2.2,-7.7,-7.6,339	
-2.3,-2.2,-8.0,-7.9,189	
-2.3,-2.2,-8.8,-8.7,29	
-2.3,-2.2,-9.1,-9.0,14	
-2.3,-2.2,-9.9,-9.8,2	
-2.3,-2.2,1.0,1.1,14295	
-2.3,-2.2,1.8,1.9,14231	
-2.3,-2.2,2.1,2.2,16456	
-2.3,-2.2,2.9,3.0,21073	
-2.3,-2.2,3.2,3.3,20187	
-2.3,-2.2,4.3,4.4,8722	
-2.3,-2.2,0.5,0.6,17766	
-2.3,-2.2,5.4,5.5,2372	
-2.3,-2.2,6.5,6.6,1392	
-2.3,-2.2,7.6,7.7,381	
-2.3,-2.2,8.7,8.8,34	
-2.3,-2.2,9.0,9.1,9	
-2.3,-2.2,9.8,9.9,2	
-2.4,-2.3,-1.0,-0.9,15146	
-2.4,-2.3,-1.8,-1.7,14980	
-2.4,-2.3,-2.1,-2.0,17281	
-2.4,-2.3,-2.9,-2.8,21745	
-2.4,-2.3,-3.2,-3.1,21120	
-2.4,-2.3,-4.3,-4.2,8980	
-2.4,-2.3,-0.5,-0.4,18813	
-2.4,-2.3,-5.4,-5.3,2122	
-2.4,-2.3,-6.5,-6.4,1038	
-2.4,-2.3,-7.6,-7.5,328	
-2.4,-2.3,-8.7,-8.6,26	
-2.4,-2.3,-9.0,-8.9,15	
-2.4,-2.3,-9.8,-9.7,2	
-2.4,-2.3,1.1,1.2,14418	
-2.4,-2.3,1.9,2.0,15856	
-2.4,-2.3,2.2,2.3,17920	
-2.4,-2.3,3.3,3.4,20680	
-2.4,-2.3,0.4,0.5,19509	
-2.4,-2.3,4.4,4.5,7966	
-2.4,-2.3,5.5,5.6,1929	
-2.4,-2.3,6.6,6.7,1004	
-2.4,-2.3,7.7,7.8,236	
-2.4,-2.3,8.0,8.1,161	
-2.4,-2.3,8.8,8.9,29	
-2.4,-2.3,9.1,9.2,8	
-2.5,-2.4,-1.7,-1.6,15006	
-2.5,-2.4,-2.0,-1.9,16925	
-2.5,-2.4,-2.8,-2.7,22444	
-2.5,-2.4,-3.1,-3.0,22473	
-2.5,-2.4,-3.9,-3.8,14591	
-2.5,-2.4,-4.2,-4.1,10484	
-2.5,-2.4,-5.3,-5.2,2170	
-2.5,-2.4,-0.6,-0.5,18876	
-2.5,-2.4,-6.4,-6.3,922	
-2.5,-2.4,-7.5,-7.4,258	
-2.5,-2.4,-8.6,-8.5,21	
-2.5,-2.4,1.2,1.3,14690	
-2.5,-2.4,2.3,2.4,19295	
-2.5,-2.4,0.3,0.4,20845	
-2.5,-2.4,3.4,3.5,20502	
-2.5,-2.4,4.5,4.6,7135	
-2.5,-2.4,5.6,5.7,1523	
-2.5,-2.4,6.7,6.8,704	
-2.5,-2.4,7.0,7.1,558	
-2.5,-2.4,7.8,7.9,138	
-2.5,-2.4,8.1,8.2,91	
-2.5,-2.4,8.9,9.0,15	
-2.5,-2.4,9.2,9.3,4	
-2.6,-2.5,-1.6,-1.5,15157	
-2.6,-2.5,-2.7,-2.6,23031	
-2.6,-2.5,-3.0,-2.9,23257	
-2.6,-2.5,-3.8,-3.7,16572	
-2.6,-2.5,-4.1,-4.0,12220	
-2.6,-2.5,-4.9,-4.8,3876	
-2.6,-2.5,-5.2,-5.1,2398	
-2.6,-2.5,-6.3,-6.2,733	
-2.6,-2.5,-0.7,-0.6,18936	
-2.6,-2.5,-7.4,-7.3,244	
-2.6,-2.5,-8.5,-8.4,29	
-2.6,-2.5,-9.6,-9.5,1	
-2.6,-2.5,1.3,1.4,14906	
-2.6,-2.5,0.2,0.3,22614	
-2.6,-2.5,2.4,2.5,20700	
-2.6,-2.5,3.5,3.6,19794	
-2.6,-2.5,4.6,4.7,6206	
-2.6,-2.5,5.7,5.8,1226	
-2.6,-2.5,6.0,6.1,876	
-2.6,-2.5,6.8,6.9,500	
-2.6,-2.5,7.1,7.2,408	
-2.6,-2.5,7.9,8.0,109	
-2.6,-2.5,8.2,8.3,63	
-2.6,-2.5,9.3,9.4,2	
-2.7,-2.6,-1.5,-1.4,15444	
-2.7,-2.6,-2.6,-2.5,22968	
-2.7,-2.6,-3.7,-3.6,17885	
-2.7,-2.6,-4.0,-3.9,13734	
-2.7,-2.6,-4.8,-4.7,4564	
-2.7,-2.6,-5.1,-5.0,2731	
-2.7,-2.6,-5.9,-5.8,870	
-2.7,-2.6,-6.2,-6.1,656	
-2.7,-2.6,-7.3,-7.2,208	
-2.7,-2.6,-0.8,-0.7,18467	
-2.7,-2.6,-8.4,-8.3,31	
-2.7,-2.6,-9.5,-9.4,2	
-2.7,-2.6,0.1,0.2,23503	
-2.7,-2.6,10.0,10.1,1	
-2.7,-2.6,1.4,1.5,15362	
-2.7,-2.6,2.5,2.6,22213	
-2.7,-2.6,3.6,3.7,19055	
-2.7,-2.6,4.7,4.8,5328	
-2.7,-2.6,5.0,5.1,3192	
-2.7,-2.6,5.8,5.9,947	
-2.7,-2.6,6.1,6.2,693	
-2.7,-2.6,6.9,7.0,388	
-2.7,-2.6,7.2,7.3,275	
-2.7,-2.6,8.3,8.4,36	
-2.7,-2.6,0.9,1.0,17706	
-2.8,-2.7,-0.1,0.0,24425	
-2.8,-2.7,-1.4,-1.3,15370	
-2.8,-2.7,-2.5,-2.4,22565	
-2.8,-2.7,-3.6,-3.5,19694	
-2.8,-2.7,-4.7,-4.6,5477	
-2.8,-2.7,-5.0,-4.9,3226	
-2.8,-2.7,-5.8,-5.7,819	
-2.8,-2.7,-6.1,-6.0,560	
-2.8,-2.7,-6.9,-6.8,285	
-2.8,-2.7,-7.2,-7.1,181	
-2.8,-2.7,-8.3,-8.2,27	
-2.8,-2.7,-0.9,-0.8,18042	
-2.8,-2.7,-9.4,-9.3,4	
-2.8,-2.7,0.0,0.1,48756	
-2.8,-2.7,1.5,1.6,15572	
-2.8,-2.7,2.6,2.7,23305	
-2.8,-2.7,3.7,3.8,18225	
-2.8,-2.7,4.0,4.1,13910	
-2.8,-2.7,4.8,4.9,4693	
-2.8,-2.7,5.1,5.2,2718	
-2.8,-2.7,5.9,6.0,634	
-2.8,-2.7,6.2,6.3,503	
-2.8,-2.7,7.3,7.4,183	
-2.8,-2.7,0.8,0.9,18914	
-2.8,-2.7,8.4,8.5,19	
-2.8,-2.7,9.5,9.6,1	
-2.9,-2.8,-1.3,-1.2,16039	
-2.9,-2.8,-0.2,-0.1,23843	
-2.9,-2.8,-2.4,-2.3,21878	
-2.9,-2.8,-3.5,-3.4,20831	
-2.9,-2.8,-4.6,-4.5,6287	
-2.9,-2.8,-5.7,-5.6,865	
-2.9,-2.8,-6.0,-5.9,534	
-2.9,-2.8,-6.8,-6.7,210	
-2.9,-2.8,-7.1,-7.0,168	
-2.9,-2.8,-7.9,-7.8,49	
-2.9,-2.8,-8.2,-8.1,25	
-2.9,-2.8,1.6,1.7,15776	
-2.9,-2.8,2.7,2.8,23749	
-2.9,-2.8,3.0,3.1,24017	
-2.9,-2.8,3.8,3.9,16864	
-2.9,-2.8,4.1,4.2,12544	
-2.9,-2.8,4.9,5.0,3793	
-2.9,-2.8,5.2,5.3,2233	
-2.9,-2.8,6.3,6.4,394	
-2.9,-2.8,0.7,0.8,20109	
-2.9,-2.8,7.4,7.5,117	
-2.9,-2.8,8.5,8.6,10	
-0.3,-0.2,-1.7,-1.6,10779	
-0.3,-0.2,-2.0,-1.9,14936	
-0.3,-0.2,-2.8,-2.7,23447	
-0.3,-0.2,-3.1,-3.0,23220	
-0.3,-0.2,-3.9,-3.8,17500	
-0.3,-0.2,-4.2,-4.1,15509	
-0.3,-0.2,-5.3,-5.2,19574	
-0.3,-0.2,-0.6,-0.5,2129	
-0.3,-0.2,-6.4,-6.3,20333	
-0.3,-0.2,-7.5,-7.4,6738	
-0.3,-0.2,-8.6,-8.5,683	
-0.3,-0.2,-9.7,-9.6,26	
-0.3,-0.2,10.2,10.3,3	
-0.3,-0.2,1.2,1.3,5466	
-0.3,-0.2,2.3,2.4,18933	
-0.3,-0.2,0.3,0.4,1581	
-0.3,-0.2,3.4,3.5,21968	
-0.3,-0.2,4.5,4.6,14825	
-0.3,-0.2,5.6,5.7,21711	
-0.3,-0.2,6.7,6.8,16818	
-0.3,-0.2,7.0,7.1,12863	
-0.3,-0.2,7.8,7.9,4053	
-0.3,-0.2,8.1,8.2,2219	
-0.3,-0.2,8.9,9.0,285	
-0.3,-0.2,9.2,9.3,109	
-3.0,-2.9,-1.5,-1.4,15711	
-3.0,-2.9,-2.6,-2.5,23364	
-3.0,-2.9,-3.7,-3.6,18248	
-3.0,-2.9,-4.0,-3.9,13910	
-3.0,-2.9,-4.8,-4.7,4539	
-3.0,-2.9,-5.1,-5.0,2581	
-3.0,-2.9,-5.9,-5.8,524	
-3.0,-2.9,-6.2,-6.1,358	
-3.0,-2.9,-7.3,-7.2,103	
-3.0,-2.9,-0.8,-0.7,19543	
-3.0,-2.9,-8.4,-8.3,16	
-3.0,-2.9,0.1,0.2,24394	
-3.0,-2.9,1.4,1.5,15376	
-3.0,-2.9,2.5,2.6,22682	
-3.0,-2.9,3.6,3.7,19436	
-3.0,-2.9,4.7,4.8,5230	
-3.0,-2.9,5.0,5.1,2971	
-3.0,-2.9,5.8,5.9,653	
-3.0,-2.9,6.1,6.2,379	
-3.0,-2.9,6.9,7.0,157	
-3.0,-2.9,7.2,7.3,95	
-3.0,-2.9,8.3,8.4,13	
-3.0,-2.9,0.9,1.0,18232	
-3.0,-2.9,9.4,9.5,1	
-3.1,-3.0,-0.1,0.0,24166	
-3.1,-3.0,-1.4,-1.3,15518	
-3.1,-3.0,-2.5,-2.4,22261	
-3.1,-3.0,-3.6,-3.5,19170	
-3.1,-3.0,-4.7,-4.6,5186	
-3.1,-3.0,-5.0,-4.9,3048	
-3.1,-3.0,-5.8,-5.7,595	
-3.1,-3.0,-6.1,-6.0,323	
-3.1,-3.0,-6.9,-6.8,123	
-3.1,-3.0,-7.2,-7.1,79	
-3.1,-3.0,-8.3,-8.2,12	
-3.1,-3.0,-0.9,-0.8,18500	
-3.1,-3.0,0.0,0.1,48766	
-3.1,-3.0,1.5,1.6,15485	
-3.1,-3.0,2.6,2.7,23131	
-3.1,-3.0,3.7,3.8,17813	
-3.1,-3.0,4.0,4.1,13667	
-3.1,-3.0,4.8,4.9,4374	
-3.1,-3.0,5.1,5.2,2500	
-3.1,-3.0,5.9,6.0,488	
-3.1,-3.0,6.2,6.3,273	
-3.1,-3.0,7.3,7.4,73	
-3.1,-3.0,0.8,0.9,19238	
-3.1,-3.0,8.4,8.5,12	
-3.2,-3.1,-1.3,-1.2,15510	
-3.2,-3.1,-0.2,-0.1,23418	
-3.2,-3.1,-2.4,-2.3,21007	
-3.2,-3.1,-3.5,-3.4,19931	
-3.2,-3.1,-4.6,-4.5,5967	
-3.2,-3.1,-5.7,-5.6,635	
-3.2,-3.1,-6.0,-5.9,294	
-3.2,-3.1,-6.8,-6.7,100	
-3.2,-3.1,-7.1,-7.0,82	
-3.2,-3.1,-7.9,-7.8,19	
-3.2,-3.1,-8.2,-8.1,10	
-3.2,-3.1,1.6,1.7,15447	
-3.2,-3.1,2.7,2.8,23215	
-3.2,-3.1,3.0,3.1,23503	
-3.2,-3.1,3.8,3.9,16350	
-3.2,-3.1,4.1,4.2,11972	
-3.2,-3.1,4.9,5.0,3551	
-3.2,-3.1,5.2,5.3,1966	
-3.2,-3.1,6.3,6.4,203	
-3.2,-3.1,0.7,0.8,19630	
-3.2,-3.1,7.4,7.5,36	
-3.2,-3.1,8.5,8.6,4	
-3.2,-3.1,9.6,9.7,1	
-3.3,-3.2,-1.2,-1.1,15362	
-3.3,-3.2,-2.3,-2.2,19701	
-3.3,-3.2,-0.3,-0.2,22777	
-3.3,-3.2,-3.4,-3.3,20169	
-3.3,-3.2,-4.5,-4.4,6676	
-3.3,-3.2,-5.6,-5.5,785	
-3.3,-3.2,-6.7,-6.6,88	
-3.3,-3.2,-7.0,-6.9,71	
-3.3,-3.2,-7.8,-7.7,26	
-3.3,-3.2,-8.1,-8.0,13	
-3.3,-3.2,-8.9,-8.8,2	
-3.3,-3.2,-9.2,-9.1,1	
-3.3,-3.2,1.7,1.8,15032	
-3.3,-3.2,2.0,2.1,17112	
-3.3,-3.2,2.8,2.9,22618	
-3.3,-3.2,3.1,3.2,22456	
-3.3,-3.2,3.9,4.0,14362	
-3.3,-3.2,4.2,4.3,10384	
-3.3,-3.2,5.3,5.4,1454	
-3.3,-3.2,0.6,0.7,20012	
-3.3,-3.2,6.4,6.5,147	
-3.3,-3.2,7.5,7.6,27	
-3.3,-3.2,8.6,8.7,3	
-3.4,-3.3,-1.1,-1.0,15546	
-3.4,-3.3,-1.9,-1.8,15707	
-3.4,-3.3,-2.2,-2.1,18377	
-3.4,-3.3,-3.3,-3.2,20254	
-3.4,-3.3,-0.4,-0.3,21008	
-3.4,-3.3,-4.4,-4.3,7644	
-3.4,-3.3,-5.5,-5.4,898	
-3.4,-3.3,-6.6,-6.5,91	
-3.4,-3.3,-7.7,-7.6,12	
-3.4,-3.3,-8.0,-7.9,7	
-3.4,-3.3,1.0,1.1,16275	
-3.4,-3.3,1.8,1.9,15003	
-3.4,-3.3,2.1,2.2,17350	
-3.4,-3.3,2.9,3.0,22174	
-3.4,-3.3,3.2,3.3,21121	
-3.4,-3.3,4.3,4.4,8594	
-3.4,-3.3,0.5,0.6,20614	
-3.4,-3.3,5.4,5.5,1156	
-3.4,-3.3,6.5,6.6,86	
-3.4,-3.3,7.6,7.7,15	
-3.4,-3.3,8.7,8.8,1	
-3.4,-3.3,9.0,9.1,1	
-3.5,-3.4,-1.0,-0.9,15600	
-3.5,-3.4,-1.8,-1.7,14443	
-3.5,-3.4,-2.1,-2.0,16201	
-3.5,-3.4,-2.9,-2.8,20876	
-3.5,-3.4,-3.2,-3.1,20065	
-3.5,-3.4,-4.3,-4.2,8251	
-3.5,-3.4,-0.5,-0.4,19631	
-3.5,-3.4,-5.4,-5.3,1101	
-3.5,-3.4,-6.5,-6.4,81	
-3.5,-3.4,-7.6,-7.5,14	
-3.5,-3.4,-8.7,-8.6,1	
-3.5,-3.4,1.1,1.2,14982	
-3.5,-3.4,1.9,2.0,15011	
-3.5,-3.4,2.2,2.3,17093	
-3.5,-3.4,3.3,3.4,19286	
-3.5,-3.4,0.4,0.5,20377	
-3.5,-3.4,4.4,4.5,7290	
-3.5,-3.4,5.5,5.6,832	
-3.5,-3.4,6.6,6.7,59	
-3.5,-3.4,7.7,7.8,9	
-3.5,-3.4,8.0,8.1,6	
-3.5,-3.4,8.8,8.9,2	
-3.6,-3.5,-1.7,-1.6,13203	
-3.6,-3.5,-2.0,-1.9,14834	
-3.6,-3.5,-2.8,-2.7,19481	
-3.6,-3.5,-3.1,-3.0,18866	
-3.6,-3.5,-3.9,-3.8,12376	
-3.6,-3.5,-4.2,-4.1,8742	
-3.6,-3.5,-5.3,-5.2,1159	
-3.6,-3.5,-0.6,-0.5,18126	
-3.6,-3.5,-6.4,-6.3,63	
-3.6,-3.5,-7.5,-7.4,11	
-3.6,-3.5,1.2,1.3,13684	
-3.6,-3.5,2.3,2.4,16970	
-3.6,-3.5,0.3,0.4,20032	
-3.6,-3.5,3.4,3.5,17598	
-3.6,-3.5,4.5,4.6,5962	
-3.6,-3.5,5.6,5.7,637	
-3.6,-3.5,6.7,6.8,39	
-3.6,-3.5,7.0,7.1,23	
-3.6,-3.5,7.8,7.9,2	
-3.6,-3.5,8.1,8.2,3	
-3.7,-3.6,-1.6,-1.5,12473	
-3.7,-3.6,-2.7,-2.6,17912	
-3.7,-3.6,-3.0,-2.9,18562	
-3.7,-3.6,-3.8,-3.7,12617	
-3.7,-3.6,-4.1,-4.0,9230	
-3.7,-3.6,-4.9,-4.8,2746	
-3.7,-3.6,-5.2,-5.1,1504	
-3.7,-3.6,-6.3,-6.2,95	
-3.7,-3.6,-0.7,-0.6,16656	
-3.7,-3.6,-7.4,-7.3,8	
-3.7,-3.6,-8.5,-8.4,2	
-3.7,-3.6,1.3,1.4,12653	
-3.7,-3.6,0.2,0.3,19626	
-3.7,-3.6,2.4,2.5,16325	
-3.7,-3.6,3.5,3.6,15581	
-3.7,-3.6,4.6,4.7,4545	
-3.7,-3.6,5.7,5.8,432	
-3.7,-3.6,6.0,6.1,204	
-3.7,-3.6,6.8,6.9,35	
-3.7,-3.6,7.1,7.2,14	
-3.7,-3.6,7.9,8.0,3	
-3.7,-3.6,8.2,8.3,1	
-3.8,-3.7,-1.5,-1.4,11547	
-3.8,-3.7,-2.6,-2.5,16223	
-3.8,-3.7,-3.7,-3.6,12571	
-3.8,-3.7,-4.0,-3.9,9666	
-3.8,-3.7,-4.8,-4.7,3039	
-3.8,-3.7,-5.1,-5.0,1742	
-3.8,-3.7,-5.9,-5.8,201	
-3.8,-3.7,-6.2,-6.1,103	
-3.8,-3.7,-7.3,-7.2,6	
-3.8,-3.7,-0.8,-0.7,15252	
-3.8,-3.7,0.1,0.2,18945	
-3.8,-3.7,1.4,1.5,11600	
-3.8,-3.7,2.5,2.6,15806	
-3.8,-3.7,3.6,3.7,13507	
-3.8,-3.7,4.7,4.8,3574	
-3.8,-3.7,5.0,5.1,2015	
-3.8,-3.7,5.8,5.9,294	
-3.8,-3.7,6.1,6.2,126	
-3.8,-3.7,6.9,7.0,22	
-3.8,-3.7,7.2,7.3,7	
-3.8,-3.7,8.3,8.4,2	
-3.8,-3.7,0.9,1.0,14137	
-3.9,-3.8,-0.1,0.0,18106	
-3.9,-3.8,-1.4,-1.3,10868	
-3.9,-3.8,-2.5,-2.4,14473	
-3.9,-3.8,-3.6,-3.5,12175	
-3.9,-3.8,-4.7,-4.6,3374	
-3.9,-3.8,-5.0,-4.9,1903	
-3.9,-3.8,-5.8,-5.7,263	
-3.9,-3.8,-6.1,-6.0,108	
-3.9,-3.8,-6.9,-6.8,14	
-3.9,-3.8,-7.2,-7.1,8	
-3.9,-3.8,-8.3,-8.2,1	
-3.9,-3.8,-0.9,-0.8,13339	
-3.9,-3.8,0.0,0.1,37038	
-3.9,-3.8,1.5,1.6,10751	
-3.9,-3.8,2.6,2.7,14935	
-3.9,-3.8,3.7,3.8,11341	
-3.9,-3.8,4.0,4.1,8861	
-3.9,-3.8,4.8,4.9,2803	
-3.9,-3.8,5.1,5.2,1509	
-3.9,-3.8,5.9,6.0,208	
-3.9,-3.8,6.2,6.3,75	
-3.9,-3.8,7.3,7.4,3	
-3.9,-3.8,0.8,0.9,14125	
-0.4,-0.3,-1.6,-1.5,9354	
-0.4,-0.3,-2.7,-2.6,22060	
-0.4,-0.3,-3.0,-2.9,22927	
-0.4,-0.3,-3.8,-3.7,17913	
-0.4,-0.3,-4.1,-4.0,15677	
-0.4,-0.3,-4.9,-4.8,15838	
-0.4,-0.3,-5.2,-5.1,18044	
-0.4,-0.3,-6.3,-6.2,20479	
-0.4,-0.3,-0.7,-0.6,2585	
-0.4,-0.3,-7.4,-7.3,7609	
-0.4,-0.3,-8.5,-8.4,881	
-0.4,-0.3,-9.6,-9.5,34	
-0.4,-0.3,10.1,10.2,8	
-0.4,-0.3,1.3,1.4,6286	
-0.4,-0.3,0.2,0.3,1562	
-0.4,-0.3,2.4,2.5,19704	
-0.4,-0.3,3.5,3.6,20389	
-0.4,-0.3,4.6,4.7,14551	
-0.4,-0.3,5.7,5.8,21351	
-0.4,-0.3,6.0,6.1,21797	
-0.4,-0.3,6.8,6.9,14970	
-0.4,-0.3,7.1,7.2,11287	
-0.4,-0.3,7.9,8.0,3276	
-0.4,-0.3,8.2,8.3,1739	
-0.4,-0.3,9.3,9.4,64	
-4.0,-3.9,-1.6,-1.5,10035	
-4.0,-3.9,-2.7,-2.6,13874	
-4.0,-3.9,-3.0,-2.9,13884	
-4.0,-3.9,-3.8,-3.7,9575	
-4.0,-3.9,-4.1,-4.0,7004	
-4.0,-3.9,-4.9,-4.8,2035	
-4.0,-3.9,-5.2,-5.1,1072	
-4.0,-3.9,-6.3,-6.2,66	
-4.0,-3.9,-0.7,-0.6,14296	
-4.0,-3.9,-7.4,-7.3,3	
-4.0,-3.9,1.3,1.4,10470	
-4.0,-3.9,0.2,0.3,17179	
-4.0,-3.9,2.4,2.5,12651	
-4.0,-3.9,3.5,3.6,11766	
-4.0,-3.9,4.6,4.7,3577	
-4.0,-3.9,5.7,5.8,289	
-4.0,-3.9,6.0,6.1,126	
-4.0,-3.9,6.8,6.9,12	
-4.0,-3.9,7.1,7.2,6	
-4.0,-3.9,7.9,8.0,2	
-4.0,-3.9,8.2,8.3,1	
-4.1,-4.0,-1.5,-1.4,9280	
-4.1,-4.0,-2.6,-2.5,12048	
-4.1,-4.0,-3.7,-3.6,9285	
-4.1,-4.0,-4.0,-3.9,7158	
-4.1,-4.0,-4.8,-4.7,2105	
-4.1,-4.0,-5.1,-5.0,1276	
-4.1,-4.0,-5.9,-5.8,146	
-4.1,-4.0,-6.2,-6.1,73	
-4.1,-4.0,-0.8,-0.7,12808	
-4.1,-4.0,0.1,0.2,16913	
-4.1,-4.0,1.4,1.5,9637	
-4.1,-4.0,2.5,2.6,11729	
-4.1,-4.0,3.6,3.7,9950	
-4.1,-4.0,4.7,4.8,2683	
-4.1,-4.0,5.0,5.1,1513	
-4.1,-4.0,5.8,5.9,231	
-4.1,-4.0,6.1,6.2,86	
-4.1,-4.0,6.9,7.0,6	
-4.1,-4.0,7.2,7.3,5	
-4.1,-4.0,0.9,1.0,12071	
-4.2,-4.1,-0.1,0.0,16342	
-4.2,-4.1,-1.4,-1.3,9044	
-4.2,-4.1,-2.5,-2.4,10444	
-4.2,-4.1,-3.6,-3.5,8957	
-4.2,-4.1,-4.7,-4.6,2324	
-4.2,-4.1,-5.0,-4.9,1309	
-4.2,-4.1,-5.8,-5.7,195	
-4.2,-4.1,-6.1,-6.0,63	
-4.2,-4.1,-6.9,-6.8,6	
-4.2,-4.1,-7.2,-7.1,1	
-4.2,-4.1,-0.9,-0.8,11689	
-4.2,-4.1,0.0,0.1,32448	
-4.2,-4.1,1.5,1.6,8837	
-4.2,-4.1,2.6,2.7,10739	
-4.2,-4.1,3.7,3.8,8407	
-4.2,-4.1,4.0,4.1,6274	
-4.2,-4.1,4.8,4.9,1998	
-4.2,-4.1,5.1,5.2,1039	
-4.2,-4.1,5.9,6.0,133	
-4.2,-4.1,6.2,6.3,57	
-4.2,-4.1,7.3,7.4,2	
-4.2,-4.1,0.8,0.9,12226	
-4.3,-4.2,-1.3,-1.2,8821	
-4.3,-4.2,-0.2,-0.1,15492	
-4.3,-4.2,-2.4,-2.3,9045	
-4.3,-4.2,-3.5,-3.4,8197	
-4.3,-4.2,-4.6,-4.5,2387	
-4.3,-4.2,-5.7,-5.6,191	
-4.3,-4.2,-6.0,-5.9,108	
-4.3,-4.2,-6.8,-6.7,11	
-4.3,-4.2,-7.1,-7.0,2	
-4.3,-4.2,1.6,1.7,7967	
-4.3,-4.2,2.7,2.8,9718	
-4.3,-4.2,3.0,3.1,9741	
-4.3,-4.2,3.8,3.9,6855	
-4.3,-4.2,4.1,4.2,4912	
-4.3,-4.2,4.9,5.0,1488	
-4.3,-4.2,5.2,5.3,770	
-4.3,-4.2,6.3,6.4,37	
-4.3,-4.2,0.7,0.8,12639	
-4.3,-4.2,7.4,7.5,2	
-4.3,-4.2,8.5,8.6,1	
-4.4,-4.3,-1.2,-1.1,8944	
-4.4,-4.3,-2.3,-2.2,7885	
-4.4,-4.3,-0.3,-0.2,14580	
-4.4,-4.3,-3.4,-3.3,7489	
-4.4,-4.3,-4.5,-4.4,2476	
-4.4,-4.3,-5.6,-5.5,278	
-4.4,-4.3,-6.7,-6.6,14	
-4.4,-4.3,-7.0,-6.9,3	
-4.4,-4.3,-7.8,-7.7,1	
-4.4,-4.3,1.7,1.8,7341	
-4.4,-4.3,2.0,2.1,7268	
-4.4,-4.3,2.8,2.9,8479	
-4.4,-4.3,3.1,3.2,8457	
-4.4,-4.3,3.9,4.0,5264	
-4.4,-4.3,4.2,4.3,3798	
-4.4,-4.3,5.3,5.4,530	
-4.4,-4.3,0.6,0.7,12991	
-4.4,-4.3,6.4,6.5,17	
-4.4,-4.3,7.5,7.6,2	
-4.5,-4.4,-1.1,-1.0,9325	
-4.5,-4.4,-1.9,-1.8,6497	
-4.5,-4.4,-2.2,-2.1,6555	
-4.5,-4.4,-3.3,-3.2,6780	
-4.5,-4.4,-0.4,-0.3,14501	
-4.5,-4.4,-4.4,-4.3,2489	
-4.5,-4.4,-5.5,-5.4,299	
-4.5,-4.4,-6.6,-6.5,10	
-4.5,-4.4,1.0,1.1,9954	
-4.5,-4.4,1.8,1.9,6580	
-4.5,-4.4,2.1,2.2,6603	
-4.5,-4.4,2.9,3.0,7572	
-4.5,-4.4,3.2,3.3,6902	
-4.5,-4.4,4.3,4.4,2917	
-4.5,-4.4,0.5,0.6,13692	
-4.5,-4.4,5.4,5.5,363	
-4.5,-4.4,6.5,6.6,22	
-4.6,-4.5,-1.0,-0.9,10034	
-4.6,-4.5,-1.8,-1.7,6065	
-4.6,-4.5,-2.1,-2.0,6012	
-4.6,-4.5,-2.9,-2.8,6264	
-4.6,-4.5,-3.2,-3.1,5908	
-4.6,-4.5,-4.3,-4.2,2586	
-4.6,-4.5,-0.5,-0.4,13615	
-4.6,-4.5,-5.4,-5.3,312	
-4.6,-4.5,-6.5,-6.4,14	
-4.6,-4.5,1.1,1.2,9120	
-4.6,-4.5,1.9,2.0,5857	
-4.6,-4.5,2.2,2.3,5916	
-4.6,-4.5,3.3,3.4,5837	
-4.6,-4.5,0.4,0.5,14485	
-4.6,-4.5,4.4,4.5,2114	
-4.6,-4.5,5.5,5.6,235	
-4.6,-4.5,6.6,6.7,7	
-4.7,-4.6,-1.7,-1.6,5831	
-4.7,-4.6,-2.0,-1.9,5158	
-4.7,-4.6,-2.8,-2.7,5418	
-4.7,-4.6,-3.1,-3.0,5210	
-4.7,-4.6,-3.9,-3.8,3313	
-4.7,-4.6,-4.2,-4.1,2334	
-4.7,-4.6,-5.3,-5.2,334	
-4.7,-4.6,-0.6,-0.5,13355	
-4.7,-4.6,-6.4,-6.3,19	
-4.7,-4.6,1.2,1.3,8609	
-4.7,-4.6,2.3,2.4,5124	
-4.7,-4.6,0.3,0.4,15221	
-4.7,-4.6,3.4,3.5,4757	
-4.7,-4.6,4.5,4.6,1573	
-4.7,-4.6,5.6,5.7,165	
-4.7,-4.6,6.7,6.8,5	
-4.7,-4.6,7.0,7.1,1	
-4.8,-4.7,-1.6,-1.5,5930	
-4.8,-4.7,-2.7,-2.6,4634	
-4.8,-4.7,-3.0,-2.9,4505	
-4.8,-4.7,-3.8,-3.7,3051	
-4.8,-4.7,-4.1,-4.0,2264	
-4.8,-4.7,-4.9,-4.8,633	
-4.8,-4.7,-5.2,-5.1,364	
-4.8,-4.7,-6.3,-6.2,15	
-4.8,-4.7,-0.7,-0.6,12958	
-4.8,-4.7,1.3,1.4,7749	
-4.8,-4.7,0.2,0.3,16341	
-4.8,-4.7,2.4,2.5,4584	
-4.8,-4.7,3.5,3.6,3757	
-4.8,-4.7,4.6,4.7,1036	
-4.8,-4.7,5.7,5.8,96	
-4.8,-4.7,6.0,6.1,45	
-4.8,-4.7,6.8,6.9,3	
-4.8,-4.7,7.1,7.2,2	
-4.9,-4.8,-1.5,-1.4,6460	
-4.9,-4.8,-2.6,-2.5,3762	
-4.9,-4.8,-3.7,-3.6,2634	
-4.9,-4.8,-4.0,-3.9,2040	
-4.9,-4.8,-4.8,-4.7,628	
-4.9,-4.8,-5.1,-5.0,348	
-4.9,-4.8,-5.9,-5.8,59	
-4.9,-4.8,-6.2,-6.1,18	
-4.9,-4.8,-0.8,-0.7,12447	
-4.9,-4.8,0.1,0.2,17186	
-4.9,-4.8,1.4,1.5,7161	
-4.9,-4.8,2.5,2.6,3962	
-4.9,-4.8,3.6,3.7,2929	
-4.9,-4.8,4.7,4.8,778	
-4.9,-4.8,5.0,5.1,457	
-4.9,-4.8,5.8,5.9,55	
-4.9,-4.8,6.1,6.2,27	
-4.9,-4.8,6.9,7.0,1	
-4.9,-4.8,0.9,1.0,11513	
-0.5,-0.4,-1.5,-1.4,7907	
-0.5,-0.4,-2.6,-2.5,20690	
-0.5,-0.4,-3.7,-3.6,17913	
-0.5,-0.4,-4.0,-3.9,15701	
-0.5,-0.4,-4.8,-4.7,14727	
-0.5,-0.4,-5.1,-5.0,16547	
-0.5,-0.4,-5.9,-5.8,20741	
-0.5,-0.4,-6.2,-6.1,20033	
-0.5,-0.4,-7.3,-7.2,8334	
-0.5,-0.4,-0.8,-0.7,2988	
-0.5,-0.4,-8.4,-8.3,1075	
-0.5,-0.4,-9.5,-9.4,45	
-0.5,-0.4,0.1,0.2,1712	
-0.5,-0.4,10.0,10.1,7	
-0.5,-0.4,1.4,1.5,7021	
-0.5,-0.4,2.5,2.6,19912	
-0.5,-0.4,3.6,3.7,18780	
-0.5,-0.4,4.7,4.8,14147	
-0.5,-0.4,5.0,5.1,15869	
-0.5,-0.4,5.8,5.9,20685	
-0.5,-0.4,6.1,6.2,20458	
-0.5,-0.4,6.9,7.0,13122	
-0.5,-0.4,7.2,7.3,9378	
-0.5,-0.4,8.3,8.4,1274	
-0.5,-0.4,0.9,1.0,3461	
-0.5,-0.4,9.4,9.5,57	
-5.0,-4.9,-1.7,-1.6,5257	
-5.0,-4.9,-2.0,-1.9,4067	
-5.0,-4.9,-2.8,-2.7,3111	
-5.0,-4.9,-3.1,-3.0,3022	
-5.0,-4.9,-3.9,-3.8,1839	
-5.0,-4.9,-4.2,-4.1,1346	
-5.0,-4.9,-5.3,-5.2,191	
-5.0,-4.9,-0.6,-0.5,14824	
-5.0,-4.9,-6.4,-6.3,5	
-5.0,-4.9,1.2,1.3,9005	
-5.0,-4.9,2.3,2.4,3434	
-5.0,-4.9,0.3,0.4,17097	
-5.0,-4.9,3.4,3.5,2682	
-5.0,-4.9,4.5,4.6,876	
-5.0,-4.9,5.6,5.7,85	
-5.0,-4.9,6.7,6.8,4	
-5.1,-5.0,-1.6,-1.5,5894	
-5.1,-5.0,-2.7,-2.6,2774	
-5.1,-5.0,-3.0,-2.9,2497	
-5.1,-5.0,-3.8,-3.7,1637	
-5.1,-5.0,-4.1,-4.0,1195	
-5.1,-5.0,-4.9,-4.8,343	
-5.1,-5.0,-5.2,-5.1,186	
-5.1,-5.0,-6.3,-6.2,9	
-5.1,-5.0,-0.7,-0.6,14505	
-5.1,-5.0,1.3,1.4,8364	
-5.1,-5.0,0.2,0.3,18279	
-5.1,-5.0,2.4,2.5,2896	
-5.1,-5.0,3.5,3.6,2095	
-5.1,-5.0,4.6,4.7,585	
-5.1,-5.0,5.7,5.8,58	
-5.1,-5.0,6.0,6.1,18	
-5.1,-5.0,6.8,6.9,1	
-5.2,-5.1,-1.5,-1.4,6708	
-5.2,-5.1,-2.6,-2.5,2355	
-5.2,-5.1,-3.7,-3.6,1350	
-5.2,-5.1,-4.0,-3.9,1100	
-5.2,-5.1,-4.8,-4.7,355	
-5.2,-5.1,-5.1,-5.0,189	
-5.2,-5.1,-5.9,-5.8,22	
-5.2,-5.1,-6.2,-6.1,5	
-5.2,-5.1,-0.8,-0.7,13883	
-5.2,-5.1,0.1,0.2,19472	
-5.2,-5.1,1.4,1.5,7598	
-5.2,-5.1,2.5,2.6,2456	
-5.2,-5.1,3.6,3.7,1570	
-5.2,-5.1,4.7,4.8,405	
-5.2,-5.1,5.0,5.1,218	
-5.2,-5.1,5.8,5.9,35	
-5.2,-5.1,6.1,6.2,13	
-5.2,-5.1,0.9,1.0,12940	
-5.3,-5.2,-0.1,0.0,20669	
-5.3,-5.2,-1.4,-1.3,7808	
-5.3,-5.2,-2.5,-2.4,2229	
-5.3,-5.2,-3.6,-3.5,1245	
-5.3,-5.2,-4.7,-4.6,332	
-5.3,-5.2,-5.0,-4.9,191	
-5.3,-5.2,-5.8,-5.7,26	
-5.3,-5.2,-6.1,-6.0,10	
-5.3,-5.2,-0.9,-0.8,13498	
-5.3,-5.2,0.0,0.1,41561	
-5.3,-5.2,1.5,1.6,6767	
-5.3,-5.2,2.6,2.7,2045	
-5.3,-5.2,3.7,3.8,1132	
-5.3,-5.2,4.0,4.1,891	
-5.3,-5.2,4.8,4.9,292	
-5.3,-5.2,5.1,5.2,157	
-5.3,-5.2,5.9,6.0,15	
-5.3,-5.2,6.2,6.3,3	
-5.3,-5.2,7.3,7.4,1	
-5.3,-5.2,0.8,0.9,14725	
-5.4,-5.3,-1.3,-1.2,9180	
-5.4,-5.3,-0.2,-0.1,21043	
-5.4,-5.3,-2.4,-2.3,2096	
-5.4,-5.3,-3.5,-3.4,1055	
-5.4,-5.3,-4.6,-4.5,289	
-5.4,-5.3,-5.7,-5.6,21	
-5.4,-5.3,-6.0,-5.9,13	
-5.4,-5.3,-6.8,-6.7,1	
-5.4,-5.3,1.6,1.7,5979	
-5.4,-5.3,2.7,2.8,1647	
-5.4,-5.3,3.0,3.1,1411	
-5.4,-5.3,3.8,3.9,862	
-5.4,-5.3,4.1,4.2,619	
-5.4,-5.3,4.9,5.0,186	
-5.4,-5.3,5.2,5.3,98	
-5.4,-5.3,6.3,6.4,5	
-5.4,-5.3,0.7,0.8,16550	
-5.5,-5.4,-1.2,-1.1,10425	
-5.5,-5.4,-2.3,-2.2,2218	
-5.5,-5.4,-0.3,-0.2,21378	
-5.5,-5.4,-3.4,-3.3,892	
-5.5,-5.4,-4.5,-4.4,293	
-5.5,-5.4,-5.6,-5.5,29	
-5.5,-5.4,-6.7,-6.6,3	
-5.5,-5.4,1.7,1.8,5299	
-5.5,-5.4,2.0,2.1,3360	
-5.5,-5.4,2.8,2.9,1299	
-5.5,-5.4,3.1,3.2,1071	
-5.5,-5.4,3.9,4.0,565	
-5.5,-5.4,4.2,4.3,453	
-5.5,-5.4,5.3,5.4,57	
-5.5,-5.4,0.6,0.7,18265	
-5.5,-5.4,6.4,6.5,2	
-5.6,-5.5,-1.1,-1.0,11650	
-5.6,-5.5,-1.9,-1.8,3901	
-5.6,-5.5,-2.2,-2.1,2351	
-5.6,-5.5,-3.3,-3.2,732	
-5.6,-5.5,-0.4,-0.3,20941	
-5.6,-5.5,-4.4,-4.3,250	
-5.6,-5.5,-5.5,-5.4,23	
-5.6,-5.5,-6.6,-6.5,1	
-5.6,-5.5,1.0,1.1,13499	
-5.6,-5.5,1.8,1.9,4674	
-5.6,-5.5,2.1,2.2,2782	
-5.6,-5.5,2.9,3.0,1029	
-5.6,-5.5,3.2,3.3,853	
-5.6,-5.5,4.3,4.4,321	
-5.6,-5.5,0.5,0.6,20159	
-5.6,-5.5,5.4,5.5,34	
-5.7,-5.6,-1.0,-0.9,13785	
-5.7,-5.6,-1.8,-1.7,4480	
-5.7,-5.6,-2.1,-2.0,2672	
-5.7,-5.6,-2.9,-2.8,860	
-5.7,-5.6,-3.2,-3.1,638	
-5.7,-5.6,-4.3,-4.2,215	
-5.7,-5.6,-0.5,-0.4,20513	
-5.7,-5.6,-5.4,-5.3,25	
-5.7,-5.6,-6.5,-6.4,3	
-5.7,-5.6,1.1,1.2,12297	
-5.7,-5.6,1.9,2.0,3858	
-5.7,-5.6,2.2,2.3,2336	
-5.7,-5.6,3.3,3.4,646	
-5.7,-5.6,0.4,0.5,21528	
-5.7,-5.6,4.4,4.5,207	
-5.7,-5.6,5.5,5.6,16	
-5.7,-5.6,6.6,6.7,1	
-5.8,-5.7,-1.7,-1.6,5474	
-5.8,-5.7,-2.0,-1.9,3262	
-5.8,-5.7,-2.8,-2.7,878	
-5.8,-5.7,-3.1,-3.0,554	
-5.8,-5.7,-3.9,-3.8,282	
-5.8,-5.7,-4.2,-4.1,205	
-5.8,-5.7,-5.3,-5.2,35	
-5.8,-5.7,-0.6,-0.5,19302	
-5.8,-5.7,-6.4,-6.3,2	
-5.8,-5.7,1.2,1.3,11153	
-5.8,-5.7,2.3,2.4,1898	
-5.8,-5.7,0.3,0.4,22564	
-5.8,-5.7,3.4,3.5,452	
-5.8,-5.7,4.5,4.6,130	
-5.8,-5.7,5.6,5.7,16	
-5.9,-5.8,-1.6,-1.5,6300	
-5.9,-5.8,-2.7,-2.6,824	
-5.9,-5.8,-3.0,-2.9,545	
-5.9,-5.8,-3.8,-3.7,231	
-5.9,-5.8,-4.1,-4.0,159	
-5.9,-5.8,-4.9,-4.8,36	
-5.9,-5.8,-5.2,-5.1,30	
-5.9,-5.8,-6.3,-6.2,2	
-5.9,-5.8,-0.7,-0.6,18310	
-5.9,-5.8,1.3,1.4,9734	
-5.9,-5.8,0.2,0.3,23535	
-5.9,-5.8,2.4,2.5,1463	
-5.9,-5.8,3.5,3.6,306	
-5.9,-5.8,4.6,4.7,76	
-5.9,-5.8,5.7,5.8,5	
-5.9,-5.8,6.0,6.1,3	
-0.6,-0.5,-0.1,0.0,2041	
-0.6,-0.5,-10.0,-9.9,3	
-0.6,-0.5,-10.8,-10.7,1	
-0.6,-0.5,-1.4,-1.3,6919	
-0.6,-0.5,-2.5,-2.4,19147	
-0.6,-0.5,-3.6,-3.5,18004	
-0.6,-0.5,-4.7,-4.6,13245	
-0.6,-0.5,-5.0,-4.9,14798	
-0.6,-0.5,-5.8,-5.7,19710	
-0.6,-0.5,-6.1,-6.0,19098	
-0.6,-0.5,-6.9,-6.8,12253	
-0.6,-0.5,-7.2,-7.1,8947	
-0.6,-0.5,-8.3,-8.2,1172	
-0.6,-0.5,-0.9,-0.8,3504	
-0.6,-0.5,-9.4,-9.3,41	
-0.6,-0.5,0.0,0.1,3980	
-0.6,-0.5,1.5,1.6,7813	
-0.6,-0.5,2.6,2.7,19559	
-0.6,-0.5,3.7,3.8,17144	
-0.6,-0.5,4.0,4.1,15066	
-0.6,-0.5,4.8,4.9,13882	
-0.6,-0.5,5.1,5.2,15582	
-0.6,-0.5,5.9,6.0,19435	
-0.6,-0.5,6.2,6.3,18865	
-0.6,-0.5,7.3,7.4,7593	
-0.6,-0.5,0.8,0.9,3032	
-0.6,-0.5,8.4,8.5,963	
-0.6,-0.5,9.5,9.6,25	
-6.0,-5.9,-1.0,-0.9,13924	
-6.0,-5.9,-1.8,-1.7,4373	
-6.0,-5.9,-2.1,-2.0,2589	
-6.0,-5.9,-2.9,-2.8,514	
-6.0,-5.9,-3.2,-3.1,341	
-6.0,-5.9,-4.3,-4.2,105	
-6.0,-5.9,-0.5,-0.4,20582	
-6.0,-5.9,-5.4,-5.3,15	
-6.0,-5.9,1.1,1.2,12468	
-6.0,-5.9,1.9,2.0,3724	
-6.0,-5.9,2.2,2.3,1986	
-6.0,-5.9,3.3,3.4,279	
-6.0,-5.9,0.4,0.5,21628	
-6.0,-5.9,4.4,4.5,75	
-6.0,-5.9,5.5,5.6,9	
-6.1,-6.0,-1.7,-1.6,5342	
-6.1,-6.0,-2.0,-1.9,2992	
-6.1,-6.0,-2.8,-2.7,601	
-6.1,-6.0,-3.1,-3.0,324	
-6.1,-6.0,-3.9,-3.8,114	
-6.1,-6.0,-4.2,-4.1,86	
-6.1,-6.0,-5.3,-5.2,9	
-6.1,-6.0,-0.6,-0.5,19475	
-6.1,-6.0,-6.4,-6.3,1	
-6.1,-6.0,1.2,1.3,10756	
-6.1,-6.0,2.3,2.4,1712	
-6.1,-6.0,0.3,0.4,22380	
-6.1,-6.0,3.4,3.5,190	
-6.1,-6.0,4.5,4.6,53	
-6.1,-6.0,5.6,5.7,5	
-6.1,-6.0,6.7,6.8,1	
-6.2,-6.1,-1.6,-1.5,5934	
-6.2,-6.1,-2.7,-2.6,607	
-6.2,-6.1,-3.0,-2.9,349	
-6.2,-6.1,-3.8,-3.7,104	
-6.2,-6.1,-4.1,-4.0,63	
-6.2,-6.1,-4.9,-4.8,16	
-6.2,-6.1,-5.2,-5.1,12	
-6.2,-6.1,-0.7,-0.6,17433	
-6.2,-6.1,1.3,1.4,9414	
-6.2,-6.1,0.2,0.3,22534	
-6.2,-6.1,2.4,2.5,1216	
-6.2,-6.1,3.5,3.6,141	
-6.2,-6.1,4.6,4.7,33	
-6.2,-6.1,5.7,5.8,3	
-6.3,-6.2,-1.5,-1.4,6761	
-6.3,-6.2,-2.6,-2.5,773	
-6.3,-6.2,-3.7,-3.6,77	
-6.3,-6.2,-4.0,-3.9,56	
-6.3,-6.2,-4.8,-4.7,21	
-6.3,-6.2,-5.1,-5.0,12	
-6.3,-6.2,-0.8,-0.7,15604	
-6.3,-6.2,0.1,0.2,22518	
-6.3,-6.2,1.4,1.5,8139	
-6.3,-6.2,2.5,2.6,948	
-6.3,-6.2,3.6,3.7,108	
-6.3,-6.2,4.7,4.8,16	
-6.3,-6.2,5.0,5.1,17	
-6.3,-6.2,5.8,5.9,1	
-6.3,-6.2,6.1,6.2,1	
-6.3,-6.2,0.9,1.0,14245	
-6.4,-6.3,-0.1,0.0,21601	
-6.4,-6.3,-1.4,-1.3,7622	
-6.4,-6.3,-2.5,-2.4,888	
-6.4,-6.3,-3.6,-3.5,67	
-6.4,-6.3,-4.7,-4.6,17	
-6.4,-6.3,-5.0,-4.9,11	
-6.4,-6.3,-5.8,-5.7,1	
-6.4,-6.3,-6.9,-6.8,1	
-6.4,-6.3,-0.9,-0.8,13759	
-6.4,-6.3,0.0,0.1,43503	
-6.4,-6.3,1.5,1.6,6553	
-6.4,-6.3,2.6,2.7,737	
-6.4,-6.3,3.7,3.8,60	
-6.4,-6.3,4.0,4.1,48	
-6.4,-6.3,4.8,4.9,17	
-6.4,-6.3,5.1,5.2,8	
-6.4,-6.3,6.2,6.3,1	
-6.4,-6.3,0.8,0.9,15279	
-6.5,-6.4,-1.3,-1.2,8223	
-6.5,-6.4,-0.2,-0.1,19952	
-6.5,-6.4,-2.4,-2.3,1034	
-6.5,-6.4,-3.5,-3.4,71	
-6.5,-6.4,-4.6,-4.5,11	
-6.5,-6.4,-5.7,-5.6,2	
-6.5,-6.4,-6.0,-5.9,1	
-6.5,-6.4,1.6,1.7,5352	
-6.5,-6.4,2.7,2.8,525	
-6.5,-6.4,3.0,3.1,236	
-6.5,-6.4,3.8,3.9,47	
-6.5,-6.4,4.1,4.2,33	
-6.5,-6.4,4.9,5.0,7	
-6.5,-6.4,0.7,0.8,15493	
-6.6,-6.5,-1.2,-1.1,9064	
-6.6,-6.5,-2.3,-2.2,1315	
-6.6,-6.5,-0.3,-0.2,18367	
-6.6,-6.5,-3.4,-3.3,76	
-6.6,-6.5,-4.5,-4.4,12	
-6.6,-6.5,-5.6,-5.5,1	
-6.6,-6.5,1.7,1.8,4245	
-6.6,-6.5,2.0,2.1,2387	
-6.6,-6.5,2.8,2.9,358	
-6.6,-6.5,3.1,3.2,172	
-6.6,-6.5,3.9,4.0,28	
-6.6,-6.5,4.2,4.3,15	
-6.6,-6.5,5.3,5.4,1	
-6.6,-6.5,0.6,0.7,15536	
-6.7,-6.6,-1.1,-1.0,9293	
-6.7,-6.6,-1.9,-1.8,2792	
-6.7,-6.6,-2.2,-2.1,1495	
-6.7,-6.6,-3.3,-3.2,89	
-6.7,-6.6,-0.4,-0.3,16271	
-6.7,-6.6,-4.4,-4.3,11	
-6.7,-6.6,-5.5,-5.4,1	
-6.7,-6.6,1.0,1.1,10576	
-6.7,-6.6,1.8,1.9,3258	
-6.7,-6.6,2.1,2.2,1769	
-6.7,-6.6,2.9,3.0,249	
-6.7,-6.6,3.2,3.3,107	
-6.7,-6.6,4.3,4.4,14	
-6.7,-6.6,0.5,0.6,15337	
-6.7,-6.6,5.4,5.5,1	
-6.8,-6.7,-1.0,-0.9,9629	
-6.8,-6.7,-1.8,-1.7,2996	
-6.8,-6.7,-2.1,-2.0,1632	
-6.8,-6.7,-2.9,-2.8,235	
-6.8,-6.7,-3.2,-3.1,99	
-6.8,-6.7,-4.3,-4.2,6	
-6.8,-6.7,-0.5,-0.4,14472	
-6.8,-6.7,1.1,1.2,8591	
-6.8,-6.7,1.9,2.0,2634	
-6.8,-6.7,2.2,2.3,1352	
-6.8,-6.7,3.3,3.4,83	
-6.8,-6.7,0.4,0.5,15228	
-6.8,-6.7,4.4,4.5,7	
-6.9,-6.8,-1.7,-1.6,3249	
-6.9,-6.8,-2.0,-1.9,1809	
-6.9,-6.8,-2.8,-2.7,254	
-6.9,-6.8,-3.1,-3.0,112	
-6.9,-6.8,-3.9,-3.8,11	
-6.9,-6.8,-4.2,-4.1,5	
-6.9,-6.8,-0.6,-0.5,12336	
-6.9,-6.8,1.2,1.3,6893	
-6.9,-6.8,2.3,2.4,929	
-6.9,-6.8,0.3,0.4,14381	
-6.9,-6.8,3.4,3.5,46	
-6.9,-6.8,4.5,4.6,5	
-0.7,-0.6,-10.1,-10.0,4	
-0.7,-0.6,-1.3,-1.2,5950	
-0.7,-0.6,-0.2,-0.1,2400	
-0.7,-0.6,-2.4,-2.3,17341	
-0.7,-0.6,-3.5,-3.4,18010	
-0.7,-0.6,-4.6,-4.5,12426	
-0.7,-0.6,-5.7,-5.6,18060	
-0.7,-0.6,-6.0,-5.9,18309	
-0.7,-0.6,-6.8,-6.7,12503	
-0.7,-0.6,-7.1,-7.0,9338	
-0.7,-0.6,-7.9,-7.8,2748	
-0.7,-0.6,-8.2,-8.1,1398	
-0.7,-0.6,-9.3,-9.2,72	
-0.7,-0.6,1.6,1.7,8427	
-0.7,-0.6,2.7,2.8,19408	
-0.7,-0.6,3.0,3.1,20217	
-0.7,-0.6,3.8,3.9,15661	
-0.7,-0.6,4.1,4.2,13491	
-0.7,-0.6,4.9,5.0,13329	
-0.7,-0.6,5.2,5.3,15305	
-0.7,-0.6,6.3,6.4,17157	
-0.7,-0.6,0.7,0.8,2996	
-0.7,-0.6,7.4,7.5,6325	
-0.7,-0.6,8.5,8.6,646	
-0.7,-0.6,9.6,9.7,30	
-7.0,-6.9,-1.1,-1.0,7157	
-7.0,-6.9,-1.9,-1.8,2099	
-7.0,-6.9,-2.2,-2.1,1063	
-7.0,-6.9,-3.3,-3.2,60	
-7.0,-6.9,-0.4,-0.3,12498	
-7.0,-6.9,-4.4,-4.3,4	
-7.0,-6.9,1.0,1.1,7857	
-7.0,-6.9,1.8,1.9,2394	
-7.0,-6.9,2.1,2.2,1403	
-7.0,-6.9,2.9,3.0,189	
-7.0,-6.9,3.2,3.3,83	
-7.0,-6.9,4.3,4.4,2	
-7.0,-6.9,0.5,0.6,11969	
-7.0,-6.9,5.4,5.5,1	
-7.1,-7.0,-1.0,-0.9,7082	
-7.1,-7.0,-1.8,-1.7,2254	
-7.1,-7.0,-2.1,-2.0,1267	
-7.1,-7.0,-2.9,-2.8,183	
-7.1,-7.0,-3.2,-3.1,58	
-7.1,-7.0,-4.3,-4.2,3	
-7.1,-7.0,-0.5,-0.4,10490	
-7.1,-7.0,-5.4,-5.3,1	
-7.1,-7.0,1.1,1.2,6234	
-7.1,-7.0,1.9,2.0,1890	
-7.1,-7.0,2.2,2.3,998	
-7.1,-7.0,3.3,3.4,52	
-7.1,-7.0,0.4,0.5,11151	
-7.1,-7.0,4.4,4.5,2	
-7.1,-7.0,5.5,5.6,1	
-7.2,-7.1,-1.7,-1.6,2404	
-7.2,-7.1,-2.0,-1.9,1348	
-7.2,-7.1,-2.8,-2.7,207	
-7.2,-7.1,-3.1,-3.0,79	
-7.2,-7.1,-3.9,-3.8,6	
-7.2,-7.1,-4.2,-4.1,3	
-7.2,-7.1,-0.6,-0.5,8816	
-7.2,-7.1,1.2,1.3,5014	
-7.2,-7.1,2.3,2.4,705	
-7.2,-7.1,0.3,0.4,10153	
-7.2,-7.1,3.4,3.5,35	
-7.2,-7.1,4.5,4.6,3	
-7.3,-7.2,-1.6,-1.5,2446	
-7.3,-7.2,-2.7,-2.6,218	
-7.3,-7.2,-3.0,-2.9,105	
-7.3,-7.2,-3.8,-3.7,11	
-7.3,-7.2,-0.7,-0.6,7365	
-7.3,-7.2,1.3,1.4,3794	
-7.3,-7.2,0.2,0.3,9362	
-7.3,-7.2,2.4,2.5,499	
-7.3,-7.2,3.5,3.6,23	
-7.4,-7.3,-1.5,-1.4,2619	
-7.4,-7.3,-2.6,-2.5,254	
-7.4,-7.3,-3.7,-3.6,14	
-7.4,-7.3,-4.0,-3.9,4	
-7.4,-7.3,-0.8,-0.7,5797	
-7.4,-7.3,0.1,0.2,8232	
-7.4,-7.3,1.4,1.5,2984	
-7.4,-7.3,2.5,2.6,334	
-7.4,-7.3,3.6,3.7,12	
-7.4,-7.3,0.9,1.0,5456	
-7.5,-7.4,-0.1,0.0,6969	
-7.5,-7.4,-1.4,-1.3,2502	
-7.5,-7.4,-2.5,-2.4,279	
-7.5,-7.4,-3.6,-3.5,10	
-7.5,-7.4,-0.9,-0.8,4666	
-7.5,-7.4,0.0,0.1,14515	
-7.5,-7.4,1.5,1.6,2139	
-7.5,-7.4,2.6,2.7,194	
-7.5,-7.4,3.7,3.8,6	
-7.5,-7.4,4.0,4.1,1	
-7.5,-7.4,0.8,0.9,4927	
-7.6,-7.5,-1.3,-1.2,2531	
-7.6,-7.5,-0.2,-0.1,5875	
-7.6,-7.5,-2.4,-2.3,343	
-7.6,-7.5,-3.5,-3.4,13	
-7.6,-7.5,1.6,1.7,1571	
-7.6,-7.5,2.7,2.8,128	
-7.6,-7.5,3.0,3.1,59	
-7.6,-7.5,3.8,3.9,4	
-7.6,-7.5,4.1,4.2,1	
-7.6,-7.5,0.7,0.8,4581	
-7.7,-7.6,-1.2,-1.1,2373	
-7.7,-7.6,-2.3,-2.2,319	
-7.7,-7.6,-0.3,-0.2,4909	
-7.7,-7.6,-3.4,-3.3,8	
-7.7,-7.6,1.7,1.8,1077	
-7.7,-7.6,2.0,2.1,618	
-7.7,-7.6,2.8,2.9,91	
-7.7,-7.6,3.1,3.2,36	
-7.7,-7.6,3.9,4.0,2	
-7.7,-7.6,4.2,4.3,1	
-7.7,-7.6,0.6,0.7,4158	
-7.8,-7.7,-1.1,-1.0,2226	
-7.8,-7.7,-1.9,-1.8,625	
-7.8,-7.7,-2.2,-2.1,323	
-7.8,-7.7,-3.3,-3.2,19	
-7.8,-7.7,-0.4,-0.3,3881	
-7.8,-7.7,1.0,1.1,2489	
-7.8,-7.7,1.8,1.9,768	
-7.8,-7.7,2.1,2.2,420	
-7.8,-7.7,2.9,3.0,62	
-7.8,-7.7,3.2,3.3,15	
-7.8,-7.7,0.5,0.6,3722	
-7.9,-7.8,-1.0,-0.9,2092	
-7.9,-7.8,-1.8,-1.7,669	
-7.9,-7.8,-2.1,-2.0,366	
-7.9,-7.8,-2.9,-2.8,35	
-7.9,-7.8,-3.2,-3.1,18	
-7.9,-7.8,-0.5,-0.4,3110	
-7.9,-7.8,1.1,1.2,1789	
-7.9,-7.8,1.9,2.0,555	
-7.9,-7.8,2.2,2.3,249	
-7.9,-7.8,3.3,3.4,16	
-7.9,-7.8,0.4,0.5,3129	
-0.8,-0.7,-10.2,-10.1,3	
-0.8,-0.7,-1.2,-1.1,5195	
-0.8,-0.7,-2.3,-2.2,15436	
-0.8,-0.7,-0.3,-0.2,2872	
-0.8,-0.7,-3.4,-3.3,17831	
-0.8,-0.7,-4.5,-4.4,11569	
-0.8,-0.7,-5.6,-5.5,16311	
-0.8,-0.7,-6.7,-6.6,12780	
-0.8,-0.7,-7.0,-6.9,9659	
-0.8,-0.7,-7.8,-7.7,3000	
-0.8,-0.7,-8.1,-8.0,1612	
-0.8,-0.7,-8.9,-8.8,233	
-0.8,-0.7,-9.2,-9.1,76	
-0.8,-0.7,10.5,10.6,2	
-0.8,-0.7,1.7,1.8,9099	
-0.8,-0.7,2.0,2.1,12266	
-0.8,-0.7,2.8,2.9,19040	
-0.8,-0.7,3.1,3.2,19078	
-0.8,-0.7,3.9,4.0,14119	
-0.8,-0.7,4.2,4.3,12410	
-0.8,-0.7,5.3,5.4,14692	
-0.8,-0.7,0.6,0.7,3171	
-0.8,-0.7,6.4,6.5,15132	
-0.8,-0.7,7.5,7.6,5050	
-0.8,-0.7,8.6,8.7,485	
-0.8,-0.7,9.7,9.8,25	
-8.0,-7.9,-1.2,-1.1,1289	
-8.0,-7.9,-2.3,-2.2,184	
-8.0,-7.9,-0.3,-0.2,2748	
-8.0,-7.9,-3.4,-3.3,5	
-8.0,-7.9,1.7,1.8,639	
-8.0,-7.9,2.0,2.1,337	
-8.0,-7.9,2.8,2.9,46	
-8.0,-7.9,3.1,3.2,18	
-8.0,-7.9,0.6,0.7,2422	
-8.1,-8.0,-1.1,-1.0,1230	
-8.1,-8.0,-1.9,-1.8,324	
-8.1,-8.0,-2.2,-2.1,207	
-8.1,-8.0,-3.3,-3.2,6	
-8.1,-8.0,-0.4,-0.3,2171	
-8.1,-8.0,-4.4,-4.3,1	
-8.1,-8.0,1.0,1.1,1395	
-8.1,-8.0,1.8,1.9,394	
-8.1,-8.0,2.1,2.2,225	
-8.1,-8.0,2.9,3.0,46	
-8.1,-8.0,3.2,3.3,10	
-8.1,-8.0,0.5,0.6,2051	
-8.2,-8.1,-1.0,-0.9,1127	
-8.2,-8.1,-1.8,-1.7,333	
-8.2,-8.1,-2.1,-2.0,190	
-8.2,-8.1,-2.9,-2.8,26	
-8.2,-8.1,-3.2,-3.1,10	
-8.2,-8.1,-0.5,-0.4,1584	
-8.2,-8.1,1.1,1.2,979	
-8.2,-8.1,1.9,2.0,293	
-8.2,-8.1,2.2,2.3,132	
-8.2,-8.1,3.3,3.4,9	
-8.2,-8.1,0.4,0.5,1698	
-8.3,-8.2,-1.7,-1.6,340	
-8.3,-8.2,-2.0,-1.9,178	
-8.3,-8.2,-2.8,-2.7,27	
-8.3,-8.2,-3.1,-3.0,10	
-8.3,-8.2,-3.9,-3.8,2	
-8.3,-8.2,-0.6,-0.5,1203	
-8.3,-8.2,1.2,1.3,696	
-8.3,-8.2,2.3,2.4,86	
-8.3,-8.2,0.3,0.4,1490	
-8.3,-8.2,3.4,3.5,3	
-8.4,-8.3,-1.6,-1.5,314	
-8.4,-8.3,-2.7,-2.6,29	
-8.4,-8.3,-3.0,-2.9,22	
-8.4,-8.3,-3.8,-3.7,1	
-8.4,-8.3,-0.7,-0.6,891	
-8.4,-8.3,1.3,1.4,486	
-8.4,-8.3,0.2,0.3,1159	
-8.4,-8.3,2.4,2.5,55	
-8.4,-8.3,3.5,3.6,6	
-8.5,-8.4,-1.5,-1.4,305	
-8.5,-8.4,-2.6,-2.5,36	
-8.5,-8.4,-3.7,-3.6,2	
-8.5,-8.4,-4.0,-3.9,1	
-8.5,-8.4,-0.8,-0.7,637	
-8.5,-8.4,0.1,0.2,933	
-8.5,-8.4,1.4,1.5,314	
-8.5,-8.4,2.5,2.6,21	
-8.5,-8.4,3.6,3.7,3	
-8.5,-8.4,0.9,1.0,554	
-8.6,-8.5,-0.1,0.0,718	
-8.6,-8.5,-1.4,-1.3,242	
-8.6,-8.5,-2.5,-2.4,21	
-8.6,-8.5,-0.9,-0.8,445	
-8.6,-8.5,0.0,0.1,1540	
-8.6,-8.5,1.5,1.6,219	
-8.6,-8.5,2.6,2.7,27	
-8.6,-8.5,3.7,3.8,1	
-8.6,-8.5,4.0,4.1,1	
-8.6,-8.5,0.8,0.9,518	
-8.7,-8.6,-1.3,-1.2,223	
-8.7,-8.6,-0.2,-0.1,543	
-8.7,-8.6,-2.4,-2.3,27	
-8.7,-8.6,1.6,1.7,140	
-8.7,-8.6,2.7,2.8,16	
-8.7,-8.6,3.0,3.1,8	
-8.7,-8.6,0.7,0.8,437	
-8.8,-8.7,-1.2,-1.1,194	
-8.8,-8.7,-2.3,-2.2,23	
-8.8,-8.7,-0.3,-0.2,397	
-8.8,-8.7,-3.4,-3.3,1	
-8.8,-8.7,1.7,1.8,93	
-8.8,-8.7,2.0,2.1,58	
-8.8,-8.7,2.8,2.9,5	
-8.8,-8.7,3.1,3.2,4	
-8.8,-8.7,0.6,0.7,345	
-8.9,-8.8,-1.1,-1.0,168	
-8.9,-8.8,-1.9,-1.8,38	
-8.9,-8.8,-2.2,-2.1,36	
-8.9,-8.8,-3.3,-3.2,2	
-8.9,-8.8,-0.4,-0.3,252	
-8.9,-8.8,1.0,1.1,175	
-8.9,-8.8,1.8,1.9,46	
-8.9,-8.8,2.1,2.2,30	
-8.9,-8.8,2.9,3.0,5	
-8.9,-8.8,3.2,3.3,2	
-8.9,-8.8,0.5,0.6,296	
-0.9,-0.8,-1.1,-1.0,4774	
-0.9,-0.8,-1.9,-1.8,10871	
-0.9,-0.8,-2.2,-2.1,13962	
-0.9,-0.8,-3.3,-3.2,17490	
-0.9,-0.8,-0.4,-0.3,3381	
-0.9,-0.8,-4.4,-4.3,10860	
-0.9,-0.8,-5.5,-5.4,14546	
-0.9,-0.8,-6.6,-6.5,12388	
-0.9,-0.8,-7.7,-7.6,3296	
-0.9,-0.8,-8.0,-7.9,1802	
-0.9,-0.8,-8.8,-8.7,247	
-0.9,-0.8,-9.1,-9.0,137	
-0.9,-0.8,-9.9,-9.8,4	
-0.9,-0.8,1.0,1.1,4445	
-0.9,-0.8,10.4,10.5,1	
-0.9,-0.8,1.8,1.9,9671	
-0.9,-0.8,2.1,2.2,12962	
-0.9,-0.8,2.9,3.0,18091	
-0.9,-0.8,3.2,3.3,17762	
-0.9,-0.8,4.3,4.4,11139	
-0.9,-0.8,0.5,0.6,3443	
-0.9,-0.8,5.4,5.5,13723	
-0.9,-0.8,6.5,6.6,12974	
-0.9,-0.8,7.6,7.7,3949	
-0.9,-0.8,8.7,8.8,335	
-0.9,-0.8,9.0,9.1,143	
-0.9,-0.8,9.8,9.9,5	
-9.0,-8.9,-1.3,-1.2,103	
-9.0,-8.9,-0.2,-0.1,227	
-9.0,-8.9,-2.4,-2.3,8	
-9.0,-8.9,-3.5,-3.4,1	
-9.0,-8.9,1.6,1.7,63	
-9.0,-8.9,2.7,2.8,5	
-9.0,-8.9,3.0,3.1,3	
-9.0,-8.9,0.7,0.8,163	
-9.1,-9.0,-1.2,-1.1,74	
-9.1,-9.0,-2.3,-2.2,10	
-9.1,-9.0,-0.3,-0.2,161	
-9.1,-9.0,-3.4,-3.3,1	
-9.1,-9.0,1.7,1.8,34	
-9.1,-9.0,2.0,2.1,22	
-9.1,-9.0,2.8,2.9,2	
-9.1,-9.0,3.1,3.2,1	
-9.1,-9.0,0.6,0.7,118	
-9.2,-9.1,-1.1,-1.0,64	
-9.2,-9.1,-1.9,-1.8,10	
-9.2,-9.1,-2.2,-2.1,15	
-9.2,-9.1,-3.3,-3.2,1	
-9.2,-9.1,-0.4,-0.3,120	
-9.2,-9.1,1.0,1.1,77	
-9.2,-9.1,1.8,1.9,13	
-9.2,-9.1,2.1,2.2,11	
-9.2,-9.1,0.5,0.6,82	
-9.3,-9.2,-1.0,-0.9,48	
-9.3,-9.2,-1.8,-1.7,18	
-9.3,-9.2,-2.1,-2.0,8	
-9.3,-9.2,-3.2,-3.1,1	
-9.3,-9.2,-0.5,-0.4,64	
-9.3,-9.2,1.1,1.2,52	
-9.3,-9.2,1.9,2.0,6	
-9.3,-9.2,2.2,2.3,6	
-9.3,-9.2,3.3,3.4,1	
-9.3,-9.2,0.4,0.5,52	
-9.4,-9.3,-1.7,-1.6,15	
-9.4,-9.3,-2.0,-1.9,10	
-9.4,-9.3,-0.6,-0.5,48	
-9.4,-9.3,1.2,1.3,30	
-9.4,-9.3,2.3,2.4,4	
-9.4,-9.3,0.3,0.4,60	
-9.4,-9.3,3.4,3.5,1	
-9.5,-9.4,-1.6,-1.5,14	
-9.5,-9.4,-2.7,-2.6,1	
-9.5,-9.4,-0.7,-0.6,38	
-9.5,-9.4,1.3,1.4,21	
-9.5,-9.4,0.2,0.3,37	
-9.5,-9.4,2.4,2.5,2	
-9.6,-9.5,-1.5,-1.4,7	
-9.6,-9.5,-0.8,-0.7,16	
-9.6,-9.5,0.1,0.2,18	
-9.6,-9.5,1.4,1.5,6	
-9.6,-9.5,2.5,2.6,1	
-9.6,-9.5,3.6,3.7,1	
-9.6,-9.5,0.9,1.0,17	
-9.7,-9.6,-0.1,0.0,27	
-9.7,-9.6,-1.4,-1.3,7	
-9.7,-9.6,-0.9,-0.8,13	
-9.7,-9.6,0.0,0.1,33	
-9.7,-9.6,1.5,1.6,6	
-9.7,-9.6,0.8,0.9,12	
-9.8,-9.7,-1.3,-1.2,6	
-9.8,-9.7,-0.2,-0.1,15	
-9.8,-9.7,-2.4,-2.3,1	
-9.8,-9.7,1.6,1.7,3	
-9.8,-9.7,0.7,0.8,8	
-9.9,-9.8,-1.2,-1.1,3	
-9.9,-9.8,-0.3,-0.2,11	
-9.9,-9.8,-3.4,-3.3,1	
-9.9,-9.8,1.7,1.8,1	
-9.9,-9.8,2.0,2.1,1	
-9.9,-9.8,0.6,0.7,8	
0.0,0.1,-10.5,-10.4,2	
0.0,0.1,-1.7,-1.6,22446	
0.0,0.1,-2.0,-1.9,31211	
0.0,0.1,-2.8,-2.7,48570	
0.0,0.1,-3.1,-3.0,49340	
0.0,0.1,-3.9,-3.8,36973	
0.0,0.1,-4.2,-4.1,32437	
0.0,0.1,-5.3,-5.2,41521	
0.0,0.1,-0.6,-0.5,3977	
0.0,0.1,-6.4,-6.3,43092	
0.0,0.1,-7.5,-7.4,14599	
0.0,0.1,-8.6,-8.5,1412	
0.0,0.1,-9.7,-9.6,48	
0.0,0.1,10.2,10.3,6	
0.0,0.1,1.2,1.3,11251	
0.0,0.1,2.3,2.4,39396	
0.0,0.1,0.3,0.4,2685	
0.0,0.1,3.4,3.5,45961	
0.0,0.1,4.5,4.6,31452	
0.0,0.1,5.6,5.7,46220	
0.0,0.1,6.7,6.8,35805	
0.0,0.1,7.0,7.1,27679	
0.0,0.1,7.8,7.9,8499	
0.0,0.1,8.1,8.2,4675	
0.0,0.1,8.9,9.0,657	
0.0,0.1,9.2,9.3,256	
0.1,0.2,-10.6,-10.5,1	
0.1,0.2,-1.6,-1.5,9861	
0.1,0.2,-2.7,-2.6,23572	
0.1,0.2,-3.0,-2.9,24366	
0.1,0.2,-3.8,-3.7,19243	
0.1,0.2,-4.1,-4.0,16805	
0.1,0.2,-4.9,-4.8,17130	
0.1,0.2,-5.2,-5.1,19556	
0.1,0.2,-6.3,-6.2,22292	
0.1,0.2,-0.7,-0.6,2462	
0.1,0.2,-7.4,-7.3,8202	
0.1,0.2,-8.5,-8.4,909	
0.1,0.2,-9.6,-9.5,17	
0.1,0.2,10.1,10.2,2	
0.1,0.2,10.9,11.0,1	
0.1,0.2,1.3,1.4,6564	
0.1,0.2,0.2,0.3,1215	
0.1,0.2,2.4,2.5,20924	
0.1,0.2,3.5,3.6,22035	
0.1,0.2,4.6,4.7,15662	
0.1,0.2,5.7,5.8,23071	
0.1,0.2,6.0,6.1,23737	
0.1,0.2,6.8,6.9,16479	
0.1,0.2,7.1,7.2,12347	
0.1,0.2,7.9,8.0,3536	
0.1,0.2,8.2,8.3,1833	
0.1,0.2,9.3,9.4,95	
1.0,1.1,-10.6,-10.5,1	
1.0,1.1,-1.6,-1.5,7980	
1.0,1.1,-2.7,-2.6,16967	
1.0,1.1,-3.0,-2.9,17643	
1.0,1.1,-3.8,-3.7,13480	
1.0,1.1,-4.1,-4.0,11431	
1.0,1.1,-4.9,-4.8,10432	
1.0,1.1,-5.2,-5.1,11992	
1.0,1.1,-6.3,-6.2,12923	
1.0,1.1,-0.7,-0.6,4025	
1.0,1.1,-7.4,-7.3,4841	
1.0,1.1,-8.5,-8.4,565	
1.0,1.1,-9.6,-9.5,15	
1.0,1.1,10.1,10.2,7	
1.0,1.1,1.3,1.4,5859	
1.0,1.1,0.2,0.3,3990	
1.0,1.1,2.4,2.5,15090	
1.0,1.1,3.5,3.6,15655	
1.0,1.1,4.6,4.7,9957	
1.0,1.1,5.7,5.8,13702	
1.0,1.1,6.0,6.1,13774	
1.0,1.1,6.8,6.9,9644	
1.0,1.1,7.1,7.2,7126	
1.0,1.1,7.9,8.0,2043	
1.0,1.1,8.2,8.3,1066	
1.0,1.1,9.3,9.4,49	
10.0,10.1,-1.6,-1.5,1	
10.0,10.1,-2.7,-2.6,1	
10.0,10.1,-0.7,-0.6,6	
10.0,10.1,1.3,1.4,3	
10.0,10.1,0.2,0.3,7	
10.0,10.1,2.4,2.5,2	
10.1,10.2,-1.5,-1.4,1	
10.1,10.2,-0.8,-0.7,7	
10.1,10.2,0.1,0.2,6	
10.1,10.2,1.4,1.5,1	
10.1,10.2,2.5,2.6,1	
10.1,10.2,0.9,1.0,3	
10.2,10.3,-0.1,0.0,3	
10.2,10.3,-1.4,-1.3,1	
10.2,10.3,-0.9,-0.8,1	
10.2,10.3,0.0,0.1,9	
10.2,10.3,2.6,2.7,1	
10.2,10.3,0.8,0.9,2	
10.3,10.4,-1.3,-1.2,1	
10.3,10.4,-0.2,-0.1,4	
10.3,10.4,0.7,0.8,2	
10.4,10.5,0.6,0.7,3	
10.5,10.6,-0.4,-0.3,1	
10.6,10.7,1.1,1.2,1	
10.7,10.8,-0.6,-0.5,1	
10.7,10.8,1.2,1.3,1	
1.1,1.2,-10.7,-10.6,1	
1.1,1.2,-1.5,-1.4,7046	
1.1,1.2,-2.6,-2.5,15913	
1.1,1.2,-3.7,-3.6,13416	
1.1,1.2,-4.0,-3.9,11596	
1.1,1.2,-4.8,-4.7,9547	
1.1,1.2,-5.1,-5.0,10320	
1.1,1.2,-5.9,-5.8,12462	
1.1,1.2,-6.2,-6.1,12275	
1.1,1.2,-7.3,-7.2,5011	
1.1,1.2,-0.8,-0.7,4700	
1.1,1.2,-8.4,-8.3,596	
1.1,1.2,-9.5,-9.4,28	
1.1,1.2,0.1,0.2,4737	
1.1,1.2,10.0,10.1,5	
1.1,1.2,1.4,1.5,6667	
1.1,1.2,2.5,2.6,15414	
1.1,1.2,3.6,3.7,14218	
1.1,1.2,4.7,4.8,9387	
1.1,1.2,5.0,5.1,9954	
1.1,1.2,5.8,5.9,12469	
1.1,1.2,6.1,6.2,12367	
1.1,1.2,6.9,7.0,7737	
1.1,1.2,7.2,7.3,5676	
1.1,1.2,8.3,8.4,777	
1.1,1.2,0.9,1.0,4857	
1.1,1.2,9.4,9.5,28	
1.2,1.3,-0.1,0.0,5593	
1.2,1.3,-10.0,-9.9,2	
1.2,1.3,-1.4,-1.3,6680	
1.2,1.3,-2.5,-2.4,14907	
1.2,1.3,-3.6,-3.5,13853	
1.2,1.3,-4.7,-4.6,8567	
1.2,1.3,-5.0,-4.9,9018	
1.2,1.3,-5.8,-5.7,11175	
1.2,1.3,-6.1,-6.0,11057	
1.2,1.3,-6.9,-6.8,6976	
1.2,1.3,-7.2,-7.1,4957	
1.2,1.3,-8.3,-8.2,692	
1.2,1.3,-0.9,-0.8,5309	
1.2,1.3,-9.4,-9.3,36	
1.2,1.3,0.0,0.1,10937	
1.2,1.3,1.5,1.6,7211	
1.2,1.3,2.6,2.7,15198	
1.2,1.3,3.7,3.8,12860	
1.2,1.3,4.0,4.1,10805	
1.2,1.3,4.8,4.9,8523	
1.2,1.3,5.1,5.2,9123	
1.2,1.3,5.9,6.0,11106	
1.2,1.3,6.2,6.3,10565	
1.2,1.3,7.3,7.4,4462	
1.2,1.3,0.8,0.9,5272	
1.2,1.3,8.4,8.5,555	
1.2,1.3,9.5,9.6,12	
1.3,1.4,-10.1,-10.0,5	
1.3,1.4,-1.3,-1.2,6333	
1.3,1.4,-0.2,-0.1,6448	
1.3,1.4,-2.4,-2.3,13870	
1.3,1.4,-3.5,-3.4,13798	
1.3,1.4,-4.6,-4.5,7936	
1.3,1.4,-5.7,-5.6,9774	
1.3,1.4,-6.0,-5.9,9759	
1.3,1.4,-6.8,-6.7,6637	
1.3,1.4,-7.1,-7.0,5025	
1.3,1.4,-7.9,-7.8,1466	
1.3,1.4,-8.2,-8.1,789	
1.3,1.4,-9.3,-9.2,36	
1.3,1.4,1.6,1.7,7839	
1.3,1.4,2.7,2.8,15379	
1.3,1.4,3.0,3.1,15787	
1.3,1.4,3.8,3.9,11653	
1.3,1.4,4.1,4.2,9762	
1.3,1.4,4.9,5.0,7847	
1.3,1.4,5.2,5.3,8379	
1.3,1.4,6.3,6.4,9141	
1.3,1.4,0.7,0.8,5953	
1.3,1.4,7.4,7.5,3339	
1.3,1.4,8.5,8.6,355	
1.3,1.4,9.6,9.7,11	
1.4,1.5,-10.2,-10.1,1	
1.4,1.5,-1.2,-1.1,6596	
1.4,1.5,-2.3,-2.2,12905	
1.4,1.5,-0.3,-0.2,7269	
1.4,1.5,-3.4,-3.3,14394	
1.4,1.5,-4.5,-4.4,7442	
1.4,1.5,-5.6,-5.5,8363	
1.4,1.5,-6.7,-6.6,6428	
1.4,1.5,-7.0,-6.9,4861	
1.4,1.5,-7.8,-7.7,1538	
1.4,1.5,-8.1,-8.0,829	
1.4,1.5,-8.9,-8.8,93	
1.4,1.5,-9.2,-9.1,48	
1.4,1.5,1.7,1.8,8565	
1.4,1.5,2.0,2.1,10665	
1.4,1.5,2.8,2.9,15603	
1.4,1.5,3.1,3.2,15556	
1.4,1.5,3.9,4.0,10972	
1.4,1.5,4.2,4.3,8941	
1.4,1.5,5.3,5.4,7775	
1.4,1.5,0.6,0.7,6670	
1.4,1.5,6.4,6.5,7748	
1.4,1.5,7.5,7.6,2519	
1.4,1.5,8.6,8.7,262	
1.4,1.5,9.7,9.8,6	
1.5,1.6,-1.1,-1.0,7008	
1.5,1.6,-1.9,-1.8,10116	
1.5,1.6,-2.2,-2.1,12334	
1.5,1.6,-3.3,-3.2,14808	
1.5,1.6,-0.4,-0.3,8139	
1.5,1.6,-4.4,-4.3,7575	
1.5,1.6,-5.5,-5.4,7129	
1.5,1.6,-6.6,-6.5,5697	
1.5,1.6,-7.7,-7.6,1595	
1.5,1.6,-8.0,-7.9,895	
1.5,1.6,-8.8,-8.7,123	
1.5,1.6,-9.1,-9.0,51	
1.5,1.6,-9.9,-9.8,4	
1.5,1.6,1.0,1.1,7036	
1.5,1.6,1.8,1.9,9482	
1.5,1.6,2.1,2.2,11774	
1.5,1.6,2.9,3.0,15757	
1.5,1.6,3.2,3.3,15296	
1.5,1.6,4.3,4.4,8185	
1.5,1.6,0.5,0.6,8052	
1.5,1.6,5.4,5.5,6909	
1.5,1.6,6.5,6.6,6276	
1.5,1.6,7.6,7.7,1893	
1.5,1.6,8.7,8.8,175	
1.5,1.6,9.0,9.1,69	
1.5,1.6,9.8,9.9,7	
1.6,1.7,-1.0,-0.9,7890	
1.6,1.7,-10.4,-10.3,2	
1.6,1.7,-1.8,-1.7,9781	
1.6,1.7,-2.1,-2.0,12082	
1.6,1.7,-2.9,-2.8,15760	
1.6,1.7,-3.2,-3.1,15276	
1.6,1.7,-4.3,-4.2,7768	
1.6,1.7,-0.5,-0.4,9133	
1.6,1.7,-5.4,-5.3,5947	
1.6,1.7,-6.5,-6.4,5527	
1.6,1.7,-7.6,-7.5,1608	
1.6,1.7,-8.7,-8.6,165	
1.6,1.7,-9.0,-8.9,53	
1.6,1.7,-9.8,-9.7,1	
1.6,1.7,1.1,1.2,7938	
1.6,1.7,1.9,2.0,10628	
1.6,1.7,2.2,2.3,12688	
1.6,1.7,3.3,3.4,15143	
1.6,1.7,0.4,0.5,9346	
1.6,1.7,4.4,4.5,7433	
1.6,1.7,5.5,5.6,6160	
1.6,1.7,6.6,6.7,5070	
1.6,1.7,7.7,7.8,1373	
1.6,1.7,8.0,8.1,693	
1.6,1.7,8.8,8.9,100	
1.6,1.7,9.1,9.2,44	
1.6,1.7,9.9,10.0,3	
1.7,1.8,-1.7,-1.6,9668	
1.7,1.8,-2.0,-1.9,11745	
1.7,1.8,-2.8,-2.7,16099	
1.7,1.8,-3.1,-3.0,15855	
1.7,1.8,-3.9,-3.8,10954	
1.7,1.8,-4.2,-4.1,8569	
1.7,1.8,-5.3,-5.2,5236	
1.7,1.8,-0.6,-0.5,9869	
1.7,1.8,-6.4,-6.3,4765	
1.7,1.8,-7.5,-7.4,1586	
1.7,1.8,-8.6,-8.5,173	
1.7,1.8,-9.7,-9.6,6	
1.7,1.8,1.2,1.3,8516	
1.7,1.8,2.3,2.4,13660	
1.7,1.8,0.3,0.4,10952	
1.7,1.8,3.4,3.5,14643	
1.7,1.8,4.5,4.6,6688	
1.7,1.8,5.6,5.7,5308	
1.7,1.8,6.7,6.8,3895	
1.7,1.8,7.0,7.1,2941	
1.7,1.8,7.8,7.9,938	
1.7,1.8,8.1,8.2,476	
1.7,1.8,8.9,9.0,72	
1.7,1.8,9.2,9.3,33	
1.8,1.9,-1.6,-1.5,9937	
1.8,1.9,-2.7,-2.6,16421	
1.8,1.9,-3.0,-2.9,16729	
1.8,1.9,-3.8,-3.7,12170	
1.8,1.9,-4.1,-4.0,9410	
1.8,1.9,-4.9,-4.8,4941	
1.8,1.9,-5.2,-5.1,4521	
1.8,1.9,-6.3,-6.2,4026	
1.8,1.9,-0.7,-0.6,10793	
1.8,1.9,-7.4,-7.3,1490	
1.8,1.9,-8.5,-8.4,161	
1.8,1.9,-9.6,-9.5,4	
1.8,1.9,1.3,1.4,9226	
1.8,1.9,0.2,0.3,12548	
1.8,1.9,2.4,2.5,15000	
1.8,1.9,3.5,3.6,14450	
1.8,1.9,4.6,4.7,6069	
1.8,1.9,5.7,5.8,4509	
1.8,1.9,6.0,6.1,4446	
1.8,1.9,6.8,6.9,2990	
1.8,1.9,7.1,7.2,2200	
1.8,1.9,7.9,8.0,653	
1.8,1.9,8.2,8.3,342	
1.8,1.9,9.3,9.4,19	
1.9,2.0,-1.5,-1.4,10180	
1.9,2.0,-2.6,-2.5,16738	
1.9,2.0,-3.7,-3.6,13352	
1.9,2.0,-4.0,-3.9,10616	
1.9,2.0,-4.8,-4.7,5008	
1.9,2.0,-5.1,-5.0,4172	
1.9,2.0,-5.9,-5.8,3893	
1.9,2.0,-6.2,-6.1,3591	
1.9,2.0,-7.3,-7.2,1441	
1.9,2.0,-0.8,-0.7,11257	
1.9,2.0,-8.4,-8.3,173	
1.9,2.0,-9.5,-9.4,11	
1.9,2.0,0.1,0.2,14053	
1.9,2.0,11.1,11.2,1	
1.9,2.0,1.4,1.5,9960	
1.9,2.0,2.5,2.6,16153	
1.9,2.0,3.6,3.7,14423	
1.9,2.0,4.7,4.8,5397	
1.9,2.0,5.0,5.1,4356	
1.9,2.0,5.8,5.9,3735	
1.9,2.0,6.1,6.2,3654	
1.9,2.0,6.9,7.0,2182	
1.9,2.0,7.2,7.3,1568	
1.9,2.0,8.3,8.4,225	
1.9,2.0,0.9,1.0,10963	
1.9,2.0,9.4,9.5,7	
0.2,0.3,-1.5,-1.4,8360	
0.2,0.3,-2.6,-2.5,22254	
0.2,0.3,-3.7,-3.6,19727	
0.2,0.3,-4.0,-3.9,17345	
0.2,0.3,-4.8,-4.7,16176	
0.2,0.3,-5.1,-5.0,18495	
0.2,0.3,-5.9,-5.8,23134	
0.2,0.3,-6.2,-6.1,22546	
0.2,0.3,-7.3,-7.2,9083	
0.2,0.3,-0.8,-0.7,2834	
0.2,0.3,-8.4,-8.3,1129	
0.2,0.3,-9.5,-9.4,44	
0.2,0.3,0.1,0.2,1228	
0.2,0.3,10.0,10.1,7	
0.2,0.3,1.4,1.5,7209	
0.2,0.3,2.5,2.6,21590	
0.2,0.3,3.6,3.7,20594	
0.2,0.3,4.7,4.8,15565	
0.2,0.3,5.0,5.1,17396	
0.2,0.3,5.8,5.9,23313	
0.2,0.3,6.1,6.2,22852	
0.2,0.3,6.9,7.0,14685	
0.2,0.3,7.2,7.3,10464	
0.2,0.3,8.3,8.4,1481	
0.2,0.3,0.9,1.0,3407	
0.2,0.3,9.4,9.5,70	
2.0,2.1,-1.7,-1.6,11544	
2.0,2.1,-2.0,-1.9,13522	
2.0,2.1,-2.8,-2.7,18125	
2.0,2.1,-3.1,-3.0,18090	
2.0,2.1,-3.9,-3.8,11694	
2.0,2.1,-4.2,-4.1,8987	
2.0,2.1,-5.3,-5.2,3514	
2.0,2.1,-0.6,-0.5,13223	
2.0,2.1,-6.4,-6.3,2762	
2.0,2.1,-7.5,-7.4,849	
2.0,2.1,-8.6,-8.5,79	
2.0,2.1,-9.7,-9.6,2	
2.0,2.1,10.2,10.3,1	
2.0,2.1,1.2,1.3,11021	
2.0,2.1,2.3,2.4,15754	
2.0,2.1,0.3,0.4,15040	
2.0,2.1,3.4,3.5,16464	
2.0,2.1,4.5,4.6,6535	
2.0,2.1,5.6,5.7,3241	
2.0,2.1,6.7,6.8,2207	
2.0,2.1,7.0,7.1,1704	
2.0,2.1,7.8,7.9,528	
2.0,2.1,8.1,8.2,267	
2.0,2.1,8.9,9.0,36	
2.0,2.1,9.2,9.3,9	
2.1,2.2,-1.6,-1.5,12034	
2.1,2.2,-2.7,-2.6,18970	
2.1,2.2,-3.0,-2.9,19289	
2.1,2.2,-3.8,-3.7,13440	
2.1,2.2,-4.1,-4.0,10307	
2.1,2.2,-4.9,-4.8,4155	
2.1,2.2,-5.2,-5.1,3314	
2.1,2.2,-6.3,-6.2,2298	
2.1,2.2,-0.7,-0.6,13984	
2.1,2.2,-7.4,-7.3,831	
2.1,2.2,-8.5,-8.4,78	
2.1,2.2,-9.6,-9.5,1	
2.1,2.2,1.3,1.4,11494	
2.1,2.2,0.2,0.3,16454	
2.1,2.2,2.4,2.5,17154	
2.1,2.2,3.5,3.6,16640	
2.1,2.2,4.6,4.7,5842	
2.1,2.2,5.7,5.8,2684	
2.1,2.2,6.0,6.1,2536	
2.1,2.2,6.8,6.9,1644	
2.1,2.2,7.1,7.2,1239	
2.1,2.2,7.9,8.0,352	
2.1,2.2,8.2,8.3,186	
2.1,2.2,9.3,9.4,9	
2.2,2.3,-11.0,-10.9,1	
2.2,2.3,-1.5,-1.4,12092	
2.2,2.3,-2.6,-2.5,19286	
2.2,2.3,-3.7,-3.6,15095	
2.2,2.3,-4.0,-3.9,11758	
2.2,2.3,-4.8,-4.7,4454	
2.2,2.3,-5.1,-5.0,3279	
2.2,2.3,-5.9,-5.8,2174	
2.2,2.3,-6.2,-6.1,1960	
2.2,2.3,-7.3,-7.2,776	
2.2,2.3,-0.8,-0.7,14527	
2.2,2.3,-8.4,-8.3,98	
2.2,2.3,-9.5,-9.4,8	
2.2,2.3,0.1,0.2,18236	
2.2,2.3,1.4,1.5,12365	
2.2,2.3,2.5,2.6,18591	
2.2,2.3,3.6,3.7,16192	
2.2,2.3,4.7,4.8,5260	
2.2,2.3,5.0,5.1,3655	
2.2,2.3,5.8,5.9,2185	
2.2,2.3,6.1,6.2,1986	
2.2,2.3,6.9,7.0,1203	
2.2,2.3,7.2,7.3,832	
2.2,2.3,8.3,8.4,144	
2.2,2.3,0.9,1.0,14114	
2.3,2.4,-0.1,0.0,19858	
2.3,2.4,-1.4,-1.3,13228	
2.3,2.4,-2.5,-2.4,19571	
2.3,2.4,-3.6,-3.5,16968	
2.3,2.4,-4.7,-4.6,5156	
2.3,2.4,-5.0,-4.9,3553	
2.3,2.4,-5.8,-5.7,1850	
2.3,2.4,-6.1,-6.0,1636	
2.3,2.4,-6.9,-6.8,983	
2.3,2.4,-7.2,-7.1,661	
2.3,2.4,-8.3,-8.2,94	
2.3,2.4,-0.9,-0.8,14990	
2.3,2.4,-9.4,-9.3,11	
2.3,2.4,0.0,0.1,39329	
2.3,2.4,10.7,10.8,1	
2.3,2.4,1.5,1.6,13030	
2.3,2.4,2.6,2.7,20273	
2.3,2.4,3.7,3.8,15930	
2.3,2.4,4.0,4.1,12043	
2.3,2.4,4.8,4.9,4556	
2.3,2.4,5.1,5.2,3160	
2.3,2.4,5.9,6.0,1789	
2.3,2.4,6.2,6.3,1547	
2.3,2.4,7.3,7.4,604	
2.3,2.4,0.8,0.9,15373	
2.3,2.4,8.4,8.5,62	
2.4,2.5,-10.1,-10.0,1	
2.4,2.5,-1.3,-1.2,13706	
2.4,2.5,-0.2,-0.1,20561	
2.4,2.5,-2.4,-2.3,19824	
2.4,2.5,-3.5,-3.4,18742	
2.4,2.5,-4.6,-4.5,6039	
2.4,2.5,-5.7,-5.6,1646	
2.4,2.5,-6.0,-5.9,1377	
2.4,2.5,-6.8,-6.7,845	
2.4,2.5,-7.1,-7.0,645	
2.4,2.5,-7.9,-7.8,191	
2.4,2.5,-8.2,-8.1,91	
2.4,2.5,-9.3,-9.2,4	
2.4,2.5,1.6,1.7,14155	
2.4,2.5,2.7,2.8,21475	
2.4,2.5,3.0,3.1,22077	
2.4,2.5,3.8,3.9,15269	
2.4,2.5,4.1,4.2,11440	
2.4,2.5,4.9,5.0,3999	
2.4,2.5,5.2,5.3,2634	
2.4,2.5,6.3,6.4,1199	
2.4,2.5,0.7,0.8,17202	
2.4,2.5,7.4,7.5,383	
2.4,2.5,8.5,8.6,45	
2.4,2.5,9.6,9.7,4	
2.5,2.6,-1.2,-1.1,14617	
2.5,2.6,-2.3,-2.2,19541	
2.5,2.6,-0.3,-0.2,20920	
2.5,2.6,-3.4,-3.3,20486	
2.5,2.6,-4.5,-4.4,7158	
2.5,2.6,-5.6,-5.5,1527	
2.5,2.6,-6.7,-6.6,715	
2.5,2.6,-7.0,-6.9,505	
2.5,2.6,-7.8,-7.7,163	
2.5,2.6,-8.1,-8.0,82	
2.5,2.6,-8.9,-8.8,14	
2.5,2.6,-9.2,-9.1,2	
2.5,2.6,1.7,1.8,15008	
2.5,2.6,2.0,2.1,17215	
2.5,2.6,2.8,2.9,22653	
2.5,2.6,3.1,3.2,22319	
2.5,2.6,3.9,4.0,14328	
2.5,2.6,4.2,4.3,10480	
2.5,2.6,5.3,5.4,2070	
2.5,2.6,0.6,0.7,18925	
2.5,2.6,6.4,6.5,890	
2.5,2.6,7.5,7.6,272	
2.5,2.6,8.6,8.7,20	
2.5,2.6,9.7,9.8,1	
2.6,2.7,-1.1,-1.0,15942	
2.6,2.7,-1.9,-1.8,16841	
2.6,2.7,-2.2,-2.1,19063	
2.6,2.7,-3.3,-3.2,21841	
2.6,2.7,-0.4,-0.3,21526	
2.6,2.7,-4.4,-4.3,8318	
2.6,2.7,-5.5,-5.4,1540	
2.6,2.7,-6.6,-6.5,570	
2.6,2.7,-7.7,-7.6,136	
2.6,2.7,-8.0,-7.9,106	
2.6,2.7,-8.8,-8.7,14	
2.6,2.7,-9.1,-9.0,5	
2.6,2.7,1.0,1.1,16459	
2.6,2.7,1.8,1.9,16224	
2.6,2.7,2.1,2.2,18377	
2.6,2.7,2.9,3.0,23644	
2.6,2.7,3.2,3.3,22882	
2.6,2.7,4.3,4.4,9534	
2.6,2.7,0.5,0.6,20287	
2.6,2.7,5.4,5.5,1801	
2.6,2.7,6.5,6.6,669	
2.6,2.7,7.6,7.7,191	
2.6,2.7,8.7,8.8,10	
2.6,2.7,9.0,9.1,7	
2.7,2.8,-1.0,-0.9,17108	
2.7,2.8,-1.8,-1.7,16346	
2.7,2.8,-2.1,-2.0,18700	
2.7,2.8,-2.9,-2.8,23819	
2.7,2.8,-3.2,-3.1,22835	
2.7,2.8,-4.3,-4.2,9574	
2.7,2.8,-0.5,-0.4,21174	
2.7,2.8,-5.4,-5.3,1651	
2.7,2.8,-6.5,-6.4,518	
2.7,2.8,-7.6,-7.5,121	
2.7,2.8,-8.7,-8.6,11	
2.7,2.8,-9.0,-8.9,7	
2.7,2.8,1.1,1.2,16421	
2.7,2.8,1.9,2.0,17224	
2.7,2.8,2.2,2.3,19817	
2.7,2.8,3.3,3.4,22345	
2.7,2.8,0.4,0.5,21902	
2.7,2.8,4.4,4.5,8488	
2.7,2.8,5.5,5.6,1492	
2.7,2.8,6.6,6.7,455	
2.7,2.8,7.7,7.8,100	
2.7,2.8,8.0,8.1,66	
2.7,2.8,8.8,8.9,13	
2.7,2.8,9.1,9.2,1	
2.8,2.9,-1.7,-1.6,16407	
2.8,2.9,-2.0,-1.9,18300	
2.8,2.9,-2.8,-2.7,24177	
2.8,2.9,-3.1,-3.0,24083	
2.8,2.9,-3.9,-3.8,15268	
2.8,2.9,-4.2,-4.1,11178	
2.8,2.9,-5.3,-5.2,1786	
2.8,2.9,-0.6,-0.5,20724	
2.8,2.9,-6.4,-6.3,445	
2.8,2.9,-7.5,-7.4,109	
2.8,2.9,-8.6,-8.5,6	
2.8,2.9,1.2,1.3,15917	
2.8,2.9,2.3,2.4,20904	
2.8,2.9,0.3,0.4,23246	
2.8,2.9,3.4,3.5,21671	
2.8,2.9,4.5,4.6,7344	
2.8,2.9,5.6,5.7,1130	
2.8,2.9,6.7,6.8,339	
2.8,2.9,7.0,7.1,249	
2.8,2.9,7.8,7.9,94	
2.8,2.9,8.1,8.2,57	
2.8,2.9,8.9,9.0,1	
2.8,2.9,9.2,9.3,1	
2.9,3.0,-1.6,-1.5,15915	
2.9,3.0,-2.7,-2.6,24180	
2.9,3.0,-3.0,-2.9,24495	
2.9,3.0,-3.8,-3.7,16672	
2.9,3.0,-4.1,-4.0,12354	
2.9,3.0,-4.9,-4.8,3663	
2.9,3.0,-5.2,-5.1,2141	
2.9,3.0,-6.3,-6.2,361	
2.9,3.0,-0.7,-0.6,19959	
2.9,3.0,-7.4,-7.3,132	
2.9,3.0,-8.5,-8.4,15	
2.9,3.0,1.3,1.4,15908	
2.9,3.0,0.2,0.3,24026	
2.9,3.0,2.4,2.5,21972	
2.9,3.0,3.5,3.6,20702	
2.9,3.0,4.6,4.7,6291	
2.9,3.0,5.7,5.8,860	
2.9,3.0,6.0,6.1,552	
2.9,3.0,6.8,6.9,241	
2.9,3.0,7.1,7.2,174	
2.9,3.0,7.9,8.0,56	
2.9,3.0,8.2,8.3,22	
2.9,3.0,9.3,9.4,1	
0.3,0.4,-0.1,0.0,1428	
0.3,0.4,-10.0,-9.9,3	
0.3,0.4,-1.4,-1.3,7176	
0.3,0.4,-2.5,-2.4,21052	
0.3,0.4,-3.6,-3.5,20113	
0.3,0.4,-4.7,-4.6,15309	
0.3,0.4,-5.0,-4.9,17136	
0.3,0.4,-5.8,-5.7,22419	
0.3,0.4,-6.1,-6.0,22208	
0.3,0.4,-6.9,-6.8,14235	
0.3,0.4,-7.2,-7.1,10414	
0.3,0.4,-8.3,-8.2,1399	
0.3,0.4,-0.9,-0.8,3339	
0.3,0.4,-9.4,-9.3,44	
0.3,0.4,0.0,0.1,2697	
0.3,0.4,10.7,10.8,1	
0.3,0.4,1.5,1.6,8263	
0.3,0.4,2.6,2.7,21918	
0.3,0.4,3.7,3.8,19383	
0.3,0.4,4.0,4.1,17049	
0.3,0.4,4.8,4.9,15815	
0.3,0.4,5.1,5.2,18028	
0.3,0.4,5.9,6.0,22772	
0.3,0.4,6.2,6.3,22022	
0.3,0.4,7.3,7.4,9150	
0.3,0.4,0.8,0.9,2888	
0.3,0.4,8.4,8.5,1147	
0.3,0.4,9.5,9.6,46	
3.0,3.1,-1.0,-0.9,17650	
3.0,3.1,-1.8,-1.7,16789	
3.0,3.1,-2.1,-2.0,19244	
3.0,3.1,-2.9,-2.8,24062	
3.0,3.1,-3.2,-3.1,23519	
3.0,3.1,-4.3,-4.2,9613	
3.0,3.1,-0.5,-0.4,21995	
3.0,3.1,-5.4,-5.3,1456	
3.0,3.1,-6.5,-6.4,248	
3.0,3.1,-7.6,-7.5,68	
3.0,3.1,-8.7,-8.6,7	
3.0,3.1,-9.0,-8.9,2	
3.0,3.1,-9.8,-9.7,1	
3.0,3.1,1.1,1.2,16746	
3.0,3.1,1.9,2.0,17348	
3.0,3.1,2.2,2.3,20070	
3.0,3.1,3.3,3.4,22802	
3.0,3.1,0.4,0.5,22665	
3.0,3.1,4.4,4.5,8451	
3.0,3.1,5.5,5.6,1167	
3.0,3.1,6.6,6.7,237	
3.0,3.1,7.7,7.8,56	
3.0,3.1,8.0,8.1,14	
3.0,3.1,8.8,8.9,8	
3.0,3.1,9.1,9.2,4	
3.1,3.2,-1.7,-1.6,16100	
3.1,3.2,-2.0,-1.9,18003	
3.1,3.2,-2.8,-2.7,23601	
3.1,3.2,-3.1,-3.0,23511	
3.1,3.2,-3.9,-3.8,15211	
3.1,3.2,-4.2,-4.1,11073	
3.1,3.2,-5.3,-5.2,1629	
3.1,3.2,-0.6,-0.5,21047	
3.1,3.2,-6.4,-6.3,217	
3.1,3.2,-7.5,-7.4,56	
3.1,3.2,-8.6,-8.5,9	
3.1,3.2,1.2,1.3,16200	
3.1,3.2,2.3,2.4,20701	
3.1,3.2,0.3,0.4,23400	
3.1,3.2,3.4,3.5,21284	
3.1,3.2,4.5,4.6,7228	
3.1,3.2,5.6,5.7,845	
3.1,3.2,6.7,6.8,130	
3.1,3.2,7.0,7.1,93	
3.1,3.2,7.8,7.9,32	
3.1,3.2,8.1,8.2,23	
3.2,3.3,-1.6,-1.5,15368	
3.2,3.3,-2.7,-2.6,23265	
3.2,3.3,-3.0,-2.9,23320	
3.2,3.3,-3.8,-3.7,16233	
3.2,3.3,-4.1,-4.0,11877	
3.2,3.3,-4.9,-4.8,3561	
3.2,3.3,-5.2,-5.1,2072	
3.2,3.3,-6.3,-6.2,208	
3.2,3.3,-0.7,-0.6,19792	
3.2,3.3,-7.4,-7.3,39	
3.2,3.3,-8.5,-8.4,4	
3.2,3.3,1.3,1.4,15536	
3.2,3.3,0.2,0.3,23573	
3.2,3.3,2.4,2.5,21105	
3.2,3.3,3.5,3.6,19839	
3.2,3.3,4.6,4.7,5888	
3.2,3.3,5.7,5.8,657	
3.2,3.3,6.0,6.1,341	
3.2,3.3,6.8,6.9,103	
3.2,3.3,7.1,7.2,70	
3.2,3.3,7.9,8.0,16	
3.2,3.3,8.2,8.3,10	
3.3,3.4,-1.5,-1.4,14989	
3.3,3.4,-2.6,-2.5,22004	
3.3,3.4,-3.7,-3.6,17201	
3.3,3.4,-4.0,-3.9,13005	
3.3,3.4,-4.8,-4.7,4193	
3.3,3.4,-5.1,-5.0,2330	
3.3,3.4,-5.9,-5.8,412	
3.3,3.4,-6.2,-6.1,190	
3.3,3.4,-7.3,-7.2,38	
3.3,3.4,-0.8,-0.7,18542	
3.3,3.4,-8.4,-8.3,2	
3.3,3.4,0.1,0.2,23627	
3.3,3.4,1.4,1.5,14909	
3.3,3.4,2.5,2.6,21132	
3.3,3.4,3.6,3.7,18292	
3.3,3.4,4.7,4.8,4727	
3.3,3.4,5.0,5.1,2812	
3.3,3.4,5.8,5.9,504	
3.3,3.4,6.1,6.2,230	
3.3,3.4,6.9,7.0,61	
3.3,3.4,7.2,7.3,40	
3.3,3.4,8.3,8.4,6	
3.3,3.4,0.9,1.0,17332	
3.3,3.4,9.4,9.5,1	
3.4,3.5,-0.1,0.0,22466	
3.4,3.5,-1.4,-1.3,14474	
3.4,3.5,-2.5,-2.4,20540	
3.4,3.5,-3.6,-3.5,17381	
3.4,3.5,-4.7,-4.6,4655	
3.4,3.5,-5.0,-4.9,2615	
3.4,3.5,-5.8,-5.7,440	
3.4,3.5,-6.1,-6.0,199	
3.4,3.5,-6.9,-6.8,47	
3.4,3.5,-7.2,-7.1,33	
3.4,3.5,-8.3,-8.2,5	
3.4,3.5,-0.9,-0.8,16829	
3.4,3.5,0.0,0.1,45702	
3.4,3.5,1.5,1.6,14311	
3.4,3.5,2.6,2.7,21369	
3.4,3.5,3.7,3.8,16394	
3.4,3.5,4.0,4.1,12467	
3.4,3.5,4.8,4.9,3913	
3.4,3.5,5.1,5.2,2148	
3.4,3.5,5.9,6.0,346	
3.4,3.5,6.2,6.3,173	
3.4,3.5,7.3,7.4,33	
3.4,3.5,0.8,0.9,17972	
3.4,3.5,8.4,8.5,2	
3.5,3.6,-1.3,-1.2,14065	
3.5,3.6,-0.2,-0.1,21841	
3.5,3.6,-2.4,-2.3,18842	
3.5,3.6,-3.5,-3.4,17628	
3.5,3.6,-4.6,-4.5,5211	
3.5,3.6,-5.7,-5.6,504	
3.5,3.6,-6.0,-5.9,251	
3.5,3.6,-6.8,-6.7,44	
3.5,3.6,-7.1,-7.0,28	
3.5,3.6,-7.9,-7.8,6	
3.5,3.6,-8.2,-8.1,3	
3.5,3.6,1.6,1.7,13785	
3.5,3.6,2.7,2.8,20592	
3.5,3.6,3.0,3.1,20698	
3.5,3.6,3.8,3.9,14479	
3.5,3.6,4.1,4.2,10587	
3.5,3.6,4.9,5.0,3127	
3.5,3.6,5.2,5.3,1702	
3.5,3.6,6.3,6.4,110	
3.5,3.6,0.7,0.8,17961	
3.5,3.6,7.4,7.5,18	
3.6,3.7,-1.2,-1.1,13686	
3.6,3.7,-2.3,-2.2,16786	
3.6,3.7,-0.3,-0.2,20447	
3.6,3.7,-3.4,-3.3,17518	
3.6,3.7,-4.5,-4.4,5822	
3.6,3.7,-5.6,-5.5,661	
3.6,3.7,-6.7,-6.6,38	
3.6,3.7,-7.0,-6.9,35	
3.6,3.7,-7.8,-7.7,7	
3.6,3.7,-8.1,-8.0,7	
3.6,3.7,-8.9,-8.8,1	
3.6,3.7,1.7,1.8,13357	
3.6,3.7,2.0,2.1,14625	
3.6,3.7,2.8,2.9,19527	
3.6,3.7,3.1,3.2,19237	
3.6,3.7,3.9,4.0,12337	
3.6,3.7,4.2,4.3,8869	
3.6,3.7,5.3,5.4,1253	
3.6,3.7,0.6,0.7,18277	
3.6,3.7,6.4,6.5,86	
3.6,3.7,7.5,7.6,14	
3.6,3.7,8.6,8.7,2	
3.7,3.8,-1.1,-1.0,13411	
3.7,3.8,-1.9,-1.8,13660	
3.7,3.8,-2.2,-2.1,15270	
3.7,3.8,-3.3,-3.2,17117	
3.7,3.8,-0.4,-0.3,18546	
3.7,3.8,-4.4,-4.3,6379	
3.7,3.8,-5.5,-5.4,697	
3.7,3.8,-6.6,-6.5,43	
3.7,3.8,-7.7,-7.6,4	
3.7,3.8,-8.0,-7.9,3	
3.7,3.8,-9.1,-9.0,1	
3.7,3.8,1.0,1.1,14311	
3.7,3.8,1.8,1.9,12922	
3.7,3.8,2.1,2.2,14531	
3.7,3.8,2.9,3.0,18316	
3.7,3.8,3.2,3.3,17623	
3.7,3.8,4.3,4.4,7197	
3.7,3.8,0.5,0.6,17821	
3.7,3.8,5.4,5.5,929	
3.7,3.8,6.5,6.6,59	
3.7,3.8,7.6,7.7,6	
3.7,3.8,8.7,8.8,2	
3.7,3.8,9.0,9.1,1	
3.8,3.9,-1.0,-0.9,13337	
3.8,3.9,-1.8,-1.7,12054	
3.8,3.9,-2.1,-2.0,13564	
3.8,3.9,-2.9,-2.8,16812	
3.8,3.9,-3.2,-3.1,16161	
3.8,3.9,-4.3,-4.2,6696	
3.8,3.9,-0.5,-0.4,17433	
3.8,3.9,-5.4,-5.3,871	
3.8,3.9,-6.5,-6.4,48	
3.8,3.9,-7.6,-7.5,7	
3.8,3.9,1.1,1.2,12808	
3.8,3.9,1.9,2.0,12425	
3.8,3.9,2.2,2.3,14362	
3.8,3.9,3.3,3.4,15881	
3.8,3.9,0.4,0.5,17764	
3.8,3.9,4.4,4.5,5768	
3.8,3.9,5.5,5.6,667	
3.8,3.9,6.6,6.7,32	
3.8,3.9,7.7,7.8,5	
3.8,3.9,8.0,8.1,1	
3.9,4.0,-1.7,-1.6,10941	
3.9,4.0,-2.0,-1.9,11987	
3.9,4.0,-2.8,-2.7,15202	
3.9,4.0,-3.1,-3.0,15190	
3.9,4.0,-3.9,-3.8,9715	
3.9,4.0,-4.2,-4.1,6910	
3.9,4.0,-5.3,-5.2,978	
3.9,4.0,-0.6,-0.5,15509	
3.9,4.0,-6.4,-6.3,51	
3.9,4.0,-7.5,-7.4,1	
3.9,4.0,1.2,1.3,11585	
3.9,4.0,2.3,2.4,13625	
3.9,4.0,0.3,0.4,17509	
3.9,4.0,3.4,3.5,13886	
3.9,4.0,4.5,4.6,4581	
3.9,4.0,5.6,5.7,484	
3.9,4.0,6.7,6.8,23	
3.9,4.0,7.0,7.1,11	
3.9,4.0,7.8,7.9,2	
3.9,4.0,8.1,8.2,1	
0.4,0.5,-10.1,-10.0,2	
0.4,0.5,-10.9,-10.8,1	
0.4,0.5,-1.3,-1.2,6171	
0.4,0.5,-0.2,-0.1,1544	
0.4,0.5,-2.4,-2.3,19545	
0.4,0.5,-3.5,-3.4,20509	
0.4,0.5,-4.6,-4.5,14376	
0.4,0.5,-5.7,-5.6,21455	
0.4,0.5,-6.0,-5.9,21913	
0.4,0.5,-6.8,-6.7,15010	
0.4,0.5,-7.1,-7.0,11299	
0.4,0.5,-7.9,-7.8,3234	
0.4,0.5,-8.2,-8.1,1688	
0.4,0.5,-9.3,-9.2,78	
0.4,0.5,1.6,1.7,9298	
0.4,0.5,2.7,2.8,21929	
0.4,0.5,3.0,3.1,22790	
0.4,0.5,3.8,3.9,17745	
0.4,0.5,4.1,4.2,15426	
0.4,0.5,4.9,5.0,15652	
0.4,0.5,5.2,5.3,18115	
0.4,0.5,6.3,6.4,20518	
0.4,0.5,0.7,0.8,2591	
0.4,0.5,7.4,7.5,7563	
0.4,0.5,8.5,8.6,862	
0.4,0.5,9.6,9.7,31	
4.0,4.1,-1.1,-1.0,11585	
4.0,4.1,-1.9,-1.8,10483	
4.0,4.1,-2.2,-2.1,11750	
4.0,4.1,-3.3,-3.2,12880	
4.0,4.1,-0.4,-0.3,16094	
4.0,4.1,-4.4,-4.3,4866	
4.0,4.1,-5.5,-5.4,526	
4.0,4.1,-6.6,-6.5,20	
4.0,4.1,-7.7,-7.6,2	
4.0,4.1,-8.0,-7.9,2	
4.0,4.1,1.0,1.1,12098	
4.0,4.1,1.8,1.9,10216	
4.0,4.1,2.1,2.2,11255	
4.0,4.1,2.9,3.0,14074	
4.0,4.1,3.2,3.3,13314	
4.0,4.1,4.3,4.4,5608	
4.0,4.1,0.5,0.6,15517	
4.0,4.1,5.4,5.5,661	
4.0,4.1,6.5,6.6,28	
4.0,4.1,7.6,7.7,3	
4.0,4.1,8.7,8.8,1	
4.1,4.2,-1.0,-0.9,11356	
4.1,4.2,-1.8,-1.7,9325	
4.1,4.2,-2.1,-2.0,10265	
4.1,4.2,-2.9,-2.8,12398	
4.1,4.2,-3.2,-3.1,12006	
4.1,4.2,-4.3,-4.2,4861	
4.1,4.2,-0.5,-0.4,14577	
4.1,4.2,-5.4,-5.3,601	
4.1,4.2,-6.5,-6.4,22	
4.1,4.2,1.1,1.2,10742	
4.1,4.2,1.9,2.0,9550	
4.1,4.2,2.2,2.3,10568	
4.1,4.2,3.3,3.4,11601	
4.1,4.2,0.4,0.5,15705	
4.1,4.2,4.4,4.5,4256	
4.1,4.2,5.5,5.6,458	
4.1,4.2,6.6,6.7,21	
4.1,4.2,7.7,7.8,2	
4.1,4.2,8.0,8.1,1	
4.2,4.3,-1.7,-1.6,8429	
4.2,4.3,-2.0,-1.9,8903	
4.2,4.3,-2.8,-2.7,11171	
4.2,4.3,-3.1,-3.0,10748	
4.2,4.3,-3.9,-3.8,6826	
4.2,4.3,-4.2,-4.1,5100	
4.2,4.3,-5.3,-5.2,745	
4.2,4.3,-0.6,-0.5,13846	
4.2,4.3,-6.4,-6.3,37	
4.2,4.3,1.2,1.3,9775	
4.2,4.3,2.3,2.4,9769	
4.2,4.3,0.3,0.4,15540	
4.2,4.3,3.4,3.5,10075	
4.2,4.3,4.5,4.6,3358	
4.2,4.3,5.6,5.7,323	
4.2,4.3,6.7,6.8,14	
4.2,4.3,7.0,7.1,4	
4.2,4.3,8.9,9.0,1	
4.3,4.4,-1.6,-1.5,7836	
4.3,4.4,-2.7,-2.6,9592	
4.3,4.4,-3.0,-2.9,9742	
4.3,4.4,-3.8,-3.7,6674	
4.3,4.4,-4.1,-4.0,4924	
4.3,4.4,-4.9,-4.8,1411	
4.3,4.4,-5.2,-5.1,757	
4.3,4.4,-6.3,-6.2,35	
4.3,4.4,-0.7,-0.6,12541	
4.3,4.4,-7.4,-7.3,1	
4.3,4.4,1.3,1.4,8776	
4.3,4.4,0.2,0.3,15305	
4.3,4.4,2.4,2.5,9078	
4.3,4.4,3.5,3.6,8229	
4.3,4.4,4.6,4.7,2599	
4.3,4.4,5.7,5.8,227	
4.3,4.4,6.0,6.1,87	
4.3,4.4,6.8,6.9,9	
4.3,4.4,7.1,7.2,3	
4.4,4.5,-1.5,-1.4,7486	
4.4,4.5,-2.6,-2.5,8302	
4.4,4.5,-3.7,-3.6,6406	
4.4,4.5,-4.0,-3.9,4798	
4.4,4.5,-4.8,-4.7,1555	
4.4,4.5,-5.1,-5.0,833	
4.4,4.5,-5.9,-5.8,92	
4.4,4.5,-6.2,-6.1,39	
4.4,4.5,-0.8,-0.7,11595	
4.4,4.5,0.1,0.2,15629	
4.4,4.5,1.4,1.5,7894	
4.4,4.5,2.5,2.6,8025	
4.4,4.5,3.6,3.7,6762	
4.4,4.5,4.7,4.8,1838	
4.4,4.5,5.0,5.1,1053	
4.4,4.5,5.8,5.9,156	
4.4,4.5,6.1,6.2,65	
4.4,4.5,6.9,7.0,6	
4.4,4.5,7.2,7.3,2	
4.4,4.5,0.9,1.0,10872	
4.5,4.6,-0.1,0.0,15728	
4.5,4.6,-1.4,-1.3,7652	
4.5,4.6,-2.5,-2.4,7077	
4.5,4.6,-3.6,-3.5,5850	
4.5,4.6,-4.7,-4.6,1584	
4.5,4.6,-5.0,-4.9,872	
4.5,4.6,-5.8,-5.7,148	
4.5,4.6,-6.1,-6.0,54	
4.5,4.6,-6.9,-6.8,6	
4.5,4.6,-7.2,-7.1,1	
4.5,4.6,-0.9,-0.8,10735	
4.5,4.6,0.0,0.1,31276	
4.5,4.6,1.5,1.6,7161	
4.5,4.6,2.6,2.7,7262	
4.5,4.6,3.7,3.8,5398	
4.5,4.6,4.0,4.1,4286	
4.5,4.6,4.8,4.9,1357	
4.5,4.6,5.1,5.2,745	
4.5,4.6,5.9,6.0,93	
4.5,4.6,6.2,6.3,56	
4.5,4.6,7.3,7.4,1	
4.5,4.6,0.8,0.9,11808	
4.6,4.7,-1.3,-1.2,7903	
4.6,4.7,-0.2,-0.1,15488	
4.6,4.7,-2.4,-2.3,5994	
4.6,4.7,-3.5,-3.4,5304	
4.6,4.7,-4.6,-4.5,1580	
4.6,4.7,-5.7,-5.6,123	
4.6,4.7,-6.0,-5.9,57	
4.6,4.7,-6.8,-6.7,5	
4.6,4.7,-7.1,-7.0,2	
4.6,4.7,1.6,1.7,6581	
4.6,4.7,2.7,2.8,6299	
4.6,4.7,3.0,3.1,6335	
4.6,4.7,3.8,3.9,4342	
4.6,4.7,4.1,4.2,3194	
4.6,4.7,4.9,5.0,984	
4.6,4.7,5.2,5.3,468	
4.6,4.7,6.3,6.4,23	
4.6,4.7,0.7,0.8,12355	
4.6,4.7,7.4,7.5,1	
4.7,4.8,-1.2,-1.1,8378	
4.7,4.8,-2.3,-2.2,5239	
4.7,4.8,-0.3,-0.2,15520	
4.7,4.8,-3.4,-3.3,4806	
4.7,4.8,-4.5,-4.4,1560	
4.7,4.8,-5.6,-5.5,154	
4.7,4.8,-6.7,-6.6,4	
4.7,4.8,-7.0,-6.9,1	
4.7,4.8,1.7,1.8,5803	
4.7,4.8,2.0,2.1,5154	
4.7,4.8,2.8,2.9,5325	
4.7,4.8,3.1,3.2,5248	
4.7,4.8,3.9,4.0,3373	
4.7,4.8,4.2,4.3,2315	
4.7,4.8,5.3,5.4,332	
4.7,4.8,0.6,0.7,13354	
4.7,4.8,6.4,6.5,15	
4.8,4.9,-1.1,-1.0,9240	
4.8,4.9,-1.9,-1.8,5017	
4.8,4.9,-2.2,-2.1,4579	
4.8,4.9,-3.3,-3.2,4213	
4.8,4.9,-0.4,-0.3,15065	
4.8,4.9,-4.4,-4.3,1444	
4.8,4.9,-5.5,-5.4,169	
4.8,4.9,-6.6,-6.5,2	
4.8,4.9,1.0,1.1,10150	
4.8,4.9,1.8,1.9,5158	
4.8,4.9,2.1,2.2,4610	
4.8,4.9,2.9,3.0,4664	
4.8,4.9,3.2,3.3,4227	
4.8,4.9,4.3,4.4,1714	
4.8,4.9,0.5,0.6,14528	
4.8,4.9,5.4,5.5,199	
4.8,4.9,6.5,6.6,13	
4.9,5.0,-1.0,-0.9,10666	
4.9,5.0,-1.8,-1.7,4978	
4.9,5.0,-2.1,-2.0,4064	
4.9,5.0,-2.9,-2.8,3721	
4.9,5.0,-3.2,-3.1,3488	
4.9,5.0,-4.3,-4.2,1430	
4.9,5.0,-0.5,-0.4,15082	
4.9,5.0,-5.4,-5.3,170	
4.9,5.0,-6.5,-6.4,4	
4.9,5.0,-7.6,-7.5,1	
4.9,5.0,1.1,1.2,9434	
4.9,5.0,1.9,2.0,4611	
4.9,5.0,2.2,2.3,3951	
4.9,5.0,3.3,3.4,3312	
4.9,5.0,0.4,0.5,15641	
4.9,5.0,4.4,4.5,1265	
4.9,5.0,5.5,5.6,148	
4.9,5.0,6.6,6.7,3	
0.5,0.6,-10.2,-10.1,1	
0.5,0.6,-1.2,-1.1,5424	
0.5,0.6,-2.3,-2.2,17698	
0.5,0.6,-0.3,-0.2,1893	
0.5,0.6,-3.4,-3.3,20325	
0.5,0.6,-4.5,-4.4,13766	
0.5,0.6,-5.6,-5.5,19900	
0.5,0.6,-6.7,-6.6,15667	
0.5,0.6,-7.0,-6.9,11734	
0.5,0.6,-7.8,-7.7,3697	
0.5,0.6,-8.1,-8.0,2079	
0.5,0.6,-8.9,-8.8,248	
0.5,0.6,-9.2,-9.1,98	
0.5,0.6,1.7,1.8,10398	
0.5,0.6,2.0,2.1,13945	
0.5,0.6,2.8,2.9,21574	
0.5,0.6,3.1,3.2,21799	
0.5,0.6,3.9,4.0,16516	
0.5,0.6,4.2,4.3,14387	
0.5,0.6,5.3,5.4,17832	
0.5,0.6,0.6,0.7,2458	
0.5,0.6,6.4,6.5,18498	
0.5,0.6,7.5,7.6,6172	
0.5,0.6,8.6,8.7,649	
0.5,0.6,9.7,9.8,18	
5.0,5.1,-1.2,-1.1,9070	
5.0,5.1,-2.3,-2.2,3523	
5.0,5.1,-0.3,-0.2,17213	
5.0,5.1,-3.4,-3.3,2623	
5.0,5.1,-4.5,-4.4,916	
5.0,5.1,-5.6,-5.5,75	
5.0,5.1,-7.0,-6.9,2	
5.0,5.1,1.7,1.8,5192	
5.0,5.1,2.0,2.1,4024	
5.0,5.1,2.8,2.9,3191	
5.0,5.1,3.1,3.2,2978	
5.0,5.1,3.9,4.0,1889	
5.0,5.1,4.2,4.3,1301	
5.0,5.1,5.3,5.4,201	
5.0,5.1,0.6,0.7,14873	
5.0,5.1,6.4,6.5,9	
5.1,5.2,-1.1,-1.0,10236	
5.1,5.2,-1.9,-1.8,4082	
5.1,5.2,-2.2,-2.1,3200	
5.1,5.2,-3.3,-3.2,2275	
5.1,5.2,-0.4,-0.3,17124	
5.1,5.2,-4.4,-4.3,830	
5.1,5.2,-5.5,-5.4,101	
5.1,5.2,-6.6,-6.5,3	
5.1,5.2,-7.7,-7.6,1	
5.1,5.2,1.0,1.1,11187	
5.1,5.2,1.8,1.9,4648	
5.1,5.2,2.1,2.2,3505	
5.1,5.2,2.9,3.0,2723	
5.1,5.2,3.2,3.3,2285	
5.1,5.2,4.3,4.4,947	
5.1,5.2,0.5,0.6,16696	
5.1,5.2,5.4,5.5,99	
5.1,5.2,6.5,6.6,8	
5.2,5.3,-1.0,-0.9,12107	
5.2,5.3,-1.8,-1.7,4504	
5.2,5.3,-2.1,-2.0,3272	
5.2,5.3,-2.9,-2.8,2231	
5.2,5.3,-3.2,-3.1,1899	
5.2,5.3,-4.3,-4.2,796	
5.2,5.3,-0.5,-0.4,17087	
5.2,5.3,-5.4,-5.3,97	
5.2,5.3,-6.5,-6.4,1	
5.2,5.3,1.1,1.2,10590	
5.2,5.3,1.9,2.0,4165	
5.2,5.3,2.2,2.3,2956	
5.2,5.3,3.3,3.4,1815	
5.2,5.3,0.4,0.5,18007	
5.2,5.3,4.4,4.5,663	
5.2,5.3,5.5,5.6,82	
5.2,5.3,6.6,6.7,4	
5.3,5.4,-1.7,-1.6,5238	
5.3,5.4,-2.0,-1.9,3411	
5.3,5.4,-2.8,-2.7,1847	
5.3,5.4,-3.1,-3.0,1628	
5.3,5.4,-3.9,-3.8,950	
5.3,5.4,-4.2,-4.1,702	
5.3,5.4,-5.3,-5.2,76	
5.3,5.4,-0.6,-0.5,16844	
5.3,5.4,-6.4,-6.3,6	
5.3,5.4,1.2,1.3,9864	
5.3,5.4,2.3,2.4,2516	
5.3,5.4,0.3,0.4,19486	
5.3,5.4,3.4,3.5,1471	
5.3,5.4,4.5,4.6,467	
5.3,5.4,5.6,5.7,37	
5.3,5.4,6.7,6.8,4	
5.4,5.5,-1.6,-1.5,6143	
5.4,5.5,-2.7,-2.6,1576	
5.4,5.5,-3.0,-2.9,1313	
5.4,5.5,-3.8,-3.7,805	
5.4,5.5,-4.1,-4.0,637	
5.4,5.5,-4.9,-4.8,189	
5.4,5.5,-5.2,-5.1,102	
5.4,5.5,-6.3,-6.2,4	
5.4,5.5,-0.7,-0.6,16491	
5.4,5.5,1.3,1.4,9074	
5.4,5.5,0.2,0.3,20935	
5.4,5.5,2.4,2.5,2151	
5.4,5.5,3.5,3.6,1050	
5.4,5.5,4.6,4.7,363	
5.4,5.5,5.7,5.8,22	
5.4,5.5,6.0,6.1,10	
5.4,5.5,6.8,6.9,1	
5.4,5.5,7.1,7.2,1	
5.5,5.6,-1.5,-1.4,7138	
5.5,5.6,-2.6,-2.5,1561	
5.5,5.6,-3.7,-3.6,717	
5.5,5.6,-4.0,-3.9,525	
5.5,5.6,-4.8,-4.7,203	
5.5,5.6,-5.1,-5.0,72	
5.5,5.6,-5.9,-5.8,13	
5.5,5.6,-6.2,-6.1,3	
5.5,5.6,-0.8,-0.7,15535	
5.5,5.6,0.1,0.2,22259	
5.5,5.6,1.4,1.5,8102	
5.5,5.6,2.5,2.6,1774	
5.5,5.6,3.6,3.7,795	
5.5,5.6,4.7,4.8,195	
5.5,5.6,5.0,5.1,119	
5.5,5.6,5.8,5.9,17	
5.5,5.6,6.1,6.2,5	
5.5,5.6,6.9,7.0,3	
5.5,5.6,0.9,1.0,14397	
5.6,5.7,-0.1,0.0,22806	
5.6,5.7,-1.4,-1.3,8354	
5.6,5.7,-2.5,-2.4,1546	
5.6,5.7,-3.6,-3.5,577	
5.6,5.7,-4.7,-4.6,159	
5.6,5.7,-5.0,-4.9,75	
5.6,5.7,-5.8,-5.7,17	
5.6,5.7,-6.1,-6.0,5	
5.6,5.7,-0.9,-0.8,14697	
5.6,5.7,0.0,0.1,46204	
5.6,5.7,1.5,1.6,7227	
5.6,5.7,2.6,2.7,1386	
5.6,5.7,3.7,3.8,552	
5.6,5.7,4.0,4.1,407	
5.6,5.7,4.8,4.9,140	
5.6,5.7,5.1,5.2,68	
5.6,5.7,5.9,6.0,4	
5.6,5.7,6.2,6.3,5	
5.6,5.7,0.8,0.9,16137	
5.7,5.8,-1.3,-1.2,9598	
5.7,5.8,-0.2,-0.1,22893	
5.7,5.8,-2.4,-2.3,1606	
5.7,5.8,-3.5,-3.4,502	
5.7,5.8,-4.6,-4.5,155	
5.7,5.8,-5.7,-5.6,13	
5.7,5.8,-6.0,-5.9,7	
5.7,5.8,-7.1,-7.0,1	
5.7,5.8,1.6,1.7,6357	
5.7,5.8,2.7,2.8,1038	
5.7,5.8,3.0,3.1,777	
5.7,5.8,3.8,3.9,368	
5.7,5.8,4.1,4.2,270	
5.7,5.8,4.9,5.0,75	
5.7,5.8,5.2,5.3,41	
5.7,5.8,6.3,6.4,1	
5.7,5.8,0.7,0.8,17763	
5.8,5.9,-1.2,-1.1,11091	
5.8,5.9,-2.3,-2.2,1916	
5.8,5.9,-0.3,-0.2,22471	
5.8,5.9,-3.4,-3.3,453	
5.8,5.9,-4.5,-4.4,143	
5.8,5.9,-5.6,-5.5,12	
5.8,5.9,-6.7,-6.6,1	
5.8,5.9,1.7,1.8,5434	
5.8,5.9,2.0,2.1,3295	
5.8,5.9,2.8,2.9,818	
5.8,5.9,3.1,3.2,533	
5.8,5.9,3.9,4.0,270	
5.8,5.9,4.2,4.3,192	
5.8,5.9,5.3,5.4,34	
5.8,5.9,0.6,0.7,19397	
5.9,6.0,-1.1,-1.0,12476	
5.9,6.0,-1.9,-1.8,3852	
5.9,6.0,-2.2,-2.1,2203	
5.9,6.0,-3.3,-3.2,382	
5.9,6.0,-0.4,-0.3,21968	
5.9,6.0,-4.4,-4.3,114	
5.9,6.0,-5.5,-5.4,12	
5.9,6.0,1.0,1.1,14090	
5.9,6.0,1.8,1.9,4568	
5.9,6.0,2.1,2.2,2695	
5.9,6.0,2.9,3.0,582	
5.9,6.0,3.2,3.3,401	
5.9,6.0,4.3,4.4,125	
5.9,6.0,0.5,0.6,20784	
5.9,6.0,5.4,5.5,15	
5.9,6.0,6.5,6.6,1	
0.6,0.7,-10.3,-10.2,1	
0.6,0.7,-1.1,-1.0,4596	
0.6,0.7,-1.9,-1.8,12065	
0.6,0.7,-2.2,-2.1,15660	
0.6,0.7,-3.3,-3.2,20310	
0.6,0.7,-0.4,-0.3,2281	
0.6,0.7,-4.4,-4.3,13181	
0.6,0.7,-5.5,-5.4,18457	
0.6,0.7,-6.6,-6.5,15831	
0.6,0.7,-7.7,-7.6,4148	
0.6,0.7,-8.0,-7.9,2396	
0.6,0.7,-8.8,-8.7,325	
0.6,0.7,-9.1,-9.0,124	
0.6,0.7,-9.9,-9.8,10	
0.6,0.7,1.0,1.1,4009	
0.6,0.7,1.8,1.9,11291	
0.6,0.7,2.1,2.2,14710	
0.6,0.7,2.9,3.0,21029	
0.6,0.7,3.2,3.3,20775	
0.6,0.7,4.3,4.4,13241	
0.6,0.7,0.5,0.6,2415	
0.6,0.7,5.4,5.5,17659	
0.6,0.7,6.5,6.6,16658	
0.6,0.7,7.6,7.7,4988	
0.6,0.7,8.7,8.8,447	
0.6,0.7,9.0,9.1,164	
0.6,0.7,9.8,9.9,20	
6.0,6.1,-1.3,-1.2,9959	
6.0,6.1,-0.2,-0.1,23399	
6.0,6.1,-2.4,-2.3,1434	
6.0,6.1,-3.5,-3.4,226	
6.0,6.1,-4.6,-4.5,49	
6.0,6.1,-5.7,-5.6,6	
6.0,6.1,-6.0,-5.9,6	
6.0,6.1,1.6,1.7,6346	
6.0,6.1,2.7,2.8,719	
6.0,6.1,3.0,3.1,451	
6.0,6.1,3.8,3.9,159	
6.0,6.1,4.1,4.2,126	
6.0,6.1,4.9,5.0,39	
6.0,6.1,5.2,5.3,17	
6.0,6.1,6.3,6.4,1	
6.0,6.1,0.7,0.8,18026	
6.1,6.2,-1.2,-1.1,11100	
6.1,6.2,-2.3,-2.2,1632	
6.1,6.2,-0.3,-0.2,22383	
6.1,6.2,-3.4,-3.3,252	
6.1,6.2,-4.5,-4.4,48	
6.1,6.2,-5.6,-5.5,2	
6.1,6.2,1.7,1.8,5264	
6.1,6.2,2.0,2.1,3026	
6.1,6.2,2.8,2.9,586	
6.1,6.2,3.1,3.2,317	
6.1,6.2,3.9,4.0,114	
6.1,6.2,4.2,4.3,59	
6.1,6.2,5.3,5.4,9	
6.1,6.2,0.6,0.7,19250	
6.2,6.3,-1.1,-1.0,11990	
6.2,6.3,-1.9,-1.8,3554	
6.2,6.3,-2.2,-2.1,1977	
6.2,6.3,-3.3,-3.2,243	
6.2,6.3,-0.4,-0.3,20955	
6.2,6.3,-4.4,-4.3,43	
6.2,6.3,-5.5,-5.4,3	
6.2,6.3,1.0,1.1,13598	
6.2,6.3,1.8,1.9,4288	
6.2,6.3,2.1,2.2,2369	
6.2,6.3,2.9,3.0,400	
6.2,6.3,3.2,3.3,265	
6.2,6.3,4.3,4.4,55	
6.2,6.3,0.5,0.6,19801	
6.2,6.3,5.4,5.5,8	
6.2,6.3,6.5,6.6,1	
6.3,6.4,-1.0,-0.9,12918	
6.3,6.4,-1.8,-1.7,4172	
6.3,6.4,-2.1,-2.0,2257	
6.3,6.4,-2.9,-2.8,426	
6.3,6.4,-3.2,-3.1,180	
6.3,6.4,-4.3,-4.2,40	
6.3,6.4,-0.5,-0.4,19499	
6.3,6.4,-5.4,-5.3,5	
6.3,6.4,1.1,1.2,11569	
6.3,6.4,1.9,2.0,3348	
6.3,6.4,2.2,2.3,1878	
6.3,6.4,3.3,3.4,160	
6.3,6.4,0.4,0.5,20508	
6.3,6.4,4.4,4.5,41	
6.3,6.4,5.5,5.6,3	
6.3,6.4,6.6,6.7,1	
6.4,6.5,-1.7,-1.6,4838	
6.4,6.5,-2.0,-1.9,2675	
6.4,6.5,-2.8,-2.7,425	
6.4,6.5,-3.1,-3.0,216	
6.4,6.5,-3.9,-3.8,50	
6.4,6.5,-4.2,-4.1,32	
6.4,6.5,-5.3,-5.2,6	
6.4,6.5,-0.6,-0.5,17551	
6.4,6.5,-6.4,-6.3,1	
6.4,6.5,1.2,1.3,9866	
6.4,6.5,2.3,2.4,1370	
6.4,6.5,0.3,0.4,20498	
6.4,6.5,3.4,3.5,116	
6.4,6.5,4.5,4.6,24	
6.4,6.5,5.6,5.7,3	
6.5,6.6,-1.6,-1.5,5228	
6.5,6.6,-2.7,-2.6,520	
6.5,6.6,-3.0,-2.9,246	
6.5,6.6,-3.8,-3.7,36	
6.5,6.6,-4.1,-4.0,34	
6.5,6.6,-4.9,-4.8,8	
6.5,6.6,-5.2,-5.1,9	
6.5,6.6,-0.7,-0.6,15715	
6.5,6.6,1.3,1.4,8259	
6.5,6.6,0.2,0.3,19604	
6.5,6.6,2.4,2.5,1058	
6.5,6.6,3.5,3.6,73	
6.5,6.6,4.6,4.7,14	
6.5,6.6,5.7,5.8,2	
6.6,6.7,-1.5,-1.4,5737	
6.6,6.7,-2.6,-2.5,593	
6.6,6.7,-3.7,-3.6,41	
6.6,6.7,-4.0,-3.9,21	
6.6,6.7,-4.8,-4.7,3	
6.6,6.7,-5.1,-5.0,3	
6.6,6.7,-0.8,-0.7,13458	
6.6,6.7,0.1,0.2,19027	
6.6,6.7,1.4,1.5,6736	
6.6,6.7,2.5,2.6,776	
6.6,6.7,3.6,3.7,54	
6.6,6.7,4.7,4.8,6	
6.6,6.7,5.0,5.1,4	
6.6,6.7,0.9,1.0,12501	
6.7,6.8,-0.1,0.0,18035	
6.7,6.8,-1.4,-1.3,6290	
6.7,6.8,-2.5,-2.4,713	
6.7,6.8,-3.6,-3.5,46	
6.7,6.8,-4.7,-4.6,6	
6.7,6.8,-5.0,-4.9,1	
6.7,6.8,-0.9,-0.8,11618	
6.7,6.8,0.0,0.1,36348	
6.7,6.8,1.5,1.6,5289	
6.7,6.8,2.6,2.7,590	
6.7,6.8,3.7,3.8,27	
6.7,6.8,4.0,4.1,19	
6.7,6.8,4.8,4.9,5	
6.7,6.8,5.1,5.2,1	
6.7,6.8,5.9,6.0,1	
6.7,6.8,6.2,6.3,1	
6.7,6.8,0.8,0.9,12401	
6.8,6.9,-1.3,-1.2,6724	
6.8,6.9,-0.2,-0.1,16171	
6.8,6.9,-2.4,-2.3,882	
6.8,6.9,-3.5,-3.4,38	
6.8,6.9,-4.6,-4.5,2	
6.8,6.9,-6.8,-6.7,1	
6.8,6.9,1.6,1.7,4269	
6.8,6.9,2.7,2.8,394	
6.8,6.9,3.0,3.1,181	
6.8,6.9,3.8,3.9,20	
6.8,6.9,4.1,4.2,8	
6.8,6.9,4.9,5.0,1	
6.8,6.9,5.2,5.3,1	
6.8,6.9,0.7,0.8,12414	
6.9,7.0,-1.2,-1.1,6927	
6.9,7.0,-2.3,-2.2,970	
6.9,7.0,-0.3,-0.2,14199	
6.9,7.0,-3.4,-3.3,49	
6.9,7.0,-4.5,-4.4,2	
6.9,7.0,1.7,1.8,3236	
6.9,7.0,2.0,2.1,1897	
6.9,7.0,2.8,2.9,261	
6.9,7.0,3.1,3.2,115	
6.9,7.0,3.9,4.0,13	
6.9,7.0,4.2,4.3,3	
6.9,7.0,0.6,0.7,12520	
6.9,7.0,6.4,6.5,1	
0.7,0.8,-1.0,-0.9,4070	
0.7,0.8,-1.8,-1.7,10802	
0.7,0.8,-2.1,-2.0,14108	
0.7,0.8,-2.9,-2.8,20092	
0.7,0.8,-3.2,-3.1,19788	
0.7,0.8,-4.3,-4.2,12600	
0.7,0.8,-0.5,-0.4,2709	
0.7,0.8,-5.4,-5.3,16477	
0.7,0.8,-6.5,-6.4,15587	
0.7,0.8,-7.6,-7.5,4628	
0.7,0.8,-8.7,-8.6,392	
0.7,0.8,-9.0,-8.9,190	
0.7,0.8,-9.8,-9.7,9	
0.7,0.8,10.3,10.4,3	
0.7,0.8,1.1,1.2,4594	
0.7,0.8,1.9,2.0,11900	
0.7,0.8,2.2,2.3,15227	
0.7,0.8,3.3,3.4,19633	
0.7,0.8,0.4,0.5,2517	
0.7,0.8,4.4,4.5,12383	
0.7,0.8,5.5,5.6,16987	
0.7,0.8,6.6,6.7,14594	
0.7,0.8,7.7,7.8,4062	
0.7,0.8,8.0,8.1,2249	
0.7,0.8,8.8,8.9,308	
0.7,0.8,9.1,9.2,129	
0.7,0.8,9.9,10.0,10	
7.0,7.1,-0.1,0.0,13611	
7.0,7.1,-1.4,-1.3,4896	
7.0,7.1,-2.5,-2.4,542	
7.0,7.1,-3.6,-3.5,22	
7.0,7.1,-5.0,-4.9,4	
7.0,7.1,-0.9,-0.8,8724	
7.0,7.1,0.0,0.1,27658	
7.0,7.1,1.5,1.6,4174	
7.0,7.1,2.6,2.7,431	
7.0,7.1,3.7,3.8,13	
7.0,7.1,4.0,4.1,10	
7.0,7.1,4.8,4.9,1	
7.0,7.1,5.1,5.2,1	
7.0,7.1,0.8,0.9,9623	
7.1,7.2,-1.3,-1.2,5029	
7.1,7.2,-0.2,-0.1,11976	
7.1,7.2,-2.4,-2.3,605	
7.1,7.2,-3.5,-3.4,26	
7.1,7.2,-4.6,-4.5,2	
7.1,7.2,1.6,1.7,3257	
7.1,7.2,2.7,2.8,289	
7.1,7.2,3.0,3.1,102	
7.1,7.2,3.8,3.9,15	
7.1,7.2,4.1,4.2,5	
7.1,7.2,4.9,5.0,3	
7.1,7.2,0.7,0.8,9303	
7.2,7.3,-1.2,-1.1,4922	
7.2,7.3,-2.3,-2.2,719	
7.2,7.3,-0.3,-0.2,10225	
7.2,7.3,-3.4,-3.3,30	
7.2,7.3,-4.5,-4.4,2	
7.2,7.3,-6.7,-6.6,1	
7.2,7.3,1.7,1.8,2396	
7.2,7.3,2.0,2.1,1341	
7.2,7.3,2.8,2.9,182	
7.2,7.3,3.1,3.2,76	
7.2,7.3,3.9,4.0,7	
7.2,7.3,0.6,0.7,8782	
7.3,7.4,-1.1,-1.0,4823	
7.3,7.4,-1.9,-1.8,1486	
7.3,7.4,-2.2,-2.1,765	
7.3,7.4,-3.3,-3.2,38	
7.3,7.4,-0.4,-0.3,8791	
7.3,7.4,1.0,1.1,5405	
7.3,7.4,1.8,1.9,1677	
7.3,7.4,2.1,2.2,964	
7.3,7.4,2.9,3.0,130	
7.3,7.4,3.2,3.3,49	
7.3,7.4,4.3,4.4,1	
7.3,7.4,0.5,0.6,8154	
7.3,7.4,5.4,5.5,1	
7.4,7.5,-1.0,-0.9,4718	
7.4,7.5,-1.8,-1.7,1510	
7.4,7.5,-2.1,-2.0,765	
7.4,7.5,-2.9,-2.8,101	
7.4,7.5,-3.2,-3.1,48	
7.4,7.5,-4.3,-4.2,1	
7.4,7.5,-0.5,-0.4,7052	
7.4,7.5,1.1,1.2,4381	
7.4,7.5,1.9,2.0,1266	
7.4,7.5,2.2,2.3,673	
7.4,7.5,3.3,3.4,36	
7.4,7.5,0.4,0.5,7626	
7.4,7.5,4.4,4.5,2	
7.5,7.6,-1.7,-1.6,1563	
7.5,7.6,-2.0,-1.9,854	
7.5,7.6,-2.8,-2.7,124	
7.5,7.6,-3.1,-3.0,44	
7.5,7.6,-3.9,-3.8,1	
7.5,7.6,-4.2,-4.1,1	
7.5,7.6,-0.6,-0.5,5810	
7.5,7.6,1.2,1.3,3227	
7.5,7.6,2.3,2.4,463	
7.5,7.6,0.3,0.4,6847	
7.5,7.6,3.4,3.5,29	
7.6,7.7,-1.6,-1.5,1615	
7.6,7.7,-2.7,-2.6,153	
7.6,7.7,-3.0,-2.9,56	
7.6,7.7,-3.8,-3.7,4	
7.6,7.7,-4.1,-4.0,1	
7.6,7.7,-0.7,-0.6,4688	
7.6,7.7,1.3,1.4,2449	
7.6,7.7,0.2,0.3,5845	
7.6,7.7,2.4,2.5,294	
7.6,7.7,3.5,3.6,14	
7.7,7.8,-1.5,-1.4,1599	
7.7,7.8,-2.6,-2.5,157	
7.7,7.8,-3.7,-3.6,4	
7.7,7.8,-0.8,-0.7,3559	
7.7,7.8,0.1,0.2,5265	
7.7,7.8,1.4,1.5,1822	
7.7,7.8,2.5,2.6,189	
7.7,7.8,3.6,3.7,5	
7.7,7.8,0.9,1.0,3277	
7.8,7.9,-0.1,0.0,4303	
7.8,7.9,-1.4,-1.3,1520	
7.8,7.9,-2.5,-2.4,153	
7.8,7.9,-3.6,-3.5,6	
7.8,7.9,-0.9,-0.8,2746	
7.8,7.9,0.0,0.1,8506	
7.8,7.9,1.5,1.6,1355	
7.8,7.9,2.6,2.7,116	
7.8,7.9,3.7,3.8,5	
7.8,7.9,0.8,0.9,3074	
7.9,8.0,-1.3,-1.2,1419	
7.9,8.0,-0.2,-0.1,3525	
7.9,8.0,-2.4,-2.3,174	
7.9,8.0,-3.5,-3.4,5	
7.9,8.0,1.6,1.7,908	
7.9,8.0,2.7,2.8,75	
7.9,8.0,3.0,3.1,32	
7.9,8.0,3.8,3.9,2	
7.9,8.0,4.1,4.2,3	
7.9,8.0,0.7,0.8,2686	
0.8,0.9,-1.7,-1.6,9198	
0.8,0.9,-2.0,-1.9,12334	
0.8,0.9,-2.8,-2.7,18917	
0.8,0.9,-3.1,-3.0,18981	
0.8,0.9,-3.9,-3.8,14241	
0.8,0.9,-4.2,-4.1,12347	
0.8,0.9,-5.3,-5.2,14679	
0.8,0.9,-0.6,-0.5,3237	
0.8,0.9,-6.4,-6.3,15110	
0.8,0.9,-7.5,-7.4,4992	
0.8,0.9,-8.6,-8.5,466	
0.8,0.9,-9.7,-9.6,13	
0.8,0.9,10.2,10.3,3	
0.8,0.9,1.2,1.3,5195	
0.8,0.9,2.3,2.4,15417	
0.8,0.9,0.3,0.4,2927	
0.8,0.9,3.4,3.5,17834	
0.8,0.9,4.5,4.6,11578	
0.8,0.9,5.6,5.7,16414	
0.8,0.9,6.7,6.8,12416	
0.8,0.9,7.0,7.1,9629	
0.8,0.9,7.8,7.9,3126	
0.8,0.9,8.1,8.2,1595	
0.8,0.9,8.9,9.0,236	
0.8,0.9,9.2,9.3,100	
8.0,8.1,-1.5,-1.4,894	
8.0,8.1,-2.6,-2.5,86	
8.0,8.1,-3.7,-3.6,1	
8.0,8.1,-4.0,-3.9,1	
8.0,8.1,-0.8,-0.7,2060	
8.0,8.1,0.1,0.2,2871	
8.0,8.1,1.4,1.5,1075	
8.0,8.1,2.5,2.6,109	
8.0,8.1,3.6,3.7,2	
8.0,8.1,0.9,1.0,1935	
8.1,8.2,-0.1,0.0,2346	
8.1,8.2,-1.4,-1.3,830	
8.1,8.2,-2.5,-2.4,94	
8.1,8.2,-3.6,-3.5,3	
8.1,8.2,-0.9,-0.8,1502	
8.1,8.2,0.0,0.1,4757	
8.1,8.2,1.5,1.6,718	
8.1,8.2,2.6,2.7,57	
8.1,8.2,4.0,4.1,1	
8.1,8.2,0.8,0.9,1556	
8.2,8.3,-1.3,-1.2,761	
8.2,8.3,-0.2,-0.1,1901	
8.2,8.3,-2.4,-2.3,100	
8.2,8.3,-3.5,-3.4,3	
8.2,8.3,1.6,1.7,460	
8.2,8.3,2.7,2.8,61	
8.2,8.3,3.0,3.1,18	
8.2,8.3,0.7,0.8,1315	
8.3,8.4,-1.2,-1.1,715	
8.3,8.4,-2.3,-2.2,104	
8.3,8.4,-0.3,-0.2,1444	
8.3,8.4,-3.4,-3.3,3	
8.3,8.4,1.7,1.8,336	
8.3,8.4,2.0,2.1,187	
8.3,8.4,2.8,2.9,19	
8.3,8.4,3.1,3.2,8	
8.3,8.4,3.9,4.0,2	
8.3,8.4,0.6,0.7,1228	
8.4,8.5,-1.1,-1.0,609	
8.4,8.5,-1.9,-1.8,189	
8.4,8.5,-2.2,-2.1,91	
8.4,8.5,-3.3,-3.2,6	
8.4,8.5,-0.4,-0.3,1106	
8.4,8.5,1.0,1.1,666	
8.4,8.5,1.8,1.9,246	
8.4,8.5,2.1,2.2,99	
8.4,8.5,2.9,3.0,15	
8.4,8.5,3.2,3.3,9	
8.4,8.5,0.5,0.6,997	
8.5,8.6,-1.0,-0.9,531	
8.5,8.6,-1.8,-1.7,149	
8.5,8.6,-2.1,-2.0,95	
8.5,8.6,-2.9,-2.8,12	
8.5,8.6,-3.2,-3.1,6	
8.5,8.6,-0.5,-0.4,839	
8.5,8.6,1.1,1.2,482	
8.5,8.6,1.9,2.0,173	
8.5,8.6,2.2,2.3,84	
8.5,8.6,3.3,3.4,3	
8.5,8.6,0.4,0.5,821	
8.6,8.7,-1.7,-1.6,149	
8.6,8.7,-2.0,-1.9,100	
8.6,8.7,-2.8,-2.7,16	
8.6,8.7,-3.1,-3.0,2	
8.6,8.7,-0.6,-0.5,599	
8.6,8.7,1.2,1.3,334	
8.6,8.7,2.3,2.4,36	
8.6,8.7,0.3,0.4,633	
8.6,8.7,3.4,3.5,4	
8.7,8.8,-1.6,-1.5,132	
8.7,8.8,-2.7,-2.6,16	
8.7,8.8,-3.0,-2.9,5	
8.7,8.8,-0.7,-0.6,400	
8.7,8.8,1.3,1.4,178	
8.7,8.8,0.2,0.3,498	
8.7,8.8,2.4,2.5,34	
8.7,8.8,3.5,3.6,1	
8.8,8.9,-1.5,-1.4,119	
8.8,8.9,-2.6,-2.5,17	
8.8,8.9,-3.7,-3.6,1	
8.8,8.9,-0.8,-0.7,296	
8.8,8.9,0.1,0.2,410	
8.8,8.9,1.4,1.5,148	
8.8,8.9,2.5,2.6,11	
8.8,8.9,0.9,1.0,270	
8.9,9.0,-0.1,0.0,268	
8.9,9.0,-1.4,-1.3,109	
8.9,9.0,-2.5,-2.4,8	
8.9,9.0,-0.9,-0.8,193	
8.9,9.0,0.0,0.1,675	
8.9,9.0,1.5,1.6,98	
8.9,9.0,2.6,2.7,10	
8.9,9.0,0.8,0.9,178	
0.9,1.0,-10.6,-10.5,1	
0.9,1.0,-1.6,-1.5,8028	
0.9,1.0,-2.7,-2.6,17824	
0.9,1.0,-3.0,-2.9,18416	
0.9,1.0,-3.8,-3.7,14330	
0.9,1.0,-4.1,-4.0,12160	
0.9,1.0,-4.9,-4.8,11464	
0.9,1.0,-5.2,-5.1,12942	
0.9,1.0,-6.3,-6.2,14367	
0.9,1.0,-0.7,-0.6,3708	
0.9,1.0,-7.4,-7.3,5348	
0.9,1.0,-8.5,-8.4,578	
0.9,1.0,-9.6,-9.5,19	
0.9,1.0,10.1,10.2,5	
0.9,1.0,1.3,1.4,5768	
0.9,1.0,0.2,0.3,3294	
0.9,1.0,2.4,2.5,15654	
0.9,1.0,3.5,3.6,16380	
0.9,1.0,4.6,4.7,10865	
0.9,1.0,5.7,5.8,15012	
0.9,1.0,6.0,6.1,15214	
0.9,1.0,6.8,6.9,10573	
0.9,1.0,7.1,7.2,7775	
0.9,1.0,7.9,8.0,2271	
0.9,1.0,8.2,8.3,1246	
0.9,1.0,9.3,9.4,62	
9.0,9.1,-1.6,-1.5,61	
9.0,9.1,-2.7,-2.6,7	
9.0,9.1,-3.0,-2.9,3	
9.0,9.1,-0.7,-0.6,181	
9.0,9.1,1.3,1.4,96	
9.0,9.1,0.2,0.3,225	
9.0,9.1,2.4,2.5,8	
9.1,9.2,-1.5,-1.4,47	
9.1,9.2,-2.6,-2.5,3	
9.1,9.2,-0.8,-0.7,108	
9.1,9.2,0.1,0.2,152	
9.1,9.2,1.4,1.5,47	
9.1,9.2,2.5,2.6,5	
9.1,9.2,3.6,3.7,2	
9.1,9.2,0.9,1.0,107	
9.2,9.3,-0.1,0.0,112	
9.2,9.3,-1.4,-1.3,34	
9.2,9.3,-2.5,-2.4,6	
9.2,9.3,-0.9,-0.8,80	
9.2,9.3,0.0,0.1,207	
9.2,9.3,1.5,1.6,44	
9.2,9.3,2.6,2.7,1	
9.2,9.3,0.8,0.9,81	
9.3,9.4,-1.3,-1.2,26	
9.3,9.4,-0.2,-0.1,94	
9.3,9.4,-2.4,-2.3,4	
9.3,9.4,1.6,1.7,22	
9.3,9.4,0.7,0.8,68	
9.4,9.5,-1.2,-1.1,26	
9.4,9.5,-2.3,-2.2,2	
9.4,9.5,-0.3,-0.2,58	
9.4,9.5,1.7,1.8,16	
9.4,9.5,2.0,2.1,7	
9.4,9.5,2.8,2.9,2	
9.4,9.5,0.6,0.7,48	
9.5,9.6,-1.1,-1.0,24	
9.5,9.6,-1.9,-1.8,7	
9.5,9.6,-2.2,-2.1,4	
9.5,9.6,-3.3,-3.2,2	
9.5,9.6,-0.4,-0.3,44	
9.5,9.6,1.0,1.1,23	
9.5,9.6,1.8,1.9,12	
9.5,9.6,2.1,2.2,4	
9.5,9.6,3.2,3.3,2	
9.5,9.6,0.5,0.6,42	
9.6,9.7,-1.0,-0.9,16	
9.6,9.7,-1.8,-1.7,6	
9.6,9.7,-2.1,-2.0,3	
9.6,9.7,-0.5,-0.4,29	
9.6,9.7,1.1,1.2,16	
9.6,9.7,1.9,2.0,10	
9.6,9.7,2.2,2.3,4	
9.6,9.7,3.3,3.4,1	
9.6,9.7,0.4,0.5,27	
9.7,9.8,-1.7,-1.6,4	
9.7,9.8,-2.0,-1.9,1	
9.7,9.8,-0.6,-0.5,20	
9.7,9.8,1.2,1.3,21	
9.7,9.8,2.3,2.4,2	
9.7,9.8,0.3,0.4,19	
9.8,9.9,-1.6,-1.5,2	
9.8,9.9,-0.7,-0.6,12	
9.8,9.9,1.3,1.4,5	
9.8,9.9,0.2,0.3,10	
9.8,9.9,2.4,2.5,1	
9.9,10.0,-1.5,-1.4,3	
9.9,10.0,-0.8,-0.7,6	
9.9,10.0,0.1,0.2,8	
9.9,10.0,1.4,1.5,2	
9.9,10.0,0.9,1.0,8	
