-0.1,0.0,-1.5,-1.4,8474	
-0.1,0.0,-2.6,-2.5,23104	
-0.1,0.0,-3.7,-3.6,20141	
-0.1,0.0,-4.0,-3.9,17556	
-0.1,0.0,-4.8,-4.7,16637	
-0.1,0.0,-5.1,-5.0,18627	
-0.1,0.0,-5.9,-5.8,24008	
-0.1,0.0,-6.2,-6.1,22983	
-0.1,0.0,-7.3,-7.2,9499	
-0.1,0.0,-0.8,-0.7,2781	
-0.1,0.0,-8.4,-8.3,1174	
-0.1,0.0,-9.5,-9.4,43	
-0.1,0.0,0.1,0.2,1141	
-0.1,0.0,10.0,10.1,10	
-0.1,0.0,1.4,1.5,7459	
-0.1,0.0,2.5,2.6,22022	
-0.1,0.0,3.6,3.7,21050	
-0.1,0.0,4.7,4.8,15968	
-0.1,0.0,5.0,5.1,18008	
-0.1,0.0,5.8,5.9,24031	
-0.1,0.0,6.1,6.2,23400	
-0.1,0.0,6.9,7.0,15203	
-0.1,0.0,7.2,7.3,10790	
-0.1,0.0,8.3,8.4,1469	
-0.1,0.0,0.9,1.0,3324	
-0.1,0.0,9.4,9.5,65	
-1.0,-0.9,-1.7,-1.6,8739	
-1.0,-0.9,-2.0,-1.9,11453	
-1.0,-0.9,-2.8,-2.7,17314	
-1.0,-0.9,-3.1,-3.0,17505	
-1.0,-0.9,-3.9,-3.8,12699	
-1.0,-0.9,-4.2,-4.1,10910	
-1.0,-0.9,-5.3,-5.2,12164	
-1.0,-0.9,-0.6,-0.5,4098	
-1.0,-0.9,-6.4,-6.3,12597	
-1.0,-0.9,-7.5,-7.4,4205	
-1.0,-0.9,-8.6,-8.5,388	
-1.0,-0.9,-9.7,-9.6,9	
-1.0,-0.9,10.2,10.3,2	
-1.0,-0.9,1.2,1.3,5490	
-1.0,-0.9,2.3,2.4,14238	
-1.0,-0.9,0.3,0.4,3984	
-1.0,-0.9,3.4,3.5,16055	
-1.0,-0.9,4.5,4.6,9956	
-1.0,-0.9,5.6,5.7,13517	
-1.0,-0.9,6.7,6.8,10528	
-1.0,-0.9,7.0,7.1,7983	
-1.0,-0.9,7.8,7.9,2584	
-1.0,-0.9,8.1,8.2,1386	
-1.0,-0.9,8.9,9.0,187	
-1.0,-0.9,9.2,9.3,69	
-10.0,-9.9,-1.5,-1.4,1	
-10.0,-9.9,-0.8,-0.7,1	
-10.0,-9.9,0.1,0.2,4	
-10.0,-9.9,1.4,1.5,3	
-10.0,-9.9,0.9,1.0,3	
-10.1,-10.0,-0.1,0.0,2	
-10.1,-10.0,-1.4,-1.3,2	
-10.1,-10.0,-0.9,-0.8,2	
-10.1,-10.0,0.0,0.1,13	
-10.1,-10.0,1.5,1.6,1	
-10.1,-10.0,0.8,0.9,3	
-10.2,-10.1,-0.2,-0.1,4	
-10.2,-10.1,0.7,0.8,1	
-10.3,-10.2,-1.2,-1.1,2	
-10.3,-10.2,-0.3,-0.2,1	
-10.3,-10.2,1.7,1.8,2	
-10.3,-10.2,0.6,0.7,3	
-10.4,-10.3,-1.9,-1.8,1	
-10.4,-10.3,1.0,1.1,1	
-10.6,-10.5,-0.6,-0.5,1	
-10.6,-10.5,0.3,0.4,1	
-10.7,-10.6,0.2,0.3,1	
-1.1,-1.0,-1.6,-1.5,7849	
-1.1,-1.0,-2.7,-2.6,16326	
-1.1,-1.0,-3.0,-2.9,16832	
-1.1,-1.0,-3.8,-3.7,12625	
-1.1,-1.0,-4.1,-4.0,10966	
-1.1,-1.0,-4.9,-4.8,9543	
-1.1,-1.0,-5.2,-5.1,10683	
-1.1,-1.0,-6.3,-6.2,11741	
-1.1,-1.0,-0.7,-0.6,4688	
-1.1,-1.0,-7.4,-7.3,4349	
-1.1,-1.0,-8.5,-8.4,481	
-1.1,-1.0,-9.6,-9.5,12	
-1.1,-1.0,10.1,10.2,2	
-1.1,-1.0,1.3,1.4,5884	
-1.1,-1.0,0.2,0.3,4776	
-1.1,-1.0,2.4,2.5,14686	
-1.1,-1.0,3.5,3.6,14860	
-1.1,-1.0,4.6,4.7,9104	
-1.1,-1.0,5.7,5.8,12408	
-1.1,-1.0,6.0,6.1,12428	
-1.1,-1.0,6.8,6.9,8604	
-1.1,-1.0,7.1,7.2,6251	
-1.1,-1.0,7.9,8.0,1832	
-1.1,-1.0,8.2,8.3,1024	
-1.1,-1.0,9.3,9.4,37	
-11.0,-10.9,1.3,1.4,1	
-1.2,-1.1,-1.5,-1.4,7236	
-1.2,-1.1,-2.6,-2.5,15580	
-1.2,-1.1,-3.7,-3.6,12924	
-1.2,-1.1,-4.0,-3.9,10973	
-1.2,-1.1,-4.8,-4.7,8608	
-1.2,-1.1,-5.1,-5.0,9410	
-1.2,-1.1,-5.9,-5.8,11034	
-1.2,-1.1,-6.2,-6.1,10763	
-1.2,-1.1,-7.3,-7.2,4578	
-1.2,-1.1,-0.8,-0.7,5226	
-1.2,-1.1,-8.4,-8.3,524	
-1.2,-1.1,-9.5,-9.4,18	
-1.2,-1.1,0.1,0.2,5429	
-1.2,-1.1,10.0,10.1,5	
-1.2,-1.1,1.4,1.5,6629	
-1.2,-1.1,2.5,2.6,14940	
-1.2,-1.1,3.6,3.7,13939	
-1.2,-1.1,4.7,4.8,8437	
-1.2,-1.1,5.0,5.1,9006	
-1.2,-1.1,5.8,5.9,11097	
-1.2,-1.1,6.1,6.2,10903	
-1.2,-1.1,6.9,7.0,6912	
-1.2,-1.1,7.2,7.3,5029	
-1.2,-1.1,8.3,8.4,665	
-1.2,-1.1,0.9,1.0,5291	
-1.2,-1.1,9.4,9.5,20	
-1.3,-1.2,-0.1,0.0,6494	
-1.3,-1.2,-10.0,-9.9,7	
-1.3,-1.2,-1.4,-1.3,6834	
-1.3,-1.2,-2.5,-2.4,14436	
-1.3,-1.2,-3.6,-3.5,13300	
-1.3,-1.2,-4.7,-4.6,7729	
-1.3,-1.2,-5.0,-4.9,8037	
-1.3,-1.2,-5.8,-5.7,9798	
-1.3,-1.2,-6.1,-6.0,9634	
-1.3,-1.2,-6.9,-6.8,5992	
-1.3,-1.2,-7.2,-7.1,4298	
-1.3,-1.2,-8.3,-8.2,579	
-1.3,-1.2,-0.9,-0.8,5741	
-1.3,-1.2,-9.4,-9.3,27	
-1.3,-1.2,0.0,0.1,12723	
-1.3,-1.2,1.5,1.6,7259	
-1.3,-1.2,2.6,2.7,14885	
-1.3,-1.2,3.7,3.8,12718	
-1.3,-1.2,4.0,4.1,10492	
-1.3,-1.2,4.8,4.9,7813	
-1.3,-1.2,5.1,5.2,8169	
-1.3,-1.2,5.9,6.0,9641	
-1.3,-1.2,6.2,6.3,9290	
-1.3,-1.2,7.3,7.4,3836	
-1.3,-1.2,0.8,0.9,5849	
-1.3,-1.2,8.4,8.5,483	
-1.3,-1.2,9.5,9.6,18	
-1.4,-1.3,-1.3,-1.2,6871	
-1.4,-1.3,-0.2,-0.1,7361	
-1.4,-1.3,-2.4,-2.3,13658	
-1.4,-1.3,-3.5,-3.4,13721	
-1.4,-1.3,-4.6,-4.5,7372	
-1.4,-1.3,-5.7,-5.6,8289	
-1.4,-1.3,-6.0,-5.9,8468	
-1.4,-1.3,-6.8,-6.7,5895	
-1.4,-1.3,-7.1,-7.0,4318	
-1.4,-1.3,-7.9,-7.8,1236	
-1.4,-1.3,-8.2,-8.1,691	
-1.4,-1.3,-9.3,-9.2,41	
-1.4,-1.3,1.6,1.7,8140	
-1.4,-1.3,2.7,2.8,15223	
-1.4,-1.3,3.0,3.1,15646	
-1.4,-1.3,3.8,3.9,11880	
-1.4,-1.3,4.1,4.2,9576	
-1.4,-1.3,4.9,5.0,7221	
-1.4,-1.3,5.2,5.3,7614	
-1.4,-1.3,6.3,6.4,7815	
-1.4,-1.3,0.7,0.8,6778	
-1.4,-1.3,7.4,7.5,2951	
-1.4,-1.3,8.5,8.6,311	
-1.4,-1.3,9.6,9.7,14	
-1.5,-1.4,-1.2,-1.1,7223	
-1.5,-1.4,-2.3,-2.2,12935	
-1.5,-1.4,-0.3,-0.2,8291	
-1.5,-1.4,-3.4,-3.3,14155	
-1.5,-1.4,-4.5,-4.4,7179	
-1.5,-1.4,-5.6,-5.5,7164	
-1.5,-1.4,-6.7,-6.6,5407	
-1.5,-1.4,-7.0,-6.9,4240	
-1.5,-1.4,-7.8,-7.7,1237	
-1.5,-1.4,-8.1,-8.0,692	
-1.5,-1.4,-8.9,-8.8,96	
-1.5,-1.4,-9.2,-9.1,31	
-1.5,-1.4,1.7,1.8,8877	
-1.5,-1.4,2.0,2.1,10966	
-1.5,-1.4,2.8,2.9,15487	
-1.5,-1.4,3.1,3.2,15550	
-1.5,-1.4,3.9,4.0,10706	
-1.5,-1.4,4.2,4.3,8741	
-1.5,-1.4,5.3,5.4,6884	
-1.5,-1.4,0.6,0.7,7795	
-1.5,-1.4,6.4,6.5,6607	
-1.5,-1.4,7.5,7.6,2141	
-1.5,-1.4,8.6,8.7,210	
-1.5,-1.4,9.7,9.8,7	
-1.6,-1.5,-1.1,-1.0,7970	
-1.6,-1.5,-1.9,-1.8,10648	
-1.6,-1.5,-2.2,-2.1,12735	
-1.6,-1.5,-3.3,-3.2,15091	
-1.6,-1.5,-0.4,-0.3,9281	
-1.6,-1.5,-4.4,-4.3,7315	
-1.6,-1.5,-5.5,-5.4,6283	
-1.6,-1.5,-6.6,-6.5,5058	
-1.6,-1.5,-7.7,-7.6,1401	
-1.6,-1.5,-8.0,-7.9,746	
-1.6,-1.5,-8.8,-8.7,98	
-1.6,-1.5,-9.1,-9.0,44	
-1.6,-1.5,-9.9,-9.8,3	
-1.6,-1.5,1.0,1.1,7855	
-1.6,-1.5,1.8,1.9,10074	
-1.6,-1.5,2.1,2.2,11738	
-1.6,-1.5,2.9,3.0,15881	
-1.6,-1.5,3.2,3.3,15310	
-1.6,-1.5,4.3,4.4,7905	
-1.6,-1.5,0.5,0.6,9051	
-1.6,-1.5,5.4,5.5,6117	
-1.6,-1.5,6.5,6.6,5227	
-1.6,-1.5,7.6,7.7,1613	
-1.6,-1.5,8.7,8.8,137	
-1.6,-1.5,9.0,9.1,53	
-1.6,-1.5,9.8,9.9,9	
-1.7,-1.6,-1.0,-0.9,8772	
-1.7,-1.6,-1.8,-1.7,10199	
-1.7,-1.6,-2.1,-2.0,12118	
-1.7,-1.6,-2.9,-2.8,16139	
-1.7,-1.6,-3.2,-3.1,15885	
-1.7,-1.6,-4.3,-4.2,7734	
-1.7,-1.6,-0.5,-0.4,10293	
-1.7,-1.6,-5.4,-5.3,5166	
-1.7,-1.6,-6.5,-6.4,4467	
-1.7,-1.6,-7.6,-7.5,1342	
-1.7,-1.6,-8.7,-8.6,117	
-1.7,-1.6,-9.0,-8.9,57	
-1.7,-1.6,-9.8,-9.7,5	
-1.7,-1.6,10.3,10.4,1	
-1.7,-1.6,1.1,1.2,8494	
-1.7,-1.6,1.9,2.0,10863	
-1.7,-1.6,2.2,2.3,13057	
-1.7,-1.6,3.3,3.4,15334	
-1.7,-1.6,0.4,0.5,10432	
-1.7,-1.6,4.4,4.5,7194	
-1.7,-1.6,5.5,5.6,5372	
-1.7,-1.6,6.6,6.7,4147	
-1.7,-1.6,7.7,7.8,1115	
-1.7,-1.6,8.0,8.1,662	
-1.7,-1.6,8.8,8.9,91	
-1.7,-1.6,9.1,9.2,27	
-1.7,-1.6,9.9,10.0,3	
-1.8,-1.7,-1.7,-1.6,10266	
-1.8,-1.7,-2.0,-1.9,11906	
-1.8,-1.7,-2.8,-2.7,16644	
-1.8,-1.7,-3.1,-3.0,16370	
-1.8,-1.7,-3.9,-3.8,11117	
-1.8,-1.7,-4.2,-4.1,8480	
-1.8,-1.7,-5.3,-5.2,4547	
-1.8,-1.7,-0.6,-0.5,10985	
-1.8,-1.7,-6.4,-6.3,3898	
-1.8,-1.7,-7.5,-7.4,1262	
-1.8,-1.7,-8.6,-8.5,129	
-1.8,-1.7,-9.7,-9.6,4	
-1.8,-1.7,10.2,10.3,2	
-1.8,-1.7,1.2,1.3,9156	
-1.8,-1.7,2.3,2.4,14220	
-1.8,-1.7,0.3,0.4,12117	
-1.8,-1.7,3.4,3.5,15438	
-1.8,-1.7,4.5,4.6,6649	
-1.8,-1.7,5.6,5.7,4541	
-1.8,-1.7,6.7,6.8,3179	
-1.8,-1.7,7.0,7.1,2503	
-1.8,-1.7,7.8,7.9,744	
-1.8,-1.7,8.1,8.2,430	
-1.8,-1.7,8.9,9.0,67	
-1.8,-1.7,9.2,9.3,14	
-1.9,-1.8,-1.6,-1.5,10367	
-1.9,-1.8,-2.7,-2.6,17298	
-1.9,-1.8,-3.0,-2.9,17302	
-1.9,-1.8,-3.8,-3.7,12484	
-1.9,-1.8,-4.1,-4.0,9397	
-1.9,-1.8,-4.9,-4.8,4611	
-1.9,-1.8,-5.2,-5.1,4151	
-1.9,-1.8,-6.3,-6.2,3360	
-1.9,-1.8,-0.7,-0.6,11700	
-1.9,-1.8,-7.4,-7.3,1247	
-1.9,-1.8,-8.5,-8.4,155	
-1.9,-1.8,-9.6,-9.5,7	
-1.9,-1.8,1.3,1.4,10041	
-1.9,-1.8,0.2,0.3,13863	
-1.9,-1.8,2.4,2.5,15747	
-1.9,-1.8,3.5,3.6,15118	
-1.9,-1.8,4.6,4.7,5817	
-1.9,-1.8,5.7,5.8,3743	
-1.9,-1.8,6.0,6.1,3801	
-1.9,-1.8,6.8,6.9,2537	
-1.9,-1.8,7.1,7.2,1730	
-1.9,-1.8,7.9,8.0,498	
-1.9,-1.8,8.2,8.3,271	
-1.9,-1.8,9.3,9.4,11	
-0.2,-0.1,-0.1,0.0,1197	
-0.2,-0.1,-10.0,-9.9,9	
-0.2,-0.1,-1.4,-1.3,7387	
-0.2,-0.1,-2.5,-2.4,21624	
-0.2,-0.1,-3.6,-3.5,20612	
-0.2,-0.1,-4.7,-4.6,15706	
-0.2,-0.1,-5.0,-4.9,17634	
-0.2,-0.1,-5.8,-5.7,23606	
-0.2,-0.1,-6.1,-6.0,23010	
-0.2,-0.1,-6.9,-6.8,14889	
-0.2,-0.1,-7.2,-7.1,10551	
-0.2,-0.1,-8.3,-8.2,1492	
-0.2,-0.1,-0.9,-0.8,3341	
-0.2,-0.1,-9.4,-9.3,73	
-0.2,-0.1,0.0,0.1,2373	
-0.2,-0.1,1.5,1.6,8552	
-0.2,-0.1,2.6,2.7,22455	
-0.2,-0.1,3.7,3.8,19519	
-0.2,-0.1,4.0,4.1,17231	
-0.2,-0.1,4.8,4.9,16353	
-0.2,-0.1,5.1,5.2,18463	
-0.2,-0.1,5.9,6.0,23428	
-0.2,-0.1,6.2,6.3,22680	
-0.2,-0.1,7.3,7.4,9268	
-0.2,-0.1,0.8,0.9,2848	
-0.2,-0.1,8.4,8.5,1185	
-0.2,-0.1,9.5,9.6,38	
-2.0,-1.9,-1.0,-0.9,11445	
-2.0,-1.9,-1.8,-1.7,11885	
-2.0,-1.9,-2.1,-2.0,14120	
-2.0,-1.9,-2.9,-2.8,18389	
-2.0,-1.9,-3.2,-3.1,17866	
-2.0,-1.9,-4.3,-4.2,7912	
-2.0,-1.9,-0.5,-0.4,14151	
-2.0,-1.9,-5.4,-5.3,3460	
-2.0,-1.9,-6.5,-6.4,2603	
-2.0,-1.9,-7.6,-7.5,769	
-2.0,-1.9,-8.7,-8.6,73	
-2.0,-1.9,-9.0,-8.9,27	
-2.0,-1.9,-9.8,-9.7,2	
-2.0,-1.9,1.1,1.2,11139	
-2.0,-1.9,1.9,2.0,12780	
-2.0,-1.9,2.2,2.3,14757	
-2.0,-1.9,3.3,3.4,17339	
-2.0,-1.9,0.4,0.5,14570	
-2.0,-1.9,4.4,4.5,7303	
-2.0,-1.9,5.5,5.6,3410	
-2.0,-1.9,6.6,6.7,2413	
-2.0,-1.9,7.7,7.8,612	
-2.0,-1.9,8.0,8.1,349	
-2.0,-1.9,8.8,8.9,48	
-2.0,-1.9,9.1,9.2,22	
-2.0,-1.9,9.9,10.0,1	
-2.1,-2.0,-1.7,-1.6,12128	
-2.1,-2.0,-2.0,-1.9,13916	
-2.1,-2.0,-2.8,-2.7,19033	
-2.1,-2.0,-3.1,-3.0,18641	
-2.1,-2.0,-3.9,-3.8,12310	
-2.1,-2.0,-4.2,-4.1,9259	
-2.1,-2.0,-5.3,-5.2,3208	
-2.1,-2.0,-0.6,-0.5,14732	
-2.1,-2.0,-6.4,-6.3,2203	
-2.1,-2.0,-7.5,-7.4,709	
-2.1,-2.0,-8.6,-8.5,75	
-2.1,-2.0,-9.7,-9.6,2	
-2.1,-2.0,1.2,1.3,11770	
-2.1,-2.0,2.3,2.4,16697	
-2.1,-2.0,0.3,0.4,16512	
-2.1,-2.0,3.4,3.5,17401	
-2.1,-2.0,4.5,4.6,6618	
-2.1,-2.0,5.6,5.7,2701	
-2.1,-2.0,6.7,6.8,1846	
-2.1,-2.0,7.0,7.1,1384	
-2.1,-2.0,7.8,7.9,406	
-2.1,-2.0,8.1,8.2,219	
-2.1,-2.0,8.9,9.0,37	
-2.1,-2.0,9.2,9.3,14	
-2.2,-2.1,-1.6,-1.5,12679	
-2.2,-2.1,-2.7,-2.6,19559	
-2.2,-2.1,-3.0,-2.9,20180	
-2.2,-2.1,-3.8,-3.7,14115	
-2.2,-2.1,-4.1,-4.0,10632	
-2.2,-2.1,-4.9,-4.8,4134	
-2.2,-2.1,-5.2,-5.1,3046	
-2.2,-2.1,-6.3,-6.2,1804	
-2.2,-2.1,-0.7,-0.6,15113	
-2.2,-2.1,-7.4,-7.3,671	
-2.2,-2.1,-8.5,-8.4,89	
-2.2,-2.1,1.3,1.4,12566	
-2.2,-2.1,0.2,0.3,18111	
-2.2,-2.1,2.4,2.5,18031	
-2.2,-2.1,3.5,3.6,17377	
-2.2,-2.1,4.6,4.7,5864	
-2.2,-2.1,5.7,5.8,2364	
-2.2,-2.1,6.0,6.1,2093	
-2.2,-2.1,6.8,6.9,1359	
-2.2,-2.1,7.1,7.2,1009	
-2.2,-2.1,7.9,8.0,310	
-2.2,-2.1,8.2,8.3,141	
-2.2,-2.1,9.3,9.4,7	
-2.3,-2.2,-1.5,-1.4,13028	
-2.3,-2.2,-2.6,-2.5,20149	
-2.3,-2.2,-3.7,-3.6,15996	
-2.3,-2.2,-4.0,-3.9,12064	
-2.3,-2.2,-4.8,-4.7,4573	
-2.3,-2.2,-5.1,-5.0,2942	
-2.3,-2.2,-5.9,-5.8,1761	
-2.3,-2.2,-6.2,-6.1,1554	
-2.3,-2.2,-7.3,-7.2,599	
-2.3,-2.2,-0.8,-0.7,15356	
-2.3,-2.2,-8.4,-8.3,77	
-2.3,-2.2,-9.5,-9.4,2	
-2.3,-2.2,0.1,0.2,19846	
-2.3,-2.2,1.4,1.5,13145	
-2.3,-2.2,2.5,2.6,19764	
-2.3,-2.2,3.6,3.7,17157	
-2.3,-2.2,4.7,4.8,5138	
-2.3,-2.2,5.0,5.1,3550	
-2.3,-2.2,5.8,5.9,1854	
-2.3,-2.2,6.1,6.2,1586	
-2.3,-2.2,6.9,7.0,970	
-2.3,-2.2,7.2,7.3,689	
-2.3,-2.2,8.3,8.4,103	
-2.3,-2.2,0.9,1.0,14834	
-2.3,-2.2,9.4,9.5,6	
-2.4,-2.3,-0.1,0.0,20889	
-2.4,-2.3,-10.0,-9.9,1	
-2.4,-2.3,-1.4,-1.3,13849	
-2.4,-2.3,-2.5,-2.4,20261	
-2.4,-2.3,-3.6,-3.5,17704	
-2.4,-2.3,-4.7,-4.6,5285	
-2.4,-2.3,-5.0,-4.9,3365	
-2.4,-2.3,-5.8,-5.7,1576	
-2.4,-2.3,-6.1,-6.0,1305	
-2.4,-2.3,-6.9,-6.8,780	
-2.4,-2.3,-7.2,-7.1,538	
-2.4,-2.3,-8.3,-8.2,67	
-2.4,-2.3,-0.9,-0.8,15774	
-2.4,-2.3,-9.4,-9.3,1	
-2.4,-2.3,0.0,0.1,41935	
-2.4,-2.3,1.5,1.6,13729	
-2.4,-2.3,2.6,2.7,21107	
-2.4,-2.3,3.7,3.8,16542	
-2.4,-2.3,4.0,4.1,12733	
-2.4,-2.3,4.8,4.9,4607	
-2.4,-2.3,5.1,5.2,2987	
-2.4,-2.3,5.9,6.0,1431	
-2.4,-2.3,6.2,6.3,1284	
-2.4,-2.3,7.3,7.4,498	
-2.4,-2.3,0.8,0.9,16558	
-2.4,-2.3,8.4,8.5,51	
-2.4,-2.3,9.5,9.6,1	
-2.5,-2.4,-1.3,-1.2,14501	
-2.5,-2.4,-0.2,-0.1,21347	
-2.5,-2.4,-2.4,-2.3,20438	
-2.5,-2.4,-3.5,-3.4,19502	
-2.5,-2.4,-4.6,-4.5,6234	
-2.5,-2.4,-5.7,-5.6,1410	
-2.5,-2.4,-6.0,-5.9,1106	
-2.5,-2.4,-6.8,-6.7,687	
-2.5,-2.4,-7.1,-7.0,506	
-2.5,-2.4,-7.9,-7.8,124	
-2.5,-2.4,-8.2,-8.1,91	
-2.5,-2.4,-9.3,-9.2,4	
-2.5,-2.4,1.6,1.7,14417	
-2.5,-2.4,2.7,2.8,22787	
-2.5,-2.4,3.0,3.1,22601	
-2.5,-2.4,3.8,3.9,15873	
-2.5,-2.4,4.1,4.2,11695	
-2.5,-2.4,4.9,5.0,3843	
-2.5,-2.4,5.2,5.3,2445	
-2.5,-2.4,6.3,6.4,954	
-2.5,-2.4,0.7,0.8,18114	
-2.5,-2.4,7.4,7.5,358	
-2.5,-2.4,8.5,8.6,28	
-2.5,-2.4,9.6,9.7,1	
-2.6,-2.5,-1.2,-1.1,15255	
-2.6,-2.5,-2.3,-2.2,20181	
-2.6,-2.5,-0.3,-0.2,21793	
-2.6,-2.5,-3.4,-3.3,20989	
-2.6,-2.5,-4.5,-4.4,7139	
-2.6,-2.5,-5.6,-5.5,1379	
-2.6,-2.5,-6.7,-6.6,578	
-2.6,-2.5,-7.0,-6.9,422	
-2.6,-2.5,-7.8,-7.7,145	
-2.6,-2.5,-8.1,-8.0,83	
-2.6,-2.5,-8.9,-8.8,8	
-2.6,-2.5,-9.2,-9.1,4	
-2.6,-2.5,1.7,1.8,15155	
-2.6,-2.5,2.0,2.1,17464	
-2.6,-2.5,2.8,2.9,23171	
-2.6,-2.5,3.1,3.2,23200	
-2.6,-2.5,3.9,4.0,14880	
-2.6,-2.5,4.2,4.3,10823	
-2.6,-2.5,5.3,5.4,2055	
-2.6,-2.5,0.6,0.7,19873	
-2.6,-2.5,6.4,6.5,734	
-2.6,-2.5,7.5,7.6,221	
-2.6,-2.5,8.6,8.7,23	
-2.7,-2.6,-1.1,-1.0,16318	
-2.7,-2.6,-1.9,-1.8,17012	
-2.7,-2.6,-2.2,-2.1,19780	
-2.7,-2.6,-3.3,-3.2,22692	
-2.7,-2.6,-0.4,-0.3,22099	
-2.7,-2.6,-4.4,-4.3,8364	
-2.7,-2.6,-5.5,-5.4,1439	
-2.7,-2.6,-6.6,-6.5,484	
-2.7,-2.6,-7.7,-7.6,108	
-2.7,-2.6,-8.0,-7.9,59	
-2.7,-2.6,-8.8,-8.7,11	
-2.7,-2.6,-9.1,-9.0,1	
-2.7,-2.6,1.0,1.1,16954	
-2.7,-2.6,1.8,1.9,16489	
-2.7,-2.6,2.1,2.2,18920	
-2.7,-2.6,2.9,3.0,23802	
-2.7,-2.6,3.2,3.3,23143	
-2.7,-2.6,4.3,4.4,9524	
-2.7,-2.6,0.5,0.6,21249	
-2.7,-2.6,5.4,5.5,1636	
-2.7,-2.6,6.5,6.6,491	
-2.7,-2.6,7.6,7.7,137	
-2.7,-2.6,8.7,8.8,12	
-2.7,-2.6,9.0,9.1,3	
-2.7,-2.6,9.8,9.9,1	
-2.8,-2.7,-1.0,-0.9,17432	
-2.8,-2.7,-1.8,-1.7,16817	
-2.8,-2.7,-2.1,-2.0,18841	
-2.8,-2.7,-2.9,-2.8,24384	
-2.8,-2.7,-3.2,-3.1,23552	
-2.8,-2.7,-4.3,-4.2,9756	
-2.8,-2.7,-0.5,-0.4,21667	
-2.8,-2.7,-5.4,-5.3,1533	
-2.8,-2.7,-6.5,-6.4,384	
-2.8,-2.7,-7.6,-7.5,115	
-2.8,-2.7,-8.7,-8.6,8	
-2.8,-2.7,-9.0,-8.9,4	
-2.8,-2.7,1.1,1.2,16621	
-2.8,-2.7,1.9,2.0,17344	
-2.8,-2.7,2.2,2.3,19992	
-2.8,-2.7,3.3,3.4,22720	
-2.8,-2.7,0.4,0.5,22391	
-2.8,-2.7,4.4,4.5,8478	
-2.8,-2.7,5.5,5.6,1337	
-2.8,-2.7,6.6,6.7,384	
-2.8,-2.7,7.7,7.8,78	
-2.8,-2.7,8.0,8.1,47	
-2.8,-2.7,8.8,8.9,6	
-2.8,-2.7,9.1,9.2,4	
-2.9,-2.8,-1.7,-1.6,16292	
-2.9,-2.8,-2.0,-1.9,18427	
-2.9,-2.8,-2.8,-2.7,24304	
-2.9,-2.8,-3.1,-3.0,24016	
-2.9,-2.8,-3.9,-3.8,15406	
-2.9,-2.8,-4.2,-4.1,11193	
-2.9,-2.8,-5.3,-5.2,1827	
-2.9,-2.8,-0.6,-0.5,21035	
-2.9,-2.8,-6.4,-6.3,336	
-2.9,-2.8,-7.5,-7.4,89	
-2.9,-2.8,-8.6,-8.5,7	
-2.9,-2.8,-9.7,-9.6,1	
-2.9,-2.8,1.2,1.3,16222	
-2.9,-2.8,2.3,2.4,21052	
-2.9,-2.8,0.3,0.4,23158	
-2.9,-2.8,3.4,3.5,21778	
-2.9,-2.8,4.5,4.6,7354	
-2.9,-2.8,5.6,5.7,1000	
-2.9,-2.8,6.7,6.8,256	
-2.9,-2.8,7.0,7.1,172	
-2.9,-2.8,7.8,7.9,59	
-2.9,-2.8,8.1,8.2,27	
-2.9,-2.8,8.9,9.0,7	
-2.9,-2.8,9.2,9.3,3	
-0.3,-0.2,-10.1,-10.0,3	
-0.3,-0.2,-10.9,-10.8,1	
-0.3,-0.2,-1.3,-1.2,6132	
-0.3,-0.2,-0.2,-0.1,1424	
-0.3,-0.2,-2.4,-2.3,19982	
-0.3,-0.2,-3.5,-3.4,21036	
-0.3,-0.2,-4.6,-4.5,14931	
-0.3,-0.2,-5.7,-5.6,22028	
-0.3,-0.2,-6.0,-5.9,22765	
-0.3,-0.2,-6.8,-6.7,15820	
-0.3,-0.2,-7.1,-7.0,11637	
-0.3,-0.2,-7.9,-7.8,3360	
-0.3,-0.2,-8.2,-8.1,1772	
-0.3,-0.2,-9.3,-9.2,77	
-0.3,-0.2,10.6,10.7,2	
-0.3,-0.2,1.6,1.7,9496	
-0.3,-0.2,2.7,2.8,22279	
-0.3,-0.2,3.0,3.1,23677	
-0.3,-0.2,3.8,3.9,18342	
-0.3,-0.2,4.1,4.2,15923	
-0.3,-0.2,4.9,5.0,16497	
-0.3,-0.2,5.2,5.3,18938	
-0.3,-0.2,6.3,6.4,21371	
-0.3,-0.2,0.7,0.8,2379	
-0.3,-0.2,7.4,7.5,7685	
-0.3,-0.2,8.5,8.6,910	
-0.3,-0.2,9.6,9.7,33	
-3.0,-2.9,-1.1,-1.0,16604	
-3.0,-2.9,-1.9,-1.8,17472	
-3.0,-2.9,-2.2,-2.1,19985	
-3.0,-2.9,-3.3,-3.2,22812	
-3.0,-2.9,-0.4,-0.3,22786	
-3.0,-2.9,-4.4,-4.3,8700	
-3.0,-2.9,-5.5,-5.4,1157	
-3.0,-2.9,-6.6,-6.5,213	
-3.0,-2.9,-7.7,-7.6,46	
-3.0,-2.9,-8.0,-7.9,26	
-3.0,-2.9,-8.8,-8.7,8	
-3.0,-2.9,-9.1,-9.0,1	
-3.0,-2.9,1.0,1.1,17348	
-3.0,-2.9,1.8,1.9,17118	
-3.0,-2.9,2.1,2.2,19364	
-3.0,-2.9,2.9,3.0,24184	
-3.0,-2.9,3.2,3.3,23213	
-3.0,-2.9,4.3,4.4,9764	
-3.0,-2.9,0.5,0.6,22068	
-3.0,-2.9,5.4,5.5,1379	
-3.0,-2.9,6.5,6.6,247	
-3.0,-2.9,7.6,7.7,57	
-3.0,-2.9,8.7,8.8,5	
-3.0,-2.9,9.0,9.1,1	
-3.1,-3.0,-1.0,-0.9,17224	
-3.1,-3.0,-1.8,-1.7,16677	
-3.1,-3.0,-2.1,-2.0,18727	
-3.1,-3.0,-2.9,-2.8,23986	
-3.1,-3.0,-3.2,-3.1,23089	
-3.1,-3.0,-4.3,-4.2,9582	
-3.1,-3.0,-0.5,-0.4,21759	
-3.1,-3.0,-5.4,-5.3,1268	
-3.1,-3.0,-6.5,-6.4,192	
-3.1,-3.0,-7.6,-7.5,34	
-3.1,-3.0,-8.7,-8.6,4	
-3.1,-3.0,-9.0,-8.9,1	
-3.1,-3.0,-9.8,-9.7,1	
-3.1,-3.0,1.1,1.2,16683	
-3.1,-3.0,1.9,2.0,16902	
-3.1,-3.0,2.2,2.3,19941	
-3.1,-3.0,3.3,3.4,22205	
-3.1,-3.0,0.4,0.5,22977	
-3.1,-3.0,4.4,4.5,8444	
-3.1,-3.0,5.5,5.6,1091	
-3.1,-3.0,6.6,6.7,142	
-3.1,-3.0,7.7,7.8,44	
-3.1,-3.0,8.0,8.1,19	
-3.1,-3.0,9.1,9.2,4	
-3.2,-3.1,-1.7,-1.6,15847	
-3.2,-3.1,-2.0,-1.9,17899	
-3.2,-3.1,-2.8,-2.7,23348	
-3.2,-3.1,-3.1,-3.0,23117	
-3.2,-3.1,-3.9,-3.8,15041	
-3.2,-3.1,-4.2,-4.1,10830	
-3.2,-3.1,-5.3,-5.2,1613	
-3.2,-3.1,-0.6,-0.5,20733	
-3.2,-3.1,-6.4,-6.3,168	
-3.2,-3.1,-7.5,-7.4,39	
-3.2,-3.1,-8.6,-8.5,4	
-3.2,-3.1,1.2,1.3,15989	
-3.2,-3.1,2.3,2.4,20426	
-3.2,-3.1,0.3,0.4,22963	
-3.2,-3.1,3.4,3.5,21079	
-3.2,-3.1,4.5,4.6,7144	
-3.2,-3.1,5.6,5.7,820	
-3.2,-3.1,6.7,6.8,106	
-3.2,-3.1,7.0,7.1,75	
-3.2,-3.1,7.8,7.9,29	
-3.2,-3.1,8.1,8.2,14	
-3.2,-3.1,8.9,9.0,1	
-3.2,-3.1,9.2,9.3,2	
-3.3,-3.2,-1.6,-1.5,14994	
-3.3,-3.2,-2.7,-2.6,22435	
-3.3,-3.2,-3.0,-2.9,22871	
-3.3,-3.2,-3.8,-3.7,15574	
-3.3,-3.2,-4.1,-4.0,11766	
-3.3,-3.2,-4.9,-4.8,3390	
-3.3,-3.2,-5.2,-5.1,1852	
-3.3,-3.2,-6.3,-6.2,158	
-3.3,-3.2,-0.7,-0.6,19475	
-3.3,-3.2,-7.4,-7.3,32	
-3.3,-3.2,-8.5,-8.4,4	
-3.3,-3.2,1.3,1.4,14990	
-3.3,-3.2,0.2,0.3,23135	
-3.3,-3.2,2.4,2.5,20613	
-3.3,-3.2,3.5,3.6,19461	
-3.3,-3.2,4.6,4.7,5760	
-3.3,-3.2,5.7,5.8,594	
-3.3,-3.2,6.0,6.1,285	
-3.3,-3.2,6.8,6.9,79	
-3.3,-3.2,7.1,7.2,55	
-3.3,-3.2,7.9,8.0,11	
-3.3,-3.2,8.2,8.3,9	
-3.4,-3.3,-1.5,-1.4,14380	
-3.4,-3.3,-2.6,-2.5,21317	
-3.4,-3.3,-3.7,-3.6,16416	
-3.4,-3.3,-4.0,-3.9,12704	
-3.4,-3.3,-4.8,-4.7,3861	
-3.4,-3.3,-5.1,-5.0,2184	
-3.4,-3.3,-5.9,-5.8,329	
-3.4,-3.3,-6.2,-6.1,199	
-3.4,-3.3,-7.3,-7.2,29	
-3.4,-3.3,-0.8,-0.7,17825	
-3.4,-3.3,-8.4,-8.3,3	
-3.4,-3.3,0.1,0.2,22637	
-3.4,-3.3,1.4,1.5,14539	
-3.4,-3.3,2.5,2.6,20472	
-3.4,-3.3,3.6,3.7,17381	
-3.4,-3.3,4.7,4.8,4567	
-3.4,-3.3,5.0,5.1,2647	
-3.4,-3.3,5.8,5.9,459	
-3.4,-3.3,6.1,6.2,189	
-3.4,-3.3,6.9,7.0,45	
-3.4,-3.3,7.2,7.3,36	
-3.4,-3.3,8.3,8.4,4	
-3.4,-3.3,0.9,1.0,16930	
-3.5,-3.4,-0.1,0.0,21770	
-3.5,-3.4,-1.4,-1.3,13623	
-3.5,-3.4,-2.5,-2.4,19517	
-3.5,-3.4,-3.6,-3.5,16753	
-3.5,-3.4,-4.7,-4.6,4611	
-3.5,-3.4,-5.0,-4.9,2518	
-3.5,-3.4,-5.8,-5.7,374	
-3.5,-3.4,-6.1,-6.0,199	
-3.5,-3.4,-6.9,-6.8,33	
-3.5,-3.4,-7.2,-7.1,20	
-3.5,-3.4,-8.3,-8.2,2	
-3.5,-3.4,-0.9,-0.8,16143	
-3.5,-3.4,0.0,0.1,44309	
-3.5,-3.4,1.5,1.6,13769	
-3.5,-3.4,2.6,2.7,20004	
-3.5,-3.4,3.7,3.8,15329	
-3.5,-3.4,4.0,4.1,11738	
-3.5,-3.4,4.8,4.9,3569	
-3.5,-3.4,5.1,5.2,2019	
-3.5,-3.4,5.9,6.0,319	
-3.5,-3.4,6.2,6.3,126	
-3.5,-3.4,7.3,7.4,9	
-3.5,-3.4,0.8,0.9,17072	
-3.5,-3.4,8.4,8.5,2	
-3.6,-3.5,-1.3,-1.2,13347	
-3.6,-3.5,-0.2,-0.1,20562	
-3.6,-3.5,-2.4,-2.3,17340	
-3.6,-3.5,-3.5,-3.4,16738	
-3.6,-3.5,-4.6,-4.5,5062	
-3.6,-3.5,-5.7,-5.6,514	
-3.6,-3.5,-6.0,-5.9,237	
-3.6,-3.5,-6.8,-6.7,30	
-3.6,-3.5,-7.1,-7.0,22	
-3.6,-3.5,-7.9,-7.8,4	
-3.6,-3.5,-8.2,-8.1,1	
-3.6,-3.5,1.6,1.7,13025	
-3.6,-3.5,2.7,2.8,19067	
-3.6,-3.5,3.0,3.1,19576	
-3.6,-3.5,3.8,3.9,13478	
-3.6,-3.5,4.1,4.2,10119	
-3.6,-3.5,4.9,5.0,2905	
-3.6,-3.5,5.2,5.3,1593	
-3.6,-3.5,6.3,6.4,95	
-3.6,-3.5,0.7,0.8,17395	
-3.6,-3.5,7.4,7.5,15	
-3.6,-3.5,8.5,8.6,2	
-3.7,-3.6,-1.2,-1.1,12938	
-3.7,-3.6,-2.3,-2.2,15897	
-3.7,-3.6,-0.3,-0.2,19237	
-3.7,-3.6,-3.4,-3.3,16527	
-3.7,-3.6,-4.5,-4.4,5451	
-3.7,-3.6,-5.6,-5.5,521	
-3.7,-3.6,-6.7,-6.6,35	
-3.7,-3.6,-7.0,-6.9,14	
-3.7,-3.6,-7.8,-7.7,6	
-3.7,-3.6,-8.1,-8.0,4	
-3.7,-3.6,1.7,1.8,12703	
-3.7,-3.6,2.0,2.1,14039	
-3.7,-3.6,2.8,2.9,18577	
-3.7,-3.6,3.1,3.2,17735	
-3.7,-3.6,3.9,4.0,11534	
-3.7,-3.6,4.2,4.3,8124	
-3.7,-3.6,5.3,5.4,1142	
-3.7,-3.6,0.6,0.7,17267	
-3.7,-3.6,6.4,6.5,63	
-3.7,-3.6,7.5,7.6,9	
-3.7,-3.6,8.6,8.7,1	
-3.8,-3.7,-1.1,-1.0,12817	
-3.8,-3.7,-1.9,-1.8,12592	
-3.8,-3.7,-2.2,-2.1,14228	
-3.8,-3.7,-3.3,-3.2,15655	
-3.8,-3.7,-0.4,-0.3,17890	
-3.8,-3.7,-4.4,-4.3,5880	
-3.8,-3.7,-5.5,-5.4,643	
-3.8,-3.7,-6.6,-6.5,28	
-3.8,-3.7,-7.7,-7.6,3	
-3.8,-3.7,1.0,1.1,13328	
-3.8,-3.7,1.8,1.9,11954	
-3.8,-3.7,2.1,2.2,13570	
-3.8,-3.7,2.9,3.0,16970	
-3.8,-3.7,3.2,3.3,16303	
-3.8,-3.7,4.3,4.4,6601	
-3.8,-3.7,0.5,0.6,17186	
-3.8,-3.7,5.4,5.5,845	
-3.8,-3.7,6.5,6.6,44	
-3.8,-3.7,7.6,7.7,3	
-3.9,-3.8,-1.0,-0.9,12532	
-3.9,-3.8,-1.8,-1.7,11064	
-3.9,-3.8,-2.1,-2.0,12606	
-3.9,-3.8,-2.9,-2.8,15441	
-3.9,-3.8,-3.2,-3.1,14940	
-3.9,-3.8,-4.3,-4.2,6173	
-3.9,-3.8,-0.5,-0.4,16297	
-3.9,-3.8,-5.4,-5.3,752	
-3.9,-3.8,-6.5,-6.4,28	
-3.9,-3.8,-7.6,-7.5,6	
-3.9,-3.8,1.1,1.2,12149	
-3.9,-3.8,1.9,2.0,11383	
-3.9,-3.8,2.2,2.3,12801	
-3.9,-3.8,3.3,3.4,14266	
-3.9,-3.8,0.4,0.5,16930	
-3.9,-3.8,4.4,4.5,5464	
-3.9,-3.8,5.5,5.6,577	
-3.9,-3.8,6.6,6.7,27	
-3.9,-3.8,7.7,7.8,2	
-0.4,-0.3,-10.2,-10.1,1	
-0.4,-0.3,-1.2,-1.1,5364	
-0.4,-0.3,-2.3,-2.2,18171	
-0.4,-0.3,-0.3,-0.2,1718	
-0.4,-0.3,-3.4,-3.3,21218	
-0.4,-0.3,-4.5,-4.4,14349	
-0.4,-0.3,-5.6,-5.5,20980	
-0.4,-0.3,-6.7,-6.6,16311	
-0.4,-0.3,-7.0,-6.9,12447	
-0.4,-0.3,-7.8,-7.7,3793	
-0.4,-0.3,-8.1,-8.0,2120	
-0.4,-0.3,-8.9,-8.8,272	
-0.4,-0.3,-9.2,-9.1,97	
-0.4,-0.3,10.5,10.6,1	
-0.4,-0.3,1.7,1.8,10614	
-0.4,-0.3,2.0,2.1,14561	
-0.4,-0.3,2.8,2.9,22547	
-0.4,-0.3,3.1,3.2,22700	
-0.4,-0.3,3.9,4.0,16974	
-0.4,-0.3,4.2,4.3,14811	
-0.4,-0.3,5.3,5.4,18715	
-0.4,-0.3,0.6,0.7,2231	
-0.4,-0.3,6.4,6.5,19804	
-0.4,-0.3,7.5,7.6,6470	
-0.4,-0.3,8.6,8.7,620	
-0.4,-0.3,9.7,9.8,14	
-4.0,-3.9,-1.2,-1.1,10918	
-4.0,-3.9,-2.3,-2.2,12187	
-4.0,-3.9,-0.3,-0.2,16733	
-4.0,-3.9,-3.4,-3.3,12573	
-4.0,-3.9,-4.5,-4.4,4236	
-4.0,-3.9,-5.6,-5.5,383	
-4.0,-3.9,-6.7,-6.6,16	
-4.0,-3.9,-7.0,-6.9,8	
-4.0,-3.9,-7.8,-7.7,1	
-4.0,-3.9,1.7,1.8,10057	
-4.0,-3.9,2.0,2.1,10820	
-4.0,-3.9,2.8,2.9,13974	
-4.0,-3.9,3.1,3.2,13839	
-4.0,-3.9,3.9,4.0,8871	
-4.0,-3.9,4.2,4.3,6332	
-4.0,-3.9,5.3,5.4,851	
-4.0,-3.9,0.6,0.7,15065	
-4.0,-3.9,6.4,6.5,50	
-4.0,-3.9,7.5,7.6,2	
-4.0,-3.9,8.6,8.7,1	
-4.1,-4.0,-1.1,-1.0,10832	
-4.1,-4.0,-1.9,-1.8,9636	
-4.1,-4.0,-2.2,-2.1,10723	
-4.1,-4.0,-3.3,-3.2,11661	
-4.1,-4.0,-0.4,-0.3,15627	
-4.1,-4.0,-4.4,-4.3,4377	
-4.1,-4.0,-5.5,-5.4,460	
-4.1,-4.0,-6.6,-6.5,25	
-4.1,-4.0,1.0,1.1,11670	
-4.1,-4.0,1.8,1.9,9479	
-4.1,-4.0,2.1,2.2,10233	
-4.1,-4.0,2.9,3.0,12577	
-4.1,-4.0,3.2,3.3,11991	
-4.1,-4.0,4.3,4.4,4879	
-4.1,-4.0,0.5,0.6,14944	
-4.1,-4.0,5.4,5.5,623	
-4.1,-4.0,6.5,6.6,32	
-4.1,-4.0,7.6,7.7,2	
-4.1,-4.0,8.7,8.8,1	
-4.1,-4.0,9.0,9.1,1	
-4.2,-4.1,-1.0,-0.9,11022	
-4.2,-4.1,-1.8,-1.7,8450	
-4.2,-4.1,-2.1,-2.0,9179	
-4.2,-4.1,-2.9,-2.8,11149	
-4.2,-4.1,-3.2,-3.1,10720	
-4.2,-4.1,-4.3,-4.2,4443	
-4.2,-4.1,-0.5,-0.4,14245	
-4.2,-4.1,-5.4,-5.3,554	
-4.2,-4.1,-6.5,-6.4,19	
-4.2,-4.1,-7.6,-7.5,3	
-4.2,-4.1,1.1,1.2,10241	
-4.2,-4.1,1.9,2.0,8776	
-4.2,-4.1,2.2,2.3,9587	
-4.2,-4.1,3.3,3.4,10290	
-4.2,-4.1,0.4,0.5,14813	
-4.2,-4.1,4.4,4.5,3769	
-4.2,-4.1,5.5,5.6,418	
-4.2,-4.1,6.6,6.7,10	
-4.2,-4.1,8.0,8.1,1	
-4.3,-4.2,-1.7,-1.6,7806	
-4.3,-4.2,-2.0,-1.9,7795	
-4.3,-4.2,-2.8,-2.7,9834	
-4.3,-4.2,-3.1,-3.0,9640	
-4.3,-4.2,-3.9,-3.8,6218	
-4.3,-4.2,-4.2,-4.1,4573	
-4.3,-4.2,-5.3,-5.2,631	
-4.3,-4.2,-0.6,-0.5,13284	
-4.3,-4.2,-6.4,-6.3,35	
-4.3,-4.2,-7.5,-7.4,1	
-4.3,-4.2,1.2,1.3,9407	
-4.3,-4.2,2.3,2.4,8677	
-4.3,-4.2,0.3,0.4,15291	
-4.3,-4.2,3.4,3.5,8726	
-4.3,-4.2,4.5,4.6,2832	
-4.3,-4.2,5.6,5.7,316	
-4.3,-4.2,6.7,6.8,9	
-4.3,-4.2,7.0,7.1,4	
-4.4,-4.3,-1.6,-1.5,7319	
-4.4,-4.3,-2.7,-2.6,8488	
-4.4,-4.3,-3.0,-2.9,8662	
-4.4,-4.3,-3.8,-3.7,5870	
-4.4,-4.3,-4.1,-4.0,4342	
-4.4,-4.3,-4.9,-4.8,1262	
-4.4,-4.3,-5.2,-5.1,678	
-4.4,-4.3,-6.3,-6.2,20	
-4.4,-4.3,-0.7,-0.6,12219	
-4.4,-4.3,-7.4,-7.3,1	
-4.4,-4.3,1.3,1.4,8427	
-4.4,-4.3,0.2,0.3,15376	
-4.4,-4.3,2.4,2.5,7893	
-4.4,-4.3,3.5,3.6,7205	
-4.4,-4.3,4.6,4.7,2220	
-4.4,-4.3,5.7,5.8,179	
-4.4,-4.3,6.0,6.1,96	
-4.4,-4.3,6.8,6.9,8	
-4.4,-4.3,7.1,7.2,3	
-4.5,-4.4,-1.5,-1.4,7142	
-4.5,-4.4,-2.6,-2.5,7246	
-4.5,-4.4,-3.7,-3.6,5496	
-4.5,-4.4,-4.0,-3.9,4117	
-4.5,-4.4,-4.8,-4.7,1361	
-4.5,-4.4,-5.1,-5.0,706	
-4.5,-4.4,-5.9,-5.8,111	
-4.5,-4.4,-6.2,-6.1,27	
-4.5,-4.4,-7.3,-7.2,1	
-4.5,-4.4,-0.8,-0.7,11624	
-4.5,-4.4,0.1,0.2,15565	
-4.5,-4.4,1.4,1.5,7633	
-4.5,-4.4,2.5,2.6,7091	
-4.5,-4.4,3.6,3.7,5916	
-4.5,-4.4,4.7,4.8,1535	
-4.5,-4.4,5.0,5.1,872	
-4.5,-4.4,5.8,5.9,134	
-4.5,-4.4,6.1,6.2,49	
-4.5,-4.4,6.9,7.0,3	
-4.5,-4.4,7.2,7.3,1	
-4.5,-4.4,0.9,1.0,10888	
-4.6,-4.5,-0.1,0.0,15834	
-4.6,-4.5,-1.4,-1.3,7425	
-4.6,-4.5,-2.5,-2.4,6175	
-4.6,-4.5,-3.6,-3.5,4971	
-4.6,-4.5,-4.7,-4.6,1387	
-4.6,-4.5,-5.0,-4.9,775	
-4.6,-4.5,-5.8,-5.7,123	
-4.6,-4.5,-6.1,-6.0,41	
-4.6,-4.5,-7.2,-7.1,1	
-4.6,-4.5,-0.9,-0.8,10664	
-4.6,-4.5,0.0,0.1,31743	
-4.6,-4.5,1.5,1.6,6896	
-4.6,-4.5,2.6,2.7,6143	
-4.6,-4.5,3.7,3.8,4688	
-4.6,-4.5,4.0,4.1,3570	
-4.6,-4.5,4.8,4.9,1090	
-4.6,-4.5,5.1,5.2,583	
-4.6,-4.5,5.9,6.0,94	
-4.6,-4.5,6.2,6.3,38	
-4.6,-4.5,7.3,7.4,1	
-4.6,-4.5,0.8,0.9,11479	
-4.7,-4.6,-1.3,-1.2,7847	
-4.7,-4.6,-0.2,-0.1,15424	
-4.7,-4.6,-2.4,-2.3,5124	
-4.7,-4.6,-3.5,-3.4,4442	
-4.7,-4.6,-4.6,-4.5,1249	
-4.7,-4.6,-5.7,-5.6,96	
-4.7,-4.6,-6.0,-5.9,41	
-4.7,-4.6,-6.8,-6.7,4	
-4.7,-4.6,-7.1,-7.0,3	
-4.7,-4.6,1.6,1.7,6300	
-4.7,-4.6,2.7,2.8,5289	
-4.7,-4.6,3.0,3.1,5368	
-4.7,-4.6,3.8,3.9,3681	
-4.7,-4.6,4.1,4.2,2617	
-4.7,-4.6,4.9,5.0,859	
-4.7,-4.6,5.2,5.3,374	
-4.7,-4.6,6.3,6.4,25	
-4.7,-4.6,0.7,0.8,12465	
-4.8,-4.7,-1.2,-1.1,8595	
-4.8,-4.7,-2.3,-2.2,4724	
-4.8,-4.7,-0.3,-0.2,15909	
-4.8,-4.7,-3.4,-3.3,3893	
-4.8,-4.7,-4.5,-4.4,1323	
-4.8,-4.7,-5.6,-5.5,134	
-4.8,-4.7,-6.7,-6.6,3	
-4.8,-4.7,-7.0,-6.9,1	
-4.8,-4.7,1.7,1.8,5434	
-4.8,-4.7,2.0,2.1,4873	
-4.8,-4.7,2.8,2.9,4546	
-4.8,-4.7,3.1,3.2,4381	
-4.8,-4.7,3.9,4.0,2759	
-4.8,-4.7,4.2,4.3,2022	
-4.8,-4.7,5.3,5.4,258	
-4.8,-4.7,0.6,0.7,13632	
-4.8,-4.7,6.4,6.5,15	
-4.8,-4.7,7.5,7.6,1	
-4.9,-4.8,-1.1,-1.0,9569	
-4.9,-4.8,-1.9,-1.8,4709	
-4.9,-4.8,-2.2,-2.1,4118	
-4.9,-4.8,-3.3,-3.2,3383	
-4.9,-4.8,-0.4,-0.3,15933	
-4.9,-4.8,-4.4,-4.3,1253	
-4.9,-4.8,-5.5,-5.4,118	
-4.9,-4.8,-6.6,-6.5,5	
-4.9,-4.8,1.0,1.1,10657	
-4.9,-4.8,1.8,1.9,4971	
-4.9,-4.8,2.1,2.2,4182	
-4.9,-4.8,2.9,3.0,3722	
-4.9,-4.8,3.2,3.3,3519	
-4.9,-4.8,4.3,4.4,1462	
-4.9,-4.8,0.5,0.6,15067	
-4.9,-4.8,5.4,5.5,183	
-4.9,-4.8,6.5,6.6,7	
-0.5,-0.4,-10.3,-10.2,2	
-0.5,-0.4,-1.1,-1.0,4647	
-0.5,-0.4,-1.9,-1.8,12777	
-0.5,-0.4,-2.2,-2.1,16714	
-0.5,-0.4,-3.3,-3.2,20992	
-0.5,-0.4,-0.4,-0.3,1951	
-0.5,-0.4,-4.4,-4.3,13698	
-0.5,-0.4,-5.5,-5.4,19504	
-0.5,-0.4,-6.6,-6.5,16650	
-0.5,-0.4,-7.7,-7.6,4469	
-0.5,-0.4,-8.0,-7.9,2543	
-0.5,-0.4,-8.8,-8.7,387	
-0.5,-0.4,-9.1,-9.0,139	
-0.5,-0.4,-9.9,-9.8,7	
-0.5,-0.4,1.0,1.1,4034	
-0.5,-0.4,10.4,10.5,1	
-0.5,-0.4,1.8,1.9,11343	
-0.5,-0.4,2.1,2.2,15146	
-0.5,-0.4,2.9,3.0,21974	
-0.5,-0.4,3.2,3.3,21561	
-0.5,-0.4,4.3,4.4,13840	
-0.5,-0.4,0.5,0.6,2136	
-0.5,-0.4,5.4,5.5,18866	
-0.5,-0.4,6.5,6.6,17747	
-0.5,-0.4,7.6,7.7,5185	
-0.5,-0.4,8.7,8.8,438	
-0.5,-0.4,9.0,9.1,205	
-0.5,-0.4,9.8,9.9,22	
-5.0,-4.9,-1.3,-1.2,8007	
-5.0,-4.9,-0.2,-0.1,17438	
-5.0,-4.9,-2.4,-2.3,3567	
-5.0,-4.9,-3.5,-3.4,2538	
-5.0,-4.9,-4.6,-4.5,779	
-5.0,-4.9,-5.7,-5.6,60	
-5.0,-4.9,-6.0,-5.9,35	
-5.0,-4.9,-6.8,-6.7,4	
-5.0,-4.9,1.6,1.7,5777	
-5.0,-4.9,2.7,2.8,3219	
-5.0,-4.9,3.0,3.1,3122	
-5.0,-4.9,3.8,3.9,1997	
-5.0,-4.9,4.1,4.2,1530	
-5.0,-4.9,4.9,5.0,435	
-5.0,-4.9,5.2,5.3,233	
-5.0,-4.9,6.3,6.4,10	
-5.0,-4.9,0.7,0.8,14027	
-5.0,-4.9,7.4,7.5,1	
-5.1,-5.0,-1.2,-1.1,9268	
-5.1,-5.0,-2.3,-2.2,3173	
-5.1,-5.0,-0.3,-0.2,18038	
-5.1,-5.0,-3.4,-3.3,2144	
-5.1,-5.0,-4.5,-4.4,699	
-5.1,-5.0,-5.6,-5.5,66	
-5.1,-5.0,-6.7,-6.6,1	
-5.1,-5.0,1.7,1.8,5029	
-5.1,-5.0,2.0,2.1,3928	
-5.1,-5.0,2.8,2.9,2745	
-5.1,-5.0,3.1,3.2,2470	
-5.1,-5.0,3.9,4.0,1465	
-5.1,-5.0,4.2,4.3,1007	
-5.1,-5.0,5.3,5.4,129	
-5.1,-5.0,0.6,0.7,15566	
-5.1,-5.0,6.4,6.5,4	
-5.2,-5.1,-1.1,-1.0,10755	
-5.2,-5.1,-1.9,-1.8,3976	
-5.2,-5.1,-2.2,-2.1,2997	
-5.2,-5.1,-3.3,-3.2,1856	
-5.2,-5.1,-0.4,-0.3,17887	
-5.2,-5.1,-4.4,-4.3,697	
-5.2,-5.1,-5.5,-5.4,88	
-5.2,-5.1,1.0,1.1,11688	
-5.2,-5.1,1.8,1.9,4471	
-5.2,-5.1,2.1,2.2,3376	
-5.2,-5.1,2.9,3.0,2219	
-5.2,-5.1,3.2,3.3,1872	
-5.2,-5.1,4.3,4.4,746	
-5.2,-5.1,0.5,0.6,17304	
-5.2,-5.1,5.4,5.5,92	
-5.2,-5.1,7.6,7.7,1	
-5.3,-5.2,-1.0,-0.9,12328	
-5.3,-5.2,-1.8,-1.7,4626	
-5.3,-5.2,-2.1,-2.0,3075	
-5.3,-5.2,-2.9,-2.8,1767	
-5.3,-5.2,-3.2,-3.1,1502	
-5.3,-5.2,-4.3,-4.2,652	
-5.3,-5.2,-0.5,-0.4,17863	
-5.3,-5.2,-5.4,-5.3,70	
-5.3,-5.2,1.1,1.2,10983	
-5.3,-5.2,1.9,2.0,3884	
-5.3,-5.2,2.2,2.3,2814	
-5.3,-5.2,3.3,3.4,1473	
-5.3,-5.2,0.4,0.5,18992	
-5.3,-5.2,4.4,4.5,540	
-5.3,-5.2,5.5,5.6,55	
-5.4,-5.3,-1.7,-1.6,5235	
-5.4,-5.3,-2.0,-1.9,3424	
-5.4,-5.3,-2.8,-2.7,1517	
-5.4,-5.3,-3.1,-3.0,1282	
-5.4,-5.3,-3.9,-3.8,768	
-5.4,-5.3,-4.2,-4.1,558	
-5.4,-5.3,-5.3,-5.2,62	
-5.4,-5.3,-0.6,-0.5,17417	
-5.4,-5.3,-6.4,-6.3,4	
-5.4,-5.3,1.2,1.3,10152	
-5.4,-5.3,2.3,2.4,2336	
-5.4,-5.3,0.3,0.4,20254	
-5.4,-5.3,3.4,3.5,1159	
-5.4,-5.3,4.5,4.6,368	
-5.4,-5.3,5.6,5.7,33	
-5.4,-5.3,6.7,6.8,1	
-5.5,-5.4,-1.6,-1.5,6158	
-5.5,-5.4,-2.7,-2.6,1407	
-5.5,-5.4,-3.0,-2.9,1183	
-5.5,-5.4,-3.8,-3.7,645	
-5.5,-5.4,-4.1,-4.0,484	
-5.5,-5.4,-4.9,-4.8,142	
-5.5,-5.4,-5.2,-5.1,78	
-5.5,-5.4,-6.3,-6.2,3	
-5.5,-5.4,-0.7,-0.6,16982	
-5.5,-5.4,-7.4,-7.3,1	
-5.5,-5.4,1.3,1.4,9270	
-5.5,-5.4,0.2,0.3,21822	
-5.5,-5.4,2.4,2.5,1927	
-5.5,-5.4,3.5,3.6,843	
-5.5,-5.4,4.6,4.7,257	
-5.5,-5.4,5.7,5.8,18	
-5.5,-5.4,6.0,6.1,9	
-5.6,-5.5,-1.5,-1.4,7229	
-5.6,-5.5,-2.6,-2.5,1399	
-5.6,-5.5,-3.7,-3.6,566	
-5.6,-5.5,-4.0,-3.9,397	
-5.6,-5.5,-4.8,-4.7,128	
-5.6,-5.5,-5.1,-5.0,73	
-5.6,-5.5,-5.9,-5.8,8	
-5.6,-5.5,-6.2,-6.1,2	
-5.6,-5.5,-0.8,-0.7,16022	
-5.6,-5.5,0.1,0.2,22903	
-5.6,-5.5,1.4,1.5,8230	
-5.6,-5.5,2.5,2.6,1578	
-5.6,-5.5,3.6,3.7,596	
-5.6,-5.5,4.7,4.8,178	
-5.6,-5.5,5.0,5.1,91	
-5.6,-5.5,5.8,5.9,11	
-5.6,-5.5,6.1,6.2,2	
-5.6,-5.5,0.9,1.0,15063	
-5.7,-5.6,-0.1,0.0,23647	
-5.7,-5.6,-1.4,-1.3,8274	
-5.7,-5.6,-2.5,-2.4,1395	
-5.7,-5.6,-3.6,-3.5,530	
-5.7,-5.6,-4.7,-4.6,112	
-5.7,-5.6,-5.0,-4.9,74	
-5.7,-5.6,-5.8,-5.7,16	
-5.7,-5.6,-6.1,-6.0,2	
-5.7,-5.6,-0.9,-0.8,15119	
-5.7,-5.6,0.0,0.1,47258	
-5.7,-5.6,1.5,1.6,7266	
-5.7,-5.6,2.6,2.7,1254	
-5.7,-5.6,3.7,3.8,443	
-5.7,-5.6,4.0,4.1,316	
-5.7,-5.6,4.8,4.9,123	
-5.7,-5.6,5.1,5.2,60	
-5.7,-5.6,5.9,6.0,6	
-5.7,-5.6,6.2,6.3,2	
-5.7,-5.6,0.8,0.9,16298	
-5.8,-5.7,-1.3,-1.2,9829	
-5.8,-5.7,-0.2,-0.1,23353	
-5.8,-5.7,-2.4,-2.3,1527	
-5.8,-5.7,-3.5,-3.4,390	
-5.8,-5.7,-4.6,-4.5,120	
-5.8,-5.7,-5.7,-5.6,5	
-5.8,-5.7,-6.0,-5.9,5	
-5.8,-5.7,1.6,1.7,6321	
-5.8,-5.7,2.7,2.8,958	
-5.8,-5.7,3.0,3.1,588	
-5.8,-5.7,3.8,3.9,333	
-5.8,-5.7,4.1,4.2,223	
-5.8,-5.7,4.9,5.0,75	
-5.8,-5.7,5.2,5.3,32	
-5.8,-5.7,6.3,6.4,2	
-5.8,-5.7,0.7,0.8,17950	
-5.9,-5.8,-1.2,-1.1,11150	
-5.9,-5.8,-2.3,-2.2,1787	
-5.9,-5.8,-0.3,-0.2,22739	
-5.9,-5.8,-3.4,-3.3,324	
-5.9,-5.8,-4.5,-4.4,102	
-5.9,-5.8,-5.6,-5.5,9	
-5.9,-5.8,-6.7,-6.6,1	
-5.9,-5.8,1.7,1.8,5393	
-5.9,-5.8,2.0,2.1,3211	
-5.9,-5.8,2.8,2.9,720	
-5.9,-5.8,3.1,3.2,432	
-5.9,-5.8,3.9,4.0,205	
-5.9,-5.8,4.2,4.3,173	
-5.9,-5.8,5.3,5.4,28	
-5.9,-5.8,0.6,0.7,19756	
-0.6,-0.5,-1.0,-0.9,3969	
-0.6,-0.5,-10.4,-10.3,1	
-0.6,-0.5,-1.8,-1.7,11232	
-0.6,-0.5,-2.1,-2.0,14716	
-0.6,-0.5,-2.9,-2.8,21195	
-0.6,-0.5,-3.2,-3.1,20431	
-0.6,-0.5,-4.3,-4.2,13391	
-0.6,-0.5,-0.5,-0.4,2366	
-0.6,-0.5,-5.4,-5.3,17800	
-0.6,-0.5,-6.5,-6.4,16885	
-0.6,-0.5,-7.6,-7.5,4975	
-0.6,-0.5,-8.7,-8.6,382	
-0.6,-0.5,-9.0,-8.9,204	
-0.6,-0.5,-9.8,-9.7,13	
-0.6,-0.5,10.3,10.4,1	
-0.6,-0.5,1.1,1.2,4579	
-0.6,-0.5,1.9,2.0,12176	
-0.6,-0.5,2.2,2.3,15987	
-0.6,-0.5,3.3,3.4,20408	
-0.6,-0.5,0.4,0.5,2273	
-0.6,-0.5,4.4,4.5,12814	
-0.6,-0.5,5.5,5.6,18170	
-0.6,-0.5,6.6,6.7,15527	
-0.6,-0.5,7.7,7.8,4231	
-0.6,-0.5,8.0,8.1,2392	
-0.6,-0.5,8.8,8.9,362	
-0.6,-0.5,9.1,9.2,113	
-0.6,-0.5,9.9,10.0,13	
-6.0,-5.9,-0.1,0.0,23790	
-6.0,-5.9,-1.4,-1.3,8376	
-6.0,-5.9,-2.5,-2.4,1121	
-6.0,-5.9,-3.6,-3.5,195	
-6.0,-5.9,-4.7,-4.6,46	
-6.0,-5.9,-5.0,-4.9,28	
-6.0,-5.9,-5.8,-5.7,2	
-6.0,-5.9,-0.9,-0.8,15395	
-6.0,-5.9,0.0,0.1,48085	
-6.0,-5.9,1.5,1.6,7521	
-6.0,-5.9,2.6,2.7,918	
-6.0,-5.9,3.7,3.8,219	
-6.0,-5.9,4.0,4.1,130	
-6.0,-5.9,4.8,4.9,42	
-6.0,-5.9,5.1,5.2,25	
-6.0,-5.9,5.9,6.0,4	
-6.0,-5.9,6.2,6.3,2	
-6.0,-5.9,0.8,0.9,16883	
-6.1,-6.0,-1.3,-1.2,9752	
-6.1,-6.0,-0.2,-0.1,23000	
-6.1,-6.0,-2.4,-2.3,1313	
-6.1,-6.0,-3.5,-3.4,181	
-6.1,-6.0,-4.6,-4.5,50	
-6.1,-6.0,-5.7,-5.6,7	
-6.1,-6.0,-6.0,-5.9,2	
-6.1,-6.0,1.6,1.7,6168	
-6.1,-6.0,2.7,2.8,683	
-6.1,-6.0,3.0,3.1,398	
-6.1,-6.0,3.8,3.9,139	
-6.1,-6.0,4.1,4.2,94	
-6.1,-6.0,4.9,5.0,23	
-6.1,-6.0,5.2,5.3,22	
-6.1,-6.0,6.3,6.4,1	
-6.1,-6.0,0.7,0.8,18048	
-6.2,-6.1,-1.2,-1.1,10762	
-6.2,-6.1,-2.3,-2.2,1629	
-6.2,-6.1,-0.3,-0.2,21818	
-6.2,-6.1,-3.4,-3.3,177	
-6.2,-6.1,-4.5,-4.4,25	
-6.2,-6.1,-5.6,-5.5,4	
-6.2,-6.1,1.7,1.8,5163	
-6.2,-6.1,2.0,2.1,2835	
-6.2,-6.1,2.8,2.9,497	
-6.2,-6.1,3.1,3.2,296	
-6.2,-6.1,3.9,4.0,91	
-6.2,-6.1,4.2,4.3,54	
-6.2,-6.1,5.3,5.4,7	
-6.2,-6.1,0.6,0.7,18896	
-6.3,-6.2,-1.1,-1.0,11727	
-6.3,-6.2,-1.9,-1.8,3391	
-6.3,-6.2,-2.2,-2.1,1795	
-6.3,-6.2,-3.3,-3.2,177	
-6.3,-6.2,-0.4,-0.3,20384	
-6.3,-6.2,-4.4,-4.3,35	
-6.3,-6.2,-5.5,-5.4,2	
-6.3,-6.2,1.0,1.1,13186	
-6.3,-6.2,1.8,1.9,4049	
-6.3,-6.2,2.1,2.2,2262	
-6.3,-6.2,2.9,3.0,370	
-6.3,-6.2,3.2,3.3,192	
-6.3,-6.2,4.3,4.4,42	
-6.3,-6.2,0.5,0.6,19494	
-6.3,-6.2,5.4,5.5,5	
-6.4,-6.3,-1.0,-0.9,12557	
-6.4,-6.3,-1.8,-1.7,3955	
-6.4,-6.3,-2.1,-2.0,2180	
-6.4,-6.3,-2.9,-2.8,350	
-6.4,-6.3,-3.2,-3.1,173	
-6.4,-6.3,-4.3,-4.2,40	
-6.4,-6.3,-0.5,-0.4,18783	
-6.4,-6.3,-5.4,-5.3,1	
-6.4,-6.3,1.1,1.2,11269	
-6.4,-6.3,1.9,2.0,3285	
-6.4,-6.3,2.2,2.3,1771	
-6.4,-6.3,3.3,3.4,126	
-6.4,-6.3,0.4,0.5,19570	
-6.4,-6.3,4.4,4.5,27	
-6.4,-6.3,5.5,5.6,1	
-6.5,-6.4,-1.7,-1.6,4616	
-6.5,-6.4,-2.0,-1.9,2536	
-6.5,-6.4,-2.8,-2.7,414	
-6.5,-6.4,-3.1,-3.0,195	
-6.5,-6.4,-3.9,-3.8,29	
-6.5,-6.4,-4.2,-4.1,17	
-6.5,-6.4,-0.6,-0.5,16582	
-6.5,-6.4,1.2,1.3,9475	
-6.5,-6.4,2.3,2.4,1324	
-6.5,-6.4,0.3,0.4,19175	
-6.5,-6.4,3.4,3.5,81	
-6.5,-6.4,4.5,4.6,14	
-6.5,-6.4,5.6,5.7,1	
-6.6,-6.5,-1.6,-1.5,5030	
-6.6,-6.5,-2.7,-2.6,515	
-6.6,-6.5,-3.0,-2.9,226	
-6.6,-6.5,-3.8,-3.7,31	
-6.6,-6.5,-4.1,-4.0,28	
-6.6,-6.5,-4.9,-4.8,4	
-6.6,-6.5,-5.2,-5.1,2	
-6.6,-6.5,-6.3,-6.2,1	
-6.6,-6.5,-0.7,-0.6,14675	
-6.6,-6.5,1.3,1.4,8010	
-6.6,-6.5,0.2,0.3,18759	
-6.6,-6.5,2.4,2.5,1013	
-6.6,-6.5,3.5,3.6,69	
-6.6,-6.5,4.6,4.7,5	
-6.6,-6.5,5.7,5.8,1	
-6.6,-6.5,6.0,6.1,1	
-6.7,-6.6,-1.5,-1.4,5393	
-6.7,-6.6,-2.6,-2.5,548	
-6.7,-6.6,-3.7,-3.6,25	
-6.7,-6.6,-4.0,-3.9,15	
-6.7,-6.6,-4.8,-4.7,3	
-6.7,-6.6,-5.1,-5.0,1	
-6.7,-6.6,-0.8,-0.7,12662	
-6.7,-6.6,0.1,0.2,18101	
-6.7,-6.6,1.4,1.5,6518	
-6.7,-6.6,2.5,2.6,732	
-6.7,-6.6,3.6,3.7,44	
-6.7,-6.6,4.7,4.8,7	
-6.7,-6.6,5.0,5.1,1	
-6.7,-6.6,0.9,1.0,11463	
-6.8,-6.7,-0.1,0.0,16308	
-6.8,-6.7,-1.4,-1.3,5836	
-6.8,-6.7,-2.5,-2.4,661	
-6.8,-6.7,-3.6,-3.5,44	
-6.8,-6.7,-4.7,-4.6,2	
-6.8,-6.7,-0.9,-0.8,10575	
-6.8,-6.7,0.0,0.1,33286	
-6.8,-6.7,1.5,1.6,5016	
-6.8,-6.7,2.6,2.7,503	
-6.8,-6.7,3.7,3.8,27	
-6.8,-6.7,4.0,4.1,11	
-6.8,-6.7,4.8,4.9,4	
-6.8,-6.7,5.1,5.2,1	
-6.8,-6.7,0.8,0.9,11783	
-6.9,-6.8,-1.3,-1.2,6134	
-6.9,-6.8,-0.2,-0.1,14556	
-6.9,-6.8,-2.4,-2.3,788	
-6.9,-6.8,-3.5,-3.4,26	
-6.9,-6.8,1.6,1.7,3984	
-6.9,-6.8,2.7,2.8,312	
-6.9,-6.8,3.0,3.1,169	
-6.9,-6.8,3.8,3.9,12	
-6.9,-6.8,4.1,4.2,5	
-6.9,-6.8,4.9,5.0,1	
-6.9,-6.8,5.2,5.3,1	
-6.9,-6.8,0.7,0.8,11507	
-0.7,-0.6,-1.7,-1.6,9592	
-0.7,-0.6,-2.0,-1.9,12967	
-0.7,-0.6,-2.8,-2.7,19887	
-0.7,-0.6,-3.1,-3.0,20107	
-0.7,-0.6,-3.9,-3.8,15051	
-0.7,-0.6,-4.2,-4.1,13009	
-0.7,-0.6,-5.3,-5.2,15958	
-0.7,-0.6,-0.6,-0.5,2913	
-0.7,-0.6,-6.4,-6.3,16383	
-0.7,-0.6,-7.5,-7.4,5452	
-0.7,-0.6,-8.6,-8.5,545	
-0.7,-0.6,-9.7,-9.6,18	
-0.7,-0.6,10.2,10.3,2	
-0.7,-0.6,11.3,11.4,1	
-0.7,-0.6,1.2,1.3,5279	
-0.7,-0.6,2.3,2.4,16176	
-0.7,-0.6,0.3,0.4,2404	
-0.7,-0.6,3.4,3.5,18818	
-0.7,-0.6,4.5,4.6,12264	
-0.7,-0.6,5.6,5.7,17785	
-0.7,-0.6,6.7,6.8,13598	
-0.7,-0.6,7.0,7.1,10426	
-0.7,-0.6,7.8,7.9,3302	
-0.7,-0.6,8.1,8.2,1781	
-0.7,-0.6,8.9,9.0,237	
-0.7,-0.6,9.2,9.3,88	
-7.0,-6.9,-1.5,-1.4,4182	
-7.0,-6.9,-2.6,-2.5,409	
-7.0,-6.9,-3.7,-3.6,22	
-7.0,-6.9,-4.0,-3.9,7	
-7.0,-6.9,-4.8,-4.7,1	
-7.0,-6.9,-5.1,-5.0,2	
-7.0,-6.9,-0.8,-0.7,9523	
-7.0,-6.9,0.1,0.2,13618	
-7.0,-6.9,1.4,1.5,4776	
-7.0,-6.9,2.5,2.6,521	
-7.0,-6.9,3.6,3.7,23	
-7.0,-6.9,4.7,4.8,1	
-7.0,-6.9,5.0,5.1,1	
-7.0,-6.9,0.9,1.0,8823	
-7.1,-7.0,-0.1,0.0,12217	
-7.1,-7.0,-1.4,-1.3,4424	
-7.1,-7.0,-2.5,-2.4,464	
-7.1,-7.0,-3.6,-3.5,20	
-7.1,-7.0,-4.7,-4.6,1	
-7.1,-7.0,-5.0,-4.9,4	
-7.1,-7.0,-0.9,-0.8,7807	
-7.1,-7.0,0.0,0.1,24343	
-7.1,-7.0,1.5,1.6,3576	
-7.1,-7.0,2.6,2.7,393	
-7.1,-7.0,3.7,3.8,22	
-7.1,-7.0,4.0,4.1,5	
-7.1,-7.0,4.8,4.9,2	
-7.1,-7.0,0.8,0.9,8506	
-7.2,-7.1,-1.3,-1.2,4377	
-7.2,-7.1,-0.2,-0.1,10677	
-7.2,-7.1,-2.4,-2.3,473	
-7.2,-7.1,-3.5,-3.4,22	
-7.2,-7.1,-4.6,-4.5,1	
-7.2,-7.1,1.6,1.7,2819	
-7.2,-7.1,2.7,2.8,249	
-7.2,-7.1,3.0,3.1,127	
-7.2,-7.1,3.8,3.9,9	
-7.2,-7.1,4.1,4.2,1	
-7.2,-7.1,4.9,5.0,2	
-7.2,-7.1,0.7,0.8,8276	
-7.3,-7.2,-1.2,-1.1,4440	
-7.3,-7.2,-2.3,-2.2,627	
-7.3,-7.2,-0.3,-0.2,8951	
-7.3,-7.2,-3.4,-3.3,29	
-7.3,-7.2,1.7,1.8,2127	
-7.3,-7.2,2.0,2.1,1181	
-7.3,-7.2,2.8,2.9,182	
-7.3,-7.2,3.1,3.2,79	
-7.3,-7.2,3.9,4.0,4	
-7.3,-7.2,4.2,4.3,4	
-7.3,-7.2,0.6,0.7,7833	
-7.4,-7.3,-1.1,-1.0,4386	
-7.4,-7.3,-1.9,-1.8,1288	
-7.4,-7.3,-2.2,-2.1,659	
-7.4,-7.3,-3.3,-3.2,26	
-7.4,-7.3,-0.4,-0.3,7690	
-7.4,-7.3,1.0,1.1,4836	
-7.4,-7.3,1.8,1.9,1518	
-7.4,-7.3,2.1,2.2,812	
-7.4,-7.3,2.9,3.0,99	
-7.4,-7.3,3.2,3.3,44	
-7.4,-7.3,4.3,4.4,2	
-7.4,-7.3,0.5,0.6,7121	
-7.5,-7.4,-1.0,-0.9,4080	
-7.5,-7.4,-1.8,-1.7,1299	
-7.5,-7.4,-2.1,-2.0,723	
-7.5,-7.4,-2.9,-2.8,78	
-7.5,-7.4,-3.2,-3.1,44	
-7.5,-7.4,-0.5,-0.4,6164	
-7.5,-7.4,1.1,1.2,3803	
-7.5,-7.4,1.9,2.0,1088	
-7.5,-7.4,2.2,2.3,621	
-7.5,-7.4,3.3,3.4,21	
-7.5,-7.4,0.4,0.5,6435	
-7.5,-7.4,4.4,4.5,1	
-7.6,-7.5,-1.7,-1.6,1325	
-7.6,-7.5,-2.0,-1.9,752	
-7.6,-7.5,-2.8,-2.7,112	
-7.6,-7.5,-3.1,-3.0,42	
-7.6,-7.5,-3.9,-3.8,6	
-7.6,-7.5,-4.2,-4.1,3	
-7.6,-7.5,-5.3,-5.2,1	
-7.6,-7.5,-0.6,-0.5,4906	
-7.6,-7.5,1.2,1.3,2809	
-7.6,-7.5,2.3,2.4,393	
-7.6,-7.5,0.3,0.4,5732	
-7.6,-7.5,3.4,3.5,17	
-7.7,-7.6,-1.6,-1.5,1338	
-7.7,-7.6,-2.7,-2.6,108	
-7.7,-7.6,-3.0,-2.9,45	
-7.7,-7.6,-3.8,-3.7,2	
-7.7,-7.6,-4.1,-4.0,1	
-7.7,-7.6,-4.9,-4.8,1	
-7.7,-7.6,-0.7,-0.6,3897	
-7.7,-7.6,1.3,1.4,2076	
-7.7,-7.6,0.2,0.3,4909	
-7.7,-7.6,2.4,2.5,276	
-7.7,-7.6,3.5,3.6,8	
-7.8,-7.7,-1.5,-1.4,1321	
-7.8,-7.7,-2.6,-2.5,115	
-7.8,-7.7,-3.7,-3.6,4	
-7.8,-7.7,-4.0,-3.9,2	
-7.8,-7.7,-0.8,-0.7,3045	
-7.8,-7.7,0.1,0.2,4248	
-7.8,-7.7,1.4,1.5,1505	
-7.8,-7.7,2.5,2.6,165	
-7.8,-7.7,3.6,3.7,6	
-7.8,-7.7,0.9,1.0,2784	
-7.9,-7.8,-0.1,0.0,3468	
-7.9,-7.8,-1.4,-1.3,1288	
-7.9,-7.8,-2.5,-2.4,151	
-7.9,-7.8,-3.6,-3.5,8	
-7.9,-7.8,-0.9,-0.8,2322	
-7.9,-7.8,0.0,0.1,7059	
-7.9,-7.8,1.5,1.6,1071	
-7.9,-7.8,2.6,2.7,101	
-7.9,-7.8,3.7,3.8,3	
-7.9,-7.8,0.8,0.9,2511	
-0.8,-0.7,-1.6,-1.5,8286	
-0.8,-0.7,-2.7,-2.6,18665	
-0.8,-0.7,-3.0,-2.9,19409	
-0.8,-0.7,-3.8,-3.7,14787	
-0.8,-0.7,-4.1,-4.0,12774	
-0.8,-0.7,-4.9,-4.8,12318	
-0.8,-0.7,-5.2,-5.1,14167	
-0.8,-0.7,-6.3,-6.2,15595	
-0.8,-0.7,-0.7,-0.6,3273	
-0.8,-0.7,-7.4,-7.3,5816	
-0.8,-0.7,-8.5,-8.4,634	
-0.8,-0.7,-9.6,-9.5,19	
-0.8,-0.7,10.1,10.2,1	
-0.8,-0.7,1.3,1.4,5860	
-0.8,-0.7,0.2,0.3,2897	
-0.8,-0.7,2.4,2.5,16426	
-0.8,-0.7,3.5,3.6,17186	
-0.8,-0.7,4.6,4.7,11461	
-0.8,-0.7,5.7,5.8,16563	
-0.8,-0.7,6.0,6.1,16720	
-0.8,-0.7,6.8,6.9,11686	
-0.8,-0.7,7.1,7.2,8670	
-0.8,-0.7,7.9,8.0,2460	
-0.8,-0.7,8.2,8.3,1331	
-0.8,-0.7,9.3,9.4,62	
-8.0,-7.9,-1.6,-1.5,766	
-8.0,-7.9,-2.7,-2.6,61	
-8.0,-7.9,-3.0,-2.9,42	
-8.0,-7.9,-3.8,-3.7,1	
-8.0,-7.9,-0.7,-0.6,2203	
-8.0,-7.9,1.3,1.4,1139	
-8.0,-7.9,0.2,0.3,2779	
-8.0,-7.9,2.4,2.5,141	
-8.0,-7.9,3.5,3.6,4	
-8.1,-8.0,-1.5,-1.4,725	
-8.1,-8.0,-2.6,-2.5,78	
-8.1,-8.0,-3.7,-3.6,2	
-8.1,-8.0,-4.0,-3.9,1	
-8.1,-8.0,-0.8,-0.7,1578	
-8.1,-8.0,0.1,0.2,2370	
-8.1,-8.0,1.4,1.5,791	
-8.1,-8.0,2.5,2.6,114	
-8.1,-8.0,3.6,3.7,2	
-8.1,-8.0,0.9,1.0,1595	
-8.2,-8.1,-0.1,0.0,1937	
-8.2,-8.1,-1.4,-1.3,679	
-8.2,-8.1,-2.5,-2.4,80	
-8.2,-8.1,-3.6,-3.5,2	
-8.2,-8.1,-0.9,-0.8,1179	
-8.2,-8.1,0.0,0.1,3814	
-8.2,-8.1,1.5,1.6,547	
-8.2,-8.1,2.6,2.7,60	
-8.2,-8.1,4.0,4.1,3	
-8.2,-8.1,0.8,0.9,1308	
-8.3,-8.2,-1.3,-1.2,591	
-8.3,-8.2,-0.2,-0.1,1421	
-8.3,-8.2,-2.4,-2.3,55	
-8.3,-8.2,-3.5,-3.4,2	
-8.3,-8.2,1.6,1.7,427	
-8.3,-8.2,2.7,2.8,39	
-8.3,-8.2,3.0,3.1,24	
-8.3,-8.2,4.1,4.2,2	
-8.3,-8.2,0.7,0.8,1113	
-8.4,-8.3,-1.2,-1.1,562	
-8.4,-8.3,-2.3,-2.2,75	
-8.4,-8.3,-0.3,-0.2,1091	
-8.4,-8.3,-3.4,-3.3,3	
-8.4,-8.3,1.7,1.8,237	
-8.4,-8.3,2.0,2.1,134	
-8.4,-8.3,2.8,2.9,20	
-8.4,-8.3,3.1,3.2,18	
-8.4,-8.3,0.6,0.7,954	
-8.5,-8.4,-1.1,-1.0,467	
-8.5,-8.4,-1.9,-1.8,124	
-8.5,-8.4,-2.2,-2.1,63	
-8.5,-8.4,-3.3,-3.2,3	
-8.5,-8.4,-0.4,-0.3,758	
-8.5,-8.4,1.0,1.1,564	
-8.5,-8.4,1.8,1.9,172	
-8.5,-8.4,2.1,2.2,94	
-8.5,-8.4,2.9,3.0,13	
-8.5,-8.4,3.2,3.3,3	
-8.5,-8.4,4.3,4.4,1	
-8.5,-8.4,0.5,0.6,813	
-8.6,-8.5,-1.0,-0.9,410	
-8.6,-8.5,-1.8,-1.7,114	
-8.6,-8.5,-2.1,-2.0,66	
-8.6,-8.5,-2.9,-2.8,10	
-8.6,-8.5,-3.2,-3.1,2	
-8.6,-8.5,-0.5,-0.4,664	
-8.6,-8.5,1.1,1.2,391	
-8.6,-8.5,1.9,2.0,112	
-8.6,-8.5,2.2,2.3,68	
-8.6,-8.5,3.3,3.4,4	
-8.6,-8.5,0.4,0.5,651	
-8.7,-8.6,-1.7,-1.6,132	
-8.7,-8.6,-2.0,-1.9,73	
-8.7,-8.6,-2.8,-2.7,8	
-8.7,-8.6,-3.1,-3.0,4	
-8.7,-8.6,-0.6,-0.5,454	
-8.7,-8.6,1.2,1.3,222	
-8.7,-8.6,2.3,2.4,34	
-8.7,-8.6,0.3,0.4,553	
-8.8,-8.7,-1.6,-1.5,96	
-8.8,-8.7,-2.7,-2.6,5	
-8.8,-8.7,-3.0,-2.9,10	
-8.8,-8.7,-3.8,-3.7,1	
-8.8,-8.7,-0.7,-0.6,289	
-8.8,-8.7,1.3,1.4,150	
-8.8,-8.7,0.2,0.3,392	
-8.8,-8.7,2.4,2.5,22	
-8.9,-8.8,-1.5,-1.4,101	
-8.9,-8.8,-2.6,-2.5,7	
-8.9,-8.8,-0.8,-0.7,218	
-8.9,-8.8,0.1,0.2,297	
-8.9,-8.8,1.4,1.5,111	
-8.9,-8.8,2.5,2.6,20	
-8.9,-8.8,3.6,3.7,2	
-8.9,-8.8,0.9,1.0,210	
-0.9,-0.8,-1.5,-1.4,7381	
-0.9,-0.8,-2.6,-2.5,17257	
-0.9,-0.8,-3.7,-3.6,14864	
-0.9,-0.8,-4.0,-3.9,12552	
-0.9,-0.8,-4.8,-4.7,10974	
-0.9,-0.8,-5.1,-5.0,12601	
-0.9,-0.8,-5.9,-5.8,15424	
-0.9,-0.8,-6.2,-6.1,14918	
-0.9,-0.8,-7.3,-7.2,6090	
-0.9,-0.8,-0.8,-0.7,3937	
-0.9,-0.8,-8.4,-8.3,779	
-0.9,-0.8,-9.5,-9.4,22	
-0.9,-0.8,0.1,0.2,3382	
-0.9,-0.8,10.0,10.1,4	
-0.9,-0.8,1.4,1.5,6496	
-0.9,-0.8,2.5,2.6,16669	
-0.9,-0.8,3.6,3.7,15469	
-0.9,-0.8,4.7,4.8,10844	
-0.9,-0.8,5.0,5.1,12037	
-0.9,-0.8,5.8,5.9,15318	
-0.9,-0.8,6.1,6.2,15178	
-0.9,-0.8,6.9,7.0,9737	
-0.9,-0.8,7.2,7.3,7046	
-0.9,-0.8,8.3,8.4,1000	
-0.9,-0.8,0.9,1.0,4191	
-0.9,-0.8,9.4,9.5,47	
-9.0,-8.9,-1.7,-1.6,42	
-9.0,-8.9,-2.0,-1.9,29	
-9.0,-8.9,-2.8,-2.7,1	
-9.0,-8.9,-3.1,-3.0,1	
-9.0,-8.9,-0.6,-0.5,212	
-9.0,-8.9,1.2,1.3,92	
-9.0,-8.9,2.3,2.4,16	
-9.0,-8.9,0.3,0.4,234	
-9.0,-8.9,3.4,3.5,1	
-9.1,-9.0,-1.6,-1.5,40	
-9.1,-9.0,-2.7,-2.6,2	
-9.1,-9.0,-3.0,-2.9,4	
-9.1,-9.0,-0.7,-0.6,121	
-9.1,-9.0,1.3,1.4,69	
-9.1,-9.0,0.2,0.3,156	
-9.1,-9.0,2.4,2.5,8	
-9.2,-9.1,-1.5,-1.4,36	
-9.2,-9.1,-2.6,-2.5,3	
-9.2,-9.1,-0.8,-0.7,80	
-9.2,-9.1,0.1,0.2,119	
-9.2,-9.1,1.4,1.5,42	
-9.2,-9.1,2.5,2.6,9	
-9.2,-9.1,0.9,1.0,76	
-9.3,-9.2,-0.1,0.0,81	
-9.3,-9.2,-1.4,-1.3,32	
-9.3,-9.2,-2.5,-2.4,2	
-9.3,-9.2,-0.9,-0.8,47	
-9.3,-9.2,0.0,0.1,145	
-9.3,-9.2,1.5,1.6,19	
-9.3,-9.2,2.6,2.7,2	
-9.3,-9.2,0.8,0.9,60	
-9.4,-9.3,-1.3,-1.2,19	
-9.4,-9.3,-0.2,-0.1,69	
-9.4,-9.3,-2.4,-2.3,5	
-9.4,-9.3,1.6,1.7,20	
-9.4,-9.3,2.7,2.8,2	
-9.4,-9.3,3.0,3.1,1	
-9.4,-9.3,0.7,0.8,54	
-9.5,-9.4,-1.2,-1.1,20	
-9.5,-9.4,-2.3,-2.2,3	
-9.5,-9.4,-0.3,-0.2,36	
-9.5,-9.4,1.7,1.8,9	
-9.5,-9.4,2.0,2.1,3	
-9.5,-9.4,2.8,2.9,1	
-9.5,-9.4,0.6,0.7,38	
-9.6,-9.5,-1.1,-1.0,13	
-9.6,-9.5,-1.9,-1.8,5	
-9.6,-9.5,-2.2,-2.1,1	
-9.6,-9.5,-0.4,-0.3,46	
-9.6,-9.5,1.0,1.1,19	
-9.6,-9.5,1.8,1.9,7	
-9.6,-9.5,2.1,2.2,4	
-9.6,-9.5,2.9,3.0,2	
-9.6,-9.5,0.5,0.6,28	
-9.7,-9.6,-1.0,-0.9,13	
-9.7,-9.6,-1.8,-1.7,5	
-9.7,-9.6,-2.1,-2.0,2	
-9.7,-9.6,-0.5,-0.4,20	
-9.7,-9.6,1.1,1.2,8	
-9.7,-9.6,1.9,2.0,3	
-9.7,-9.6,2.2,2.3,2	
-9.7,-9.6,0.4,0.5,23	
-9.8,-9.7,-1.7,-1.6,2	
-9.8,-9.7,-2.0,-1.9,3	
-9.8,-9.7,-0.6,-0.5,19	
-9.8,-9.7,1.2,1.3,7	
-9.8,-9.7,2.3,2.4,2	
-9.8,-9.7,0.3,0.4,12	
-9.9,-9.8,-1.6,-1.5,2	
-9.9,-9.8,-0.7,-0.6,8	
-9.9,-9.8,1.3,1.4,3	
-9.9,-9.8,0.2,0.3,14	
0.0,0.1,-10.1,-10.0,16	
0.0,0.1,-1.3,-1.2,13005	
0.0,0.1,-0.2,-0.1,2426	
0.0,0.1,-2.4,-2.3,41527	
0.0,0.1,-3.5,-3.4,43817	
0.0,0.1,-4.6,-4.5,31740	
0.0,0.1,-5.7,-5.6,47523	
0.0,0.1,-6.0,-5.9,48036	
0.0,0.1,-6.8,-6.7,33237	
0.0,0.1,-7.1,-7.0,24572	
0.0,0.1,-7.9,-7.8,7088	
0.0,0.1,-8.2,-8.1,3754	
0.0,0.1,-9.3,-9.2,182	
0.0,0.1,1.6,1.7,19821	
0.0,0.1,2.7,2.8,47378	
0.0,0.1,3.0,3.1,49041	
0.0,0.1,3.8,3.9,38706	
0.0,0.1,4.1,4.2,33928	
0.0,0.1,4.9,5.0,34972	
0.0,0.1,5.2,5.3,40138	
0.0,0.1,6.3,6.4,44971	
0.0,0.1,0.7,0.8,4758	
0.0,0.1,7.4,7.5,16770	
0.0,0.1,8.5,8.6,1825	
0.0,0.1,9.6,9.7,53	
0.1,0.2,-10.2,-10.1,3	
0.1,0.2,-1.2,-1.1,5485	
0.1,0.2,-2.3,-2.2,19749	
0.1,0.2,-0.3,-0.2,1304	
0.1,0.2,-3.4,-3.3,22757	
0.1,0.2,-4.5,-4.4,15631	
0.1,0.2,-5.6,-5.5,23018	
0.1,0.2,-6.7,-6.6,17753	
0.1,0.2,-7.0,-6.9,13595	
0.1,0.2,-7.8,-7.7,4202	
0.1,0.2,-8.1,-8.0,2368	
0.1,0.2,-8.9,-8.8,301	
0.1,0.2,-9.2,-9.1,132	
0.1,0.2,10.5,10.6,1	
0.1,0.2,1.7,1.8,11337	
0.1,0.2,2.0,2.1,15413	
0.1,0.2,2.8,2.9,23915	
0.1,0.2,3.1,3.2,24236	
0.1,0.2,3.9,4.0,18411	
0.1,0.2,4.2,4.3,16323	
0.1,0.2,5.3,5.4,20790	
0.1,0.2,0.6,0.7,2146	
0.1,0.2,6.4,6.5,21423	
0.1,0.2,7.5,7.6,7196	
0.1,0.2,8.6,8.7,728	
0.1,0.2,9.7,9.8,31	
1.0,1.1,-1.2,-1.1,5277	
1.0,1.1,-2.3,-2.2,14202	
1.0,1.1,-0.3,-0.2,4050	
1.0,1.1,-3.4,-3.3,16247	
1.0,1.1,-4.5,-4.4,9870	
1.0,1.1,-5.6,-5.5,13445	
1.0,1.1,-6.7,-6.6,10331	
1.0,1.1,-7.0,-6.9,7908	
1.0,1.1,-7.8,-7.7,2514	
1.0,1.1,-8.1,-8.0,1344	
1.0,1.1,-8.9,-8.8,191	
1.0,1.1,-9.2,-9.1,78	
1.0,1.1,1.7,1.8,8677	
1.0,1.1,2.0,2.1,11558	
1.0,1.1,2.8,2.9,17331	
1.0,1.1,3.1,3.2,17582	
1.0,1.1,3.9,4.0,12867	
1.0,1.1,4.2,4.3,10782	
1.0,1.1,5.3,5.4,12430	
1.0,1.1,0.6,0.7,3999	
1.0,1.1,6.4,6.5,12352	
1.0,1.1,7.5,7.6,4124	
1.0,1.1,8.6,8.7,409	
1.0,1.1,9.7,9.8,13	
10.0,10.1,-1.2,-1.1,3	
10.0,10.1,-0.3,-0.2,7	
10.0,10.1,1.7,1.8,1	
10.0,10.1,2.0,2.1,1	
10.0,10.1,0.6,0.7,10	
10.1,10.2,-1.9,-1.8,1	
10.1,10.2,-0.4,-0.3,6	
10.1,10.2,1.0,1.1,3	
10.1,10.2,0.5,0.6,1	
10.2,10.3,-1.0,-0.9,3	
10.2,10.3,-0.5,-0.4,4	
10.2,10.3,1.1,1.2,4	
10.2,10.3,1.9,2.0,1	
10.2,10.3,0.4,0.5,6	
10.3,10.4,-1.7,-1.6,2	
10.3,10.4,-2.8,-2.7,1	
10.3,10.4,-0.6,-0.5,3	
10.3,10.4,1.2,1.3,1	
10.3,10.4,0.3,0.4,2	
10.4,10.5,1.3,1.4,1	
10.4,10.5,0.2,0.3,1	
10.4,10.5,2.4,2.5,1	
10.5,10.6,-0.8,-0.7,1	
10.6,10.7,0.0,0.1,6	
10.6,10.7,0.8,0.9,1	
10.7,10.8,-0.2,-0.1,2	
10.9,11.0,0.5,0.6,1	
1.1,1.2,-1.1,-1.0,5134	
1.1,1.2,-1.9,-1.8,10233	
1.1,1.2,-2.2,-2.1,12804	
1.1,1.2,-3.3,-3.2,16136	
1.1,1.2,-0.4,-0.3,4601	
1.1,1.2,-4.4,-4.3,9554	
1.1,1.2,-5.5,-5.4,11571	
1.1,1.2,-6.6,-6.5,9949	
1.1,1.2,-7.7,-7.6,2577	
1.1,1.2,-8.0,-7.9,1508	
1.1,1.2,-8.8,-8.7,213	
1.1,1.2,-9.1,-9.0,83	
1.1,1.2,-9.9,-9.8,3	
1.1,1.2,1.0,1.1,4985	
1.1,1.2,10.4,10.5,1	
1.1,1.2,1.8,1.9,9414	
1.1,1.2,2.1,2.2,11928	
1.1,1.2,2.9,3.0,16895	
1.1,1.2,3.2,3.3,16463	
1.1,1.2,4.3,4.4,9799	
1.1,1.2,0.5,0.6,4643	
1.1,1.2,5.4,5.5,11528	
1.1,1.2,6.5,6.6,10666	
1.1,1.2,7.6,7.7,3088	
1.1,1.2,8.7,8.8,273	
1.1,1.2,9.0,9.1,105	
1.1,1.2,9.8,9.9,10	
11.1,11.2,-0.3,-0.2,1	
1.2,1.3,-1.0,-0.9,5490	
1.2,1.3,-10.4,-10.3,1	
1.2,1.3,-1.8,-1.7,9295	
1.2,1.3,-2.1,-2.0,11794	
1.2,1.3,-2.9,-2.8,16338	
1.2,1.3,-3.2,-3.1,15756	
1.2,1.3,-4.3,-4.2,9139	
1.2,1.3,-0.5,-0.4,5310	
1.2,1.3,-5.4,-5.3,10184	
1.2,1.3,-6.5,-6.4,9387	
1.2,1.3,-7.6,-7.5,2746	
1.2,1.3,-8.7,-8.6,232	
1.2,1.3,-9.0,-8.9,101	
1.2,1.3,-9.8,-9.7,6	
1.2,1.3,10.3,10.4,1	
1.2,1.3,1.1,1.2,5701	
1.2,1.3,1.9,2.0,10144	
1.2,1.3,2.2,2.3,12646	
1.2,1.3,3.3,3.4,15514	
1.2,1.3,0.4,0.5,5180	
1.2,1.3,4.4,4.5,8893	
1.2,1.3,5.5,5.6,10602	
1.2,1.3,6.6,6.7,8813	
1.2,1.3,7.7,7.8,2385	
1.2,1.3,8.0,8.1,1394	
1.2,1.3,8.8,8.9,200	
1.2,1.3,9.1,9.2,68	
1.2,1.3,9.9,10.0,4	
1.3,1.4,-1.7,-1.6,8561	
1.3,1.4,-2.0,-1.9,10678	
1.3,1.4,-2.8,-2.7,15721	
1.3,1.4,-3.1,-3.0,15536	
1.3,1.4,-3.9,-3.8,10975	
1.3,1.4,-4.2,-4.1,9274	
1.3,1.4,-5.3,-5.2,8672	
1.3,1.4,-0.6,-0.5,5942	
1.3,1.4,-6.4,-6.3,8652	
1.3,1.4,-7.5,-7.4,2906	
1.3,1.4,-8.6,-8.5,279	
1.3,1.4,-9.7,-9.6,11	
1.3,1.4,10.2,10.3,1	
1.3,1.4,1.2,1.3,6196	
1.3,1.4,2.3,2.4,13002	
1.3,1.4,0.3,0.4,6267	
1.3,1.4,3.4,3.5,14621	
1.3,1.4,4.5,4.6,8055	
1.3,1.4,5.6,5.7,9512	
1.3,1.4,6.7,6.8,7235	
1.3,1.4,7.0,7.1,5581	
1.3,1.4,7.8,7.9,1744	
1.3,1.4,8.1,8.2,917	
1.3,1.4,8.9,9.0,130	
1.3,1.4,9.2,9.3,49	
1.4,1.5,-1.6,-1.5,8239	
1.4,1.5,-2.7,-2.6,15414	
1.4,1.5,-3.0,-2.9,15799	
1.4,1.5,-3.8,-3.7,11777	
1.4,1.5,-4.1,-4.0,9549	
1.4,1.5,-4.9,-4.8,7031	
1.4,1.5,-5.2,-5.1,7531	
1.4,1.5,-6.3,-6.2,7702	
1.4,1.5,-0.7,-0.6,6643	
1.4,1.5,-7.4,-7.3,2851	
1.4,1.5,-8.5,-8.4,370	
1.4,1.5,-9.6,-9.5,12	
1.4,1.5,10.1,10.2,1	
1.4,1.5,1.3,1.4,6882	
1.4,1.5,0.2,0.3,7500	
1.4,1.5,2.4,2.5,13759	
1.4,1.5,3.5,3.6,13876	
1.4,1.5,4.6,4.7,7309	
1.4,1.5,5.7,5.8,8506	
1.4,1.5,6.0,6.1,8442	
1.4,1.5,6.8,6.9,5949	
1.4,1.5,7.1,7.2,4430	
1.4,1.5,7.9,8.0,1233	
1.4,1.5,8.2,8.3,629	
1.4,1.5,9.3,9.4,20	
1.5,1.6,-1.5,-1.4,8057	
1.5,1.6,-2.6,-2.5,14698	
1.5,1.6,-3.7,-3.6,12339	
1.5,1.6,-4.0,-3.9,10111	
1.5,1.6,-4.8,-4.7,6499	
1.5,1.6,-5.1,-5.0,6476	
1.5,1.6,-5.9,-5.8,7299	
1.5,1.6,-6.2,-6.1,6987	
1.5,1.6,-7.3,-7.2,2959	
1.5,1.6,-0.8,-0.7,7452	
1.5,1.6,-8.4,-8.3,337	
1.5,1.6,-9.5,-9.4,15	
1.5,1.6,0.1,0.2,8743	
1.5,1.6,10.0,10.1,2	
1.5,1.6,1.4,1.5,7686	
1.5,1.6,2.5,2.6,14428	
1.5,1.6,3.6,3.7,12952	
1.5,1.6,4.7,4.8,6664	
1.5,1.6,5.0,5.1,6488	
1.5,1.6,5.8,5.9,7335	
1.5,1.6,6.1,6.2,7383	
1.5,1.6,6.9,7.0,4723	
1.5,1.6,7.2,7.3,3180	
1.5,1.6,8.3,8.4,488	
1.5,1.6,0.9,1.0,7205	
1.5,1.6,9.4,9.5,21	
1.6,1.7,-0.1,0.0,9861	
1.6,1.7,-10.0,-9.9,1	
1.6,1.7,-1.4,-1.3,8141	
1.6,1.7,-2.5,-2.4,14627	
1.6,1.7,-3.6,-3.5,13032	
1.6,1.7,-4.7,-4.6,6164	
1.6,1.7,-5.0,-4.9,5875	
1.6,1.7,-5.8,-5.7,6279	
1.6,1.7,-6.1,-6.0,6248	
1.6,1.7,-6.9,-6.8,3905	
1.6,1.7,-7.2,-7.1,2689	
1.6,1.7,-8.3,-8.2,383	
1.6,1.7,-0.9,-0.8,8173	
1.6,1.7,-9.4,-9.3,18	
1.6,1.7,0.0,0.1,19596	
1.6,1.7,1.5,1.6,8346	
1.6,1.7,2.6,2.7,15014	
1.6,1.7,3.7,3.8,12396	
1.6,1.7,4.0,4.1,9966	
1.6,1.7,4.8,4.9,5889	
1.6,1.7,5.1,5.2,5684	
1.6,1.7,5.9,6.0,6356	
1.6,1.7,6.2,6.3,5948	
1.6,1.7,7.3,7.4,2509	
1.6,1.7,0.8,0.9,8431	
1.6,1.7,8.4,8.5,285	
1.6,1.7,9.5,9.6,7	
1.7,1.8,-10.9,-10.8,1	
1.7,1.8,-1.3,-1.2,8503	
1.7,1.8,-0.2,-0.1,11068	
1.7,1.8,-2.4,-2.3,14273	
1.7,1.8,-3.5,-3.4,14134	
1.7,1.8,-4.6,-4.5,6129	
1.7,1.8,-5.7,-5.6,5264	
1.7,1.8,-6.0,-5.9,5230	
1.7,1.8,-6.8,-6.7,3658	
1.7,1.8,-7.1,-7.0,2659	
1.7,1.8,-7.9,-7.8,774	
1.7,1.8,-8.2,-8.1,392	
1.7,1.8,-9.3,-9.2,18	
1.7,1.8,1.6,1.7,9213	
1.7,1.8,2.7,2.8,15851	
1.7,1.8,3.0,3.1,16221	
1.7,1.8,3.8,3.9,11763	
1.7,1.8,4.1,4.2,9277	
1.7,1.8,4.9,5.0,5379	
1.7,1.8,5.2,5.3,5048	
1.7,1.8,6.3,6.4,4957	
1.7,1.8,0.7,0.8,9473	
1.7,1.8,7.4,7.5,1774	
1.7,1.8,8.5,8.6,202	
1.7,1.8,9.6,9.7,5	
1.8,1.9,-1.2,-1.1,9063	
1.8,1.9,-2.3,-2.2,14213	
1.8,1.9,-0.3,-0.2,12035	
1.8,1.9,-3.4,-3.3,15291	
1.8,1.9,-4.5,-4.4,6523	
1.8,1.9,-5.6,-5.5,4644	
1.8,1.9,-6.7,-6.6,3359	
1.8,1.9,-7.0,-6.9,2528	
1.8,1.9,-7.8,-7.7,767	
1.8,1.9,-8.1,-8.0,449	
1.8,1.9,-8.9,-8.8,68	
1.8,1.9,-9.2,-9.1,22	
1.8,1.9,1.7,1.8,10280	
1.8,1.9,2.0,2.1,12157	
1.8,1.9,2.8,2.9,16457	
1.8,1.9,3.1,3.2,16523	
1.8,1.9,3.9,4.0,11155	
1.8,1.9,4.2,4.3,8760	
1.8,1.9,5.3,5.4,4431	
1.8,1.9,0.6,0.7,11054	
1.8,1.9,6.4,6.5,4053	
1.8,1.9,7.5,7.6,1286	
1.8,1.9,8.6,8.7,127	
1.8,1.9,9.7,9.8,4	
1.9,2.0,-1.1,-1.0,10184	
1.9,2.0,-1.9,-1.8,12107	
1.9,2.0,-2.2,-2.1,14282	
1.9,2.0,-3.3,-3.2,16454	
1.9,2.0,-0.4,-0.3,13072	
1.9,2.0,-4.4,-4.3,7216	
1.9,2.0,-5.5,-5.4,4050	
1.9,2.0,-6.6,-6.5,2965	
1.9,2.0,-7.7,-7.6,738	
1.9,2.0,-8.0,-7.9,428	
1.9,2.0,-8.8,-8.7,67	
1.9,2.0,-9.1,-9.0,23	
1.9,2.0,-9.9,-9.8,1	
1.9,2.0,1.0,1.1,10408	
1.9,2.0,1.8,1.9,11472	
1.9,2.0,2.1,2.2,13316	
1.9,2.0,2.9,3.0,17492	
1.9,2.0,3.2,3.3,16843	
1.9,2.0,4.3,4.4,7834	
1.9,2.0,0.5,0.6,12759	
1.9,2.0,5.4,5.5,4072	
1.9,2.0,6.5,6.6,3100	
1.9,2.0,7.6,7.7,927	
1.9,2.0,8.7,8.8,87	
1.9,2.0,9.0,9.1,42	
1.9,2.0,9.8,9.9,1	
0.2,0.3,-10.3,-10.2,1	
0.2,0.3,-1.1,-1.0,4690	
0.2,0.3,-1.9,-1.8,13865	
0.2,0.3,-2.2,-2.1,18188	
0.2,0.3,-3.3,-3.2,23189	
0.2,0.3,-0.4,-0.3,1593	
0.2,0.3,-4.4,-4.3,15272	
0.2,0.3,-5.5,-5.4,21682	
0.2,0.3,-6.6,-6.5,18635	
0.2,0.3,-7.7,-7.6,5045	
0.2,0.3,-8.0,-7.9,2823	
0.2,0.3,-8.8,-8.7,427	
0.2,0.3,-9.1,-9.0,155	
0.2,0.3,-9.9,-9.8,12	
0.2,0.3,1.0,1.1,3875	
0.2,0.3,10.4,10.5,1	
0.2,0.3,1.8,1.9,12330	
0.2,0.3,2.1,2.2,16564	
0.2,0.3,2.9,3.0,23761	
0.2,0.3,3.2,3.3,23605	
0.2,0.3,4.3,4.4,15676	
0.2,0.3,0.5,0.6,1746	
0.2,0.3,5.4,5.5,21173	
0.2,0.3,6.5,6.6,19943	
0.2,0.3,7.6,7.7,5913	
0.2,0.3,8.7,8.8,529	
0.2,0.3,9.0,9.1,245	
0.2,0.3,9.8,9.9,17	
2.0,2.1,-1.3,-1.2,10803	
2.0,2.1,-0.2,-0.1,15258	
2.0,2.1,-2.4,-2.3,16336	
2.0,2.1,-3.5,-3.4,15731	
2.0,2.1,-4.6,-4.5,5907	
2.0,2.1,-5.7,-5.6,3260	
2.0,2.1,-6.0,-5.9,3108	
2.0,2.1,-6.8,-6.7,2082	
2.0,2.1,-7.1,-7.0,1479	
2.0,2.1,-7.9,-7.8,441	
2.0,2.1,-8.2,-8.1,216	
2.0,2.1,-9.3,-9.2,6	
2.0,2.1,1.6,1.7,11263	
2.0,2.1,2.7,2.8,17603	
2.0,2.1,3.0,3.1,18424	
2.0,2.1,3.8,3.9,12791	
2.0,2.1,4.1,4.2,10044	
2.0,2.1,4.9,5.0,4288	
2.0,2.1,5.2,5.3,3633	
2.0,2.1,6.3,6.4,2783	
2.0,2.1,0.7,0.8,12849	
2.0,2.1,7.4,7.5,1015	
2.0,2.1,8.5,8.6,124	
2.0,2.1,9.6,9.7,6	
2.1,2.2,-1.2,-1.1,11854	
2.1,2.2,-2.3,-2.2,16358	
2.1,2.2,-0.3,-0.2,16324	
2.1,2.2,-3.4,-3.3,17178	
2.1,2.2,-4.5,-4.4,6387	
2.1,2.2,-5.6,-5.5,2799	
2.1,2.2,-6.7,-6.6,1777	
2.1,2.2,-7.0,-6.9,1310	
2.1,2.2,-7.8,-7.7,419	
2.1,2.2,-8.1,-8.0,212	
2.1,2.2,-8.9,-8.8,28	
2.1,2.2,-9.2,-9.1,9	
2.1,2.2,1.7,1.8,12188	
2.1,2.2,2.0,2.1,14041	
2.1,2.2,2.8,2.9,19064	
2.1,2.2,3.1,3.2,18982	
2.1,2.2,3.9,4.0,12393	
2.1,2.2,4.2,4.3,9314	
2.1,2.2,5.3,5.4,3103	
2.1,2.2,0.6,0.7,14797	
2.1,2.2,6.4,6.5,2232	
2.1,2.2,7.5,7.6,691	
2.1,2.2,8.6,8.7,74	
2.1,2.2,9.7,9.8,1	
2.2,2.3,-1.1,-1.0,12838	
2.2,2.3,-1.9,-1.8,14163	
2.2,2.3,-2.2,-2.1,16375	
2.2,2.3,-3.3,-3.2,19103	
2.2,2.3,-0.4,-0.3,17178	
2.2,2.3,-4.4,-4.3,7411	
2.2,2.3,-5.5,-5.4,2543	
2.2,2.3,-6.6,-6.5,1579	
2.2,2.3,-7.7,-7.6,408	
2.2,2.3,-8.0,-7.9,230	
2.2,2.3,-8.8,-8.7,31	
2.2,2.3,-9.1,-9.0,10	
2.2,2.3,-9.9,-9.8,3	
2.2,2.3,1.0,1.1,13261	
2.2,2.3,1.8,1.9,13578	
2.2,2.3,2.1,2.2,15665	
2.2,2.3,2.9,3.0,20132	
2.2,2.3,3.2,3.3,19361	
2.2,2.3,4.3,4.4,8446	
2.2,2.3,0.5,0.6,16537	
2.2,2.3,5.4,5.5,2645	
2.2,2.3,6.5,6.6,1705	
2.2,2.3,7.6,7.7,502	
2.2,2.3,8.7,8.8,42	
2.2,2.3,9.0,9.1,17	
2.2,2.3,9.8,9.9,2	
2.3,2.4,-1.0,-0.9,14394	
2.3,2.4,-1.8,-1.7,14282	
2.3,2.4,-2.1,-2.0,16492	
2.3,2.4,-2.9,-2.8,20979	
2.3,2.4,-3.2,-3.1,20244	
2.3,2.4,-4.3,-4.2,8771	
2.3,2.4,-0.5,-0.4,17799	
2.3,2.4,-5.4,-5.3,2354	
2.3,2.4,-6.5,-6.4,1306	
2.3,2.4,-7.6,-7.5,391	
2.3,2.4,-8.7,-8.6,38	
2.3,2.4,-9.0,-8.9,14	
2.3,2.4,-9.8,-9.7,1	
2.3,2.4,1.1,1.2,13818	
2.3,2.4,1.9,2.0,14929	
2.3,2.4,2.2,2.3,17378	
2.3,2.4,3.3,3.4,19584	
2.3,2.4,0.4,0.5,18182	
2.3,2.4,4.4,4.5,7719	
2.3,2.4,5.5,5.6,2168	
2.3,2.4,6.6,6.7,1215	
2.3,2.4,7.7,7.8,325	
2.3,2.4,8.0,8.1,183	
2.3,2.4,8.8,8.9,24	
2.3,2.4,9.1,9.2,10	
2.4,2.5,-1.7,-1.6,14183	
2.4,2.5,-2.0,-1.9,16345	
2.4,2.5,-2.8,-2.7,21579	
2.4,2.5,-3.1,-3.0,21801	
2.4,2.5,-3.9,-3.8,14097	
2.4,2.5,-4.2,-4.1,10218	
2.4,2.5,-5.3,-5.2,2270	
2.4,2.5,-0.6,-0.5,18214	
2.4,2.5,-6.4,-6.3,1145	
2.4,2.5,-7.5,-7.4,383	
2.4,2.5,-8.6,-8.5,33	
2.4,2.5,1.2,1.3,14299	
2.4,2.5,2.3,2.4,18811	
2.4,2.5,0.3,0.4,20332	
2.4,2.5,3.4,3.5,19581	
2.4,2.5,4.5,4.6,6859	
2.4,2.5,5.6,5.7,1773	
2.4,2.5,6.7,6.8,876	
2.4,2.5,7.0,7.1,754	
2.4,2.5,7.8,7.9,232	
2.4,2.5,8.1,8.2,114	
2.4,2.5,8.9,9.0,15	
2.4,2.5,9.2,9.3,2	
2.5,2.6,-1.6,-1.5,14619	
2.5,2.6,-2.7,-2.6,22177	
2.5,2.6,-3.0,-2.9,22699	
2.5,2.6,-3.8,-3.7,15647	
2.5,2.6,-4.1,-4.0,11885	
2.5,2.6,-4.9,-4.8,3836	
2.5,2.6,-5.2,-5.1,2455	
2.5,2.6,-6.3,-6.2,895	
2.5,2.6,-0.7,-0.6,18168	
2.5,2.6,-7.4,-7.3,345	
2.5,2.6,-8.5,-8.4,34	
2.5,2.6,1.3,1.4,14475	
2.5,2.6,0.2,0.3,21437	
2.5,2.6,2.4,2.5,20085	
2.5,2.6,3.5,3.6,19237	
2.5,2.6,4.6,4.7,6207	
2.5,2.6,5.7,5.8,1454	
2.5,2.6,6.0,6.1,1130	
2.5,2.6,6.8,6.9,639	
2.5,2.6,7.1,7.2,513	
2.5,2.6,7.9,8.0,146	
2.5,2.6,8.2,8.3,90	
2.5,2.6,9.3,9.4,3	
2.6,2.7,-1.5,-1.4,14968	
2.6,2.7,-2.6,-2.5,22473	
2.6,2.7,-3.7,-3.6,17222	
2.6,2.7,-4.0,-3.9,13511	
2.6,2.7,-4.8,-4.7,4564	
2.6,2.7,-5.1,-5.0,2806	
2.6,2.7,-5.9,-5.8,1036	
2.6,2.7,-6.2,-6.1,801	
2.6,2.7,-7.3,-7.2,288	
2.6,2.7,-0.8,-0.7,18057	
2.6,2.7,-8.4,-8.3,43	
2.6,2.7,-9.5,-9.4,2	
2.6,2.7,0.1,0.2,22686	
2.6,2.7,10.0,10.1,1	
2.6,2.7,1.4,1.5,14890	
2.6,2.7,2.5,2.6,21574	
2.6,2.7,3.6,3.7,18779	
2.6,2.7,4.7,4.8,5198	
2.6,2.7,5.0,5.1,3277	
2.6,2.7,5.8,5.9,1154	
2.6,2.7,6.1,6.2,875	
2.6,2.7,6.9,7.0,450	
2.6,2.7,7.2,7.3,300	
2.6,2.7,8.3,8.4,56	
2.6,2.7,0.9,1.0,17127	
2.6,2.7,9.4,9.5,2	
2.7,2.8,-0.1,0.0,23700	
2.7,2.8,-1.4,-1.3,15245	
2.7,2.8,-2.5,-2.4,22119	
2.7,2.8,-3.6,-3.5,19156	
2.7,2.8,-4.7,-4.6,5268	
2.7,2.8,-5.0,-4.9,3215	
2.7,2.8,-5.8,-5.7,882	
2.7,2.8,-6.1,-6.0,681	
2.7,2.8,-6.9,-6.8,374	
2.7,2.8,-7.2,-7.1,258	
2.7,2.8,-8.3,-8.2,29	
2.7,2.8,-0.9,-0.8,17743	
2.7,2.8,0.0,0.1,47877	
2.7,2.8,1.5,1.6,15184	
2.7,2.8,2.6,2.7,22871	
2.7,2.8,3.7,3.8,17954	
2.7,2.8,4.0,4.1,13823	
2.7,2.8,4.8,4.9,4528	
2.7,2.8,5.1,5.2,2739	
2.7,2.8,5.9,6.0,851	
2.7,2.8,6.2,6.3,657	
2.7,2.8,7.3,7.4,248	
2.7,2.8,0.8,0.9,18635	
2.7,2.8,8.4,8.5,30	
2.8,2.9,-1.3,-1.2,15794	
2.8,2.9,-0.2,-0.1,23879	
2.8,2.9,-2.4,-2.3,21841	
2.8,2.9,-3.5,-3.4,20644	
2.8,2.9,-4.6,-4.5,6348	
2.8,2.9,-5.7,-5.6,950	
2.8,2.9,-6.0,-5.9,626	
2.8,2.9,-6.8,-6.7,303	
2.8,2.9,-7.1,-7.0,234	
2.8,2.9,-7.9,-7.8,58	
2.8,2.9,-8.2,-8.1,41	
2.8,2.9,-9.3,-9.2,1	
2.8,2.9,1.6,1.7,15532	
2.8,2.9,2.7,2.8,23763	
2.8,2.9,3.0,3.1,24095	
2.8,2.9,3.8,3.9,16829	
2.8,2.9,4.1,4.2,12496	
2.8,2.9,4.9,5.0,3950	
2.8,2.9,5.2,5.3,2321	
2.8,2.9,6.3,6.4,484	
2.8,2.9,0.7,0.8,19860	
2.8,2.9,7.4,7.5,151	
2.8,2.9,8.5,8.6,14	
2.9,3.0,-1.2,-1.1,16515	
2.9,3.0,-2.3,-2.2,21064	
2.9,3.0,-0.3,-0.2,23699	
2.9,3.0,-3.4,-3.3,21950	
2.9,3.0,-4.5,-4.4,7276	
2.9,3.0,-5.6,-5.5,987	
2.9,3.0,-6.7,-6.6,275	
2.9,3.0,-7.0,-6.9,168	
2.9,3.0,-7.8,-7.7,47	
2.9,3.0,-8.1,-8.0,36	
2.9,3.0,-8.9,-8.8,2	
2.9,3.0,-9.2,-9.1,1	
2.9,3.0,1.7,1.8,16227	
2.9,3.0,2.0,2.1,18452	
2.9,3.0,2.8,2.9,24041	
2.9,3.0,3.1,3.2,24095	
2.9,3.0,3.9,4.0,15660	
2.9,3.0,4.2,4.3,11025	
2.9,3.0,5.3,5.4,1851	
2.9,3.0,0.6,0.7,20943	
2.9,3.0,6.4,6.5,327	
2.9,3.0,7.5,7.6,107	
2.9,3.0,8.6,8.7,4	
0.3,0.4,-1.0,-0.9,4019	
0.3,0.4,-10.4,-10.3,1	
0.3,0.4,-1.8,-1.7,12229	
0.3,0.4,-2.1,-2.0,16156	
0.3,0.4,-2.9,-2.8,23323	
0.3,0.4,-3.2,-3.1,23304	
0.3,0.4,-4.3,-4.2,15234	
0.3,0.4,-0.5,-0.4,1798	
0.3,0.4,-5.4,-5.3,20417	
0.3,0.4,-6.5,-6.4,19419	
0.3,0.4,-7.6,-7.5,5744	
0.3,0.4,-8.7,-8.6,500	
0.3,0.4,-9.0,-8.9,198	
0.3,0.4,-9.8,-9.7,6	
0.3,0.4,1.1,1.2,4589	
0.3,0.4,1.9,2.0,13655	
0.3,0.4,2.2,2.3,17594	
0.3,0.4,3.3,3.4,22377	
0.3,0.4,0.4,0.5,1716	
0.3,0.4,4.4,4.5,14932	
0.3,0.4,5.5,5.6,21213	
0.3,0.4,6.6,6.7,18407	
0.3,0.4,7.7,7.8,4691	
0.3,0.4,8.0,8.1,2650	
0.3,0.4,8.8,8.9,387	
0.3,0.4,9.1,9.2,158	
0.3,0.4,9.9,10.0,12	
3.0,3.1,-0.1,0.0,24385	
3.0,3.1,-1.4,-1.3,15677	
3.0,3.1,-2.5,-2.4,22628	
3.0,3.1,-3.6,-3.5,19528	
3.0,3.1,-4.7,-4.6,5300	
3.0,3.1,-5.0,-4.9,3010	
3.0,3.1,-5.8,-5.7,665	
3.0,3.1,-6.1,-6.0,374	
3.0,3.1,-6.9,-6.8,124	
3.0,3.1,-7.2,-7.1,108	
3.0,3.1,-8.3,-8.2,12	
3.0,3.1,-0.9,-0.8,18498	
3.0,3.1,-9.4,-9.3,2	
3.0,3.1,0.0,0.1,49506	
3.0,3.1,1.5,1.6,15448	
3.0,3.1,2.6,2.7,23399	
3.0,3.1,3.7,3.8,17995	
3.0,3.1,4.0,4.1,13667	
3.0,3.1,4.8,4.9,4427	
3.0,3.1,5.1,5.2,2579	
3.0,3.1,5.9,6.0,508	
3.0,3.1,6.2,6.3,371	
3.0,3.1,7.3,7.4,74	
3.0,3.1,0.8,0.9,19215	
3.0,3.1,8.4,8.5,15	
3.1,3.2,-1.3,-1.2,15777	
3.1,3.2,-0.2,-0.1,23845	
3.1,3.2,-2.4,-2.3,21576	
3.1,3.2,-3.5,-3.4,20490	
3.1,3.2,-4.6,-4.5,6194	
3.1,3.2,-5.7,-5.6,783	
3.1,3.2,-6.0,-5.9,380	
3.1,3.2,-6.8,-6.7,112	
3.1,3.2,-7.1,-7.0,87	
3.1,3.2,-7.9,-7.8,28	
3.1,3.2,-8.2,-8.1,7	
3.1,3.2,-9.3,-9.2,1	
3.1,3.2,1.6,1.7,15918	
3.1,3.2,2.7,2.8,23428	
3.1,3.2,3.0,3.1,23929	
3.1,3.2,3.8,3.9,16388	
3.1,3.2,4.1,4.2,12367	
3.1,3.2,4.9,5.0,3676	
3.1,3.2,5.2,5.3,2077	
3.1,3.2,6.3,6.4,252	
3.1,3.2,0.7,0.8,20140	
3.1,3.2,7.4,7.5,68	
3.1,3.2,8.5,8.6,4	
3.2,3.3,-1.2,-1.1,15850	
3.2,3.3,-2.3,-2.2,20254	
3.2,3.3,-0.3,-0.2,22895	
3.2,3.3,-3.4,-3.3,21073	
3.2,3.3,-4.5,-4.4,7002	
3.2,3.3,-5.6,-5.5,802	
3.2,3.3,-6.7,-6.6,108	
3.2,3.3,-7.0,-6.9,64	
3.2,3.3,-7.8,-7.7,27	
3.2,3.3,-8.1,-8.0,12	
3.2,3.3,-8.9,-8.8,2	
3.2,3.3,-9.2,-9.1,1	
3.2,3.3,1.7,1.8,15508	
3.2,3.3,2.0,2.1,17524	
3.2,3.3,2.8,2.9,23206	
3.2,3.3,3.1,3.2,23091	
3.2,3.3,3.9,4.0,14784	
3.2,3.3,4.2,4.3,10665	
3.2,3.3,5.3,5.4,1541	
3.2,3.3,0.6,0.7,20584	
3.2,3.3,6.4,6.5,190	
3.2,3.3,7.5,7.6,32	
3.2,3.3,8.6,8.7,3	
3.3,3.4,-1.1,-1.0,15854	
3.3,3.4,-1.9,-1.8,16281	
3.3,3.4,-2.2,-2.1,18585	
3.3,3.4,-3.3,-3.2,21245	
3.3,3.4,-0.4,-0.3,21906	
3.3,3.4,-4.4,-4.3,7895	
3.3,3.4,-5.5,-5.4,980	
3.3,3.4,-6.6,-6.5,95	
3.3,3.4,-7.7,-7.6,26	
3.3,3.4,-8.0,-7.9,10	
3.3,3.4,-8.8,-8.7,3	
3.3,3.4,-9.1,-9.0,1	
3.3,3.4,1.0,1.1,16915	
3.3,3.4,1.8,1.9,15900	
3.3,3.4,2.1,2.2,18213	
3.3,3.4,2.9,3.0,23181	
3.3,3.4,3.2,3.3,21806	
3.3,3.4,4.3,4.4,9014	
3.3,3.4,0.5,0.6,21078	
3.3,3.4,5.4,5.5,1188	
3.3,3.4,6.5,6.6,111	
3.3,3.4,7.6,7.7,24	
3.3,3.4,9.0,9.1,1	
3.4,3.5,-1.0,-0.9,16136	
3.4,3.5,-1.8,-1.7,15359	
3.4,3.5,-2.1,-2.0,17234	
3.4,3.5,-2.9,-2.8,22045	
3.4,3.5,-3.2,-3.1,21116	
3.4,3.5,-4.3,-4.2,8714	
3.4,3.5,-0.5,-0.4,20298	
3.4,3.5,-5.4,-5.3,1117	
3.4,3.5,-6.5,-6.4,91	
3.4,3.5,-7.6,-7.5,17	
3.4,3.5,1.1,1.2,15373	
3.4,3.5,1.9,2.0,15837	
3.4,3.5,2.2,2.3,18222	
3.4,3.5,3.3,3.4,20466	
3.4,3.5,0.4,0.5,21164	
3.4,3.5,4.4,4.5,7571	
3.4,3.5,5.5,5.6,902	
3.4,3.5,6.6,6.7,77	
3.4,3.5,7.7,7.8,13	
3.4,3.5,8.0,8.1,6	
3.5,3.6,-1.7,-1.6,13926	
3.5,3.6,-2.0,-1.9,15949	
3.5,3.6,-2.8,-2.7,20611	
3.5,3.6,-3.1,-3.0,20599	
3.5,3.6,-3.9,-3.8,13139	
3.5,3.6,-4.2,-4.1,9537	
3.5,3.6,-5.3,-5.2,1324	
3.5,3.6,-0.6,-0.5,18837	
3.5,3.6,-6.4,-6.3,90	
3.5,3.6,-7.5,-7.4,12	
3.5,3.6,-8.6,-8.5,1	
3.5,3.6,1.2,1.3,14204	
3.5,3.6,2.3,2.4,18015	
3.5,3.6,0.3,0.4,20948	
3.5,3.6,3.4,3.5,18749	
3.5,3.6,4.5,4.6,6293	
3.5,3.6,5.6,5.7,668	
3.5,3.6,6.7,6.8,65	
3.5,3.6,7.0,7.1,34	
3.5,3.6,7.8,7.9,10	
3.5,3.6,8.1,8.2,3	
3.5,3.6,8.9,9.0,3	
3.6,3.7,-1.6,-1.5,13082	
3.6,3.7,-2.7,-2.6,19287	
3.6,3.7,-3.0,-2.9,19362	
3.6,3.7,-3.8,-3.7,13414	
3.6,3.7,-4.1,-4.0,10051	
3.6,3.7,-4.9,-4.8,2885	
3.6,3.7,-5.2,-5.1,1536	
3.6,3.7,-6.3,-6.2,106	
3.6,3.7,-0.7,-0.6,17196	
3.6,3.7,-7.4,-7.3,13	
3.6,3.7,-8.5,-8.4,1	
3.6,3.7,1.3,1.4,13434	
3.6,3.7,0.2,0.3,20878	
3.6,3.7,2.4,2.5,17725	
3.6,3.7,3.5,3.6,16818	
3.6,3.7,4.6,4.7,5003	
3.6,3.7,5.7,5.8,473	
3.6,3.7,6.0,6.1,189	
3.6,3.7,6.8,6.9,29	
3.6,3.7,7.1,7.2,27	
3.6,3.7,7.9,8.0,8	
3.6,3.7,8.2,8.3,2	
3.6,3.7,9.3,9.4,1	
3.7,3.8,-1.5,-1.4,12374	
3.7,3.8,-2.6,-2.5,17409	
3.7,3.8,-3.7,-3.6,13675	
3.7,3.8,-4.0,-3.9,10435	
3.7,3.8,-4.8,-4.7,3328	
3.7,3.8,-5.1,-5.0,1807	
3.7,3.8,-5.9,-5.8,249	
3.7,3.8,-6.2,-6.1,116	
3.7,3.8,-7.3,-7.2,14	
3.7,3.8,-0.8,-0.7,15604	
3.7,3.8,0.1,0.2,20360	
3.7,3.8,1.4,1.5,12416	
3.7,3.8,2.5,2.6,17111	
3.7,3.8,3.6,3.7,14641	
3.7,3.8,4.7,4.8,3943	
3.7,3.8,5.0,5.1,2211	
3.7,3.8,5.8,5.9,345	
3.7,3.8,6.1,6.2,149	
3.7,3.8,6.9,7.0,15	
3.7,3.8,7.2,7.3,15	
3.7,3.8,8.3,8.4,1	
3.7,3.8,0.9,1.0,14815	
3.8,3.9,-0.1,0.0,19402	
3.8,3.9,-1.4,-1.3,11461	
3.8,3.9,-2.5,-2.4,15748	
3.8,3.9,-3.6,-3.5,13408	
3.8,3.9,-4.7,-4.6,3478	
3.8,3.9,-5.0,-4.9,2011	
3.8,3.9,-5.8,-5.7,287	
3.8,3.9,-6.1,-6.0,129	
3.8,3.9,-6.9,-6.8,15	
3.8,3.9,-7.2,-7.1,8	
3.8,3.9,-8.3,-8.2,2	
3.8,3.9,-0.9,-0.8,14235	
3.8,3.9,0.0,0.1,38883	
3.8,3.9,1.5,1.6,11570	
3.8,3.9,2.6,2.7,16426	
3.8,3.9,3.7,3.8,12769	
3.8,3.9,4.0,4.1,9512	
3.8,3.9,4.8,4.9,3005	
3.8,3.9,5.1,5.2,1721	
3.8,3.9,5.9,6.0,236	
3.8,3.9,6.2,6.3,118	
3.8,3.9,7.3,7.4,11	
3.8,3.9,0.8,0.9,14657	
3.9,4.0,-1.3,-1.2,11334	
3.9,4.0,-0.2,-0.1,17969	
3.9,4.0,-2.4,-2.3,14092	
3.9,4.0,-3.5,-3.4,13161	
3.9,4.0,-4.6,-4.5,3902	
3.9,4.0,-5.7,-5.6,337	
3.9,4.0,-6.0,-5.9,168	
3.9,4.0,-6.8,-6.7,17	
3.9,4.0,-7.1,-7.0,9	
3.9,4.0,-7.9,-7.8,2	
3.9,4.0,1.6,1.7,10682	
3.9,4.0,2.7,2.8,15203	
3.9,4.0,3.0,3.1,15611	
3.9,4.0,3.8,3.9,10482	
3.9,4.0,4.1,4.2,7839	
3.9,4.0,4.9,5.0,2297	
3.9,4.0,5.2,5.3,1310	
3.9,4.0,6.3,6.4,72	
3.9,4.0,0.7,0.8,15022	
3.9,4.0,7.4,7.5,6	
0.4,0.5,-1.7,-1.6,10515	
0.4,0.5,-2.0,-1.9,14452	
0.4,0.5,-2.8,-2.7,22696	
0.4,0.5,-3.1,-3.0,22682	
0.4,0.5,-3.9,-3.8,16906	
0.4,0.5,-4.2,-4.1,14957	
0.4,0.5,-5.3,-5.2,18843	
0.4,0.5,-0.6,-0.5,2256	
0.4,0.5,-6.4,-6.3,19343	
0.4,0.5,-7.5,-7.4,6410	
0.4,0.5,-8.6,-8.5,685	
0.4,0.5,-9.7,-9.6,22	
0.4,0.5,10.2,10.3,4	
0.4,0.5,1.2,1.3,5408	
0.4,0.5,2.3,2.4,18355	
0.4,0.5,0.3,0.4,1628	
0.4,0.5,3.4,3.5,21202	
0.4,0.5,4.5,4.6,14133	
0.4,0.5,5.6,5.7,20909	
0.4,0.5,6.7,6.8,16335	
0.4,0.5,7.0,7.1,12399	
0.4,0.5,7.8,7.9,3869	
0.4,0.5,8.1,8.2,2132	
0.4,0.5,8.9,9.0,278	
0.4,0.5,9.2,9.3,116	
4.0,4.1,-1.5,-1.4,9858	
4.0,4.1,-2.6,-2.5,13644	
4.0,4.1,-3.7,-3.6,10369	
4.0,4.1,-4.0,-3.9,8095	
4.0,4.1,-4.8,-4.7,2438	
4.0,4.1,-5.1,-5.0,1434	
4.0,4.1,-5.9,-5.8,201	
4.0,4.1,-6.2,-6.1,72	
4.0,4.1,-7.3,-7.2,3	
4.0,4.1,-0.8,-0.7,13522	
4.0,4.1,0.1,0.2,17477	
4.0,4.1,1.4,1.5,10097	
4.0,4.1,2.5,2.6,13247	
4.0,4.1,3.6,3.7,11200	
4.0,4.1,4.7,4.8,2984	
4.0,4.1,5.0,5.1,1703	
4.0,4.1,5.8,5.9,250	
4.0,4.1,6.1,6.2,96	
4.0,4.1,6.9,7.0,3	
4.0,4.1,7.2,7.3,5	
4.0,4.1,0.9,1.0,12720	
4.1,4.2,-0.1,0.0,16642	
4.1,4.2,-1.4,-1.3,9549	
4.1,4.2,-2.5,-2.4,11592	
4.1,4.2,-3.6,-3.5,10155	
4.1,4.2,-4.7,-4.6,2636	
4.1,4.2,-5.0,-4.9,1573	
4.1,4.2,-5.8,-5.7,211	
4.1,4.2,-6.1,-6.0,86	
4.1,4.2,-6.9,-6.8,3	
4.1,4.2,-7.2,-7.1,2	
4.1,4.2,-0.9,-0.8,11958	
4.1,4.2,0.0,0.1,33533	
4.1,4.2,1.5,1.6,9276	
4.1,4.2,2.6,2.7,11997	
4.1,4.2,3.7,3.8,9248	
4.1,4.2,4.0,4.1,7153	
4.1,4.2,4.8,4.9,2283	
4.1,4.2,5.1,5.2,1265	
4.1,4.2,5.9,6.0,176	
4.1,4.2,6.2,6.3,66	
4.1,4.2,7.3,7.4,2	
4.1,4.2,0.8,0.9,12946	
4.2,4.3,-1.3,-1.2,9365	
4.2,4.3,-0.2,-0.1,15943	
4.2,4.3,-2.4,-2.3,10103	
4.2,4.3,-3.5,-3.4,9242	
4.2,4.3,-4.6,-4.5,2737	
4.2,4.3,-5.7,-5.6,249	
4.2,4.3,-6.0,-5.9,89	
4.2,4.3,-6.8,-6.7,14	
4.2,4.3,-7.1,-7.0,2	
4.2,4.3,1.6,1.7,8529	
4.2,4.3,2.7,2.8,11043	
4.2,4.3,3.0,3.1,10955	
4.2,4.3,3.8,3.9,7596	
4.2,4.3,4.1,4.2,5568	
4.2,4.3,4.9,5.0,1615	
4.2,4.3,5.2,5.3,907	
4.2,4.3,6.3,6.4,42	
4.2,4.3,0.7,0.8,13010	
4.2,4.3,7.4,7.5,3	
4.3,4.4,-1.2,-1.1,9344	
4.3,4.4,-2.3,-2.2,8670	
4.3,4.4,-0.3,-0.2,15121	
4.3,4.4,-3.4,-3.3,8746	
4.3,4.4,-4.5,-4.4,2942	
4.3,4.4,-5.6,-5.5,312	
4.3,4.4,-6.7,-6.6,7	
4.3,4.4,-7.0,-6.9,4	
4.3,4.4,-7.8,-7.7,1	
4.3,4.4,1.7,1.8,7745	
4.3,4.4,2.0,2.1,7867	
4.3,4.4,2.8,2.9,9670	
4.3,4.4,3.1,3.2,9809	
4.3,4.4,3.9,4.0,6170	
4.3,4.4,4.2,4.3,4326	
4.3,4.4,5.3,5.4,651	
4.3,4.4,0.6,0.7,13441	
4.3,4.4,6.4,6.5,20	
4.4,4.5,-1.1,-1.0,9403	
4.4,4.5,-1.9,-1.8,7234	
4.4,4.5,-2.2,-2.1,7425	
4.4,4.5,-3.3,-3.2,7936	
4.4,4.5,-0.4,-0.3,14385	
4.4,4.5,-4.4,-4.3,2924	
4.4,4.5,-5.5,-5.4,327	
4.4,4.5,-6.6,-6.5,14	
4.4,4.5,-7.7,-7.6,2	
4.4,4.5,1.0,1.1,10077	
4.4,4.5,1.8,1.9,7138	
4.4,4.5,2.1,2.2,7391	
4.4,4.5,2.9,3.0,8356	
4.4,4.5,3.2,3.3,8201	
4.4,4.5,4.3,4.4,3424	
4.4,4.5,0.5,0.6,13770	
4.4,4.5,5.4,5.5,442	
4.4,4.5,6.5,6.6,13	
4.4,4.5,7.6,7.7,1	
4.4,4.5,8.7,8.8,1	
4.5,4.6,-1.0,-0.9,10046	
4.5,4.6,-1.8,-1.7,6561	
4.5,4.6,-2.1,-2.0,6596	
4.5,4.6,-2.9,-2.8,7511	
4.5,4.6,-3.2,-3.1,7077	
4.5,4.6,-4.3,-4.2,2927	
4.5,4.6,-0.5,-0.4,13611	
4.5,4.6,-5.4,-5.3,347	
4.5,4.6,-6.5,-6.4,17	
4.5,4.6,1.1,1.2,9405	
4.5,4.6,1.9,2.0,6458	
4.5,4.6,2.2,2.3,6648	
4.5,4.6,3.3,3.4,6662	
4.5,4.6,0.4,0.5,14552	
4.5,4.6,4.4,4.5,2477	
4.5,4.6,5.5,5.6,278	
4.5,4.6,6.6,6.7,9	
4.5,4.6,8.0,8.1,1	
4.6,4.7,-1.7,-1.6,6083	
4.6,4.7,-2.0,-1.9,5773	
4.6,4.7,-2.8,-2.7,6394	
4.6,4.7,-3.1,-3.0,6260	
4.6,4.7,-3.9,-3.8,3913	
4.6,4.7,-4.2,-4.1,2783	
4.6,4.7,-5.3,-5.2,374	
4.6,4.7,-0.6,-0.5,13034	
4.6,4.7,-6.4,-6.3,14	
4.6,4.7,-7.5,-7.4,1	
4.6,4.7,1.2,1.3,8488	
4.6,4.7,2.3,2.4,5925	
4.6,4.7,0.3,0.4,15026	
4.6,4.7,3.4,3.5,5570	
4.6,4.7,4.5,4.6,1884	
4.6,4.7,5.6,5.7,192	
4.6,4.7,6.7,6.8,5	
4.6,4.7,7.0,7.1,3	
4.7,4.8,-1.6,-1.5,6222	
4.7,4.8,-2.7,-2.6,5301	
4.7,4.8,-3.0,-2.9,5267	
4.7,4.8,-3.8,-3.7,3628	
4.7,4.8,-4.1,-4.0,2614	
4.7,4.8,-4.9,-4.8,777	
4.7,4.8,-5.2,-5.1,417	
4.7,4.8,-6.3,-6.2,23	
4.7,4.8,-0.7,-0.6,12727	
4.7,4.8,1.3,1.4,7789	
4.7,4.8,0.2,0.3,15508	
4.7,4.8,2.4,2.5,5147	
4.7,4.8,3.5,3.6,4464	
4.7,4.8,4.6,4.7,1343	
4.7,4.8,5.7,5.8,111	
4.7,4.8,6.0,6.1,41	
4.7,4.8,6.8,6.9,6	
4.7,4.8,7.1,7.2,1	
4.8,4.9,-1.5,-1.4,6566	
4.8,4.9,-2.6,-2.5,4510	
4.8,4.9,-3.7,-3.6,3329	
4.8,4.9,-4.0,-3.9,2469	
4.8,4.9,-4.8,-4.7,785	
4.8,4.9,-5.1,-5.0,461	
4.8,4.9,-5.9,-5.8,59	
4.8,4.9,-6.2,-6.1,28	
4.8,4.9,-7.3,-7.2,1	
4.8,4.9,-0.8,-0.7,12040	
4.8,4.9,0.1,0.2,16426	
4.8,4.9,1.4,1.5,7061	
4.8,4.9,2.5,2.6,4524	
4.8,4.9,3.6,3.7,3516	
4.8,4.9,4.7,4.8,942	
4.8,4.9,5.0,5.1,516	
4.8,4.9,5.8,5.9,69	
4.8,4.9,6.1,6.2,30	
4.8,4.9,6.9,7.0,3	
4.8,4.9,0.9,1.0,11071	
4.9,5.0,-0.1,0.0,17443	
4.9,5.0,-1.4,-1.3,7186	
4.9,5.0,-2.5,-2.4,3908	
4.9,5.0,-3.6,-3.5,2919	
4.9,5.0,-4.7,-4.6,791	
4.9,5.0,-5.0,-4.9,439	
4.9,5.0,-5.8,-5.7,62	
4.9,5.0,-6.1,-6.0,23	
4.9,5.0,-6.9,-6.8,2	
4.9,5.0,-7.2,-7.1,1	
4.9,5.0,-0.9,-0.8,11708	
4.9,5.0,0.0,0.1,34677	
4.9,5.0,1.5,1.6,6412	
4.9,5.0,2.6,2.7,3903	
4.9,5.0,3.7,3.8,2714	
4.9,5.0,4.0,4.1,2032	
4.9,5.0,4.8,4.9,675	
4.9,5.0,5.1,5.2,351	
4.9,5.0,5.9,6.0,54	
4.9,5.0,6.2,6.3,14	
4.9,5.0,0.8,0.9,12309	
0.5,0.6,-1.6,-1.5,8944	
0.5,0.6,-2.7,-2.6,21263	
0.5,0.6,-3.0,-2.9,21983	
0.5,0.6,-3.8,-3.7,17273	
0.5,0.6,-4.1,-4.0,15064	
0.5,0.6,-4.9,-4.8,15289	
0.5,0.6,-5.2,-5.1,17005	
0.5,0.6,-6.3,-6.2,19332	
0.5,0.6,-0.7,-0.6,2719	
0.5,0.6,-7.4,-7.3,7157	
0.5,0.6,-8.5,-8.4,815	
0.5,0.6,-9.6,-9.5,27	
0.5,0.6,10.1,10.2,3	
0.5,0.6,1.3,1.4,5966	
0.5,0.6,0.2,0.3,1808	
0.5,0.6,2.4,2.5,18682	
0.5,0.6,3.5,3.6,19696	
0.5,0.6,4.6,4.7,13966	
0.5,0.6,5.7,5.8,20280	
0.5,0.6,6.0,6.1,20588	
0.5,0.6,6.8,6.9,14297	
0.5,0.6,7.1,7.2,10495	
0.5,0.6,7.9,8.0,3078	
0.5,0.6,8.2,8.3,1659	
0.5,0.6,9.3,9.4,69	
5.0,5.1,-1.6,-1.5,5976	
5.0,5.1,-2.7,-2.6,3273	
5.0,5.1,-3.0,-2.9,3026	
5.0,5.1,-3.8,-3.7,2046	
5.0,5.1,-4.1,-4.0,1460	
5.0,5.1,-4.9,-4.8,449	
5.0,5.1,-5.2,-5.1,226	
5.0,5.1,-6.3,-6.2,14	
5.0,5.1,-0.7,-0.6,14150	
5.0,5.1,1.3,1.4,8124	
5.0,5.1,0.2,0.3,17709	
5.0,5.1,2.4,2.5,3486	
5.0,5.1,3.5,3.6,2549	
5.0,5.1,4.6,4.7,703	
5.0,5.1,5.7,5.8,57	
5.0,5.1,6.0,6.1,24	
5.0,5.1,6.8,6.9,2	
5.1,5.2,-1.5,-1.4,6572	
5.1,5.2,-2.6,-2.5,2784	
5.1,5.2,-3.7,-3.6,1778	
5.1,5.2,-4.0,-3.9,1373	
5.1,5.2,-4.8,-4.7,437	
5.1,5.2,-5.1,-5.0,231	
5.1,5.2,-5.9,-5.8,28	
5.1,5.2,-6.2,-6.1,12	
5.1,5.2,-0.8,-0.7,13480	
5.1,5.2,0.1,0.2,18799	
5.1,5.2,1.4,1.5,7456	
5.1,5.2,2.5,2.6,2888	
5.1,5.2,3.6,3.7,1958	
5.1,5.2,4.7,4.8,526	
5.1,5.2,5.0,5.1,308	
5.1,5.2,5.8,5.9,29	
5.1,5.2,6.1,6.2,16	
5.1,5.2,6.9,7.0,3	
5.1,5.2,0.9,1.0,12431	
5.2,5.3,-0.1,0.0,19788	
5.2,5.3,-1.4,-1.3,7671	
5.2,5.3,-2.5,-2.4,2557	
5.2,5.3,-3.6,-3.5,1581	
5.2,5.3,-4.7,-4.6,438	
5.2,5.3,-5.0,-4.9,224	
5.2,5.3,-5.8,-5.7,34	
5.2,5.3,-6.1,-6.0,16	
5.2,5.3,-6.9,-6.8,1	
5.2,5.3,-0.9,-0.8,12958	
5.2,5.3,0.0,0.1,39911	
5.2,5.3,1.5,1.6,6568	
5.2,5.3,2.6,2.7,2375	
5.2,5.3,3.7,3.8,1428	
5.2,5.3,4.0,4.1,1037	
5.2,5.3,4.8,4.9,359	
5.2,5.3,5.1,5.2,205	
5.2,5.3,5.9,6.0,22	
5.2,5.3,6.2,6.3,12	
5.2,5.3,7.3,7.4,1	
5.2,5.3,0.8,0.9,13843	
5.3,5.4,-1.3,-1.2,8648	
5.3,5.4,-0.2,-0.1,20365	
5.3,5.4,-2.4,-2.3,2346	
5.3,5.4,-3.5,-3.4,1317	
5.3,5.4,-4.6,-4.5,401	
5.3,5.4,-5.7,-5.6,29	
5.3,5.4,-6.0,-5.9,13	
5.3,5.4,-6.8,-6.7,1	
5.3,5.4,1.6,1.7,5957	
5.3,5.4,2.7,2.8,1952	
5.3,5.4,3.0,3.1,1776	
5.3,5.4,3.8,3.9,1069	
5.3,5.4,4.1,4.2,752	
5.3,5.4,4.9,5.0,235	
5.3,5.4,5.2,5.3,105	
5.3,5.4,6.3,6.4,6	
5.3,5.4,0.7,0.8,15811	
5.4,5.5,-1.2,-1.1,10188	
5.4,5.5,-2.3,-2.2,2339	
5.4,5.5,-0.3,-0.2,20440	
5.4,5.5,-3.4,-3.3,1068	
5.4,5.5,-4.5,-4.4,350	
5.4,5.5,-5.6,-5.5,33	
5.4,5.5,1.7,1.8,5291	
5.4,5.5,2.0,2.1,3454	
5.4,5.5,2.8,2.9,1581	
5.4,5.5,3.1,3.2,1402	
5.4,5.5,3.9,4.0,772	
5.4,5.5,4.2,4.3,585	
5.4,5.5,5.3,5.4,79	
5.4,5.5,0.6,0.7,17452	
5.4,5.5,6.4,6.5,5	
5.5,5.6,-1.1,-1.0,11427	
5.5,5.6,-1.9,-1.8,3880	
5.5,5.6,-2.2,-2.1,2511	
5.5,5.6,-3.3,-3.2,974	
5.5,5.6,-0.4,-0.3,20428	
5.5,5.6,-4.4,-4.3,331	
5.5,5.6,-5.5,-5.4,32	
5.5,5.6,-6.6,-6.5,1	
5.5,5.6,1.0,1.1,13042	
5.5,5.6,1.8,1.9,4559	
5.5,5.6,2.1,2.2,2846	
5.5,5.6,2.9,3.0,1246	
5.5,5.6,3.2,3.3,960	
5.5,5.6,4.3,4.4,373	
5.5,5.6,0.5,0.6,19504	
5.5,5.6,5.4,5.5,34	
5.5,5.6,6.5,6.6,1	
5.6,5.7,-1.0,-0.9,13431	
5.6,5.7,-1.8,-1.7,4510	
5.6,5.7,-2.1,-2.0,2727	
5.6,5.7,-2.9,-2.8,983	
5.6,5.7,-3.2,-3.1,834	
5.6,5.7,-4.3,-4.2,284	
5.6,5.7,-0.5,-0.4,20087	
5.6,5.7,-5.4,-5.3,44	
5.6,5.7,-6.5,-6.4,2	
5.6,5.7,1.1,1.2,12110	
5.6,5.7,1.9,2.0,3811	
5.6,5.7,2.2,2.3,2348	
5.6,5.7,3.3,3.4,754	
5.6,5.7,0.4,0.5,21012	
5.6,5.7,4.4,4.5,258	
5.6,5.7,5.5,5.6,28	
5.6,5.7,6.6,6.7,1	
5.7,5.8,-1.7,-1.6,5412	
5.7,5.8,-2.0,-1.9,3187	
5.7,5.8,-2.8,-2.7,1012	
5.7,5.8,-3.1,-3.0,648	
5.7,5.8,-3.9,-3.8,345	
5.7,5.8,-4.2,-4.1,255	
5.7,5.8,-5.3,-5.2,30	
5.7,5.8,-0.6,-0.5,19331	
5.7,5.8,1.2,1.3,10965	
5.7,5.8,2.3,2.4,1966	
5.7,5.8,0.3,0.4,22326	
5.7,5.8,3.4,3.5,571	
5.7,5.8,4.5,4.6,164	
5.7,5.8,5.6,5.7,15	
5.8,5.9,-1.6,-1.5,6265	
5.8,5.9,-2.7,-2.6,910	
5.8,5.9,-3.0,-2.9,669	
5.8,5.9,-3.8,-3.7,307	
5.8,5.9,-4.1,-4.0,181	
5.8,5.9,-4.9,-4.8,58	
5.8,5.9,-5.2,-5.1,29	
5.8,5.9,-6.3,-6.2,2	
5.8,5.9,-0.7,-0.6,18367	
5.8,5.9,1.3,1.4,9767	
5.8,5.9,0.2,0.3,23038	
5.8,5.9,2.4,2.5,1537	
5.8,5.9,3.5,3.6,381	
5.8,5.9,4.6,4.7,95	
5.8,5.9,5.7,5.8,11	
5.8,5.9,6.0,6.1,2	
5.9,6.0,-1.5,-1.4,7444	
5.9,6.0,-2.6,-2.5,1035	
5.9,6.0,-3.7,-3.6,272	
5.9,6.0,-4.0,-3.9,182	
5.9,6.0,-4.8,-4.7,54	
5.9,6.0,-5.1,-5.0,29	
5.9,6.0,-5.9,-5.8,4	
5.9,6.0,-6.2,-6.1,2	
5.9,6.0,-0.8,-0.7,16776	
5.9,6.0,0.1,0.2,23804	
5.9,6.0,1.4,1.5,8535	
5.9,6.0,2.5,2.6,1229	
5.9,6.0,3.6,3.7,264	
5.9,6.0,4.7,4.8,52	
5.9,6.0,5.0,5.1,39	
5.9,6.0,5.8,5.9,4	
5.9,6.0,6.1,6.2,2	
5.9,6.0,0.9,1.0,15431	
0.6,0.7,-1.5,-1.4,7713	
0.6,0.7,-2.6,-2.5,19653	
0.6,0.7,-3.7,-3.6,17396	
0.6,0.7,-4.0,-3.9,15078	
0.6,0.7,-4.8,-4.7,13702	
0.6,0.7,-5.1,-5.0,15642	
0.6,0.7,-5.9,-5.8,19606	
0.6,0.7,-6.2,-6.1,18872	
0.6,0.7,-7.3,-7.2,7797	
0.6,0.7,-0.8,-0.7,3197	
0.6,0.7,-8.4,-8.3,952	
0.6,0.7,-9.5,-9.4,31	
0.6,0.7,0.1,0.2,2000	
0.6,0.7,10.0,10.1,5	
0.6,0.7,1.4,1.5,6734	
0.6,0.7,2.5,2.6,18862	
0.6,0.7,3.6,3.7,18076	
0.6,0.7,4.7,4.8,13519	
0.6,0.7,5.0,5.1,14994	
0.6,0.7,5.8,5.9,19292	
0.6,0.7,6.1,6.2,19216	
0.6,0.7,6.9,7.0,12326	
0.6,0.7,7.2,7.3,8923	
0.6,0.7,8.3,8.4,1228	
0.6,0.7,0.9,1.0,3653	
0.6,0.7,9.4,9.5,45	
6.0,6.1,-1.7,-1.6,5229	
6.0,6.1,-2.0,-1.9,3171	
6.0,6.1,-2.8,-2.7,643	
6.0,6.1,-3.1,-3.0,368	
6.0,6.1,-3.9,-3.8,157	
6.0,6.1,-4.2,-4.1,110	
6.0,6.1,-5.3,-5.2,17	
6.0,6.1,-0.6,-0.5,19553	
6.0,6.1,1.2,1.3,11187	
6.0,6.1,2.3,2.4,1681	
6.0,6.1,0.3,0.4,22466	
6.0,6.1,3.4,3.5,258	
6.0,6.1,4.5,4.6,59	
6.0,6.1,5.6,5.7,7	
6.1,6.2,-1.6,-1.5,6181	
6.1,6.2,-2.7,-2.6,727	
6.1,6.2,-3.0,-2.9,397	
6.1,6.2,-3.8,-3.7,152	
6.1,6.2,-4.1,-4.0,98	
6.1,6.2,-4.9,-4.8,28	
6.1,6.2,-5.2,-5.1,12	
6.1,6.2,-0.7,-0.6,17889	
6.1,6.2,1.3,1.4,9507	
6.1,6.2,0.2,0.3,23108	
6.1,6.2,2.4,2.5,1332	
6.1,6.2,3.5,3.6,179	
6.1,6.2,4.6,4.7,46	
6.1,6.2,5.7,5.8,4	
6.1,6.2,6.0,6.1,3	
6.2,6.3,-1.5,-1.4,7071	
6.2,6.3,-2.6,-2.5,844	
6.2,6.3,-3.7,-3.6,111	
6.2,6.3,-4.0,-3.9,77	
6.2,6.3,-4.8,-4.7,16	
6.2,6.3,-5.1,-5.0,17	
6.2,6.3,-0.8,-0.7,16226	
6.2,6.3,0.1,0.2,22954	
6.2,6.3,1.4,1.5,8137	
6.2,6.3,2.5,2.6,987	
6.2,6.3,3.6,3.7,150	
6.2,6.3,4.7,4.8,25	
6.2,6.3,5.0,5.1,17	
6.2,6.3,5.8,5.9,1	
6.2,6.3,6.1,6.2,1	
6.2,6.3,0.9,1.0,14765	
6.3,6.4,-0.1,0.0,22274	
6.3,6.4,-1.4,-1.3,7921	
6.3,6.4,-2.5,-2.4,915	
6.3,6.4,-3.6,-3.5,112	
6.3,6.4,-4.7,-4.6,15	
6.3,6.4,-5.0,-4.9,8	
6.3,6.4,-5.8,-5.7,1	
6.3,6.4,-6.9,-6.8,1	
6.3,6.4,-0.9,-0.8,14404	
6.3,6.4,0.0,0.1,45187	
6.3,6.4,1.5,1.6,6834	
6.3,6.4,2.6,2.7,714	
6.3,6.4,3.7,3.8,78	
6.3,6.4,4.0,4.1,40	
6.3,6.4,4.8,4.9,17	
6.3,6.4,5.1,5.2,5	
6.3,6.4,0.8,0.9,15417	
6.4,6.5,-1.3,-1.2,8697	
6.4,6.5,-0.2,-0.1,20908	
6.4,6.5,-2.4,-2.3,1115	
6.4,6.5,-3.5,-3.4,105	
6.4,6.5,-4.6,-4.5,16	
6.4,6.5,-5.7,-5.6,2	
6.4,6.5,1.6,1.7,5545	
6.4,6.5,2.7,2.8,585	
6.4,6.5,3.0,3.1,277	
6.4,6.5,3.8,3.9,65	
6.4,6.5,4.1,4.2,31	
6.4,6.5,4.9,5.0,12	
6.4,6.5,5.2,5.3,7	
6.4,6.5,0.7,0.8,16393	
6.5,6.6,-1.2,-1.1,9515	
6.5,6.6,-2.3,-2.2,1326	
6.5,6.6,-0.3,-0.2,19410	
6.5,6.6,-3.4,-3.3,98	
6.5,6.6,-4.5,-4.4,9	
6.5,6.6,1.7,1.8,4567	
6.5,6.6,2.0,2.1,2622	
6.5,6.6,2.8,2.9,397	
6.5,6.6,3.1,3.2,174	
6.5,6.6,3.9,4.0,36	
6.5,6.6,4.2,4.3,12	
6.5,6.6,5.3,5.4,5	
6.5,6.6,0.6,0.7,16702	
6.6,6.7,-1.1,-1.0,10036	
6.6,6.7,-1.9,-1.8,2860	
6.6,6.7,-2.2,-2.1,1471	
6.6,6.7,-3.3,-3.2,110	
6.6,6.7,-0.4,-0.3,17723	
6.6,6.7,-4.4,-4.3,13	
6.6,6.7,1.0,1.1,11104	
6.6,6.7,1.8,1.9,3465	
6.6,6.7,2.1,2.2,2018	
6.6,6.7,2.9,3.0,290	
6.6,6.7,3.2,3.3,113	
6.6,6.7,4.3,4.4,13	
6.6,6.7,0.5,0.6,16920	
6.7,6.8,-1.0,-0.9,10315	
6.7,6.8,-1.8,-1.7,3345	
6.7,6.8,-2.1,-2.0,1764	
6.7,6.8,-2.9,-2.8,263	
6.7,6.8,-3.2,-3.1,112	
6.7,6.8,-4.3,-4.2,8	
6.7,6.8,-0.5,-0.4,15758	
6.7,6.8,-5.4,-5.3,1	
6.7,6.8,1.1,1.2,9470	
6.7,6.8,1.9,2.0,2707	
6.7,6.8,2.2,2.3,1446	
6.7,6.8,3.3,3.4,96	
6.7,6.8,0.4,0.5,16486	
6.7,6.8,4.4,4.5,8	
6.8,6.9,-1.7,-1.6,3605	
6.8,6.9,-2.0,-1.9,2008	
6.8,6.9,-2.8,-2.7,318	
6.8,6.9,-3.1,-3.0,130	
6.8,6.9,-3.9,-3.8,20	
6.8,6.9,-4.2,-4.1,9	
6.8,6.9,-0.6,-0.5,13573	
6.8,6.9,-6.4,-6.3,1	
6.8,6.9,1.2,1.3,7639	
6.8,6.9,2.3,2.4,1014	
6.8,6.9,0.3,0.4,15695	
6.8,6.9,3.4,3.5,67	
6.8,6.9,4.5,4.6,4	
6.9,7.0,-1.6,-1.5,4045	
6.9,7.0,-2.7,-2.6,364	
6.9,7.0,-3.0,-2.9,164	
6.9,7.0,-3.8,-3.7,19	
6.9,7.0,-4.1,-4.0,11	
6.9,7.0,-0.7,-0.6,11411	
6.9,7.0,1.3,1.4,6150	
6.9,7.0,0.2,0.3,14570	
6.9,7.0,2.4,2.5,761	
6.9,7.0,3.5,3.6,40	
6.9,7.0,4.6,4.7,2	
6.9,7.0,5.7,5.8,1	
0.7,0.8,-0.1,0.0,2405	
0.7,0.8,-10.0,-9.9,3	
0.7,0.8,-1.4,-1.3,6668	
0.7,0.8,-2.5,-2.4,17727	
0.7,0.8,-3.6,-3.5,17487	
0.7,0.8,-4.7,-4.6,12445	
0.7,0.8,-5.0,-4.9,13845	
0.7,0.8,-5.8,-5.7,17884	
0.7,0.8,-6.1,-6.0,18053	
0.7,0.8,-6.9,-6.8,11539	
0.7,0.8,-7.2,-7.1,8330	
0.7,0.8,-8.3,-8.2,1130	
0.7,0.8,-0.9,-0.8,3685	
0.7,0.8,-9.4,-9.3,52	
0.7,0.8,0.0,0.1,4812	
0.7,0.8,10.7,10.8,1	
0.7,0.8,1.5,1.6,7599	
0.7,0.8,2.6,2.7,18981	
0.7,0.8,3.7,3.8,16523	
0.7,0.8,4.0,4.1,14240	
0.7,0.8,4.8,4.9,12975	
0.7,0.8,5.1,5.2,14552	
0.7,0.8,5.9,6.0,18436	
0.7,0.8,6.2,6.3,17341	
0.7,0.8,7.3,7.4,7270	
0.7,0.8,0.8,0.9,3165	
0.7,0.8,8.4,8.5,878	
0.7,0.8,9.5,9.6,30	
7.0,7.1,-1.0,-0.9,7976	
7.0,7.1,-1.8,-1.7,2516	
7.0,7.1,-2.1,-2.0,1370	
7.0,7.1,-2.9,-2.8,194	
7.0,7.1,-3.2,-3.1,62	
7.0,7.1,-4.3,-4.2,2	
7.0,7.1,-0.5,-0.4,11774	
7.0,7.1,1.1,1.2,7155	
7.0,7.1,1.9,2.0,1983	
7.0,7.1,2.2,2.3,1105	
7.0,7.1,3.3,3.4,60	
7.0,7.1,0.4,0.5,12566	
7.0,7.1,4.4,4.5,3	
7.1,7.2,-1.7,-1.6,2620	
7.1,7.2,-2.0,-1.9,1556	
7.1,7.2,-2.8,-2.7,221	
7.1,7.2,-3.1,-3.0,91	
7.1,7.2,-3.9,-3.8,6	
7.1,7.2,-4.2,-4.1,1	
7.1,7.2,-0.6,-0.5,9911	
7.1,7.2,1.2,1.3,5800	
7.1,7.2,2.3,2.4,744	
7.1,7.2,0.3,0.4,11575	
7.1,7.2,3.4,3.5,28	
7.1,7.2,4.5,4.6,2	
7.2,7.3,-1.6,-1.5,2893	
7.2,7.3,-2.7,-2.6,272	
7.2,7.3,-3.0,-2.9,112	
7.2,7.3,-3.8,-3.7,12	
7.2,7.3,-4.1,-4.0,3	
7.2,7.3,-4.9,-4.8,1	
7.2,7.3,-0.7,-0.6,8302	
7.2,7.3,1.3,1.4,4359	
7.2,7.3,0.2,0.3,10666	
7.2,7.3,2.4,2.5,529	
7.2,7.3,3.5,3.6,18	
7.3,7.4,-1.5,-1.4,2886	
7.3,7.4,-2.6,-2.5,298	
7.3,7.4,-3.7,-3.6,6	
7.3,7.4,-4.0,-3.9,7	
7.3,7.4,-0.8,-0.7,6669	
7.3,7.4,0.1,0.2,9501	
7.3,7.4,1.4,1.5,3292	
7.3,7.4,2.5,2.6,391	
7.3,7.4,3.6,3.7,9	
7.3,7.4,0.9,1.0,6106	
7.4,7.5,-0.1,0.0,8291	
7.4,7.5,-1.4,-1.3,2985	
7.4,7.5,-2.5,-2.4,285	
7.4,7.5,-3.6,-3.5,17	
7.4,7.5,-0.9,-0.8,5350	
7.4,7.5,0.0,0.1,16631	
7.4,7.5,1.5,1.6,2479	
7.4,7.5,2.6,2.7,253	
7.4,7.5,3.7,3.8,4	
7.4,7.5,4.0,4.1,6	
7.4,7.5,0.8,0.9,5820	
7.5,7.6,-1.3,-1.2,2868	
7.5,7.6,-0.2,-0.1,6984	
7.5,7.6,-2.4,-2.3,347	
7.5,7.6,-3.5,-3.4,16	
7.5,7.6,1.6,1.7,1826	
7.5,7.6,2.7,2.8,168	
7.5,7.6,3.0,3.1,72	
7.5,7.6,3.8,3.9,4	
7.5,7.6,4.1,4.2,1	
7.5,7.6,0.7,0.8,5413	
7.6,7.7,-1.2,-1.1,2818	
7.6,7.7,-2.3,-2.2,390	
7.6,7.7,-0.3,-0.2,5843	
7.6,7.7,-3.4,-3.3,13	
7.6,7.7,-4.5,-4.4,1	
7.6,7.7,1.7,1.8,1338	
7.6,7.7,2.0,2.1,737	
7.6,7.7,2.8,2.9,107	
7.6,7.7,3.1,3.2,47	
7.6,7.7,3.9,4.0,2	
7.6,7.7,4.2,4.3,3	
7.6,7.7,0.6,0.7,4933	
7.7,7.8,-1.1,-1.0,2767	
7.7,7.8,-1.9,-1.8,807	
7.7,7.8,-2.2,-2.1,392	
7.7,7.8,-3.3,-3.2,18	
7.7,7.8,-0.4,-0.3,4699	
7.7,7.8,1.0,1.1,2913	
7.7,7.8,1.8,1.9,948	
7.7,7.8,2.1,2.2,512	
7.7,7.8,2.9,3.0,61	
7.7,7.8,3.2,3.3,22	
7.7,7.8,0.5,0.6,4530	
7.8,7.9,-1.0,-0.9,2442	
7.8,7.9,-1.8,-1.7,793	
7.8,7.9,-2.1,-2.0,440	
7.8,7.9,-2.9,-2.8,59	
7.8,7.9,-3.2,-3.1,24	
7.8,7.9,-0.5,-0.4,3773	
7.8,7.9,1.1,1.2,2225	
7.8,7.9,1.9,2.0,629	
7.8,7.9,2.2,2.3,369	
7.8,7.9,3.3,3.4,21	
7.8,7.9,0.4,0.5,3852	
7.9,8.0,-1.7,-1.6,736	
7.9,8.0,-2.0,-1.9,448	
7.9,8.0,-2.8,-2.7,52	
7.9,8.0,-3.1,-3.0,34	
7.9,8.0,-3.9,-3.8,2	
7.9,8.0,-0.6,-0.5,2886	
7.9,8.0,1.2,1.3,1601	
7.9,8.0,2.3,2.4,249	
7.9,8.0,0.3,0.4,3318	
7.9,8.0,3.4,3.5,7	
0.8,0.9,-10.1,-10.0,5	
0.8,0.9,-1.3,-1.2,5847	
0.8,0.9,-0.2,-0.1,2840	
0.8,0.9,-2.4,-2.3,16463	
0.8,0.9,-3.5,-3.4,17051	
0.8,0.9,-4.6,-4.5,11571	
0.8,0.9,-5.7,-5.6,16755	
0.8,0.9,-6.0,-5.9,16888	
0.8,0.9,-6.8,-6.7,11480	
0.8,0.9,-7.1,-7.0,8449	
0.8,0.9,-7.9,-7.8,2576	
0.8,0.9,-8.2,-8.1,1302	
0.8,0.9,-9.3,-9.2,58	
0.8,0.9,1.6,1.7,8182	
0.8,0.9,2.7,2.8,18456	
0.8,0.9,3.0,3.1,19062	
0.8,0.9,3.8,3.9,15241	
0.8,0.9,4.1,4.2,12931	
0.8,0.9,4.9,5.0,12573	
0.8,0.9,5.2,5.3,14098	
0.8,0.9,6.3,6.4,15740	
0.8,0.9,0.7,0.8,3341	
0.8,0.9,7.4,7.5,5725	
0.8,0.9,8.5,8.6,632	
0.8,0.9,9.6,9.7,25	
8.0,8.1,-1.1,-1.0,1542	
8.0,8.1,-1.9,-1.8,426	
8.0,8.1,-2.2,-2.1,245	
8.0,8.1,-3.3,-3.2,8	
8.0,8.1,-0.4,-0.3,2632	
8.0,8.1,1.0,1.1,1686	
8.0,8.1,1.8,1.9,521	
8.0,8.1,2.1,2.2,289	
8.0,8.1,2.9,3.0,34	
8.0,8.1,3.2,3.3,18	
8.0,8.1,0.5,0.6,2567	
8.1,8.2,-1.0,-0.9,1368	
8.1,8.2,-1.8,-1.7,476	
8.1,8.2,-2.1,-2.0,216	
8.1,8.2,-2.9,-2.8,42	
8.1,8.2,-3.2,-3.1,10	
8.1,8.2,-0.5,-0.4,1968	
8.1,8.2,1.1,1.2,1212	
8.1,8.2,1.9,2.0,339	
8.1,8.2,2.2,2.3,173	
8.1,8.2,3.3,3.4,11	
8.1,8.2,0.4,0.5,2081	
8.1,8.2,4.4,4.5,1	
8.2,8.3,-1.7,-1.6,422	
8.2,8.3,-2.0,-1.9,243	
8.2,8.3,-2.8,-2.7,50	
8.2,8.3,-3.1,-3.0,24	
8.2,8.3,-0.6,-0.5,1509	
8.2,8.3,1.2,1.3,884	
8.2,8.3,2.3,2.4,100	
8.2,8.3,0.3,0.4,1842	
8.2,8.3,3.4,3.5,7	
8.3,8.4,-1.6,-1.5,382	
8.3,8.4,-2.7,-2.6,33	
8.3,8.4,-3.0,-2.9,13	
8.3,8.4,-0.7,-0.6,1136	
8.3,8.4,1.3,1.4,604	
8.3,8.4,0.2,0.3,1427	
8.3,8.4,2.4,2.5,82	
8.3,8.4,3.5,3.6,4	
8.4,8.5,-1.5,-1.4,361	
8.4,8.5,-2.6,-2.5,40	
8.4,8.5,-0.8,-0.7,856	
8.4,8.5,0.1,0.2,1172	
8.4,8.5,1.4,1.5,427	
8.4,8.5,2.5,2.6,54	
8.4,8.5,0.9,1.0,778	
8.5,8.6,-0.1,0.0,947	
8.5,8.6,-1.4,-1.3,327	
8.5,8.6,-2.5,-2.4,39	
8.5,8.6,-0.9,-0.8,599	
8.5,8.6,0.0,0.1,1769	
8.5,8.6,1.5,1.6,281	
8.5,8.6,2.6,2.7,30	
8.5,8.6,4.0,4.1,1	
8.5,8.6,0.8,0.9,667	
8.6,8.7,-1.3,-1.2,278	
8.6,8.7,-0.2,-0.1,685	
8.6,8.7,-2.4,-2.3,33	
8.6,8.7,-3.5,-3.4,2	
8.6,8.7,1.6,1.7,189	
8.6,8.7,2.7,2.8,22	
8.6,8.7,3.0,3.1,2	
8.6,8.7,3.8,3.9,1	
8.6,8.7,0.7,0.8,583	
8.7,8.8,-1.2,-1.1,239	
8.7,8.8,-2.3,-2.2,39	
8.7,8.8,-0.3,-0.2,539	
8.7,8.8,-3.4,-3.3,1	
8.7,8.8,1.7,1.8,111	
8.7,8.8,2.0,2.1,56	
8.7,8.8,2.8,2.9,9	
8.7,8.8,3.1,3.2,3	
8.7,8.8,3.9,4.0,1	
8.7,8.8,4.2,4.3,1	
8.7,8.8,0.6,0.7,446	
8.8,8.9,-1.1,-1.0,230	
8.8,8.9,-1.9,-1.8,59	
8.8,8.9,-2.2,-2.1,32	
8.8,8.9,-3.3,-3.2,3	
8.8,8.9,-0.4,-0.3,355	
8.8,8.9,1.0,1.1,270	
8.8,8.9,1.8,1.9,85	
8.8,8.9,2.1,2.2,36	
8.8,8.9,2.9,3.0,7	
8.8,8.9,0.5,0.6,343	
8.9,9.0,-1.0,-0.9,171	
8.9,9.0,-1.8,-1.7,51	
8.9,9.0,-2.1,-2.0,30	
8.9,9.0,-2.9,-2.8,4	
8.9,9.0,-3.2,-3.1,1	
8.9,9.0,-0.5,-0.4,279	
8.9,9.0,1.1,1.2,144	
8.9,9.0,1.9,2.0,44	
8.9,9.0,2.2,2.3,22	
8.9,9.0,0.4,0.5,293	
0.9,1.0,-10.2,-10.1,2	
0.9,1.0,-1.2,-1.1,5232	
0.9,1.0,-2.3,-2.2,14783	
0.9,1.0,-0.3,-0.2,3440	
0.9,1.0,-3.4,-3.3,16787	
0.9,1.0,-4.5,-4.4,10915	
0.9,1.0,-5.6,-5.5,14856	
0.9,1.0,-6.7,-6.6,11320	
0.9,1.0,-7.0,-6.9,8733	
0.9,1.0,-7.8,-7.7,2699	
0.9,1.0,-8.1,-8.0,1457	
0.9,1.0,-8.9,-8.8,214	
0.9,1.0,-9.2,-9.1,77	
0.9,1.0,1.7,1.8,8864	
0.9,1.0,2.0,2.1,11913	
0.9,1.0,2.8,2.9,18161	
0.9,1.0,3.1,3.2,18279	
0.9,1.0,3.9,4.0,13441	
0.9,1.0,4.2,4.3,11534	
0.9,1.0,5.3,5.4,13305	
0.9,1.0,0.6,0.7,3497	
0.9,1.0,6.4,6.5,13677	
0.9,1.0,7.5,7.6,4532	
0.9,1.0,8.6,8.7,410	
0.9,1.0,9.7,9.8,9	
9.0,9.1,-1.2,-1.1,107	
9.0,9.1,-2.3,-2.2,18	
9.0,9.1,-0.3,-0.2,226	
9.0,9.1,-3.4,-3.3,1	
9.0,9.1,1.7,1.8,47	
9.0,9.1,2.0,2.1,28	
9.0,9.1,2.8,2.9,5	
9.0,9.1,3.9,4.0,1	
9.0,9.1,0.6,0.7,167	
9.1,9.2,-1.1,-1.0,86	
9.1,9.2,-1.9,-1.8,24	
9.1,9.2,-2.2,-2.1,12	
9.1,9.2,-3.3,-3.2,2	
9.1,9.2,-0.4,-0.3,146	
9.1,9.2,1.0,1.1,96	
9.1,9.2,1.8,1.9,37	
9.1,9.2,2.1,2.2,16	
9.1,9.2,2.9,3.0,3	
9.1,9.2,0.5,0.6,120	
9.2,9.3,-1.0,-0.9,80	
9.2,9.3,-1.8,-1.7,21	
9.2,9.3,-2.1,-2.0,12	
9.2,9.3,-2.9,-2.8,1	
9.2,9.3,-0.5,-0.4,128	
9.2,9.3,1.1,1.2,74	
9.2,9.3,1.9,2.0,11	
9.2,9.3,2.2,2.3,11	
9.2,9.3,0.4,0.5,95	
9.3,9.4,-1.7,-1.6,15	
9.3,9.4,-2.0,-1.9,9	
9.3,9.4,-2.8,-2.7,2	
9.3,9.4,-0.6,-0.5,62	
9.3,9.4,1.2,1.3,52	
9.3,9.4,2.3,2.4,7	
9.3,9.4,0.3,0.4,73	
9.4,9.5,-1.6,-1.5,21	
9.4,9.5,-2.7,-2.6,2	
9.4,9.5,-3.0,-2.9,1	
9.4,9.5,-0.7,-0.6,54	
9.4,9.5,1.3,1.4,28	
9.4,9.5,0.2,0.3,57	
9.4,9.5,2.4,2.5,4	
9.5,9.6,-1.5,-1.4,11	
9.5,9.6,-0.8,-0.7,29	
9.5,9.6,0.1,0.2,44	
9.5,9.6,1.4,1.5,13	
9.5,9.6,2.5,2.6,1	
9.5,9.6,3.6,3.7,1	
9.5,9.6,0.9,1.0,23	
9.6,9.7,-0.1,0.0,29	
9.6,9.7,-1.4,-1.3,7	
9.6,9.7,-2.5,-2.4,2	
9.6,9.7,-0.9,-0.8,18	
9.6,9.7,0.0,0.1,59	
9.6,9.7,1.5,1.6,4	
9.6,9.7,0.8,0.9,22	
9.7,9.8,-1.3,-1.2,4	
9.7,9.8,-0.2,-0.1,19	
9.7,9.8,-2.4,-2.3,1	
9.7,9.8,1.6,1.7,4	
9.7,9.8,2.7,2.8,2	
9.7,9.8,0.7,0.8,9	
9.8,9.9,-1.2,-1.1,8	
9.8,9.9,-2.3,-2.2,1	
9.8,9.9,-0.3,-0.2,7	
9.8,9.9,1.7,1.8,4	
9.8,9.9,2.0,2.1,1	
9.8,9.9,0.6,0.7,12	
9.9,10.0,-1.1,-1.0,2	
9.9,10.0,-1.9,-1.8,1	
9.9,10.0,-2.2,-2.1,1	
9.9,10.0,-0.4,-0.3,9	
9.9,10.0,1.0,1.1,6	
9.9,10.0,2.1,2.2,1	
9.9,10.0,2.9,3.0,1	
9.9,10.0,3.2,3.3,1	
9.9,10.0,0.5,0.6,8	
