-0.1,0.0,-10.1,-10.0,4	
-0.1,0.0,-1.7,-1.6,11125	
-0.1,0.0,-0.2,-0.1,1253	
-0.1,0.0,-2.0,-1.9,15321	
-0.1,0.0,-2.8,-2.7,24328	
-0.1,0.0,-3.1,-3.0,24329	
-0.1,0.0,-3.9,-3.8,18219	
-0.1,0.0,-4.2,-4.1,16039	
-0.1,0.0,-5.3,-5.2,20772	
-0.1,0.0,-6.4,-6.3,21458	
-0.1,0.0,-7.5,-7.4,7071	
-0.1,0.0,-8.6,-8.5,729	
-0.1,0.0,-9.7,-9.6,19	
-0.1,0.0,10.2,10.3,4	
-0.1,0.0,1.6,1.7,9912	
-0.1,0.0,2.7,2.8,23638	
-0.1,0.0,0.3,0.4,1340	
-0.1,0.0,3.0,3.1,24556	
-0.1,0.0,3.8,3.9,18937	
-0.1,0.0,4.1,4.2,16644	
-0.1,0.0,4.9,5.0,17330	
-0.1,0.0,5.2,5.3,19581	
-0.1,0.0,6.3,6.4,22320	
-0.1,0.0,7.4,7.5,8279	
-0.1,0.0,8.5,8.6,917	
-0.1,0.0,9.6,9.7,32	
-1.0,-0.9,-1.1,-1.0,4954	
-1.0,-0.9,-1.9,-1.8,10469	
-1.0,-0.9,-2.2,-2.1,13244	
-1.0,-0.9,-3.3,-3.2,16520	
-1.0,-0.9,-4.4,-4.3,10339	
-1.0,-0.9,-5.5,-5.4,13267	
-1.0,-0.9,-6.6,-6.5,11194	
-1.0,-0.9,-7.7,-7.6,3008	
-1.0,-0.9,-0.8,-0.7,4129	
-1.0,-0.9,-8.0,-7.9,1668	
-1.0,-0.9,-8.8,-8.7,242	
-1.0,-0.9,-9.1,-9.0,110	
-1.0,-0.9,-9.9,-9.8,15	
-1.0,-0.9,1.4,1.5,6396	
-1.0,-0.9,2.5,2.6,15790	
-1.0,-0.9,3.6,3.7,14810	
-1.0,-0.9,4.7,4.8,10147	
-1.0,-0.9,0.5,0.6,4143	
-1.0,-0.9,5.0,5.1,10834	
-1.0,-0.9,5.8,5.9,13872	
-1.0,-0.9,6.1,6.2,13638	
-1.0,-0.9,6.9,7.0,8634	
-1.0,-0.9,7.2,7.3,6305	
-1.0,-0.9,8.3,8.4,866	
-1.0,-0.9,9.4,9.5,35	
-10.0,-9.9,-0.2,-0.1,2	
-10.0,-9.9,-2.0,-1.9,1	
-10.0,-9.9,0.3,0.4,3	
-10.1,-10.0,-0.3,-0.2,5	
-10.1,-10.0,0.2,0.3,5	
-10.2,-10.1,-1.5,-1.4,1	
-10.2,-10.1,-0.4,-0.3,1	
-10.2,-10.1,0.1,0.2,2	
-10.2,-10.1,1.0,1.1,3	
-10.2,-10.1,2.1,2.2,1	
-10.2,-10.1,0.9,1.0,3	
-10.3,-10.2,-0.5,-0.4,3	
-10.3,-10.2,0.0,0.1,3	
-10.3,-10.2,0.8,0.9,2	
-10.4,-10.3,-0.6,-0.5,1	
-10.7,-10.6,-0.9,-0.8,1	
-1.1,-1.0,-0.1,0.0,4675	
-1.1,-1.0,-1.0,-0.9,5064	
-1.1,-1.0,-10.0,-9.9,1	
-1.1,-1.0,-1.8,-1.7,9322	
-1.1,-1.0,-2.1,-2.0,12195	
-1.1,-1.0,-2.9,-2.8,16649	
-1.1,-1.0,-3.2,-3.1,16546	
-1.1,-1.0,-4.3,-4.2,9928	
-1.1,-1.0,-5.4,-5.3,11445	
-1.1,-1.0,-6.5,-6.4,10727	
-1.1,-1.0,-7.6,-7.5,3187	
-1.1,-1.0,-8.7,-8.6,312	
-1.1,-1.0,-0.9,-0.8,4847	
-1.1,-1.0,-9.0,-8.9,142	
-1.1,-1.0,-9.8,-9.7,5	
-1.1,-1.0,1.5,1.6,7135	
-1.1,-1.0,2.6,2.7,15964	
-1.1,-1.0,3.7,3.8,13576	
-1.1,-1.0,0.4,0.5,4581	
-1.1,-1.0,4.0,4.1,11455	
-1.1,-1.0,4.8,4.9,9315	
-1.1,-1.0,5.1,5.2,10344	
-1.1,-1.0,5.9,6.0,12612	
-1.1,-1.0,6.2,6.3,12012	
-1.1,-1.0,7.3,7.4,4874	
-1.1,-1.0,8.4,8.5,616	
-1.1,-1.0,9.5,9.6,13	
-11.3,-11.2,-0.4,-0.3,1	
-1.2,-1.1,-1.7,-1.6,8633	
-1.2,-1.1,-0.2,-0.1,5360	
-1.2,-1.1,-2.0,-1.9,10851	
-1.2,-1.1,-2.8,-2.7,16079	
-1.2,-1.1,-3.1,-3.0,15990	
-1.2,-1.1,-3.9,-3.8,11584	
-1.2,-1.1,-4.2,-4.1,9670	
-1.2,-1.1,-5.3,-5.2,9721	
-1.2,-1.1,-6.4,-6.3,9914	
-1.2,-1.1,-7.5,-7.4,3363	
-1.2,-1.1,-8.6,-8.5,348	
-1.2,-1.1,-9.7,-9.6,8	
-1.2,-1.1,1.6,1.7,7679	
-1.2,-1.1,2.7,2.8,15914	
-1.2,-1.1,0.3,0.4,5483	
-1.2,-1.1,3.0,3.1,16157	
-1.2,-1.1,3.8,3.9,12194	
-1.2,-1.1,4.1,4.2,10327	
-1.2,-1.1,4.9,5.0,8879	
-1.2,-1.1,5.2,5.3,9482	
-1.2,-1.1,6.3,6.4,10543	
-1.2,-1.1,7.4,7.5,3779	
-1.2,-1.1,8.5,8.6,418	
-1.2,-1.1,9.6,9.7,23	
-1.3,-1.2,-1.6,-1.5,8030	
-1.3,-1.2,-2.7,-2.6,15544	
-1.3,-1.2,-0.3,-0.2,6381	
-1.3,-1.2,-3.0,-2.9,15938	
-1.3,-1.2,-3.8,-3.7,12015	
-1.3,-1.2,-4.1,-4.0,9920	
-1.3,-1.2,-4.9,-4.8,7869	
-1.3,-1.2,-5.2,-5.1,8418	
-1.3,-1.2,-6.3,-6.2,9087	
-1.3,-1.2,-7.4,-7.3,3396	
-1.3,-1.2,-8.5,-8.4,348	
-1.3,-1.2,-9.6,-9.5,11	
-1.3,-1.2,10.1,10.2,1	
-1.3,-1.2,1.7,1.8,8481	
-1.3,-1.2,0.2,0.3,6350	
-1.3,-1.2,2.0,2.1,10585	
-1.3,-1.2,2.8,2.9,15610	
-1.3,-1.2,3.1,3.2,15720	
-1.3,-1.2,3.9,4.0,11367	
-1.3,-1.2,4.2,4.3,9270	
-1.3,-1.2,5.3,5.4,8717	
-1.3,-1.2,6.4,6.5,8803	
-1.3,-1.2,7.5,7.6,3022	
-1.3,-1.2,8.6,8.7,280	
-1.3,-1.2,9.7,9.8,9	
-1.4,-1.3,-10.3,-10.2,1	
-1.4,-1.3,-1.5,-1.4,7789	
-1.4,-1.3,-2.6,-2.5,14666	
-1.4,-1.3,-3.7,-3.6,12239	
-1.4,-1.3,-0.4,-0.3,6991	
-1.4,-1.3,-4.0,-3.9,10150	
-1.4,-1.3,-4.8,-4.7,6837	
-1.4,-1.3,-5.1,-5.0,7160	
-1.4,-1.3,-5.9,-5.8,8528	
-1.4,-1.3,-6.2,-6.1,8125	
-1.4,-1.3,-7.3,-7.2,3306	
-1.4,-1.3,-8.4,-8.3,402	
-1.4,-1.3,-9.5,-9.4,20	
-1.4,-1.3,0.1,0.2,7514	
-1.4,-1.3,1.0,1.1,6507	
-1.4,-1.3,10.0,10.1,5	
-1.4,-1.3,1.8,1.9,9443	
-1.4,-1.3,2.1,2.2,11626	
-1.4,-1.3,2.9,3.0,15669	
-1.4,-1.3,3.2,3.3,15453	
-1.4,-1.3,4.3,4.4,8323	
-1.4,-1.3,5.4,5.5,7938	
-1.4,-1.3,6.5,6.6,7296	
-1.4,-1.3,7.6,7.7,2048	
-1.4,-1.3,8.7,8.8,204	
-1.4,-1.3,0.9,1.0,6536	
-1.4,-1.3,9.0,9.1,85	
-1.4,-1.3,9.8,9.9,7	
-1.5,-1.4,-1.4,-1.3,7585	
-1.5,-1.4,-2.5,-2.4,14077	
-1.5,-1.4,-3.6,-3.5,13220	
-1.5,-1.4,-4.7,-4.6,6761	
-1.5,-1.4,-0.5,-0.4,8124	
-1.5,-1.4,-5.0,-4.9,6565	
-1.5,-1.4,-5.8,-5.7,7429	
-1.5,-1.4,-6.1,-6.0,7120	
-1.5,-1.4,-6.9,-6.8,4544	
-1.5,-1.4,-7.2,-7.1,3281	
-1.5,-1.4,-8.3,-8.2,443	
-1.5,-1.4,-9.4,-9.3,17	
-1.5,-1.4,0.0,0.1,17337	
-1.5,-1.4,1.1,1.2,6994	
-1.5,-1.4,1.9,2.0,10006	
-1.5,-1.4,2.2,2.3,12364	
-1.5,-1.4,3.3,3.4,14799	
-1.5,-1.4,4.4,4.5,7588	
-1.5,-1.4,5.5,5.6,7145	
-1.5,-1.4,6.6,6.7,5926	
-1.5,-1.4,7.7,7.8,1505	
-1.5,-1.4,0.8,0.9,7354	
-1.5,-1.4,8.0,8.1,818	
-1.5,-1.4,8.8,8.9,114	
-1.5,-1.4,9.1,9.2,48	
-1.5,-1.4,9.9,10.0,1	
-1.6,-1.5,-1.3,-1.2,7970	
-1.6,-1.5,-2.4,-2.3,13977	
-1.6,-1.5,-3.5,-3.4,13750	
-1.6,-1.5,-4.6,-4.5,6442	
-1.6,-1.5,-5.7,-5.6,6451	
-1.6,-1.5,-0.6,-0.5,8710	
-1.6,-1.5,-6.0,-5.9,6338	
-1.6,-1.5,-6.8,-6.7,4317	
-1.6,-1.5,-7.1,-7.0,3010	
-1.6,-1.5,-7.9,-7.8,896	
-1.6,-1.5,-8.2,-8.1,490	
-1.6,-1.5,-9.3,-9.2,37	
-1.6,-1.5,1.2,1.3,7872	
-1.6,-1.5,2.3,2.4,13408	
-1.6,-1.5,3.4,3.5,14389	
-1.6,-1.5,4.5,4.6,6934	
-1.6,-1.5,5.6,5.7,6356	
-1.6,-1.5,6.7,6.8,4702	
-1.6,-1.5,0.7,0.8,8536	
-1.6,-1.5,7.0,7.1,3540	
-1.6,-1.5,7.8,7.9,1146	
-1.6,-1.5,8.1,8.2,599	
-1.6,-1.5,8.9,9.0,70	
-1.6,-1.5,9.2,9.3,37	
-1.7,-1.6,-1.2,-1.1,8435	
-1.7,-1.6,-2.3,-2.2,13760	
-1.7,-1.6,-3.4,-3.3,14797	
-1.7,-1.6,-4.5,-4.4,6515	
-1.7,-1.6,-5.6,-5.5,5418	
-1.7,-1.6,-6.7,-6.6,3936	
-1.7,-1.6,-0.7,-0.6,9586	
-1.7,-1.6,-7.0,-6.9,3042	
-1.7,-1.6,-7.8,-7.7,928	
-1.7,-1.6,-8.1,-8.0,486	
-1.7,-1.6,-8.9,-8.8,80	
-1.7,-1.6,-9.2,-9.1,29	
-1.7,-1.6,10.5,10.6,1	
-1.7,-1.6,1.3,1.4,8443	
-1.7,-1.6,2.4,2.5,14422	
-1.7,-1.6,3.5,3.6,14046	
-1.7,-1.6,4.6,4.7,6211	
-1.7,-1.6,5.7,5.8,5382	
-1.7,-1.6,0.6,0.7,9726	
-1.7,-1.6,6.0,6.1,5181	
-1.7,-1.6,6.8,6.9,3581	
-1.7,-1.6,7.1,7.2,2659	
-1.7,-1.6,7.9,8.0,778	
-1.7,-1.6,8.2,8.3,383	
-1.7,-1.6,9.3,9.4,22	
-1.8,-1.7,-1.1,-1.0,9210	
-1.8,-1.7,-1.9,-1.8,11397	
-1.8,-1.7,-2.2,-2.1,13615	
-1.8,-1.7,-3.3,-3.2,15924	
-1.8,-1.7,-4.4,-4.3,7143	
-1.8,-1.7,-5.5,-5.4,4546	
-1.8,-1.7,-6.6,-6.5,3475	
-1.8,-1.7,-7.7,-7.6,945	
-1.8,-1.7,-0.8,-0.7,10123	
-1.8,-1.7,-8.0,-7.9,535	
-1.8,-1.7,-8.8,-8.7,62	
-1.8,-1.7,-9.1,-9.0,40	
-1.8,-1.7,-9.9,-9.8,3	
-1.8,-1.7,1.4,1.5,9353	
-1.8,-1.7,2.5,2.6,15319	
-1.8,-1.7,3.6,3.7,13964	
-1.8,-1.7,4.7,4.8,5609	
-1.8,-1.7,0.5,0.6,11308	
-1.8,-1.7,5.0,5.1,4787	
-1.8,-1.7,5.8,5.9,4534	
-1.8,-1.7,6.1,6.2,4405	
-1.8,-1.7,6.9,7.0,2763	
-1.8,-1.7,7.2,7.3,2020	
-1.8,-1.7,8.3,8.4,297	
-1.8,-1.7,9.4,9.5,9	
-1.9,-1.8,-0.1,0.0,14011	
-1.9,-1.8,-1.0,-0.9,10469	
-1.9,-1.8,-1.8,-1.7,11534	
-1.9,-1.8,-2.1,-2.0,13181	
-1.9,-1.8,-2.9,-2.8,17458	
-1.9,-1.8,-3.2,-3.1,16972	
-1.9,-1.8,-4.3,-4.2,7942	
-1.9,-1.8,-5.4,-5.3,3922	
-1.9,-1.8,-6.5,-6.4,3161	
-1.9,-1.8,-7.6,-7.5,910	
-1.9,-1.8,-8.7,-8.6,93	
-1.9,-1.8,-0.9,-0.8,10687	
-1.9,-1.8,-9.0,-8.9,38	
-1.9,-1.8,10.3,10.4,1	
-1.9,-1.8,1.5,1.6,10433	
-1.9,-1.8,2.6,2.7,16742	
-1.9,-1.8,3.7,3.8,13409	
-1.9,-1.8,0.4,0.5,13135	
-1.9,-1.8,4.0,4.1,10553	
-1.9,-1.8,4.8,4.9,5074	
-1.9,-1.8,5.1,5.2,4345	
-1.9,-1.8,5.9,6.0,3777	
-1.9,-1.8,6.2,6.3,3499	
-1.9,-1.8,7.3,7.4,1400	
-1.9,-1.8,8.4,8.5,147	
-1.9,-1.8,9.5,9.6,8	
-0.2,-0.1,-10.2,-10.1,5	
-0.2,-0.1,-1.6,-1.5,9728	
-0.2,-0.1,-2.7,-2.6,23206	
-0.2,-0.1,-0.3,-0.2,1458	
-0.2,-0.1,-3.0,-2.9,24209	
-0.2,-0.1,-3.8,-3.7,18757	
-0.2,-0.1,-4.1,-4.0,16514	
-0.2,-0.1,-4.9,-4.8,16986	
-0.2,-0.1,-5.2,-5.1,19185	
-0.2,-0.1,-6.3,-6.2,21844	
-0.2,-0.1,-7.4,-7.3,8045	
-0.2,-0.1,-8.5,-8.4,918	
-0.2,-0.1,-9.6,-9.5,28	
-0.2,-0.1,10.1,10.2,5	
-0.2,-0.1,10.9,11.0,1	
-0.2,-0.1,1.7,1.8,11049	
-0.2,-0.1,0.2,0.3,1259	
-0.2,-0.1,2.0,2.1,15379	
-0.2,-0.1,2.8,2.9,23651	
-0.2,-0.1,3.1,3.2,23922	
-0.2,-0.1,3.9,4.0,17743	
-0.2,-0.1,4.2,4.3,15802	
-0.2,-0.1,5.3,5.4,20194	
-0.2,-0.1,6.4,6.5,21101	
-0.2,-0.1,7.5,7.6,6833	
-0.2,-0.1,8.6,8.7,678	
-0.2,-0.1,9.7,9.8,21	
-2.0,-1.9,-1.2,-1.1,10695	
-2.0,-1.9,-2.3,-2.2,15679	
-2.0,-1.9,-3.4,-3.3,16408	
-2.0,-1.9,-4.5,-4.4,6620	
-2.0,-1.9,-5.6,-5.5,3247	
-2.0,-1.9,-6.7,-6.6,2300	
-2.0,-1.9,-0.7,-0.6,12907	
-2.0,-1.9,-7.0,-6.9,1642	
-2.0,-1.9,-7.8,-7.7,553	
-2.0,-1.9,-8.1,-8.0,281	
-2.0,-1.9,-8.9,-8.8,42	
-2.0,-1.9,-9.2,-9.1,10	
-2.0,-1.9,1.3,1.4,10886	
-2.0,-1.9,2.4,2.5,16290	
-2.0,-1.9,3.5,3.6,15709	
-2.0,-1.9,4.6,4.7,5837	
-2.0,-1.9,5.7,5.8,3310	
-2.0,-1.9,0.6,0.7,13487	
-2.0,-1.9,6.0,6.1,3031	
-2.0,-1.9,6.8,6.9,2058	
-2.0,-1.9,7.1,7.2,1538	
-2.0,-1.9,7.9,8.0,445	
-2.0,-1.9,8.2,8.3,205	
-2.0,-1.9,9.3,9.4,14	
-2.1,-2.0,-1.1,-1.0,11819	
-2.1,-2.0,-1.9,-1.8,13503	
-2.1,-2.0,-2.2,-2.1,15723	
-2.1,-2.0,-3.3,-3.2,17940	
-2.1,-2.0,-4.4,-4.3,7542	
-2.1,-2.0,-5.5,-5.4,2928	
-2.1,-2.0,-6.6,-6.5,1916	
-2.1,-2.0,-7.7,-7.6,538	
-2.1,-2.0,-0.8,-0.7,13561	
-2.1,-2.0,-8.0,-7.9,289	
-2.1,-2.0,-8.8,-8.7,29	
-2.1,-2.0,-9.1,-9.0,18	
-2.1,-2.0,-9.9,-9.8,3	
-2.1,-2.0,10.4,10.5,1	
-2.1,-2.0,1.4,1.5,11449	
-2.1,-2.0,2.5,2.6,17817	
-2.1,-2.0,3.6,3.7,15676	
-2.1,-2.0,4.7,4.8,5212	
-2.1,-2.0,0.5,0.6,15350	
-2.1,-2.0,5.0,5.1,3804	
-2.1,-2.0,5.8,5.9,2692	
-2.1,-2.0,6.1,6.2,2534	
-2.1,-2.0,6.9,7.0,1537	
-2.1,-2.0,7.2,7.3,1088	
-2.1,-2.0,8.3,8.4,157	
-2.1,-2.0,9.4,9.5,6	
-2.2,-2.1,-0.1,0.0,18364	
-2.2,-2.1,-1.0,-0.9,13373	
-2.2,-2.1,-1.8,-1.7,13367	
-2.2,-2.1,-2.1,-2.0,15549	
-2.2,-2.1,-2.9,-2.8,20493	
-2.2,-2.1,-3.2,-3.1,19491	
-2.2,-2.1,-4.3,-4.2,8431	
-2.2,-2.1,-5.4,-5.3,2603	
-2.2,-2.1,-6.5,-6.4,1691	
-2.2,-2.1,-7.6,-7.5,514	
-2.2,-2.1,-8.7,-8.6,38	
-2.2,-2.1,-0.9,-0.8,14011	
-2.2,-2.1,-9.0,-8.9,15	
-2.2,-2.1,1.5,1.6,12407	
-2.2,-2.1,2.6,2.7,19220	
-2.2,-2.1,3.7,3.8,15207	
-2.2,-2.1,0.4,0.5,17028	
-2.2,-2.1,4.0,4.1,11796	
-2.2,-2.1,4.8,4.9,4579	
-2.2,-2.1,5.1,5.2,3298	
-2.2,-2.1,5.9,6.0,2234	
-2.2,-2.1,6.2,6.3,1904	
-2.2,-2.1,7.3,7.4,754	
-2.2,-2.1,8.4,8.5,100	
-2.2,-2.1,9.5,9.6,3	
-2.3,-2.2,-1.7,-1.6,13894	
-2.3,-2.2,-0.2,-0.1,19387	
-2.3,-2.2,-2.0,-1.9,15663	
-2.3,-2.2,-2.8,-2.7,20833	
-2.3,-2.2,-3.1,-3.0,21002	
-2.3,-2.2,-3.9,-3.8,13422	
-2.3,-2.2,-4.2,-4.1,9794	
-2.3,-2.2,-5.3,-5.2,2487	
-2.3,-2.2,-6.4,-6.3,1405	
-2.3,-2.2,-7.5,-7.4,443	
-2.3,-2.2,-8.6,-8.5,51	
-2.3,-2.2,1.6,1.7,13391	
-2.3,-2.2,2.7,2.8,20678	
-2.3,-2.2,0.3,0.4,18781	
-2.3,-2.2,3.0,3.1,21205	
-2.3,-2.2,3.8,3.9,14601	
-2.3,-2.2,4.1,4.2,11236	
-2.3,-2.2,4.9,5.0,3940	
-2.3,-2.2,5.2,5.3,2765	
-2.3,-2.2,6.3,6.4,1548	
-2.3,-2.2,7.4,7.5,541	
-2.3,-2.2,8.5,8.6,62	
-2.3,-2.2,9.6,9.7,4	
-2.4,-2.3,-1.6,-1.5,13839	
-2.4,-2.3,-2.7,-2.6,21494	
-2.4,-2.3,-0.3,-0.2,20043	
-2.4,-2.3,-3.0,-2.9,22081	
-2.4,-2.3,-3.8,-3.7,15101	
-2.4,-2.3,-4.1,-4.0,11148	
-2.4,-2.3,-4.9,-4.8,3844	
-2.4,-2.3,-5.2,-5.1,2588	
-2.4,-2.3,-6.3,-6.2,1167	
-2.4,-2.3,-7.4,-7.3,418	
-2.4,-2.3,-8.5,-8.4,49	
-2.4,-2.3,-9.6,-9.5,2	
-2.4,-2.3,1.7,1.8,14280	
-2.4,-2.3,0.2,0.3,20741	
-2.4,-2.3,2.0,2.1,16495	
-2.4,-2.3,2.8,2.9,21888	
-2.4,-2.3,3.1,3.2,21578	
-2.4,-2.3,3.9,4.0,13987	
-2.4,-2.3,4.2,4.3,10146	
-2.4,-2.3,5.3,5.4,2328	
-2.4,-2.3,6.4,6.5,1172	
-2.4,-2.3,7.5,7.6,349	
-2.4,-2.3,8.6,8.7,38	
-2.4,-2.3,9.7,9.8,2	
-2.5,-2.4,-1.5,-1.4,14359	
-2.5,-2.4,-2.6,-2.5,21912	
-2.5,-2.4,-3.7,-3.6,17288	
-2.5,-2.4,-0.4,-0.3,20521	
-2.5,-2.4,-4.0,-3.9,13164	
-2.5,-2.4,-4.8,-4.7,4640	
-2.5,-2.4,-5.1,-5.0,2887	
-2.5,-2.4,-5.9,-5.8,1206	
-2.5,-2.4,-6.2,-6.1,1042	
-2.5,-2.4,-7.3,-7.2,339	
-2.5,-2.4,-8.4,-8.3,46	
-2.5,-2.4,-9.5,-9.4,4	
-2.5,-2.4,0.1,0.2,22092	
-2.5,-2.4,1.0,1.1,15912	
-2.5,-2.4,10.0,10.1,1	
-2.5,-2.4,1.8,1.9,15505	
-2.5,-2.4,2.1,2.2,17966	
-2.5,-2.4,2.9,3.0,22695	
-2.5,-2.4,3.2,3.3,21956	
-2.5,-2.4,4.3,4.4,9181	
-2.5,-2.4,5.4,5.5,1905	
-2.5,-2.4,6.5,6.6,844	
-2.5,-2.4,7.6,7.7,239	
-2.5,-2.4,8.7,8.8,18	
-2.5,-2.4,0.9,1.0,16454	
-2.5,-2.4,9.0,9.1,8	
-2.5,-2.4,9.8,9.9,2	
-2.6,-2.5,-1.4,-1.3,14729	
-2.6,-2.5,-2.5,-2.4,21876	
-2.6,-2.5,-3.6,-3.5,18963	
-2.6,-2.5,-4.7,-4.6,5281	
-2.6,-2.5,-0.5,-0.4,20263	
-2.6,-2.5,-5.0,-4.9,3357	
-2.6,-2.5,-5.8,-5.7,1160	
-2.6,-2.5,-6.1,-6.0,865	
-2.6,-2.5,-6.9,-6.8,475	
-2.6,-2.5,-7.2,-7.1,336	
-2.6,-2.5,-8.3,-8.2,51	
-2.6,-2.5,-9.4,-9.3,3	
-2.6,-2.5,0.0,0.1,45831	
-2.6,-2.5,1.1,1.2,15822	
-2.6,-2.5,1.9,2.0,16820	
-2.6,-2.5,2.2,2.3,19192	
-2.6,-2.5,3.3,3.4,21690	
-2.6,-2.5,4.4,4.5,8279	
-2.6,-2.5,5.5,5.6,1494	
-2.6,-2.5,6.6,6.7,588	
-2.6,-2.5,7.7,7.8,147	
-2.6,-2.5,0.8,0.9,17958	
-2.6,-2.5,8.0,8.1,86	
-2.6,-2.5,8.8,8.9,22	
-2.6,-2.5,9.1,9.2,4	
-2.7,-2.6,-1.3,-1.2,15260	
-2.7,-2.6,-2.4,-2.3,21706	
-2.7,-2.6,-3.5,-3.4,20482	
-2.7,-2.6,-4.6,-4.5,6242	
-2.7,-2.6,-5.7,-5.6,1035	
-2.7,-2.6,-0.6,-0.5,20469	
-2.7,-2.6,-6.0,-5.9,809	
-2.7,-2.6,-6.8,-6.7,390	
-2.7,-2.6,-7.1,-7.0,291	
-2.7,-2.6,-7.9,-7.8,81	
-2.7,-2.6,-8.2,-8.1,37	
-2.7,-2.6,-9.3,-9.2,3	
-2.7,-2.6,1.2,1.3,15726	
-2.7,-2.6,2.3,2.4,20816	
-2.7,-2.6,3.4,3.5,21373	
-2.7,-2.6,4.5,4.6,7199	
-2.7,-2.6,5.6,5.7,1242	
-2.7,-2.6,6.7,6.8,453	
-2.7,-2.6,0.7,0.8,19739	
-2.7,-2.6,7.0,7.1,320	
-2.7,-2.6,7.8,7.9,82	
-2.7,-2.6,8.1,8.2,51	
-2.7,-2.6,8.9,9.0,4	
-2.7,-2.6,9.2,9.3,4	
-2.8,-2.7,-1.2,-1.1,16053	
-2.8,-2.7,-2.3,-2.2,20820	
-2.8,-2.7,-3.4,-3.3,21630	
-2.8,-2.7,-4.5,-4.4,7454	
-2.8,-2.7,-5.6,-5.5,1144	
-2.8,-2.7,-6.7,-6.6,321	
-2.8,-2.7,-0.7,-0.6,19938	
-2.8,-2.7,-7.0,-6.9,248	
-2.8,-2.7,-7.8,-7.7,85	
-2.8,-2.7,-8.1,-8.0,26	
-2.8,-2.7,-8.9,-8.8,4	
-2.8,-2.7,-9.2,-9.1,4	
-2.8,-2.7,1.3,1.4,15572	
-2.8,-2.7,2.4,2.5,21779	
-2.8,-2.7,3.5,3.6,20730	
-2.8,-2.7,4.6,4.7,6338	
-2.8,-2.7,5.7,5.8,932	
-2.8,-2.7,0.6,0.7,20655	
-2.8,-2.7,6.0,6.1,643	
-2.8,-2.7,6.8,6.9,272	
-2.8,-2.7,7.1,7.2,236	
-2.8,-2.7,7.9,8.0,57	
-2.8,-2.7,8.2,8.3,34	
-2.8,-2.7,9.3,9.4,4	
-2.9,-2.8,-1.1,-1.0,16776	
-2.9,-2.8,-1.9,-1.8,17581	
-2.9,-2.8,-2.2,-2.1,19987	
-2.9,-2.8,-3.3,-3.2,22860	
-2.9,-2.8,-4.4,-4.3,8563	
-2.9,-2.8,-5.5,-5.4,1183	
-2.9,-2.8,-6.6,-6.5,287	
-2.9,-2.8,-7.7,-7.6,69	
-2.9,-2.8,-0.8,-0.7,19116	
-2.9,-2.8,-8.0,-7.9,44	
-2.9,-2.8,-8.8,-8.7,4	
-2.9,-2.8,1.4,1.5,15657	
-2.9,-2.8,2.5,2.6,23058	
-2.9,-2.8,3.6,3.7,19692	
-2.9,-2.8,4.7,4.8,5368	
-2.9,-2.8,0.5,0.6,22033	
-2.9,-2.8,5.0,5.1,3212	
-2.9,-2.8,5.8,5.9,714	
-2.9,-2.8,6.1,6.2,458	
-2.9,-2.8,6.9,7.0,222	
-2.9,-2.8,7.2,7.3,144	
-2.9,-2.8,8.3,8.4,17	
-2.9,-2.8,9.4,9.5,1	
-0.3,-0.2,-1.5,-1.4,8433	
-0.3,-0.2,-2.6,-2.5,21951	
-0.3,-0.2,-3.7,-3.6,19265	
-0.3,-0.2,-0.4,-0.3,1686	
-0.3,-0.2,-4.0,-3.9,16927	
-0.3,-0.2,-4.8,-4.7,15798	
-0.3,-0.2,-5.1,-5.0,17900	
-0.3,-0.2,-5.9,-5.8,22384	
-0.3,-0.2,-6.2,-6.1,21864	
-0.3,-0.2,-7.3,-7.2,9077	
-0.3,-0.2,-8.4,-8.3,1101	
-0.3,-0.2,-9.5,-9.4,38	
-0.3,-0.2,0.1,0.2,1257	
-0.3,-0.2,1.0,1.1,4060	
-0.3,-0.2,10.0,10.1,6	
-0.3,-0.2,1.8,1.9,12160	
-0.3,-0.2,2.1,2.2,16545	
-0.3,-0.2,2.9,3.0,23385	
-0.3,-0.2,3.2,3.3,22840	
-0.3,-0.2,4.3,4.4,15113	
-0.3,-0.2,5.4,5.5,20391	
-0.3,-0.2,6.5,6.6,19465	
-0.3,-0.2,7.6,7.7,5938	
-0.3,-0.2,8.7,8.8,517	
-0.3,-0.2,0.9,1.0,3308	
-0.3,-0.2,9.0,9.1,225	
-0.3,-0.2,9.8,9.9,24	
-3.0,-2.9,-1.3,-1.2,16108	
-3.0,-2.9,-2.4,-2.3,21969	
-3.0,-2.9,-3.5,-3.4,20693	
-3.0,-2.9,-4.6,-4.5,6246	
-3.0,-2.9,-5.7,-5.6,779	
-3.0,-2.9,-0.6,-0.5,21063	
-3.0,-2.9,-6.0,-5.9,454	
-3.0,-2.9,-6.8,-6.7,172	
-3.0,-2.9,-7.1,-7.0,127	
-3.0,-2.9,-7.9,-7.8,38	
-3.0,-2.9,-8.2,-8.1,12	
-3.0,-2.9,-9.3,-9.2,1	
-3.0,-2.9,1.2,1.3,16333	
-3.0,-2.9,2.3,2.4,20921	
-3.0,-2.9,3.4,3.5,21821	
-3.0,-2.9,4.5,4.6,7239	
-3.0,-2.9,5.6,5.7,926	
-3.0,-2.9,6.7,6.8,198	
-3.0,-2.9,0.7,0.8,20276	
-3.0,-2.9,7.0,7.1,143	
-3.0,-2.9,7.8,7.9,40	
-3.0,-2.9,8.1,8.2,17	
-3.0,-2.9,8.9,9.0,3	
-3.0,-2.9,9.2,9.3,1	
-3.1,-3.0,-1.2,-1.1,16201	
-3.1,-3.0,-2.3,-2.2,20695	
-3.1,-3.0,-3.4,-3.3,21515	
-3.1,-3.0,-4.5,-4.4,7282	
-3.1,-3.0,-5.6,-5.5,860	
-3.1,-3.0,-6.7,-6.6,151	
-3.1,-3.0,-0.7,-0.6,19995	
-3.1,-3.0,-7.0,-6.9,101	
-3.1,-3.0,-7.8,-7.7,30	
-3.1,-3.0,-8.1,-8.0,19	
-3.1,-3.0,-8.9,-8.8,1	
-3.1,-3.0,-9.2,-9.1,1	
-3.1,-3.0,1.3,1.4,15787	
-3.1,-3.0,2.4,2.5,21715	
-3.1,-3.0,3.5,3.6,20477	
-3.1,-3.0,4.6,4.7,6040	
-3.1,-3.0,5.7,5.8,722	
-3.1,-3.0,0.6,0.7,20806	
-3.1,-3.0,6.0,6.1,414	
-3.1,-3.0,6.8,6.9,121	
-3.1,-3.0,7.1,7.2,91	
-3.1,-3.0,7.9,8.0,26	
-3.1,-3.0,8.2,8.3,10	
-3.1,-3.0,9.3,9.4,2	
-3.2,-3.1,-1.1,-1.0,16435	
-3.2,-3.1,-1.9,-1.8,16849	
-3.2,-3.1,-2.2,-2.1,19657	
-3.2,-3.1,-3.3,-3.2,22013	
-3.2,-3.1,-4.4,-4.3,8179	
-3.2,-3.1,-5.5,-5.4,988	
-3.2,-3.1,-6.6,-6.5,130	
-3.2,-3.1,-7.7,-7.6,28	
-3.2,-3.1,-0.8,-0.7,18888	
-3.2,-3.1,-8.0,-7.9,12	
-3.2,-3.1,-8.8,-8.7,4	
-3.2,-3.1,1.4,1.5,15253	
-3.2,-3.1,2.5,2.6,22147	
-3.2,-3.1,3.6,3.7,18879	
-3.2,-3.1,4.7,4.8,5158	
-3.2,-3.1,0.5,0.6,21638	
-3.2,-3.1,5.0,5.1,2934	
-3.2,-3.1,5.8,5.9,543	
-3.2,-3.1,6.1,6.2,269	
-3.2,-3.1,6.9,7.0,87	
-3.2,-3.1,7.2,7.3,57	
-3.2,-3.1,8.3,8.4,6	
-3.2,-3.1,9.4,9.5,1	
-3.3,-3.2,-0.1,0.0,23524	
-3.3,-3.2,-1.0,-0.9,16757	
-3.3,-3.2,-1.8,-1.7,15941	
-3.3,-3.2,-2.1,-2.0,17945	
-3.3,-3.2,-2.9,-2.8,22706	
-3.3,-3.2,-3.2,-3.1,21805	
-3.3,-3.2,-4.3,-4.2,9061	
-3.3,-3.2,-5.4,-5.3,1209	
-3.3,-3.2,-6.5,-6.4,126	
-3.3,-3.2,-7.6,-7.5,28	
-3.3,-3.2,-8.7,-8.6,1	
-3.3,-3.2,-0.9,-0.8,17521	
-3.3,-3.2,1.5,1.6,14870	
-3.3,-3.2,2.6,2.7,21808	
-3.3,-3.2,3.7,3.8,16838	
-3.3,-3.2,0.4,0.5,21766	
-3.3,-3.2,4.0,4.1,12852	
-3.3,-3.2,4.8,4.9,4056	
-3.3,-3.2,5.1,5.2,2258	
-3.3,-3.2,5.9,6.0,390	
-3.3,-3.2,6.2,6.3,190	
-3.3,-3.2,7.3,7.4,36	
-3.3,-3.2,8.4,8.5,7	
-3.4,-3.3,-1.7,-1.6,14699	
-3.4,-3.3,-0.2,-0.1,22344	
-3.4,-3.3,-2.0,-1.9,16526	
-3.4,-3.3,-2.8,-2.7,21757	
-3.4,-3.3,-3.1,-3.0,21909	
-3.4,-3.3,-3.9,-3.8,13867	
-3.4,-3.3,-4.2,-4.1,9975	
-3.4,-3.3,-5.3,-5.2,1434	
-3.4,-3.3,-6.4,-6.3,122	
-3.4,-3.3,-7.5,-7.4,20	
-3.4,-3.3,-8.6,-8.5,2	
-3.4,-3.3,1.6,1.7,14515	
-3.4,-3.3,2.7,2.8,21394	
-3.4,-3.3,0.3,0.4,21615	
-3.4,-3.3,3.0,3.1,21931	
-3.4,-3.3,3.8,3.9,15114	
-3.4,-3.3,4.1,4.2,11200	
-3.4,-3.3,4.9,5.0,3244	
-3.4,-3.3,5.2,5.3,1773	
-3.4,-3.3,6.3,6.4,134	
-3.4,-3.3,7.4,7.5,32	
-3.4,-3.3,8.5,8.6,2	
-3.5,-3.4,-1.6,-1.5,13818	
-3.5,-3.4,-2.7,-2.6,20381	
-3.5,-3.4,-0.3,-0.2,21180	
-3.5,-3.4,-3.0,-2.9,20560	
-3.5,-3.4,-3.8,-3.7,14454	
-3.5,-3.4,-4.1,-4.0,10668	
-3.5,-3.4,-4.9,-4.8,3141	
-3.5,-3.4,-5.2,-5.1,1749	
-3.5,-3.4,-6.3,-6.2,109	
-3.5,-3.4,-7.4,-7.3,20	
-3.5,-3.4,1.7,1.8,14002	
-3.5,-3.4,0.2,0.3,21743	
-3.5,-3.4,2.0,2.1,15598	
-3.5,-3.4,2.8,2.9,20458	
-3.5,-3.4,3.1,3.2,20639	
-3.5,-3.4,3.9,4.0,13242	
-3.5,-3.4,4.2,4.3,9391	
-3.5,-3.4,5.3,5.4,1319	
-3.5,-3.4,6.4,6.5,99	
-3.5,-3.4,7.5,7.6,12	
-3.6,-3.5,-1.5,-1.4,12903	
-3.6,-3.5,-2.6,-2.5,18712	
-3.6,-3.5,-3.7,-3.6,14528	
-3.6,-3.5,-0.4,-0.3,19393	
-3.6,-3.5,-4.0,-3.9,11256	
-3.6,-3.5,-4.8,-4.7,3472	
-3.6,-3.5,-5.1,-5.0,1921	
-3.6,-3.5,-5.9,-5.8,281	
-3.6,-3.5,-6.2,-6.1,128	
-3.6,-3.5,-7.3,-7.2,13	
-3.6,-3.5,-8.4,-8.3,2	
-3.6,-3.5,0.1,0.2,21154	
-3.6,-3.5,1.0,1.1,15172	
-3.6,-3.5,1.8,1.9,13669	
-3.6,-3.5,2.1,2.2,15527	
-3.6,-3.5,2.9,3.0,19547	
-3.6,-3.5,3.2,3.3,18874	
-3.6,-3.5,4.3,4.4,7783	
-3.6,-3.5,5.4,5.5,1016	
-3.6,-3.5,6.5,6.6,69	
-3.6,-3.5,7.6,7.7,8	
-3.6,-3.5,8.7,8.8,1	
-3.6,-3.5,0.9,1.0,15689	
-3.6,-3.5,9.0,9.1,1	
-3.7,-3.6,-1.4,-1.3,12124	
-3.7,-3.6,-2.5,-2.4,16992	
-3.7,-3.6,-3.6,-3.5,14586	
-3.7,-3.6,-4.7,-4.6,3992	
-3.7,-3.6,-0.5,-0.4,18174	
-3.7,-3.6,-5.0,-4.9,2240	
-3.7,-3.6,-5.8,-5.7,317	
-3.7,-3.6,-6.1,-6.0,147	
-3.7,-3.6,-6.9,-6.8,14	
-3.7,-3.6,-7.2,-7.1,11	
-3.7,-3.6,-8.3,-8.2,1	
-3.7,-3.6,0.0,0.1,40830	
-3.7,-3.6,1.1,1.2,13588	
-3.7,-3.6,1.9,2.0,13389	
-3.7,-3.6,2.2,2.3,15252	
-3.7,-3.6,3.3,3.4,16841	
-3.7,-3.6,4.4,4.5,6282	
-3.7,-3.6,5.5,5.6,757	
-3.7,-3.6,6.6,6.7,28	
-3.7,-3.6,7.7,7.8,9	
-3.7,-3.6,0.8,0.9,15641	
-3.7,-3.6,8.0,8.1,1	
-3.7,-3.6,9.9,10.0,1	
-3.8,-3.7,-1.3,-1.2,11733	
-3.8,-3.7,-2.4,-2.3,15308	
-3.8,-3.7,-3.5,-3.4,14190	
-3.8,-3.7,-4.6,-4.5,4310	
-3.8,-3.7,-5.7,-5.6,427	
-3.8,-3.7,-0.6,-0.5,16415	
-3.8,-3.7,-6.0,-5.9,153	
-3.8,-3.7,-6.8,-6.7,22	
-3.8,-3.7,-7.1,-7.0,16	
-3.8,-3.7,-7.9,-7.8,3	
-3.8,-3.7,-8.2,-8.1,1	
-3.8,-3.7,1.2,1.3,12274	
-3.8,-3.7,2.3,2.4,14520	
-3.8,-3.7,3.4,3.5,15191	
-3.8,-3.7,4.5,4.6,4958	
-3.8,-3.7,5.6,5.7,508	
-3.8,-3.7,6.7,6.8,24	
-3.8,-3.7,0.7,0.8,15813	
-3.8,-3.7,7.0,7.1,13	
-3.8,-3.7,7.8,7.9,2	
-3.8,-3.7,8.9,9.0,3	
-3.9,-3.8,-1.2,-1.1,11737	
-3.9,-3.8,-2.3,-2.2,13201	
-3.9,-3.8,-3.4,-3.3,13648	
-3.9,-3.8,-4.5,-4.4,4523	
-3.9,-3.8,-5.6,-5.5,502	
-3.9,-3.8,-6.7,-6.6,31	
-3.9,-3.8,-0.7,-0.6,14768	
-3.9,-3.8,-7.0,-6.9,7	
-3.9,-3.8,-8.1,-8.0,1	
-3.9,-3.8,1.3,1.4,11250	
-3.9,-3.8,2.4,2.5,13861	
-3.9,-3.8,3.5,3.6,13131	
-3.9,-3.8,4.6,4.7,3975	
-3.9,-3.8,5.7,5.8,377	
-3.9,-3.8,0.6,0.7,15588	
-3.9,-3.8,6.0,6.1,146	
-3.9,-3.8,6.8,6.9,14	
-3.9,-3.8,7.1,7.2,12	
-3.9,-3.8,8.2,8.3,2	
-0.4,-0.3,-1.4,-1.3,7306	
-0.4,-0.3,-2.5,-2.4,20119	
-0.4,-0.3,-3.6,-3.5,19584	
-0.4,-0.3,-4.7,-4.6,14849	
-0.4,-0.3,-0.5,-0.4,2008	
-0.4,-0.3,-5.0,-4.9,16468	
-0.4,-0.3,-5.8,-5.7,21813	
-0.4,-0.3,-6.1,-6.0,21638	
-0.4,-0.3,-6.9,-6.8,13712	
-0.4,-0.3,-7.2,-7.1,9658	
-0.4,-0.3,-8.3,-8.2,1333	
-0.4,-0.3,-9.4,-9.3,61	
-0.4,-0.3,0.0,0.1,3031	
-0.4,-0.3,1.1,1.2,4523	
-0.4,-0.3,11.0,11.1,1	
-0.4,-0.3,1.9,2.0,13240	
-0.4,-0.3,2.2,2.3,17002	
-0.4,-0.3,3.3,3.4,21971	
-0.4,-0.3,4.4,4.5,14393	
-0.4,-0.3,5.5,5.6,20558	
-0.4,-0.3,6.6,6.7,17466	
-0.4,-0.3,7.7,7.8,4711	
-0.4,-0.3,0.8,0.9,2941	
-0.4,-0.3,8.0,8.1,2554	
-0.4,-0.3,8.8,8.9,400	
-0.4,-0.3,9.1,9.2,141	
-0.4,-0.3,9.9,10.0,7	
-4.0,-3.9,-1.4,-1.3,10322	
-4.0,-3.9,-2.5,-2.4,13074	
-4.0,-3.9,-3.6,-3.5,11111	
-4.0,-3.9,-4.7,-4.6,3006	
-4.0,-3.9,-0.5,-0.4,15602	
-4.0,-3.9,-5.0,-4.9,1704	
-4.0,-3.9,-5.8,-5.7,280	
-4.0,-3.9,-6.1,-6.0,119	
-4.0,-3.9,-6.9,-6.8,14	
-4.0,-3.9,-7.2,-7.1,3	
-4.0,-3.9,0.0,0.1,35146	
-4.0,-3.9,1.1,1.2,11578	
-4.0,-3.9,1.9,2.0,10559	
-4.0,-3.9,2.2,2.3,11908	
-4.0,-3.9,3.3,3.4,12883	
-4.0,-3.9,4.4,4.5,4828	
-4.0,-3.9,5.5,5.6,564	
-4.0,-3.9,6.6,6.7,19	
-4.0,-3.9,7.7,7.8,1	
-4.0,-3.9,0.8,0.9,13470	
-4.0,-3.9,8.0,8.1,1	
-4.1,-4.0,-1.3,-1.2,9939	
-4.1,-4.0,-2.4,-2.3,11273	
-4.1,-4.0,-3.5,-3.4,10632	
-4.1,-4.0,-4.6,-4.5,3153	
-4.1,-4.0,-5.7,-5.6,286	
-4.1,-4.0,-0.6,-0.5,14175	
-4.1,-4.0,-6.0,-5.9,113	
-4.1,-4.0,-6.8,-6.7,11	
-4.1,-4.0,-7.1,-7.0,2	
-4.1,-4.0,-8.2,-8.1,1	
-4.1,-4.0,1.2,1.3,10245	
-4.1,-4.0,2.3,2.4,11082	
-4.1,-4.0,3.4,3.5,11002	
-4.1,-4.0,4.5,4.6,3714	
-4.1,-4.0,5.6,5.7,361	
-4.1,-4.0,6.7,6.8,12	
-4.1,-4.0,0.7,0.8,13571	
-4.1,-4.0,7.0,7.1,5	
-4.2,-4.1,-1.2,-1.1,9815	
-4.2,-4.1,-2.3,-2.2,9967	
-4.2,-4.1,-3.4,-3.3,9704	
-4.2,-4.1,-4.5,-4.4,3313	
-4.2,-4.1,-5.6,-5.5,355	
-4.2,-4.1,-6.7,-6.6,15	
-4.2,-4.1,-0.7,-0.6,13028	
-4.2,-4.1,-7.0,-6.9,4	
-4.2,-4.1,-8.1,-8.0,2	
-4.2,-4.1,1.3,1.4,9341	
-4.2,-4.1,2.4,2.5,10243	
-4.2,-4.1,3.5,3.6,9397	
-4.2,-4.1,4.6,4.7,2799	
-4.2,-4.1,5.7,5.8,256	
-4.2,-4.1,0.6,0.7,13587	
-4.2,-4.1,6.0,6.1,119	
-4.2,-4.1,6.8,6.9,6	
-4.2,-4.1,7.1,7.2,2	
-4.2,-4.1,8.2,8.3,1	
-4.3,-4.2,-1.1,-1.0,9717	
-4.3,-4.2,-1.9,-1.8,7899	
-4.3,-4.2,-2.2,-2.1,8552	
-4.3,-4.2,-3.3,-3.2,9074	
-4.3,-4.2,-4.4,-4.3,3387	
-4.3,-4.2,-5.5,-5.4,385	
-4.3,-4.2,-6.6,-6.5,18	
-4.3,-4.2,-7.7,-7.6,2	
-4.3,-4.2,-0.8,-0.7,12016	
-4.3,-4.2,1.4,1.5,8480	
-4.3,-4.2,2.5,2.6,9478	
-4.3,-4.2,3.6,3.7,7865	
-4.3,-4.2,4.7,4.8,2029	
-4.3,-4.2,0.5,0.6,13918	
-4.3,-4.2,5.0,5.1,1096	
-4.3,-4.2,5.8,5.9,148	
-4.3,-4.2,6.1,6.2,79	
-4.3,-4.2,6.9,7.0,4	
-4.3,-4.2,7.2,7.3,4	
-4.3,-4.2,8.3,8.4,1	
-4.4,-4.3,-0.1,0.0,15657	
-4.4,-4.3,-1.0,-0.9,10339	
-4.4,-4.3,-1.8,-1.7,7102	
-4.4,-4.3,-2.1,-2.0,7306	
-4.4,-4.3,-2.9,-2.8,8494	
-4.4,-4.3,-3.2,-3.1,8139	
-4.4,-4.3,-4.3,-4.2,3395	
-4.4,-4.3,-5.4,-5.3,396	
-4.4,-4.3,-6.5,-6.4,23	
-4.4,-4.3,-7.6,-7.5,1	
-4.4,-4.3,-0.9,-0.8,10917	
-4.4,-4.3,1.5,1.6,7618	
-4.4,-4.3,2.6,2.7,8325	
-4.4,-4.3,3.7,3.8,6298	
-4.4,-4.3,0.4,0.5,14422	
-4.4,-4.3,4.0,4.1,4863	
-4.4,-4.3,4.8,4.9,1462	
-4.4,-4.3,5.1,5.2,790	
-4.4,-4.3,5.9,6.0,109	
-4.4,-4.3,6.2,6.3,34	
-4.4,-4.3,7.3,7.4,2	
-4.5,-4.4,-1.7,-1.6,6718	
-4.5,-4.4,-0.2,-0.1,15271	
-4.5,-4.4,-2.0,-1.9,6545	
-4.5,-4.4,-2.8,-2.7,7470	
-4.5,-4.4,-3.1,-3.0,7265	
-4.5,-4.4,-3.9,-3.8,4558	
-4.5,-4.4,-4.2,-4.1,3370	
-4.5,-4.4,-5.3,-5.2,485	
-4.5,-4.4,-6.4,-6.3,23	
-4.5,-4.4,-7.5,-7.4,1	
-4.5,-4.4,1.6,1.7,6981	
-4.5,-4.4,2.7,2.8,7387	
-4.5,-4.4,0.3,0.4,14811	
-4.5,-4.4,3.0,3.1,7228	
-4.5,-4.4,3.8,3.9,5143	
-4.5,-4.4,4.1,4.2,3623	
-4.5,-4.4,4.9,5.0,1071	
-4.5,-4.4,5.2,5.3,580	
-4.5,-4.4,6.3,6.4,26	
-4.6,-4.5,-1.6,-1.5,6443	
-4.6,-4.5,-2.7,-2.6,6276	
-4.6,-4.5,-0.3,-0.2,15043	
-4.6,-4.5,-3.0,-2.9,6366	
-4.6,-4.5,-3.8,-3.7,4321	
-4.6,-4.5,-4.1,-4.0,3064	
-4.6,-4.5,-4.9,-4.8,943	
-4.6,-4.5,-5.2,-5.1,462	
-4.6,-4.5,-6.3,-6.2,24	
-4.6,-4.5,1.7,1.8,6171	
-4.6,-4.5,0.2,0.3,15128	
-4.6,-4.5,2.0,2.1,5770	
-4.6,-4.5,2.8,2.9,6359	
-4.6,-4.5,3.1,3.2,6260	
-4.6,-4.5,3.9,4.0,3921	
-4.6,-4.5,4.2,4.3,2745	
-4.6,-4.5,5.3,5.4,369	
-4.6,-4.5,6.4,6.5,15	
-4.6,-4.5,7.5,7.6,1	
-4.7,-4.6,-1.5,-1.4,6457	
-4.7,-4.6,-2.6,-2.5,5411	
-4.7,-4.6,-3.7,-3.6,3984	
-4.7,-4.6,-0.4,-0.3,14604	
-4.7,-4.6,-4.0,-3.9,2962	
-4.7,-4.6,-4.8,-4.7,953	
-4.7,-4.6,-5.1,-5.0,497	
-4.7,-4.6,-5.9,-5.8,64	
-4.7,-4.6,-6.2,-6.1,25	
-4.7,-4.6,0.1,0.2,16037	
-4.7,-4.6,1.0,1.1,10074	
-4.7,-4.6,1.8,1.9,5489	
-4.7,-4.6,2.1,2.2,5135	
-4.7,-4.6,2.9,3.0,5391	
-4.7,-4.6,3.2,3.3,5053	
-4.7,-4.6,4.3,4.4,2086	
-4.7,-4.6,5.4,5.5,242	
-4.7,-4.6,6.5,6.6,8	
-4.7,-4.6,0.9,1.0,10999	
-4.8,-4.7,-1.4,-1.3,7067	
-4.8,-4.7,-2.5,-2.4,4561	
-4.8,-4.7,-3.6,-3.5,3548	
-4.8,-4.7,-4.7,-4.6,945	
-4.8,-4.7,-0.5,-0.4,14598	
-4.8,-4.7,-5.0,-4.9,515	
-4.8,-4.7,-5.8,-5.7,74	
-4.8,-4.7,-6.1,-6.0,24	
-4.8,-4.7,-6.9,-6.8,3	
-4.8,-4.7,0.0,0.1,33666	
-4.8,-4.7,1.1,1.2,9428	
-4.8,-4.7,1.9,2.0,5035	
-4.8,-4.7,2.2,2.3,4516	
-4.8,-4.7,3.3,3.4,4196	
-4.8,-4.7,4.4,4.5,1546	
-4.8,-4.7,5.5,5.6,166	
-4.8,-4.7,6.6,6.7,3	
-4.8,-4.7,7.7,7.8,1	
-4.8,-4.7,0.8,0.9,11945	
-4.9,-4.8,-1.3,-1.2,7821	
-4.9,-4.8,-2.4,-2.3,3887	
-4.9,-4.8,-3.5,-3.4,3103	
-4.9,-4.8,-4.6,-4.5,927	
-4.9,-4.8,-5.7,-5.6,83	
-4.9,-4.8,-0.6,-0.5,14097	
-4.9,-4.8,-6.0,-5.9,34	
-4.9,-4.8,-6.8,-6.7,3	
-4.9,-4.8,-7.1,-7.0,1	
-4.9,-4.8,1.2,1.3,8826	
-4.9,-4.8,2.3,2.4,3911	
-4.9,-4.8,3.4,3.5,3259	
-4.9,-4.8,4.5,4.6,1089	
-4.9,-4.8,5.6,5.7,109	
-4.9,-4.8,6.7,6.8,4	
-4.9,-4.8,0.7,0.8,13478	
-4.9,-4.8,7.0,7.1,1	
-4.9,-4.8,8.1,8.2,1	
-0.5,-0.4,-1.3,-1.2,5985	
-0.5,-0.4,-2.4,-2.3,18811	
-0.5,-0.4,-3.5,-3.4,19522	
-0.5,-0.4,-4.6,-4.5,13785	
-0.5,-0.4,-5.7,-5.6,20527	
-0.5,-0.4,-0.6,-0.5,2366	
-0.5,-0.4,-6.0,-5.9,20830	
-0.5,-0.4,-6.8,-6.7,14393	
-0.5,-0.4,-7.1,-7.0,10580	
-0.5,-0.4,-7.9,-7.8,3102	
-0.5,-0.4,-8.2,-8.1,1726	
-0.5,-0.4,-9.3,-9.2,73	
-0.5,-0.4,10.6,10.7,2	
-0.5,-0.4,1.2,1.3,5259	
-0.5,-0.4,2.3,2.4,17821	
-0.5,-0.4,3.4,3.5,20205	
-0.5,-0.4,4.5,4.6,13857	
-0.5,-0.4,5.6,5.7,20023	
-0.5,-0.4,6.7,6.8,15523	
-0.5,-0.4,0.7,0.8,2687	
-0.5,-0.4,7.0,7.1,11618	
-0.5,-0.4,7.8,7.9,3645	
-0.5,-0.4,8.1,8.2,2015	
-0.5,-0.4,8.9,9.0,250	
-0.5,-0.4,9.2,9.3,91	
-5.0,-4.9,-1.5,-1.4,6533	
-5.0,-4.9,-2.6,-2.5,3402	
-5.0,-4.9,-3.7,-3.6,2145	
-5.0,-4.9,-0.4,-0.3,16472	
-5.0,-4.9,-4.0,-3.9,1624	
-5.0,-4.9,-4.8,-4.7,514	
-5.0,-4.9,-5.1,-5.0,292	
-5.0,-4.9,-5.9,-5.8,44	
-5.0,-4.9,-6.2,-6.1,16	
-5.0,-4.9,-7.3,-7.2,1	
-5.0,-4.9,0.1,0.2,18036	
-5.0,-4.9,1.0,1.1,10950	
-5.0,-4.9,1.8,1.9,4708	
-5.0,-4.9,2.1,2.2,3769	
-5.0,-4.9,2.9,3.0,3221	
-5.0,-4.9,3.2,3.3,2995	
-5.0,-4.9,4.3,4.4,1208	
-5.0,-4.9,5.4,5.5,128	
-5.0,-4.9,6.5,6.6,5	
-5.0,-4.9,0.9,1.0,12130	
-5.1,-5.0,-1.4,-1.3,7308	
-5.1,-5.0,-2.5,-2.4,2858	
-5.1,-5.0,-3.6,-3.5,1901	
-5.1,-5.0,-4.7,-4.6,539	
-5.1,-5.0,-0.5,-0.4,16443	
-5.1,-5.0,-5.0,-4.9,282	
-5.1,-5.0,-5.8,-5.7,32	
-5.1,-5.0,-6.1,-6.0,17	
-5.1,-5.0,0.0,0.1,37667	
-5.1,-5.0,1.1,1.2,10277	
-5.1,-5.0,1.9,2.0,4141	
-5.1,-5.0,2.2,2.3,3422	
-5.1,-5.0,3.3,3.4,2325	
-5.1,-5.0,4.4,4.5,839	
-5.1,-5.0,5.5,5.6,85	
-5.1,-5.0,6.6,6.7,5	
-5.1,-5.0,0.8,0.9,13367	
-5.2,-5.1,-1.3,-1.2,8467	
-5.2,-5.1,-2.4,-2.3,2618	
-5.2,-5.1,-3.5,-3.4,1707	
-5.2,-5.1,-4.6,-4.5,490	
-5.2,-5.1,-5.7,-5.6,50	
-5.2,-5.1,-0.6,-0.5,16159	
-5.2,-5.1,-6.0,-5.9,14	
-5.2,-5.1,-6.8,-6.7,1	
-5.2,-5.1,1.2,1.3,9633	
-5.2,-5.1,2.3,2.4,2700	
-5.2,-5.1,3.4,3.5,1778	
-5.2,-5.1,4.5,4.6,575	
-5.2,-5.1,5.6,5.7,47	
-5.2,-5.1,6.7,6.8,2	
-5.2,-5.1,0.7,0.8,15173	
-5.2,-5.1,7.0,7.1,1	
-5.3,-5.2,-1.2,-1.1,9698	
-5.3,-5.2,-2.3,-2.2,2613	
-5.3,-5.2,-3.4,-3.3,1387	
-5.3,-5.2,-4.5,-4.4,501	
-5.3,-5.2,-5.6,-5.5,38	
-5.3,-5.2,-6.7,-6.6,4	
-5.3,-5.2,-0.7,-0.6,15816	
-5.3,-5.2,-7.0,-6.9,1	
-5.3,-5.2,1.3,1.4,8884	
-5.3,-5.2,2.4,2.5,2366	
-5.3,-5.2,3.5,3.6,1339	
-5.3,-5.2,4.6,4.7,377	
-5.3,-5.2,5.7,5.8,31	
-5.3,-5.2,0.6,0.7,17046	
-5.3,-5.2,6.0,6.1,13	
-5.4,-5.3,-1.1,-1.0,11447	
-5.4,-5.3,-1.9,-1.8,3896	
-5.4,-5.3,-2.2,-2.1,2590	
-5.4,-5.3,-3.3,-3.2,1237	
-5.4,-5.3,-4.4,-4.3,416	
-5.4,-5.3,-5.5,-5.4,44	
-5.4,-5.3,-6.6,-6.5,3	
-5.4,-5.3,-0.8,-0.7,15342	
-5.4,-5.3,1.4,1.5,7916	
-5.4,-5.3,2.5,2.6,1853	
-5.4,-5.3,3.6,3.7,1023	
-5.4,-5.3,4.7,4.8,265	
-5.4,-5.3,0.5,0.6,18762	
-5.4,-5.3,5.0,5.1,135	
-5.4,-5.3,5.8,5.9,23	
-5.4,-5.3,6.1,6.2,7	
-5.4,-5.3,7.2,7.3,1	
-5.5,-5.4,-0.1,0.0,22379	
-5.5,-5.4,-1.0,-0.9,13337	
-5.5,-5.4,-1.8,-1.7,4597	
-5.5,-5.4,-2.1,-2.0,2971	
-5.5,-5.4,-2.9,-2.8,1186	
-5.5,-5.4,-3.2,-3.1,1098	
-5.5,-5.4,-4.3,-4.2,339	
-5.5,-5.4,-5.4,-5.3,34	
-5.5,-5.4,-6.5,-6.4,1	
-5.5,-5.4,-0.9,-0.8,14503	
-5.5,-5.4,1.5,1.6,7092	
-5.5,-5.4,2.6,2.7,1546	
-5.5,-5.4,3.7,3.8,718	
-5.5,-5.4,0.4,0.5,20282	
-5.5,-5.4,4.0,4.1,572	
-5.5,-5.4,4.8,4.9,175	
-5.5,-5.4,5.1,5.2,98	
-5.5,-5.4,5.9,6.0,16	
-5.5,-5.4,6.2,6.3,6	
-5.6,-5.5,-1.7,-1.6,5241	
-5.6,-5.5,-0.2,-0.1,22380	
-5.6,-5.5,-2.0,-1.9,3206	
-5.6,-5.5,-2.8,-2.7,1101	
-5.6,-5.5,-3.1,-3.0,884	
-5.6,-5.5,-3.9,-3.8,456	
-5.6,-5.5,-4.2,-4.1,349	
-5.6,-5.5,-5.3,-5.2,35	
-5.6,-5.5,-6.4,-6.3,1	
-5.6,-5.5,1.6,1.7,6269	
-5.6,-5.5,2.7,2.8,1240	
-5.6,-5.5,0.3,0.4,21556	
-5.6,-5.5,3.0,3.1,876	
-5.6,-5.5,3.8,3.9,495	
-5.6,-5.5,4.1,4.2,372	
-5.6,-5.5,4.9,5.0,125	
-5.6,-5.5,5.2,5.3,69	
-5.6,-5.5,6.3,6.4,4	
-5.7,-5.6,-1.6,-1.5,6195	
-5.7,-5.6,-2.7,-2.6,1072	
-5.7,-5.6,-0.3,-0.2,22328	
-5.7,-5.6,-3.0,-2.9,750	
-5.7,-5.6,-3.8,-3.7,389	
-5.7,-5.6,-4.1,-4.0,282	
-5.7,-5.6,-4.9,-4.8,79	
-5.7,-5.6,-5.2,-5.1,46	
-5.7,-5.6,-6.3,-6.2,1	
-5.7,-5.6,1.7,1.8,5357	
-5.7,-5.6,0.2,0.3,22870	
-5.7,-5.6,2.0,2.1,3144	
-5.7,-5.6,2.8,2.9,961	
-5.7,-5.6,3.1,3.2,692	
-5.7,-5.6,3.9,4.0,371	
-5.7,-5.6,4.2,4.3,252	
-5.7,-5.6,5.3,5.4,34	
-5.7,-5.6,6.4,6.5,3	
-5.8,-5.7,-1.5,-1.4,7380	
-5.8,-5.7,-2.6,-2.5,1105	
-5.8,-5.7,-3.7,-3.6,323	
-5.8,-5.7,-0.4,-0.3,21641	
-5.8,-5.7,-4.0,-3.9,227	
-5.8,-5.7,-4.8,-4.7,77	
-5.8,-5.7,-5.1,-5.0,41	
-5.8,-5.7,-5.9,-5.8,2	
-5.8,-5.7,-6.2,-6.1,1	
-5.8,-5.7,0.1,0.2,23860	
-5.8,-5.7,1.0,1.1,13886	
-5.8,-5.7,1.8,1.9,4566	
-5.8,-5.7,2.1,2.2,2657	
-5.8,-5.7,2.9,3.0,667	
-5.8,-5.7,3.2,3.3,528	
-5.8,-5.7,4.3,4.4,184	
-5.8,-5.7,5.4,5.5,21	
-5.8,-5.7,6.5,6.6,2	
-5.8,-5.7,0.9,1.0,15251	
-5.9,-5.8,-1.4,-1.3,8428	
-5.9,-5.8,-2.5,-2.4,1214	
-5.9,-5.8,-3.6,-3.5,279	
-5.9,-5.8,-4.7,-4.6,67	
-5.9,-5.8,-0.5,-0.4,20561	
-5.9,-5.8,-5.0,-4.9,44	
-5.9,-5.8,-5.8,-5.7,7	
-5.9,-5.8,0.0,0.1,48012	
-5.9,-5.8,1.1,1.2,12576	
-5.9,-5.8,1.9,2.0,3789	
-5.9,-5.8,2.2,2.3,2134	
-5.9,-5.8,3.3,3.4,387	
-5.9,-5.8,4.4,4.5,123	
-5.9,-5.8,5.5,5.6,11	
-5.9,-5.8,0.8,0.9,16850	
-0.6,-0.5,-1.2,-1.1,5146	
-0.6,-0.5,-2.3,-2.2,17125	
-0.6,-0.5,-3.4,-3.3,19582	
-0.6,-0.5,-4.5,-4.4,13049	
-0.6,-0.5,-5.6,-5.5,18812	
-0.6,-0.5,-6.7,-6.6,14677	
-0.6,-0.5,-0.7,-0.6,2854	
-0.6,-0.5,-7.0,-6.9,11047	
-0.6,-0.5,-7.8,-7.7,3475	
-0.6,-0.5,-8.1,-8.0,1881	
-0.6,-0.5,-8.9,-8.8,240	
-0.6,-0.5,-9.2,-9.1,97	
-0.6,-0.5,1.3,1.4,5985	
-0.6,-0.5,2.4,2.5,18081	
-0.6,-0.5,3.5,3.6,18800	
-0.6,-0.5,4.6,4.7,13241	
-0.6,-0.5,5.7,5.8,19216	
-0.6,-0.5,0.6,0.7,2507	
-0.6,-0.5,6.0,6.1,19415	
-0.6,-0.5,6.8,6.9,13763	
-0.6,-0.5,7.1,7.2,10030	
-0.6,-0.5,7.9,8.0,2871	
-0.6,-0.5,8.2,8.3,1556	
-0.6,-0.5,9.3,9.4,60	
-6.0,-5.9,-1.6,-1.5,6202	
-6.0,-5.9,-2.7,-2.6,767	
-6.0,-5.9,-0.3,-0.2,22560	
-6.0,-5.9,-3.0,-2.9,473	
-6.0,-5.9,-3.8,-3.7,190	
-6.0,-5.9,-4.1,-4.0,111	
-6.0,-5.9,-4.9,-4.8,38	
-6.0,-5.9,-5.2,-5.1,20	
-6.0,-5.9,-6.3,-6.2,2	
-6.0,-5.9,1.7,1.8,5397	
-6.0,-5.9,0.2,0.3,23414	
-6.0,-5.9,2.0,2.1,3132	
-6.0,-5.9,2.8,2.9,675	
-6.0,-5.9,3.1,3.2,411	
-6.0,-5.9,3.9,4.0,154	
-6.0,-5.9,4.2,4.3,118	
-6.0,-5.9,5.3,5.4,20	
-6.1,-6.0,-1.5,-1.4,7192	
-6.1,-6.0,-2.6,-2.5,869	
-6.1,-6.0,-3.7,-3.6,157	
-6.1,-6.0,-0.4,-0.3,21412	
-6.1,-6.0,-4.0,-3.9,99	
-6.1,-6.0,-4.8,-4.7,23	
-6.1,-6.0,-5.1,-5.0,12	
-6.1,-6.0,0.1,0.2,23614	
-6.1,-6.0,1.0,1.1,13737	
-6.1,-6.0,1.8,1.9,4330	
-6.1,-6.0,2.1,2.2,2515	
-6.1,-6.0,2.9,3.0,491	
-6.1,-6.0,3.2,3.3,293	
-6.1,-6.0,4.3,4.4,69	
-6.1,-6.0,5.4,5.5,10	
-6.1,-6.0,0.9,1.0,14995	
-6.2,-6.1,-1.4,-1.3,8163	
-6.2,-6.1,-2.5,-2.4,981	
-6.2,-6.1,-3.6,-3.5,128	
-6.2,-6.1,-4.7,-4.6,16	
-6.2,-6.1,-0.5,-0.4,20024	
-6.2,-6.1,-5.0,-4.9,13	
-6.2,-6.1,-5.8,-5.7,2	
-6.2,-6.1,-6.1,-6.0,2	
-6.2,-6.1,0.0,0.1,46527	
-6.2,-6.1,1.1,1.2,12066	
-6.2,-6.1,1.9,2.0,3631	
-6.2,-6.1,2.2,2.3,1952	
-6.2,-6.1,3.3,3.4,175	
-6.2,-6.1,4.4,4.5,38	
-6.2,-6.1,5.5,5.6,5	
-6.2,-6.1,0.8,0.9,16135	
-6.3,-6.2,-1.3,-1.2,9182	
-6.3,-6.2,-2.4,-2.3,1124	
-6.3,-6.2,-3.5,-3.4,136	
-6.3,-6.2,-4.6,-4.5,17	
-6.3,-6.2,-5.7,-5.6,3	
-6.3,-6.2,-0.6,-0.5,18035	
-6.3,-6.2,1.2,1.3,10316	
-6.3,-6.2,2.3,2.4,1562	
-6.3,-6.2,3.4,3.5,150	
-6.3,-6.2,4.5,4.6,34	
-6.3,-6.2,5.6,5.7,3	
-6.3,-6.2,0.7,0.8,17188	
-6.4,-6.3,-1.2,-1.1,9914	
-6.4,-6.3,-2.3,-2.2,1406	
-6.4,-6.3,-3.4,-3.3,137	
-6.4,-6.3,-4.5,-4.4,13	
-6.4,-6.3,-5.6,-5.5,2	
-6.4,-6.3,-0.7,-0.6,16302	
-6.4,-6.3,1.3,1.4,8514	
-6.4,-6.3,2.4,2.5,1169	
-6.4,-6.3,3.5,3.6,98	
-6.4,-6.3,4.6,4.7,12	
-6.4,-6.3,5.7,5.8,1	
-6.4,-6.3,0.6,0.7,17349	
-6.5,-6.4,-1.1,-1.0,10603	
-6.5,-6.4,-1.9,-1.8,3039	
-6.5,-6.4,-2.2,-2.1,1712	
-6.5,-6.4,-3.3,-3.2,127	
-6.5,-6.4,-4.4,-4.3,12	
-6.5,-6.4,-5.5,-5.4,1	
-6.5,-6.4,-0.8,-0.7,14614	
-6.5,-6.4,1.4,1.5,7167	
-6.5,-6.4,2.5,2.6,823	
-6.5,-6.4,3.6,3.7,52	
-6.5,-6.4,4.7,4.8,11	
-6.5,-6.4,0.5,0.6,17588	
-6.5,-6.4,5.0,5.1,5	
-6.5,-6.4,5.8,5.9,1	
-6.6,-6.5,-0.1,0.0,19051	
-6.6,-6.5,-1.0,-0.9,11317	
-6.6,-6.5,-1.8,-1.7,3399	
-6.6,-6.5,-2.1,-2.0,1925	
-6.6,-6.5,-2.9,-2.8,287	
-6.6,-6.5,-3.2,-3.1,128	
-6.6,-6.5,-4.3,-4.2,10	
-6.6,-6.5,-0.9,-0.8,12376	
-6.6,-6.5,1.5,1.6,5798	
-6.6,-6.5,2.6,2.7,641	
-6.6,-6.5,3.7,3.8,45	
-6.6,-6.5,0.4,0.5,17296	
-6.6,-6.5,4.0,4.1,26	
-6.6,-6.5,4.8,4.9,4	
-6.6,-6.5,5.1,5.2,6	
-6.7,-6.6,-1.7,-1.6,3895	
-6.7,-6.6,-0.2,-0.1,17367	
-6.7,-6.6,-2.0,-1.9,2270	
-6.7,-6.6,-2.8,-2.7,328	
-6.7,-6.6,-3.1,-3.0,153	
-6.7,-6.6,-3.9,-3.8,22	
-6.7,-6.6,-4.2,-4.1,8	
-6.7,-6.6,-5.3,-5.2,1	
-6.7,-6.6,1.6,1.7,4573	
-6.7,-6.6,2.7,2.8,421	
-6.7,-6.6,0.3,0.4,17293	
-6.7,-6.6,3.0,3.1,189	
-6.7,-6.6,3.8,3.9,25	
-6.7,-6.6,4.1,4.2,22	
-6.7,-6.6,4.9,5.0,3	
-6.7,-6.6,5.2,5.3,1	
-6.8,-6.7,-1.6,-1.5,4212	
-6.8,-6.7,-2.7,-2.6,364	
-6.8,-6.7,-0.3,-0.2,15583	
-6.8,-6.7,-3.0,-2.9,178	
-6.8,-6.7,-3.8,-3.7,11	
-6.8,-6.7,-4.1,-4.0,12	
-6.8,-6.7,-4.9,-4.8,2	
-6.8,-6.7,-5.2,-5.1,3	
-6.8,-6.7,1.7,1.8,3507	
-6.8,-6.7,0.2,0.3,15987	
-6.8,-6.7,2.0,2.1,2066	
-6.8,-6.7,2.8,2.9,312	
-6.8,-6.7,3.1,3.2,138	
-6.8,-6.7,3.9,4.0,22	
-6.8,-6.7,4.2,4.3,7	
-6.9,-6.8,-1.5,-1.4,4580	
-6.9,-6.8,-2.6,-2.5,457	
-6.9,-6.8,-3.7,-3.6,17	
-6.9,-6.8,-0.4,-0.3,13654	
-6.9,-6.8,-4.0,-3.9,14	
-6.9,-6.8,-4.8,-4.7,1	
-6.9,-6.8,-5.1,-5.0,1	
-6.9,-6.8,0.1,0.2,15060	
-6.9,-6.8,1.0,1.1,8913	
-6.9,-6.8,1.8,1.9,2781	
-6.9,-6.8,2.1,2.2,1542	
-6.9,-6.8,2.9,3.0,208	
-6.9,-6.8,3.2,3.3,71	
-6.9,-6.8,4.3,4.4,5	
-6.9,-6.8,0.9,1.0,9545	
-0.7,-0.6,-1.1,-1.0,4635	
-0.7,-0.6,-1.9,-1.8,11935	
-0.7,-0.6,-2.2,-2.1,15385	
-0.7,-0.6,-3.3,-3.2,19185	
-0.7,-0.6,-4.4,-4.3,12410	
-0.7,-0.6,-5.5,-5.4,16986	
-0.7,-0.6,-6.6,-6.5,14775	
-0.7,-0.6,-7.7,-7.6,3977	
-0.7,-0.6,-0.8,-0.7,3328	
-0.7,-0.6,-8.0,-7.9,2244	
-0.7,-0.6,-8.8,-8.7,306	
-0.7,-0.6,-9.1,-9.0,128	
-0.7,-0.6,-9.9,-9.8,10	
-0.7,-0.6,1.4,1.5,6660	
-0.7,-0.6,2.5,2.6,18204	
-0.7,-0.6,3.6,3.7,17121	
-0.7,-0.6,4.7,4.8,12589	
-0.7,-0.6,0.5,0.6,2695	
-0.7,-0.6,5.0,5.1,14127	
-0.7,-0.6,5.8,5.9,18144	
-0.7,-0.6,6.1,6.2,17849	
-0.7,-0.6,6.9,7.0,11482	
-0.7,-0.6,7.2,7.3,8298	
-0.7,-0.6,8.3,8.4,1153	
-0.7,-0.6,9.4,9.5,51	
-7.0,-6.9,-1.7,-1.6,3069	
-7.0,-6.9,-0.2,-0.1,13469	
-7.0,-6.9,-2.0,-1.9,1655	
-7.0,-6.9,-2.8,-2.7,237	
-7.0,-6.9,-3.1,-3.0,102	
-7.0,-6.9,-3.9,-3.8,4	
-7.0,-6.9,-4.2,-4.1,5	
-7.0,-6.9,1.6,1.7,3479	
-7.0,-6.9,2.7,2.8,331	
-7.0,-6.9,0.3,0.4,13017	
-7.0,-6.9,3.0,3.1,146	
-7.0,-6.9,3.8,3.9,10	
-7.0,-6.9,4.1,4.2,3	
-7.0,-6.9,4.9,5.0,1	
-7.1,-7.0,-1.6,-1.5,3046	
-7.1,-7.0,-2.7,-2.6,298	
-7.1,-7.0,-0.3,-0.2,11375	
-7.1,-7.0,-3.0,-2.9,124	
-7.1,-7.0,-3.8,-3.7,11	
-7.1,-7.0,-4.1,-4.0,5	
-7.1,-7.0,-4.9,-4.8,1	
-7.1,-7.0,-5.2,-5.1,1	
-7.1,-7.0,1.7,1.8,2643	
-7.1,-7.0,0.2,0.3,12138	
-7.1,-7.0,2.0,2.1,1515	
-7.1,-7.0,2.8,2.9,204	
-7.1,-7.0,3.1,3.2,81	
-7.1,-7.0,3.9,4.0,14	
-7.1,-7.0,4.2,4.3,4	
-7.2,-7.1,-1.5,-1.4,3288	
-7.2,-7.1,-2.6,-2.5,348	
-7.2,-7.1,-3.7,-3.6,12	
-7.2,-7.1,-0.4,-0.3,9839	
-7.2,-7.1,-4.0,-3.9,2	
-7.2,-7.1,-5.1,-5.0,1	
-7.2,-7.1,0.1,0.2,10787	
-7.2,-7.1,1.0,1.1,6305	
-7.2,-7.1,1.8,1.9,2022	
-7.2,-7.1,2.1,2.2,1144	
-7.2,-7.1,2.9,3.0,143	
-7.2,-7.1,3.2,3.3,71	
-7.2,-7.1,4.3,4.4,4	
-7.2,-7.1,0.9,1.0,6946	
-7.3,-7.2,-1.4,-1.3,3293	
-7.3,-7.2,-2.5,-2.4,396	
-7.3,-7.2,-3.6,-3.5,13	
-7.3,-7.2,-4.7,-4.6,1	
-7.3,-7.2,-0.5,-0.4,8235	
-7.3,-7.2,0.0,0.1,19228	
-7.3,-7.2,1.1,1.2,4900	
-7.3,-7.2,1.9,2.0,1380	
-7.3,-7.2,2.2,2.3,784	
-7.3,-7.2,3.3,3.4,48	
-7.3,-7.2,4.4,4.5,2	
-7.3,-7.2,0.8,0.9,6782	
-7.4,-7.3,-1.3,-1.2,3413	
-7.4,-7.3,-2.4,-2.3,452	
-7.4,-7.3,-3.5,-3.4,20	
-7.4,-7.3,-4.6,-4.5,1	
-7.4,-7.3,-0.6,-0.5,6777	
-7.4,-7.3,1.2,1.3,3858	
-7.4,-7.3,2.3,2.4,523	
-7.4,-7.3,3.4,3.5,33	
-7.4,-7.3,0.7,0.8,6380	
-7.5,-7.4,-1.2,-1.1,3296	
-7.5,-7.4,-2.3,-2.2,446	
-7.5,-7.4,-3.4,-3.3,23	
-7.5,-7.4,-0.7,-0.6,5382	
-7.5,-7.4,1.3,1.4,2974	
-7.5,-7.4,2.4,2.5,322	
-7.5,-7.4,3.5,3.6,14	
-7.5,-7.4,0.6,0.7,5837	
-7.6,-7.5,-1.1,-1.0,3146	
-7.6,-7.5,-1.9,-1.8,908	
-7.6,-7.5,-2.2,-2.1,469	
-7.6,-7.5,-3.3,-3.2,21	
-7.6,-7.5,-4.4,-4.3,1	
-7.6,-7.5,-0.8,-0.7,4326	
-7.6,-7.5,1.4,1.5,2091	
-7.6,-7.5,2.5,2.6,232	
-7.6,-7.5,3.6,3.7,5	
-7.6,-7.5,0.5,0.6,5201	
-7.7,-7.6,-0.1,0.0,5252	
-7.7,-7.6,-1.0,-0.9,3020	
-7.7,-7.6,-1.8,-1.7,885	
-7.7,-7.6,-2.1,-2.0,520	
-7.7,-7.6,-2.9,-2.8,74	
-7.7,-7.6,-3.2,-3.1,22	
-7.7,-7.6,-0.9,-0.8,3207	
-7.7,-7.6,1.5,1.6,1586	
-7.7,-7.6,2.6,2.7,175	
-7.7,-7.6,3.7,3.8,6	
-7.7,-7.6,0.4,0.5,4702	
-7.7,-7.6,4.0,4.1,2	
-7.7,-7.6,4.8,4.9,1	
-7.8,-7.7,-1.7,-1.6,936	
-7.8,-7.7,-0.2,-0.1,4113	
-7.8,-7.7,-2.0,-1.9,536	
-7.8,-7.7,-2.8,-2.7,74	
-7.8,-7.7,-3.1,-3.0,29	
-7.8,-7.7,-3.9,-3.8,5	
-7.8,-7.7,-4.2,-4.1,1	
-7.8,-7.7,1.6,1.7,1139	
-7.8,-7.7,2.7,2.8,107	
-7.8,-7.7,0.3,0.4,4091	
-7.8,-7.7,3.0,3.1,43	
-7.8,-7.7,3.8,3.9,1	
-7.8,-7.7,4.1,4.2,1	
-7.9,-7.8,-1.6,-1.5,969	
-7.9,-7.8,-2.7,-2.6,86	
-7.9,-7.8,-0.3,-0.2,3331	
-7.9,-7.8,-3.0,-2.9,35	
-7.9,-7.8,-3.8,-3.7,1	
-7.9,-7.8,1.7,1.8,780	
-7.9,-7.8,0.2,0.3,3433	
-7.9,-7.8,2.0,2.1,456	
-7.9,-7.8,2.8,2.9,60	
-7.9,-7.8,3.1,3.2,30	
-7.9,-7.8,3.9,4.0,2	
-0.8,-0.7,-0.1,0.0,2771	
-0.8,-0.7,-1.0,-0.9,4268	
-0.8,-0.7,-10.0,-9.9,3	
-0.8,-0.7,-1.8,-1.7,10154	
-0.8,-0.7,-2.1,-2.0,13777	
-0.8,-0.7,-2.9,-2.8,19093	
-0.8,-0.7,-3.2,-3.1,18836	
-0.8,-0.7,-4.3,-4.2,11901	
-0.8,-0.7,-5.4,-5.3,15045	
-0.8,-0.7,-6.5,-6.4,14522	
-0.8,-0.7,-7.6,-7.5,4246	
-0.8,-0.7,-8.7,-8.6,337	
-0.8,-0.7,-0.9,-0.8,3911	
-0.8,-0.7,-9.0,-8.9,150	
-0.8,-0.7,-9.8,-9.7,12	
-0.8,-0.7,1.5,1.6,7442	
-0.8,-0.7,2.6,2.7,17918	
-0.8,-0.7,3.7,3.8,15752	
-0.8,-0.7,0.4,0.5,2925	
-0.8,-0.7,4.0,4.1,13574	
-0.8,-0.7,4.8,4.9,12088	
-0.8,-0.7,5.1,5.2,13517	
-0.8,-0.7,5.9,6.0,16829	
-0.8,-0.7,6.2,6.3,16417	
-0.8,-0.7,7.3,7.4,6628	
-0.8,-0.7,8.4,8.5,843	
-0.8,-0.7,9.5,9.6,35	
-8.0,-7.9,-0.1,0.0,2883	
-8.0,-7.9,-1.0,-0.9,1596	
-8.0,-7.9,-1.8,-1.7,543	
-8.0,-7.9,-2.1,-2.0,325	
-8.0,-7.9,-2.9,-2.8,44	
-8.0,-7.9,-3.2,-3.1,13	
-8.0,-7.9,-0.9,-0.8,1814	
-8.0,-7.9,1.5,1.6,897	
-8.0,-7.9,2.6,2.7,83	
-8.0,-7.9,3.7,3.8,1	
-8.0,-7.9,0.4,0.5,2588	
-8.0,-7.9,4.0,4.1,1	
-8.1,-8.0,-1.7,-1.6,504	
-8.1,-8.0,-0.2,-0.1,2315	
-8.1,-8.0,-2.0,-1.9,293	
-8.1,-8.0,-2.8,-2.7,37	
-8.1,-8.0,-3.1,-3.0,16	
-8.1,-8.0,-3.9,-3.8,1	
-8.1,-8.0,1.6,1.7,598	
-8.1,-8.0,2.7,2.8,56	
-8.1,-8.0,0.3,0.4,2296	
-8.1,-8.0,3.0,3.1,19	
-8.1,-8.0,3.8,3.9,2	
-8.2,-8.1,-1.6,-1.5,470	
-8.2,-8.1,-2.7,-2.6,41	
-8.2,-8.1,-0.3,-0.2,1799	
-8.2,-8.1,-3.0,-2.9,23	
-8.2,-8.1,-3.8,-3.7,1	
-8.2,-8.1,-4.1,-4.0,1	
-8.2,-8.1,1.7,1.8,420	
-8.2,-8.1,0.2,0.3,1849	
-8.2,-8.1,2.0,2.1,252	
-8.2,-8.1,2.8,2.9,31	
-8.2,-8.1,3.1,3.2,11	
-8.2,-8.1,3.9,4.0,1	
-8.3,-8.2,-1.5,-1.4,450	
-8.3,-8.2,-2.6,-2.5,38	
-8.3,-8.2,-0.4,-0.3,1325	
-8.3,-8.2,0.1,0.2,1554	
-8.3,-8.2,1.0,1.1,878	
-8.3,-8.2,1.8,1.9,267	
-8.3,-8.2,2.1,2.2,125	
-8.3,-8.2,2.9,3.0,26	
-8.3,-8.2,3.2,3.3,8	
-8.3,-8.2,0.9,1.0,920	
-8.4,-8.3,-1.4,-1.3,408	
-8.4,-8.3,-2.5,-2.4,60	
-8.4,-8.3,-0.5,-0.4,1028	
-8.4,-8.3,0.0,0.1,2324	
-8.4,-8.3,1.1,1.2,610	
-8.4,-8.3,1.9,2.0,182	
-8.4,-8.3,2.2,2.3,104	
-8.4,-8.3,3.3,3.4,5	
-8.4,-8.3,0.8,0.9,797	
-8.5,-8.4,-1.3,-1.2,377	
-8.5,-8.4,-2.4,-2.3,51	
-8.5,-8.4,-3.5,-3.4,2	
-8.5,-8.4,-4.6,-4.5,1	
-8.5,-8.4,-0.6,-0.5,762	
-8.5,-8.4,1.2,1.3,430	
-8.5,-8.4,2.3,2.4,56	
-8.5,-8.4,3.4,3.5,3	
-8.5,-8.4,0.7,0.8,668	
-8.6,-8.5,-1.2,-1.1,331	
-8.6,-8.5,-2.3,-2.2,42	
-8.6,-8.5,-3.4,-3.3,3	
-8.6,-8.5,-0.7,-0.6,563	
-8.6,-8.5,1.3,1.4,291	
-8.6,-8.5,2.4,2.5,26	
-8.6,-8.5,3.5,3.6,2	
-8.6,-8.5,0.6,0.7,570	
-8.7,-8.6,-1.1,-1.0,267	
-8.7,-8.6,-1.9,-1.8,95	
-8.7,-8.6,-2.2,-2.1,45	
-8.7,-8.6,-3.3,-3.2,4	
-8.7,-8.6,-0.8,-0.7,390	
-8.7,-8.6,1.4,1.5,200	
-8.7,-8.6,2.5,2.6,20	
-8.7,-8.6,0.5,0.6,476	
-8.8,-8.7,-0.1,0.0,456	
-8.8,-8.7,-1.0,-0.9,243	
-8.8,-8.7,-1.8,-1.7,72	
-8.8,-8.7,-2.1,-2.0,41	
-8.8,-8.7,-2.9,-2.8,6	
-8.8,-8.7,-3.2,-3.1,3	
-8.8,-8.7,-0.9,-0.8,253	
-8.8,-8.7,1.5,1.6,116	
-8.8,-8.7,2.6,2.7,17	
-8.8,-8.7,3.7,3.8,1	
-8.8,-8.7,0.4,0.5,355	
-8.9,-8.8,-1.7,-1.6,74	
-8.9,-8.8,-0.2,-0.1,320	
-8.9,-8.8,-2.0,-1.9,40	
-8.9,-8.8,-2.8,-2.7,5	
-8.9,-8.8,1.6,1.7,87	
-8.9,-8.8,2.7,2.8,6	
-8.9,-8.8,0.3,0.4,300	
-8.9,-8.8,3.0,3.1,1	
-0.9,-0.8,-10.1,-10.0,2	
-0.9,-0.8,-1.7,-1.6,8776	
-0.9,-0.8,-0.2,-0.1,3370	
-0.9,-0.8,-2.0,-1.9,11847	
-0.9,-0.8,-2.8,-2.7,18288	
-0.9,-0.8,-3.1,-3.0,18312	
-0.9,-0.8,-3.9,-3.8,13339	
-0.9,-0.8,-4.2,-4.1,11767	
-0.9,-0.8,-5.3,-5.2,13479	
-0.9,-0.8,-6.4,-6.3,13807	
-0.9,-0.8,-7.5,-7.4,4526	
-0.9,-0.8,-8.6,-8.5,429	
-0.9,-0.8,-9.7,-9.6,13	
-0.9,-0.8,1.6,1.7,8022	
-0.9,-0.8,2.7,2.8,17775	
-0.9,-0.8,0.3,0.4,3369	
-0.9,-0.8,3.0,3.1,18129	
-0.9,-0.8,3.8,3.9,13900	
-0.9,-0.8,4.1,4.2,12046	
-0.9,-0.8,4.9,5.0,11429	
-0.9,-0.8,5.2,5.3,12808	
-0.9,-0.8,6.3,6.4,14234	
-0.9,-0.8,7.4,7.5,5152	
-0.9,-0.8,8.5,8.6,582	
-0.9,-0.8,9.6,9.7,23	
-9.0,-8.9,-1.1,-1.0,124	
-9.0,-8.9,-1.9,-1.8,30	
-9.0,-8.9,-2.2,-2.1,19	
-9.0,-8.9,-3.3,-3.2,2	
-9.0,-8.9,-0.8,-0.7,169	
-9.0,-8.9,1.4,1.5,85	
-9.0,-8.9,2.5,2.6,15	
-9.0,-8.9,0.5,0.6,193	
-9.1,-9.0,-0.1,0.0,158	
-9.1,-9.0,-1.0,-0.9,108	
-9.1,-9.0,-1.8,-1.7,30	
-9.1,-9.0,-2.1,-2.0,16	
-9.1,-9.0,-3.2,-3.1,1	
-9.1,-9.0,-0.9,-0.8,99	
-9.1,-9.0,1.5,1.6,61	
-9.1,-9.0,2.6,2.7,6	
-9.1,-9.0,0.4,0.5,165	
-9.2,-9.1,-1.7,-1.6,31	
-9.2,-9.1,-0.2,-0.1,101	
-9.2,-9.1,-2.0,-1.9,15	
-9.2,-9.1,-2.8,-2.7,2	
-9.2,-9.1,1.6,1.7,42	
-9.2,-9.1,2.7,2.8,3	
-9.2,-9.1,0.3,0.4,126	
-9.2,-9.1,3.0,3.1,2	
-9.3,-9.2,-1.6,-1.5,18	
-9.3,-9.2,-2.7,-2.6,2	
-9.3,-9.2,-0.3,-0.2,99	
-9.3,-9.2,-3.0,-2.9,1	
-9.3,-9.2,1.7,1.8,17	
-9.3,-9.2,0.2,0.3,77	
-9.3,-9.2,2.0,2.1,8	
-9.3,-9.2,2.8,2.9,1	
-9.4,-9.3,-1.5,-1.4,26	
-9.4,-9.3,-2.6,-2.5,1	
-9.4,-9.3,-0.4,-0.3,74	
-9.4,-9.3,0.1,0.2,55	
-9.4,-9.3,1.0,1.1,36	
-9.4,-9.3,1.8,1.9,10	
-9.4,-9.3,2.1,2.2,7	
-9.4,-9.3,2.9,3.0,1	
-9.4,-9.3,0.9,1.0,35	
-9.5,-9.4,-1.4,-1.3,13	
-9.5,-9.4,-0.5,-0.4,50	
-9.5,-9.4,0.0,0.1,92	
-9.5,-9.4,1.1,1.2,28	
-9.5,-9.4,1.9,2.0,7	
-9.5,-9.4,0.8,0.9,28	
-9.6,-9.5,-1.3,-1.2,12	
-9.6,-9.5,-0.6,-0.5,28	
-9.6,-9.5,1.2,1.3,13	
-9.6,-9.5,2.3,2.4,3	
-9.6,-9.5,0.7,0.8,27	
-9.7,-9.6,-1.2,-1.1,8	
-9.7,-9.6,-2.3,-2.2,3	
-9.7,-9.6,-0.7,-0.6,22	
-9.7,-9.6,1.3,1.4,8	
-9.7,-9.6,2.4,2.5,1	
-9.7,-9.6,0.6,0.7,14	
-9.8,-9.7,-1.1,-1.0,5	
-9.8,-9.7,-1.9,-1.8,3	
-9.8,-9.7,-2.2,-2.1,1	
-9.8,-9.7,-0.8,-0.7,9	
-9.8,-9.7,1.4,1.5,4	
-9.8,-9.7,2.5,2.6,1	
-9.8,-9.7,0.5,0.6,16	
-9.9,-9.8,-0.1,0.0,8	
-9.9,-9.8,-1.0,-0.9,5	
-9.9,-9.8,-1.8,-1.7,3	
-9.9,-9.8,-0.9,-0.8,5	
-9.9,-9.8,1.5,1.6,1	
-9.9,-9.8,0.4,0.5,7	
0.0,0.1,-10.3,-10.2,4	
0.0,0.1,-1.5,-1.4,17370	
0.0,0.1,-2.6,-2.5,45901	
0.0,0.1,-3.7,-3.6,40792	
0.0,0.1,-0.4,-0.3,3008	
0.0,0.1,-4.0,-3.9,35338	
0.0,0.1,-4.8,-4.7,33007	
0.0,0.1,-5.1,-5.0,38037	
0.0,0.1,-5.9,-5.8,48092	
0.0,0.1,-6.2,-6.1,46180	
0.0,0.1,-7.3,-7.2,19154	
0.0,0.1,-8.4,-8.3,2263	
0.0,0.1,-9.5,-9.4,99	
0.0,0.1,0.1,0.2,2243	
0.0,0.1,1.0,1.1,7915	
0.0,0.1,10.0,10.1,9	
0.0,0.1,1.8,1.9,25385	
0.0,0.1,2.1,2.2,33899	
0.0,0.1,2.9,3.0,49430	
0.0,0.1,3.2,3.3,47907	
0.0,0.1,4.3,4.4,31948	
0.0,0.1,5.4,5.5,43420	
0.0,0.1,6.5,6.6,41058	
0.0,0.1,7.6,7.7,12132	
0.0,0.1,8.7,8.8,1105	
0.0,0.1,0.9,1.0,6761	
0.0,0.1,9.0,9.1,463	
0.0,0.1,9.8,9.9,24	
0.1,0.2,-10.4,-10.3,1	
0.1,0.2,-1.4,-1.3,7363	
0.1,0.2,-2.5,-2.4,21852	
0.1,0.2,-3.6,-3.5,21269	
0.1,0.2,-4.7,-4.6,16151	
0.1,0.2,-0.5,-0.4,1725	
0.1,0.2,-5.0,-4.9,18004	
0.1,0.2,-5.8,-5.7,24043	
0.1,0.2,-6.1,-6.0,23374	
0.1,0.2,-6.9,-6.8,14997	
0.1,0.2,-7.2,-7.1,10711	
0.1,0.2,-8.3,-8.2,1489	
0.1,0.2,-9.4,-9.3,70	
0.1,0.2,0.0,0.1,2280	
0.1,0.2,1.1,1.2,4558	
0.1,0.2,1.9,2.0,14028	
0.1,0.2,2.2,2.3,18351	
0.1,0.2,3.3,3.4,23647	
0.1,0.2,4.4,4.5,15509	
0.1,0.2,5.5,5.6,22133	
0.1,0.2,6.6,6.7,19431	
0.1,0.2,7.7,7.8,4998	
0.1,0.2,0.8,0.9,2778	
0.1,0.2,8.0,8.1,2805	
0.1,0.2,8.8,8.9,404	
0.1,0.2,9.1,9.2,155	
0.1,0.2,9.9,10.0,10	
1.0,1.1,-10.4,-10.3,2	
1.0,1.1,-1.4,-1.3,6645	
1.0,1.1,-2.5,-2.4,15997	
1.0,1.1,-3.6,-3.5,14908	
1.0,1.1,-4.7,-4.6,10052	
1.0,1.1,-0.5,-0.4,4018	
1.0,1.1,-5.0,-4.9,11069	
1.0,1.1,-5.8,-5.7,13990	
1.0,1.1,-6.1,-6.0,13697	
1.0,1.1,-6.9,-6.8,8708	
1.0,1.1,-7.2,-7.1,6326	
1.0,1.1,-8.3,-8.2,843	
1.0,1.1,-9.4,-9.3,35	
1.0,1.1,0.0,0.1,7930	
1.0,1.1,1.1,1.2,4815	
1.0,1.1,1.9,2.0,10499	
1.0,1.1,2.2,2.3,13363	
1.0,1.1,3.3,3.4,16742	
1.0,1.1,4.4,4.5,10333	
1.0,1.1,5.5,5.6,12938	
1.0,1.1,6.6,6.7,11084	
1.0,1.1,7.7,7.8,2999	
1.0,1.1,0.8,0.9,4242	
1.0,1.1,8.0,8.1,1731	
1.0,1.1,8.8,8.9,240	
1.0,1.1,9.1,9.2,100	
1.0,1.1,9.9,10.0,5	
10.0,10.1,-1.4,-1.3,3	
10.0,10.1,-2.5,-2.4,1	
10.0,10.1,-0.5,-0.4,7	
10.0,10.1,0.0,0.1,11	
10.0,10.1,1.1,1.2,5	
10.0,10.1,1.9,2.0,1	
10.0,10.1,2.2,2.3,1	
10.0,10.1,0.8,0.9,5	
10.1,10.2,-1.3,-1.2,3	
10.1,10.2,-0.6,-0.5,2	
10.1,10.2,1.2,1.3,2	
10.1,10.2,2.3,2.4,4	
10.1,10.2,0.7,0.8,3	
10.2,10.3,-1.2,-1.1,2	
10.2,10.3,-0.7,-0.6,1	
10.2,10.3,1.3,1.4,1	
10.3,10.4,-1.1,-1.0,1	
10.3,10.4,-0.8,-0.7,1	
10.3,10.4,0.5,0.6,1	
10.4,10.5,-0.1,0.0,1	
10.4,10.5,-2.1,-2.0,1	
10.4,10.5,-0.9,-0.8,1	
10.4,10.5,1.5,1.6,2	
10.5,10.6,-0.2,-0.1,2	
10.5,10.6,1.6,1.7,2	
10.5,10.6,0.3,0.4,2	
10.6,10.7,0.2,0.3,1	
10.7,10.8,0.1,0.2,1	
1.1,1.2,-1.3,-1.2,5939	
1.1,1.2,-2.4,-2.3,14790	
1.1,1.2,-3.5,-3.4,14881	
1.1,1.2,-4.6,-4.5,9422	
1.1,1.2,-5.7,-5.6,12318	
1.1,1.2,-0.6,-0.5,4591	
1.1,1.2,-6.0,-5.9,12458	
1.1,1.2,-6.8,-6.7,8717	
1.1,1.2,-7.1,-7.0,6387	
1.1,1.2,-7.9,-7.8,1769	
1.1,1.2,-8.2,-8.1,930	
1.1,1.2,-9.3,-9.2,50	
1.1,1.2,1.2,1.3,5546	
1.1,1.2,2.3,2.4,14018	
1.1,1.2,3.4,3.5,15635	
1.1,1.2,4.5,4.6,9200	
1.1,1.2,5.6,5.7,12203	
1.1,1.2,6.7,6.8,9133	
1.1,1.2,0.7,0.8,4613	
1.1,1.2,7.0,7.1,7155	
1.1,1.2,7.8,7.9,2106	
1.1,1.2,8.1,8.2,1236	
1.1,1.2,8.9,9.0,157	
1.1,1.2,9.2,9.3,57	
1.2,1.3,-1.2,-1.1,5899	
1.2,1.3,-2.3,-2.2,13773	
1.2,1.3,-3.4,-3.3,15250	
1.2,1.3,-4.5,-4.4,8660	
1.2,1.3,-5.6,-5.5,10613	
1.2,1.3,-6.7,-6.6,8197	
1.2,1.3,-0.7,-0.6,5121	
1.2,1.3,-7.0,-6.9,6166	
1.2,1.3,-7.8,-7.7,1949	
1.2,1.3,-8.1,-8.0,1064	
1.2,1.3,-8.9,-8.8,145	
1.2,1.3,-9.2,-9.1,54	
1.2,1.3,10.5,10.6,1	
1.2,1.3,1.3,1.4,6157	
1.2,1.3,2.4,2.5,14043	
1.2,1.3,3.5,3.6,14612	
1.2,1.3,4.6,4.7,8527	
1.2,1.3,5.7,5.8,11012	
1.2,1.3,0.6,0.7,5221	
1.2,1.3,6.0,6.1,11142	
1.2,1.3,6.8,6.9,7628	
1.2,1.3,7.1,7.2,5678	
1.2,1.3,7.9,8.0,1663	
1.2,1.3,8.2,8.3,906	
1.2,1.3,9.3,9.4,28	
1.3,1.4,-1.1,-1.0,5934	
1.3,1.4,-1.9,-1.8,9954	
1.3,1.4,-2.2,-2.1,12460	
1.3,1.4,-3.3,-3.2,14890	
1.3,1.4,-4.4,-4.3,8280	
1.3,1.4,-5.5,-5.4,9142	
1.3,1.4,-6.6,-6.5,7880	
1.3,1.4,-7.7,-7.6,2110	
1.3,1.4,-0.8,-0.7,5916	
1.3,1.4,-8.0,-7.9,1130	
1.3,1.4,-8.8,-8.7,174	
1.3,1.4,-9.1,-9.0,61	
1.3,1.4,-9.9,-9.8,3	
1.3,1.4,10.4,10.5,1	
1.3,1.4,1.4,1.5,6924	
1.3,1.4,2.5,2.6,14341	
1.3,1.4,3.6,3.7,13333	
1.3,1.4,4.7,4.8,7726	
1.3,1.4,0.5,0.6,6059	
1.3,1.4,5.0,5.1,8101	
1.3,1.4,5.8,5.9,9790	
1.3,1.4,6.1,6.2,9367	
1.3,1.4,6.9,7.0,6211	
1.3,1.4,7.2,7.3,4350	
1.3,1.4,8.3,8.4,624	
1.3,1.4,9.4,9.5,29	
1.4,1.5,-0.1,0.0,7306	
1.4,1.5,-1.0,-0.9,6494	
1.4,1.5,-10.0,-9.9,3	
1.4,1.5,-10.8,-10.7,1	
1.4,1.5,-1.8,-1.7,9229	
1.4,1.5,-2.1,-2.0,11559	
1.4,1.5,-2.9,-2.8,15682	
1.4,1.5,-3.2,-3.1,15237	
1.4,1.5,-4.3,-4.2,8243	
1.4,1.5,-5.4,-5.3,8048	
1.4,1.5,-6.5,-6.4,7172	
1.4,1.5,-7.6,-7.5,2090	
1.4,1.5,-8.7,-8.6,202	
1.4,1.5,-0.9,-0.8,6483	
1.4,1.5,-9.0,-8.9,83	
1.4,1.5,-9.8,-9.7,5	
1.4,1.5,1.5,1.6,7869	
1.4,1.5,2.6,2.7,14670	
1.4,1.5,3.7,3.8,12367	
1.4,1.5,0.4,0.5,7097	
1.4,1.5,4.0,4.1,10279	
1.4,1.5,4.8,4.9,7183	
1.4,1.5,5.1,5.2,7446	
1.4,1.5,5.9,6.0,8522	
1.4,1.5,6.2,6.3,8269	
1.4,1.5,7.3,7.4,3462	
1.4,1.5,8.4,8.5,415	
1.4,1.5,9.5,9.6,17	
1.5,1.6,-1.7,-1.6,8996	
1.5,1.6,-0.2,-0.1,8412	
1.5,1.6,-2.0,-1.9,11092	
1.5,1.6,-2.8,-2.7,15405	
1.5,1.6,-3.1,-3.0,15517	
1.5,1.6,-3.9,-3.8,10735	
1.5,1.6,-4.2,-4.1,8673	
1.5,1.6,-5.3,-5.2,6801	
1.5,1.6,-6.4,-6.3,6615	
1.5,1.6,-7.5,-7.4,2147	
1.5,1.6,-8.6,-8.5,209	
1.5,1.6,-9.7,-9.6,3	
1.5,1.6,10.2,10.3,3	
1.5,1.6,1.6,1.7,8336	
1.5,1.6,2.7,2.8,15289	
1.5,1.6,0.3,0.4,8485	
1.5,1.6,3.0,3.1,15709	
1.5,1.6,3.8,3.9,11522	
1.5,1.6,4.1,4.2,9362	
1.5,1.6,4.9,5.0,6413	
1.5,1.6,5.2,5.3,6771	
1.5,1.6,6.3,6.4,6750	
1.5,1.6,7.4,7.5,2508	
1.5,1.6,8.5,8.6,313	
1.5,1.6,9.6,9.7,4	
1.6,1.7,-1.6,-1.5,8797	
1.6,1.7,-2.7,-2.6,15368	
1.6,1.7,-0.3,-0.2,9678	
1.6,1.7,-3.0,-2.9,16284	
1.6,1.7,-3.8,-3.7,11607	
1.6,1.7,-4.1,-4.0,9253	
1.6,1.7,-4.9,-4.8,5964	
1.6,1.7,-5.2,-5.1,5901	
1.6,1.7,-6.3,-6.2,5834	
1.6,1.7,-7.4,-7.3,2171	
1.6,1.7,-8.5,-8.4,235	
1.6,1.7,-9.6,-9.5,10	
1.6,1.7,10.1,10.2,1	
1.6,1.7,1.7,1.8,9181	
1.6,1.7,0.2,0.3,9743	
1.6,1.7,2.0,2.1,11151	
1.6,1.7,2.8,2.9,15816	
1.6,1.7,3.1,3.2,15562	
1.6,1.7,3.9,4.0,10837	
1.6,1.7,4.2,4.3,8382	
1.6,1.7,5.3,5.4,5998	
1.6,1.7,6.4,6.5,5644	
1.6,1.7,7.5,7.6,1929	
1.6,1.7,8.6,8.7,194	
1.6,1.7,9.7,9.8,3	
1.7,1.8,-1.5,-1.4,8810	
1.7,1.8,-2.6,-2.5,15662	
1.7,1.8,-3.7,-3.6,12654	
1.7,1.8,-0.4,-0.3,10457	
1.7,1.8,-4.0,-3.9,9933	
1.7,1.8,-4.8,-4.7,5552	
1.7,1.8,-5.1,-5.0,5226	
1.7,1.8,-5.9,-5.8,5335	
1.7,1.8,-6.2,-6.1,5099	
1.7,1.8,-7.3,-7.2,2071	
1.7,1.8,-8.4,-8.3,262	
1.7,1.8,-9.5,-9.4,15	
1.7,1.8,0.1,0.2,11099	
1.7,1.8,1.0,1.1,8611	
1.7,1.8,10.0,10.1,1	
1.7,1.8,1.8,1.9,10119	
1.7,1.8,2.1,2.2,12318	
1.7,1.8,2.9,3.0,16124	
1.7,1.8,3.2,3.3,15657	
1.7,1.8,4.3,4.4,7839	
1.7,1.8,5.4,5.5,5260	
1.7,1.8,6.5,6.6,4529	
1.7,1.8,7.6,7.7,1303	
1.7,1.8,8.7,8.8,127	
1.7,1.8,0.9,1.0,8859	
1.7,1.8,9.0,9.1,52	
1.7,1.8,9.8,9.9,4	
1.8,1.9,-1.4,-1.3,9311	
1.8,1.9,-2.5,-2.4,15663	
1.8,1.9,-3.6,-3.5,13592	
1.8,1.9,-4.7,-4.6,5618	
1.8,1.9,-0.5,-0.4,11644	
1.8,1.9,-5.0,-4.9,4964	
1.8,1.9,-5.8,-5.7,4639	
1.8,1.9,-6.1,-6.0,4243	
1.8,1.9,-6.9,-6.8,2720	
1.8,1.9,-7.2,-7.1,1993	
1.8,1.9,-8.3,-8.2,267	
1.8,1.9,-9.4,-9.3,6	
1.8,1.9,0.0,0.1,25155	
1.8,1.9,1.1,1.2,9280	
1.8,1.9,1.9,2.0,11414	
1.8,1.9,2.2,2.3,13470	
1.8,1.9,3.3,3.4,15783	
1.8,1.9,4.4,4.5,7168	
1.8,1.9,5.5,5.6,4635	
1.8,1.9,6.6,6.7,3575	
1.8,1.9,7.7,7.8,932	
1.8,1.9,0.8,0.9,10290	
1.8,1.9,8.0,8.1,578	
1.8,1.9,8.8,8.9,79	
1.8,1.9,9.1,9.2,37	
1.8,1.9,9.9,10.0,1	
1.9,2.0,-1.3,-1.2,9932	
1.9,2.0,-2.4,-2.3,15607	
1.9,2.0,-3.5,-3.4,15109	
1.9,2.0,-4.6,-4.5,5871	
1.9,2.0,-5.7,-5.6,3988	
1.9,2.0,-0.6,-0.5,12262	
1.9,2.0,-6.0,-5.9,3815	
1.9,2.0,-6.8,-6.7,2436	
1.9,2.0,-7.1,-7.0,1890	
1.9,2.0,-7.9,-7.8,533	
1.9,2.0,-8.2,-8.1,276	
1.9,2.0,-9.3,-9.2,20	
1.9,2.0,1.2,1.3,9896	
1.9,2.0,2.3,2.4,14848	
1.9,2.0,3.4,3.5,15864	
1.9,2.0,4.5,4.6,6421	
1.9,2.0,5.6,5.7,3942	
1.9,2.0,6.7,6.8,2748	
1.9,2.0,0.7,0.8,11651	
1.9,2.0,7.0,7.1,2098	
1.9,2.0,7.8,7.9,635	
1.9,2.0,8.1,8.2,350	
1.9,2.0,8.9,9.0,56	
1.9,2.0,9.2,9.3,16	
0.2,0.3,-1.3,-1.2,6353	
0.2,0.3,-2.4,-2.3,20784	
0.2,0.3,-3.5,-3.4,21734	
0.2,0.3,-4.6,-4.5,15544	
0.2,0.3,-5.7,-5.6,23045	
0.2,0.3,-0.6,-0.5,2160	
0.2,0.3,-6.0,-5.9,23287	
0.2,0.3,-6.8,-6.7,16095	
0.2,0.3,-7.1,-7.0,11861	
0.2,0.3,-7.9,-7.8,3423	
0.2,0.3,-8.2,-8.1,1847	
0.2,0.3,-9.3,-9.2,92	
0.2,0.3,1.2,1.3,5401	
0.2,0.3,2.3,2.4,19371	
0.2,0.3,3.4,3.5,22466	
0.2,0.3,4.5,4.6,15371	
0.2,0.3,5.6,5.7,22308	
0.2,0.3,6.7,6.8,17398	
0.2,0.3,0.7,0.8,2534	
0.2,0.3,7.0,7.1,13443	
0.2,0.3,7.8,7.9,4120	
0.2,0.3,8.1,8.2,2289	
0.2,0.3,8.9,9.0,303	
0.2,0.3,9.2,9.3,132	
2.0,2.1,-10.3,-10.2,1	
2.0,2.1,-1.5,-1.4,10880	
2.0,2.1,-2.6,-2.5,17549	
2.0,2.1,-3.7,-3.6,14039	
2.0,2.1,-0.4,-0.3,14445	
2.0,2.1,-4.0,-3.9,10655	
2.0,2.1,-4.8,-4.7,4900	
2.0,2.1,-5.1,-5.0,3792	
2.0,2.1,-5.9,-5.8,3114	
2.0,2.1,-6.2,-6.1,2880	
2.0,2.1,-7.3,-7.2,1117	
2.0,2.1,-8.4,-8.3,144	
2.0,2.1,-9.5,-9.4,3	
2.0,2.1,0.1,0.2,15352	
2.0,2.1,1.0,1.1,11478	
2.0,2.1,10.0,10.1,1	
2.0,2.1,1.8,1.9,12043	
2.0,2.1,2.1,2.2,14117	
2.0,2.1,2.9,3.0,18377	
2.0,2.1,3.2,3.3,17944	
2.0,2.1,4.3,4.4,7980	
2.0,2.1,5.4,5.5,3405	
2.0,2.1,6.5,6.6,2587	
2.0,2.1,7.6,7.7,751	
2.0,2.1,8.7,8.8,66	
2.0,2.1,0.9,1.0,11886	
2.0,2.1,9.0,9.1,31	
2.0,2.1,9.8,9.9,2	
2.1,2.2,-1.4,-1.3,11369	
2.1,2.2,-2.5,-2.4,17735	
2.1,2.2,-3.6,-3.5,15530	
2.1,2.2,-4.7,-4.6,5162	
2.1,2.2,-0.5,-0.4,15364	
2.1,2.2,-5.0,-4.9,3754	
2.1,2.2,-5.8,-5.7,2759	
2.1,2.2,-6.1,-6.0,2488	
2.1,2.2,-6.9,-6.8,1491	
2.1,2.2,-7.2,-7.1,1090	
2.1,2.2,-8.3,-8.2,144	
2.1,2.2,-9.4,-9.3,4	
2.1,2.2,0.0,0.1,34003	
2.1,2.2,1.1,1.2,12114	
2.1,2.2,1.9,2.0,13648	
2.1,2.2,2.2,2.3,15689	
2.1,2.2,3.3,3.4,17944	
2.1,2.2,4.4,4.5,7437	
2.1,2.2,5.5,5.6,2831	
2.1,2.2,6.6,6.7,1927	
2.1,2.2,7.7,7.8,539	
2.1,2.2,0.8,0.9,13279	
2.1,2.2,8.0,8.1,280	
2.1,2.2,8.8,8.9,44	
2.1,2.2,9.1,9.2,19	
2.2,2.3,-1.3,-1.2,12178	
2.2,2.3,-2.4,-2.3,18079	
2.2,2.3,-3.5,-3.4,17235	
2.2,2.3,-4.6,-4.5,5948	
2.2,2.3,-5.7,-5.6,2318	
2.2,2.3,-0.6,-0.5,15879	
2.2,2.3,-6.0,-5.9,2037	
2.2,2.3,-6.8,-6.7,1349	
2.2,2.3,-7.1,-7.0,970	
2.2,2.3,-7.9,-7.8,302	
2.2,2.3,-8.2,-8.1,132	
2.2,2.3,-9.3,-9.2,6	
2.2,2.3,10.6,10.7,1	
2.2,2.3,1.2,1.3,12489	
2.2,2.3,2.3,2.4,17059	
2.2,2.3,3.4,3.5,18059	
2.2,2.3,4.5,4.6,6738	
2.2,2.3,5.6,5.7,2303	
2.2,2.3,6.7,6.8,1409	
2.2,2.3,0.7,0.8,15208	
2.2,2.3,7.0,7.1,1065	
2.2,2.3,7.8,7.9,370	
2.2,2.3,8.1,8.2,188	
2.2,2.3,8.9,9.0,16	
2.2,2.3,9.2,9.3,12	
2.3,2.4,-1.2,-1.1,13228	
2.3,2.4,-2.3,-2.2,18095	
2.3,2.4,-3.4,-3.3,19107	
2.3,2.4,-4.5,-4.4,6721	
2.3,2.4,-5.6,-5.5,2022	
2.3,2.4,-6.7,-6.6,1146	
2.3,2.4,-0.7,-0.6,16391	
2.3,2.4,-7.0,-6.9,897	
2.3,2.4,-7.8,-7.7,265	
2.3,2.4,-8.1,-8.0,151	
2.3,2.4,-8.9,-8.8,22	
2.3,2.4,-9.2,-9.1,10	
2.3,2.4,1.3,1.4,13039	
2.3,2.4,2.4,2.5,18973	
2.3,2.4,3.5,3.6,17889	
2.3,2.4,4.6,4.7,5920	
2.3,2.4,5.7,5.8,1929	
2.3,2.4,0.6,0.7,17125	
2.3,2.4,6.0,6.1,1705	
2.3,2.4,6.8,6.9,1074	
2.3,2.4,7.1,7.2,871	
2.3,2.4,7.9,8.0,234	
2.3,2.4,8.2,8.3,119	
2.3,2.4,9.3,9.4,5	
2.4,2.5,-1.1,-1.0,14477	
2.4,2.5,-1.9,-1.8,15609	
2.4,2.5,-2.2,-2.1,17914	
2.4,2.5,-3.3,-3.2,20557	
2.4,2.5,-4.4,-4.3,7969	
2.4,2.5,-5.5,-5.4,1921	
2.4,2.5,-6.6,-6.5,1070	
2.4,2.5,-7.7,-7.6,241	
2.4,2.5,-0.8,-0.7,16464	
2.4,2.5,-8.0,-7.9,143	
2.4,2.5,-8.8,-8.7,20	
2.4,2.5,-9.1,-9.0,9	
2.4,2.5,-9.9,-9.8,1	
2.4,2.5,1.4,1.5,13693	
2.4,2.5,2.5,2.6,20569	
2.4,2.5,3.6,3.7,17748	
2.4,2.5,4.7,4.8,5300	
2.4,2.5,0.5,0.6,18810	
2.4,2.5,5.0,5.1,3447	
2.4,2.5,5.8,5.9,1539	
2.4,2.5,6.1,6.2,1291	
2.4,2.5,6.9,7.0,743	
2.4,2.5,7.2,7.3,539	
2.4,2.5,8.3,8.4,79	
2.4,2.5,9.4,9.5,4	
2.5,2.6,-0.1,0.0,22019	
2.5,2.6,-1.0,-0.9,15878	
2.5,2.6,-1.8,-1.7,15401	
2.5,2.6,-2.1,-2.0,17774	
2.5,2.6,-2.9,-2.8,22551	
2.5,2.6,-3.2,-3.1,21746	
2.5,2.6,-4.3,-4.2,9206	
2.5,2.6,-5.4,-5.3,1962	
2.5,2.6,-6.5,-6.4,822	
2.5,2.6,-7.6,-7.5,217	
2.5,2.6,-8.7,-8.6,23	
2.5,2.6,-0.9,-0.8,16505	
2.5,2.6,-9.0,-8.9,24	
2.5,2.6,1.5,1.6,14626	
2.5,2.6,2.6,2.7,21760	
2.5,2.6,3.7,3.8,17003	
2.5,2.6,0.4,0.5,20410	
2.5,2.6,4.0,4.1,12897	
2.5,2.6,4.8,4.9,4495	
2.5,2.6,5.1,5.2,2843	
2.5,2.6,5.9,6.0,1260	
2.5,2.6,6.2,6.3,1016	
2.5,2.6,7.3,7.4,379	
2.5,2.6,8.4,8.5,57	
2.5,2.6,9.5,9.6,2	
2.6,2.7,-10.1,-10.0,1	
2.6,2.7,-1.7,-1.6,15443	
2.6,2.7,-0.2,-0.1,22650	
2.6,2.7,-2.0,-1.9,17532	
2.6,2.7,-2.8,-2.7,23057	
2.6,2.7,-3.1,-3.0,23048	
2.6,2.7,-3.9,-3.8,14845	
2.6,2.7,-4.2,-4.1,10808	
2.6,2.7,-5.3,-5.2,2085	
2.6,2.7,-6.4,-6.3,742	
2.6,2.7,-7.5,-7.4,234	
2.6,2.7,-8.6,-8.5,16	
2.6,2.7,-9.7,-9.6,4	
2.6,2.7,1.6,1.7,14903	
2.6,2.7,2.7,2.8,22911	
2.6,2.7,0.3,0.4,21901	
2.6,2.7,3.0,3.1,23442	
2.6,2.7,3.8,3.9,16017	
2.6,2.7,4.1,4.2,12239	
2.6,2.7,4.9,5.0,3920	
2.6,2.7,5.2,5.3,2384	
2.6,2.7,6.3,6.4,721	
2.6,2.7,7.4,7.5,256	
2.6,2.7,8.5,8.6,37	
2.6,2.7,9.6,9.7,1	
2.7,2.8,-1.6,-1.5,15557	
2.7,2.8,-2.7,-2.6,23427	
2.7,2.8,-0.3,-0.2,22778	
2.7,2.8,-3.0,-2.9,24021	
2.7,2.8,-3.8,-3.7,16641	
2.7,2.8,-4.1,-4.0,12418	
2.7,2.8,-4.9,-4.8,3844	
2.7,2.8,-5.2,-5.1,2253	
2.7,2.8,-6.3,-6.2,595	
2.7,2.8,-7.4,-7.3,171	
2.7,2.8,-8.5,-8.4,22	
2.7,2.8,1.7,1.8,15938	
2.7,2.8,0.2,0.3,23130	
2.7,2.8,2.0,2.1,17981	
2.7,2.8,2.8,2.9,23906	
2.7,2.8,3.1,3.2,23935	
2.7,2.8,3.9,4.0,15084	
2.7,2.8,4.2,4.3,10813	
2.7,2.8,5.3,5.4,1932	
2.7,2.8,6.4,6.5,561	
2.7,2.8,7.5,7.6,173	
2.7,2.8,8.6,8.7,17	
2.8,2.9,-1.5,-1.4,15392	
2.8,2.9,-2.6,-2.5,23228	
2.8,2.9,-3.7,-3.6,18019	
2.8,2.9,-0.4,-0.3,22638	
2.8,2.9,-4.0,-3.9,14066	
2.8,2.9,-4.8,-4.7,4710	
2.8,2.9,-5.1,-5.0,2791	
2.8,2.9,-5.9,-5.8,747	
2.8,2.9,-6.2,-6.1,513	
2.8,2.9,-7.3,-7.2,162	
2.8,2.9,-8.4,-8.3,14	
2.8,2.9,-9.5,-9.4,2	
2.8,2.9,0.1,0.2,24112	
2.8,2.9,1.0,1.1,17156	
2.8,2.9,10.0,10.1,1	
2.8,2.9,1.8,1.9,16710	
2.8,2.9,2.1,2.2,19005	
2.8,2.9,2.9,3.0,24157	
2.8,2.9,3.2,3.3,23512	
2.8,2.9,4.3,4.4,9900	
2.8,2.9,5.4,5.5,1520	
2.8,2.9,6.5,6.6,397	
2.8,2.9,7.6,7.7,116	
2.8,2.9,8.7,8.8,14	
2.8,2.9,0.9,1.0,18238	
2.8,2.9,9.0,9.1,5	
2.9,3.0,-1.4,-1.3,15534	
2.9,3.0,-2.5,-2.4,22790	
2.9,3.0,-3.6,-3.5,19678	
2.9,3.0,-4.7,-4.6,5486	
2.9,3.0,-0.5,-0.4,21904	
2.9,3.0,-5.0,-4.9,3190	
2.9,3.0,-5.8,-5.7,713	
2.9,3.0,-6.1,-6.0,475	
2.9,3.0,-6.9,-6.8,215	
2.9,3.0,-7.2,-7.1,139	
2.9,3.0,-8.3,-8.2,9	
2.9,3.0,-9.4,-9.3,1	
2.9,3.0,0.0,0.1,49124	
2.9,3.0,1.1,1.2,16901	
2.9,3.0,1.9,2.0,17634	
2.9,3.0,2.2,2.3,20216	
2.9,3.0,3.3,3.4,22967	
2.9,3.0,4.4,4.5,8546	
2.9,3.0,5.5,5.6,1157	
2.9,3.0,6.6,6.7,293	
2.9,3.0,7.7,7.8,73	
2.9,3.0,0.8,0.9,19339	
2.9,3.0,8.0,8.1,35	
2.9,3.0,8.8,8.9,6	
2.9,3.0,9.1,9.2,6	
2.9,3.0,9.9,10.0,2	
0.3,0.4,-10.6,-10.5,2	
0.3,0.4,-1.2,-1.1,5416	
0.3,0.4,-2.3,-2.2,18877	
0.3,0.4,-3.4,-3.3,21996	
0.3,0.4,-4.5,-4.4,14945	
0.3,0.4,-5.6,-5.5,21734	
0.3,0.4,-6.7,-6.6,17085	
0.3,0.4,-0.7,-0.6,2467	
0.3,0.4,-7.0,-6.9,12979	
0.3,0.4,-7.8,-7.7,4099	
0.3,0.4,-8.1,-8.0,2162	
0.3,0.4,-8.9,-8.8,313	
0.3,0.4,-9.2,-9.1,120	
0.3,0.4,1.3,1.4,6172	
0.3,0.4,2.4,2.5,19810	
0.3,0.4,3.5,3.6,21356	
0.3,0.4,4.6,4.7,15093	
0.3,0.4,5.7,5.8,22392	
0.3,0.4,0.6,0.7,2191	
0.3,0.4,6.0,6.1,22332	
0.3,0.4,6.8,6.9,15419	
0.3,0.4,7.1,7.2,11719	
0.3,0.4,7.9,8.0,3362	
0.3,0.4,8.2,8.3,1803	
0.3,0.4,9.3,9.4,94	
3.0,3.1,-1.6,-1.5,15710	
3.0,3.1,-2.7,-2.6,24028	
3.0,3.1,-0.3,-0.2,23626	
3.0,3.1,-3.0,-2.9,24529	
3.0,3.1,-3.8,-3.7,16694	
3.0,3.1,-4.1,-4.0,12539	
3.0,3.1,-4.9,-4.8,3647	
3.0,3.1,-5.2,-5.1,2092	
3.0,3.1,-6.3,-6.2,296	
3.0,3.1,-7.4,-7.3,89	
3.0,3.1,-8.5,-8.4,6	
3.0,3.1,1.7,1.8,16423	
3.0,3.1,0.2,0.3,24181	
3.0,3.1,2.0,2.1,18189	
3.0,3.1,2.8,2.9,24314	
3.0,3.1,3.1,3.2,23576	
3.0,3.1,3.9,4.0,15502	
3.0,3.1,4.2,4.3,11312	
3.0,3.1,5.3,5.4,1694	
3.0,3.1,6.4,6.5,260	
3.0,3.1,7.5,7.6,70	
3.0,3.1,8.6,8.7,9	
3.1,3.2,-1.5,-1.4,15569	
3.1,3.2,-2.6,-2.5,23024	
3.1,3.2,-3.7,-3.6,18068	
3.1,3.2,-0.4,-0.3,22986	
3.1,3.2,-4.0,-3.9,13718	
3.1,3.2,-4.8,-4.7,4465	
3.1,3.2,-5.1,-5.0,2585	
3.1,3.2,-5.9,-5.8,457	
3.1,3.2,-6.2,-6.1,301	
3.1,3.2,-7.3,-7.2,68	
3.1,3.2,-8.4,-8.3,11	
3.1,3.2,-9.5,-9.4,1	
3.1,3.2,0.1,0.2,24666	
3.1,3.2,1.0,1.1,17726	
3.1,3.2,1.8,1.9,16643	
3.1,3.2,2.1,2.2,19193	
3.1,3.2,2.9,3.0,23812	
3.1,3.2,3.2,3.3,23111	
3.1,3.2,4.3,4.4,9646	
3.1,3.2,5.4,5.5,1339	
3.1,3.2,6.5,6.6,188	
3.1,3.2,7.6,7.7,41	
3.1,3.2,8.7,8.8,3	
3.1,3.2,0.9,1.0,18152	
3.1,3.2,9.0,9.1,2	
3.2,3.3,-1.4,-1.3,15197	
3.2,3.3,-2.5,-2.4,22083	
3.2,3.3,-3.6,-3.5,18918	
3.2,3.3,-4.7,-4.6,5041	
3.2,3.3,-0.5,-0.4,21533	
3.2,3.3,-5.0,-4.9,2975	
3.2,3.3,-5.8,-5.7,522	
3.2,3.3,-6.1,-6.0,294	
3.2,3.3,-6.9,-6.8,108	
3.2,3.3,-7.2,-7.1,58	
3.2,3.3,-8.3,-8.2,8	
3.2,3.3,0.0,0.1,48457	
3.2,3.3,1.1,1.2,16540	
3.2,3.3,1.9,2.0,17078	
3.2,3.3,2.2,2.3,19531	
3.2,3.3,3.3,3.4,22281	
3.2,3.3,4.4,4.5,8151	
3.2,3.3,5.5,5.6,1024	
3.2,3.3,6.6,6.7,127	
3.2,3.3,7.7,7.8,26	
3.2,3.3,0.8,0.9,18775	
3.2,3.3,8.0,8.1,18	
3.2,3.3,8.8,8.9,1	
3.2,3.3,9.1,9.2,1	
3.3,3.4,-1.3,-1.2,15090	
3.3,3.4,-2.4,-2.3,20979	
3.3,3.4,-3.5,-3.4,19546	
3.3,3.4,-4.6,-4.5,5725	
3.3,3.4,-5.7,-5.6,618	
3.3,3.4,-0.6,-0.5,20211	
3.3,3.4,-6.0,-5.9,310	
3.3,3.4,-6.8,-6.7,84	
3.3,3.4,-7.1,-7.0,40	
3.3,3.4,-7.9,-7.8,17	
3.3,3.4,-8.2,-8.1,9	
3.3,3.4,1.2,1.3,15415	
3.3,3.4,2.3,2.4,19558	
3.3,3.4,3.4,3.5,20433	
3.3,3.4,4.5,4.6,6890	
3.3,3.4,5.6,5.7,803	
3.3,3.4,6.7,6.8,96	
3.3,3.4,0.7,0.8,19289	
3.3,3.4,7.0,7.1,53	
3.3,3.4,7.8,7.9,15	
3.3,3.4,8.1,8.2,11	
3.4,3.5,-1.2,-1.1,15129	
3.4,3.5,-2.3,-2.2,18882	
3.4,3.5,-3.4,-3.3,19785	
3.4,3.5,-4.5,-4.4,6479	
3.4,3.5,-5.6,-5.5,643	
3.4,3.5,-6.7,-6.6,47	
3.4,3.5,-0.7,-0.6,18649	
3.4,3.5,-7.0,-6.9,44	
3.4,3.5,-7.8,-7.7,7	
3.4,3.5,-8.1,-8.0,5	
3.4,3.5,1.3,1.4,14564	
3.4,3.5,2.4,2.5,19688	
3.4,3.5,3.5,3.6,18597	
3.4,3.5,4.6,4.7,5589	
3.4,3.5,5.7,5.8,538	
3.4,3.5,0.6,0.7,19575	
3.4,3.5,6.0,6.1,282	
3.4,3.5,6.8,6.9,57	
3.4,3.5,7.1,7.2,28	
3.4,3.5,7.9,8.0,8	
3.4,3.5,8.2,8.3,2	
3.5,3.6,-1.1,-1.0,15007	
3.5,3.6,-1.9,-1.8,15181	
3.5,3.6,-2.2,-2.1,17218	
3.5,3.6,-3.3,-3.2,19418	
3.5,3.6,-4.4,-4.3,7139	
3.5,3.6,-5.5,-5.4,804	
3.5,3.6,-6.6,-6.5,78	
3.5,3.6,-7.7,-7.6,9	
3.5,3.6,-0.8,-0.7,16970	
3.5,3.6,-8.0,-7.9,11	
3.5,3.6,-8.8,-8.7,3	
3.5,3.6,1.4,1.5,13839	
3.5,3.6,2.5,2.6,19322	
3.5,3.6,3.6,3.7,16623	
3.5,3.6,4.7,4.8,4514	
3.5,3.6,0.5,0.6,19567	
3.5,3.6,5.0,5.1,2486	
3.5,3.6,5.8,5.9,418	
3.5,3.6,6.1,6.2,191	
3.5,3.6,6.9,7.0,34	
3.5,3.6,7.2,7.3,25	
3.5,3.6,8.3,8.4,3	
3.6,3.7,-0.1,0.0,21032	
3.6,3.7,-1.0,-0.9,14984	
3.6,3.7,-1.8,-1.7,13744	
3.6,3.7,-2.1,-2.0,15638	
3.6,3.7,-2.9,-2.8,19346	
3.6,3.7,-3.2,-3.1,18981	
3.6,3.7,-4.3,-4.2,7747	
3.6,3.7,-5.4,-5.3,955	
3.6,3.7,-6.5,-6.4,59	
3.6,3.7,-7.6,-7.5,11	
3.6,3.7,-8.7,-8.6,1	
3.6,3.7,-0.9,-0.8,15549	
3.6,3.7,1.5,1.6,13015	
3.6,3.7,2.6,2.7,18867	
3.6,3.7,3.7,3.8,14359	
3.6,3.7,0.4,0.5,19568	
3.6,3.7,4.0,4.1,11209	
3.6,3.7,4.8,4.9,3508	
3.6,3.7,5.1,5.2,1939	
3.6,3.7,5.9,6.0,305	
3.6,3.7,6.2,6.3,131	
3.6,3.7,7.3,7.4,15	
3.6,3.7,8.4,8.5,2	
3.7,3.8,-1.7,-1.6,12461	
3.7,3.8,-0.2,-0.1,19926	
3.7,3.8,-2.0,-1.9,13960	
3.7,3.8,-2.8,-2.7,18328	
3.7,3.8,-3.1,-3.0,17991	
3.7,3.8,-3.9,-3.8,11502	
3.7,3.8,-4.2,-4.1,8195	
3.7,3.8,-5.3,-5.2,1164	
3.7,3.8,-6.4,-6.3,61	
3.7,3.8,-7.5,-7.4,9	
3.7,3.8,1.6,1.7,12337	
3.7,3.8,2.7,2.8,17879	
3.7,3.8,0.3,0.4,19555	
3.7,3.8,3.0,3.1,18329	
3.7,3.8,3.8,3.9,12680	
3.7,3.8,4.1,4.2,9293	
3.7,3.8,4.9,5.0,2687	
3.7,3.8,5.2,5.3,1528	
3.7,3.8,6.3,6.4,109	
3.7,3.8,7.4,7.5,6	
3.8,3.9,-1.6,-1.5,11802	
3.8,3.9,-2.7,-2.6,16547	
3.8,3.9,-0.3,-0.2,18273	
3.8,3.9,-3.0,-2.9,16948	
3.8,3.9,-3.8,-3.7,11754	
3.8,3.9,-4.1,-4.0,8558	
3.8,3.9,-4.9,-4.8,2522	
3.8,3.9,-5.2,-5.1,1356	
3.8,3.9,-6.3,-6.2,77	
3.8,3.9,-7.4,-7.3,3	
3.8,3.9,1.7,1.8,11676	
3.8,3.9,0.2,0.3,19011	
3.8,3.9,2.0,2.1,12949	
3.8,3.9,2.8,2.9,16775	
3.8,3.9,3.1,3.2,16601	
3.8,3.9,3.9,4.0,10487	
3.8,3.9,4.2,4.3,7707	
3.8,3.9,5.3,5.4,1051	
3.8,3.9,6.4,6.5,54	
3.8,3.9,7.5,7.6,4	
3.9,4.0,-1.5,-1.4,10883	
3.9,4.0,-2.6,-2.5,14658	
3.9,4.0,-3.7,-3.6,11518	
3.9,4.0,-0.4,-0.3,17086	
3.9,4.0,-4.0,-3.9,8771	
3.9,4.0,-4.8,-4.7,2727	
3.9,4.0,-5.1,-5.0,1510	
3.9,4.0,-5.9,-5.8,219	
3.9,4.0,-6.2,-6.1,92	
3.9,4.0,-7.3,-7.2,3	
3.9,4.0,0.1,0.2,18346	
3.9,4.0,1.0,1.1,12849	
3.9,4.0,1.8,1.9,10925	
3.9,4.0,2.1,2.2,12382	
3.9,4.0,2.9,3.0,15382	
3.9,4.0,3.2,3.3,14617	
3.9,4.0,4.3,4.4,6116	
3.9,4.0,5.4,5.5,778	
3.9,4.0,6.5,6.6,27	
3.9,4.0,7.6,7.7,4	
3.9,4.0,0.9,1.0,13281	
0.4,0.5,-10.7,-10.6,1	
0.4,0.5,-1.1,-1.0,4644	
0.4,0.5,-11.0,-10.9,1	
0.4,0.5,-1.9,-1.8,13095	
0.4,0.5,-2.2,-2.1,17027	
0.4,0.5,-3.3,-3.2,21723	
0.4,0.5,-4.4,-4.3,14174	
0.4,0.5,-5.5,-5.4,20643	
0.4,0.5,-6.6,-6.5,17418	
0.4,0.5,-7.7,-7.6,4599	
0.4,0.5,-0.8,-0.7,2997	
0.4,0.5,-8.0,-7.9,2634	
0.4,0.5,-8.8,-8.7,368	
0.4,0.5,-9.1,-9.0,155	
0.4,0.5,-9.9,-9.8,10	
0.4,0.5,10.4,10.5,1	
0.4,0.5,1.4,1.5,7068	
0.4,0.5,2.5,2.6,20645	
0.4,0.5,3.6,3.7,19477	
0.4,0.5,4.7,4.8,14669	
0.4,0.5,0.5,0.6,2020	
0.4,0.5,5.0,5.1,16478	
0.4,0.5,5.8,5.9,21738	
0.4,0.5,6.1,6.2,21448	
0.4,0.5,6.9,7.0,13517	
0.4,0.5,7.2,7.3,9771	
0.4,0.5,8.3,8.4,1336	
0.4,0.5,9.4,9.5,52	
4.0,4.1,-1.7,-1.6,9941	
4.0,4.1,-0.2,-0.1,17048	
4.0,4.1,-2.0,-1.9,10990	
4.0,4.1,-2.8,-2.7,14098	
4.0,4.1,-3.1,-3.0,13683	
4.0,4.1,-3.9,-3.8,8686	
4.0,4.1,-4.2,-4.1,6254	
4.0,4.1,-5.3,-5.2,853	
4.0,4.1,-6.4,-6.3,43	
4.0,4.1,-7.5,-7.4,3	
4.0,4.1,1.6,1.7,9953	
4.0,4.1,2.7,2.8,13593	
4.0,4.1,0.3,0.4,16556	
4.0,4.1,3.0,3.1,14157	
4.0,4.1,3.8,3.9,9543	
4.0,4.1,4.1,4.2,7175	
4.0,4.1,4.9,5.0,2063	
4.0,4.1,5.2,5.3,1043	
4.0,4.1,6.3,6.4,47	
4.0,4.1,7.4,7.5,6	
4.1,4.2,-1.6,-1.5,9368	
4.1,4.2,-2.7,-2.6,12244	
4.1,4.2,-0.3,-0.2,16254	
4.1,4.2,-3.0,-2.9,12574	
4.1,4.2,-3.8,-3.7,8627	
4.1,4.2,-4.1,-4.0,6521	
4.1,4.2,-4.9,-4.8,1832	
4.1,4.2,-5.2,-5.1,983	
4.1,4.2,-6.3,-6.2,40	
4.1,4.2,-8.5,-8.4,1	
4.1,4.2,1.7,1.8,9193	
4.1,4.2,0.2,0.3,16669	
4.1,4.2,2.0,2.1,9871	
4.1,4.2,2.8,2.9,12490	
4.1,4.2,3.1,3.2,12290	
4.1,4.2,3.9,4.0,7969	
4.1,4.2,4.2,4.3,5632	
4.1,4.2,5.3,5.4,728	
4.1,4.2,6.4,6.5,45	
4.1,4.2,7.5,7.6,1	
4.2,4.3,-1.5,-1.4,8658	
4.2,4.3,-2.6,-2.5,10765	
4.2,4.3,-3.7,-3.6,8435	
4.2,4.3,-0.4,-0.3,15115	
4.2,4.3,-4.0,-3.9,6316	
4.2,4.3,-4.8,-4.7,1923	
4.2,4.3,-5.1,-5.0,1107	
4.2,4.3,-5.9,-5.8,157	
4.2,4.3,-6.2,-6.1,51	
4.2,4.3,-7.3,-7.2,2	
4.2,4.3,0.1,0.2,16309	
4.2,4.3,1.0,1.1,10874	
4.2,4.3,1.8,1.9,8539	
4.2,4.3,2.1,2.2,9078	
4.2,4.3,2.9,3.0,11088	
4.2,4.3,3.2,3.3,10566	
4.2,4.3,4.3,4.4,4344	
4.2,4.3,5.4,5.5,535	
4.2,4.3,6.5,6.6,18	
4.2,4.3,7.6,7.7,1	
4.2,4.3,0.9,1.0,11557	
4.3,4.4,-1.4,-1.3,8390	
4.3,4.4,-2.5,-2.4,9247	
4.3,4.4,-3.6,-3.5,7754	
4.3,4.4,-4.7,-4.6,2113	
4.3,4.4,-0.5,-0.4,14171	
4.3,4.4,-5.0,-4.9,1192	
4.3,4.4,-5.8,-5.7,179	
4.3,4.4,-6.1,-6.0,71	
4.3,4.4,-6.9,-6.8,5	
4.3,4.4,-7.2,-7.1,2	
4.3,4.4,0.0,0.1,31998	
4.3,4.4,1.1,1.2,9660	
4.3,4.4,1.9,2.0,7761	
4.3,4.4,2.2,2.3,8570	
4.3,4.4,3.3,3.4,9001	
4.3,4.4,4.4,4.5,3362	
4.3,4.4,5.5,5.6,363	
4.3,4.4,6.6,6.7,23	
4.3,4.4,0.8,0.9,11857	
4.3,4.4,8.0,8.1,2	
4.4,4.5,-1.3,-1.2,8621	
4.4,4.5,-2.4,-2.3,8039	
4.4,4.5,-3.5,-3.4,7231	
4.4,4.5,-4.6,-4.5,2165	
4.4,4.5,-5.7,-5.6,178	
4.4,4.5,-0.6,-0.5,13243	
4.4,4.5,-6.0,-5.9,93	
4.4,4.5,-6.8,-6.7,7	
4.4,4.5,1.2,1.3,8890	
4.4,4.5,2.3,2.4,7714	
4.4,4.5,3.4,3.5,7647	
4.4,4.5,4.5,4.6,2563	
4.4,4.5,5.6,5.7,266	
4.4,4.5,6.7,6.8,7	
4.4,4.5,0.7,0.8,12574	
4.4,4.5,7.0,7.1,4	
4.4,4.5,7.8,7.9,1	
4.5,4.6,-1.2,-1.1,8660	
4.5,4.6,-2.3,-2.2,6666	
4.5,4.6,-3.4,-3.3,6623	
4.5,4.6,-4.5,-4.4,2068	
4.5,4.6,-5.6,-5.5,217	
4.5,4.6,-6.7,-6.6,6	
4.5,4.6,-0.7,-0.6,12407	
4.5,4.6,-7.0,-6.9,3	
4.5,4.6,1.3,1.4,8125	
4.5,4.6,2.4,2.5,6863	
4.5,4.6,3.5,3.6,6350	
4.5,4.6,4.6,4.7,1751	
4.5,4.6,5.7,5.8,170	
4.5,4.6,0.6,0.7,13110	
4.5,4.6,6.0,6.1,71	
4.5,4.6,6.8,6.9,1	
4.5,4.6,7.1,7.2,4	
4.6,4.7,-1.1,-1.0,9241	
4.6,4.7,-1.9,-1.8,5874	
4.6,4.7,-2.2,-2.1,6036	
4.6,4.7,-3.3,-3.2,5859	
4.6,4.7,-4.4,-4.3,2050	
4.6,4.7,-5.5,-5.4,243	
4.6,4.7,-6.6,-6.5,9	
4.6,4.7,-0.8,-0.7,11435	
4.6,4.7,1.4,1.5,7267	
4.6,4.7,2.5,2.6,6041	
4.6,4.7,3.6,3.7,5059	
4.6,4.7,4.7,4.8,1291	
4.6,4.7,0.5,0.6,13861	
4.6,4.7,5.0,5.1,790	
4.6,4.7,5.8,5.9,96	
4.6,4.7,6.1,6.2,36	
4.6,4.7,6.9,7.0,5	
4.6,4.7,7.2,7.3,2	
4.7,4.8,-0.1,0.0,15875	
4.7,4.8,-1.0,-0.9,9997	
4.7,4.8,-1.8,-1.7,5618	
4.7,4.8,-2.1,-2.0,5348	
4.7,4.8,-2.9,-2.8,5415	
4.7,4.8,-3.2,-3.1,5034	
4.7,4.8,-4.3,-4.2,2068	
4.7,4.8,-5.4,-5.3,249	
4.7,4.8,-6.5,-6.4,12	
4.7,4.8,-0.9,-0.8,10925	
4.7,4.8,1.5,1.6,6570	
4.7,4.8,2.6,2.7,5342	
4.7,4.8,3.7,3.8,4004	
4.7,4.8,0.4,0.5,14689	
4.7,4.8,4.0,4.1,2987	
4.7,4.8,4.8,4.9,985	
4.7,4.8,5.1,5.2,477	
4.7,4.8,5.9,6.0,61	
4.7,4.8,6.2,6.3,29	
4.7,4.8,7.3,7.4,2	
4.8,4.9,-1.7,-1.6,5531	
4.8,4.9,-0.2,-0.1,16200	
4.8,4.9,-2.0,-1.9,4925	
4.8,4.9,-2.8,-2.7,4581	
4.8,4.9,-3.1,-3.0,4410	
4.8,4.9,-3.9,-3.8,2740	
4.8,4.9,-4.2,-4.1,1941	
4.8,4.9,-5.3,-5.2,291	
4.8,4.9,-6.4,-6.3,9	
4.8,4.9,1.6,1.7,6079	
4.8,4.9,2.7,2.8,4561	
4.8,4.9,0.3,0.4,15641	
4.8,4.9,3.0,3.1,4458	
4.8,4.9,3.8,3.9,3025	
4.8,4.9,4.1,4.2,2301	
4.8,4.9,4.9,5.0,641	
4.8,4.9,5.2,5.3,350	
4.8,4.9,6.3,6.4,16	
4.9,5.0,-1.6,-1.5,5821	
4.9,5.0,-2.7,-2.6,3905	
4.9,5.0,-0.3,-0.2,16584	
4.9,5.0,-3.0,-2.9,3698	
4.9,5.0,-3.8,-3.7,2484	
4.9,5.0,-4.1,-4.0,1806	
4.9,5.0,-4.9,-4.8,572	
4.9,5.0,-5.2,-5.1,303	
4.9,5.0,-6.3,-6.2,13	
4.9,5.0,1.7,1.8,5338	
4.9,5.0,0.2,0.3,16825	
4.9,5.0,2.0,2.1,4593	
4.9,5.0,2.8,2.9,3831	
4.9,5.0,3.1,3.2,3619	
4.9,5.0,3.9,4.0,2324	
4.9,5.0,4.2,4.3,1650	
4.9,5.0,5.3,5.4,225	
4.9,5.0,6.4,6.5,6	
0.5,0.6,-0.1,0.0,1767	
0.5,0.6,-1.0,-0.9,3973	
0.5,0.6,-10.0,-9.9,4	
0.5,0.6,-10.8,-10.7,1	
0.5,0.6,-1.8,-1.7,11476	
0.5,0.6,-2.1,-2.0,15222	
0.5,0.6,-2.9,-2.8,21771	
0.5,0.6,-3.2,-3.1,21494	
0.5,0.6,-4.3,-4.2,13931	
0.5,0.6,-5.4,-5.3,18509	
0.5,0.6,-6.5,-6.4,17754	
0.5,0.6,-7.6,-7.5,5246	
0.5,0.6,-8.7,-8.6,511	
0.5,0.6,-0.9,-0.8,3491	
0.5,0.6,-9.0,-8.9,184	
0.5,0.6,-9.8,-9.7,10	
0.5,0.6,10.3,10.4,3	
0.5,0.6,1.5,1.6,8015	
0.5,0.6,2.6,2.7,20704	
0.5,0.6,3.7,3.8,18139	
0.5,0.6,0.4,0.5,1999	
0.5,0.6,4.0,4.1,15487	
0.5,0.6,4.8,4.9,14392	
0.5,0.6,5.1,5.2,16560	
0.5,0.6,5.9,6.0,20633	
0.5,0.6,6.2,6.3,20020	
0.5,0.6,7.3,7.4,8217	
0.5,0.6,8.4,8.5,1075	
0.5,0.6,9.5,9.6,28	
5.0,5.1,-0.1,0.0,17956	
5.0,5.1,-1.0,-0.9,10797	
5.0,5.1,-1.8,-1.7,4799	
5.0,5.1,-2.1,-2.0,3768	
5.0,5.1,-2.9,-2.8,3114	
5.0,5.1,-3.2,-3.1,2862	
5.0,5.1,-4.3,-4.2,1170	
5.0,5.1,-5.4,-5.3,160	
5.0,5.1,-6.5,-6.4,5	
5.0,5.1,-0.9,-0.8,11986	
5.0,5.1,1.5,1.6,6485	
5.0,5.1,2.6,2.7,3266	
5.0,5.1,3.7,3.8,2284	
5.0,5.1,0.4,0.5,16419	
5.0,5.1,4.0,4.1,1695	
5.0,5.1,4.8,4.9,555	
5.0,5.1,5.1,5.2,266	
5.0,5.1,5.9,6.0,44	
5.0,5.1,6.2,6.3,12	
5.1,5.2,-1.7,-1.6,5198	
5.1,5.2,-0.2,-0.1,18315	
5.1,5.2,-2.0,-1.9,3840	
5.1,5.2,-2.8,-2.7,2703	
5.1,5.2,-3.1,-3.0,2424	
5.1,5.2,-3.9,-3.8,1522	
5.1,5.2,-4.2,-4.1,1036	
5.1,5.2,-5.3,-5.2,155	
5.1,5.2,-6.4,-6.3,6	
5.1,5.2,-7.5,-7.4,2	
5.1,5.2,1.6,1.7,5835	
5.1,5.2,2.7,2.8,2672	
5.1,5.2,0.3,0.4,18269	
5.1,5.2,3.0,3.1,2530	
5.1,5.2,3.8,3.9,1687	
5.1,5.2,4.1,4.2,1257	
5.1,5.2,4.9,5.0,352	
5.1,5.2,5.2,5.3,176	
5.1,5.2,6.3,6.4,11	
5.1,5.2,7.4,7.5,1	
5.2,5.3,-1.6,-1.5,5895	
5.2,5.3,-2.7,-2.6,2277	
5.2,5.3,-0.3,-0.2,18831	
5.2,5.3,-3.0,-2.9,2124	
5.2,5.3,-3.8,-3.7,1381	
5.2,5.3,-4.1,-4.0,955	
5.2,5.3,-4.9,-4.8,286	
5.2,5.3,-5.2,-5.1,129	
5.2,5.3,-6.3,-6.2,8	
5.2,5.3,-7.4,-7.3,1	
5.2,5.3,1.7,1.8,5174	
5.2,5.3,0.2,0.3,19194	
5.2,5.3,2.0,2.1,3642	
5.2,5.3,2.8,2.9,2297	
5.2,5.3,3.1,3.2,2045	
5.2,5.3,3.9,4.0,1223	
5.2,5.3,4.2,4.3,847	
5.2,5.3,5.3,5.4,134	
5.2,5.3,6.4,6.5,4	
5.3,5.4,-1.5,-1.4,6772	
5.3,5.4,-2.6,-2.5,2081	
5.3,5.4,-3.7,-3.6,1153	
5.3,5.4,-0.4,-0.3,18917	
5.3,5.4,-4.0,-3.9,895	
5.3,5.4,-4.8,-4.7,278	
5.3,5.4,-5.1,-5.0,142	
5.3,5.4,-5.9,-5.8,20	
5.3,5.4,-6.2,-6.1,11	
5.3,5.4,0.1,0.2,20393	
5.3,5.4,1.0,1.1,12093	
5.3,5.4,1.8,1.9,4636	
5.3,5.4,2.1,2.2,3089	
5.3,5.4,2.9,3.0,1797	
5.3,5.4,3.2,3.3,1598	
5.3,5.4,4.3,4.4,585	
5.3,5.4,5.4,5.5,77	
5.3,5.4,6.5,6.6,6	
5.3,5.4,0.9,1.0,13469	
5.4,5.5,-1.4,-1.3,7734	
5.4,5.5,-2.5,-2.4,1911	
5.4,5.5,-3.6,-3.5,941	
5.4,5.5,-4.7,-4.6,268	
5.4,5.5,-0.5,-0.4,18653	
5.4,5.5,-5.0,-4.9,158	
5.4,5.5,-5.8,-5.7,30	
5.4,5.5,-6.1,-6.0,11	
5.4,5.5,-6.9,-6.8,2	
5.4,5.5,0.0,0.1,43454	
5.4,5.5,1.1,1.2,11583	
5.4,5.5,1.9,2.0,3849	
5.4,5.5,2.2,2.3,2623	
5.4,5.5,3.3,3.4,1159	
5.4,5.5,4.4,4.5,419	
5.4,5.5,5.5,5.6,52	
5.4,5.5,6.6,6.7,3	
5.4,5.5,0.8,0.9,15213	
5.5,5.6,-1.3,-1.2,9187	
5.5,5.6,-2.4,-2.3,1882	
5.5,5.6,-3.5,-3.4,901	
5.5,5.6,-4.6,-4.5,240	
5.5,5.6,-5.7,-5.6,26	
5.5,5.6,-0.6,-0.5,18254	
5.5,5.6,-6.0,-5.9,8	
5.5,5.6,1.2,1.3,10450	
5.5,5.6,2.3,2.4,2192	
5.5,5.6,3.4,3.5,934	
5.5,5.6,4.5,4.6,251	
5.5,5.6,5.6,5.7,38	
5.5,5.6,0.7,0.8,16961	
5.6,5.7,-1.2,-1.1,10860	
5.6,5.7,-2.3,-2.2,2062	
5.6,5.7,-3.4,-3.3,732	
5.6,5.7,-4.5,-4.4,195	
5.6,5.7,-5.6,-5.5,24	
5.6,5.7,-6.7,-6.6,2	
5.6,5.7,-0.7,-0.6,17478	
5.6,5.7,1.3,1.4,9615	
5.6,5.7,2.4,2.5,1788	
5.6,5.7,3.5,3.6,670	
5.6,5.7,4.6,4.7,174	
5.6,5.7,5.7,5.8,15	
5.6,5.7,0.6,0.7,18605	
5.6,5.7,6.0,6.1,6	
5.7,5.8,-1.1,-1.0,12372	
5.7,5.8,-1.9,-1.8,3832	
5.7,5.8,-2.2,-2.1,2267	
5.7,5.8,-3.3,-3.2,648	
5.7,5.8,-4.4,-4.3,198	
5.7,5.8,-5.5,-5.4,20	
5.7,5.8,-0.8,-0.7,16389	
5.7,5.8,1.4,1.5,8296	
5.7,5.8,2.5,2.6,1386	
5.7,5.8,3.6,3.7,446	
5.7,5.8,4.7,4.8,131	
5.7,5.8,0.5,0.6,20473	
5.7,5.8,5.0,5.1,61	
5.7,5.8,5.8,5.9,9	
5.7,5.8,6.1,6.2,3	
5.8,5.9,-0.1,0.0,23909	
5.8,5.9,-1.0,-0.9,13828	
5.8,5.9,-1.8,-1.7,4558	
5.8,5.9,-2.1,-2.0,2700	
5.8,5.9,-2.9,-2.8,727	
5.8,5.9,-3.2,-3.1,545	
5.8,5.9,-4.3,-4.2,188	
5.8,5.9,-5.4,-5.3,26	
5.8,5.9,-0.9,-0.8,15237	
5.8,5.9,1.5,1.6,7295	
5.8,5.9,2.6,2.7,1120	
5.8,5.9,3.7,3.8,313	
5.8,5.9,0.4,0.5,21898	
5.8,5.9,4.0,4.1,255	
5.8,5.9,4.8,4.9,72	
5.8,5.9,5.1,5.2,33	
5.8,5.9,5.9,6.0,2	
5.8,5.9,6.2,6.3,1	
5.9,6.0,-1.7,-1.6,5307	
5.9,6.0,-0.2,-0.1,23284	
5.9,6.0,-2.0,-1.9,3194	
5.9,6.0,-2.8,-2.7,701	
5.9,6.0,-3.1,-3.0,458	
5.9,6.0,-3.9,-3.8,215	
5.9,6.0,-4.2,-4.1,138	
5.9,6.0,-5.3,-5.2,22	
5.9,6.0,1.6,1.7,6124	
5.9,6.0,2.7,2.8,835	
5.9,6.0,0.3,0.4,22796	
5.9,6.0,3.0,3.1,528	
5.9,6.0,3.8,3.9,238	
5.9,6.0,4.1,4.2,158	
5.9,6.0,4.9,5.0,48	
5.9,6.0,5.2,5.3,22	
5.9,6.0,6.3,6.4,2	
0.6,0.7,-10.1,-10.0,4	
0.6,0.7,-1.7,-1.6,9784	
0.6,0.7,-0.2,-0.1,2046	
0.6,0.7,-2.0,-1.9,13431	
0.6,0.7,-2.8,-2.7,20820	
0.6,0.7,-3.1,-3.0,21164	
0.6,0.7,-3.9,-3.8,15801	
0.6,0.7,-4.2,-4.1,13957	
0.6,0.7,-5.3,-5.2,16696	
0.6,0.7,-6.4,-6.3,17385	
0.6,0.7,-7.5,-7.4,5864	
0.6,0.7,-8.6,-8.5,555	
0.6,0.7,-9.7,-9.6,20	
0.6,0.7,10.2,10.3,4	
0.6,0.7,11.3,11.4,1	
0.6,0.7,1.6,1.7,8888	
0.6,0.7,2.7,2.8,20373	
0.6,0.7,0.3,0.4,2128	
0.6,0.7,3.0,3.1,20950	
0.6,0.7,3.8,3.9,16207	
0.6,0.7,4.1,4.2,14401	
0.6,0.7,4.9,5.0,14289	
0.6,0.7,5.2,5.3,16278	
0.6,0.7,6.3,6.4,18160	
0.6,0.7,7.4,7.5,6772	
0.6,0.7,8.5,8.6,772	
0.6,0.7,9.6,9.7,16	
6.0,6.1,-1.1,-1.0,12352	
6.0,6.1,-1.9,-1.8,3666	
6.0,6.1,-2.2,-2.1,2049	
6.0,6.1,-3.3,-3.2,316	
6.0,6.1,-4.4,-4.3,88	
6.0,6.1,-5.5,-5.4,12	
6.0,6.1,-6.6,-6.5,1	
6.0,6.1,-0.8,-0.7,16910	
6.0,6.1,1.4,1.5,8443	
6.0,6.1,2.5,2.6,1163	
6.0,6.1,3.6,3.7,213	
6.0,6.1,4.7,4.8,48	
6.0,6.1,0.5,0.6,20675	
6.0,6.1,5.0,5.1,26	
6.0,6.1,5.8,5.9,5	
6.0,6.1,6.1,6.2,2	
6.1,6.2,-0.1,0.0,23861	
6.1,6.2,-1.0,-0.9,13606	
6.1,6.2,-1.8,-1.7,4374	
6.1,6.2,-2.1,-2.0,2345	
6.1,6.2,-2.9,-2.8,472	
6.1,6.2,-3.2,-3.1,302	
6.1,6.2,-4.3,-4.2,83	
6.1,6.2,-5.4,-5.3,7	
6.1,6.2,-0.9,-0.8,15127	
6.1,6.2,1.5,1.6,7092	
6.1,6.2,2.6,2.7,805	
6.1,6.2,3.7,3.8,147	
6.1,6.2,0.4,0.5,21422	
6.1,6.2,4.0,4.1,104	
6.1,6.2,4.8,4.9,36	
6.1,6.2,5.1,5.2,14	
6.1,6.2,5.9,6.0,4	
6.1,6.2,6.2,6.3,1	
6.2,6.3,-1.7,-1.6,5106	
6.2,6.3,-0.2,-0.1,22418	
6.2,6.3,-2.0,-1.9,2911	
6.2,6.3,-2.8,-2.7,507	
6.2,6.3,-3.1,-3.0,280	
6.2,6.3,-3.9,-3.8,88	
6.2,6.3,-4.2,-4.1,49	
6.2,6.3,-5.3,-5.2,6	
6.2,6.3,1.6,1.7,6059	
6.2,6.3,2.7,2.8,674	
6.2,6.3,0.3,0.4,21882	
6.2,6.3,3.0,3.1,331	
6.2,6.3,3.8,3.9,97	
6.2,6.3,4.1,4.2,84	
6.2,6.3,4.9,5.0,19	
6.2,6.3,5.2,5.3,7	
6.3,6.4,-1.6,-1.5,5638	
6.3,6.4,-2.7,-2.6,603	
6.3,6.4,-0.3,-0.2,21023	
6.3,6.4,-3.0,-2.9,279	
6.3,6.4,-3.8,-3.7,79	
6.3,6.4,-4.1,-4.0,47	
6.3,6.4,-4.9,-4.8,13	
6.3,6.4,-5.2,-5.1,7	
6.3,6.4,1.7,1.8,4916	
6.3,6.4,0.2,0.3,21756	
6.3,6.4,2.0,2.1,2787	
6.3,6.4,2.8,2.9,474	
6.3,6.4,3.1,3.2,226	
6.3,6.4,3.9,4.0,76	
6.3,6.4,4.2,4.3,52	
6.3,6.4,5.3,5.4,11	
6.4,6.5,-1.5,-1.4,6571	
6.4,6.5,-2.6,-2.5,710	
6.4,6.5,-3.7,-3.6,63	
6.4,6.5,-0.4,-0.3,19395	
6.4,6.5,-4.0,-3.9,54	
6.4,6.5,-4.8,-4.7,17	
6.4,6.5,-5.1,-5.0,8	
6.4,6.5,-5.9,-5.8,1	
6.4,6.5,0.1,0.2,21244	
6.4,6.5,1.0,1.1,12642	
6.4,6.5,1.8,1.9,3968	
6.4,6.5,2.1,2.2,2232	
6.4,6.5,2.9,3.0,351	
6.4,6.5,3.2,3.3,169	
6.4,6.5,4.3,4.4,21	
6.4,6.5,5.4,5.5,4	
6.4,6.5,0.9,1.0,13729	
6.5,6.6,-1.4,-1.3,7218	
6.5,6.6,-2.5,-2.4,816	
6.5,6.6,-3.6,-3.5,63	
6.5,6.6,-4.7,-4.6,10	
6.5,6.6,-0.5,-0.4,17728	
6.5,6.6,-5.0,-4.9,3	
6.5,6.6,0.0,0.1,40810	
6.5,6.6,1.1,1.2,10642	
6.5,6.6,1.9,2.0,3045	
6.5,6.6,2.2,2.3,1681	
6.5,6.6,3.3,3.4,111	
6.5,6.6,4.4,4.5,19	
6.5,6.6,5.5,5.6,1	
6.5,6.6,0.8,0.9,14249	
6.6,6.7,-1.3,-1.2,7764	
6.6,6.7,-2.4,-2.3,993	
6.6,6.7,-3.5,-3.4,60	
6.6,6.7,-4.6,-4.5,15	
6.6,6.7,-5.7,-5.6,1	
6.6,6.7,-0.6,-0.5,15775	
6.6,6.7,1.2,1.3,8928	
6.6,6.7,2.3,2.4,1270	
6.6,6.7,3.4,3.5,76	
6.6,6.7,4.5,4.6,11	
6.6,6.7,5.6,5.7,2	
6.6,6.7,0.7,0.8,14664	
6.7,6.8,-1.2,-1.1,8241	
6.7,6.8,-2.3,-2.2,1166	
6.7,6.8,-3.4,-3.3,68	
6.7,6.8,-4.5,-4.4,11	
6.7,6.8,-0.7,-0.6,13499	
6.7,6.8,1.3,1.4,7301	
6.7,6.8,2.4,2.5,928	
6.7,6.8,3.5,3.6,63	
6.7,6.8,4.6,4.7,5	
6.7,6.8,0.6,0.7,14705	
6.8,6.9,-1.1,-1.0,8498	
6.8,6.9,-1.9,-1.8,2547	
6.8,6.9,-2.2,-2.1,1359	
6.8,6.9,-3.3,-3.2,67	
6.8,6.9,-4.4,-4.3,4	
6.8,6.9,-0.8,-0.7,11678	
6.8,6.9,1.4,1.5,5958	
6.8,6.9,2.5,2.6,652	
6.8,6.9,3.6,3.7,26	
6.8,6.9,4.7,4.8,2	
6.8,6.9,0.5,0.6,14409	
6.8,6.9,5.0,5.1,3	
6.9,7.0,-0.1,0.0,14899	
6.9,7.0,-1.0,-0.9,8707	
6.9,7.0,-1.8,-1.7,2749	
6.9,7.0,-2.1,-2.0,1486	
6.9,7.0,-2.9,-2.8,220	
6.9,7.0,-3.2,-3.1,81	
6.9,7.0,-4.3,-4.2,12	
6.9,7.0,-0.9,-0.8,9736	
6.9,7.0,1.5,1.6,4603	
6.9,7.0,2.6,2.7,456	
6.9,7.0,3.7,3.8,18	
6.9,7.0,0.4,0.5,13645	
6.9,7.0,4.0,4.1,9	
6.9,7.0,4.8,4.9,2	
6.9,7.0,5.1,5.2,2	
0.7,0.8,-10.2,-10.1,4	
0.7,0.8,-1.6,-1.5,8484	
0.7,0.8,-2.7,-2.6,19609	
0.7,0.8,-0.3,-0.2,2601	
0.7,0.8,-3.0,-2.9,20058	
0.7,0.8,-3.8,-3.7,15821	
0.7,0.8,-4.1,-4.0,13461	
0.7,0.8,-4.9,-4.8,13418	
0.7,0.8,-5.2,-5.1,15273	
0.7,0.8,-6.3,-6.2,17088	
0.7,0.8,-7.4,-7.3,6247	
0.7,0.8,-8.5,-8.4,703	
0.7,0.8,-9.6,-9.5,20	
0.7,0.8,10.1,10.2,4	
0.7,0.8,1.7,1.8,9566	
0.7,0.8,0.2,0.3,2320	
0.7,0.8,2.0,2.1,12999	
0.7,0.8,2.8,2.9,19928	
0.7,0.8,3.1,3.2,19948	
0.7,0.8,3.9,4.0,14950	
0.7,0.8,4.2,4.3,13060	
0.7,0.8,5.3,5.4,15854	
0.7,0.8,6.4,6.5,16130	
0.7,0.8,7.5,7.6,5314	
0.7,0.8,8.6,8.7,526	
0.7,0.8,9.7,9.8,7	
7.0,7.1,-1.2,-1.1,6437	
7.0,7.1,-2.3,-2.2,936	
7.0,7.1,-3.4,-3.3,32	
7.0,7.1,-0.7,-0.6,10410	
7.0,7.1,1.3,1.4,5536	
7.0,7.1,2.4,2.5,684	
7.0,7.1,3.5,3.6,32	
7.0,7.1,4.6,4.7,3	
7.0,7.1,0.6,0.7,11293	
7.1,7.2,-1.1,-1.0,6277	
7.1,7.2,-1.9,-1.8,1835	
7.1,7.2,-2.2,-2.1,971	
7.1,7.2,-3.3,-3.2,45	
7.1,7.2,-4.4,-4.3,4	
7.1,7.2,-0.8,-0.7,8613	
7.1,7.2,1.4,1.5,4341	
7.1,7.2,2.5,2.6,485	
7.1,7.2,3.6,3.7,15	
7.1,7.2,4.7,4.8,1	
7.1,7.2,0.5,0.6,10505	
7.1,7.2,5.0,5.1,2	
7.2,7.3,-0.1,0.0,10841	
7.2,7.3,-1.0,-0.9,6348	
7.2,7.3,-1.8,-1.7,2008	
7.2,7.3,-2.1,-2.0,1083	
7.2,7.3,-2.9,-2.8,155	
7.2,7.3,-3.2,-3.1,75	
7.2,7.3,-4.3,-4.2,2	
7.2,7.3,-0.9,-0.8,7075	
7.2,7.3,1.5,1.6,3300	
7.2,7.3,2.6,2.7,335	
7.2,7.3,3.7,3.8,14	
7.2,7.3,0.4,0.5,9692	
7.2,7.3,4.0,4.1,6	
7.2,7.3,4.8,4.9,2	
7.3,7.4,-1.7,-1.6,2048	
7.3,7.4,-0.2,-0.1,9410	
7.3,7.4,-2.0,-1.9,1118	
7.3,7.4,-2.8,-2.7,152	
7.3,7.4,-3.1,-3.0,61	
7.3,7.4,-3.9,-3.8,6	
7.3,7.4,-4.2,-4.1,2	
7.3,7.4,1.6,1.7,2377	
7.3,7.4,2.7,2.8,209	
7.3,7.4,0.3,0.4,9015	
7.3,7.4,3.0,3.1,90	
7.3,7.4,3.8,3.9,11	
7.3,7.4,4.1,4.2,3	
7.4,7.5,-1.6,-1.5,2104	
7.4,7.5,-2.7,-2.6,185	
7.4,7.5,-0.3,-0.2,8052	
7.4,7.5,-3.0,-2.9,69	
7.4,7.5,-3.8,-3.7,6	
7.4,7.5,-4.1,-4.0,3	
7.4,7.5,-4.9,-4.8,1	
7.4,7.5,1.7,1.8,1841	
7.4,7.5,0.2,0.3,8070	
7.4,7.5,2.0,2.1,985	
7.4,7.5,2.8,2.9,152	
7.4,7.5,3.1,3.2,53	
7.4,7.5,3.9,4.0,2	
7.4,7.5,4.2,4.3,1	
7.5,7.6,-1.5,-1.4,2079	
7.5,7.6,-2.6,-2.5,215	
7.5,7.6,-3.7,-3.6,7	
7.5,7.6,-0.4,-0.3,6545	
7.5,7.6,-4.0,-3.9,3	
7.5,7.6,0.1,0.2,7106	
7.5,7.6,1.0,1.1,4214	
7.5,7.6,1.8,1.9,1341	
7.5,7.6,2.1,2.2,741	
7.5,7.6,2.9,3.0,101	
7.5,7.6,3.2,3.3,38	
7.5,7.6,4.3,4.4,4	
7.5,7.6,0.9,1.0,4523	
7.6,7.7,-1.4,-1.3,2210	
7.6,7.7,-2.5,-2.4,237	
7.6,7.7,-3.6,-3.5,5	
7.6,7.7,-0.5,-0.4,5263	
7.6,7.7,0.0,0.1,12260	
7.6,7.7,1.1,1.2,3085	
7.6,7.7,1.9,2.0,922	
7.6,7.7,2.2,2.3,488	
7.6,7.7,3.3,3.4,33	
7.6,7.7,4.4,4.5,2	
7.6,7.7,0.8,0.9,4347	
7.7,7.8,-1.3,-1.2,2114	
7.7,7.8,-2.4,-2.3,262	
7.7,7.8,-3.5,-3.4,10	
7.7,7.8,-0.6,-0.5,4206	
7.7,7.8,1.2,1.3,2415	
7.7,7.8,2.3,2.4,338	
7.7,7.8,3.4,3.5,13	
7.7,7.8,0.7,0.8,3919	
7.8,7.9,-1.2,-1.1,2016	
7.8,7.9,-2.3,-2.2,277	
7.8,7.9,-3.4,-3.3,15	
7.8,7.9,-0.7,-0.6,3284	
7.8,7.9,1.3,1.4,1726	
7.8,7.9,2.4,2.5,200	
7.8,7.9,3.5,3.6,8	
7.8,7.9,0.6,0.7,3460	
7.9,8.0,-1.1,-1.0,1832	
7.9,8.0,-1.9,-1.8,495	
7.9,8.0,-2.2,-2.1,291	
7.9,8.0,-3.3,-3.2,13	
7.9,8.0,-0.8,-0.7,2484	
7.9,8.0,1.4,1.5,1200	
7.9,8.0,2.5,2.6,121	
7.9,8.0,3.6,3.7,10	
7.9,8.0,0.5,0.6,3021	
0.8,0.9,-10.3,-10.2,1	
0.8,0.9,-11.4,-11.3,1	
0.8,0.9,-1.5,-1.4,7613	
0.8,0.9,-2.6,-2.5,18279	
0.8,0.9,-3.7,-3.6,15698	
0.8,0.9,-0.4,-0.3,2964	
0.8,0.9,-4.0,-3.9,13554	
0.8,0.9,-4.8,-4.7,12045	
0.8,0.9,-5.1,-5.0,13621	
0.8,0.9,-5.9,-5.8,16800	
0.8,0.9,-6.2,-6.1,16276	
0.8,0.9,-7.3,-7.2,6615	
0.8,0.9,-8.4,-8.3,828	
0.8,0.9,-9.5,-9.4,33	
0.8,0.9,0.1,0.2,2804	
0.8,0.9,1.0,1.1,4185	
0.8,0.9,10.0,10.1,6	
0.8,0.9,1.8,1.9,10245	
0.8,0.9,2.1,2.2,13468	
0.8,0.9,2.9,3.0,19265	
0.8,0.9,3.2,3.3,18979	
0.8,0.9,4.3,4.4,11991	
0.8,0.9,5.4,5.5,15264	
0.8,0.9,6.5,6.6,14363	
0.8,0.9,7.6,7.7,4247	
0.8,0.9,8.7,8.8,374	
0.8,0.9,0.9,1.0,3839	
0.8,0.9,9.0,9.1,154	
0.8,0.9,9.8,9.9,11	
8.0,8.1,-1.3,-1.2,1148	
8.0,8.1,-2.4,-2.3,152	
8.0,8.1,-3.5,-3.4,9	
8.0,8.1,-0.6,-0.5,2387	
8.0,8.1,1.2,1.3,1360	
8.0,8.1,2.3,2.4,190	
8.0,8.1,3.4,3.5,6	
8.0,8.1,0.7,0.8,2252	
8.1,8.2,-1.2,-1.1,1068	
8.1,8.2,-2.3,-2.2,146	
8.1,8.2,-3.4,-3.3,7	
8.1,8.2,-0.7,-0.6,1751	
8.1,8.2,1.3,1.4,964	
8.1,8.2,2.4,2.5,115	
8.1,8.2,3.5,3.6,6	
8.1,8.2,0.6,0.7,1866	
8.2,8.3,-1.1,-1.0,982	
8.2,8.3,-1.9,-1.8,280	
8.2,8.3,-2.2,-2.1,139	
8.2,8.3,-3.3,-3.2,4	
8.2,8.3,-0.8,-0.7,1265	
8.2,8.3,1.4,1.5,670	
8.2,8.3,2.5,2.6,89	
8.2,8.3,3.6,3.7,1	
8.2,8.3,0.5,0.6,1634	
8.3,8.4,-0.1,0.0,1467	
8.3,8.4,-1.0,-0.9,872	
8.3,8.4,-1.8,-1.7,245	
8.3,8.4,-2.1,-2.0,148	
8.3,8.4,-2.9,-2.8,15	
8.3,8.4,-3.2,-3.1,9	
8.3,8.4,-0.9,-0.8,953	
8.3,8.4,1.5,1.6,481	
8.3,8.4,2.6,2.7,55	
8.3,8.4,3.7,3.8,2	
8.3,8.4,0.4,0.5,1363	
8.4,8.5,-1.7,-1.6,247	
8.4,8.5,-0.2,-0.1,1129	
8.4,8.5,-2.0,-1.9,145	
8.4,8.5,-2.8,-2.7,20	
8.4,8.5,-3.1,-3.0,9	
8.4,8.5,-3.9,-3.8,1	
8.4,8.5,-4.2,-4.1,1	
8.4,8.5,1.6,1.7,296	
8.4,8.5,2.7,2.8,22	
8.4,8.5,0.3,0.4,1148	
8.4,8.5,3.0,3.1,11	
8.4,8.5,3.8,3.9,2	
8.5,8.6,-1.6,-1.5,249	
8.5,8.6,-2.7,-2.6,18	
8.5,8.6,-0.3,-0.2,865	
8.5,8.6,-3.0,-2.9,7	
8.5,8.6,1.7,1.8,201	
8.5,8.6,0.2,0.3,909	
8.5,8.6,2.0,2.1,105	
8.5,8.6,2.8,2.9,12	
8.5,8.6,3.1,3.2,5	
8.6,8.7,-1.5,-1.4,204	
8.6,8.7,-2.6,-2.5,29	
8.6,8.7,-0.4,-0.3,673	
8.6,8.7,-4.0,-3.9,1	
8.6,8.7,0.1,0.2,714	
8.6,8.7,1.0,1.1,420	
8.6,8.7,1.8,1.9,124	
8.6,8.7,2.1,2.2,66	
8.6,8.7,2.9,3.0,9	
8.6,8.7,3.2,3.3,3	
8.6,8.7,0.9,1.0,435	
8.7,8.8,-1.4,-1.3,202	
8.7,8.8,-2.5,-2.4,19	
8.7,8.8,-0.5,-0.4,443	
8.7,8.8,0.0,0.1,1030	
8.7,8.8,1.1,1.2,291	
8.7,8.8,1.9,2.0,87	
8.7,8.8,2.2,2.3,42	
8.7,8.8,3.3,3.4,1	
8.7,8.8,0.8,0.9,411	
8.8,8.9,-1.3,-1.2,160	
8.8,8.9,-2.4,-2.3,23	
8.8,8.9,-3.5,-3.4,2	
8.8,8.9,-0.6,-0.5,342	
8.8,8.9,1.2,1.3,203	
8.8,8.9,2.3,2.4,25	
8.8,8.9,3.4,3.5,1	
8.8,8.9,0.7,0.8,309	
8.9,9.0,-1.2,-1.1,151	
8.9,9.0,-2.3,-2.2,11	
8.9,9.0,-3.4,-3.3,1	
8.9,9.0,-0.7,-0.6,223	
8.9,9.0,1.3,1.4,120	
8.9,9.0,2.4,2.5,14	
8.9,9.0,0.6,0.7,238	
0.9,1.0,-1.4,-1.3,6471	
0.9,1.0,-2.5,-2.4,16808	
0.9,1.0,-3.6,-3.5,16004	
0.9,1.0,-4.7,-4.6,11002	
0.9,1.0,-0.5,-0.4,3584	
0.9,1.0,-5.0,-4.9,11891	
0.9,1.0,-5.8,-5.7,15290	
0.9,1.0,-6.1,-6.0,15089	
0.9,1.0,-6.9,-6.8,9656	
0.9,1.0,-7.2,-7.1,6876	
0.9,1.0,-8.3,-8.2,910	
0.9,1.0,-9.4,-9.3,25	
0.9,1.0,0.0,0.1,6558	
0.9,1.0,1.1,1.2,4683	
0.9,1.0,11.0,11.1,1	
0.9,1.0,1.9,2.0,10916	
0.9,1.0,2.2,2.3,14000	
0.9,1.0,3.3,3.4,17416	
0.9,1.0,4.4,4.5,10857	
0.9,1.0,5.5,5.6,14554	
0.9,1.0,6.6,6.7,12218	
0.9,1.0,7.7,7.8,3362	
0.9,1.0,0.8,0.9,3824	
0.9,1.0,8.0,8.1,1873	
0.9,1.0,8.8,8.9,256	
0.9,1.0,9.1,9.2,97	
0.9,1.0,9.9,10.0,6	
9.0,9.1,-1.4,-1.3,95	
9.0,9.1,-2.5,-2.4,10	
9.0,9.1,-0.5,-0.4,213	
9.0,9.1,0.0,0.1,448	
9.0,9.1,1.1,1.2,120	
9.0,9.1,1.9,2.0,36	
9.0,9.1,2.2,2.3,20	
9.0,9.1,0.8,0.9,170	
9.1,9.2,-1.3,-1.2,49	
9.1,9.2,-2.4,-2.3,9	
9.1,9.2,-0.6,-0.5,130	
9.1,9.2,1.2,1.3,76	
9.1,9.2,2.3,2.4,12	
9.1,9.2,0.7,0.8,135	
9.2,9.3,-1.2,-1.1,58	
9.2,9.3,-2.3,-2.2,6	
9.2,9.3,-0.7,-0.6,86	
9.2,9.3,1.3,1.4,55	
9.2,9.3,2.4,2.5,10	
9.2,9.3,0.6,0.7,100	
9.3,9.4,-1.1,-1.0,38	
9.3,9.4,-1.9,-1.8,16	
9.3,9.4,-2.2,-2.1,5	
9.3,9.4,-0.8,-0.7,56	
9.3,9.4,1.4,1.5,21	
9.3,9.4,2.5,2.6,1	
9.3,9.4,0.5,0.6,69	
9.4,9.5,-0.1,0.0,74	
9.4,9.5,-1.0,-0.9,30	
9.4,9.5,-1.8,-1.7,11	
9.4,9.5,-2.1,-2.0,6	
9.4,9.5,-2.9,-2.8,1	
9.4,9.5,-0.9,-0.8,43	
9.4,9.5,1.5,1.6,20	
9.4,9.5,2.6,2.7,1	
9.4,9.5,0.4,0.5,58	
9.5,9.6,-1.7,-1.6,4	
9.5,9.6,-0.2,-0.1,59	
9.5,9.6,-2.0,-1.9,8	
9.5,9.6,1.6,1.7,16	
9.5,9.6,0.3,0.4,30	
9.5,9.6,3.0,3.1,1	
9.6,9.7,-1.6,-1.5,6	
9.6,9.7,-2.7,-2.6,2	
9.6,9.7,-0.3,-0.2,33	
9.6,9.7,1.7,1.8,7	
9.6,9.7,0.2,0.3,30	
9.6,9.7,2.0,2.1,3	
9.7,9.8,-1.5,-1.4,11	
9.7,9.8,-2.6,-2.5,1	
9.7,9.8,-0.4,-0.3,19	
9.7,9.8,0.1,0.2,23	
9.7,9.8,1.0,1.1,11	
9.7,9.8,1.8,1.9,5	
9.7,9.8,2.1,2.2,3	
9.7,9.8,0.9,1.0,14	
9.8,9.9,-1.4,-1.3,3	
9.8,9.9,-0.5,-0.4,18	
9.8,9.9,0.0,0.1,28	
9.8,9.9,1.1,1.2,6	
9.8,9.9,2.2,2.3,1	
9.8,9.9,0.8,0.9,11	
9.9,10.0,-1.3,-1.2,4	
9.9,10.0,-2.4,-2.3,2	
9.9,10.0,-0.6,-0.5,11	
9.9,10.0,1.2,1.3,3	
9.9,10.0,2.3,2.4,1	
9.9,10.0,0.7,0.8,10	
