-0.1,0.0,-0.1,0.0,1174	
-0.1,0.0,-10.0,-9.9,8	
-0.1,0.0,-1.6,-1.5,9673	
-0.1,0.0,-2.7,-2.6,23238	
-0.1,0.0,-3.0,-2.9,24428	
-0.1,0.0,-3.8,-3.7,19247	
-0.1,0.0,-4.1,-4.0,16530	
-0.1,0.0,-4.9,-4.8,16939	
-0.1,0.0,-5.2,-5.1,19723	
-0.1,0.0,-6.3,-6.2,22217	
-0.1,0.0,-7.4,-7.3,8351	
-0.1,0.0,-8.5,-8.4,931	
-0.1,0.0,-0.9,-0.8,3283	
-0.1,0.0,-9.6,-9.5,35	
-0.1,0.0,10.1,10.2,2	
-0.1,0.0,1.5,1.6,8522	
-0.1,0.0,0.2,0.3,1259	
-0.1,0.0,2.6,2.7,22731	
-0.1,0.0,3.7,3.8,19737	
-0.1,0.0,4.0,4.1,17447	
-0.1,0.0,4.8,4.9,16471	
-0.1,0.0,5.1,5.2,19052	
-0.1,0.0,5.9,6.0,23817	
-0.1,0.0,6.2,6.3,22843	
-0.1,0.0,7.3,7.4,9363	
-0.1,0.0,8.4,8.5,1160	
-0.1,0.0,9.5,9.6,41	
-1.0,-0.9,-1.0,-0.9,4687	
-1.0,-0.9,-1.8,-1.7,9597	
-1.0,-0.9,-2.1,-2.0,12451	
-1.0,-0.9,-2.9,-2.8,17311	
-1.0,-0.9,-3.2,-3.1,17184	
-1.0,-0.9,-4.3,-4.2,10463	
-1.0,-0.9,-5.4,-5.3,12779	
-1.0,-0.9,-6.5,-6.4,11789	
-1.0,-0.9,-0.7,-0.6,3999	
-1.0,-0.9,-7.6,-7.5,3513	
-1.0,-0.9,-8.7,-8.6,301	
-1.0,-0.9,-9.0,-8.9,124	
-1.0,-0.9,-9.8,-9.7,13	
-1.0,-0.9,10.3,10.4,1	
-1.0,-0.9,1.3,1.4,5807	
-1.0,-0.9,2.4,2.5,15076	
-1.0,-0.9,3.5,3.6,15546	
-1.0,-0.9,0.4,0.5,3917	
-1.0,-0.9,4.6,4.7,10008	
-1.0,-0.9,5.7,5.8,13629	
-1.0,-0.9,6.0,6.1,13817	
-1.0,-0.9,6.8,6.9,9381	
-1.0,-0.9,7.1,7.2,7040	
-1.0,-0.9,7.9,8.0,2034	
-1.0,-0.9,8.2,8.3,1083	
-1.0,-0.9,9.3,9.4,38	
-10.0,-9.9,-0.1,0.0,8	
-10.0,-9.9,-0.9,-0.8,2	
-10.0,-9.9,1.5,1.6,2	
-10.0,-9.9,0.2,0.3,8	
-10.1,-10.0,-1.5,-1.4,1	
-10.1,-10.0,-0.2,-0.1,4	
-10.1,-10.0,0.1,0.2,5	
-10.1,-10.0,1.6,1.7,2	
-10.1,-10.0,0.9,1.0,3	
-10.2,-10.1,-1.4,-1.3,2	
-10.2,-10.1,-0.3,-0.2,3	
-10.2,-10.1,0.0,0.1,2	
-10.2,-10.1,1.7,1.8,1	
-10.2,-10.1,0.8,0.9,2	
-10.3,-10.2,-1.3,-1.2,2	
-10.3,-10.2,-0.4,-0.3,2	
-10.3,-10.2,1.0,1.1,1	
-10.3,-10.2,1.8,1.9,3	
-10.3,-10.2,0.7,0.8,3	
-10.4,-10.3,-1.2,-1.1,1	
-10.4,-10.3,0.6,0.7,1	
-10.5,-10.4,-1.1,-1.0,1	
-10.5,-10.4,-0.6,-0.5,1	
-10.6,-10.5,-0.7,-0.6,2	
-10.7,-10.6,0.3,0.4,1	
-1.1,-1.0,-1.7,-1.6,8502	
-1.1,-1.0,-2.0,-1.9,11121	
-1.1,-1.0,-2.8,-2.7,16500	
-1.1,-1.0,-3.1,-3.0,16627	
-1.1,-1.0,-3.9,-3.8,12044	
-1.1,-1.0,-4.2,-4.1,10419	
-1.1,-1.0,-5.3,-5.2,10961	
-1.1,-1.0,-6.4,-6.3,11071	
-1.1,-1.0,-7.5,-7.4,3731	
-1.1,-1.0,-0.8,-0.7,4736	
-1.1,-1.0,-8.6,-8.5,379	
-1.1,-1.0,-9.7,-9.6,10	
-1.1,-1.0,1.4,1.5,6502	
-1.1,-1.0,2.5,2.6,15345	
-1.1,-1.0,0.3,0.4,4743	
-1.1,-1.0,3.6,3.7,14135	
-1.1,-1.0,4.7,4.8,9243	
-1.1,-1.0,5.0,5.1,9690	
-1.1,-1.0,5.8,5.9,12325	
-1.1,-1.0,6.1,6.2,12347	
-1.1,-1.0,6.9,7.0,7770	
-1.1,-1.0,7.2,7.3,5677	
-1.1,-1.0,8.3,8.4,781	
-1.1,-1.0,9.4,9.5,38	
-1.2,-1.1,-0.1,0.0,5536	
-1.2,-1.1,-10.0,-9.9,4	
-1.2,-1.1,-1.6,-1.5,7957	
-1.2,-1.1,-2.7,-2.6,15828	
-1.2,-1.1,-3.0,-2.9,16399	
-1.2,-1.1,-3.8,-3.7,12348	
-1.2,-1.1,-4.1,-4.0,10098	
-1.2,-1.1,-4.9,-4.8,8636	
-1.2,-1.1,-5.2,-5.1,9540	
-1.2,-1.1,-6.3,-6.2,10398	
-1.2,-1.1,-7.4,-7.3,3705	
-1.2,-1.1,-8.5,-8.4,418	
-1.2,-1.1,-0.9,-0.8,5282	
-1.2,-1.1,-9.6,-9.5,18	
-1.2,-1.1,10.1,10.2,2	
-1.2,-1.1,1.5,1.6,7211	
-1.2,-1.1,0.2,0.3,5539	
-1.2,-1.1,2.6,2.7,15275	
-1.2,-1.1,3.7,3.8,13215	
-1.2,-1.1,4.0,4.1,10940	
-1.2,-1.1,4.8,4.9,8483	
-1.2,-1.1,5.1,5.2,9279	
-1.2,-1.1,5.9,6.0,11249	
-1.2,-1.1,6.2,6.3,10566	
-1.2,-1.1,7.3,7.4,4550	
-1.2,-1.1,8.4,8.5,518	
-1.2,-1.1,9.5,9.6,18	
-1.3,-1.2,-10.1,-10.0,2	
-1.3,-1.2,-1.5,-1.4,7351	
-1.3,-1.2,-0.2,-0.1,6145	
-1.3,-1.2,-2.6,-2.5,14830	
-1.3,-1.2,-3.7,-3.6,12577	
-1.3,-1.2,-4.0,-3.9,10393	
-1.3,-1.2,-4.8,-4.7,7761	
-1.3,-1.2,-5.1,-5.0,8186	
-1.3,-1.2,-5.9,-5.8,9667	
-1.3,-1.2,-6.2,-6.1,9392	
-1.3,-1.2,-7.3,-7.2,3924	
-1.3,-1.2,-8.4,-8.3,466	
-1.3,-1.2,-9.5,-9.4,8	
-1.3,-1.2,0.1,0.2,6452	
-1.3,-1.2,10.0,10.1,8	
-1.3,-1.2,1.6,1.7,7944	
-1.3,-1.2,2.7,2.8,15464	
-1.3,-1.2,3.0,3.1,15846	
-1.3,-1.2,3.8,3.9,11916	
-1.3,-1.2,4.1,4.2,9703	
-1.3,-1.2,4.9,5.0,7843	
-1.3,-1.2,5.2,5.3,8565	
-1.3,-1.2,6.3,6.4,9073	
-1.3,-1.2,7.4,7.5,3254	
-1.3,-1.2,8.5,8.6,380	
-1.3,-1.2,0.9,1.0,5864	
-1.3,-1.2,9.6,9.7,6	
-1.4,-1.3,-1.4,-1.3,7211	
-1.4,-1.3,-2.5,-2.4,14392	
-1.4,-1.3,-0.3,-0.2,7145	
-1.4,-1.3,-3.6,-3.5,13213	
-1.4,-1.3,-4.7,-4.6,7211	
-1.4,-1.3,-5.0,-4.9,7152	
-1.4,-1.3,-5.8,-5.7,8600	
-1.4,-1.3,-6.1,-6.0,8367	
-1.4,-1.3,-6.9,-6.8,5392	
-1.4,-1.3,-7.2,-7.1,3787	
-1.4,-1.3,-8.3,-8.2,562	
-1.4,-1.3,-9.4,-9.3,25	
-1.4,-1.3,0.0,0.1,15113	
-1.4,-1.3,1.7,1.8,8668	
-1.4,-1.3,2.0,2.1,10638	
-1.4,-1.3,2.8,2.9,15583	
-1.4,-1.3,3.1,3.2,15624	
-1.4,-1.3,3.9,4.0,10893	
-1.4,-1.3,4.2,4.3,8926	
-1.4,-1.3,5.3,5.4,7824	
-1.4,-1.3,6.4,6.5,7570	
-1.4,-1.3,7.5,7.6,2530	
-1.4,-1.3,0.8,0.9,6519	
-1.4,-1.3,8.6,8.7,263	
-1.4,-1.3,9.7,9.8,3	
-1.5,-1.4,-10.3,-10.2,1	
-1.5,-1.4,-1.3,-1.2,7393	
-1.5,-1.4,-2.4,-2.3,13720	
-1.5,-1.4,-3.5,-3.4,13550	
-1.5,-1.4,-0.4,-0.3,8205	
-1.5,-1.4,-4.6,-4.5,6850	
-1.5,-1.4,-5.7,-5.6,7321	
-1.5,-1.4,-6.0,-5.9,7232	
-1.5,-1.4,-6.8,-6.7,4979	
-1.5,-1.4,-7.1,-7.0,3607	
-1.5,-1.4,-7.9,-7.8,1095	
-1.5,-1.4,-8.2,-8.1,571	
-1.5,-1.4,-9.3,-9.2,21	
-1.5,-1.4,1.0,1.1,7118	
-1.5,-1.4,10.6,10.7,1	
-1.5,-1.4,1.8,1.9,9432	
-1.5,-1.4,2.1,2.2,11483	
-1.5,-1.4,2.9,3.0,15623	
-1.5,-1.4,3.2,3.3,15218	
-1.5,-1.4,4.3,4.4,8175	
-1.5,-1.4,5.4,5.5,6908	
-1.5,-1.4,6.5,6.6,6274	
-1.5,-1.4,0.7,0.8,7539	
-1.5,-1.4,7.6,7.7,1855	
-1.5,-1.4,8.7,8.8,158	
-1.5,-1.4,9.0,9.1,74	
-1.5,-1.4,9.8,9.9,5	
-1.6,-1.5,-1.2,-1.1,7883	
-1.6,-1.5,-2.3,-2.2,13393	
-1.6,-1.5,-3.4,-3.3,14469	
-1.6,-1.5,-4.5,-4.4,6883	
-1.6,-1.5,-0.5,-0.4,9246	
-1.6,-1.5,-5.6,-5.5,6223	
-1.6,-1.5,-6.7,-6.6,4680	
-1.6,-1.5,-7.0,-6.9,3544	
-1.6,-1.5,-7.8,-7.7,1097	
-1.6,-1.5,-8.1,-8.0,630	
-1.6,-1.5,-8.9,-8.8,81	
-1.6,-1.5,-9.2,-9.1,27	
-1.6,-1.5,1.1,1.2,7908	
-1.6,-1.5,1.9,2.0,10530	
-1.6,-1.5,2.2,2.3,12572	
-1.6,-1.5,3.3,3.4,15095	
-1.6,-1.5,4.4,4.5,7518	
-1.6,-1.5,5.5,5.6,6064	
-1.6,-1.5,0.6,0.7,8869	
-1.6,-1.5,6.6,6.7,5023	
-1.6,-1.5,7.7,7.8,1351	
-1.6,-1.5,8.0,8.1,711	
-1.6,-1.5,8.8,8.9,108	
-1.6,-1.5,9.1,9.2,39	
-1.7,-1.6,-1.1,-1.0,8439	
-1.7,-1.6,-1.9,-1.8,11099	
-1.7,-1.6,-2.2,-2.1,13012	
-1.7,-1.6,-3.3,-3.2,15433	
-1.7,-1.6,-4.4,-4.3,7181	
-1.7,-1.6,-5.5,-5.4,5418	
-1.7,-1.6,-0.6,-0.5,10050	
-1.7,-1.6,-6.6,-6.5,4300	
-1.7,-1.6,-7.7,-7.6,1144	
-1.7,-1.6,-8.0,-7.9,635	
-1.7,-1.6,-8.8,-8.7,98	
-1.7,-1.6,-9.1,-9.0,39	
-1.7,-1.6,-9.9,-9.8,2	
-1.7,-1.6,1.2,1.3,8481	
-1.7,-1.6,2.3,2.4,14020	
-1.7,-1.6,3.4,3.5,14808	
-1.7,-1.6,4.5,4.6,6698	
-1.7,-1.6,0.5,0.6,10256	
-1.7,-1.6,5.6,5.7,5251	
-1.7,-1.6,6.7,6.8,3887	
-1.7,-1.6,7.0,7.1,3019	
-1.7,-1.6,7.8,7.9,913	
-1.7,-1.6,8.1,8.2,515	
-1.7,-1.6,8.9,9.0,78	
-1.7,-1.6,9.2,9.3,24	
-1.8,-1.7,-1.0,-0.9,9562	
-1.8,-1.7,-1.8,-1.7,10830	
-1.8,-1.7,-2.1,-2.0,12854	
-1.8,-1.7,-2.9,-2.8,16714	
-1.8,-1.7,-3.2,-3.1,16264	
-1.8,-1.7,-4.3,-4.2,7811	
-1.8,-1.7,-5.4,-5.3,4439	
-1.8,-1.7,-6.5,-6.4,3831	
-1.8,-1.7,-0.7,-0.6,10656	
-1.8,-1.7,-7.6,-7.5,1129	
-1.8,-1.7,-8.7,-8.6,111	
-1.8,-1.7,-9.0,-8.9,38	
-1.8,-1.7,-9.8,-9.7,3	
-1.8,-1.7,1.3,1.4,9373	
-1.8,-1.7,2.4,2.5,14949	
-1.8,-1.7,3.5,3.6,14463	
-1.8,-1.7,0.4,0.5,12023	
-1.8,-1.7,4.6,4.7,6061	
-1.8,-1.7,5.7,5.8,4572	
-1.8,-1.7,6.0,6.1,4501	
-1.8,-1.7,6.8,6.9,2986	
-1.8,-1.7,7.1,7.2,2146	
-1.8,-1.7,7.9,8.0,626	
-1.8,-1.7,8.2,8.3,317	
-1.8,-1.7,9.3,9.4,19	
-1.9,-1.8,-1.7,-1.6,11005	
-1.9,-1.8,-2.0,-1.9,12726	
-1.9,-1.8,-2.8,-2.7,17254	
-1.9,-1.8,-3.1,-3.0,17083	
-1.9,-1.8,-3.9,-3.8,11545	
-1.9,-1.8,-4.2,-4.1,8874	
-1.9,-1.8,-5.3,-5.2,3997	
-1.9,-1.8,-6.4,-6.3,3238	
-1.9,-1.8,-7.5,-7.4,1113	
-1.9,-1.8,-0.8,-0.7,11354	
-1.9,-1.8,-8.6,-8.5,94	
-1.9,-1.8,-9.7,-9.6,4	
-1.9,-1.8,1.4,1.5,10110	
-1.9,-1.8,2.5,2.6,16203	
-1.9,-1.8,0.3,0.4,13545	
-1.9,-1.8,3.6,3.7,14306	
-1.9,-1.8,4.7,4.8,5436	
-1.9,-1.8,5.0,5.1,4286	
-1.9,-1.8,5.8,5.9,3931	
-1.9,-1.8,6.1,6.2,3678	
-1.9,-1.8,6.9,7.0,2272	
-1.9,-1.8,7.2,7.3,1652	
-1.9,-1.8,8.3,8.4,234	
-1.9,-1.8,9.4,9.5,8	
-0.2,-0.1,-10.1,-10.0,1	
-0.2,-0.1,-1.5,-1.4,8519	
-0.2,-0.1,-0.2,-0.1,1246	
-0.2,-0.1,-2.6,-2.5,22372	
-0.2,-0.1,-3.7,-3.6,19696	
-0.2,-0.1,-4.0,-3.9,17301	
-0.2,-0.1,-4.8,-4.7,16319	
-0.2,-0.1,-5.1,-5.0,18612	
-0.2,-0.1,-5.9,-5.8,23334	
-0.2,-0.1,-6.2,-6.1,22329	
-0.2,-0.1,-7.3,-7.2,9295	
-0.2,-0.1,-8.4,-8.3,1165	
-0.2,-0.1,-9.5,-9.4,34	
-0.2,-0.1,0.1,0.2,1232	
-0.2,-0.1,10.0,10.1,4	
-0.2,-0.1,10.8,10.9,1	
-0.2,-0.1,1.6,1.7,9711	
-0.2,-0.1,2.7,2.8,23152	
-0.2,-0.1,3.0,3.1,24044	
-0.2,-0.1,3.8,3.9,18894	
-0.2,-0.1,4.1,4.2,16503	
-0.2,-0.1,4.9,5.0,16695	
-0.2,-0.1,5.2,5.3,19345	
-0.2,-0.1,6.3,6.4,21832	
-0.2,-0.1,7.4,7.5,8181	
-0.2,-0.1,8.5,8.6,886	
-0.2,-0.1,0.9,1.0,3306	
-0.2,-0.1,9.6,9.7,29	
-2.0,-1.9,-1.1,-1.0,11110	
-2.0,-1.9,-1.9,-1.8,12760	
-2.0,-1.9,-2.2,-2.1,14678	
-2.0,-1.9,-3.3,-3.2,17206	
-2.0,-1.9,-4.4,-4.3,7149	
-2.0,-1.9,-5.5,-5.4,3274	
-2.0,-1.9,-0.6,-0.5,13323	
-2.0,-1.9,-6.6,-6.5,2399	
-2.0,-1.9,-7.7,-7.6,617	
-2.0,-1.9,-8.0,-7.9,363	
-2.0,-1.9,-8.8,-8.7,40	
-2.0,-1.9,-9.1,-9.0,19	
-2.0,-1.9,-9.9,-9.8,1	
-2.0,-1.9,1.2,1.3,10843	
-2.0,-1.9,2.3,2.4,15525	
-2.0,-1.9,3.4,3.5,16503	
-2.0,-1.9,4.5,4.6,6461	
-2.0,-1.9,0.5,0.6,13677	
-2.0,-1.9,5.6,5.7,3245	
-2.0,-1.9,6.7,6.8,2147	
-2.0,-1.9,7.0,7.1,1623	
-2.0,-1.9,7.8,7.9,496	
-2.0,-1.9,8.1,8.2,255	
-2.0,-1.9,8.9,9.0,42	
-2.0,-1.9,9.2,9.3,10	
-2.1,-2.0,-1.0,-0.9,12440	
-2.1,-2.0,-1.8,-1.7,12876	
-2.1,-2.0,-2.1,-2.0,14729	
-2.1,-2.0,-2.9,-2.8,19320	
-2.1,-2.0,-3.2,-3.1,18426	
-2.1,-2.0,-4.3,-4.2,8210	
-2.1,-2.0,-5.4,-5.3,2952	
-2.1,-2.0,-6.5,-6.4,2144	
-2.1,-2.0,-0.7,-0.6,13926	
-2.1,-2.0,-7.6,-7.5,662	
-2.1,-2.0,-8.7,-8.6,43	
-2.1,-2.0,-9.0,-8.9,20	
-2.1,-2.0,1.3,1.4,11633	
-2.1,-2.0,2.4,2.5,16983	
-2.1,-2.0,3.5,3.6,16393	
-2.1,-2.0,0.4,0.5,15678	
-2.1,-2.0,4.6,4.7,5713	
-2.1,-2.0,5.7,5.8,2755	
-2.1,-2.0,6.0,6.1,2536	
-2.1,-2.0,6.8,6.9,1679	
-2.1,-2.0,7.1,7.2,1282	
-2.1,-2.0,7.9,8.0,360	
-2.1,-2.0,8.2,8.3,198	
-2.1,-2.0,9.3,9.4,10	
-2.2,-2.1,-1.7,-1.6,13037	
-2.2,-2.1,-2.0,-1.9,14749	
-2.2,-2.1,-2.8,-2.7,20076	
-2.2,-2.1,-3.1,-3.0,19714	
-2.2,-2.1,-3.9,-3.8,12859	
-2.2,-2.1,-4.2,-4.1,9376	
-2.2,-2.1,-5.3,-5.2,2818	
-2.2,-2.1,-6.4,-6.3,1720	
-2.2,-2.1,-7.5,-7.4,570	
-2.2,-2.1,-0.8,-0.7,14600	
-2.2,-2.1,-8.6,-8.5,65	
-2.2,-2.1,1.4,1.5,12343	
-2.2,-2.1,2.5,2.6,18625	
-2.2,-2.1,0.3,0.4,17662	
-2.2,-2.1,3.6,3.7,16221	
-2.2,-2.1,4.7,4.8,5184	
-2.2,-2.1,5.0,5.1,3650	
-2.2,-2.1,5.8,5.9,2228	
-2.2,-2.1,6.1,6.2,2031	
-2.2,-2.1,6.9,7.0,1263	
-2.2,-2.1,7.2,7.3,891	
-2.2,-2.1,8.3,8.4,118	
-2.2,-2.1,9.4,9.5,4	
-2.3,-2.2,-0.1,0.0,19512	
-2.3,-2.2,-10.0,-9.9,1	
-2.3,-2.2,-1.6,-1.5,13083	
-2.3,-2.2,-2.7,-2.6,20656	
-2.3,-2.2,-3.0,-2.9,20941	
-2.3,-2.2,-3.8,-3.7,14572	
-2.3,-2.2,-4.1,-4.0,11157	
-2.3,-2.2,-4.9,-4.8,4008	
-2.3,-2.2,-5.2,-5.1,2739	
-2.3,-2.2,-6.3,-6.2,1487	
-2.3,-2.2,-7.4,-7.3,547	
-2.3,-2.2,-8.5,-8.4,63	
-2.3,-2.2,-0.9,-0.8,15079	
-2.3,-2.2,-9.6,-9.5,3	
-2.3,-2.2,1.5,1.6,12909	
-2.3,-2.2,0.2,0.3,19254	
-2.3,-2.2,2.6,2.7,20271	
-2.3,-2.2,3.7,3.8,15990	
-2.3,-2.2,4.0,4.1,12398	
-2.3,-2.2,4.8,4.9,4488	
-2.3,-2.2,5.1,5.2,3137	
-2.3,-2.2,5.9,6.0,1738	
-2.3,-2.2,6.2,6.3,1549	
-2.3,-2.2,7.3,7.4,630	
-2.3,-2.2,8.4,8.5,64	
-2.3,-2.2,9.5,9.6,4	
-2.4,-2.3,-1.5,-1.4,14087	
-2.4,-2.3,-0.2,-0.1,20397	
-2.4,-2.3,-2.6,-2.5,20883	
-2.4,-2.3,-3.7,-3.6,16653	
-2.4,-2.3,-4.0,-3.9,12808	
-2.4,-2.3,-4.8,-4.7,4646	
-2.4,-2.3,-5.1,-5.0,3066	
-2.4,-2.3,-5.9,-5.8,1554	
-2.4,-2.3,-6.2,-6.1,1329	
-2.4,-2.3,-7.3,-7.2,498	
-2.4,-2.3,-8.4,-8.3,54	
-2.4,-2.3,-9.5,-9.4,1	
-2.4,-2.3,0.1,0.2,20907	
-2.4,-2.3,1.6,1.7,14071	
-2.4,-2.3,2.7,2.8,21405	
-2.4,-2.3,3.0,3.1,21759	
-2.4,-2.3,3.8,3.9,15506	
-2.4,-2.3,4.1,4.2,11591	
-2.4,-2.3,4.9,5.0,3916	
-2.4,-2.3,5.2,5.3,2579	
-2.4,-2.3,6.3,6.4,1189	
-2.4,-2.3,7.4,7.5,423	
-2.4,-2.3,8.5,8.6,38	
-2.4,-2.3,0.9,1.0,15804	
-2.5,-2.4,-1.4,-1.3,14207	
-2.5,-2.4,-2.5,-2.4,21156	
-2.5,-2.4,-0.3,-0.2,21126	
-2.5,-2.4,-3.6,-3.5,18217	
-2.5,-2.4,-4.7,-4.6,5329	
-2.5,-2.4,-5.0,-4.9,3341	
-2.5,-2.4,-5.8,-5.7,1256	
-2.5,-2.4,-6.1,-6.0,1080	
-2.5,-2.4,-6.9,-6.8,619	
-2.5,-2.4,-7.2,-7.1,429	
-2.5,-2.4,-8.3,-8.2,61	
-2.5,-2.4,-9.4,-9.3,6	
-2.5,-2.4,0.0,0.1,44206	
-2.5,-2.4,1.7,1.8,15063	
-2.5,-2.4,2.0,2.1,16887	
-2.5,-2.4,2.8,2.9,22785	
-2.5,-2.4,3.1,3.2,22403	
-2.5,-2.4,3.9,4.0,14543	
-2.5,-2.4,4.2,4.3,10383	
-2.5,-2.4,5.3,5.4,2195	
-2.5,-2.4,6.4,6.5,932	
-2.5,-2.4,7.5,7.6,244	
-2.5,-2.4,0.8,0.9,17341	
-2.5,-2.4,8.6,8.7,25	
-2.5,-2.4,9.7,9.8,3	
-2.6,-2.5,-1.3,-1.2,15082	
-2.6,-2.5,-2.4,-2.3,20972	
-2.6,-2.5,-3.5,-3.4,20025	
-2.6,-2.5,-0.4,-0.3,21303	
-2.6,-2.5,-4.6,-4.5,6305	
-2.6,-2.5,-5.7,-5.6,1202	
-2.6,-2.5,-6.0,-5.9,911	
-2.6,-2.5,-6.8,-6.7,520	
-2.6,-2.5,-7.1,-7.0,388	
-2.6,-2.5,-7.9,-7.8,115	
-2.6,-2.5,-8.2,-8.1,49	
-2.6,-2.5,1.0,1.1,16603	
-2.6,-2.5,1.8,1.9,16010	
-2.6,-2.5,2.1,2.2,18549	
-2.6,-2.5,2.9,3.0,23234	
-2.6,-2.5,3.2,3.3,22452	
-2.6,-2.5,4.3,4.4,9561	
-2.6,-2.5,5.4,5.5,1810	
-2.6,-2.5,6.5,6.6,666	
-2.6,-2.5,0.7,0.8,18759	
-2.6,-2.5,7.6,7.7,184	
-2.6,-2.5,8.7,8.8,14	
-2.6,-2.5,9.0,9.1,8	
-2.7,-2.6,-1.2,-1.1,15786	
-2.7,-2.6,-2.3,-2.2,20418	
-2.7,-2.6,-3.4,-3.3,21338	
-2.7,-2.6,-4.5,-4.4,7253	
-2.7,-2.6,-0.5,-0.4,21340	
-2.7,-2.6,-5.6,-5.5,1253	
-2.7,-2.6,-6.7,-6.6,367	
-2.7,-2.6,-7.0,-6.9,348	
-2.7,-2.6,-7.8,-7.7,97	
-2.7,-2.6,-8.1,-8.0,51	
-2.7,-2.6,-8.9,-8.8,2	
-2.7,-2.6,-9.2,-9.1,2	
-2.7,-2.6,1.1,1.2,16366	
-2.7,-2.6,1.9,2.0,16988	
-2.7,-2.6,2.2,2.3,19765	
-2.7,-2.6,3.3,3.4,22466	
-2.7,-2.6,4.4,4.5,8472	
-2.7,-2.6,5.5,5.6,1384	
-2.7,-2.6,0.6,0.7,20302	
-2.7,-2.6,6.6,6.7,460	
-2.7,-2.6,7.7,7.8,115	
-2.7,-2.6,8.0,8.1,77	
-2.7,-2.6,8.8,8.9,10	
-2.7,-2.6,9.1,9.2,2	
-2.8,-2.7,-1.1,-1.0,16849	
-2.8,-2.7,-1.9,-1.8,17298	
-2.8,-2.7,-2.2,-2.1,20114	
-2.8,-2.7,-3.3,-3.2,22676	
-2.8,-2.7,-4.4,-4.3,8668	
-2.8,-2.7,-5.5,-5.4,1319	
-2.8,-2.7,-0.6,-0.5,20825	
-2.8,-2.7,-6.6,-6.5,329	
-2.8,-2.7,-7.7,-7.6,98	
-2.8,-2.7,-8.0,-7.9,53	
-2.8,-2.7,-8.8,-8.7,8	
-2.8,-2.7,1.2,1.3,15877	
-2.8,-2.7,2.3,2.4,20890	
-2.8,-2.7,3.4,3.5,21875	
-2.8,-2.7,4.5,4.6,7374	
-2.8,-2.7,0.5,0.6,21796	
-2.8,-2.7,5.6,5.7,1070	
-2.8,-2.7,6.7,6.8,319	
-2.8,-2.7,7.0,7.1,238	
-2.8,-2.7,7.8,7.9,70	
-2.8,-2.7,8.1,8.2,42	
-2.8,-2.7,8.9,9.0,3	
-2.8,-2.7,9.2,9.3,1	
-2.9,-2.8,-1.0,-0.9,17457	
-2.9,-2.8,-1.8,-1.7,16939	
-2.9,-2.8,-2.1,-2.0,19388	
-2.9,-2.8,-2.9,-2.8,24481	
-2.9,-2.8,-3.2,-3.1,23738	
-2.9,-2.8,-4.3,-4.2,9784	
-2.9,-2.8,-5.4,-5.3,1437	
-2.9,-2.8,-6.5,-6.4,321	
-2.9,-2.8,-0.7,-0.6,20001	
-2.9,-2.8,-7.6,-7.5,81	
-2.9,-2.8,-8.7,-8.6,6	
-2.9,-2.8,-9.0,-8.9,4	
-2.9,-2.8,1.3,1.4,16040	
-2.9,-2.8,2.4,2.5,21920	
-2.9,-2.8,3.5,3.6,20844	
-2.9,-2.8,0.4,0.5,22682	
-2.9,-2.8,4.6,4.7,6325	
-2.9,-2.8,5.7,5.8,867	
-2.9,-2.8,6.0,6.1,521	
-2.9,-2.8,6.8,6.9,208	
-2.9,-2.8,7.1,7.2,150	
-2.9,-2.8,7.9,8.0,42	
-2.9,-2.8,8.2,8.3,24	
-2.9,-2.8,9.3,9.4,1	
-0.3,-0.2,-10.2,-10.1,6	
-0.3,-0.2,-1.4,-1.3,7053	
-0.3,-0.2,-2.5,-2.4,21265	
-0.3,-0.2,-0.3,-0.2,1574	
-0.3,-0.2,-3.6,-3.5,20017	
-0.3,-0.2,-4.7,-4.6,15117	
-0.3,-0.2,-5.0,-4.9,17083	
-0.3,-0.2,-5.8,-5.7,22678	
-0.3,-0.2,-6.1,-6.0,22511	
-0.3,-0.2,-6.9,-6.8,14266	
-0.3,-0.2,-7.2,-7.1,10164	
-0.3,-0.2,-8.3,-8.2,1455	
-0.3,-0.2,-9.4,-9.3,44	
-0.3,-0.2,0.0,0.1,2655	
-0.3,-0.2,1.7,1.8,10620	
-0.3,-0.2,2.0,2.1,15064	
-0.3,-0.2,2.8,2.9,23117	
-0.3,-0.2,3.1,3.2,23218	
-0.3,-0.2,3.9,4.0,17593	
-0.3,-0.2,4.2,4.3,15680	
-0.3,-0.2,5.3,5.4,19617	
-0.3,-0.2,6.4,6.5,20255	
-0.3,-0.2,7.5,7.6,6770	
-0.3,-0.2,0.8,0.9,2922	
-0.3,-0.2,8.6,8.7,691	
-0.3,-0.2,9.7,9.8,13	
-3.0,-2.9,-1.2,-1.1,16267	
-3.0,-2.9,-2.3,-2.2,21240	
-3.0,-2.9,-3.4,-3.3,21890	
-3.0,-2.9,-4.5,-4.4,7414	
-3.0,-2.9,-0.5,-0.4,21709	
-3.0,-2.9,-5.6,-5.5,927	
-3.0,-2.9,-6.7,-6.6,205	
-3.0,-2.9,-7.0,-6.9,144	
-3.0,-2.9,-7.8,-7.7,27	
-3.0,-2.9,-8.1,-8.0,24	
-3.0,-2.9,-8.9,-8.8,1	
-3.0,-2.9,-9.2,-9.1,1	
-3.0,-2.9,1.1,1.2,16716	
-3.0,-2.9,1.9,2.0,17516	
-3.0,-2.9,2.2,2.3,19930	
-3.0,-2.9,3.3,3.4,22674	
-3.0,-2.9,4.4,4.5,8531	
-3.0,-2.9,5.5,5.6,1152	
-3.0,-2.9,0.6,0.7,21153	
-3.0,-2.9,6.6,6.7,220	
-3.0,-2.9,7.7,7.8,42	
-3.0,-2.9,8.0,8.1,29	
-3.0,-2.9,8.8,8.9,6	
-3.1,-3.0,-1.1,-1.0,16653	
-3.1,-3.0,-1.9,-1.8,17292	
-3.1,-3.0,-2.2,-2.1,19879	
-3.1,-3.0,-3.3,-3.2,22537	
-3.1,-3.0,-4.4,-4.3,8194	
-3.1,-3.0,-5.5,-5.4,1073	
-3.1,-3.0,-0.6,-0.5,21003	
-3.1,-3.0,-6.6,-6.5,162	
-3.1,-3.0,-7.7,-7.6,37	
-3.1,-3.0,-8.0,-7.9,16	
-3.1,-3.0,-8.8,-8.7,3	
-3.1,-3.0,1.2,1.3,16049	
-3.1,-3.0,2.3,2.4,20835	
-3.1,-3.0,3.4,3.5,21455	
-3.1,-3.0,4.5,4.6,7200	
-3.1,-3.0,0.5,0.6,22035	
-3.1,-3.0,5.6,5.7,850	
-3.1,-3.0,6.7,6.8,183	
-3.1,-3.0,7.0,7.1,109	
-3.1,-3.0,7.8,7.9,30	
-3.1,-3.0,8.1,8.2,16	
-3.1,-3.0,8.9,9.0,5	
-3.1,-3.0,9.2,9.3,1	
-3.2,-3.1,-1.0,-0.9,17270	
-3.2,-3.1,-1.8,-1.7,16430	
-3.2,-3.1,-2.1,-2.0,18740	
-3.2,-3.1,-2.9,-2.8,23355	
-3.2,-3.1,-3.2,-3.1,22761	
-3.2,-3.1,-4.3,-4.2,9402	
-3.2,-3.1,-5.4,-5.3,1283	
-3.2,-3.1,-6.5,-6.4,136	
-3.2,-3.1,-0.7,-0.6,19632	
-3.2,-3.1,-7.6,-7.5,28	
-3.2,-3.1,-8.7,-8.6,2	
-3.2,-3.1,1.3,1.4,15333	
-3.2,-3.1,2.4,2.5,21338	
-3.2,-3.1,3.5,3.6,19897	
-3.2,-3.1,0.4,0.5,22129	
-3.2,-3.1,4.6,4.7,6014	
-3.2,-3.1,5.7,5.8,624	
-3.2,-3.1,6.0,6.1,323	
-3.2,-3.1,6.8,6.9,102	
-3.2,-3.1,7.1,7.2,65	
-3.2,-3.1,7.9,8.0,13	
-3.2,-3.1,8.2,8.3,13	
-3.3,-3.2,-1.7,-1.6,15081	
-3.3,-3.2,-2.0,-1.9,17183	
-3.3,-3.2,-2.8,-2.7,22742	
-3.3,-3.2,-3.1,-3.0,22342	
-3.3,-3.2,-3.9,-3.8,14402	
-3.3,-3.2,-4.2,-4.1,10412	
-3.3,-3.2,-5.3,-5.2,1501	
-3.3,-3.2,-6.4,-6.3,126	
-3.3,-3.2,-7.5,-7.4,23	
-3.3,-3.2,-0.8,-0.7,18268	
-3.3,-3.2,-8.6,-8.5,2	
-3.3,-3.2,1.4,1.5,14713	
-3.3,-3.2,2.5,2.6,21207	
-3.3,-3.2,0.3,0.4,22424	
-3.3,-3.2,3.6,3.7,18020	
-3.3,-3.2,4.7,4.8,4937	
-3.3,-3.2,5.0,5.1,2832	
-3.3,-3.2,5.8,5.9,449	
-3.3,-3.2,6.1,6.2,223	
-3.3,-3.2,6.9,7.0,67	
-3.3,-3.2,7.2,7.3,34	
-3.3,-3.2,8.3,8.4,9	
-3.4,-3.3,-0.1,0.0,22601	
-3.4,-3.3,-1.6,-1.5,14346	
-3.4,-3.3,-2.7,-2.6,21341	
-3.4,-3.3,-3.0,-2.9,21662	
-3.4,-3.3,-3.8,-3.7,15028	
-3.4,-3.3,-4.1,-4.0,11245	
-3.4,-3.3,-4.9,-4.8,3249	
-3.4,-3.3,-5.2,-5.1,1813	
-3.4,-3.3,-6.3,-6.2,120	
-3.4,-3.3,-7.4,-7.3,24	
-3.4,-3.3,-8.5,-8.4,3	
-3.4,-3.3,-0.9,-0.8,17134	
-3.4,-3.3,-9.6,-9.5,1	
-3.4,-3.3,1.5,1.6,14308	
-3.4,-3.3,0.2,0.3,22400	
-3.4,-3.3,2.6,2.7,20992	
-3.4,-3.3,3.7,3.8,16170	
-3.4,-3.3,4.0,4.1,12532	
-3.4,-3.3,4.8,4.9,4023	
-3.4,-3.3,5.1,5.2,2156	
-3.4,-3.3,5.9,6.0,337	
-3.4,-3.3,6.2,6.3,166	
-3.4,-3.3,7.3,7.4,20	
-3.4,-3.3,8.4,8.5,1	
-3.5,-3.4,-1.5,-1.4,13726	
-3.5,-3.4,-0.2,-0.1,21629	
-3.5,-3.4,-2.6,-2.5,19857	
-3.5,-3.4,-3.7,-3.6,15526	
-3.5,-3.4,-4.0,-3.9,11892	
-3.5,-3.4,-4.8,-4.7,3728	
-3.5,-3.4,-5.1,-5.0,2053	
-3.5,-3.4,-5.9,-5.8,291	
-3.5,-3.4,-6.2,-6.1,137	
-3.5,-3.4,-7.3,-7.2,17	
-3.5,-3.4,-8.4,-8.3,4	
-3.5,-3.4,0.1,0.2,22070	
-3.5,-3.4,1.6,1.7,14080	
-3.5,-3.4,2.7,2.8,20452	
-3.5,-3.4,3.0,3.1,20461	
-3.5,-3.4,3.8,3.9,14301	
-3.5,-3.4,4.1,4.2,10852	
-3.5,-3.4,4.9,5.0,3090	
-3.5,-3.4,5.2,5.3,1700	
-3.5,-3.4,6.3,6.4,109	
-3.5,-3.4,7.4,7.5,14	
-3.5,-3.4,0.9,1.0,16348	
-3.6,-3.5,-1.4,-1.3,12940	
-3.6,-3.5,-2.5,-2.4,18432	
-3.6,-3.5,-0.3,-0.2,20330	
-3.6,-3.5,-3.6,-3.5,15684	
-3.6,-3.5,-4.7,-4.6,4226	
-3.6,-3.5,-5.0,-4.9,2482	
-3.6,-3.5,-5.8,-5.7,392	
-3.6,-3.5,-6.1,-6.0,164	
-3.6,-3.5,-6.9,-6.8,19	
-3.6,-3.5,-7.2,-7.1,14	
-3.6,-3.5,-8.3,-8.2,1	
-3.6,-3.5,0.0,0.1,42657	
-3.6,-3.5,1.7,1.8,13378	
-3.6,-3.5,2.0,2.1,14910	
-3.6,-3.5,2.8,2.9,19313	
-3.6,-3.5,3.1,3.2,19239	
-3.6,-3.5,3.9,4.0,12252	
-3.6,-3.5,4.2,4.3,8715	
-3.6,-3.5,5.3,5.4,1247	
-3.6,-3.5,6.4,6.5,68	
-3.6,-3.5,7.5,7.6,10	
-3.6,-3.5,0.8,0.9,16411	
-3.7,-3.6,-1.3,-1.2,12591	
-3.7,-3.6,-2.4,-2.3,16608	
-3.7,-3.6,-3.5,-3.4,15388	
-3.7,-3.6,-0.4,-0.3,18572	
-3.7,-3.6,-4.6,-4.5,4697	
-3.7,-3.6,-5.7,-5.6,416	
-3.7,-3.6,-6.0,-5.9,190	
-3.7,-3.6,-6.8,-6.7,26	
-3.7,-3.6,-7.1,-7.0,18	
-3.7,-3.6,-7.9,-7.8,6	
-3.7,-3.6,-8.2,-8.1,5	
-3.7,-3.6,1.0,1.1,14295	
-3.7,-3.6,1.8,1.9,13024	
-3.7,-3.6,2.1,2.2,14729	
-3.7,-3.6,2.9,3.0,18297	
-3.7,-3.6,3.2,3.3,17720	
-3.7,-3.6,4.3,4.4,7192	
-3.7,-3.6,5.4,5.5,924	
-3.7,-3.6,6.5,6.6,56	
-3.7,-3.6,0.7,0.8,16342	
-3.7,-3.6,7.6,7.7,10	
-3.8,-3.7,-1.2,-1.1,12203	
-3.8,-3.7,-2.3,-2.2,14735	
-3.8,-3.7,-3.4,-3.3,15110	
-3.8,-3.7,-4.5,-4.4,5052	
-3.8,-3.7,-0.5,-0.4,16983	
-3.8,-3.7,-5.6,-5.5,533	
-3.8,-3.7,-6.7,-6.6,25	
-3.8,-3.7,-7.0,-6.9,9	
-3.8,-3.7,-7.8,-7.7,1	
-3.8,-3.7,1.1,1.2,12754	
-3.8,-3.7,1.9,2.0,12388	
-3.8,-3.7,2.2,2.3,14134	
-3.8,-3.7,3.3,3.4,15710	
-3.8,-3.7,4.4,4.5,5955	
-3.8,-3.7,5.5,5.6,661	
-3.8,-3.7,0.6,0.7,16380	
-3.8,-3.7,6.6,6.7,37	
-3.8,-3.7,7.7,7.8,5	
-3.9,-3.8,-1.1,-1.0,12169	
-3.9,-3.8,-1.9,-1.8,11581	
-3.9,-3.8,-2.2,-2.1,12832	
-3.9,-3.8,-3.3,-3.2,14362	
-3.9,-3.8,-4.4,-4.3,5412	
-3.9,-3.8,-5.5,-5.4,607	
-3.9,-3.8,-0.6,-0.5,15699	
-3.9,-3.8,-6.6,-6.5,18	
-3.9,-3.8,-7.7,-7.6,1	
-3.9,-3.8,-8.0,-7.9,1	
-3.9,-3.8,1.2,1.3,11651	
-3.9,-3.8,2.3,2.4,13465	
-3.9,-3.8,3.4,3.5,13747	
-3.9,-3.8,4.5,4.6,4409	
-3.9,-3.8,0.5,0.6,16443	
-3.9,-3.8,5.6,5.7,511	
-3.9,-3.8,6.7,6.8,23	
-3.9,-3.8,7.0,7.1,12	
-3.9,-3.8,7.8,7.9,2	
-0.4,-0.3,-1.3,-1.2,6155	
-0.4,-0.3,-2.4,-2.3,19639	
-0.4,-0.3,-3.5,-3.4,20714	
-0.4,-0.3,-0.4,-0.3,1841	
-0.4,-0.3,-4.6,-4.5,14233	
-0.4,-0.3,-5.7,-5.6,21483	
-0.4,-0.3,-6.0,-5.9,21701	
-0.4,-0.3,-6.8,-6.7,14998	
-0.4,-0.3,-7.1,-7.0,10977	
-0.4,-0.3,-7.9,-7.8,3215	
-0.4,-0.3,-8.2,-8.1,1823	
-0.4,-0.3,-9.3,-9.2,87	
-0.4,-0.3,1.0,1.1,4028	
-0.4,-0.3,10.6,10.7,1	
-0.4,-0.3,1.8,1.9,11776	
-0.4,-0.3,2.1,2.2,15678	
-0.4,-0.3,2.9,3.0,22708	
-0.4,-0.3,3.2,3.3,22229	
-0.4,-0.3,4.3,4.4,14545	
-0.4,-0.3,5.4,5.5,19558	
-0.4,-0.3,6.5,6.6,18454	
-0.4,-0.3,0.7,0.8,2545	
-0.4,-0.3,7.6,7.7,5529	
-0.4,-0.3,8.7,8.8,517	
-0.4,-0.3,9.0,9.1,199	
-0.4,-0.3,9.8,9.9,19	
-4.0,-3.9,-1.3,-1.2,10554	
-4.0,-3.9,-2.4,-2.3,12630	
-4.0,-3.9,-3.5,-3.4,11807	
-4.0,-3.9,-0.4,-0.3,16155	
-4.0,-3.9,-4.6,-4.5,3461	
-4.0,-3.9,-5.7,-5.6,328	
-4.0,-3.9,-6.0,-5.9,149	
-4.0,-3.9,-6.8,-6.7,12	
-4.0,-3.9,-7.1,-7.0,5	
-4.0,-3.9,-7.9,-7.8,1	
-4.0,-3.9,1.0,1.1,12203	
-4.0,-3.9,1.8,1.9,10405	
-4.0,-3.9,2.1,2.2,11318	
-4.0,-3.9,2.9,3.0,14044	
-4.0,-3.9,3.2,3.3,13446	
-4.0,-3.9,4.3,4.4,5538	
-4.0,-3.9,5.4,5.5,679	
-4.0,-3.9,6.5,6.6,36	
-4.0,-3.9,0.7,0.8,14169	
-4.0,-3.9,7.6,7.7,5	
-4.0,-3.9,8.7,8.8,1	
-4.1,-4.0,-1.2,-1.1,10419	
-4.1,-4.0,-2.3,-2.2,11072	
-4.1,-4.0,-3.4,-3.3,11079	
-4.1,-4.0,-4.5,-4.4,3666	
-4.1,-4.0,-0.5,-0.4,14883	
-4.1,-4.0,-5.6,-5.5,386	
-4.1,-4.0,-6.7,-6.6,10	
-4.1,-4.0,-7.0,-6.9,6	
-4.1,-4.0,-8.1,-8.0,1	
-4.1,-4.0,1.1,1.2,10856	
-4.1,-4.0,1.9,2.0,9429	
-4.1,-4.0,2.2,2.3,10687	
-4.1,-4.0,3.3,3.4,11587	
-4.1,-4.0,4.4,4.5,4322	
-4.1,-4.0,5.5,5.6,490	
-4.1,-4.0,0.6,0.7,14206	
-4.1,-4.0,6.6,6.7,21	
-4.1,-4.0,7.7,7.8,2	
-4.1,-4.0,8.0,8.1,1	
-4.2,-4.1,-1.1,-1.0,10369	
-4.2,-4.1,-1.9,-1.8,8783	
-4.2,-4.1,-2.2,-2.1,9458	
-4.2,-4.1,-3.3,-3.2,10192	
-4.2,-4.1,-4.4,-4.3,3813	
-4.2,-4.1,-5.5,-5.4,395	
-4.2,-4.1,-0.6,-0.5,13807	
-4.2,-4.1,-6.6,-6.5,12	
-4.2,-4.1,-8.8,-8.7,1	
-4.2,-4.1,1.2,1.3,9686	
-4.2,-4.1,2.3,2.4,9759	
-4.2,-4.1,3.4,3.5,9651	
-4.2,-4.1,4.5,4.6,3279	
-4.2,-4.1,0.5,0.6,14485	
-4.2,-4.1,5.6,5.7,331	
-4.2,-4.1,6.7,6.8,3	
-4.2,-4.1,7.0,7.1,5	
-4.2,-4.1,7.8,7.9,2	
-4.3,-4.2,-1.0,-0.9,10509	
-4.3,-4.2,-1.8,-1.7,7838	
-4.3,-4.2,-2.1,-2.0,8173	
-4.3,-4.2,-2.9,-2.8,9804	
-4.3,-4.2,-3.2,-3.1,9248	
-4.3,-4.2,-4.3,-4.2,3805	
-4.3,-4.2,-5.4,-5.3,456	
-4.3,-4.2,-6.5,-6.4,27	
-4.3,-4.2,-0.7,-0.6,12576	
-4.3,-4.2,-7.6,-7.5,2	
-4.3,-4.2,1.3,1.4,8746	
-4.3,-4.2,2.4,2.5,9013	
-4.3,-4.2,3.5,3.6,8062	
-4.3,-4.2,0.4,0.5,14530	
-4.3,-4.2,4.6,4.7,2413	
-4.3,-4.2,5.7,5.8,217	
-4.3,-4.2,6.0,6.1,98	
-4.3,-4.2,6.8,6.9,11	
-4.3,-4.2,7.1,7.2,4	
-4.4,-4.3,-1.7,-1.6,7211	
-4.4,-4.3,-2.0,-1.9,7246	
-4.4,-4.3,-2.8,-2.7,8551	
-4.4,-4.3,-3.1,-3.0,8441	
-4.4,-4.3,-3.9,-3.8,5285	
-4.4,-4.3,-4.2,-4.1,3826	
-4.4,-4.3,-5.3,-5.2,530	
-4.4,-4.3,-6.4,-6.3,17	
-4.4,-4.3,-0.8,-0.7,11768	
-4.4,-4.3,1.4,1.5,7839	
-4.4,-4.3,2.5,2.6,8031	
-4.4,-4.3,0.3,0.4,14793	
-4.4,-4.3,3.6,3.7,6718	
-4.4,-4.3,4.7,4.8,1789	
-4.4,-4.3,5.0,5.1,994	
-4.4,-4.3,5.8,5.9,152	
-4.4,-4.3,6.1,6.2,48	
-4.4,-4.3,6.9,7.0,5	
-4.4,-4.3,7.2,7.3,1	
-4.5,-4.4,-0.1,0.0,15559	
-4.5,-4.4,-1.6,-1.5,7056	
-4.5,-4.4,-2.7,-2.6,7179	
-4.5,-4.4,-3.0,-2.9,7254	
-4.5,-4.4,-3.8,-3.7,4945	
-4.5,-4.4,-4.1,-4.0,3727	
-4.5,-4.4,-4.9,-4.8,1085	
-4.5,-4.4,-5.2,-5.1,531	
-4.5,-4.4,-6.3,-6.2,27	
-4.5,-4.4,-0.9,-0.8,10536	
-4.5,-4.4,1.5,1.6,7312	
-4.5,-4.4,0.2,0.3,15156	
-4.5,-4.4,2.6,2.7,7277	
-4.5,-4.4,3.7,3.8,5447	
-4.5,-4.4,4.0,4.1,4141	
-4.5,-4.4,4.8,4.9,1279	
-4.5,-4.4,5.1,5.2,720	
-4.5,-4.4,5.9,6.0,98	
-4.5,-4.4,6.2,6.3,36	
-4.5,-4.4,7.3,7.4,2	
-4.6,-4.5,-1.5,-1.4,6924	
-4.6,-4.5,-0.2,-0.1,15214	
-4.6,-4.5,-2.6,-2.5,6215	
-4.6,-4.5,-3.7,-3.6,4503	
-4.6,-4.5,-4.0,-3.9,3562	
-4.6,-4.5,-4.8,-4.7,1083	
-4.6,-4.5,-5.1,-5.0,642	
-4.6,-4.5,-5.9,-5.8,92	
-4.6,-4.5,-6.2,-6.1,29	
-4.6,-4.5,0.1,0.2,15743	
-4.6,-4.5,1.6,1.7,6348	
-4.6,-4.5,2.7,2.8,6199	
-4.6,-4.5,3.0,3.1,6270	
-4.6,-4.5,3.8,3.9,4328	
-4.6,-4.5,4.1,4.2,3182	
-4.6,-4.5,4.9,5.0,912	
-4.6,-4.5,5.2,5.3,501	
-4.6,-4.5,6.3,6.4,26	
-4.6,-4.5,7.4,7.5,2	
-4.6,-4.5,0.9,1.0,10667	
-4.7,-4.6,-1.4,-1.3,7220	
-4.7,-4.6,-2.5,-2.4,5284	
-4.7,-4.6,-0.3,-0.2,15495	
-4.7,-4.6,-3.6,-3.5,4262	
-4.7,-4.6,-4.7,-4.6,1159	
-4.7,-4.6,-5.0,-4.9,606	
-4.7,-4.6,-5.8,-5.7,91	
-4.7,-4.6,-6.1,-6.0,27	
-4.7,-4.6,-6.9,-6.8,2	
-4.7,-4.6,-8.3,-8.2,1	
-4.7,-4.6,0.0,0.1,32527	
-4.7,-4.6,1.7,1.8,5844	
-4.7,-4.6,2.0,2.1,5285	
-4.7,-4.6,2.8,2.9,5348	
-4.7,-4.6,3.1,3.2,5399	
-4.7,-4.6,3.9,4.0,3412	
-4.7,-4.6,4.2,4.3,2344	
-4.7,-4.6,5.3,5.4,332	
-4.7,-4.6,6.4,6.5,18	
-4.7,-4.6,0.8,0.9,11760	
-4.8,-4.7,-1.3,-1.2,7691	
-4.8,-4.7,-2.4,-2.3,4524	
-4.8,-4.7,-3.5,-3.4,3783	
-4.8,-4.7,-0.4,-0.3,15240	
-4.8,-4.7,-4.6,-4.5,1100	
-4.8,-4.7,-5.7,-5.6,95	
-4.8,-4.7,-6.0,-5.9,38	
-4.8,-4.7,-6.8,-6.7,2	
-4.8,-4.7,-7.1,-7.0,3	
-4.8,-4.7,1.0,1.1,10235	
-4.8,-4.7,1.8,1.9,5363	
-4.8,-4.7,2.1,2.2,4725	
-4.8,-4.7,2.9,3.0,4610	
-4.8,-4.7,3.2,3.3,4333	
-4.8,-4.7,4.3,4.4,1671	
-4.8,-4.7,5.4,5.5,228	
-4.8,-4.7,6.5,6.6,6	
-4.8,-4.7,0.7,0.8,12841	
-4.9,-4.8,-1.2,-1.1,8743	
-4.9,-4.8,-2.3,-2.2,3859	
-4.9,-4.8,-3.4,-3.3,3246	
-4.9,-4.8,-4.5,-4.4,1092	
-4.9,-4.8,-0.5,-0.4,15133	
-4.9,-4.8,-5.6,-5.5,99	
-4.9,-4.8,-6.7,-6.6,4	
-4.9,-4.8,1.1,1.2,9769	
-4.9,-4.8,1.9,2.0,4745	
-4.9,-4.8,2.2,2.3,4097	
-4.9,-4.8,3.3,3.4,3412	
-4.9,-4.8,4.4,4.5,1272	
-4.9,-4.8,5.5,5.6,136	
-4.9,-4.8,0.6,0.7,14249	
-4.9,-4.8,6.6,6.7,8	
-0.5,-0.4,-1.2,-1.1,5207	
-0.5,-0.4,-2.3,-2.2,17558	
-0.5,-0.4,-3.4,-3.3,20412	
-0.5,-0.4,-4.5,-4.4,13626	
-0.5,-0.4,-0.5,-0.4,2173	
-0.5,-0.4,-5.6,-5.5,20183	
-0.5,-0.4,-6.7,-6.6,15571	
-0.5,-0.4,-7.0,-6.9,11684	
-0.5,-0.4,-7.8,-7.7,3787	
-0.5,-0.4,-8.1,-8.0,2086	
-0.5,-0.4,-8.9,-8.8,276	
-0.5,-0.4,-9.2,-9.1,102	
-0.5,-0.4,10.5,10.6,1	
-0.5,-0.4,1.1,1.2,4460	
-0.5,-0.4,1.9,2.0,12812	
-0.5,-0.4,2.2,2.3,16623	
-0.5,-0.4,3.3,3.4,21133	
-0.5,-0.4,4.4,4.5,13729	
-0.5,-0.4,5.5,5.6,19427	
-0.5,-0.4,0.6,0.7,2334	
-0.5,-0.4,6.6,6.7,16736	
-0.5,-0.4,7.7,7.8,4444	
-0.5,-0.4,8.0,8.1,2473	
-0.5,-0.4,8.8,8.9,382	
-0.5,-0.4,9.1,9.2,145	
-0.5,-0.4,9.9,10.0,7	
-5.0,-4.9,-1.4,-1.3,7374	
-5.0,-4.9,-2.5,-2.4,3410	
-5.0,-4.9,-0.3,-0.2,17317	
-5.0,-4.9,-3.6,-3.5,2330	
-5.0,-4.9,-4.7,-4.6,598	
-5.0,-4.9,-5.0,-4.9,351	
-5.0,-4.9,-5.8,-5.7,61	
-5.0,-4.9,-6.1,-6.0,29	
-5.0,-4.9,-6.9,-6.8,3	
-5.0,-4.9,-7.2,-7.1,1	
-5.0,-4.9,0.0,0.1,36197	
-5.0,-4.9,1.7,1.8,5146	
-5.0,-4.9,2.0,2.1,4140	
-5.0,-4.9,2.8,2.9,3145	
-5.0,-4.9,3.1,3.2,2968	
-5.0,-4.9,3.9,4.0,1924	
-5.0,-4.9,4.2,4.3,1329	
-5.0,-4.9,5.3,5.4,208	
-5.0,-4.9,6.4,6.5,8	
-5.0,-4.9,0.8,0.9,12943	
-5.1,-5.0,-1.3,-1.2,8210	
-5.1,-5.0,-2.4,-2.3,2928	
-5.1,-5.0,-3.5,-3.4,1998	
-5.1,-5.0,-0.4,-0.3,17138	
-5.1,-5.0,-4.6,-4.5,605	
-5.1,-5.0,-5.7,-5.6,55	
-5.1,-5.0,-6.0,-5.9,28	
-5.1,-5.0,-6.8,-6.7,2	
-5.1,-5.0,1.0,1.1,11233	
-5.1,-5.0,1.8,1.9,4684	
-5.1,-5.0,2.1,2.2,3682	
-5.1,-5.0,2.9,3.0,2608	
-5.1,-5.0,3.2,3.3,2378	
-5.1,-5.0,4.3,4.4,924	
-5.1,-5.0,5.4,5.5,105	
-5.1,-5.0,6.5,6.6,5	
-5.1,-5.0,0.7,0.8,14658	
-5.2,-5.1,-1.2,-1.1,9578	
-5.2,-5.1,-2.3,-2.2,2746	
-5.2,-5.1,-3.4,-3.3,1731	
-5.2,-5.1,-4.5,-4.4,542	
-5.2,-5.1,-0.5,-0.4,17269	
-5.2,-5.1,-5.6,-5.5,58	
-5.2,-5.1,-6.7,-6.6,2	
-5.2,-5.1,1.1,1.2,10687	
-5.2,-5.1,1.9,2.0,4026	
-5.2,-5.1,2.2,2.3,3052	
-5.2,-5.1,3.3,3.4,1878	
-5.2,-5.1,4.4,4.5,688	
-5.2,-5.1,5.5,5.6,61	
-5.2,-5.1,0.6,0.7,16333	
-5.3,-5.2,-1.1,-1.0,10858	
-5.3,-5.2,-1.9,-1.8,4017	
-5.3,-5.2,-2.2,-2.1,2838	
-5.3,-5.2,-3.3,-3.2,1541	
-5.3,-5.2,-4.4,-4.3,540	
-5.3,-5.2,-5.5,-5.4,54	
-5.3,-5.2,-0.6,-0.5,16762	
-5.3,-5.2,-6.6,-6.5,3	
-5.3,-5.2,1.2,1.3,9723	
-5.3,-5.2,2.3,2.4,2551	
-5.3,-5.2,3.4,3.5,1432	
-5.3,-5.2,4.5,4.6,493	
-5.3,-5.2,0.5,0.6,18036	
-5.3,-5.2,5.6,5.7,34	
-5.4,-5.3,-1.0,-0.9,12740	
-5.4,-5.3,-1.8,-1.7,4663	
-5.4,-5.3,-2.1,-2.0,2948	
-5.4,-5.3,-2.9,-2.8,1510	
-5.4,-5.3,-3.2,-3.1,1276	
-5.4,-5.3,-4.3,-4.2,495	
-5.4,-5.3,-5.4,-5.3,64	
-5.4,-5.3,-0.7,-0.6,16373	
-5.4,-5.3,1.3,1.4,8995	
-5.4,-5.3,2.4,2.5,2073	
-5.4,-5.3,3.5,3.6,1015	
-5.4,-5.3,0.4,0.5,19728	
-5.4,-5.3,4.6,4.7,337	
-5.4,-5.3,5.7,5.8,20	
-5.4,-5.3,6.0,6.1,7	
-5.4,-5.3,7.1,7.2,1	
-5.5,-5.4,-1.7,-1.6,5221	
-5.5,-5.4,-2.0,-1.9,3348	
-5.5,-5.4,-2.8,-2.7,1368	
-5.5,-5.4,-3.1,-3.0,1042	
-5.5,-5.4,-3.9,-3.8,617	
-5.5,-5.4,-4.2,-4.1,423	
-5.5,-5.4,-5.3,-5.2,63	
-5.5,-5.4,-6.4,-6.3,3	
-5.5,-5.4,-0.8,-0.7,15943	
-5.5,-5.4,1.4,1.5,8173	
-5.5,-5.4,2.5,2.6,1683	
-5.5,-5.4,0.3,0.4,20798	
-5.5,-5.4,3.6,3.7,782	
-5.5,-5.4,4.7,4.8,214	
-5.5,-5.4,5.0,5.1,95	
-5.5,-5.4,5.8,5.9,16	
-5.5,-5.4,6.1,6.2,5	
-5.5,-5.4,6.9,7.0,1	
-5.6,-5.5,-0.1,0.0,22910	
-5.6,-5.5,-1.6,-1.5,6232	
-5.6,-5.5,-2.7,-2.6,1251	
-5.6,-5.5,-3.0,-2.9,915	
-5.6,-5.5,-3.8,-3.7,525	
-5.6,-5.5,-4.1,-4.0,347	
-5.6,-5.5,-4.9,-4.8,122	
-5.6,-5.5,-5.2,-5.1,59	
-5.6,-5.5,-6.3,-6.2,7	
-5.6,-5.5,-0.9,-0.8,14998	
-5.6,-5.5,1.5,1.6,7180	
-5.6,-5.5,0.2,0.3,22341	
-5.6,-5.5,2.6,2.7,1398	
-5.6,-5.5,3.7,3.8,569	
-5.6,-5.5,4.0,4.1,399	
-5.6,-5.5,4.8,4.9,123	
-5.6,-5.5,5.1,5.2,73	
-5.6,-5.5,5.9,6.0,5	
-5.6,-5.5,6.2,6.3,4	
-5.7,-5.6,-1.5,-1.4,7344	
-5.7,-5.6,-0.2,-0.1,22879	
-5.7,-5.6,-2.6,-2.5,1254	
-5.7,-5.6,-3.7,-3.6,443	
-5.7,-5.6,-4.0,-3.9,356	
-5.7,-5.6,-4.8,-4.7,102	
-5.7,-5.6,-5.1,-5.0,54	
-5.7,-5.6,-5.9,-5.8,4	
-5.7,-5.6,-6.2,-6.1,3	
-5.7,-5.6,0.1,0.2,23367	
-5.7,-5.6,1.6,1.7,6245	
-5.7,-5.6,2.7,2.8,1096	
-5.7,-5.6,3.0,3.1,712	
-5.7,-5.6,3.8,3.9,415	
-5.7,-5.6,4.1,4.2,317	
-5.7,-5.6,4.9,5.0,84	
-5.7,-5.6,5.2,5.3,39	
-5.7,-5.6,6.3,6.4,1	
-5.7,-5.6,0.9,1.0,15087	
-5.8,-5.7,-1.4,-1.3,8440	
-5.8,-5.7,-2.5,-2.4,1292	
-5.8,-5.7,-0.3,-0.2,22717	
-5.8,-5.7,-3.6,-3.5,344	
-5.8,-5.7,-4.7,-4.6,82	
-5.8,-5.7,-5.0,-4.9,45	
-5.8,-5.7,-5.8,-5.7,6	
-5.8,-5.7,-6.1,-6.0,7	
-5.8,-5.7,-6.9,-6.8,1	
-5.8,-5.7,0.0,0.1,48073	
-5.8,-5.7,1.7,1.8,5313	
-5.8,-5.7,2.0,2.1,3173	
-5.8,-5.7,2.8,2.9,836	
-5.8,-5.7,3.1,3.2,585	
-5.8,-5.7,3.9,4.0,256	
-5.8,-5.7,4.2,4.3,188	
-5.8,-5.7,5.3,5.4,29	
-5.8,-5.7,6.4,6.5,1	
-5.8,-5.7,0.8,0.9,16794	
-5.9,-5.8,-1.3,-1.2,9672	
-5.9,-5.8,-2.4,-2.3,1520	
-5.9,-5.8,-3.5,-3.4,277	
-5.9,-5.8,-0.4,-0.3,21999	
-5.9,-5.8,-4.6,-4.5,76	
-5.9,-5.8,-5.7,-5.6,5	
-5.9,-5.8,-6.0,-5.9,2	
-5.9,-5.8,1.0,1.1,14126	
-5.9,-5.8,1.8,1.9,4523	
-5.9,-5.8,2.1,2.2,2565	
-5.9,-5.8,2.9,3.0,631	
-5.9,-5.8,3.2,3.3,414	
-5.9,-5.8,4.3,4.4,122	
-5.9,-5.8,5.4,5.5,16	
-5.9,-5.8,0.7,0.8,18365	
-0.6,-0.5,-10.5,-10.4,1	
-0.6,-0.5,-1.1,-1.0,4594	
-0.6,-0.5,-1.9,-1.8,12372	
-0.6,-0.5,-2.2,-2.1,15795	
-0.6,-0.5,-3.3,-3.2,20061	
-0.6,-0.5,-4.4,-4.3,13060	
-0.6,-0.5,-5.5,-5.4,18144	
-0.6,-0.5,-0.6,-0.5,2690	
-0.6,-0.5,-6.6,-6.5,15695	
-0.6,-0.5,-7.7,-7.6,4202	
-0.6,-0.5,-8.0,-7.9,2325	
-0.6,-0.5,-8.8,-8.7,321	
-0.6,-0.5,-9.1,-9.0,137	
-0.6,-0.5,-9.9,-9.8,9	
-0.6,-0.5,10.4,10.5,1	
-0.6,-0.5,1.2,1.3,5302	
-0.6,-0.5,2.3,2.4,16865	
-0.6,-0.5,3.4,3.5,19693	
-0.6,-0.5,4.5,4.6,13046	
-0.6,-0.5,0.5,0.6,2486	
-0.6,-0.5,5.6,5.7,18718	
-0.6,-0.5,6.7,6.8,14530	
-0.6,-0.5,7.0,7.1,11103	
-0.6,-0.5,7.8,7.9,3481	
-0.6,-0.5,8.1,8.2,1927	
-0.6,-0.5,8.9,9.0,243	
-0.6,-0.5,9.2,9.3,112	
-6.0,-5.9,-1.5,-1.4,7326	
-6.0,-5.9,-0.2,-0.1,23337	
-6.0,-5.9,-2.6,-2.5,966	
-6.0,-5.9,-3.7,-3.6,194	
-6.0,-5.9,-4.0,-3.9,140	
-6.0,-5.9,-4.8,-4.7,47	
-6.0,-5.9,-5.1,-5.0,21	
-6.0,-5.9,-5.9,-5.8,4	
-6.0,-5.9,-6.2,-6.1,1	
-6.0,-5.9,0.1,0.2,23706	
-6.0,-5.9,1.6,1.7,6074	
-6.0,-5.9,2.7,2.8,825	
-6.0,-5.9,3.0,3.1,460	
-6.0,-5.9,3.8,3.9,164	
-6.0,-5.9,4.1,4.2,123	
-6.0,-5.9,4.9,5.0,31	
-6.0,-5.9,5.2,5.3,22	
-6.0,-5.9,6.3,6.4,1	
-6.0,-5.9,0.9,1.0,15216	
-6.1,-6.0,-1.4,-1.3,8293	
-6.1,-6.0,-2.5,-2.4,1069	
-6.1,-6.0,-0.3,-0.2,22317	
-6.1,-6.0,-3.6,-3.5,171	
-6.1,-6.0,-4.7,-4.6,42	
-6.1,-6.0,-5.0,-4.9,15	
-6.1,-6.0,-5.8,-5.7,1	
-6.1,-6.0,0.0,0.1,47404	
-6.1,-6.0,1.7,1.8,5311	
-6.1,-6.0,2.0,2.1,2980	
-6.1,-6.0,2.8,2.9,579	
-6.1,-6.0,3.1,3.2,292	
-6.1,-6.0,3.9,4.0,117	
-6.1,-6.0,4.2,4.3,103	
-6.1,-6.0,5.3,5.4,9	
-6.1,-6.0,6.4,6.5,1	
-6.1,-6.0,0.8,0.9,16633	
-6.2,-6.1,-1.3,-1.2,9199	
-6.2,-6.1,-2.4,-2.3,1220	
-6.2,-6.1,-3.5,-3.4,159	
-6.2,-6.1,-0.4,-0.3,21357	
-6.2,-6.1,-4.6,-4.5,34	
-6.2,-6.1,-5.7,-5.6,2	
-6.2,-6.1,-6.0,-5.9,1	
-6.2,-6.1,1.0,1.1,13546	
-6.2,-6.1,1.8,1.9,4279	
-6.2,-6.1,2.1,2.2,2389	
-6.2,-6.1,2.9,3.0,443	
-6.2,-6.1,3.2,3.3,233	
-6.2,-6.1,4.3,4.4,49	
-6.2,-6.1,5.4,5.5,4	
-6.2,-6.1,0.7,0.8,17438	
-6.3,-6.2,-1.2,-1.1,10389	
-6.3,-6.2,-2.3,-2.2,1478	
-6.3,-6.2,-3.4,-3.3,115	
-6.3,-6.2,-4.5,-4.4,30	
-6.3,-6.2,-0.5,-0.4,19298	
-6.3,-6.2,-5.6,-5.5,3	
-6.3,-6.2,1.1,1.2,11720	
-6.3,-6.2,1.9,2.0,3453	
-6.3,-6.2,2.2,2.3,1818	
-6.3,-6.2,3.3,3.4,157	
-6.3,-6.2,4.4,4.5,40	
-6.3,-6.2,5.5,5.6,4	
-6.3,-6.2,0.6,0.7,18333	
-6.4,-6.3,-1.1,-1.0,11217	
-6.4,-6.3,-1.9,-1.8,3338	
-6.4,-6.3,-2.2,-2.1,1826	
-6.4,-6.3,-3.3,-3.2,153	
-6.4,-6.3,-4.4,-4.3,24	
-6.4,-6.3,-5.5,-5.4,5	
-6.4,-6.3,-0.6,-0.5,17324	
-6.4,-6.3,1.2,1.3,9970	
-6.4,-6.3,2.3,2.4,1422	
-6.4,-6.3,3.4,3.5,137	
-6.4,-6.3,4.5,4.6,16	
-6.4,-6.3,0.5,0.6,18730	
-6.4,-6.3,5.6,5.7,3	
-6.4,-6.3,6.7,6.8,1	
-6.5,-6.4,-1.0,-0.9,12109	
-6.5,-6.4,-1.8,-1.7,3699	
-6.5,-6.4,-2.1,-2.0,2052	
-6.5,-6.4,-2.9,-2.8,319	
-6.5,-6.4,-3.2,-3.1,154	
-6.5,-6.4,-4.3,-4.2,23	
-6.5,-6.4,-5.4,-5.3,2	
-6.5,-6.4,-0.7,-0.6,15381	
-6.5,-6.4,1.3,1.4,8177	
-6.5,-6.4,2.4,2.5,1025	
-6.5,-6.4,3.5,3.6,82	
-6.5,-6.4,0.4,0.5,18813	
-6.5,-6.4,4.6,4.7,12	
-6.5,-6.4,5.7,5.8,2	
-6.6,-6.5,-1.7,-1.6,4227	
-6.6,-6.5,-2.0,-1.9,2376	
-6.6,-6.5,-2.8,-2.7,381	
-6.6,-6.5,-3.1,-3.0,172	
-6.6,-6.5,-3.9,-3.8,29	
-6.6,-6.5,-4.2,-4.1,15	
-6.6,-6.5,-5.3,-5.2,1	
-6.6,-6.5,-0.8,-0.7,13273	
-6.6,-6.5,1.4,1.5,6629	
-6.6,-6.5,2.5,2.6,768	
-6.6,-6.5,0.3,0.4,18158	
-6.6,-6.5,3.6,3.7,52	
-6.6,-6.5,4.7,4.8,7	
-6.6,-6.5,5.0,5.1,4	
-6.7,-6.6,-0.1,0.0,17788	
-6.7,-6.6,-1.6,-1.5,4633	
-6.7,-6.6,-2.7,-2.6,457	
-6.7,-6.6,-3.0,-2.9,186	
-6.7,-6.6,-3.8,-3.7,23	
-6.7,-6.6,-4.1,-4.0,5	
-6.7,-6.6,-4.9,-4.8,4	
-6.7,-6.6,-0.9,-0.8,11703	
-6.7,-6.6,1.5,1.6,5508	
-6.7,-6.6,0.2,0.3,17695	
-6.7,-6.6,2.6,2.7,527	
-6.7,-6.6,3.7,3.8,40	
-6.7,-6.6,4.0,4.1,14	
-6.7,-6.6,4.8,4.9,1	
-6.7,-6.6,5.1,5.2,1	
-6.7,-6.6,6.2,6.3,1	
-6.8,-6.7,-1.5,-1.4,4959	
-6.8,-6.7,-0.2,-0.1,16090	
-6.8,-6.7,-2.6,-2.5,514	
-6.8,-6.7,-3.7,-3.6,24	
-6.8,-6.7,-4.0,-3.9,17	
-6.8,-6.7,-4.8,-4.7,1	
-6.8,-6.7,-5.1,-5.0,1	
-6.8,-6.7,0.1,0.2,16432	
-6.8,-6.7,1.6,1.7,4151	
-6.8,-6.7,2.7,2.8,410	
-6.8,-6.7,3.0,3.1,185	
-6.8,-6.7,3.8,3.9,23	
-6.8,-6.7,4.1,4.2,7	
-6.8,-6.7,4.9,5.0,2	
-6.8,-6.7,5.2,5.3,2	
-6.8,-6.7,0.9,1.0,10521	
-6.9,-6.8,-1.4,-1.3,5344	
-6.9,-6.8,-2.5,-2.4,661	
-6.9,-6.8,-0.3,-0.2,14464	
-6.9,-6.8,-3.6,-3.5,20	
-6.9,-6.8,-4.7,-4.6,5	
-6.9,-6.8,-5.8,-5.7,1	
-6.9,-6.8,0.0,0.1,30161	
-6.9,-6.8,1.7,1.8,3268	
-6.9,-6.8,2.0,2.1,1878	
-6.9,-6.8,2.8,2.9,286	
-6.9,-6.8,3.1,3.2,121	
-6.9,-6.8,3.9,4.0,12	
-6.9,-6.8,4.2,4.3,7	
-6.9,-6.8,5.3,5.4,1	
-6.9,-6.8,0.8,0.9,10558	
-0.7,-0.6,-1.0,-0.9,4072	
-0.7,-0.6,-10.6,-10.5,1	
-0.7,-0.6,-1.8,-1.7,10577	
-0.7,-0.6,-2.1,-2.0,14019	
-0.7,-0.6,-2.9,-2.8,20134	
-0.7,-0.6,-3.2,-3.1,19669	
-0.7,-0.6,-4.3,-4.2,12783	
-0.7,-0.6,-5.4,-5.3,16626	
-0.7,-0.6,-6.5,-6.4,15491	
-0.7,-0.6,-0.7,-0.6,3018	
-0.7,-0.6,-7.6,-7.5,4688	
-0.7,-0.6,-8.7,-8.6,408	
-0.7,-0.6,-9.0,-8.9,157	
-0.7,-0.6,-9.8,-9.7,7	
-0.7,-0.6,1.3,1.4,5878	
-0.7,-0.6,2.4,2.5,17398	
-0.7,-0.6,3.5,3.6,17962	
-0.7,-0.6,0.4,0.5,2558	
-0.7,-0.6,4.6,4.7,12349	
-0.7,-0.6,5.7,5.8,17802	
-0.7,-0.6,6.0,6.1,17972	
-0.7,-0.6,6.8,6.9,12779	
-0.7,-0.6,7.1,7.2,9128	
-0.7,-0.6,7.9,8.0,2675	
-0.7,-0.6,8.2,8.3,1456	
-0.7,-0.6,9.3,9.4,70	
-7.0,-6.9,-0.1,0.0,13581	
-7.0,-6.9,-1.6,-1.5,3540	
-7.0,-6.9,-2.7,-2.6,314	
-7.0,-6.9,-3.0,-2.9,133	
-7.0,-6.9,-3.8,-3.7,16	
-7.0,-6.9,-4.1,-4.0,6	
-7.0,-6.9,-4.9,-4.8,3	
-7.0,-6.9,-0.9,-0.8,8683	
-7.0,-6.9,1.5,1.6,4171	
-7.0,-6.9,0.2,0.3,13344	
-7.0,-6.9,2.6,2.7,395	
-7.0,-6.9,3.7,3.8,24	
-7.0,-6.9,4.0,4.1,8	
-7.1,-7.0,-1.5,-1.4,3698	
-7.1,-7.0,-0.2,-0.1,12013	
-7.1,-7.0,-2.6,-2.5,397	
-7.1,-7.0,-3.7,-3.6,15	
-7.1,-7.0,-4.0,-3.9,6	
-7.1,-7.0,0.1,0.2,12113	
-7.1,-7.0,1.6,1.7,3137	
-7.1,-7.0,2.7,2.8,298	
-7.1,-7.0,3.0,3.1,136	
-7.1,-7.0,3.8,3.9,12	
-7.1,-7.0,4.1,4.2,2	
-7.1,-7.0,4.9,5.0,2	
-7.1,-7.0,5.2,5.3,1	
-7.1,-7.0,0.9,1.0,7818	
-7.2,-7.1,-1.4,-1.3,3832	
-7.2,-7.1,-2.5,-2.4,404	
-7.2,-7.1,-0.3,-0.2,10182	
-7.2,-7.1,-3.6,-3.5,11	
-7.2,-7.1,-5.0,-4.9,2	
-7.2,-7.1,0.0,0.1,21802	
-7.2,-7.1,1.7,1.8,2424	
-7.2,-7.1,2.0,2.1,1275	
-7.2,-7.1,2.8,2.9,168	
-7.2,-7.1,3.1,3.2,77	
-7.2,-7.1,3.9,4.0,11	
-7.2,-7.1,4.2,4.3,3	
-7.2,-7.1,0.8,0.9,7639	
-7.3,-7.2,-1.3,-1.2,3930	
-7.3,-7.2,-2.4,-2.3,448	
-7.3,-7.2,-3.5,-3.4,18	
-7.3,-7.2,-0.4,-0.3,8495	
-7.3,-7.2,-4.6,-4.5,2	
-7.3,-7.2,1.0,1.1,5642	
-7.3,-7.2,1.8,1.9,1732	
-7.3,-7.2,2.1,2.2,973	
-7.3,-7.2,2.9,3.0,122	
-7.3,-7.2,3.2,3.3,51	
-7.3,-7.2,0.7,0.8,7205	
-7.4,-7.3,-1.2,-1.1,3911	
-7.4,-7.3,-2.3,-2.2,489	
-7.4,-7.3,-3.4,-3.3,24	
-7.4,-7.3,-0.5,-0.4,7417	
-7.4,-7.3,1.1,1.2,4367	
-7.4,-7.3,1.9,2.0,1280	
-7.4,-7.3,2.2,2.3,633	
-7.4,-7.3,3.3,3.4,27	
-7.4,-7.3,4.4,4.5,1	
-7.4,-7.3,0.6,0.7,6916	
-7.5,-7.4,-1.1,-1.0,3770	
-7.5,-7.4,-1.9,-1.8,1088	
-7.5,-7.4,-2.2,-2.1,593	
-7.5,-7.4,-3.3,-3.2,30	
-7.5,-7.4,-4.4,-4.3,1	
-7.5,-7.4,-0.6,-0.5,5930	
-7.5,-7.4,1.2,1.3,3206	
-7.5,-7.4,2.3,2.4,445	
-7.5,-7.4,3.4,3.5,17	
-7.5,-7.4,0.5,0.6,6210	
-7.6,-7.5,-1.0,-0.9,3586	
-7.6,-7.5,-1.8,-1.7,1140	
-7.6,-7.5,-2.1,-2.0,579	
-7.6,-7.5,-2.9,-2.8,79	
-7.6,-7.5,-3.2,-3.1,28	
-7.6,-7.5,-0.7,-0.6,4715	
-7.6,-7.5,1.3,1.4,2450	
-7.6,-7.5,2.4,2.5,292	
-7.6,-7.5,3.5,3.6,14	
-7.6,-7.5,0.4,0.5,5568	
-7.7,-7.6,-1.7,-1.6,1069	
-7.7,-7.6,-2.0,-1.9,642	
-7.7,-7.6,-2.8,-2.7,102	
-7.7,-7.6,-3.1,-3.0,37	
-7.7,-7.6,-3.9,-3.8,2	
-7.7,-7.6,-4.2,-4.1,1	
-7.7,-7.6,-0.8,-0.7,3646	
-7.7,-7.6,1.4,1.5,1850	
-7.7,-7.6,2.5,2.6,225	
-7.7,-7.6,0.3,0.4,4929	
-7.7,-7.6,3.6,3.7,8	
-7.7,-7.6,4.7,4.8,1	
-7.8,-7.7,-0.1,0.0,4249	
-7.8,-7.7,-1.6,-1.5,1047	
-7.8,-7.7,-2.7,-2.6,95	
-7.8,-7.7,-3.0,-2.9,58	
-7.8,-7.7,-3.8,-3.7,1	
-7.8,-7.7,-4.1,-4.0,1	
-7.8,-7.7,-0.9,-0.8,2733	
-7.8,-7.7,1.5,1.6,1305	
-7.8,-7.7,0.2,0.3,4128	
-7.8,-7.7,2.6,2.7,112	
-7.8,-7.7,3.7,3.8,3	
-7.8,-7.7,4.0,4.1,3	
-7.9,-7.8,-1.5,-1.4,1045	
-7.9,-7.8,-0.2,-0.1,3373	
-7.9,-7.8,-2.6,-2.5,111	
-7.9,-7.8,-3.7,-3.6,2	
-7.9,-7.8,-4.0,-3.9,1	
-7.9,-7.8,0.1,0.2,3407	
-7.9,-7.8,1.6,1.7,947	
-7.9,-7.8,2.7,2.8,63	
-7.9,-7.8,3.0,3.1,36	
-7.9,-7.8,3.8,3.9,2	
-7.9,-7.8,4.1,4.2,2	
-7.9,-7.8,0.9,1.0,2279	
-0.8,-0.7,-1.7,-1.6,9311	
-0.8,-0.7,-2.0,-1.9,12291	
-0.8,-0.7,-2.8,-2.7,19031	
-0.8,-0.7,-3.1,-3.0,19059	
-0.8,-0.7,-3.9,-3.8,14032	
-0.8,-0.7,-4.2,-4.1,12451	
-0.8,-0.7,-5.3,-5.2,14809	
-0.8,-0.7,-6.4,-6.3,14957	
-0.8,-0.7,-7.5,-7.4,4865	
-0.8,-0.7,-0.8,-0.7,3573	
-0.8,-0.7,-8.6,-8.5,507	
-0.8,-0.7,-9.7,-9.6,14	
-0.8,-0.7,10.2,10.3,1	
-0.8,-0.7,1.4,1.5,6653	
-0.8,-0.7,2.5,2.6,17532	
-0.8,-0.7,0.3,0.4,2935	
-0.8,-0.7,3.6,3.7,16490	
-0.8,-0.7,4.7,4.8,11699	
-0.8,-0.7,5.0,5.1,13075	
-0.8,-0.7,5.8,5.9,17004	
-0.8,-0.7,6.1,6.2,16558	
-0.8,-0.7,6.9,7.0,10642	
-0.8,-0.7,7.2,7.3,7721	
-0.8,-0.7,8.3,8.4,1018	
-0.8,-0.7,9.4,9.5,61	
-8.0,-7.9,-1.7,-1.6,669	
-8.0,-7.9,-2.0,-1.9,356	
-8.0,-7.9,-2.8,-2.7,60	
-8.0,-7.9,-3.1,-3.0,26	
-8.0,-7.9,-0.8,-0.7,1958	
-8.0,-7.9,1.4,1.5,1011	
-8.0,-7.9,2.5,2.6,132	
-8.0,-7.9,0.3,0.4,2808	
-8.0,-7.9,3.6,3.7,2	
-8.1,-8.0,-0.1,0.0,2300	
-8.1,-8.0,-1.6,-1.5,607	
-8.1,-8.0,-2.7,-2.6,47	
-8.1,-8.0,-3.0,-2.9,26	
-8.1,-8.0,-3.8,-3.7,1	
-8.1,-8.0,-4.1,-4.0,1	
-8.1,-8.0,-0.9,-0.8,1532	
-8.1,-8.0,1.5,1.6,717	
-8.1,-8.0,0.2,0.3,2301	
-8.1,-8.0,2.6,2.7,66	
-8.1,-8.0,3.7,3.8,1	
-8.2,-8.1,-1.5,-1.4,551	
-8.2,-8.1,-0.2,-0.1,1796	
-8.2,-8.1,-2.6,-2.5,68	
-8.2,-8.1,0.1,0.2,1860	
-8.2,-8.1,1.6,1.7,481	
-8.2,-8.1,2.7,2.8,37	
-8.2,-8.1,3.0,3.1,22	
-8.2,-8.1,3.8,3.9,1	
-8.2,-8.1,0.9,1.0,1251	
-8.3,-8.2,-1.4,-1.3,511	
-8.3,-8.2,-2.5,-2.4,68	
-8.3,-8.2,-0.3,-0.2,1422	
-8.3,-8.2,-3.6,-3.5,2	
-8.3,-8.2,0.0,0.1,2940	
-8.3,-8.2,1.7,1.8,349	
-8.3,-8.2,2.0,2.1,207	
-8.3,-8.2,2.8,2.9,31	
-8.3,-8.2,3.1,3.2,13	
-8.3,-8.2,3.9,4.0,1	
-8.3,-8.2,0.8,0.9,1103	
-8.4,-8.3,-1.3,-1.2,463	
-8.4,-8.3,-2.4,-2.3,51	
-8.4,-8.3,-3.5,-3.4,2	
-8.4,-8.3,-0.4,-0.3,1041	
-8.4,-8.3,1.0,1.1,696	
-8.4,-8.3,1.8,1.9,209	
-8.4,-8.3,2.1,2.2,113	
-8.4,-8.3,2.9,3.0,11	
-8.4,-8.3,3.2,3.3,6	
-8.4,-8.3,0.7,0.8,880	
-8.5,-8.4,-1.2,-1.1,409	
-8.5,-8.4,-2.3,-2.2,67	
-8.5,-8.4,-3.4,-3.3,2	
-8.5,-8.4,-0.5,-0.4,868	
-8.5,-8.4,1.1,1.2,493	
-8.5,-8.4,1.9,2.0,148	
-8.5,-8.4,2.2,2.3,86	
-8.5,-8.4,3.3,3.4,1	
-8.5,-8.4,0.6,0.7,741	
-8.6,-8.5,-1.1,-1.0,375	
-8.6,-8.5,-1.9,-1.8,99	
-8.6,-8.5,-2.2,-2.1,62	
-8.6,-8.5,-3.3,-3.2,3	
-8.6,-8.5,-0.6,-0.5,580	
-8.6,-8.5,1.2,1.3,329	
-8.6,-8.5,2.3,2.4,47	
-8.6,-8.5,3.4,3.5,1	
-8.6,-8.5,0.5,0.6,629	
-8.7,-8.6,-1.0,-0.9,298	
-8.7,-8.6,-1.8,-1.7,111	
-8.7,-8.6,-2.1,-2.0,53	
-8.7,-8.6,-2.9,-2.8,6	
-8.7,-8.6,-3.2,-3.1,5	
-8.7,-8.6,-0.7,-0.6,414	
-8.7,-8.6,1.3,1.4,234	
-8.7,-8.6,2.4,2.5,22	
-8.7,-8.6,0.4,0.5,509	
-8.8,-8.7,-1.7,-1.6,103	
-8.8,-8.7,-2.0,-1.9,44	
-8.8,-8.7,-2.8,-2.7,9	
-8.8,-8.7,-3.1,-3.0,3	
-8.8,-8.7,-0.8,-0.7,277	
-8.8,-8.7,1.4,1.5,149	
-8.8,-8.7,2.5,2.6,11	
-8.8,-8.7,0.3,0.4,349	
-8.9,-8.8,-0.1,0.0,330	
-8.9,-8.8,-1.6,-1.5,79	
-8.9,-8.8,-2.7,-2.6,12	
-8.9,-8.8,-3.0,-2.9,3	
-8.9,-8.8,-3.8,-3.7,1	
-8.9,-8.8,-0.9,-0.8,192	
-8.9,-8.8,1.5,1.6,93	
-8.9,-8.8,0.2,0.3,315	
-8.9,-8.8,2.6,2.7,14	
-0.9,-0.8,-0.1,0.0,3344	
-0.9,-0.8,-10.0,-9.9,7	
-0.9,-0.8,-1.6,-1.5,7769	
-0.9,-0.8,-2.7,-2.6,17763	
-0.9,-0.8,-3.0,-2.9,18228	
-0.9,-0.8,-3.8,-3.7,14259	
-0.9,-0.8,-4.1,-4.0,12067	
-0.9,-0.8,-4.9,-4.8,11395	
-0.9,-0.8,-5.2,-5.1,12766	
-0.9,-0.8,-6.3,-6.2,14347	
-0.9,-0.8,-7.4,-7.3,5402	
-0.9,-0.8,-8.5,-8.4,613	
-0.9,-0.8,-0.9,-0.8,4132	
-0.9,-0.8,-9.6,-9.5,20	
-0.9,-0.8,10.1,10.2,4	
-0.9,-0.8,1.5,1.6,7218	
-0.9,-0.8,0.2,0.3,3440	
-0.9,-0.8,2.6,2.7,17313	
-0.9,-0.8,3.7,3.8,15065	
-0.9,-0.8,4.0,4.1,12651	
-0.9,-0.8,4.8,4.9,11077	
-0.9,-0.8,5.1,5.2,12452	
-0.9,-0.8,5.9,6.0,15328	
-0.9,-0.8,6.2,6.3,14964	
-0.9,-0.8,7.3,7.4,5962	
-0.9,-0.8,8.4,8.5,761	
-0.9,-0.8,9.5,9.6,25	
-9.0,-8.9,-1.0,-0.9,137	
-9.0,-8.9,-1.8,-1.7,28	
-9.0,-8.9,-2.1,-2.0,20	
-9.0,-8.9,-2.9,-2.8,1	
-9.0,-8.9,-3.2,-3.1,1	
-9.0,-8.9,-0.7,-0.6,165	
-9.0,-8.9,1.3,1.4,106	
-9.0,-8.9,2.4,2.5,8	
-9.0,-8.9,3.5,3.6,1	
-9.0,-8.9,0.4,0.5,203	
-9.1,-9.0,-1.7,-1.6,37	
-9.1,-9.0,-2.0,-1.9,26	
-9.1,-9.0,-2.8,-2.7,5	
-9.1,-9.0,-3.1,-3.0,1	
-9.1,-9.0,-0.8,-0.7,121	
-9.1,-9.0,1.4,1.5,77	
-9.1,-9.0,2.5,2.6,7	
-9.1,-9.0,0.3,0.4,134	
-9.1,-9.0,3.6,3.7,1	
-9.2,-9.1,-0.1,0.0,135	
-9.2,-9.1,-1.6,-1.5,29	
-9.2,-9.1,-2.7,-2.6,5	
-9.2,-9.1,-4.1,-4.0,1	
-9.2,-9.1,-0.9,-0.8,89	
-9.2,-9.1,1.5,1.6,36	
-9.2,-9.1,0.2,0.3,136	
-9.2,-9.1,2.6,2.7,5	
-9.3,-9.2,-1.5,-1.4,20	
-9.3,-9.2,-0.2,-0.1,81	
-9.3,-9.2,-2.6,-2.5,3	
-9.3,-9.2,0.1,0.2,89	
-9.3,-9.2,1.6,1.7,26	
-9.3,-9.2,2.7,2.8,1	
-9.3,-9.2,3.0,3.1,1	
-9.3,-9.2,4.1,4.2,1	
-9.3,-9.2,0.9,1.0,54	
-9.4,-9.3,-1.4,-1.3,22	
-9.4,-9.3,-2.5,-2.4,1	
-9.4,-9.3,-0.3,-0.2,71	
-9.4,-9.3,0.0,0.1,117	
-9.4,-9.3,1.7,1.8,14	
-9.4,-9.3,2.0,2.1,8	
-9.4,-9.3,2.8,2.9,1	
-9.4,-9.3,0.8,0.9,46	
-9.5,-9.4,-1.3,-1.2,16	
-9.5,-9.4,-2.4,-2.3,2	
-9.5,-9.4,-0.4,-0.3,44	
-9.5,-9.4,1.0,1.1,34	
-9.5,-9.4,1.8,1.9,8	
-9.5,-9.4,2.1,2.2,6	
-9.5,-9.4,3.2,3.3,2	
-9.5,-9.4,0.7,0.8,45	
-9.6,-9.5,-1.2,-1.1,15	
-9.6,-9.5,-0.5,-0.4,30	
-9.6,-9.5,1.1,1.2,14	
-9.6,-9.5,1.9,2.0,4	
-9.6,-9.5,2.2,2.3,5	
-9.6,-9.5,0.6,0.7,26	
-9.7,-9.6,-1.1,-1.0,13	
-9.7,-9.6,-1.9,-1.8,4	
-9.7,-9.6,-2.2,-2.1,3	
-9.7,-9.6,-0.6,-0.5,21	
-9.7,-9.6,1.2,1.3,11	
-9.7,-9.6,2.3,2.4,2	
-9.7,-9.6,0.5,0.6,21	
-9.8,-9.7,-1.0,-0.9,6	
-9.8,-9.7,-1.8,-1.7,7	
-9.8,-9.7,-2.1,-2.0,1	
-9.8,-9.7,-0.7,-0.6,17	
-9.8,-9.7,1.3,1.4,6	
-9.8,-9.7,0.4,0.5,8	
-9.9,-9.8,-1.7,-1.6,5	
-9.9,-9.8,-2.0,-1.9,1	
-9.9,-9.8,-0.8,-0.7,12	
-9.9,-9.8,1.4,1.5,1	
-9.9,-9.8,0.3,0.4,8	
0.0,0.1,-10.2,-10.1,2	
0.0,0.1,-1.4,-1.3,15082	
0.0,0.1,-2.5,-2.4,44100	
0.0,0.1,-0.3,-0.2,2673	
0.0,0.1,-3.6,-3.5,42588	
0.0,0.1,-4.7,-4.6,32503	
0.0,0.1,-5.0,-4.9,36233	
0.0,0.1,-5.8,-5.7,47979	
0.0,0.1,-6.1,-6.0,46852	
0.0,0.1,-6.9,-6.8,30506	
0.0,0.1,-7.2,-7.1,21964	
0.0,0.1,-8.3,-8.2,2986	
0.0,0.1,-9.4,-9.3,122	
0.0,0.1,0.0,0.1,4263	
0.0,0.1,1.7,1.8,22647	
0.0,0.1,2.0,2.1,31429	
0.0,0.1,2.8,2.9,48611	
0.0,0.1,3.1,3.2,48732	
0.0,0.1,3.9,4.0,37019	
0.0,0.1,4.2,4.3,32663	
0.0,0.1,5.3,5.4,41552	
0.0,0.1,6.4,6.5,43040	
0.0,0.1,7.5,7.6,14353	
0.0,0.1,0.8,0.9,5557	
0.0,0.1,8.6,8.7,1396	
0.0,0.1,9.7,9.8,49	
0.1,0.2,-10.3,-10.2,2	
0.1,0.2,-1.3,-1.2,6400	
0.1,0.2,-2.4,-2.3,20897	
0.1,0.2,-3.5,-3.4,21839	
0.1,0.2,-0.4,-0.3,1521	
0.1,0.2,-4.6,-4.5,15751	
0.1,0.2,-5.7,-5.6,23646	
0.1,0.2,-6.0,-5.9,23649	
0.1,0.2,-6.8,-6.7,16543	
0.1,0.2,-7.1,-7.0,12304	
0.1,0.2,-7.9,-7.8,3506	
0.1,0.2,-8.2,-8.1,1919	
0.1,0.2,-9.3,-9.2,83	
0.1,0.2,1.0,1.1,3893	
0.1,0.2,10.6,10.7,1	
0.1,0.2,1.8,1.9,12639	
0.1,0.2,2.1,2.2,16983	
0.1,0.2,2.9,3.0,24455	
0.1,0.2,3.2,3.3,23958	
0.1,0.2,4.3,4.4,15690	
0.1,0.2,5.4,5.5,21215	
0.1,0.2,6.5,6.6,20376	
0.1,0.2,0.7,0.8,2376	
0.1,0.2,7.6,7.7,5976	
0.1,0.2,8.7,8.8,536	
0.1,0.2,9.0,9.1,252	
0.1,0.2,9.8,9.9,18	
1.0,1.1,-10.3,-10.2,1	
1.0,1.1,-1.3,-1.2,5961	
1.0,1.1,-2.4,-2.3,15140	
1.0,1.1,-3.5,-3.4,15434	
1.0,1.1,-0.4,-0.3,3964	
1.0,1.1,-4.6,-4.5,9771	
1.0,1.1,-5.7,-5.6,13811	
1.0,1.1,-6.0,-5.9,13715	
1.0,1.1,-6.8,-6.7,9669	
1.0,1.1,-7.1,-7.0,7058	
1.0,1.1,-7.9,-7.8,2093	
1.0,1.1,-8.2,-8.1,1174	
1.0,1.1,-9.3,-9.2,42	
1.0,1.1,1.0,1.1,4783	
1.0,1.1,1.8,1.9,9675	
1.0,1.1,2.1,2.2,12420	
1.0,1.1,2.9,3.0,17332	
1.0,1.1,3.2,3.3,17253	
1.0,1.1,4.3,4.4,10689	
1.0,1.1,5.4,5.5,12664	
1.0,1.1,6.5,6.6,11814	
1.0,1.1,0.7,0.8,4127	
1.0,1.1,7.6,7.7,3527	
1.0,1.1,8.7,8.8,321	
1.0,1.1,9.0,9.1,113	
1.0,1.1,9.8,9.9,6	
10.0,10.1,-1.3,-1.2,2	
10.0,10.1,-0.4,-0.3,5	
10.0,10.1,1.0,1.1,2	
10.0,10.1,1.8,1.9,1	
10.0,10.1,2.1,2.2,1	
10.0,10.1,0.7,0.8,2	
10.1,10.2,-0.5,-0.4,4	
10.1,10.2,1.1,1.2,1	
10.1,10.2,2.2,2.3,1	
10.1,10.2,0.6,0.7,3	
10.2,10.3,-1.1,-1.0,1	
10.2,10.3,-0.6,-0.5,2	
10.2,10.3,1.2,1.3,4	
10.2,10.3,0.5,0.6,4	
10.3,10.4,-0.7,-0.6,3	
10.3,10.4,1.3,1.4,1	
10.3,10.4,0.4,0.5,5	
10.4,10.5,-1.7,-1.6,1	
10.4,10.5,0.3,0.4,2	
10.5,10.6,-1.6,-1.5,1	
10.5,10.6,-0.9,-0.8,2	
10.5,10.6,0.2,0.3,1	
10.6,10.7,0.9,1.0,1	
10.7,10.8,-0.3,-0.2,1	
10.8,10.9,2.1,2.2,1	
10.8,10.9,0.7,0.8,1	
1.1,1.2,-1.2,-1.1,5600	
1.1,1.2,-2.3,-2.2,13834	
1.1,1.2,-3.4,-3.3,15390	
1.1,1.2,-4.5,-4.4,9328	
1.1,1.2,-0.5,-0.4,4557	
1.1,1.2,-5.6,-5.5,11939	
1.1,1.2,-6.7,-6.6,9226	
1.1,1.2,-7.0,-6.9,7126	
1.1,1.2,-7.8,-7.7,2227	
1.1,1.2,-8.1,-8.0,1253	
1.1,1.2,-8.9,-8.8,161	
1.1,1.2,-9.2,-9.1,68	
1.1,1.2,1.1,1.2,5150	
1.1,1.2,1.9,2.0,10338	
1.1,1.2,2.2,2.3,12807	
1.1,1.2,3.3,3.4,15956	
1.1,1.2,4.4,4.5,9709	
1.1,1.2,5.5,5.6,11889	
1.1,1.2,0.6,0.7,4438	
1.1,1.2,6.6,6.7,9813	
1.1,1.2,7.7,7.8,2693	
1.1,1.2,8.0,8.1,1496	
1.1,1.2,8.8,8.9,213	
1.1,1.2,9.1,9.2,88	
1.1,1.2,9.9,10.0,6	
1.2,1.3,-10.5,-10.4,2	
1.2,1.3,-1.1,-1.0,5586	
1.2,1.3,-1.9,-1.8,10252	
1.2,1.3,-2.2,-2.1,12784	
1.2,1.3,-3.3,-3.2,15555	
1.2,1.3,-4.4,-4.3,8961	
1.2,1.3,-5.5,-5.4,10535	
1.2,1.3,-0.6,-0.5,5294	
1.2,1.3,-6.6,-6.5,8864	
1.2,1.3,-7.7,-7.6,2336	
1.2,1.3,-8.0,-7.9,1301	
1.2,1.3,-8.8,-8.7,210	
1.2,1.3,-9.1,-9.0,84	
1.2,1.3,-9.9,-9.8,6	
1.2,1.3,10.4,10.5,3	
1.2,1.3,1.2,1.3,5923	
1.2,1.3,2.3,2.4,13458	
1.2,1.3,3.4,3.5,14939	
1.2,1.3,4.5,4.6,8650	
1.2,1.3,0.5,0.6,5357	
1.2,1.3,5.6,5.7,10871	
1.2,1.3,6.7,6.8,8358	
1.2,1.3,7.0,7.1,6343	
1.2,1.3,7.8,7.9,2038	
1.2,1.3,8.1,8.2,1028	
1.2,1.3,8.9,9.0,156	
1.2,1.3,9.2,9.3,61	
1.3,1.4,-1.0,-0.9,5952	
1.3,1.4,-10.6,-10.5,1	
1.3,1.4,-1.8,-1.7,9295	
1.3,1.4,-2.1,-2.0,11652	
1.3,1.4,-2.9,-2.8,15903	
1.3,1.4,-3.2,-3.1,15585	
1.3,1.4,-4.3,-4.2,8850	
1.3,1.4,-5.4,-5.3,9067	
1.3,1.4,-6.5,-6.4,8188	
1.3,1.4,-0.7,-0.6,5806	
1.3,1.4,-7.6,-7.5,2489	
1.3,1.4,-8.7,-8.6,221	
1.3,1.4,-9.0,-8.9,82	
1.3,1.4,-9.8,-9.7,7	
1.3,1.4,10.3,10.4,1	
1.3,1.4,1.3,1.4,6495	
1.3,1.4,2.4,2.5,13854	
1.3,1.4,3.5,3.6,14089	
1.3,1.4,0.4,0.5,6249	
1.3,1.4,4.6,4.7,7859	
1.3,1.4,5.7,5.8,9845	
1.3,1.4,6.0,6.1,9812	
1.3,1.4,6.8,6.9,6659	
1.3,1.4,7.1,7.2,4950	
1.3,1.4,7.9,8.0,1383	
1.3,1.4,8.2,8.3,759	
1.3,1.4,9.3,9.4,39	
1.4,1.5,-1.7,-1.6,8581	
1.4,1.5,-2.0,-1.9,10972	
1.4,1.5,-2.8,-2.7,15364	
1.4,1.5,-3.1,-3.0,15618	
1.4,1.5,-3.9,-3.8,10820	
1.4,1.5,-4.2,-4.1,8803	
1.4,1.5,-5.3,-5.2,7715	
1.4,1.5,-6.4,-6.3,7529	
1.4,1.5,-7.5,-7.4,2577	
1.4,1.5,-0.8,-0.7,6534	
1.4,1.5,-8.6,-8.5,256	
1.4,1.5,-9.7,-9.6,5	
1.4,1.5,10.2,10.3,1	
1.4,1.5,1.4,1.5,7170	
1.4,1.5,2.5,2.6,14221	
1.4,1.5,0.3,0.4,7326	
1.4,1.5,3.6,3.7,13012	
1.4,1.5,4.7,4.8,7311	
1.4,1.5,5.0,5.1,7238	
1.4,1.5,5.8,5.9,8504	
1.4,1.5,6.1,6.2,8419	
1.4,1.5,6.9,7.0,5411	
1.4,1.5,7.2,7.3,3681	
1.4,1.5,8.3,8.4,552	
1.4,1.5,9.4,9.5,28	
1.5,1.6,-0.1,0.0,8455	
1.5,1.6,-10.0,-9.9,3	
1.5,1.6,-1.6,-1.5,8364	
1.5,1.6,-2.7,-2.6,15236	
1.5,1.6,-3.0,-2.9,15648	
1.5,1.6,-3.8,-3.7,11444	
1.5,1.6,-4.1,-4.0,9322	
1.5,1.6,-4.9,-4.8,6405	
1.5,1.6,-5.2,-5.1,6696	
1.5,1.6,-6.3,-6.2,6951	
1.5,1.6,-7.4,-7.3,2483	
1.5,1.6,-8.5,-8.4,282	
1.5,1.6,-0.9,-0.8,7241	
1.5,1.6,-9.6,-9.5,4	
1.5,1.6,10.1,10.2,1	
1.5,1.6,1.5,1.6,7841	
1.5,1.6,0.2,0.3,8529	
1.5,1.6,2.6,2.7,14982	
1.5,1.6,3.7,3.8,12406	
1.5,1.6,4.0,4.1,10099	
1.5,1.6,4.8,4.9,6455	
1.5,1.6,5.1,5.2,6534	
1.5,1.6,5.9,6.0,7203	
1.5,1.6,6.2,6.3,7051	
1.5,1.6,7.3,7.4,2856	
1.5,1.6,8.4,8.5,371	
1.5,1.6,9.5,9.6,16	
1.6,1.7,-1.5,-1.4,8368	
1.6,1.7,-0.2,-0.1,9769	
1.6,1.7,-2.6,-2.5,14897	
1.6,1.7,-3.7,-3.6,12305	
1.6,1.7,-4.0,-3.9,9888	
1.6,1.7,-4.8,-4.7,5901	
1.6,1.7,-5.1,-5.0,6009	
1.6,1.7,-5.9,-5.8,6385	
1.6,1.7,-6.2,-6.1,5981	
1.6,1.7,-7.3,-7.2,2435	
1.6,1.7,-8.4,-8.3,323	
1.6,1.7,-9.5,-9.4,16	
1.6,1.7,0.1,0.2,9880	
1.6,1.7,1.6,1.7,8934	
1.6,1.7,2.7,2.8,15501	
1.6,1.7,3.0,3.1,15668	
1.6,1.7,3.8,3.9,11754	
1.6,1.7,4.1,4.2,9348	
1.6,1.7,4.9,5.0,5792	
1.6,1.7,5.2,5.3,5888	
1.6,1.7,6.3,6.4,5902	
1.6,1.7,7.4,7.5,2182	
1.6,1.7,8.5,8.6,259	
1.6,1.7,0.9,1.0,8070	
1.6,1.7,9.6,9.7,6	
1.7,1.8,-10.2,-10.1,1	
1.7,1.8,-1.4,-1.3,8559	
1.7,1.8,-2.5,-2.4,14810	
1.7,1.8,-0.3,-0.2,10846	
1.7,1.8,-3.6,-3.5,13341	
1.7,1.8,-4.7,-4.6,5837	
1.7,1.8,-5.0,-4.9,5044	
1.7,1.8,-5.8,-5.7,5323	
1.7,1.8,-6.1,-6.0,5303	
1.7,1.8,-6.9,-6.8,3328	
1.7,1.8,-7.2,-7.1,2332	
1.7,1.8,-8.3,-8.2,345	
1.7,1.8,-9.4,-9.3,21	
1.7,1.8,0.0,0.1,22474	
1.7,1.8,1.7,1.8,9904	
1.7,1.8,2.0,2.1,11641	
1.7,1.8,2.8,2.9,16286	
1.7,1.8,3.1,3.2,16191	
1.7,1.8,3.9,4.0,10716	
1.7,1.8,4.2,4.3,8266	
1.7,1.8,5.3,5.4,5168	
1.7,1.8,6.4,6.5,4756	
1.7,1.8,7.5,7.6,1536	
1.7,1.8,0.8,0.9,9198	
1.7,1.8,8.6,8.7,157	
1.7,1.8,9.7,9.8,5	
1.8,1.9,-1.3,-1.2,9062	
1.8,1.9,-2.4,-2.3,14687	
1.8,1.9,-3.5,-3.4,14323	
1.8,1.9,-0.4,-0.3,11889	
1.8,1.9,-4.6,-4.5,5989	
1.8,1.9,-5.7,-5.6,4580	
1.8,1.9,-6.0,-5.9,4415	
1.8,1.9,-6.8,-6.7,3134	
1.8,1.9,-7.1,-7.0,2193	
1.8,1.9,-7.9,-7.8,637	
1.8,1.9,-8.2,-8.1,356	
1.8,1.9,-9.3,-9.2,12	
1.8,1.9,1.0,1.1,9475	
1.8,1.9,1.8,1.9,10762	
1.8,1.9,2.1,2.2,12783	
1.8,1.9,2.9,3.0,16748	
1.8,1.9,3.2,3.3,16322	
1.8,1.9,4.3,4.4,7844	
1.8,1.9,5.4,5.5,4531	
1.8,1.9,6.5,6.6,3821	
1.8,1.9,0.7,0.8,10728	
1.8,1.9,7.6,7.7,1107	
1.8,1.9,8.7,8.8,86	
1.8,1.9,9.0,9.1,45	
1.8,1.9,9.8,9.9,1	
1.9,2.0,-10.4,-10.3,1	
1.9,2.0,-1.2,-1.1,10008	
1.9,2.0,-2.3,-2.2,14956	
1.9,2.0,-3.4,-3.3,15757	
1.9,2.0,-4.5,-4.4,6342	
1.9,2.0,-0.5,-0.4,12729	
1.9,2.0,-5.6,-5.5,3917	
1.9,2.0,-6.7,-6.6,2760	
1.9,2.0,-7.0,-6.9,2108	
1.9,2.0,-7.8,-7.7,634	
1.9,2.0,-8.1,-8.0,340	
1.9,2.0,-8.9,-8.8,46	
1.9,2.0,-9.2,-9.1,18	
1.9,2.0,1.1,1.2,10269	
1.9,2.0,1.9,2.0,12040	
1.9,2.0,2.2,2.3,14188	
1.9,2.0,3.3,3.4,16786	
1.9,2.0,4.4,4.5,7087	
1.9,2.0,5.5,5.6,3929	
1.9,2.0,0.6,0.7,12259	
1.9,2.0,6.6,6.7,3044	
1.9,2.0,7.7,7.8,825	
1.9,2.0,8.0,8.1,439	
1.9,2.0,8.8,8.9,67	
1.9,2.0,9.1,9.2,23	
1.9,2.0,9.9,10.0,1	
0.2,0.3,-10.4,-10.3,1	
0.2,0.3,-1.2,-1.1,5421	
0.2,0.3,-2.3,-2.2,19028	
0.2,0.3,-3.4,-3.3,22447	
0.2,0.3,-4.5,-4.4,15101	
0.2,0.3,-0.5,-0.4,1714	
0.2,0.3,-5.6,-5.5,22371	
0.2,0.3,-6.7,-6.6,17403	
0.2,0.3,-7.0,-6.9,13289	
0.2,0.3,-7.8,-7.7,4148	
0.2,0.3,-8.1,-8.0,2245	
0.2,0.3,-8.9,-8.8,307	
0.2,0.3,-9.2,-9.1,142	
0.2,0.3,10.5,10.6,2	
0.2,0.3,1.1,1.2,4743	
0.2,0.3,1.9,2.0,13690	
0.2,0.3,2.2,2.3,17918	
0.2,0.3,3.3,3.4,23125	
0.2,0.3,4.4,4.5,15152	
0.2,0.3,5.5,5.6,21740	
0.2,0.3,0.6,0.7,2105	
0.2,0.3,6.6,6.7,18646	
0.2,0.3,7.7,7.8,5102	
0.2,0.3,8.0,8.1,2799	
0.2,0.3,8.8,8.9,379	
0.2,0.3,9.1,9.2,132	
0.2,0.3,9.9,10.0,12	
2.0,2.1,-1.4,-1.3,10708	
2.0,2.1,-2.5,-2.4,16756	
2.0,2.1,-0.3,-0.2,14795	
2.0,2.1,-3.6,-3.5,15014	
2.0,2.1,-4.7,-4.6,5194	
2.0,2.1,-5.0,-4.9,4067	
2.0,2.1,-5.8,-5.7,3285	
2.0,2.1,-6.1,-6.0,3005	
2.0,2.1,-6.9,-6.8,1860	
2.0,2.1,-7.2,-7.1,1408	
2.0,2.1,-8.3,-8.2,186	
2.0,2.1,-9.4,-9.3,14	
2.0,2.1,0.0,0.1,31325	
2.0,2.1,1.7,1.8,11433	
2.0,2.1,2.0,2.1,13603	
2.0,2.1,2.8,2.9,18190	
2.0,2.1,3.1,3.2,17954	
2.0,2.1,3.9,4.0,12062	
2.0,2.1,4.2,4.3,9032	
2.0,2.1,5.3,5.4,3501	
2.0,2.1,6.4,6.5,2623	
2.0,2.1,7.5,7.6,820	
2.0,2.1,0.8,0.9,12260	
2.0,2.1,8.6,8.7,91	
2.0,2.1,9.7,9.8,1	
2.1,2.2,-1.3,-1.2,11802	
2.1,2.2,-2.4,-2.3,17355	
2.1,2.2,-3.5,-3.4,16496	
2.1,2.2,-0.4,-0.3,15822	
2.1,2.2,-4.6,-4.5,5842	
2.1,2.2,-5.7,-5.6,2695	
2.1,2.2,-6.0,-5.9,2490	
2.1,2.2,-6.8,-6.7,1606	
2.1,2.2,-7.1,-7.0,1257	
2.1,2.2,-7.9,-7.8,337	
2.1,2.2,-8.2,-8.1,172	
2.1,2.2,-9.3,-9.2,9	
2.1,2.2,1.0,1.1,12377	
2.1,2.2,1.8,1.9,12860	
2.1,2.2,2.1,2.2,14777	
2.1,2.2,2.9,3.0,19072	
2.1,2.2,3.2,3.3,18392	
2.1,2.2,4.3,4.4,8212	
2.1,2.2,5.4,5.5,2959	
2.1,2.2,6.5,6.6,2081	
2.1,2.2,0.7,0.8,14019	
2.1,2.2,7.6,7.7,586	
2.1,2.2,8.7,8.8,46	
2.1,2.2,9.0,9.1,17	
2.1,2.2,9.8,9.9,2	
2.2,2.3,-1.2,-1.1,12613	
2.2,2.3,-2.3,-2.2,17428	
2.2,2.3,-3.4,-3.3,18170	
2.2,2.3,-4.5,-4.4,6646	
2.2,2.3,-0.5,-0.4,16424	
2.2,2.3,-5.6,-5.5,2299	
2.2,2.3,-6.7,-6.6,1426	
2.2,2.3,-7.0,-6.9,1105	
2.2,2.3,-7.8,-7.7,360	
2.2,2.3,-8.1,-8.0,178	
2.2,2.3,-8.9,-8.8,25	
2.2,2.3,-9.2,-9.1,9	
2.2,2.3,1.1,1.2,13105	
2.2,2.3,1.9,2.0,14270	
2.2,2.3,2.2,2.3,16523	
2.2,2.3,3.3,3.4,18863	
2.2,2.3,4.4,4.5,7592	
2.2,2.3,5.5,5.6,2476	
2.2,2.3,0.6,0.7,15981	
2.2,2.3,6.6,6.7,1597	
2.2,2.3,7.7,7.8,386	
2.2,2.3,8.0,8.1,250	
2.2,2.3,8.8,8.9,42	
2.2,2.3,9.1,9.2,11	
2.3,2.4,-1.1,-1.0,13735	
2.3,2.4,-1.9,-1.8,14792	
2.3,2.4,-2.2,-2.1,17433	
2.3,2.4,-3.3,-3.2,19983	
2.3,2.4,-4.4,-4.3,7760	
2.3,2.4,-5.5,-5.4,2169	
2.3,2.4,-0.6,-0.5,17059	
2.3,2.4,-6.6,-6.5,1241	
2.3,2.4,-7.7,-7.6,336	
2.3,2.4,-8.0,-7.9,190	
2.3,2.4,-8.8,-8.7,23	
2.3,2.4,-9.1,-9.0,17	
2.3,2.4,1.2,1.3,13276	
2.3,2.4,2.3,2.4,18055	
2.3,2.4,3.4,3.5,18874	
2.3,2.4,4.5,4.6,6759	
2.3,2.4,0.5,0.6,17466	
2.3,2.4,5.6,5.7,2074	
2.3,2.4,6.7,6.8,1182	
2.3,2.4,7.0,7.1,885	
2.3,2.4,7.8,7.9,259	
2.3,2.4,8.1,8.2,143	
2.3,2.4,8.9,9.0,15	
2.3,2.4,9.2,9.3,10	
2.4,2.5,-1.0,-0.9,15137	
2.4,2.5,-1.8,-1.7,14998	
2.4,2.5,-2.1,-2.0,17237	
2.4,2.5,-2.9,-2.8,21966	
2.4,2.5,-3.2,-3.1,21339	
2.4,2.5,-4.3,-4.2,9117	
2.4,2.5,-5.4,-5.3,2044	
2.4,2.5,-6.5,-6.4,1069	
2.4,2.5,-0.7,-0.6,17010	
2.4,2.5,-7.6,-7.5,329	
2.4,2.5,-8.7,-8.6,26	
2.4,2.5,-9.0,-8.9,12	
2.4,2.5,-9.8,-9.7,1	
2.4,2.5,10.3,10.4,1	
2.4,2.5,1.3,1.4,13916	
2.4,2.5,2.4,2.5,19667	
2.4,2.5,3.5,3.6,18635	
2.4,2.5,0.4,0.5,19278	
2.4,2.5,4.6,4.7,6123	
2.4,2.5,5.7,5.8,1614	
2.4,2.5,6.0,6.1,1394	
2.4,2.5,6.8,6.9,868	
2.4,2.5,7.1,7.2,658	
2.4,2.5,7.9,8.0,181	
2.4,2.5,8.2,8.3,78	
2.4,2.5,9.3,9.4,4	
2.5,2.6,-1.7,-1.6,14811	
2.5,2.6,-2.0,-1.9,17004	
2.5,2.6,-2.8,-2.7,22392	
2.5,2.6,-3.1,-3.0,22697	
2.5,2.6,-3.9,-3.8,14505	
2.5,2.6,-4.2,-4.1,10523	
2.5,2.6,-5.3,-5.2,2240	
2.5,2.6,-6.4,-6.3,858	
2.5,2.6,-7.5,-7.4,264	
2.5,2.6,-0.8,-0.7,17104	
2.5,2.6,-8.6,-8.5,24	
2.5,2.6,-9.7,-9.6,1	
2.5,2.6,1.4,1.5,14374	
2.5,2.6,2.5,2.6,21202	
2.5,2.6,0.3,0.4,21105	
2.5,2.6,3.6,3.7,18322	
2.5,2.6,4.7,4.8,5251	
2.5,2.6,5.0,5.1,3316	
2.5,2.6,5.8,5.9,1293	
2.5,2.6,6.1,6.2,1124	
2.5,2.6,6.9,7.0,600	
2.5,2.6,7.2,7.3,423	
2.5,2.6,8.3,8.4,57	
2.5,2.6,9.4,9.5,2	
2.6,2.7,-0.1,0.0,22652	
2.6,2.7,-1.6,-1.5,15162	
2.6,2.7,-2.7,-2.6,22940	
2.6,2.7,-3.0,-2.9,23368	
2.6,2.7,-3.8,-3.7,16336	
2.6,2.7,-4.1,-4.0,12011	
2.6,2.7,-4.9,-4.8,3834	
2.6,2.7,-5.2,-5.1,2398	
2.6,2.7,-6.3,-6.2,756	
2.6,2.7,-7.4,-7.3,242	
2.6,2.7,-8.5,-8.4,28	
2.6,2.7,-0.9,-0.8,17084	
2.6,2.7,1.5,1.6,14836	
2.6,2.7,0.2,0.3,22547	
2.6,2.7,2.6,2.7,22255	
2.6,2.7,3.7,3.8,17369	
2.6,2.7,4.0,4.1,13498	
2.6,2.7,4.8,4.9,4648	
2.6,2.7,5.1,5.2,2745	
2.6,2.7,5.9,6.0,984	
2.6,2.7,6.2,6.3,809	
2.6,2.7,7.3,7.4,258	
2.6,2.7,8.4,8.5,39	
2.7,2.8,-1.5,-1.4,15306	
2.7,2.8,-0.2,-0.1,23078	
2.7,2.8,-2.6,-2.5,22923	
2.7,2.8,-3.7,-3.6,17888	
2.7,2.8,-4.0,-3.9,13571	
2.7,2.8,-4.8,-4.7,4545	
2.7,2.8,-5.1,-5.0,2662	
2.7,2.8,-5.9,-5.8,914	
2.7,2.8,-6.2,-6.1,665	
2.7,2.8,-7.3,-7.2,218	
2.7,2.8,-8.4,-8.3,31	
2.7,2.8,-9.5,-9.4,1	
2.7,2.8,0.1,0.2,23677	
2.7,2.8,1.6,1.7,15446	
2.7,2.8,2.7,2.8,23585	
2.7,2.8,3.0,3.1,23751	
2.7,2.8,3.8,3.9,16424	
2.7,2.8,4.1,4.2,12594	
2.7,2.8,4.9,5.0,3827	
2.7,2.8,5.2,5.3,2257	
2.7,2.8,6.3,6.4,608	
2.7,2.8,7.4,7.5,191	
2.7,2.8,8.5,8.6,27	
2.7,2.8,0.9,1.0,17607	
2.7,2.8,9.6,9.7,2	
2.8,2.9,-1.4,-1.3,15654	
2.8,2.9,-2.5,-2.4,22633	
2.8,2.9,-0.3,-0.2,23145	
2.8,2.9,-3.6,-3.5,19434	
2.8,2.9,-4.7,-4.6,5384	
2.8,2.9,-5.0,-4.9,3177	
2.8,2.9,-5.8,-5.7,829	
2.8,2.9,-6.1,-6.0,573	
2.8,2.9,-6.9,-6.8,285	
2.8,2.9,-7.2,-7.1,211	
2.8,2.9,-8.3,-8.2,23	
2.8,2.9,-9.4,-9.3,1	
2.8,2.9,0.0,0.1,48849	
2.8,2.9,1.7,1.8,16372	
2.8,2.9,2.0,2.1,17865	
2.8,2.9,2.8,2.9,24042	
2.8,2.9,3.1,3.2,23991	
2.8,2.9,3.9,4.0,15423	
2.8,2.9,4.2,4.3,11027	
2.8,2.9,5.3,5.4,1809	
2.8,2.9,6.4,6.5,423	
2.8,2.9,7.5,7.6,120	
2.8,2.9,0.8,0.9,19218	
2.8,2.9,8.6,8.7,14	
2.9,3.0,-1.3,-1.2,15910	
2.9,3.0,-2.4,-2.3,22036	
2.9,3.0,-3.5,-3.4,20681	
2.9,3.0,-0.4,-0.3,22747	
2.9,3.0,-4.6,-4.5,6239	
2.9,3.0,-5.7,-5.6,836	
2.9,3.0,-6.0,-5.9,579	
2.9,3.0,-6.8,-6.7,207	
2.9,3.0,-7.1,-7.0,167	
2.9,3.0,-7.9,-7.8,37	
2.9,3.0,-8.2,-8.1,30	
2.9,3.0,-9.3,-9.2,1	
2.9,3.0,1.0,1.1,17489	
2.9,3.0,1.8,1.9,17014	
2.9,3.0,2.1,2.2,19260	
2.9,3.0,2.9,3.0,24441	
2.9,3.0,3.2,3.3,23455	
2.9,3.0,4.3,4.4,9890	
2.9,3.0,5.4,5.5,1492	
2.9,3.0,6.5,6.6,327	
2.9,3.0,0.7,0.8,20280	
2.9,3.0,7.6,7.7,79	
2.9,3.0,8.7,8.8,8	
2.9,3.0,9.0,9.1,5	
2.9,3.0,9.8,9.9,1	
0.3,0.4,-10.5,-10.4,2	
0.3,0.4,-1.1,-1.0,4618	
0.3,0.4,-1.9,-1.8,13447	
0.3,0.4,-2.2,-2.1,17608	
0.3,0.4,-3.3,-3.2,22747	
0.3,0.4,-4.4,-4.3,14872	
0.3,0.4,-5.5,-5.4,21001	
0.3,0.4,-0.6,-0.5,2120	
0.3,0.4,-6.6,-6.5,18165	
0.3,0.4,-7.7,-7.6,4830	
0.3,0.4,-8.0,-7.9,2731	
0.3,0.4,-8.8,-8.7,375	
0.3,0.4,-9.1,-9.0,114	
0.3,0.4,-9.9,-9.8,9	
0.3,0.4,1.2,1.3,5364	
0.3,0.4,2.3,2.4,18827	
0.3,0.4,3.4,3.5,22155	
0.3,0.4,4.5,4.6,15074	
0.3,0.4,0.5,0.6,1813	
0.3,0.4,5.6,5.7,22101	
0.3,0.4,6.7,6.8,17022	
0.3,0.4,7.0,7.1,12932	
0.3,0.4,7.8,7.9,3981	
0.3,0.4,8.1,8.2,2148	
0.3,0.4,8.9,9.0,266	
0.3,0.4,9.2,9.3,131	
3.0,3.1,-1.5,-1.4,15675	
3.0,3.1,-0.2,-0.1,24125	
3.0,3.1,-2.6,-2.5,23334	
3.0,3.1,-3.7,-3.6,18321	
3.0,3.1,-4.0,-3.9,13694	
3.0,3.1,-4.8,-4.7,4589	
3.0,3.1,-5.1,-5.0,2606	
3.0,3.1,-5.9,-5.8,518	
3.0,3.1,-6.2,-6.1,350	
3.0,3.1,-7.3,-7.2,97	
3.0,3.1,-8.4,-8.3,13	
3.0,3.1,0.1,0.2,24664	
3.0,3.1,1.6,1.7,15789	
3.0,3.1,2.7,2.8,23823	
3.0,3.1,3.0,3.1,24419	
3.0,3.1,3.8,3.9,16621	
3.0,3.1,4.1,4.2,12553	
3.0,3.1,4.9,5.0,3596	
3.0,3.1,5.2,5.3,2069	
3.0,3.1,6.3,6.4,335	
3.0,3.1,7.4,7.5,96	
3.0,3.1,8.5,8.6,7	
3.0,3.1,0.9,1.0,18408	
3.1,3.2,-1.4,-1.3,15729	
3.1,3.2,-2.5,-2.4,22440	
3.1,3.2,-0.3,-0.2,23543	
3.1,3.2,-3.6,-3.5,19305	
3.1,3.2,-4.7,-4.6,5263	
3.1,3.2,-5.0,-4.9,3060	
3.1,3.2,-5.8,-5.7,537	
3.1,3.2,-6.1,-6.0,365	
3.1,3.2,-6.9,-6.8,115	
3.1,3.2,-7.2,-7.1,74	
3.1,3.2,-8.3,-8.2,11	
3.1,3.2,0.0,0.1,49133	
3.1,3.2,1.7,1.8,16176	
3.1,3.2,2.0,2.1,18128	
3.1,3.2,2.8,2.9,23406	
3.1,3.2,3.1,3.2,23572	
3.1,3.2,3.9,4.0,15119	
3.1,3.2,4.2,4.3,10946	
3.1,3.2,5.3,5.4,1589	
3.1,3.2,6.4,6.5,219	
3.1,3.2,7.5,7.6,62	
3.1,3.2,0.8,0.9,18949	
3.1,3.2,8.6,8.7,5	
3.2,3.3,-1.3,-1.2,15571	
3.2,3.3,-2.4,-2.3,21230	
3.2,3.3,-3.5,-3.4,19954	
3.2,3.3,-0.4,-0.3,22071	
3.2,3.3,-4.6,-4.5,6050	
3.2,3.3,-5.7,-5.6,649	
3.2,3.3,-6.0,-5.9,348	
3.2,3.3,-6.8,-6.7,94	
3.2,3.3,-7.1,-7.0,82	
3.2,3.3,-7.9,-7.8,14	
3.2,3.3,-8.2,-8.1,11	
3.2,3.3,1.0,1.1,17125	
3.2,3.3,1.8,1.9,16159	
3.2,3.3,2.1,2.2,18566	
3.2,3.3,2.9,3.0,23653	
3.2,3.3,3.2,3.3,22624	
3.2,3.3,4.3,4.4,9459	
3.2,3.3,5.4,5.5,1265	
3.2,3.3,6.5,6.6,140	
3.2,3.3,0.7,0.8,19698	
3.2,3.3,7.6,7.7,28	
3.3,3.4,-1.2,-1.1,15337	
3.3,3.4,-2.3,-2.2,19794	
3.3,3.4,-3.4,-3.3,20437	
3.3,3.4,-4.5,-4.4,6839	
3.3,3.4,-0.5,-0.4,21173	
3.3,3.4,-5.6,-5.5,796	
3.3,3.4,-6.7,-6.6,68	
3.3,3.4,-7.0,-6.9,66	
3.3,3.4,-7.8,-7.7,14	
3.3,3.4,-8.1,-8.0,8	
3.3,3.4,1.1,1.2,16061	
3.3,3.4,1.9,2.0,16561	
3.3,3.4,2.2,2.3,18665	
3.3,3.4,3.3,3.4,21157	
3.3,3.4,4.4,4.5,7946	
3.3,3.4,5.5,5.6,950	
3.3,3.4,0.6,0.7,20023	
3.3,3.4,6.6,6.7,99	
3.3,3.4,7.7,7.8,24	
3.3,3.4,8.0,8.1,11	
3.3,3.4,8.8,8.9,1	
3.3,3.4,9.1,9.2,1	
3.4,3.5,-1.1,-1.0,15469	
3.4,3.5,-1.9,-1.8,15887	
3.4,3.5,-2.2,-2.1,18166	
3.4,3.5,-3.3,-3.2,20367	
3.4,3.5,-4.4,-4.3,7630	
3.4,3.5,-5.5,-5.4,916	
3.4,3.5,-0.6,-0.5,19615	
3.4,3.5,-6.6,-6.5,82	
3.4,3.5,-7.7,-7.6,12	
3.4,3.5,-8.0,-7.9,5	
3.4,3.5,-8.8,-8.7,1	
3.4,3.5,1.2,1.3,15188	
3.4,3.5,2.3,2.4,19128	
3.4,3.5,3.4,3.5,19348	
3.4,3.5,4.5,4.6,6654	
3.4,3.5,0.5,0.6,20583	
3.4,3.5,5.6,5.7,713	
3.4,3.5,6.7,6.8,71	
3.4,3.5,7.0,7.1,38	
3.4,3.5,7.8,7.9,13	
3.4,3.5,8.1,8.2,4	
3.4,3.5,9.2,9.3,1	
3.5,3.6,-1.0,-0.9,15387	
3.5,3.6,-1.8,-1.7,14438	
3.5,3.6,-2.1,-2.0,16597	
3.5,3.6,-2.9,-2.8,20775	
3.5,3.6,-3.2,-3.1,19834	
3.5,3.6,-4.3,-4.2,8218	
3.5,3.6,-5.4,-5.3,1039	
3.5,3.6,-6.5,-6.4,75	
3.5,3.6,-0.7,-0.6,18200	
3.5,3.6,-7.6,-7.5,9	
3.5,3.6,-8.7,-8.6,1	
3.5,3.6,1.3,1.4,14138	
3.5,3.6,2.4,2.5,18935	
3.5,3.6,3.5,3.6,17590	
3.5,3.6,0.4,0.5,20318	
3.5,3.6,4.6,4.7,5353	
3.5,3.6,5.7,5.8,501	
3.5,3.6,6.0,6.1,234	
3.5,3.6,6.8,6.9,41	
3.5,3.6,7.1,7.2,28	
3.5,3.6,7.9,8.0,10	
3.5,3.6,8.2,8.3,3	
3.6,3.7,-1.7,-1.6,13434	
3.6,3.7,-2.0,-1.9,14753	
3.6,3.7,-2.8,-2.7,19424	
3.6,3.7,-3.1,-3.0,19378	
3.6,3.7,-3.9,-3.8,12512	
3.6,3.7,-4.2,-4.1,8832	
3.6,3.7,-5.3,-5.2,1178	
3.6,3.7,-6.4,-6.3,85	
3.6,3.7,-7.5,-7.4,15	
3.6,3.7,-0.8,-0.7,16642	
3.6,3.7,1.4,1.5,13039	
3.6,3.7,2.5,2.6,18195	
3.6,3.7,0.3,0.4,20359	
3.6,3.7,3.6,3.7,15768	
3.6,3.7,4.7,4.8,4126	
3.6,3.7,5.0,5.1,2394	
3.6,3.7,5.8,5.9,400	
3.6,3.7,6.1,6.2,187	
3.6,3.7,6.9,7.0,28	
3.6,3.7,7.2,7.3,17	
3.6,3.7,8.3,8.4,2	
3.7,3.8,-0.1,0.0,20137	
3.7,3.8,-1.6,-1.5,12262	
3.7,3.8,-2.7,-2.6,18033	
3.7,3.8,-3.0,-2.9,18273	
3.7,3.8,-3.8,-3.7,12590	
3.7,3.8,-4.1,-4.0,9380	
3.7,3.8,-4.9,-4.8,2613	
3.7,3.8,-5.2,-5.1,1452	
3.7,3.8,-6.3,-6.2,89	
3.7,3.8,-7.4,-7.3,5	
3.7,3.8,-8.5,-8.4,1	
3.7,3.8,-0.9,-0.8,15174	
3.7,3.8,1.5,1.6,12379	
3.7,3.8,0.2,0.3,19778	
3.7,3.8,2.6,2.7,17475	
3.7,3.8,3.7,3.8,13641	
3.7,3.8,4.0,4.1,10290	
3.7,3.8,4.8,4.9,3281	
3.7,3.8,5.1,5.2,1853	
3.7,3.8,5.9,6.0,248	
3.7,3.8,6.2,6.3,117	
3.7,3.8,7.3,7.4,6	
3.8,3.9,-1.5,-1.4,11563	
3.8,3.9,-0.2,-0.1,18721	
3.8,3.9,-2.6,-2.5,16131	
3.8,3.9,-3.7,-3.6,12602	
3.8,3.9,-4.0,-3.9,9455	
3.8,3.9,-4.8,-4.7,3016	
3.8,3.9,-5.1,-5.0,1687	
3.8,3.9,-5.9,-5.8,175	
3.8,3.9,-6.2,-6.1,96	
3.8,3.9,-7.3,-7.2,7	
3.8,3.9,-8.4,-8.3,2	
3.8,3.9,0.1,0.2,19267	
3.8,3.9,1.6,1.7,11357	
3.8,3.9,2.7,2.8,16551	
3.8,3.9,3.0,3.1,16824	
3.8,3.9,3.8,3.9,11441	
3.8,3.9,4.1,4.2,8542	
3.8,3.9,4.9,5.0,2484	
3.8,3.9,5.2,5.3,1314	
3.8,3.9,6.3,6.4,68	
3.8,3.9,7.4,7.5,9	
3.8,3.9,8.5,8.6,1	
3.8,3.9,0.9,1.0,14038	
3.9,4.0,-1.4,-1.3,11091	
3.9,4.0,-2.5,-2.4,14744	
3.9,4.0,-0.3,-0.2,17532	
3.9,4.0,-3.6,-3.5,12229	
3.9,4.0,-4.7,-4.6,3381	
3.9,4.0,-5.0,-4.9,1837	
3.9,4.0,-5.8,-5.7,278	
3.9,4.0,-6.1,-6.0,105	
3.9,4.0,-6.9,-6.8,4	
3.9,4.0,-7.2,-7.1,3	
3.9,4.0,0.0,0.1,37257	
3.9,4.0,1.7,1.8,10835	
3.9,4.0,2.0,2.1,11946	
3.9,4.0,2.8,2.9,15454	
3.9,4.0,3.1,3.2,15227	
3.9,4.0,3.9,4.0,9662	
3.9,4.0,4.2,4.3,6888	
3.9,4.0,5.3,5.4,947	
3.9,4.0,6.4,6.5,52	
3.9,4.0,7.5,7.6,2	
3.9,4.0,0.8,0.9,14125	
3.9,4.0,9.7,9.8,1	
0.4,0.5,-1.0,-0.9,3878	
0.4,0.5,-10.6,-10.5,1	
0.4,0.5,-1.8,-1.7,11712	
0.4,0.5,-2.1,-2.0,15821	
0.4,0.5,-2.9,-2.8,22532	
0.4,0.5,-3.2,-3.1,22345	
0.4,0.5,-4.3,-4.2,14724	
0.4,0.5,-5.4,-5.3,19501	
0.4,0.5,-6.5,-6.4,18415	
0.4,0.5,-0.7,-0.6,2549	
0.4,0.5,-7.6,-7.5,5608	
0.4,0.5,-8.7,-8.6,473	
0.4,0.5,-9.0,-8.9,208	
0.4,0.5,-9.8,-9.7,9	
0.4,0.5,10.3,10.4,2	
0.4,0.5,1.3,1.4,6320	
0.4,0.5,2.4,2.5,19434	
0.4,0.5,3.5,3.6,20240	
0.4,0.5,0.4,0.5,1893	
0.4,0.5,4.6,4.7,14434	
0.4,0.5,5.7,5.8,21239	
0.4,0.5,6.0,6.1,21593	
0.4,0.5,6.8,6.9,15200	
0.4,0.5,7.1,7.2,11124	
0.4,0.5,7.9,8.0,3197	
0.4,0.5,8.2,8.3,1723	
0.4,0.5,9.3,9.4,82	
4.0,4.1,-0.1,0.0,17208	
4.0,4.1,-1.6,-1.5,9947	
4.0,4.1,-2.7,-2.6,13846	
4.0,4.1,-3.0,-2.9,13948	
4.0,4.1,-3.8,-3.7,9528	
4.0,4.1,-4.1,-4.0,7202	
4.0,4.1,-4.9,-4.8,1968	
4.0,4.1,-5.2,-5.1,1116	
4.0,4.1,-6.3,-6.2,53	
4.0,4.1,-7.4,-7.3,3	
4.0,4.1,-0.9,-0.8,12574	
4.0,4.1,1.5,1.6,9906	
4.0,4.1,0.2,0.3,17171	
4.0,4.1,2.6,2.7,13371	
4.0,4.1,3.7,3.8,10430	
4.0,4.1,4.0,4.1,7905	
4.0,4.1,4.8,4.9,2465	
4.0,4.1,5.1,5.2,1380	
4.0,4.1,5.9,6.0,170	
4.0,4.1,6.2,6.3,69	
4.0,4.1,7.3,7.4,6	
4.1,4.2,-1.5,-1.4,9190	
4.1,4.2,-0.2,-0.1,16612	
4.1,4.2,-2.6,-2.5,12107	
4.1,4.2,-3.7,-3.6,9532	
4.1,4.2,-4.0,-3.9,7029	
4.1,4.2,-4.8,-4.7,2294	
4.1,4.2,-5.1,-5.0,1199	
4.1,4.2,-5.9,-5.8,187	
4.1,4.2,-6.2,-6.1,71	
4.1,4.2,-7.3,-7.2,1	
4.1,4.2,0.1,0.2,16900	
4.1,4.2,1.6,1.7,9350	
4.1,4.2,2.7,2.8,12417	
4.1,4.2,3.0,3.1,12336	
4.1,4.2,3.8,3.9,8695	
4.1,4.2,4.1,4.2,6525	
4.1,4.2,4.9,5.0,1889	
4.1,4.2,5.2,5.3,978	
4.1,4.2,6.3,6.4,48	
4.1,4.2,0.9,1.0,12268	
4.2,4.3,-1.4,-1.3,8940	
4.2,4.3,-2.5,-2.4,10411	
4.2,4.3,-0.3,-0.2,15296	
4.2,4.3,-3.6,-3.5,8865	
4.2,4.3,-4.7,-4.6,2230	
4.2,4.3,-5.0,-4.9,1296	
4.2,4.3,-5.8,-5.7,208	
4.2,4.3,-6.1,-6.0,76	
4.2,4.3,-6.9,-6.8,8	
4.2,4.3,-7.2,-7.1,3	
4.2,4.3,0.0,0.1,32562	
4.2,4.3,1.7,1.8,8867	
4.2,4.3,2.0,2.1,8840	
4.2,4.3,2.8,2.9,10977	
4.2,4.3,3.1,3.2,10881	
4.2,4.3,3.9,4.0,6935	
4.2,4.3,4.2,4.3,5020	
4.2,4.3,5.3,5.4,687	
4.2,4.3,6.4,6.5,36	
4.2,4.3,7.5,7.6,1	
4.2,4.3,0.8,0.9,12347	
4.3,4.4,-1.3,-1.2,8797	
4.3,4.4,-2.4,-2.3,8965	
4.3,4.4,-3.5,-3.4,8356	
4.3,4.4,-0.4,-0.3,14732	
4.3,4.4,-4.6,-4.5,2445	
4.3,4.4,-5.7,-5.6,194	
4.3,4.4,-6.0,-5.9,89	
4.3,4.4,-6.8,-6.7,7	
4.3,4.4,-7.1,-7.0,3	
4.3,4.4,-7.9,-7.8,1	
4.3,4.4,1.0,1.1,10565	
4.3,4.4,1.8,1.9,7807	
4.3,4.4,2.1,2.2,8270	
4.3,4.4,2.9,3.0,9789	
4.3,4.4,3.2,3.3,9442	
4.3,4.4,4.3,4.4,3882	
4.3,4.4,5.4,5.5,491	
4.3,4.4,6.5,6.6,16	
4.3,4.4,0.7,0.8,12730	
4.3,4.4,7.6,7.7,1	
4.4,4.5,-1.2,-1.1,8743	
4.4,4.5,-2.3,-2.2,7705	
4.4,4.5,-3.4,-3.3,7561	
4.4,4.5,-4.5,-4.4,2494	
4.4,4.5,-0.5,-0.4,13827	
4.4,4.5,-5.6,-5.5,260	
4.4,4.5,-6.7,-6.6,2	
4.4,4.5,1.1,1.2,9354	
4.4,4.5,1.9,2.0,7048	
4.4,4.5,2.2,2.3,7465	
4.4,4.5,3.3,3.4,8005	
4.4,4.5,4.4,4.5,2898	
4.4,4.5,5.5,5.6,306	
4.4,4.5,0.6,0.7,13139	
4.4,4.5,6.6,6.7,13	
4.4,4.5,7.7,7.8,1	
4.5,4.6,-1.1,-1.0,9322	
4.5,4.6,-1.9,-1.8,6374	
4.5,4.6,-2.2,-2.1,6589	
4.5,4.6,-3.3,-3.2,6801	
4.5,4.6,-4.4,-4.3,2543	
4.5,4.6,-5.5,-5.4,270	
4.5,4.6,-0.6,-0.5,13183	
4.5,4.6,-6.6,-6.5,8	
4.5,4.6,1.2,1.3,8672	
4.5,4.6,2.3,2.4,6764	
4.5,4.6,3.4,3.5,6439	
4.5,4.6,4.5,4.6,2221	
4.5,4.6,0.5,0.6,13618	
4.5,4.6,5.6,5.7,216	
4.5,4.6,6.7,6.8,8	
4.5,4.6,7.0,7.1,1	
4.6,4.7,-1.0,-0.9,9841	
4.6,4.7,-1.8,-1.7,6055	
4.6,4.7,-2.1,-2.0,5925	
4.6,4.7,-2.9,-2.8,6272	
4.6,4.7,-3.2,-3.1,5939	
4.6,4.7,-4.3,-4.2,2423	
4.6,4.7,-5.4,-5.3,311	
4.6,4.7,-6.5,-6.4,7	
4.6,4.7,-0.7,-0.6,12264	
4.6,4.7,1.3,1.4,8022	
4.6,4.7,2.4,2.5,6163	
4.6,4.7,3.5,3.6,5262	
4.6,4.7,0.4,0.5,14287	
4.6,4.7,4.6,4.7,1630	
4.6,4.7,5.7,5.8,113	
4.6,4.7,6.0,6.1,79	
4.6,4.7,6.8,6.9,4	
4.6,4.7,7.1,7.2,3	
4.7,4.8,-1.7,-1.6,5916	
4.7,4.8,-2.0,-1.9,5268	
4.7,4.8,-2.8,-2.7,5349	
4.7,4.8,-3.1,-3.0,5170	
4.7,4.8,-3.9,-3.8,3290	
4.7,4.8,-4.2,-4.1,2429	
4.7,4.8,-5.3,-5.2,342	
4.7,4.8,-6.4,-6.3,12	
4.7,4.8,-7.5,-7.4,1	
4.7,4.8,-0.8,-0.7,11879	
4.7,4.8,1.4,1.5,7137	
4.7,4.8,2.5,2.6,5314	
4.7,4.8,0.3,0.4,15561	
4.7,4.8,3.6,3.7,4230	
4.7,4.8,4.7,4.8,1117	
4.7,4.8,5.0,5.1,652	
4.7,4.8,5.8,5.9,94	
4.7,4.8,6.1,6.2,37	
4.7,4.8,6.9,7.0,2	
4.8,4.9,-0.1,0.0,16497	
4.8,4.9,-1.6,-1.5,6054	
4.8,4.9,-2.7,-2.6,4518	
4.8,4.9,-3.0,-2.9,4467	
4.8,4.9,-3.8,-3.7,3145	
4.8,4.9,-4.1,-4.0,2239	
4.8,4.9,-4.9,-4.8,632	
4.8,4.9,-5.2,-5.1,373	
4.8,4.9,-6.3,-6.2,16	
4.8,4.9,-0.9,-0.8,11217	
4.8,4.9,1.5,1.6,6422	
4.8,4.9,0.2,0.3,16124	
4.8,4.9,2.6,2.7,4479	
4.8,4.9,3.7,3.8,3312	
4.8,4.9,4.0,4.1,2463	
4.8,4.9,4.8,4.9,789	
4.8,4.9,5.1,5.2,424	
4.8,4.9,5.9,6.0,60	
4.8,4.9,6.2,6.3,20	
4.9,5.0,-1.5,-1.4,6466	
4.9,5.0,-0.2,-0.1,16985	
4.9,5.0,-2.6,-2.5,3887	
4.9,5.0,-3.7,-3.6,2607	
4.9,5.0,-4.0,-3.9,2046	
4.9,5.0,-4.8,-4.7,619	
4.9,5.0,-5.1,-5.0,332	
4.9,5.0,-5.9,-5.8,50	
4.9,5.0,-6.2,-6.1,19	
4.9,5.0,0.1,0.2,17026	
4.9,5.0,1.6,1.7,5863	
4.9,5.0,2.7,2.8,3877	
4.9,5.0,3.0,3.1,3788	
4.9,5.0,3.8,3.9,2491	
4.9,5.0,4.1,4.2,1817	
4.9,5.0,4.9,5.0,580	
4.9,5.0,5.2,5.3,281	
4.9,5.0,6.3,6.4,11	
4.9,5.0,0.9,1.0,11593	
0.5,0.6,-10.7,-10.6,1	
0.5,0.6,-1.7,-1.6,10091	
0.5,0.6,-2.0,-1.9,13970	
0.5,0.6,-2.8,-2.7,21974	
0.5,0.6,-3.1,-3.0,21798	
0.5,0.6,-3.9,-3.8,16474	
0.5,0.6,-4.2,-4.1,14417	
0.5,0.6,-5.3,-5.2,18040	
0.5,0.6,-6.4,-6.3,18707	
0.5,0.6,-7.5,-7.4,6117	
0.5,0.6,-0.8,-0.7,3109	
0.5,0.6,-8.6,-8.5,570	
0.5,0.6,-9.7,-9.6,10	
0.5,0.6,10.2,10.3,3	
0.5,0.6,1.4,1.5,6913	
0.5,0.6,2.5,2.6,19808	
0.5,0.6,0.3,0.4,1922	
0.5,0.6,3.6,3.7,18742	
0.5,0.6,4.7,4.8,14053	
0.5,0.6,5.0,5.1,15491	
0.5,0.6,5.8,5.9,20801	
0.5,0.6,6.1,6.2,20382	
0.5,0.6,6.9,7.0,13032	
0.5,0.6,7.2,7.3,9374	
0.5,0.6,8.3,8.4,1279	
0.5,0.6,9.4,9.5,64	
5.0,5.1,-1.7,-1.6,5251	
5.0,5.1,-2.0,-1.9,4106	
5.0,5.1,-2.8,-2.7,3218	
5.0,5.1,-3.1,-3.0,2999	
5.0,5.1,-3.9,-3.8,1881	
5.0,5.1,-4.2,-4.1,1391	
5.0,5.1,-5.3,-5.2,188	
5.0,5.1,-6.4,-6.3,11	
5.0,5.1,-0.8,-0.7,12793	
5.0,5.1,1.4,1.5,7323	
5.0,5.1,2.5,2.6,3366	
5.0,5.1,0.3,0.4,17188	
5.0,5.1,3.6,3.7,2353	
5.0,5.1,4.7,4.8,646	
5.0,5.1,5.0,5.1,359	
5.0,5.1,5.8,5.9,50	
5.0,5.1,6.1,6.2,20	
5.1,5.2,-0.1,0.0,18749	
5.1,5.2,-1.6,-1.5,5805	
5.1,5.2,-2.7,-2.6,2817	
5.1,5.2,-3.0,-2.9,2527	
5.1,5.2,-3.8,-3.7,1649	
5.1,5.2,-4.1,-4.0,1223	
5.1,5.2,-4.9,-4.8,371	
5.1,5.2,-5.2,-5.1,166	
5.1,5.2,-6.3,-6.2,11	
5.1,5.2,-0.9,-0.8,12508	
5.1,5.2,1.5,1.6,6726	
5.1,5.2,0.2,0.3,18797	
5.1,5.2,2.6,2.7,2767	
5.1,5.2,3.7,3.8,1879	
5.1,5.2,4.0,4.1,1391	
5.1,5.2,4.8,4.9,414	
5.1,5.2,5.1,5.2,223	
5.1,5.2,5.9,6.0,36	
5.1,5.2,6.2,6.3,8	
5.2,5.3,-1.5,-1.4,6692	
5.2,5.3,-0.2,-0.1,19506	
5.2,5.3,-2.6,-2.5,2422	
5.2,5.3,-3.7,-3.6,1372	
5.2,5.3,-4.0,-3.9,1090	
5.2,5.3,-4.8,-4.7,364	
5.2,5.3,-5.1,-5.0,168	
5.2,5.3,-5.9,-5.8,23	
5.2,5.3,-6.2,-6.1,8	
5.2,5.3,0.1,0.2,19618	
5.2,5.3,1.6,1.7,5941	
5.2,5.3,2.7,2.8,2300	
5.2,5.3,3.0,3.1,2074	
5.2,5.3,3.8,3.9,1301	
5.2,5.3,4.1,4.2,1017	
5.2,5.3,4.9,5.0,284	
5.2,5.3,5.2,5.3,175	
5.2,5.3,6.3,6.4,6	
5.2,5.3,0.9,1.0,12892	
5.3,5.4,-1.4,-1.3,7624	
5.3,5.4,-2.5,-2.4,2239	
5.3,5.4,-0.3,-0.2,19600	
5.3,5.4,-3.6,-3.5,1233	
5.3,5.4,-4.7,-4.6,334	
5.3,5.4,-5.0,-4.9,171	
5.3,5.4,-5.8,-5.7,29	
5.3,5.4,-6.1,-6.0,14	
5.3,5.4,0.0,0.1,41656	
5.3,5.4,1.7,1.8,5231	
5.3,5.4,2.0,2.1,3489	
5.3,5.4,2.8,2.9,1802	
5.3,5.4,3.1,3.2,1642	
5.3,5.4,3.9,4.0,956	
5.3,5.4,4.2,4.3,719	
5.3,5.4,5.3,5.4,99	
5.3,5.4,6.4,6.5,3	
5.3,5.4,0.8,0.9,14771	
5.4,5.5,-1.3,-1.2,9093	
5.4,5.5,-2.4,-2.3,2215	
5.4,5.5,-3.5,-3.4,1006	
5.4,5.5,-0.4,-0.3,19932	
5.4,5.5,-4.6,-4.5,294	
5.4,5.5,-5.7,-5.6,30	
5.4,5.5,-6.0,-5.9,10	
5.4,5.5,1.0,1.1,12796	
5.4,5.5,1.8,1.9,4466	
5.4,5.5,2.1,2.2,3068	
5.4,5.5,2.9,3.0,1439	
5.4,5.5,3.2,3.3,1287	
5.4,5.5,4.3,4.4,500	
5.4,5.5,5.4,5.5,62	
5.4,5.5,6.5,6.6,1	
5.4,5.5,0.7,0.8,16385	
5.5,5.6,-1.2,-1.1,10534	
5.5,5.6,-2.3,-2.2,2216	
5.5,5.6,-3.4,-3.3,915	
5.5,5.6,-4.5,-4.4,298	
5.5,5.6,-0.5,-0.4,19457	
5.5,5.6,-5.6,-5.5,24	
5.5,5.6,1.1,1.2,11884	
5.5,5.6,1.9,2.0,4061	
5.5,5.6,2.2,2.3,2460	
5.5,5.6,3.3,3.4,944	
5.5,5.6,4.4,4.5,341	
5.5,5.6,5.5,5.6,32	
5.5,5.6,0.6,0.7,18166	
5.6,5.7,-1.1,-1.0,12267	
5.6,5.7,-1.9,-1.8,3906	
5.6,5.7,-2.2,-2.1,2364	
5.6,5.7,-3.3,-3.2,760	
5.6,5.7,-4.4,-4.3,273	
5.6,5.7,-5.5,-5.4,32	
5.6,5.7,-0.6,-0.5,18623	
5.6,5.7,-6.6,-6.5,2	
5.6,5.7,1.2,1.3,10894	
5.6,5.7,2.3,2.4,2079	
5.6,5.7,3.4,3.5,691	
5.6,5.7,4.5,4.6,184	
5.6,5.7,0.5,0.6,19964	
5.6,5.7,5.6,5.7,18	
5.7,5.8,-1.0,-0.9,13569	
5.7,5.8,-1.8,-1.7,4665	
5.7,5.8,-2.1,-2.0,2685	
5.7,5.8,-2.9,-2.8,845	
5.7,5.8,-3.2,-3.1,650	
5.7,5.8,-4.3,-4.2,218	
5.7,5.8,-5.4,-5.3,31	
5.7,5.8,-0.7,-0.6,18023	
5.7,5.8,1.3,1.4,9820	
5.7,5.8,2.4,2.5,1661	
5.7,5.8,3.5,3.6,482	
5.7,5.8,0.4,0.5,21654	
5.7,5.8,4.6,4.7,166	
5.7,5.8,5.7,5.8,3	
5.7,5.8,6.0,6.1,9	
5.8,5.9,-1.7,-1.6,5406	
5.8,5.9,-2.0,-1.9,3243	
5.8,5.9,-2.8,-2.7,799	
5.8,5.9,-3.1,-3.0,593	
5.8,5.9,-3.9,-3.8,266	
5.8,5.9,-4.2,-4.1,216	
5.8,5.9,-5.3,-5.2,33	
5.8,5.9,-0.8,-0.7,16863	
5.8,5.9,1.4,1.5,8452	
5.8,5.9,2.5,2.6,1283	
5.8,5.9,0.3,0.4,22682	
5.8,5.9,3.6,3.7,396	
5.8,5.9,4.7,4.8,90	
5.8,5.9,5.0,5.1,59	
5.8,5.9,5.8,5.9,7	
5.8,5.9,6.1,6.2,3	
5.8,5.9,6.9,7.0,1	
5.9,6.0,-0.1,0.0,23565	
5.9,6.0,-1.6,-1.5,6428	
5.9,6.0,-2.7,-2.6,844	
5.9,6.0,-3.0,-2.9,508	
5.9,6.0,-3.8,-3.7,216	
5.9,6.0,-4.1,-4.0,185	
5.9,6.0,-4.9,-4.8,48	
5.9,6.0,-5.2,-5.1,19	
5.9,6.0,-0.9,-0.8,15310	
5.9,6.0,1.5,1.6,7345	
5.9,6.0,0.2,0.3,23554	
5.9,6.0,2.6,2.7,1026	
5.9,6.0,3.7,3.8,320	
5.9,6.0,4.0,4.1,174	
5.9,6.0,4.8,4.9,54	
5.9,6.0,5.1,5.2,28	
5.9,6.0,5.9,6.0,3	
0.6,0.7,-0.1,0.0,1945	
0.6,0.7,-10.0,-9.9,5	
0.6,0.7,-1.6,-1.5,8872	
0.6,0.7,-2.7,-2.6,20230	
0.6,0.7,-3.0,-2.9,21339	
0.6,0.7,-3.8,-3.7,16297	
0.6,0.7,-4.1,-4.0,14248	
0.6,0.7,-4.9,-4.8,14234	
0.6,0.7,-5.2,-5.1,16005	
0.6,0.7,-6.3,-6.2,18223	
0.6,0.7,-7.4,-7.3,6746	
0.6,0.7,-8.5,-8.4,751	
0.6,0.7,-0.9,-0.8,3473	
0.6,0.7,-9.6,-9.5,27	
0.6,0.7,10.1,10.2,3	
0.6,0.7,1.5,1.6,7620	
0.6,0.7,0.2,0.3,2053	
0.6,0.7,2.6,2.7,19660	
0.6,0.7,3.7,3.8,17231	
0.6,0.7,4.0,4.1,15089	
0.6,0.7,4.8,4.9,13748	
0.6,0.7,5.1,5.2,15427	
0.6,0.7,5.9,6.0,19426	
0.6,0.7,6.2,6.3,19043	
0.6,0.7,7.3,7.4,7714	
0.6,0.7,8.4,8.5,969	
0.6,0.7,9.5,9.6,37	
6.0,6.1,-1.0,-0.9,13672	
6.0,6.1,-1.8,-1.7,4499	
6.0,6.1,-2.1,-2.0,2579	
6.0,6.1,-2.9,-2.8,513	
6.0,6.1,-3.2,-3.1,370	
6.0,6.1,-4.3,-4.2,105	
6.0,6.1,-5.4,-5.3,13	
6.0,6.1,-6.5,-6.4,1	
6.0,6.1,-0.7,-0.6,18245	
6.0,6.1,1.3,1.4,9677	
6.0,6.1,2.4,2.5,1380	
6.0,6.1,3.5,3.6,252	
6.0,6.1,0.4,0.5,21455	
6.0,6.1,4.6,4.7,56	
6.0,6.1,5.7,5.8,7	
6.0,6.1,6.0,6.1,4	
6.0,6.1,6.8,6.9,1	
6.1,6.2,-1.7,-1.6,5154	
6.1,6.2,-2.0,-1.9,3031	
6.1,6.2,-2.8,-2.7,582	
6.1,6.2,-3.1,-3.0,334	
6.1,6.2,-3.9,-3.8,115	
6.1,6.2,-4.2,-4.1,89	
6.1,6.2,-5.3,-5.2,5	
6.1,6.2,-0.8,-0.7,16341	
6.1,6.2,1.4,1.5,8393	
6.1,6.2,2.5,2.6,1064	
6.1,6.2,0.3,0.4,22426	
6.1,6.2,3.6,3.7,165	
6.1,6.2,4.7,4.8,35	
6.1,6.2,5.0,5.1,17	
6.1,6.2,5.8,5.9,7	
6.1,6.2,6.1,6.2,1	
6.1,6.2,6.9,7.0,1	
6.2,6.3,-0.1,0.0,23194	
6.2,6.3,-1.6,-1.5,5982	
6.2,6.3,-2.7,-2.6,610	
6.2,6.3,-3.0,-2.9,361	
6.2,6.3,-3.8,-3.7,116	
6.2,6.3,-4.1,-4.0,64	
6.2,6.3,-4.9,-4.8,18	
6.2,6.3,-5.2,-5.1,7	
6.2,6.3,-0.9,-0.8,14746	
6.2,6.3,1.5,1.6,7056	
6.2,6.3,0.2,0.3,22775	
6.2,6.3,2.6,2.7,804	
6.2,6.3,3.7,3.8,113	
6.2,6.3,4.0,4.1,70	
6.2,6.3,4.8,4.9,21	
6.2,6.3,5.1,5.2,11	
6.2,6.3,5.9,6.0,1	
6.3,6.4,-1.5,-1.4,6906	
6.3,6.4,-0.2,-0.1,21702	
6.3,6.4,-2.6,-2.5,735	
6.3,6.4,-3.7,-3.6,86	
6.3,6.4,-4.0,-3.9,59	
6.3,6.4,-4.8,-4.7,13	
6.3,6.4,-5.1,-5.0,11	
6.3,6.4,-5.9,-5.8,2	
6.3,6.4,0.1,0.2,22341	
6.3,6.4,1.6,1.7,5846	
6.3,6.4,2.7,2.8,605	
6.3,6.4,3.0,3.1,320	
6.3,6.4,3.8,3.9,65	
6.3,6.4,4.1,4.2,51	
6.3,6.4,4.9,5.0,14	
6.3,6.4,5.2,5.3,4	
6.3,6.4,0.9,1.0,14544	
6.4,6.5,-1.4,-1.3,7611	
6.4,6.5,-2.5,-2.4,880	
6.4,6.5,-0.3,-0.2,20227	
6.4,6.5,-3.6,-3.5,71	
6.4,6.5,-4.7,-4.6,18	
6.4,6.5,-5.0,-4.9,9	
6.4,6.5,-6.1,-6.0,1	
6.4,6.5,0.0,0.1,42929	
6.4,6.5,1.7,1.8,4722	
6.4,6.5,2.0,2.1,2711	
6.4,6.5,2.8,2.9,405	
6.4,6.5,3.1,3.2,231	
6.4,6.5,3.9,4.0,49	
6.4,6.5,4.2,4.3,24	
6.4,6.5,5.3,5.4,4	
6.4,6.5,0.8,0.9,15099	
6.5,6.6,-1.3,-1.2,8269	
6.5,6.6,-2.4,-2.3,1062	
6.5,6.6,-3.5,-3.4,80	
6.5,6.6,-0.4,-0.3,18610	
6.5,6.6,-4.6,-4.5,15	
6.5,6.6,1.0,1.1,11917	
6.5,6.6,1.8,1.9,3645	
6.5,6.6,2.1,2.2,2137	
6.5,6.6,2.9,3.0,311	
6.5,6.6,3.2,3.3,154	
6.5,6.6,4.3,4.4,22	
6.5,6.6,5.4,5.5,2	
6.5,6.6,0.7,0.8,15492	
6.6,6.7,-1.2,-1.1,8910	
6.6,6.7,-2.3,-2.2,1227	
6.6,6.7,-3.4,-3.3,82	
6.6,6.7,-4.5,-4.4,12	
6.6,6.7,-0.5,-0.4,16417	
6.6,6.7,1.1,1.2,9984	
6.6,6.7,1.9,2.0,2961	
6.6,6.7,2.2,2.3,1577	
6.6,6.7,3.3,3.4,98	
6.6,6.7,4.4,4.5,10	
6.6,6.7,5.5,5.6,2	
6.6,6.7,0.6,0.7,15558	
6.7,6.8,-1.1,-1.0,9289	
6.7,6.8,-1.9,-1.8,2591	
6.7,6.8,-2.2,-2.1,1515	
6.7,6.8,-3.3,-3.2,75	
6.7,6.8,-4.4,-4.3,10	
6.7,6.8,-5.5,-5.4,2	
6.7,6.8,-0.6,-0.5,14486	
6.7,6.8,1.2,1.3,8026	
6.7,6.8,2.3,2.4,1175	
6.7,6.8,3.4,3.5,67	
6.7,6.8,4.5,4.6,5	
6.7,6.8,0.5,0.6,15432	
6.7,6.8,5.6,5.7,2	
6.8,6.9,-1.0,-0.9,9672	
6.8,6.9,-1.8,-1.7,2984	
6.8,6.9,-2.1,-2.0,1671	
6.8,6.9,-2.9,-2.8,222	
6.8,6.9,-3.2,-3.1,100	
6.8,6.9,-4.3,-4.2,4	
6.8,6.9,-5.4,-5.3,1	
6.8,6.9,-0.7,-0.6,12631	
6.8,6.9,1.3,1.4,6641	
6.8,6.9,2.4,2.5,807	
6.8,6.9,3.5,3.6,48	
6.8,6.9,0.4,0.5,15211	
6.8,6.9,4.6,4.7,4	
6.9,7.0,-1.7,-1.6,3275	
6.9,7.0,-2.0,-1.9,1809	
6.9,7.0,-2.8,-2.7,295	
6.9,7.0,-3.1,-3.0,120	
6.9,7.0,-3.9,-3.8,9	
6.9,7.0,-4.2,-4.1,6	
6.9,7.0,-0.8,-0.7,10572	
6.9,7.0,1.4,1.5,5279	
6.9,7.0,2.5,2.6,643	
6.9,7.0,0.3,0.4,14418	
6.9,7.0,3.6,3.7,26	
6.9,7.0,4.7,4.8,2	
6.9,7.0,5.0,5.1,1	
0.7,0.8,-10.1,-10.0,7	
0.7,0.8,-1.5,-1.4,7386	
0.7,0.8,-0.2,-0.1,2430	
0.7,0.8,-2.6,-2.5,18864	
0.7,0.8,-3.7,-3.6,16405	
0.7,0.8,-4.0,-3.9,14378	
0.7,0.8,-4.8,-4.7,12884	
0.7,0.8,-5.1,-5.0,14492	
0.7,0.8,-5.9,-5.8,18311	
0.7,0.8,-6.2,-6.1,17409	
0.7,0.8,-7.3,-7.2,7178	
0.7,0.8,-8.4,-8.3,921	
0.7,0.8,-9.5,-9.4,43	
0.7,0.8,0.1,0.2,2492	
0.7,0.8,10.0,10.1,5	
0.7,0.8,1.6,1.7,8470	
0.7,0.8,2.7,2.8,19471	
0.7,0.8,3.0,3.1,20170	
0.7,0.8,3.8,3.9,15708	
0.7,0.8,4.1,4.2,13540	
0.7,0.8,4.9,5.0,13275	
0.7,0.8,5.2,5.3,15302	
0.7,0.8,6.3,6.4,17269	
0.7,0.8,7.4,7.5,6322	
0.7,0.8,8.5,8.6,703	
0.7,0.8,0.9,1.0,3648	
0.7,0.8,9.6,9.7,19	
7.0,7.1,-1.1,-1.0,7083	
7.0,7.1,-1.9,-1.8,2103	
7.0,7.1,-2.2,-2.1,1076	
7.0,7.1,-3.3,-3.2,44	
7.0,7.1,-4.4,-4.3,3	
7.0,7.1,-0.6,-0.5,11122	
7.0,7.1,1.2,1.3,6429	
7.0,7.1,2.3,2.4,903	
7.0,7.1,3.4,3.5,38	
7.0,7.1,4.5,4.6,4	
7.0,7.1,0.5,0.6,11907	
7.1,7.2,-1.0,-0.9,7043	
7.1,7.2,-1.8,-1.7,2183	
7.1,7.2,-2.1,-2.0,1256	
7.1,7.2,-2.9,-2.8,153	
7.1,7.2,-3.2,-3.1,49	
7.1,7.2,-4.3,-4.2,3	
7.1,7.2,-5.4,-5.3,1	
7.1,7.2,-0.7,-0.6,9244	
7.1,7.2,1.3,1.4,4964	
7.1,7.2,2.4,2.5,630	
7.1,7.2,3.5,3.6,27	
7.1,7.2,0.4,0.5,11225	
7.1,7.2,4.6,4.7,1	
7.2,7.3,-1.7,-1.6,2374	
7.2,7.3,-2.0,-1.9,1402	
7.2,7.3,-2.8,-2.7,195	
7.2,7.3,-3.1,-3.0,74	
7.2,7.3,-3.9,-3.8,5	
7.2,7.3,-4.2,-4.1,4	
7.2,7.3,-0.8,-0.7,7613	
7.2,7.3,1.4,1.5,3728	
7.2,7.3,2.5,2.6,424	
7.2,7.3,0.3,0.4,10449	
7.2,7.3,3.6,3.7,12	
7.2,7.3,4.7,4.8,1	
7.3,7.4,-0.1,0.0,9433	
7.3,7.4,-1.6,-1.5,2443	
7.3,7.4,-2.7,-2.6,221	
7.3,7.4,-3.0,-2.9,105	
7.3,7.4,-3.8,-3.7,5	
7.3,7.4,-4.1,-4.0,2	
7.3,7.4,-5.2,-5.1,1	
7.3,7.4,-0.9,-0.8,6041	
7.3,7.4,1.5,1.6,2919	
7.3,7.4,0.2,0.3,9446	
7.3,7.4,2.6,2.7,294	
7.3,7.4,3.7,3.8,7	
7.3,7.4,4.0,4.1,3	
7.4,7.5,-1.5,-1.4,2525	
7.4,7.5,-0.2,-0.1,8070	
7.4,7.5,-2.6,-2.5,283	
7.4,7.5,-3.7,-3.6,3	
7.4,7.5,-4.0,-3.9,6	
7.4,7.5,-4.8,-4.7,1	
7.4,7.5,0.1,0.2,8170	
7.4,7.5,1.6,1.7,2183	
7.4,7.5,2.7,2.8,210	
7.4,7.5,3.0,3.1,80	
7.4,7.5,3.8,3.9,5	
7.4,7.5,4.1,4.2,4	
7.4,7.5,0.9,1.0,5345	
7.5,7.6,-1.4,-1.3,2596	
7.5,7.6,-2.5,-2.4,293	
7.5,7.6,-0.3,-0.2,6658	
7.5,7.6,-3.6,-3.5,6	
7.5,7.6,0.0,0.1,14256	
7.5,7.6,1.7,1.8,1547	
7.5,7.6,2.0,2.1,936	
7.5,7.6,2.8,2.9,150	
7.5,7.6,3.1,3.2,47	
7.5,7.6,3.9,4.0,5	
7.5,7.6,0.8,0.9,4945	
7.6,7.7,-1.3,-1.2,2396	
7.6,7.7,-2.4,-2.3,306	
7.6,7.7,-3.5,-3.4,9	
7.6,7.7,-0.4,-0.3,5601	
7.6,7.7,1.0,1.1,3496	
7.6,7.7,1.8,1.9,1145	
7.6,7.7,2.1,2.2,614	
7.6,7.7,2.9,3.0,81	
7.6,7.7,3.2,3.3,37	
7.6,7.7,0.7,0.8,4555	
7.7,7.8,-1.2,-1.1,2377	
7.7,7.8,-2.3,-2.2,313	
7.7,7.8,-3.4,-3.3,13	
7.7,7.8,-4.5,-4.4,1	
7.7,7.8,-0.5,-0.4,4427	
7.7,7.8,1.1,1.2,2591	
7.7,7.8,1.9,2.0,780	
7.7,7.8,2.2,2.3,424	
7.7,7.8,3.3,3.4,23	
7.7,7.8,0.6,0.7,4117	
7.8,7.9,-1.1,-1.0,2321	
7.8,7.9,-1.9,-1.8,686	
7.8,7.9,-2.2,-2.1,332	
7.8,7.9,-3.3,-3.2,12	
7.8,7.9,-0.6,-0.5,3505	
7.8,7.9,1.2,1.3,1941	
7.8,7.9,2.3,2.4,265	
7.8,7.9,3.4,3.5,15	
7.8,7.9,0.5,0.6,3669	
7.9,8.0,-1.0,-0.9,1991	
7.9,8.0,-1.8,-1.7,592	
7.9,8.0,-2.1,-2.0,357	
7.9,8.0,-2.9,-2.8,39	
7.9,8.0,-3.2,-3.1,25	
7.9,8.0,-0.7,-0.6,2537	
7.9,8.0,1.3,1.4,1481	
7.9,8.0,2.4,2.5,186	
7.9,8.0,3.5,3.6,7	
7.9,8.0,0.4,0.5,3220	
0.8,0.9,-10.2,-10.1,3	
0.8,0.9,-1.4,-1.3,6498	
0.8,0.9,-2.5,-2.4,17465	
0.8,0.9,-0.3,-0.2,2891	
0.8,0.9,-3.6,-3.5,16238	
0.8,0.9,-4.7,-4.6,11509	
0.8,0.9,-5.0,-4.9,12776	
0.8,0.9,-5.8,-5.7,16833	
0.8,0.9,-6.1,-6.0,16547	
0.8,0.9,-6.9,-6.8,10699	
0.8,0.9,-7.2,-7.1,7486	
0.8,0.9,-8.3,-8.2,988	
0.8,0.9,-9.4,-9.3,59	
0.8,0.9,0.0,0.1,5600	
0.8,0.9,1.7,1.8,9426	
0.8,0.9,2.0,2.1,12310	
0.8,0.9,2.8,2.9,19202	
0.8,0.9,3.1,3.2,19080	
0.8,0.9,3.9,4.0,13984	
0.8,0.9,4.2,4.3,12180	
0.8,0.9,5.3,5.4,14617	
0.8,0.9,6.4,6.5,15044	
0.8,0.9,7.5,7.6,4935	
0.8,0.9,0.8,0.9,3516	
0.8,0.9,8.6,8.7,508	
0.8,0.9,9.7,9.8,16	
8.0,8.1,-1.2,-1.1,1352	
8.0,8.1,-2.3,-2.2,169	
8.0,8.1,-3.4,-3.3,8	
8.0,8.1,-4.5,-4.4,1	
8.0,8.1,-0.5,-0.4,2528	
8.0,8.1,1.1,1.2,1580	
8.0,8.1,1.9,2.0,397	
8.0,8.1,2.2,2.3,245	
8.0,8.1,3.3,3.4,10	
8.0,8.1,0.6,0.7,2356	
8.1,8.2,-1.1,-1.0,1245	
8.1,8.2,-1.9,-1.8,346	
8.1,8.2,-2.2,-2.1,182	
8.1,8.2,-3.3,-3.2,10	
8.1,8.2,-0.6,-0.5,1945	
8.1,8.2,1.2,1.3,1072	
8.1,8.2,2.3,2.4,152	
8.1,8.2,3.4,3.5,6	
8.1,8.2,0.5,0.6,1994	
8.2,8.3,-1.0,-0.9,1063	
8.2,8.3,-1.8,-1.7,343	
8.2,8.3,-2.1,-2.0,199	
8.2,8.3,-2.9,-2.8,28	
8.2,8.3,-3.2,-3.1,4	
8.2,8.3,-4.3,-4.2,2	
8.2,8.3,-0.7,-0.6,1371	
8.2,8.3,1.3,1.4,760	
8.2,8.3,2.4,2.5,89	
8.2,8.3,3.5,3.6,3	
8.2,8.3,0.4,0.5,1692	
8.3,8.4,-1.7,-1.6,304	
8.3,8.4,-2.0,-1.9,177	
8.3,8.4,-2.8,-2.7,30	
8.3,8.4,-3.1,-3.0,15	
8.3,8.4,-4.2,-4.1,1	
8.3,8.4,-0.8,-0.7,1052	
8.3,8.4,1.4,1.5,518	
8.3,8.4,2.5,2.6,57	
8.3,8.4,0.3,0.4,1427	
8.4,8.5,-0.1,0.0,1239	
8.4,8.5,-1.6,-1.5,297	
8.4,8.5,-2.7,-2.6,25	
8.4,8.5,-3.0,-2.9,11	
8.4,8.5,-0.9,-0.8,750	
8.4,8.5,1.5,1.6,372	
8.4,8.5,0.2,0.3,1172	
8.4,8.5,2.6,2.7,29	
8.4,8.5,3.7,3.8,2	
8.4,8.5,4.0,4.1,1	
8.5,8.6,-1.5,-1.4,287	
8.5,8.6,-0.2,-0.1,879	
8.5,8.6,-2.6,-2.5,33	
8.5,8.6,-3.7,-3.6,1	
8.5,8.6,0.1,0.2,935	
8.5,8.6,1.6,1.7,229	
8.5,8.6,2.7,2.8,19	
8.5,8.6,3.0,3.1,8	
8.5,8.6,3.8,3.9,3	
8.5,8.6,0.9,1.0,590	
8.6,8.7,-1.4,-1.3,250	
8.6,8.7,-2.5,-2.4,34	
8.6,8.7,-0.3,-0.2,690	
8.6,8.7,0.0,0.1,1518	
8.6,8.7,1.7,1.8,135	
8.6,8.7,2.0,2.1,77	
8.6,8.7,2.8,2.9,10	
8.6,8.7,3.1,3.2,6	
8.6,8.7,0.8,0.9,544	
8.7,8.8,-1.3,-1.2,234	
8.7,8.8,-2.4,-2.3,31	
8.7,8.8,-3.5,-3.4,2	
8.7,8.8,-0.4,-0.3,488	
8.7,8.8,1.0,1.1,332	
8.7,8.8,1.8,1.9,123	
8.7,8.8,2.1,2.2,55	
8.7,8.8,2.9,3.0,5	
8.7,8.8,3.2,3.3,5	
8.7,8.8,0.7,0.8,416	
8.8,8.9,-1.2,-1.1,197	
8.8,8.9,-2.3,-2.2,26	
8.8,8.9,-3.4,-3.3,1	
8.8,8.9,-0.5,-0.4,344	
8.8,8.9,1.1,1.2,211	
8.8,8.9,1.9,2.0,56	
8.8,8.9,2.2,2.3,35	
8.8,8.9,3.3,3.4,1	
8.8,8.9,0.6,0.7,362	
8.9,9.0,-1.1,-1.0,154	
8.9,9.0,-1.9,-1.8,48	
8.9,9.0,-2.2,-2.1,25	
8.9,9.0,-3.3,-3.2,4	
8.9,9.0,-0.6,-0.5,248	
8.9,9.0,1.2,1.3,148	
8.9,9.0,2.3,2.4,24	
8.9,9.0,0.5,0.6,266	
0.9,1.0,-10.3,-10.2,2	
0.9,1.0,-1.3,-1.2,5833	
0.9,1.0,-2.4,-2.3,15777	
0.9,1.0,-3.5,-3.4,16301	
0.9,1.0,-0.4,-0.3,3291	
0.9,1.0,-4.6,-4.5,10653	
0.9,1.0,-5.7,-5.6,15250	
0.9,1.0,-6.0,-5.9,15258	
0.9,1.0,-6.8,-6.7,10325	
0.9,1.0,-7.1,-7.0,7813	
0.9,1.0,-7.9,-7.8,2295	
0.9,1.0,-8.2,-8.1,1256	
0.9,1.0,-9.3,-9.2,49	
0.9,1.0,1.0,1.1,4363	
0.9,1.0,10.6,10.7,1	
0.9,1.0,1.8,1.9,9933	
0.9,1.0,2.1,2.2,13013	
0.9,1.0,2.9,3.0,18242	
0.9,1.0,3.2,3.3,17939	
0.9,1.0,4.3,4.4,11253	
0.9,1.0,5.4,5.5,13919	
0.9,1.0,6.5,6.6,13101	
0.9,1.0,0.7,0.8,3837	
0.9,1.0,7.6,7.7,3951	
0.9,1.0,8.7,8.8,353	
0.9,1.0,9.0,9.1,154	
0.9,1.0,9.8,9.9,10	
9.0,9.1,-1.3,-1.2,86	
9.0,9.1,-2.4,-2.3,14	
9.0,9.1,-0.4,-0.3,200	
9.0,9.1,1.0,1.1,123	
9.0,9.1,1.8,1.9,42	
9.0,9.1,2.1,2.2,29	
9.0,9.1,2.9,3.0,2	
9.0,9.1,3.2,3.3,2	
9.0,9.1,0.7,0.8,185	
9.1,9.2,-1.2,-1.1,74	
9.1,9.2,-2.3,-2.2,8	
9.1,9.2,-0.5,-0.4,134	
9.1,9.2,1.1,1.2,76	
9.1,9.2,1.9,2.0,31	
9.1,9.2,2.2,2.3,17	
9.1,9.2,0.6,0.7,161	
9.2,9.3,-1.1,-1.0,59	
9.2,9.3,-1.9,-1.8,14	
9.2,9.3,-2.2,-2.1,9	
9.2,9.3,-0.6,-0.5,82	
9.2,9.3,1.2,1.3,69	
9.2,9.3,2.3,2.4,9	
9.2,9.3,3.4,3.5,1	
9.2,9.3,0.5,0.6,111	
9.3,9.4,-1.0,-0.9,56	
9.3,9.4,-1.8,-1.7,17	
9.3,9.4,-2.1,-2.0,7	
9.3,9.4,-2.9,-2.8,1	
9.3,9.4,-0.7,-0.6,83	
9.3,9.4,1.3,1.4,26	
9.3,9.4,2.4,2.5,5	
9.3,9.4,0.4,0.5,77	
9.4,9.5,-1.7,-1.6,13	
9.4,9.5,-2.0,-1.9,6	
9.4,9.5,-2.8,-2.7,2	
9.4,9.5,-0.8,-0.7,42	
9.4,9.5,1.4,1.5,20	
9.4,9.5,2.5,2.6,3	
9.4,9.5,0.3,0.4,57	
9.5,9.6,-0.1,0.0,32	
9.5,9.6,-1.6,-1.5,13	
9.5,9.6,-2.7,-2.6,2	
9.5,9.6,-0.9,-0.8,34	
9.5,9.6,1.5,1.6,11	
9.5,9.6,0.2,0.3,45	
9.5,9.6,2.6,2.7,2	
9.6,9.7,-1.5,-1.4,8	
9.6,9.7,-0.2,-0.1,36	
9.6,9.7,0.1,0.2,21	
9.6,9.7,1.6,1.7,5	
9.6,9.7,2.7,2.8,1	
9.6,9.7,0.9,1.0,24	
9.7,9.8,-1.4,-1.3,7	
9.7,9.8,-0.3,-0.2,24	
9.7,9.8,0.0,0.1,39	
9.7,9.8,1.7,1.8,1	
9.7,9.8,2.0,2.1,3	
9.7,9.8,3.1,3.2,1	
9.7,9.8,0.8,0.9,22	
9.8,9.9,-1.3,-1.2,4	
9.8,9.9,-0.4,-0.3,20	
9.8,9.9,1.0,1.1,8	
9.8,9.9,1.8,1.9,6	
9.8,9.9,2.1,2.2,1	
9.8,9.9,0.7,0.8,18	
9.9,10.0,-1.2,-1.1,7	
9.9,10.0,-2.3,-2.2,1	
9.9,10.0,-0.5,-0.4,6	
9.9,10.0,1.1,1.2,6	
9.9,10.0,1.9,2.0,2	
9.9,10.0,0.6,0.7,10	
