-0.1,0.0,-1.3,-1.2,6432	
-0.1,0.0,-2.4,-2.3,20765	
-0.1,0.0,-3.5,-3.4,22103	
-0.1,0.0,-4.6,-4.5,15738	
-0.1,0.0,-5.7,-5.6,23309	
-0.1,0.0,-0.6,-0.5,2133	
-0.1,0.0,-6.0,-5.9,23570	
-0.1,0.0,-6.8,-6.7,16552	
-0.1,0.0,-7.1,-7.0,12081	
-0.1,0.0,-7.9,-7.8,3617	
-0.1,0.0,-8.2,-8.1,1830	
-0.1,0.0,-9.3,-9.2,74	
-0.1,0.0,1.2,1.3,5485	
-0.1,0.0,2.3,2.4,19436	
-0.1,0.0,3.4,3.5,22847	
-0.1,0.0,4.5,4.6,15425	
-0.1,0.0,5.6,5.7,23058	
-0.1,0.0,6.7,6.8,17945	
-0.1,0.0,0.7,0.8,2337	
-0.1,0.0,7.0,7.1,13565	
-0.1,0.0,7.8,7.9,4180	
-0.1,0.0,8.1,8.2,2415	
-0.1,0.0,8.9,9.0,320	
-0.1,0.0,9.2,9.3,135	
-1.0,-0.9,-10.3,-10.2,2	
-1.0,-0.9,-1.5,-1.4,7152	
-1.0,-0.9,-2.6,-2.5,16435	
-1.0,-0.9,-3.7,-3.6,14241	
-1.0,-0.9,-0.4,-0.3,3893	
-1.0,-0.9,-4.0,-3.9,12120	
-1.0,-0.9,-4.8,-4.7,10180	
-1.0,-0.9,-5.1,-5.0,11405	
-1.0,-0.9,-5.9,-5.8,14006	
-1.0,-0.9,-6.2,-6.1,13246	
-1.0,-0.9,-7.3,-7.2,5387	
-1.0,-0.9,-8.4,-8.3,669	
-1.0,-0.9,-9.5,-9.4,22	
-1.0,-0.9,0.1,0.2,4024	
-1.0,-0.9,1.0,1.1,4588	
-1.0,-0.9,10.0,10.1,5	
-1.0,-0.9,1.8,1.9,9515	
-1.0,-0.9,2.1,2.2,12489	
-1.0,-0.9,2.9,3.0,17391	
-1.0,-0.9,3.2,3.3,17407	
-1.0,-0.9,4.3,4.4,10564	
-1.0,-0.9,5.4,5.5,12586	
-1.0,-0.9,6.5,6.6,11820	
-1.0,-0.9,7.6,7.7,3463	
-1.0,-0.9,8.7,8.8,290	
-1.0,-0.9,0.9,1.0,4434	
-1.0,-0.9,9.0,9.1,110	
-1.0,-0.9,9.8,9.9,8	
-10.0,-9.9,-0.6,-0.5,6	
-10.0,-9.9,1.2,1.3,3	
-10.0,-9.9,0.7,0.8,6	
-10.1,-10.0,-1.2,-1.1,1	
-10.1,-10.0,-0.7,-0.6,1	
-10.1,-10.0,1.3,1.4,1	
-10.1,-10.0,0.6,0.7,3	
-10.2,-10.1,-1.1,-1.0,4	
-10.2,-10.1,-0.8,-0.7,1	
-10.2,-10.1,0.5,0.6,2	
-10.3,-10.2,-0.1,0.0,3	
-10.3,-10.2,-1.0,-0.9,1	
-10.3,-10.2,-1.8,-1.7,1	
-10.3,-10.2,-2.1,-2.0,2	
-10.3,-10.2,-0.9,-0.8,3	
-10.3,-10.2,1.5,1.6,1	
-10.3,-10.2,0.4,0.5,3	
-10.4,-10.3,0.3,0.4,2	
-10.6,-10.5,1.0,1.1,1	
-1.1,-1.0,-1.4,-1.3,6341	
-1.1,-1.0,-2.5,-2.4,15166	
-1.1,-1.0,-3.6,-3.5,14360	
-1.1,-1.0,-4.7,-4.6,9293	
-1.1,-1.0,-0.5,-0.4,4526	
-1.1,-1.0,-5.0,-4.9,9953	
-1.1,-1.0,-5.8,-5.7,12195	
-1.1,-1.0,-6.1,-6.0,12424	
-1.1,-1.0,-6.9,-6.8,7802	
-1.1,-1.0,-7.2,-7.1,5681	
-1.1,-1.0,-8.3,-8.2,749	
-1.1,-1.0,-9.4,-9.3,35	
-1.1,-1.0,0.0,0.1,9387	
-1.1,-1.0,1.1,1.2,5287	
-1.1,-1.0,1.9,2.0,10215	
-1.1,-1.0,2.2,2.3,12964	
-1.1,-1.0,3.3,3.4,16252	
-1.1,-1.0,4.4,4.5,9538	
-1.1,-1.0,5.5,5.6,11795	
-1.1,-1.0,6.6,6.7,10016	
-1.1,-1.0,7.7,7.8,2617	
-1.1,-1.0,0.8,0.9,4658	
-1.1,-1.0,8.0,8.1,1526	
-1.1,-1.0,8.8,8.9,212	
-1.1,-1.0,9.1,9.2,93	
-1.1,-1.0,9.9,10.0,3	
-1.2,-1.1,-10.5,-10.4,3	
-1.2,-1.1,-1.3,-1.2,6139	
-1.2,-1.1,-2.4,-2.3,14030	
-1.2,-1.1,-3.5,-3.4,14436	
-1.2,-1.1,-4.6,-4.5,8734	
-1.2,-1.1,-5.7,-5.6,10858	
-1.2,-1.1,-0.6,-0.5,5196	
-1.2,-1.1,-6.0,-5.9,11221	
-1.2,-1.1,-6.8,-6.7,7670	
-1.2,-1.1,-7.1,-7.0,5650	
-1.2,-1.1,-7.9,-7.8,1661	
-1.2,-1.1,-8.2,-8.1,893	
-1.2,-1.1,-9.3,-9.2,35	
-1.2,-1.1,1.2,1.3,5851	
-1.2,-1.1,2.3,2.4,13597	
-1.2,-1.1,3.4,3.5,15139	
-1.2,-1.1,4.5,4.6,8666	
-1.2,-1.1,5.6,5.7,10697	
-1.2,-1.1,6.7,6.8,8126	
-1.2,-1.1,0.7,0.8,5197	
-1.2,-1.1,7.0,7.1,6352	
-1.2,-1.1,7.8,7.9,1991	
-1.2,-1.1,8.1,8.2,1062	
-1.2,-1.1,8.9,9.0,140	
-1.2,-1.1,9.2,9.3,46	
-1.3,-1.2,-10.6,-10.5,1	
-1.3,-1.2,-1.2,-1.1,6000	
-1.3,-1.2,-2.3,-2.2,12925	
-1.3,-1.2,-3.4,-3.3,14527	
-1.3,-1.2,-4.5,-4.4,8204	
-1.3,-1.2,-5.6,-5.5,9690	
-1.3,-1.2,-6.7,-6.6,7227	
-1.3,-1.2,-0.7,-0.6,5845	
-1.3,-1.2,-7.0,-6.9,5535	
-1.3,-1.2,-7.8,-7.7,1798	
-1.3,-1.2,-8.1,-8.0,966	
-1.3,-1.2,-8.9,-8.8,108	
-1.3,-1.2,-9.2,-9.1,49	
-1.3,-1.2,1.3,1.4,6391	
-1.3,-1.2,2.4,2.5,13754	
-1.3,-1.2,3.5,3.6,14144	
-1.3,-1.2,4.6,4.7,7686	
-1.3,-1.2,5.7,5.8,9679	
-1.3,-1.2,0.6,0.7,6186	
-1.3,-1.2,6.0,6.1,9735	
-1.3,-1.2,6.8,6.9,6763	
-1.3,-1.2,7.1,7.2,5050	
-1.3,-1.2,7.9,8.0,1438	
-1.3,-1.2,8.2,8.3,777	
-1.3,-1.2,9.3,9.4,40	
-1.4,-1.3,-1.1,-1.0,6497	
-1.4,-1.3,-1.9,-1.8,10011	
-1.4,-1.3,-2.2,-2.1,12225	
-1.4,-1.3,-3.3,-3.2,14858	
-1.4,-1.3,-4.4,-4.3,7956	
-1.4,-1.3,-5.5,-5.4,8072	
-1.4,-1.3,-6.6,-6.5,6750	
-1.4,-1.3,-7.7,-7.6,1819	
-1.4,-1.3,-0.8,-0.7,6557	
-1.4,-1.3,-8.0,-7.9,1045	
-1.4,-1.3,-8.8,-8.7,136	
-1.4,-1.3,-9.1,-9.0,62	
-1.4,-1.3,-9.9,-9.8,1	
-1.4,-1.3,1.4,1.5,7201	
-1.4,-1.3,2.5,2.6,14349	
-1.4,-1.3,3.6,3.7,13103	
-1.4,-1.3,4.7,4.8,7146	
-1.4,-1.3,0.5,0.6,6954	
-1.4,-1.3,5.0,5.1,7243	
-1.4,-1.3,5.8,5.9,8506	
-1.4,-1.3,6.1,6.2,8314	
-1.4,-1.3,6.9,7.0,5390	
-1.4,-1.3,7.2,7.3,3787	
-1.4,-1.3,8.3,8.4,548	
-1.4,-1.3,9.4,9.5,22	
-1.5,-1.4,-0.1,0.0,8625	
-1.5,-1.4,-1.0,-0.9,7182	
-1.5,-1.4,-10.0,-9.9,3	
-1.5,-1.4,-1.8,-1.7,9413	
-1.5,-1.4,-2.1,-2.0,11592	
-1.5,-1.4,-2.9,-2.8,15460	
-1.5,-1.4,-3.2,-3.1,15419	
-1.5,-1.4,-4.3,-4.2,8218	
-1.5,-1.4,-5.4,-5.3,7066	
-1.5,-1.4,-6.5,-6.4,6130	
-1.5,-1.4,-7.6,-7.5,1830	
-1.5,-1.4,-8.7,-8.6,171	
-1.5,-1.4,-0.9,-0.8,7279	
-1.5,-1.4,-9.0,-8.9,72	
-1.5,-1.4,-9.8,-9.7,5	
-1.5,-1.4,1.5,1.6,7850	
-1.5,-1.4,2.6,2.7,14571	
-1.5,-1.4,3.7,3.8,12247	
-1.5,-1.4,0.4,0.5,8019	
-1.5,-1.4,4.0,4.1,9947	
-1.5,-1.4,4.8,4.9,6547	
-1.5,-1.4,5.1,5.2,6548	
-1.5,-1.4,5.9,6.0,7408	
-1.5,-1.4,6.2,6.3,7197	
-1.5,-1.4,7.3,7.4,2861	
-1.5,-1.4,8.4,8.5,368	
-1.5,-1.4,9.5,9.6,11	
-1.6,-1.5,-10.1,-10.0,2	
-1.6,-1.5,-1.7,-1.6,9215	
-1.6,-1.5,-0.2,-0.1,9650	
-1.6,-1.5,-2.0,-1.9,11248	
-1.6,-1.5,-2.8,-2.7,15921	
-1.6,-1.5,-3.1,-3.0,15789	
-1.6,-1.5,-3.9,-3.8,10776	
-1.6,-1.5,-4.2,-4.1,8642	
-1.6,-1.5,-5.3,-5.2,6022	
-1.6,-1.5,-6.4,-6.3,5532	
-1.6,-1.5,-7.5,-7.4,1904	
-1.6,-1.5,-8.6,-8.5,188	
-1.6,-1.5,-9.7,-9.6,4	
-1.6,-1.5,10.2,10.3,1	
-1.6,-1.5,1.6,1.7,8718	
-1.6,-1.5,2.7,2.8,15565	
-1.6,-1.5,0.3,0.4,9589	
-1.6,-1.5,3.0,3.1,16000	
-1.6,-1.5,3.8,3.9,11583	
-1.6,-1.5,4.1,4.2,9260	
-1.6,-1.5,4.9,5.0,5902	
-1.6,-1.5,5.2,5.3,5866	
-1.6,-1.5,6.3,6.4,5777	
-1.6,-1.5,7.4,7.5,2210	
-1.6,-1.5,8.5,8.6,254	
-1.6,-1.5,9.6,9.7,8	
-1.7,-1.6,-10.2,-10.1,1	
-1.7,-1.6,-1.6,-1.5,9354	
-1.7,-1.6,-2.7,-2.6,16020	
-1.7,-1.6,-0.3,-0.2,10863	
-1.7,-1.6,-3.0,-2.9,16182	
-1.7,-1.6,-3.8,-3.7,11713	
-1.7,-1.6,-4.1,-4.0,9166	
-1.7,-1.6,-4.9,-4.8,5499	
-1.7,-1.6,-5.2,-5.1,5104	
-1.7,-1.6,-6.3,-6.2,4840	
-1.7,-1.6,-7.4,-7.3,1769	
-1.7,-1.6,-8.5,-8.4,214	
-1.7,-1.6,-9.6,-9.5,4	
-1.7,-1.6,10.1,10.2,1	
-1.7,-1.6,1.7,1.8,9741	
-1.7,-1.6,0.2,0.3,11019	
-1.7,-1.6,2.0,2.1,11703	
-1.7,-1.6,2.8,2.9,16092	
-1.7,-1.6,3.1,3.2,15893	
-1.7,-1.6,3.9,4.0,11006	
-1.7,-1.6,4.2,4.3,8529	
-1.7,-1.6,5.3,5.4,5170	
-1.7,-1.6,6.4,6.5,4720	
-1.7,-1.6,7.5,7.6,1558	
-1.7,-1.6,8.6,8.7,163	
-1.7,-1.6,9.7,9.8,2	
-1.8,-1.7,-1.5,-1.4,9543	
-1.8,-1.7,-2.6,-2.5,15973	
-1.8,-1.7,-3.7,-3.6,12851	
-1.8,-1.7,-0.4,-0.3,11772	
-1.8,-1.7,-4.0,-3.9,10331	
-1.8,-1.7,-4.8,-4.7,5234	
-1.8,-1.7,-5.1,-5.0,4733	
-1.8,-1.7,-5.9,-5.8,4438	
-1.8,-1.7,-6.2,-6.1,4204	
-1.8,-1.7,-7.3,-7.2,1732	
-1.8,-1.7,-8.4,-8.3,200	
-1.8,-1.7,-9.5,-9.4,7	
-1.8,-1.7,0.1,0.2,12611	
-1.8,-1.7,1.0,1.1,9494	
-1.8,-1.7,1.8,1.9,10952	
-1.8,-1.7,2.1,2.2,12942	
-1.8,-1.7,2.9,3.0,16932	
-1.8,-1.7,3.2,3.3,16207	
-1.8,-1.7,4.3,4.4,7812	
-1.8,-1.7,5.4,5.5,4584	
-1.8,-1.7,6.5,6.6,3848	
-1.8,-1.7,7.6,7.7,1078	
-1.8,-1.7,8.7,8.8,105	
-1.8,-1.7,0.9,1.0,9843	
-1.8,-1.7,9.0,9.1,35	
-1.8,-1.7,9.8,9.9,2	
-1.9,-1.8,-1.4,-1.3,10018	
-1.9,-1.8,-2.5,-2.4,15979	
-1.9,-1.8,-3.6,-3.5,14330	
-1.9,-1.8,-4.7,-4.6,5373	
-1.9,-1.8,-0.5,-0.4,12662	
-1.9,-1.8,-5.0,-4.9,4329	
-1.9,-1.8,-5.8,-5.7,3794	
-1.9,-1.8,-6.1,-6.0,3740	
-1.9,-1.8,-6.9,-6.8,2240	
-1.9,-1.8,-7.2,-7.1,1627	
-1.9,-1.8,-8.3,-8.2,232	
-1.9,-1.8,-9.4,-9.3,10	
-1.9,-1.8,0.0,0.1,28201	
-1.9,-1.8,1.1,1.2,10116	
-1.9,-1.8,1.9,2.0,12195	
-1.9,-1.8,2.2,2.3,14140	
-1.9,-1.8,3.3,3.4,16507	
-1.9,-1.8,4.4,4.5,7259	
-1.9,-1.8,5.5,5.6,3910	
-1.9,-1.8,6.6,6.7,2886	
-1.9,-1.8,7.7,7.8,754	
-1.9,-1.8,0.8,0.9,11293	
-1.9,-1.8,8.0,8.1,391	
-1.9,-1.8,8.8,8.9,71	
-1.9,-1.8,9.1,9.2,24	
-1.9,-1.8,9.9,10.0,2	
-0.2,-0.1,-1.2,-1.1,5483	
-0.2,-0.1,-2.3,-2.2,19333	
-0.2,-0.1,-3.4,-3.3,22376	
-0.2,-0.1,-4.5,-4.4,15092	
-0.2,-0.1,-5.6,-5.5,22464	
-0.2,-0.1,-6.7,-6.6,17643	
-0.2,-0.1,-0.7,-0.6,2396	
-0.2,-0.1,-7.0,-6.9,13340	
-0.2,-0.1,-7.8,-7.7,4245	
-0.2,-0.1,-8.1,-8.0,2318	
-0.2,-0.1,-8.9,-8.8,285	
-0.2,-0.1,-9.2,-9.1,116	
-0.2,-0.1,10.5,10.6,1	
-0.2,-0.1,1.3,1.4,6327	
-0.2,-0.1,2.4,2.5,20478	
-0.2,-0.1,3.5,3.6,21423	
-0.2,-0.1,4.6,4.7,15203	
-0.2,-0.1,5.7,5.8,23165	
-0.2,-0.1,0.6,0.7,2109	
-0.2,-0.1,6.0,6.1,23372	
-0.2,-0.1,6.8,6.9,16285	
-0.2,-0.1,7.1,7.2,11786	
-0.2,-0.1,7.9,8.0,3518	
-0.2,-0.1,8.2,8.3,1834	
-0.2,-0.1,9.3,9.4,72	
-2.0,-1.9,-1.6,-1.5,11458	
-2.0,-1.9,-2.7,-2.6,17892	
-2.0,-1.9,-0.3,-0.2,14896	
-2.0,-1.9,-3.0,-2.9,18195	
-2.0,-1.9,-3.8,-3.7,12749	
-2.0,-1.9,-4.1,-4.0,9937	
-2.0,-1.9,-4.9,-4.8,4373	
-2.0,-1.9,-5.2,-5.1,3537	
-2.0,-1.9,-6.3,-6.2,2836	
-2.0,-1.9,-7.4,-7.3,999	
-2.0,-1.9,-8.5,-8.4,123	
-2.0,-1.9,1.7,1.8,11516	
-2.0,-1.9,0.2,0.3,15359	
-2.0,-1.9,2.0,2.1,13358	
-2.0,-1.9,2.8,2.9,18104	
-2.0,-1.9,3.1,3.2,17913	
-2.0,-1.9,3.9,4.0,11934	
-2.0,-1.9,4.2,4.3,8915	
-2.0,-1.9,5.3,5.4,3549	
-2.0,-1.9,6.4,6.5,2615	
-2.0,-1.9,7.5,7.6,851	
-2.0,-1.9,8.6,8.7,114	
-2.0,-1.9,9.7,9.8,1	
-2.1,-2.0,-1.5,-1.4,11584	
-2.1,-2.0,-2.6,-2.5,18187	
-2.1,-2.0,-3.7,-3.6,14500	
-2.1,-2.0,-0.4,-0.3,15674	
-2.1,-2.0,-4.0,-3.9,11453	
-2.1,-2.0,-4.8,-4.7,4643	
-2.1,-2.0,-5.1,-5.0,3561	
-2.1,-2.0,-5.9,-5.8,2611	
-2.1,-2.0,-6.2,-6.1,2317	
-2.1,-2.0,-7.3,-7.2,933	
-2.1,-2.0,-8.4,-8.3,123	
-2.1,-2.0,-9.5,-9.4,7	
-2.1,-2.0,0.1,0.2,16987	
-2.1,-2.0,1.0,1.1,12617	
-2.1,-2.0,1.8,1.9,12867	
-2.1,-2.0,2.1,2.2,14976	
-2.1,-2.0,2.9,3.0,19183	
-2.1,-2.0,3.2,3.3,18621	
-2.1,-2.0,4.3,4.4,8244	
-2.1,-2.0,5.4,5.5,2955	
-2.1,-2.0,6.5,6.6,2165	
-2.1,-2.0,7.6,7.7,605	
-2.1,-2.0,8.7,8.8,59	
-2.1,-2.0,0.9,1.0,13004	
-2.1,-2.0,9.0,9.1,24	
-2.1,-2.0,9.8,9.9,1	
-2.2,-2.1,-1.4,-1.3,12203	
-2.2,-2.1,-2.5,-2.4,18610	
-2.2,-2.1,-3.6,-3.5,16236	
-2.2,-2.1,-4.7,-4.6,5168	
-2.2,-2.1,-0.5,-0.4,16762	
-2.2,-2.1,-5.0,-4.9,3698	
-2.2,-2.1,-5.8,-5.7,2245	
-2.2,-2.1,-6.1,-6.0,2030	
-2.2,-2.1,-6.9,-6.8,1225	
-2.2,-2.1,-7.2,-7.1,846	
-2.2,-2.1,-8.3,-8.2,117	
-2.2,-2.1,-9.4,-9.3,1	
-2.2,-2.1,0.0,0.1,37067	
-2.2,-2.1,1.1,1.2,12798	
-2.2,-2.1,1.9,2.0,14127	
-2.2,-2.1,2.2,2.3,16626	
-2.2,-2.1,3.3,3.4,18843	
-2.2,-2.1,4.4,4.5,7553	
-2.2,-2.1,5.5,5.6,2465	
-2.2,-2.1,6.6,6.7,1532	
-2.2,-2.1,7.7,7.8,361	
-2.2,-2.1,0.8,0.9,14402	
-2.2,-2.1,8.0,8.1,235	
-2.2,-2.1,8.8,8.9,22	
-2.2,-2.1,9.1,9.2,19	
-2.2,-2.1,9.9,10.0,1	
-2.3,-2.2,-1.3,-1.2,13239	
-2.3,-2.2,-2.4,-2.3,18992	
-2.3,-2.2,-3.5,-3.4,17721	
-2.3,-2.2,-4.6,-4.5,5913	
-2.3,-2.2,-5.7,-5.6,1935	
-2.3,-2.2,-0.6,-0.5,17083	
-2.3,-2.2,-6.0,-5.9,1715	
-2.3,-2.2,-6.8,-6.7,1077	
-2.3,-2.2,-7.1,-7.0,800	
-2.3,-2.2,-7.9,-7.8,236	
-2.3,-2.2,-8.2,-8.1,111	
-2.3,-2.2,-9.3,-9.2,6	
-2.3,-2.2,1.2,1.3,13455	
-2.3,-2.2,2.3,2.4,17972	
-2.3,-2.2,3.4,3.5,18898	
-2.3,-2.2,4.5,4.6,6788	
-2.3,-2.2,5.6,5.7,2033	
-2.3,-2.2,6.7,6.8,1113	
-2.3,-2.2,0.7,0.8,16157	
-2.3,-2.2,7.0,7.1,878	
-2.3,-2.2,7.8,7.9,287	
-2.3,-2.2,8.1,8.2,160	
-2.3,-2.2,8.9,9.0,21	
-2.3,-2.2,9.2,9.3,10	
-2.4,-2.3,-1.2,-1.1,14257	
-2.4,-2.3,-2.3,-2.2,18993	
-2.4,-2.3,-3.4,-3.3,19892	
-2.4,-2.3,-4.5,-4.4,6842	
-2.4,-2.3,-5.6,-5.5,1783	
-2.4,-2.3,-6.7,-6.6,979	
-2.4,-2.3,-0.7,-0.6,17371	
-2.4,-2.3,-7.0,-6.9,748	
-2.4,-2.3,-7.8,-7.7,215	
-2.4,-2.3,-8.1,-8.0,116	
-2.4,-2.3,-8.9,-8.8,13	
-2.4,-2.3,-9.2,-9.1,3	
-2.4,-2.3,1.3,1.4,13798	
-2.4,-2.3,2.4,2.5,19973	
-2.4,-2.3,3.5,3.6,18778	
-2.4,-2.3,4.6,4.7,6031	
-2.4,-2.3,5.7,5.8,1630	
-2.4,-2.3,0.6,0.7,17893	
-2.4,-2.3,6.0,6.1,1391	
-2.4,-2.3,6.8,6.9,853	
-2.4,-2.3,7.1,7.2,618	
-2.4,-2.3,7.9,8.0,186	
-2.4,-2.3,8.2,8.3,86	
-2.4,-2.3,9.3,9.4,8	
-2.5,-2.4,-1.1,-1.0,15377	
-2.5,-2.4,-1.9,-1.8,16221	
-2.5,-2.4,-2.2,-2.1,18787	
-2.5,-2.4,-3.3,-3.2,21175	
-2.5,-2.4,-4.4,-4.3,8018	
-2.5,-2.4,-5.5,-5.4,1701	
-2.5,-2.4,-6.6,-6.5,757	
-2.5,-2.4,-7.7,-7.6,198	
-2.5,-2.4,-0.8,-0.7,17346	
-2.5,-2.4,-8.0,-7.9,89	
-2.5,-2.4,-8.8,-8.7,15	
-2.5,-2.4,-9.1,-9.0,4	
-2.5,-2.4,-9.9,-9.8,1	
-2.5,-2.4,1.4,1.5,14353	
-2.5,-2.4,2.5,2.6,21045	
-2.5,-2.4,3.6,3.7,18387	
-2.5,-2.4,4.7,4.8,5330	
-2.5,-2.4,0.5,0.6,19485	
-2.5,-2.4,5.0,5.1,3371	
-2.5,-2.4,5.8,5.9,1293	
-2.5,-2.4,6.1,6.2,1035	
-2.5,-2.4,6.9,7.0,546	
-2.5,-2.4,7.2,7.3,410	
-2.5,-2.4,8.3,8.4,51	
-2.5,-2.4,9.4,9.5,4	
-2.6,-2.5,-0.1,0.0,22962	
-2.6,-2.5,-1.0,-0.9,16471	
-2.6,-2.5,-1.8,-1.7,16089	
-2.6,-2.5,-2.1,-2.0,18700	
-2.6,-2.5,-2.9,-2.8,23411	
-2.6,-2.5,-3.2,-3.1,22651	
-2.6,-2.5,-4.3,-4.2,9631	
-2.6,-2.5,-5.4,-5.3,1774	
-2.6,-2.5,-6.5,-6.4,650	
-2.6,-2.5,-7.6,-7.5,196	
-2.6,-2.5,-8.7,-8.6,11	
-2.6,-2.5,-0.9,-0.8,17288	
-2.6,-2.5,-9.0,-8.9,7	
-2.6,-2.5,-9.8,-9.7,1	
-2.6,-2.5,1.5,1.6,14953	
-2.6,-2.5,2.6,2.7,22534	
-2.6,-2.5,3.7,3.8,17627	
-2.6,-2.5,0.4,0.5,21464	
-2.6,-2.5,4.0,4.1,13463	
-2.6,-2.5,4.8,4.9,4472	
-2.6,-2.5,5.1,5.2,2882	
-2.6,-2.5,5.9,6.0,970	
-2.6,-2.5,6.2,6.3,833	
-2.6,-2.5,7.3,7.4,298	
-2.6,-2.5,8.4,8.5,40	
-2.6,-2.5,9.5,9.6,2	
-2.7,-2.6,-1.7,-1.6,15997	
-2.7,-2.6,-0.2,-0.1,23058	
-2.7,-2.6,-2.0,-1.9,18038	
-2.7,-2.6,-2.8,-2.7,23979	
-2.7,-2.6,-3.1,-3.0,23652	
-2.7,-2.6,-3.9,-3.8,15195	
-2.7,-2.6,-4.2,-4.1,10815	
-2.7,-2.6,-5.3,-5.2,1947	
-2.7,-2.6,-6.4,-6.3,584	
-2.7,-2.6,-7.5,-7.4,155	
-2.7,-2.6,-8.6,-8.5,14	
-2.7,-2.6,1.6,1.7,15633	
-2.7,-2.6,2.7,2.8,23749	
-2.7,-2.6,0.3,0.4,22894	
-2.7,-2.6,3.0,3.1,23958	
-2.7,-2.6,3.8,3.9,16574	
-2.7,-2.6,4.1,4.2,12412	
-2.7,-2.6,4.9,5.0,3940	
-2.7,-2.6,5.2,5.3,2294	
-2.7,-2.6,6.3,6.4,611	
-2.7,-2.6,7.4,7.5,188	
-2.7,-2.6,8.5,8.6,19	
-2.8,-2.7,-1.6,-1.5,15741	
-2.8,-2.7,-2.7,-2.6,23758	
-2.8,-2.7,-0.3,-0.2,23037	
-2.8,-2.7,-3.0,-2.9,24081	
-2.8,-2.7,-3.8,-3.7,16739	
-2.8,-2.7,-4.1,-4.0,12408	
-2.8,-2.7,-4.9,-4.8,3829	
-2.8,-2.7,-5.2,-5.1,2264	
-2.8,-2.7,-6.3,-6.2,474	
-2.8,-2.7,-7.4,-7.3,152	
-2.8,-2.7,-8.5,-8.4,16	
-2.8,-2.7,1.7,1.8,16172	
-2.8,-2.7,0.2,0.3,23700	
-2.8,-2.7,2.0,2.1,18132	
-2.8,-2.7,2.8,2.9,23984	
-2.8,-2.7,3.1,3.2,23731	
-2.8,-2.7,3.9,4.0,15329	
-2.8,-2.7,4.2,4.3,11221	
-2.8,-2.7,5.3,5.4,1767	
-2.8,-2.7,6.4,6.5,443	
-2.8,-2.7,7.5,7.6,132	
-2.8,-2.7,8.6,8.7,16	
-2.9,-2.8,-1.5,-1.4,15658	
-2.9,-2.8,-2.6,-2.5,23362	
-2.9,-2.8,-3.7,-3.6,18546	
-2.9,-2.8,-0.4,-0.3,22756	
-2.9,-2.8,-4.0,-3.9,13943	
-2.9,-2.8,-4.8,-4.7,4414	
-2.9,-2.8,-5.1,-5.0,2626	
-2.9,-2.8,-5.9,-5.8,588	
-2.9,-2.8,-6.2,-6.1,420	
-2.9,-2.8,-7.3,-7.2,133	
-2.9,-2.8,-8.4,-8.3,14	
-2.9,-2.8,-9.5,-9.4,1	
-2.9,-2.8,0.1,0.2,24441	
-2.9,-2.8,1.0,1.1,17541	
-2.9,-2.8,1.8,1.9,16811	
-2.9,-2.8,2.1,2.2,19226	
-2.9,-2.8,2.9,3.0,24702	
-2.9,-2.8,3.2,3.3,23471	
-2.9,-2.8,4.3,4.4,9845	
-2.9,-2.8,5.4,5.5,1515	
-2.9,-2.8,6.5,6.6,289	
-2.9,-2.8,7.6,7.7,76	
-2.9,-2.8,8.7,8.8,14	
-2.9,-2.8,0.9,1.0,18360	
-2.9,-2.8,9.0,9.1,2	
-2.9,-2.8,9.8,9.9,2	
-0.3,-0.2,-10.7,-10.6,1	
-0.3,-0.2,-1.1,-1.0,4620	
-0.3,-0.2,-1.9,-1.8,13477	
-0.3,-0.2,-2.2,-2.1,17557	
-0.3,-0.2,-3.3,-3.2,22538	
-0.3,-0.2,-4.4,-4.3,14837	
-0.3,-0.2,-5.5,-5.4,21176	
-0.3,-0.2,-6.6,-6.5,18072	
-0.3,-0.2,-7.7,-7.6,4869	
-0.3,-0.2,-0.8,-0.7,2804	
-0.3,-0.2,-8.0,-7.9,2763	
-0.3,-0.2,-8.8,-8.7,373	
-0.3,-0.2,-9.1,-9.0,160	
-0.3,-0.2,-9.9,-9.8,10	
-0.3,-0.2,1.4,1.5,7320	
-0.3,-0.2,2.5,2.6,21027	
-0.3,-0.2,3.6,3.7,20013	
-0.3,-0.2,4.7,4.8,15441	
-0.3,-0.2,0.5,0.6,1932	
-0.3,-0.2,5.0,5.1,17310	
-0.3,-0.2,5.8,5.9,22734	
-0.3,-0.2,6.1,6.2,22161	
-0.3,-0.2,6.9,7.0,14455	
-0.3,-0.2,7.2,7.3,10127	
-0.3,-0.2,8.3,8.4,1366	
-0.3,-0.2,9.4,9.5,47	
-3.0,-2.9,-1.7,-1.6,16282	
-3.0,-2.9,-0.2,-0.1,23955	
-3.0,-2.9,-2.0,-1.9,18315	
-3.0,-2.9,-2.8,-2.7,24177	
-3.0,-2.9,-3.1,-3.0,23838	
-3.0,-2.9,-3.9,-3.8,15408	
-3.0,-2.9,-4.2,-4.1,10931	
-3.0,-2.9,-5.3,-5.2,1684	
-3.0,-2.9,-6.4,-6.3,282	
-3.0,-2.9,-7.5,-7.4,69	
-3.0,-2.9,-8.6,-8.5,4	
-3.0,-2.9,1.6,1.7,16033	
-3.0,-2.9,2.7,2.8,24078	
-3.0,-2.9,0.3,0.4,23699	
-3.0,-2.9,3.0,3.1,24089	
-3.0,-2.9,3.8,3.9,16756	
-3.0,-2.9,4.1,4.2,12350	
-3.0,-2.9,4.9,5.0,3740	
-3.0,-2.9,5.2,5.3,2044	
-3.0,-2.9,6.3,6.4,356	
-3.0,-2.9,7.4,7.5,92	
-3.0,-2.9,8.5,8.6,8	
-3.0,-2.9,9.6,9.7,1	
-3.1,-3.0,-1.6,-1.5,15737	
-3.1,-3.0,-2.7,-2.6,23500	
-3.1,-3.0,-0.3,-0.2,23339	
-3.1,-3.0,-3.0,-2.9,24001	
-3.1,-3.0,-3.8,-3.7,16588	
-3.1,-3.0,-4.1,-4.0,12144	
-3.1,-3.0,-4.9,-4.8,3642	
-3.1,-3.0,-5.2,-5.1,2013	
-3.1,-3.0,-6.3,-6.2,243	
-3.1,-3.0,-7.4,-7.3,55	
-3.1,-3.0,-8.5,-8.4,2	
-3.1,-3.0,1.7,1.8,15864	
-3.1,-3.0,0.2,0.3,24097	
-3.1,-3.0,2.0,2.1,17904	
-3.1,-3.0,2.8,2.9,23805	
-3.1,-3.0,3.1,3.2,23445	
-3.1,-3.0,3.9,4.0,15265	
-3.1,-3.0,4.2,4.3,10943	
-3.1,-3.0,5.3,5.4,1586	
-3.1,-3.0,6.4,6.5,207	
-3.1,-3.0,7.5,7.6,47	
-3.2,-3.1,-1.5,-1.4,15434	
-3.2,-3.1,-2.6,-2.5,22436	
-3.2,-3.1,-3.7,-3.6,17169	
-3.2,-3.1,-0.4,-0.3,22608	
-3.2,-3.1,-4.0,-3.9,13466	
-3.2,-3.1,-4.8,-4.7,4291	
-3.2,-3.1,-5.1,-5.0,2382	
-3.2,-3.1,-5.9,-5.8,394	
-3.2,-3.1,-6.2,-6.1,222	
-3.2,-3.1,-7.3,-7.2,62	
-3.2,-3.1,-8.4,-8.3,3	
-3.2,-3.1,-9.5,-9.4,1	
-3.2,-3.1,0.1,0.2,23971	
-3.2,-3.1,1.0,1.1,17160	
-3.2,-3.1,1.8,1.9,16352	
-3.2,-3.1,2.1,2.2,18641	
-3.2,-3.1,2.9,3.0,23825	
-3.2,-3.1,3.2,3.3,22673	
-3.2,-3.1,4.3,4.4,9447	
-3.2,-3.1,5.4,5.5,1311	
-3.2,-3.1,6.5,6.6,149	
-3.2,-3.1,7.6,7.7,39	
-3.2,-3.1,8.7,8.8,3	
-3.2,-3.1,0.9,1.0,18010	
-3.2,-3.1,9.0,9.1,1	
-3.3,-3.2,-1.4,-1.3,14758	
-3.3,-3.2,-2.5,-2.4,21257	
-3.3,-3.2,-3.6,-3.5,18057	
-3.3,-3.2,-4.7,-4.6,4954	
-3.3,-3.2,-0.5,-0.4,20934	
-3.3,-3.2,-5.0,-4.9,2817	
-3.3,-3.2,-5.8,-5.7,489	
-3.3,-3.2,-6.1,-6.0,257	
-3.3,-3.2,-6.9,-6.8,60	
-3.3,-3.2,-7.2,-7.1,40	
-3.3,-3.2,-8.3,-8.2,14	
-3.3,-3.2,0.0,0.1,47324	
-3.3,-3.2,1.1,1.2,16102	
-3.3,-3.2,1.9,2.0,16596	
-3.3,-3.2,2.2,2.3,18948	
-3.3,-3.2,3.3,3.4,21172	
-3.3,-3.2,4.4,4.5,7882	
-3.3,-3.2,5.5,5.6,963	
-3.3,-3.2,6.6,6.7,103	
-3.3,-3.2,7.7,7.8,16	
-3.3,-3.2,0.8,0.9,18148	
-3.3,-3.2,8.0,8.1,12	
-3.3,-3.2,8.8,8.9,2	
-3.4,-3.3,-1.3,-1.2,14450	
-3.4,-3.3,-2.4,-2.3,19718	
-3.4,-3.3,-3.5,-3.4,18499	
-3.4,-3.3,-4.6,-4.5,5602	
-3.4,-3.3,-5.7,-5.6,564	
-3.4,-3.3,-0.6,-0.5,19494	
-3.4,-3.3,-6.0,-5.9,231	
-3.4,-3.3,-6.8,-6.7,49	
-3.4,-3.3,-7.1,-7.0,32	
-3.4,-3.3,-7.9,-7.8,8	
-3.4,-3.3,-8.2,-8.1,3	
-3.4,-3.3,-9.3,-9.2,1	
-3.4,-3.3,1.2,1.3,14780	
-3.4,-3.3,2.3,2.4,18823	
-3.4,-3.3,3.4,3.5,19587	
-3.4,-3.3,4.5,4.6,6606	
-3.4,-3.3,5.6,5.7,725	
-3.4,-3.3,6.7,6.8,74	
-3.4,-3.3,0.7,0.8,18748	
-3.4,-3.3,7.0,7.1,45	
-3.4,-3.3,7.8,7.9,10	
-3.4,-3.3,8.1,8.2,4	
-3.4,-3.3,9.2,9.3,1	
-3.5,-3.4,-1.2,-1.1,14450	
-3.5,-3.4,-2.3,-2.2,18013	
-3.5,-3.4,-3.4,-3.3,18737	
-3.5,-3.4,-4.5,-4.4,6372	
-3.5,-3.4,-5.6,-5.5,691	
-3.5,-3.4,-6.7,-6.6,52	
-3.5,-3.4,-0.7,-0.6,18137	
-3.5,-3.4,-7.0,-6.9,26	
-3.5,-3.4,-7.8,-7.7,4	
-3.5,-3.4,-8.1,-8.0,5	
-3.5,-3.4,1.3,1.4,13849	
-3.5,-3.4,2.4,2.5,18987	
-3.5,-3.4,3.5,3.6,17619	
-3.5,-3.4,4.6,4.7,5315	
-3.5,-3.4,5.7,5.8,530	
-3.5,-3.4,0.6,0.7,18963	
-3.5,-3.4,6.0,6.1,234	
-3.5,-3.4,6.8,6.9,48	
-3.5,-3.4,7.1,7.2,34	
-3.5,-3.4,7.9,8.0,2	
-3.5,-3.4,8.2,8.3,4	
-3.6,-3.5,-1.1,-1.0,14071	
-3.6,-3.5,-1.9,-1.8,14328	
-3.6,-3.5,-2.2,-2.1,16121	
-3.6,-3.5,-3.3,-3.2,18328	
-3.6,-3.5,-4.4,-4.3,6515	
-3.6,-3.5,-5.5,-5.4,791	
-3.6,-3.5,-6.6,-6.5,45	
-3.6,-3.5,-7.7,-7.6,4	
-3.6,-3.5,-0.8,-0.7,16337	
-3.6,-3.5,-8.0,-7.9,6	
-3.6,-3.5,-9.1,-9.0,1	
-3.6,-3.5,1.4,1.5,12927	
-3.6,-3.5,2.5,2.6,18145	
-3.6,-3.5,3.6,3.7,15650	
-3.6,-3.5,4.7,4.8,4243	
-3.6,-3.5,0.5,0.6,19044	
-3.6,-3.5,5.0,5.1,2389	
-3.6,-3.5,5.8,5.9,391	
-3.6,-3.5,6.1,6.2,150	
-3.6,-3.5,6.9,7.0,22	
-3.6,-3.5,7.2,7.3,27	
-3.6,-3.5,8.3,8.4,1	
-3.7,-3.6,-0.1,0.0,19798	
-3.7,-3.6,-1.0,-0.9,14050	
-3.7,-3.6,-1.8,-1.7,12736	
-3.7,-3.6,-2.1,-2.0,14783	
-3.7,-3.6,-2.9,-2.8,18175	
-3.7,-3.6,-3.2,-3.1,17566	
-3.7,-3.6,-4.3,-4.2,7336	
-3.7,-3.6,-5.4,-5.3,909	
-3.7,-3.6,-6.5,-6.4,51	
-3.7,-3.6,-7.6,-7.5,10	
-3.7,-3.6,-0.9,-0.8,14944	
-3.7,-3.6,1.5,1.6,12221	
-3.7,-3.6,2.6,2.7,17530	
-3.7,-3.6,3.7,3.8,13524	
-3.7,-3.6,0.4,0.5,18685	
-3.7,-3.6,4.0,4.1,10266	
-3.7,-3.6,4.8,4.9,3269	
-3.7,-3.6,5.1,5.2,1848	
-3.7,-3.6,5.9,6.0,244	
-3.7,-3.6,6.2,6.3,103	
-3.7,-3.6,7.3,7.4,7	
-3.7,-3.6,8.4,8.5,2	
-3.8,-3.7,-1.7,-1.6,11549	
-3.8,-3.7,-0.2,-0.1,18760	
-3.8,-3.7,-2.0,-1.9,12815	
-3.8,-3.7,-2.8,-2.7,16790	
-3.8,-3.7,-3.1,-3.0,16476	
-3.8,-3.7,-3.9,-3.8,10769	
-3.8,-3.7,-4.2,-4.1,7670	
-3.8,-3.7,-5.3,-5.2,1058	
-3.8,-3.7,-6.4,-6.3,63	
-3.8,-3.7,-7.5,-7.4,5	
-3.8,-3.7,1.6,1.7,11641	
-3.8,-3.7,2.7,2.8,16410	
-3.8,-3.7,0.3,0.4,18325	
-3.8,-3.7,3.0,3.1,16603	
-3.8,-3.7,3.8,3.9,11694	
-3.8,-3.7,4.1,4.2,8528	
-3.8,-3.7,4.9,5.0,2579	
-3.8,-3.7,5.2,5.3,1338	
-3.8,-3.7,6.3,6.4,87	
-3.8,-3.7,7.4,7.5,8	
-3.8,-3.7,8.5,8.6,2	
-3.9,-3.8,-1.6,-1.5,10773	
-3.9,-3.8,-2.7,-2.6,15014	
-3.9,-3.8,-0.3,-0.2,17920	
-3.9,-3.8,-3.0,-2.9,15209	
-3.9,-3.8,-3.8,-3.7,10580	
-3.9,-3.8,-4.1,-4.0,7896	
-3.9,-3.8,-4.9,-4.8,2264	
-3.9,-3.8,-5.2,-5.1,1265	
-3.9,-3.8,-6.3,-6.2,56	
-3.9,-3.8,-7.4,-7.3,2	
-3.9,-3.8,-8.5,-8.4,1	
-3.9,-3.8,1.7,1.8,11042	
-3.9,-3.8,0.2,0.3,18261	
-3.9,-3.8,2.0,2.1,12014	
-3.9,-3.8,2.8,2.9,15569	
-3.9,-3.8,3.1,3.2,15184	
-3.9,-3.8,3.9,4.0,9562	
-3.9,-3.8,4.2,4.3,6792	
-3.9,-3.8,5.3,5.4,1006	
-3.9,-3.8,6.4,6.5,47	
-3.9,-3.8,7.5,7.6,2	
-0.4,-0.3,-0.1,0.0,1527	
-0.4,-0.3,-1.0,-0.9,3958	
-0.4,-0.3,-10.0,-9.9,9	
-0.4,-0.3,-1.8,-1.7,11711	
-0.4,-0.3,-2.1,-2.0,15694	
-0.4,-0.3,-2.9,-2.8,23004	
-0.4,-0.3,-3.2,-3.1,22159	
-0.4,-0.3,-4.3,-4.2,14639	
-0.4,-0.3,-5.4,-5.3,19542	
-0.4,-0.3,-6.5,-6.4,18570	
-0.4,-0.3,-7.6,-7.5,5589	
-0.4,-0.3,-8.7,-8.6,475	
-0.4,-0.3,-0.9,-0.8,3458	
-0.4,-0.3,-9.0,-8.9,233	
-0.4,-0.3,-9.8,-9.7,12	
-0.4,-0.3,10.3,10.4,4	
-0.4,-0.3,1.5,1.6,8199	
-0.4,-0.3,2.6,2.7,21259	
-0.4,-0.3,3.7,3.8,18931	
-0.4,-0.3,0.4,0.5,1759	
-0.4,-0.3,4.0,4.1,16036	
-0.4,-0.3,4.8,4.9,15282	
-0.4,-0.3,5.1,5.2,17262	
-0.4,-0.3,5.9,6.0,21894	
-0.4,-0.3,6.2,6.3,21090	
-0.4,-0.3,7.3,7.4,8790	
-0.4,-0.3,8.4,8.5,1072	
-0.4,-0.3,9.5,9.6,40	
-4.0,-3.9,-0.1,0.0,17394	
-4.0,-3.9,-1.0,-0.9,12134	
-4.0,-3.9,-1.8,-1.7,10187	
-4.0,-3.9,-2.1,-2.0,11210	
-4.0,-3.9,-2.9,-2.8,14045	
-4.0,-3.9,-3.2,-3.1,13465	
-4.0,-3.9,-4.3,-4.2,5581	
-4.0,-3.9,-5.4,-5.3,692	
-4.0,-3.9,-6.5,-6.4,23	
-4.0,-3.9,-7.6,-7.5,1	
-4.0,-3.9,-0.9,-0.8,12801	
-4.0,-3.9,1.5,1.6,9969	
-4.0,-3.9,2.6,2.7,13454	
-4.0,-3.9,3.7,3.8,10247	
-4.0,-3.9,0.4,0.5,16369	
-4.0,-3.9,4.0,4.1,7929	
-4.0,-3.9,4.8,4.9,2472	
-4.0,-3.9,5.1,5.2,1373	
-4.0,-3.9,5.9,6.0,177	
-4.0,-3.9,6.2,6.3,59	
-4.0,-3.9,7.3,7.4,2	
-4.1,-4.0,-1.7,-1.6,9124	
-4.1,-4.0,-0.2,-0.1,16414	
-4.1,-4.0,-2.0,-1.9,10026	
-4.1,-4.0,-2.8,-2.7,12405	
-4.1,-4.0,-3.1,-3.0,12322	
-4.1,-4.0,-3.9,-3.8,7836	
-4.1,-4.0,-4.2,-4.1,5706	
-4.1,-4.0,-5.3,-5.2,700	
-4.1,-4.0,-6.4,-6.3,33	
-4.1,-4.0,-7.5,-7.4,2	
-4.1,-4.0,1.6,1.7,9153	
-4.1,-4.0,2.7,2.8,11987	
-4.1,-4.0,0.3,0.4,16028	
-4.1,-4.0,3.0,3.1,12505	
-4.1,-4.0,3.8,3.9,8625	
-4.1,-4.0,4.1,4.2,6414	
-4.1,-4.0,4.9,5.0,1870	
-4.1,-4.0,5.2,5.3,1036	
-4.1,-4.0,6.3,6.4,43	
-4.1,-4.0,7.4,7.5,2	
-4.2,-4.1,-1.6,-1.5,8402	
-4.2,-4.1,-2.7,-2.6,10907	
-4.2,-4.1,-0.3,-0.2,15330	
-4.2,-4.1,-3.0,-2.9,11237	
-4.2,-4.1,-3.8,-3.7,7516	
-4.2,-4.1,-4.1,-4.0,5747	
-4.2,-4.1,-4.9,-4.8,1635	
-4.2,-4.1,-5.2,-5.1,859	
-4.2,-4.1,-6.3,-6.2,38	
-4.2,-4.1,-7.4,-7.3,1	
-4.2,-4.1,1.7,1.8,8486	
-4.2,-4.1,0.2,0.3,15854	
-4.2,-4.1,2.0,2.1,8896	
-4.2,-4.1,2.8,2.9,11038	
-4.2,-4.1,3.1,3.2,10877	
-4.2,-4.1,3.9,4.0,6897	
-4.2,-4.1,4.2,4.3,5101	
-4.2,-4.1,5.3,5.4,685	
-4.2,-4.1,6.4,6.5,27	
-4.2,-4.1,7.5,7.6,1	
-4.3,-4.2,-1.5,-1.4,7965	
-4.3,-4.2,-2.6,-2.5,9484	
-4.3,-4.2,-3.7,-3.6,7226	
-4.3,-4.2,-0.4,-0.3,14639	
-4.3,-4.2,-4.0,-3.9,5626	
-4.3,-4.2,-4.8,-4.7,1696	
-4.3,-4.2,-5.1,-5.0,968	
-4.3,-4.2,-5.9,-5.8,133	
-4.3,-4.2,-6.2,-6.1,47	
-4.3,-4.2,0.1,0.2,15854	
-4.3,-4.2,1.0,1.1,10511	
-4.3,-4.2,1.8,1.9,7689	
-4.3,-4.2,2.1,2.2,8256	
-4.3,-4.2,2.9,3.0,9870	
-4.3,-4.2,3.2,3.3,9429	
-4.3,-4.2,4.3,4.4,3784	
-4.3,-4.2,5.4,5.5,477	
-4.3,-4.2,6.5,6.6,17	
-4.3,-4.2,0.9,1.0,11176	
-4.4,-4.3,-1.4,-1.3,7921	
-4.4,-4.3,-2.5,-2.4,8260	
-4.4,-4.3,-3.6,-3.5,6823	
-4.4,-4.3,-4.7,-4.6,1829	
-4.4,-4.3,-0.5,-0.4,13870	
-4.4,-4.3,-5.0,-4.9,1036	
-4.4,-4.3,-5.8,-5.7,141	
-4.4,-4.3,-6.1,-6.0,60	
-4.4,-4.3,-6.9,-6.8,2	
-4.4,-4.3,-7.2,-7.1,1	
-4.4,-4.3,0.0,0.1,31215	
-4.4,-4.3,1.1,1.2,9667	
-4.4,-4.3,1.9,2.0,7094	
-4.4,-4.3,2.2,2.3,7626	
-4.4,-4.3,3.3,3.4,7973	
-4.4,-4.3,4.4,4.5,2921	
-4.4,-4.3,5.5,5.6,302	
-4.4,-4.3,6.6,6.7,12	
-4.4,-4.3,0.8,0.9,11679	
-4.5,-4.4,-1.3,-1.2,8072	
-4.5,-4.4,-2.4,-2.3,6925	
-4.5,-4.4,-3.5,-3.4,6292	
-4.5,-4.4,-4.6,-4.5,1819	
-4.5,-4.4,-5.7,-5.6,182	
-4.5,-4.4,-0.6,-0.5,13146	
-4.5,-4.4,-6.0,-5.9,52	
-4.5,-4.4,-6.8,-6.7,11	
-4.5,-4.4,-7.1,-7.0,1	
-4.5,-4.4,1.2,1.3,8581	
-4.5,-4.4,2.3,2.4,6862	
-4.5,-4.4,3.4,3.5,6645	
-4.5,-4.4,4.5,4.6,2093	
-4.5,-4.4,5.6,5.7,219	
-4.5,-4.4,6.7,6.8,5	
-4.5,-4.4,0.7,0.8,12293	
-4.5,-4.4,7.0,7.1,4	
-4.6,-4.5,-1.2,-1.1,8519	
-4.6,-4.5,-2.3,-2.2,6004	
-4.6,-4.5,-3.4,-3.3,5608	
-4.6,-4.5,-4.5,-4.4,1765	
-4.6,-4.5,-5.6,-5.5,153	
-4.6,-4.5,-6.7,-6.6,2	
-4.6,-4.5,-0.7,-0.6,12422	
-4.6,-4.5,-7.0,-6.9,1	
-4.6,-4.5,1.3,1.4,7953	
-4.6,-4.5,2.4,2.5,6095	
-4.6,-4.5,3.5,3.6,5437	
-4.6,-4.5,4.6,4.7,1500	
-4.6,-4.5,5.7,5.8,144	
-4.6,-4.5,0.6,0.7,13153	
-4.6,-4.5,6.0,6.1,69	
-4.6,-4.5,6.8,6.9,4	
-4.7,-4.6,-1.1,-1.0,9269	
-4.7,-4.6,-1.9,-1.8,5439	
-4.7,-4.6,-2.2,-2.1,5176	
-4.7,-4.6,-3.3,-3.2,4858	
-4.7,-4.6,-4.4,-4.3,1748	
-4.7,-4.6,-5.5,-5.4,198	
-4.7,-4.6,-6.6,-6.5,8	
-4.7,-4.6,-0.8,-0.7,11713	
-4.7,-4.6,1.4,1.5,7152	
-4.7,-4.6,2.5,2.6,5343	
-4.7,-4.6,3.6,3.7,4214	
-4.7,-4.6,4.7,4.8,1118	
-4.7,-4.6,0.5,0.6,13930	
-4.7,-4.6,5.0,5.1,601	
-4.7,-4.6,5.8,5.9,92	
-4.7,-4.6,6.1,6.2,37	
-4.7,-4.6,6.9,7.0,4	
-4.8,-4.7,-0.1,0.0,16645	
-4.8,-4.7,-1.0,-0.9,10359	
-4.8,-4.7,-1.8,-1.7,5176	
-4.8,-4.7,-2.1,-2.0,4617	
-4.8,-4.7,-2.9,-2.8,4595	
-4.8,-4.7,-3.2,-3.1,4165	
-4.8,-4.7,-4.3,-4.2,1777	
-4.8,-4.7,-5.4,-5.3,222	
-4.8,-4.7,-6.5,-6.4,7	
-4.8,-4.7,-0.9,-0.8,11151	
-4.8,-4.7,1.5,1.6,6514	
-4.8,-4.7,2.6,2.7,4537	
-4.8,-4.7,3.7,3.8,3309	
-4.8,-4.7,0.4,0.5,15182	
-4.8,-4.7,4.0,4.1,2495	
-4.8,-4.7,4.8,4.9,784	
-4.8,-4.7,5.1,5.2,438	
-4.8,-4.7,5.9,6.0,49	
-4.8,-4.7,6.2,6.3,15	
-4.8,-4.7,7.3,7.4,1	
-4.9,-4.8,-1.7,-1.6,5338	
-4.9,-4.8,-0.2,-0.1,16788	
-4.9,-4.8,-2.0,-1.9,4361	
-4.9,-4.8,-2.8,-2.7,3781	
-4.9,-4.8,-3.1,-3.0,3695	
-4.9,-4.8,-3.9,-3.8,2257	
-4.9,-4.8,-4.2,-4.1,1610	
-4.9,-4.8,-5.3,-5.2,233	
-4.9,-4.8,-6.4,-6.3,8	
-4.9,-4.8,1.6,1.7,5894	
-4.9,-4.8,2.7,2.8,3766	
-4.9,-4.8,0.3,0.4,16284	
-4.9,-4.8,3.0,3.1,3690	
-4.9,-4.8,3.8,3.9,2582	
-4.9,-4.8,4.1,4.2,1889	
-4.9,-4.8,4.9,5.0,531	
-4.9,-4.8,5.2,5.3,296	
-4.9,-4.8,6.3,6.4,20	
-0.5,-0.4,-10.1,-10.0,3	
-0.5,-0.4,-1.7,-1.6,10174	
-0.5,-0.4,-0.2,-0.1,1862	
-0.5,-0.4,-2.0,-1.9,13872	
-0.5,-0.4,-2.8,-2.7,21683	
-0.5,-0.4,-3.1,-3.0,21982	
-0.5,-0.4,-3.9,-3.8,16187	
-0.5,-0.4,-4.2,-4.1,14327	
-0.5,-0.4,-5.3,-5.2,18111	
-0.5,-0.4,-6.4,-6.3,18397	
-0.5,-0.4,-7.5,-7.4,6316	
-0.5,-0.4,-8.6,-8.5,619	
-0.5,-0.4,-9.7,-9.6,13	
-0.5,-0.4,1.6,1.7,8984	
-0.5,-0.4,2.7,2.8,21413	
-0.5,-0.4,0.3,0.4,1950	
-0.5,-0.4,3.0,3.1,21766	
-0.5,-0.4,3.8,3.9,17123	
-0.5,-0.4,4.1,4.2,14851	
-0.5,-0.4,4.9,5.0,15194	
-0.5,-0.4,5.2,5.3,17256	
-0.5,-0.4,6.3,6.4,19227	
-0.5,-0.4,7.4,7.5,7030	
-0.5,-0.4,8.5,8.6,783	
-0.5,-0.4,9.6,9.7,28	
-5.0,-4.9,-1.1,-1.0,9959	
-5.0,-4.9,-1.9,-1.8,4459	
-5.0,-4.9,-2.2,-2.1,3614	
-5.0,-4.9,-3.3,-3.2,2882	
-5.0,-4.9,-4.4,-4.3,1033	
-5.0,-4.9,-5.5,-5.4,106	
-5.0,-4.9,-6.6,-6.5,3	
-5.0,-4.9,-0.8,-0.7,12873	
-5.0,-4.9,1.4,1.5,7155	
-5.0,-4.9,2.5,2.6,3333	
-5.0,-4.9,3.6,3.7,2294	
-5.0,-4.9,4.7,4.8,644	
-5.0,-4.9,0.5,0.6,15774	
-5.0,-4.9,5.0,5.1,366	
-5.0,-4.9,5.8,5.9,55	
-5.0,-4.9,6.1,6.2,22	
-5.0,-4.9,7.2,7.3,1	
-5.1,-5.0,-0.1,0.0,19190	
-5.1,-5.0,-1.0,-0.9,11309	
-5.1,-5.0,-1.8,-1.7,4761	
-5.1,-5.0,-2.1,-2.0,3469	
-5.1,-5.0,-2.9,-2.8,2558	
-5.1,-5.0,-3.2,-3.1,2386	
-5.1,-5.0,-4.3,-4.2,915	
-5.1,-5.0,-5.4,-5.3,133	
-5.1,-5.0,-6.5,-6.4,5	
-5.1,-5.0,-0.9,-0.8,12489	
-5.1,-5.0,1.5,1.6,6520	
-5.1,-5.0,2.6,2.7,2714	
-5.1,-5.0,3.7,3.8,1799	
-5.1,-5.0,0.4,0.5,17501	
-5.1,-5.0,4.0,4.1,1417	
-5.1,-5.0,4.8,4.9,419	
-5.1,-5.0,5.1,5.2,232	
-5.1,-5.0,5.9,6.0,34	
-5.1,-5.0,6.2,6.3,15	
-5.1,-5.0,7.3,7.4,1	
-5.2,-5.1,-1.7,-1.6,5246	
-5.2,-5.1,-0.2,-0.1,19404	
-5.2,-5.1,-2.0,-1.9,3542	
-5.2,-5.1,-2.8,-2.7,2188	
-5.2,-5.1,-3.1,-3.0,2077	
-5.2,-5.1,-3.9,-3.8,1164	
-5.2,-5.1,-4.2,-4.1,896	
-5.2,-5.1,-5.3,-5.2,115	
-5.2,-5.1,-6.4,-6.3,7	
-5.2,-5.1,1.6,1.7,5928	
-5.2,-5.1,2.7,2.8,2344	
-5.2,-5.1,0.3,0.4,19126	
-5.2,-5.1,3.0,3.1,2042	
-5.2,-5.1,3.8,3.9,1310	
-5.2,-5.1,4.1,4.2,1002	
-5.2,-5.1,4.9,5.0,275	
-5.2,-5.1,5.2,5.3,159	
-5.2,-5.1,6.3,6.4,6	
-5.3,-5.2,-1.6,-1.5,5871	
-5.3,-5.2,-2.7,-2.6,2003	
-5.3,-5.2,-0.3,-0.2,19682	
-5.3,-5.2,-3.0,-2.9,1704	
-5.3,-5.2,-3.8,-3.7,1065	
-5.3,-5.2,-4.1,-4.0,798	
-5.3,-5.2,-4.9,-4.8,223	
-5.3,-5.2,-5.2,-5.1,128	
-5.3,-5.2,-6.3,-6.2,4	
-5.3,-5.2,1.7,1.8,5140	
-5.3,-5.2,0.2,0.3,20062	
-5.3,-5.2,2.0,2.1,3646	
-5.3,-5.2,2.8,2.9,1868	
-5.3,-5.2,3.1,3.2,1677	
-5.3,-5.2,3.9,4.0,957	
-5.3,-5.2,4.2,4.3,657	
-5.3,-5.2,5.3,5.4,100	
-5.3,-5.2,6.4,6.5,8	
-5.4,-5.3,-1.5,-1.4,6903	
-5.4,-5.3,-2.6,-2.5,1754	
-5.4,-5.3,-3.7,-3.6,919	
-5.4,-5.3,-0.4,-0.3,19739	
-5.4,-5.3,-4.0,-3.9,680	
-5.4,-5.3,-4.8,-4.7,191	
-5.4,-5.3,-5.1,-5.0,123	
-5.4,-5.3,-5.9,-5.8,14	
-5.4,-5.3,-6.2,-6.1,4	
-5.4,-5.3,0.1,0.2,21707	
-5.4,-5.3,1.0,1.1,12626	
-5.4,-5.3,1.8,1.9,4546	
-5.4,-5.3,2.1,2.2,2944	
-5.4,-5.3,2.9,3.0,1455	
-5.4,-5.3,3.2,3.3,1238	
-5.4,-5.3,4.3,4.4,476	
-5.4,-5.3,5.4,5.5,52	
-5.4,-5.3,6.5,6.6,3	
-5.4,-5.3,0.9,1.0,13973	
-5.5,-5.4,-1.4,-1.3,8098	
-5.5,-5.4,-2.5,-2.4,1782	
-5.5,-5.4,-3.6,-3.5,745	
-5.5,-5.4,-4.7,-4.6,218	
-5.5,-5.4,-0.5,-0.4,19397	
-5.5,-5.4,-5.0,-4.9,112	
-5.5,-5.4,-5.8,-5.7,16	
-5.5,-5.4,-6.1,-6.0,6	
-5.5,-5.4,0.0,0.1,45044	
-5.5,-5.4,1.1,1.2,11733	
-5.5,-5.4,1.9,2.0,3947	
-5.5,-5.4,2.2,2.3,2464	
-5.5,-5.4,3.3,3.4,949	
-5.5,-5.4,4.4,4.5,298	
-5.5,-5.4,5.5,5.6,36	
-5.5,-5.4,0.8,0.9,15785	
-5.6,-5.5,-1.3,-1.2,9597	
-5.6,-5.5,-2.4,-2.3,1758	
-5.6,-5.5,-3.5,-3.4,648	
-5.6,-5.5,-4.6,-4.5,175	
-5.6,-5.5,-5.7,-5.6,18	
-5.6,-5.5,-0.6,-0.5,18444	
-5.6,-5.5,-6.0,-5.9,3	
-5.6,-5.5,1.2,1.3,10674	
-5.6,-5.5,2.3,2.4,2031	
-5.6,-5.5,3.4,3.5,760	
-5.6,-5.5,4.5,4.6,214	
-5.6,-5.5,5.6,5.7,26	
-5.6,-5.5,6.7,6.8,1	
-5.6,-5.5,0.7,0.8,17350	
-5.7,-5.6,-1.2,-1.1,11108	
-5.7,-5.6,-2.3,-2.2,1974	
-5.7,-5.6,-3.4,-3.3,535	
-5.7,-5.6,-4.5,-4.4,169	
-5.7,-5.6,-5.6,-5.5,24	
-5.7,-5.6,-6.7,-6.6,2	
-5.7,-5.6,-0.7,-0.6,17847	
-5.7,-5.6,1.3,1.4,9612	
-5.7,-5.6,2.4,2.5,1692	
-5.7,-5.6,3.5,3.6,513	
-5.7,-5.6,4.6,4.7,140	
-5.7,-5.6,5.7,5.8,13	
-5.7,-5.6,0.6,0.7,19368	
-5.7,-5.6,6.0,6.1,4	
-5.8,-5.7,-1.1,-1.0,12335	
-5.8,-5.7,-1.9,-1.8,3826	
-5.8,-5.7,-2.2,-2.1,2243	
-5.8,-5.7,-3.3,-3.2,484	
-5.8,-5.7,-4.4,-4.3,136	
-5.8,-5.7,-5.5,-5.4,14	
-5.8,-5.7,-6.6,-6.5,1	
-5.8,-5.7,-0.8,-0.7,16618	
-5.8,-5.7,1.4,1.5,8436	
-5.8,-5.7,2.5,2.6,1415	
-5.8,-5.7,3.6,3.7,407	
-5.8,-5.7,4.7,4.8,78	
-5.8,-5.7,0.5,0.6,20596	
-5.8,-5.7,5.0,5.1,52	
-5.8,-5.7,5.8,5.9,4	
-5.9,-5.8,-0.1,0.0,23687	
-5.9,-5.8,-1.0,-0.9,14023	
-5.9,-5.8,-1.8,-1.7,4534	
-5.9,-5.8,-2.1,-2.0,2607	
-5.9,-5.8,-2.9,-2.8,653	
-5.9,-5.8,-3.2,-3.1,437	
-5.9,-5.8,-4.3,-4.2,137	
-5.9,-5.8,-5.4,-5.3,15	
-5.9,-5.8,-0.9,-0.8,15448	
-5.9,-5.8,1.5,1.6,7423	
-5.9,-5.8,2.6,2.7,996	
-5.9,-5.8,3.7,3.8,271	
-5.9,-5.8,0.4,0.5,21703	
-5.9,-5.8,4.0,4.1,170	
-5.9,-5.8,4.8,4.9,60	
-5.9,-5.8,5.1,5.2,28	
-5.9,-5.8,5.9,6.0,2	
-0.6,-0.5,-10.2,-10.1,3	
-0.6,-0.5,-1.6,-1.5,8932	
-0.6,-0.5,-2.7,-2.6,20443	
-0.6,-0.5,-0.3,-0.2,2169	
-0.6,-0.5,-3.0,-2.9,21111	
-0.6,-0.5,-3.8,-3.7,16341	
-0.6,-0.5,-4.1,-4.0,14224	
-0.6,-0.5,-4.9,-4.8,14296	
-0.6,-0.5,-5.2,-5.1,16292	
-0.6,-0.5,-6.3,-6.2,18328	
-0.6,-0.5,-7.4,-7.3,6840	
-0.6,-0.5,-8.5,-8.4,763	
-0.6,-0.5,-9.6,-9.5,27	
-0.6,-0.5,10.1,10.2,2	
-0.6,-0.5,1.7,1.8,9931	
-0.6,-0.5,0.2,0.3,2037	
-0.6,-0.5,2.0,2.1,13425	
-0.6,-0.5,2.8,2.9,20799	
-0.6,-0.5,3.1,3.2,20844	
-0.6,-0.5,3.9,4.0,15776	
-0.6,-0.5,4.2,4.3,13563	
-0.6,-0.5,5.3,5.4,17214	
-0.6,-0.5,6.4,6.5,17540	
-0.6,-0.5,7.5,7.6,5753	
-0.6,-0.5,8.6,8.7,572	
-0.6,-0.5,9.7,9.8,14	
-6.0,-5.9,-1.2,-1.1,10901	
-6.0,-5.9,-2.3,-2.2,1732	
-6.0,-5.9,-3.4,-3.3,288	
-6.0,-5.9,-4.5,-4.4,77	
-6.0,-5.9,-5.6,-5.5,6	
-6.0,-5.9,-0.7,-0.6,18016	
-6.0,-5.9,1.3,1.4,9723	
-6.0,-5.9,2.4,2.5,1409	
-6.0,-5.9,3.5,3.6,241	
-6.0,-5.9,4.6,4.7,46	
-6.0,-5.9,5.7,5.8,6	
-6.0,-5.9,0.6,0.7,19311	
-6.0,-5.9,6.0,6.1,2	
-6.1,-6.0,-1.1,-1.0,12286	
-6.1,-6.0,-1.9,-1.8,3599	
-6.1,-6.0,-2.2,-2.1,1958	
-6.1,-6.0,-3.3,-3.2,254	
-6.1,-6.0,-4.4,-4.3,63	
-6.1,-6.0,-5.5,-5.4,6	
-6.1,-6.0,-0.8,-0.7,16770	
-6.1,-6.0,1.4,1.5,8227	
-6.1,-6.0,2.5,2.6,1119	
-6.1,-6.0,3.6,3.7,163	
-6.1,-6.0,4.7,4.8,39	
-6.1,-6.0,0.5,0.6,20888	
-6.1,-6.0,5.0,5.1,18	
-6.1,-6.0,5.8,5.9,6	
-6.1,-6.0,6.1,6.2,2	
-6.2,-6.1,-0.1,0.0,22923	
-6.2,-6.1,-1.0,-0.9,13383	
-6.2,-6.1,-1.8,-1.7,4318	
-6.2,-6.1,-2.1,-2.0,2349	
-6.2,-6.1,-2.9,-2.8,389	
-6.2,-6.1,-3.2,-3.1,239	
-6.2,-6.1,-4.3,-4.2,52	
-6.2,-6.1,-5.4,-5.3,7	
-6.2,-6.1,-0.9,-0.8,15070	
-6.2,-6.1,1.5,1.6,6987	
-6.2,-6.1,2.6,2.7,814	
-6.2,-6.1,3.7,3.8,121	
-6.2,-6.1,0.4,0.5,20965	
-6.2,-6.1,4.0,4.1,65	
-6.2,-6.1,4.8,4.9,13	
-6.2,-6.1,5.1,5.2,17	
-6.2,-6.1,5.9,6.0,1	
-6.2,-6.1,6.2,6.3,1	
-6.3,-6.2,-1.7,-1.6,4932	
-6.3,-6.2,-0.2,-0.1,21810	
-6.3,-6.2,-2.0,-1.9,2860	
-6.3,-6.2,-2.8,-2.7,471	
-6.3,-6.2,-3.1,-3.0,268	
-6.3,-6.2,-3.9,-3.8,76	
-6.3,-6.2,-4.2,-4.1,44	
-6.3,-6.2,-5.3,-5.2,12	
-6.3,-6.2,1.6,1.7,5827	
-6.3,-6.2,2.7,2.8,644	
-6.3,-6.2,0.3,0.4,21460	
-6.3,-6.2,3.0,3.1,284	
-6.3,-6.2,3.8,3.9,68	
-6.3,-6.2,4.1,4.2,44	
-6.3,-6.2,4.9,5.0,12	
-6.3,-6.2,5.2,5.3,8	
-6.4,-6.3,-1.6,-1.5,5458	
-6.4,-6.3,-2.7,-2.6,583	
-6.4,-6.3,-0.3,-0.2,20450	
-6.4,-6.3,-3.0,-2.9,294	
-6.4,-6.3,-3.8,-3.7,61	
-6.4,-6.3,-4.1,-4.0,39	
-6.4,-6.3,-4.9,-4.8,11	
-6.4,-6.3,-5.2,-5.1,7	
-6.4,-6.3,1.7,1.8,4784	
-6.4,-6.3,0.2,0.3,20980	
-6.4,-6.3,2.0,2.1,2666	
-6.4,-6.3,2.8,2.9,440	
-6.4,-6.3,3.1,3.2,205	
-6.4,-6.3,3.9,4.0,58	
-6.4,-6.3,4.2,4.3,20	
-6.4,-6.3,5.3,5.4,2	
-6.5,-6.4,-1.5,-1.4,6211	
-6.5,-6.4,-2.6,-2.5,694	
-6.5,-6.4,-3.7,-3.6,39	
-6.5,-6.4,-0.4,-0.3,18384	
-6.5,-6.4,-4.0,-3.9,28	
-6.5,-6.4,-4.8,-4.7,10	
-6.5,-6.4,-5.1,-5.0,8	
-6.5,-6.4,-6.2,-6.1,1	
-6.5,-6.4,0.1,0.2,20314	
-6.5,-6.4,1.0,1.1,11734	
-6.5,-6.4,1.8,1.9,3839	
-6.5,-6.4,2.1,2.2,2090	
-6.5,-6.4,2.9,3.0,319	
-6.5,-6.4,3.2,3.3,138	
-6.5,-6.4,4.3,4.4,20	
-6.5,-6.4,0.9,1.0,13213	
-6.6,-6.5,-1.4,-1.3,6754	
-6.6,-6.5,-2.5,-2.4,735	
-6.6,-6.5,-3.6,-3.5,51	
-6.6,-6.5,-4.7,-4.6,9	
-6.6,-6.5,-0.5,-0.4,16454	
-6.6,-6.5,-5.0,-4.9,2	
-6.6,-6.5,-5.8,-5.7,2	
-6.6,-6.5,0.0,0.1,38487	
-6.6,-6.5,1.1,1.2,10032	
-6.6,-6.5,1.9,2.0,2919	
-6.6,-6.5,2.2,2.3,1611	
-6.6,-6.5,3.3,3.4,91	
-6.6,-6.5,4.4,4.5,11	
-6.6,-6.5,5.5,5.6,1	
-6.6,-6.5,0.8,0.9,13525	
-6.7,-6.6,-1.3,-1.2,7276	
-6.7,-6.6,-2.4,-2.3,911	
-6.7,-6.6,-3.5,-3.4,45	
-6.7,-6.6,-4.6,-4.5,3	
-6.7,-6.6,-0.6,-0.5,14793	
-6.7,-6.6,1.2,1.3,8257	
-6.7,-6.6,2.3,2.4,1211	
-6.7,-6.6,3.4,3.5,79	
-6.7,-6.6,4.5,4.6,6	
-6.7,-6.6,0.7,0.8,13651	
-6.8,-6.7,-1.2,-1.1,7568	
-6.8,-6.7,-2.3,-2.2,1073	
-6.8,-6.7,-3.4,-3.3,54	
-6.8,-6.7,-4.5,-4.4,3	
-6.8,-6.7,-5.6,-5.5,1	
-6.8,-6.7,-0.7,-0.6,12567	
-6.8,-6.7,1.3,1.4,6564	
-6.8,-6.7,2.4,2.5,889	
-6.8,-6.7,3.5,3.6,34	
-6.8,-6.7,4.6,4.7,5	
-6.8,-6.7,5.7,5.8,1	
-6.8,-6.7,0.6,0.7,13332	
-6.8,-6.7,6.0,6.1,1	
-6.9,-6.8,-1.1,-1.0,7869	
-6.9,-6.8,-1.9,-1.8,2321	
-6.9,-6.8,-2.2,-2.1,1239	
-6.9,-6.8,-3.3,-3.2,63	
-6.9,-6.8,-4.4,-4.3,5	
-6.9,-6.8,-0.8,-0.7,10634	
-6.9,-6.8,1.4,1.5,5252	
-6.9,-6.8,2.5,2.6,617	
-6.9,-6.8,3.6,3.7,24	
-6.9,-6.8,4.7,4.8,1	
-6.9,-6.8,0.5,0.6,13104	
-0.7,-0.6,-10.3,-10.2,1	
-0.7,-0.6,-1.5,-1.4,7547	
-0.7,-0.6,-2.6,-2.5,18700	
-0.7,-0.6,-3.7,-3.6,16541	
-0.7,-0.6,-0.4,-0.3,2539	
-0.7,-0.6,-4.0,-3.9,14082	
-0.7,-0.6,-4.8,-4.7,12677	
-0.7,-0.6,-5.1,-5.0,14572	
-0.7,-0.6,-5.9,-5.8,17922	
-0.7,-0.6,-6.2,-6.1,17612	
-0.7,-0.6,-7.3,-7.2,7358	
-0.7,-0.6,-8.4,-8.3,871	
-0.7,-0.6,-9.5,-9.4,23	
-0.7,-0.6,0.1,0.2,2408	
-0.7,-0.6,1.0,1.1,4009	
-0.7,-0.6,10.0,10.1,3	
-0.7,-0.6,10.8,10.9,1	
-0.7,-0.6,1.8,1.9,10686	
-0.7,-0.6,2.1,2.2,14066	
-0.7,-0.6,2.9,3.0,20175	
-0.7,-0.6,3.2,3.3,19506	
-0.7,-0.6,4.3,4.4,12732	
-0.7,-0.6,5.4,5.5,16476	
-0.7,-0.6,6.5,6.6,15414	
-0.7,-0.6,7.6,7.7,4635	
-0.7,-0.6,8.7,8.8,410	
-0.7,-0.6,0.9,1.0,3711	
-0.7,-0.6,9.0,9.1,184	
-0.7,-0.6,9.8,9.9,16	
-7.0,-6.9,-1.3,-1.2,5545	
-7.0,-6.9,-2.4,-2.3,676	
-7.0,-6.9,-3.5,-3.4,31	
-7.0,-6.9,-4.6,-4.5,1	
-7.0,-6.9,-0.6,-0.5,11247	
-7.0,-6.9,1.2,1.3,6404	
-7.0,-6.9,2.3,2.4,879	
-7.0,-6.9,3.4,3.5,51	
-7.0,-6.9,4.5,4.6,3	
-7.0,-6.9,0.7,0.8,10285	
-7.1,-7.0,-1.2,-1.1,5563	
-7.1,-7.0,-2.3,-2.2,773	
-7.1,-7.0,-3.4,-3.3,31	
-7.1,-7.0,-4.5,-4.4,1	
-7.1,-7.0,-0.7,-0.6,9297	
-7.1,-7.0,1.3,1.4,4866	
-7.1,-7.0,2.4,2.5,614	
-7.1,-7.0,3.5,3.6,26	
-7.1,-7.0,4.6,4.7,1	
-7.1,-7.0,0.6,0.7,10218	
-7.2,-7.1,-1.1,-1.0,5544	
-7.2,-7.1,-1.9,-1.8,1609	
-7.2,-7.1,-2.2,-2.1,848	
-7.2,-7.1,-3.3,-3.2,41	
-7.2,-7.1,-4.4,-4.3,2	
-7.2,-7.1,-5.5,-5.4,1	
-7.2,-7.1,-0.8,-0.7,7576	
-7.2,-7.1,1.4,1.5,3818	
-7.2,-7.1,2.5,2.6,402	
-7.2,-7.1,3.6,3.7,17	
-7.2,-7.1,0.5,0.6,9652	
-7.2,-7.1,5.0,5.1,1	
-7.3,-7.2,-0.1,0.0,9620	
-7.3,-7.2,-1.0,-0.9,5407	
-7.3,-7.2,-1.8,-1.7,1809	
-7.3,-7.2,-2.1,-2.0,927	
-7.3,-7.2,-2.9,-2.8,121	
-7.3,-7.2,-3.2,-3.1,42	
-7.3,-7.2,-4.3,-4.2,3	
-7.3,-7.2,-0.9,-0.8,6013	
-7.3,-7.2,1.5,1.6,2884	
-7.3,-7.2,2.6,2.7,274	
-7.3,-7.2,3.7,3.8,6	
-7.3,-7.2,0.4,0.5,8794	
-7.3,-7.2,4.0,4.1,2	
-7.3,-7.2,4.8,4.9,1	
-7.4,-7.3,-1.7,-1.6,1794	
-7.4,-7.3,-0.2,-0.1,8233	
-7.4,-7.3,-2.0,-1.9,1049	
-7.4,-7.3,-2.8,-2.7,138	
-7.4,-7.3,-3.1,-3.0,66	
-7.4,-7.3,-3.9,-3.8,8	
-7.4,-7.3,-4.2,-4.1,1	
-7.4,-7.3,1.6,1.7,2092	
-7.4,-7.3,2.7,2.8,202	
-7.4,-7.3,0.3,0.4,7990	
-7.4,-7.3,3.0,3.1,67	
-7.4,-7.3,3.8,3.9,10	
-7.4,-7.3,4.1,4.2,3	
-7.5,-7.4,-1.6,-1.5,1823	
-7.5,-7.4,-2.7,-2.6,191	
-7.5,-7.4,-0.3,-0.2,6656	
-7.5,-7.4,-3.0,-2.9,81	
-7.5,-7.4,-3.8,-3.7,5	
-7.5,-7.4,-4.1,-4.0,1	
-7.5,-7.4,1.7,1.8,1582	
-7.5,-7.4,0.2,0.3,6943	
-7.5,-7.4,2.0,2.1,867	
-7.5,-7.4,2.8,2.9,123	
-7.5,-7.4,3.1,3.2,55	
-7.5,-7.4,3.9,4.0,3	
-7.5,-7.4,4.2,4.3,1	
-7.6,-7.5,-1.5,-1.4,1848	
-7.6,-7.5,-2.6,-2.5,208	
-7.6,-7.5,-3.7,-3.6,6	
-7.6,-7.5,-0.4,-0.3,5462	
-7.6,-7.5,-4.0,-3.9,1	
-7.6,-7.5,0.1,0.2,6191	
-7.6,-7.5,1.0,1.1,3508	
-7.6,-7.5,1.8,1.9,1133	
-7.6,-7.5,2.1,2.2,620	
-7.6,-7.5,2.9,3.0,71	
-7.6,-7.5,3.2,3.3,35	
-7.6,-7.5,0.9,1.0,3965	
-7.7,-7.6,-1.4,-1.3,1729	
-7.7,-7.6,-2.5,-2.4,183	
-7.7,-7.6,-3.6,-3.5,4	
-7.7,-7.6,-0.5,-0.4,4450	
-7.7,-7.6,0.0,0.1,10384	
-7.7,-7.6,1.1,1.2,2677	
-7.7,-7.6,1.9,2.0,726	
-7.7,-7.6,2.2,2.3,401	
-7.7,-7.6,3.3,3.4,27	
-7.7,-7.6,0.8,0.9,3612	
-7.8,-7.7,-1.3,-1.2,1823	
-7.8,-7.7,-2.4,-2.3,205	
-7.8,-7.7,-3.5,-3.4,6	
-7.8,-7.7,-0.6,-0.5,3589	
-7.8,-7.7,1.2,1.3,1933	
-7.8,-7.7,2.3,2.4,283	
-7.8,-7.7,3.4,3.5,12	
-7.8,-7.7,0.7,0.8,3285	
-7.9,-7.8,-1.2,-1.1,1663	
-7.9,-7.8,-2.3,-2.2,207	
-7.9,-7.8,-3.4,-3.3,9	
-7.9,-7.8,-0.7,-0.6,2693	
-7.9,-7.8,1.3,1.4,1383	
-7.9,-7.8,2.4,2.5,195	
-7.9,-7.8,3.5,3.6,7	
-7.9,-7.8,0.6,0.7,2993	
-0.8,-0.7,-1.4,-1.3,6537	
-0.8,-0.7,-2.5,-2.4,17188	
-0.8,-0.7,-3.6,-3.5,16573	
-0.8,-0.7,-4.7,-4.6,11649	
-0.8,-0.7,-0.5,-0.4,3109	
-0.8,-0.7,-5.0,-4.9,13168	
-0.8,-0.7,-5.8,-5.7,16605	
-0.8,-0.7,-6.1,-6.0,16594	
-0.8,-0.7,-6.9,-6.8,10521	
-0.8,-0.7,-7.2,-7.1,7662	
-0.8,-0.7,-8.3,-8.2,1035	
-0.8,-0.7,-9.4,-9.3,35	
-0.8,-0.7,0.0,0.1,5600	
-0.8,-0.7,1.1,1.2,4648	
-0.8,-0.7,1.9,2.0,11213	
-0.8,-0.7,2.2,2.3,14477	
-0.8,-0.7,3.3,3.4,18506	
-0.8,-0.7,4.4,4.5,11665	
-0.8,-0.7,5.5,5.6,15660	
-0.8,-0.7,6.6,6.7,13555	
-0.8,-0.7,7.7,7.8,3728	
-0.8,-0.7,0.8,0.9,3584	
-0.8,-0.7,8.0,8.1,2018	
-0.8,-0.7,8.8,8.9,306	
-0.8,-0.7,9.1,9.2,125	
-0.8,-0.7,9.9,10.0,4	
-8.0,-7.9,-1.4,-1.3,1021	
-8.0,-7.9,-2.5,-2.4,114	
-8.0,-7.9,-3.6,-3.5,2	
-8.0,-7.9,-0.5,-0.4,2489	
-8.0,-7.9,0.0,0.1,5786	
-8.0,-7.9,1.1,1.2,1526	
-8.0,-7.9,1.9,2.0,447	
-8.0,-7.9,2.2,2.3,232	
-8.0,-7.9,3.3,3.4,8	
-8.0,-7.9,0.8,0.9,2080	
-8.1,-8.0,-1.3,-1.2,986	
-8.1,-8.0,-2.4,-2.3,102	
-8.1,-8.0,-3.5,-3.4,3	
-8.1,-8.0,-0.6,-0.5,1942	
-8.1,-8.0,1.2,1.3,1021	
-8.1,-8.0,2.3,2.4,148	
-8.1,-8.0,3.4,3.5,7	
-8.1,-8.0,0.7,0.8,1829	
-8.2,-8.1,-1.2,-1.1,950	
-8.2,-8.1,-2.3,-2.2,123	
-8.2,-8.1,-3.4,-3.3,6	
-8.2,-8.1,-0.7,-0.6,1401	
-8.2,-8.1,1.3,1.4,762	
-8.2,-8.1,2.4,2.5,94	
-8.2,-8.1,3.5,3.6,4	
-8.2,-8.1,0.6,0.7,1517	
-8.3,-8.2,-1.1,-1.0,810	
-8.3,-8.2,-1.9,-1.8,229	
-8.3,-8.2,-2.2,-2.1,126	
-8.3,-8.2,-3.3,-3.2,4	
-8.3,-8.2,-0.8,-0.7,1065	
-8.3,-8.2,1.4,1.5,497	
-8.3,-8.2,2.5,2.6,60	
-8.3,-8.2,3.6,3.7,2	
-8.3,-8.2,0.5,0.6,1290	
-8.4,-8.3,-0.1,0.0,1212	
-8.4,-8.3,-1.0,-0.9,713	
-8.4,-8.3,-1.8,-1.7,229	
-8.4,-8.3,-2.1,-2.0,128	
-8.4,-8.3,-2.9,-2.8,15	
-8.4,-8.3,-3.2,-3.1,8	
-8.4,-8.3,-0.9,-0.8,798	
-8.4,-8.3,1.5,1.6,338	
-8.4,-8.3,2.6,2.7,28	
-8.4,-8.3,3.7,3.8,1	
-8.4,-8.3,0.4,0.5,1083	
-8.5,-8.4,-1.7,-1.6,177	
-8.5,-8.4,-0.2,-0.1,866	
-8.5,-8.4,-2.0,-1.9,97	
-8.5,-8.4,-2.8,-2.7,19	
-8.5,-8.4,-3.1,-3.0,6	
-8.5,-8.4,-3.9,-3.8,1	
-8.5,-8.4,1.6,1.7,261	
-8.5,-8.4,2.7,2.8,25	
-8.5,-8.4,0.3,0.4,880	
-8.5,-8.4,3.0,3.1,4	
-8.5,-8.4,3.8,3.9,1	
-8.5,-8.4,4.1,4.2,2	
-8.6,-8.5,-1.6,-1.5,193	
-8.6,-8.5,-2.7,-2.6,18	
-8.6,-8.5,-0.3,-0.2,645	
-8.6,-8.5,-3.0,-2.9,8	
-8.6,-8.5,1.7,1.8,151	
-8.6,-8.5,0.2,0.3,728	
-8.6,-8.5,2.0,2.1,87	
-8.6,-8.5,2.8,2.9,12	
-8.6,-8.5,3.1,3.2,6	
-8.6,-8.5,3.9,4.0,2	
-8.7,-8.6,-1.5,-1.4,168	
-8.7,-8.6,-2.6,-2.5,11	
-8.7,-8.6,-3.7,-3.6,1	
-8.7,-8.6,-0.4,-0.3,540	
-8.7,-8.6,-4.0,-3.9,1	
-8.7,-8.6,0.1,0.2,546	
-8.7,-8.6,1.0,1.1,334	
-8.7,-8.6,1.8,1.9,101	
-8.7,-8.6,2.1,2.2,58	
-8.7,-8.6,2.9,3.0,5	
-8.7,-8.6,3.2,3.3,3	
-8.7,-8.6,0.9,1.0,328	
-8.8,-8.7,-1.4,-1.3,165	
-8.8,-8.7,-2.5,-2.4,21	
-8.8,-8.7,-0.5,-0.4,359	
-8.8,-8.7,0.0,0.1,841	
-8.8,-8.7,1.1,1.2,195	
-8.8,-8.7,1.9,2.0,67	
-8.8,-8.7,2.2,2.3,28	
-8.8,-8.7,3.3,3.4,2	
-8.8,-8.7,0.8,0.9,294	
-8.9,-8.8,-1.3,-1.2,143	
-8.9,-8.8,-2.4,-2.3,19	
-8.9,-8.8,-0.6,-0.5,248	
-8.9,-8.8,1.2,1.3,146	
-8.9,-8.8,2.3,2.4,22	
-8.9,-8.8,0.7,0.8,226	
-0.9,-0.8,-1.3,-1.2,5832	
-0.9,-0.8,-2.4,-2.3,15686	
-0.9,-0.8,-3.5,-3.4,16419	
-0.9,-0.8,-4.6,-4.5,10731	
-0.9,-0.8,-5.7,-5.6,15306	
-0.9,-0.8,-0.6,-0.5,3607	
-0.9,-0.8,-6.0,-5.9,15237	
-0.9,-0.8,-6.8,-6.7,10685	
-0.9,-0.8,-7.1,-7.0,7833	
-0.9,-0.8,-7.9,-7.8,2292	
-0.9,-0.8,-8.2,-8.1,1245	
-0.9,-0.8,-9.3,-9.2,63	
-0.9,-0.8,1.2,1.3,5070	
-0.9,-0.8,2.3,2.4,15018	
-0.9,-0.8,3.4,3.5,16886	
-0.9,-0.8,4.5,4.6,10753	
-0.9,-0.8,5.6,5.7,14690	
-0.9,-0.8,6.7,6.8,11465	
-0.9,-0.8,0.7,0.8,3707	
-0.9,-0.8,7.0,7.1,8671	
-0.9,-0.8,7.8,7.9,2718	
-0.9,-0.8,8.1,8.2,1485	
-0.9,-0.8,8.9,9.0,201	
-0.9,-0.8,9.2,9.3,70	
-9.0,-8.9,-1.5,-1.4,73	
-9.0,-8.9,-2.6,-2.5,6	
-9.0,-8.9,-0.4,-0.3,202	
-9.0,-8.9,0.1,0.2,215	
-9.0,-8.9,1.0,1.1,132	
-9.0,-8.9,1.8,1.9,31	
-9.0,-8.9,2.1,2.2,24	
-9.0,-8.9,2.9,3.0,2	
-9.0,-8.9,3.2,3.3,1	
-9.0,-8.9,0.9,1.0,153	
-9.1,-9.0,-1.4,-1.3,60	
-9.1,-9.0,-2.5,-2.4,13	
-9.1,-9.0,-0.5,-0.4,134	
-9.1,-9.0,0.0,0.1,300	
-9.1,-9.0,1.1,1.2,85	
-9.1,-9.0,1.9,2.0,30	
-9.1,-9.0,2.2,2.3,11	
-9.1,-9.0,3.3,3.4,1	
-9.1,-9.0,0.8,0.9,101	
-9.2,-9.1,-1.3,-1.2,50	
-9.2,-9.1,-2.4,-2.3,7	
-9.2,-9.1,-3.5,-3.4,1	
-9.2,-9.1,-0.6,-0.5,108	
-9.2,-9.1,1.2,1.3,53	
-9.2,-9.1,2.3,2.4,7	
-9.2,-9.1,0.7,0.8,87	
-9.3,-9.2,-1.2,-1.1,40	
-9.3,-9.2,-2.3,-2.2,5	
-9.3,-9.2,-0.7,-0.6,84	
-9.3,-9.2,1.3,1.4,38	
-9.3,-9.2,2.4,2.5,4	
-9.3,-9.2,0.6,0.7,76	
-9.4,-9.3,-1.1,-1.0,27	
-9.4,-9.3,-1.9,-1.8,4	
-9.4,-9.3,-2.2,-2.1,6	
-9.4,-9.3,-0.8,-0.7,51	
-9.4,-9.3,1.4,1.5,12	
-9.4,-9.3,2.5,2.6,1	
-9.4,-9.3,0.5,0.6,50	
-9.5,-9.4,-0.1,0.0,44	
-9.5,-9.4,-1.0,-0.9,35	
-9.5,-9.4,-1.8,-1.7,10	
-9.5,-9.4,-2.1,-2.0,1	
-9.5,-9.4,-3.2,-3.1,1	
-9.5,-9.4,-0.9,-0.8,19	
-9.5,-9.4,1.5,1.6,14	
-9.5,-9.4,2.6,2.7,2	
-9.5,-9.4,0.4,0.5,39	
-9.6,-9.5,-1.7,-1.6,6	
-9.6,-9.5,-0.2,-0.1,31	
-9.6,-9.5,-2.0,-1.9,6	
-9.6,-9.5,-2.8,-2.7,1	
-9.6,-9.5,1.6,1.7,7	
-9.6,-9.5,0.3,0.4,22	
-9.7,-9.6,-1.6,-1.5,7	
-9.7,-9.6,-2.7,-2.6,2	
-9.7,-9.6,-0.3,-0.2,12	
-9.7,-9.6,1.7,1.8,3	
-9.7,-9.6,0.2,0.3,18	
-9.7,-9.6,2.0,2.1,3	
-9.8,-9.7,-1.5,-1.4,2	
-9.8,-9.7,-0.4,-0.3,18	
-9.8,-9.7,0.1,0.2,14	
-9.8,-9.7,1.0,1.1,8	
-9.8,-9.7,1.8,1.9,3	
-9.8,-9.7,0.9,1.0,14	
-9.9,-9.8,-1.4,-1.3,4	
-9.9,-9.8,-0.5,-0.4,8	
-9.9,-9.8,0.0,0.1,18	
-9.9,-9.8,1.1,1.2,4	
-9.9,-9.8,1.9,2.0,4	
-9.9,-9.8,2.2,2.3,2	
-9.9,-9.8,0.8,0.9,7	
0.0,0.1,-1.1,-1.0,9450	
0.0,0.1,-1.9,-1.8,28252	
0.0,0.1,-2.2,-2.1,36877	
0.0,0.1,-3.3,-3.2,47236	
0.0,0.1,-4.4,-4.3,31509	
0.0,0.1,-5.5,-5.4,44962	
0.0,0.1,-6.6,-6.5,38479	
0.0,0.1,-7.7,-7.6,10416	
0.0,0.1,-0.8,-0.7,5572	
0.0,0.1,-8.0,-7.9,5859	
0.0,0.1,-8.8,-8.7,775	
0.0,0.1,-9.1,-9.0,343	
0.0,0.1,-9.9,-9.8,20	
0.0,0.1,10.4,10.5,2	
0.0,0.1,1.4,1.5,15290	
0.0,0.1,2.5,2.6,43914	
0.0,0.1,3.6,3.7,42340	
0.0,0.1,4.7,4.8,32288	
0.0,0.1,0.5,0.6,3447	
0.0,0.1,5.0,5.1,36148	
0.0,0.1,5.8,5.9,48214	
0.0,0.1,6.1,6.2,47653	
0.0,0.1,6.9,7.0,30340	
0.0,0.1,7.2,7.3,21982	
0.0,0.1,8.3,8.4,3142	
0.0,0.1,9.4,9.5,93	
0.1,0.2,-0.1,0.0,1202	
0.1,0.2,-1.0,-0.9,3935	
0.1,0.2,-10.0,-9.9,7	
0.1,0.2,-1.8,-1.7,12496	
0.1,0.2,-2.1,-2.0,16836	
0.1,0.2,-2.9,-2.8,24516	
0.1,0.2,-3.2,-3.1,24068	
0.1,0.2,-4.3,-4.2,15713	
0.1,0.2,-5.4,-5.3,21406	
0.1,0.2,-6.5,-6.4,20436	
0.1,0.2,-7.6,-7.5,6097	
0.1,0.2,-8.7,-8.6,524	
0.1,0.2,-0.9,-0.8,3350	
0.1,0.2,-9.0,-8.9,227	
0.1,0.2,-9.8,-9.7,16	
0.1,0.2,10.3,10.4,3	
0.1,0.2,1.5,1.6,8604	
0.1,0.2,2.6,2.7,22733	
0.1,0.2,3.7,3.8,20316	
0.1,0.2,0.4,0.5,1501	
0.1,0.2,4.0,4.1,17531	
0.1,0.2,4.8,4.9,16460	
0.1,0.2,5.1,5.2,18738	
0.1,0.2,5.9,6.0,23771	
0.1,0.2,6.2,6.3,23217	
0.1,0.2,7.3,7.4,9515	
0.1,0.2,8.4,8.5,1247	
0.1,0.2,9.5,9.6,41	
1.0,1.1,-0.1,0.0,3985	
1.0,1.1,-1.0,-0.9,4699	
1.0,1.1,-10.0,-9.9,4	
1.0,1.1,-1.8,-1.7,9548	
1.0,1.1,-2.1,-2.0,12358	
1.0,1.1,-2.9,-2.8,17488	
1.0,1.1,-3.2,-3.1,16849	
1.0,1.1,-4.3,-4.2,10540	
1.0,1.1,-5.4,-5.3,12752	
1.0,1.1,-6.5,-6.4,11968	
1.0,1.1,-7.6,-7.5,3499	
1.0,1.1,-8.7,-8.6,284	
1.0,1.1,-0.9,-0.8,4405	
1.0,1.1,-9.0,-8.9,138	
1.0,1.1,-9.8,-9.7,12	
1.0,1.1,10.3,10.4,3	
1.0,1.1,1.5,1.6,7202	
1.0,1.1,2.6,2.7,16475	
1.0,1.1,3.7,3.8,14270	
1.0,1.1,0.4,0.5,4017	
1.0,1.1,4.0,4.1,11805	
1.0,1.1,4.8,4.9,10419	
1.0,1.1,5.1,5.2,11271	
1.0,1.1,5.9,6.0,13792	
1.0,1.1,6.2,6.3,13257	
1.0,1.1,7.3,7.4,5551	
1.0,1.1,8.4,8.5,684	
1.0,1.1,9.5,9.6,24	
10.0,10.1,-0.1,0.0,5	
10.0,10.1,-1.0,-0.9,6	
10.0,10.1,-1.8,-1.7,1	
10.0,10.1,-0.9,-0.8,6	
10.0,10.1,1.5,1.6,1	
10.0,10.1,2.6,2.7,1	
10.0,10.1,0.4,0.5,7	
10.1,10.2,-0.2,-0.1,3	
10.1,10.2,-2.0,-1.9,1	
10.1,10.2,1.6,1.7,1	
10.1,10.2,2.7,2.8,1	
10.1,10.2,0.3,0.4,4	
10.2,10.3,-1.6,-1.5,1	
10.2,10.3,0.2,0.3,3	
10.3,10.4,-1.5,-1.4,1	
10.3,10.4,-0.4,-0.3,3	
10.3,10.4,0.1,0.2,2	
10.3,10.4,1.8,1.9,1	
10.3,10.4,0.9,1.0,1	
10.4,10.5,-0.5,-0.4,1	
10.4,10.5,0.0,0.1,1	
10.4,10.5,1.1,1.2,2	
10.5,10.6,0.7,0.8,1	
10.6,10.7,-0.7,-0.6,1	
10.6,10.7,1.3,1.4,1	
10.6,10.7,0.6,0.7,1	
10.8,10.9,-0.1,0.0,1	
1.1,1.2,-10.1,-10.0,3	
1.1,1.2,-1.7,-1.6,8534	
1.1,1.2,-0.2,-0.1,4678	
1.1,1.2,-2.0,-1.9,11129	
1.1,1.2,-2.8,-2.7,16368	
1.1,1.2,-3.1,-3.0,16876	
1.1,1.2,-3.9,-3.8,11973	
1.1,1.2,-4.2,-4.1,10294	
1.1,1.2,-5.3,-5.2,11181	
1.1,1.2,-6.4,-6.3,11294	
1.1,1.2,-7.5,-7.4,3784	
1.1,1.2,-8.6,-8.5,383	
1.1,1.2,-9.7,-9.6,18	
1.1,1.2,10.2,10.3,1	
1.1,1.2,1.6,1.7,7679	
1.1,1.2,2.7,2.8,16281	
1.1,1.2,0.3,0.4,4731	
1.1,1.2,3.0,3.1,16581	
1.1,1.2,3.8,3.9,12707	
1.1,1.2,4.1,4.2,10913	
1.1,1.2,4.9,5.0,9664	
1.1,1.2,5.2,5.3,10610	
1.1,1.2,6.3,6.4,11740	
1.1,1.2,7.4,7.5,4336	
1.1,1.2,8.5,8.6,459	
1.1,1.2,9.6,9.7,14	
1.2,1.3,-10.2,-10.1,4	
1.2,1.3,-1.6,-1.5,7678	
1.2,1.3,-2.7,-2.6,15738	
1.2,1.3,-0.3,-0.2,5513	
1.2,1.3,-3.0,-2.9,16457	
1.2,1.3,-3.8,-3.7,12307	
1.2,1.3,-4.1,-4.0,10368	
1.2,1.3,-4.9,-4.8,8678	
1.2,1.3,-5.2,-5.1,9565	
1.2,1.3,-6.3,-6.2,10483	
1.2,1.3,-7.4,-7.3,3804	
1.2,1.3,-8.5,-8.4,436	
1.2,1.3,-9.6,-9.5,12	
1.2,1.3,1.7,1.8,8526	
1.2,1.3,0.2,0.3,5294	
1.2,1.3,2.0,2.1,10796	
1.2,1.3,2.8,2.9,15981	
1.2,1.3,3.1,3.2,16014	
1.2,1.3,3.9,4.0,11796	
1.2,1.3,4.2,4.3,9640	
1.2,1.3,5.3,5.4,9863	
1.2,1.3,6.4,6.5,9737	
1.2,1.3,7.5,7.6,3295	
1.2,1.3,8.6,8.7,311	
1.2,1.3,9.7,9.8,11	
1.3,1.4,-10.3,-10.2,1	
1.3,1.4,-1.5,-1.4,7311	
1.3,1.4,-2.6,-2.5,14929	
1.3,1.4,-3.7,-3.6,12656	
1.3,1.4,-0.4,-0.3,6266	
1.3,1.4,-4.0,-3.9,10421	
1.3,1.4,-4.8,-4.7,7685	
1.3,1.4,-5.1,-5.0,8207	
1.3,1.4,-5.9,-5.8,9718	
1.3,1.4,-6.2,-6.1,9624	
1.3,1.4,-7.3,-7.2,3832	
1.3,1.4,-8.4,-8.3,476	
1.3,1.4,-9.5,-9.4,15	
1.3,1.4,0.1,0.2,6497	
1.3,1.4,1.0,1.1,5833	
1.3,1.4,10.0,10.1,2	
1.3,1.4,1.8,1.9,9238	
1.3,1.4,2.1,2.2,11665	
1.3,1.4,2.9,3.0,15981	
1.3,1.4,3.2,3.3,15240	
1.3,1.4,4.3,4.4,8808	
1.3,1.4,5.4,5.5,9003	
1.3,1.4,6.5,6.6,8195	
1.3,1.4,7.6,7.7,2378	
1.3,1.4,8.7,8.8,229	
1.3,1.4,0.9,1.0,5886	
1.3,1.4,9.0,9.1,83	
1.3,1.4,9.8,9.9,5	
1.4,1.5,-1.4,-1.3,7195	
1.4,1.5,-2.5,-2.4,14327	
1.4,1.5,-3.6,-3.5,13164	
1.4,1.5,-4.7,-4.6,7263	
1.4,1.5,-0.5,-0.4,6992	
1.4,1.5,-5.0,-4.9,7356	
1.4,1.5,-5.8,-5.7,8377	
1.4,1.5,-6.1,-6.0,8336	
1.4,1.5,-6.9,-6.8,5260	
1.4,1.5,-7.2,-7.1,3796	
1.4,1.5,-8.3,-8.2,527	
1.4,1.5,-9.4,-9.3,18	
1.4,1.5,0.0,0.1,15065	
1.4,1.5,10.7,10.8,1	
1.4,1.5,1.1,1.2,6528	
1.4,1.5,1.9,2.0,10074	
1.4,1.5,2.2,2.3,12211	
1.4,1.5,3.3,3.4,14886	
1.4,1.5,4.4,4.5,8034	
1.4,1.5,5.5,5.6,8014	
1.4,1.5,6.6,6.7,6824	
1.4,1.5,7.7,7.8,1811	
1.4,1.5,0.8,0.9,6568	
1.4,1.5,8.0,8.1,974	
1.4,1.5,8.8,8.9,156	
1.4,1.5,9.1,9.2,57	
1.4,1.5,9.9,10.0,4	
1.5,1.6,-1.3,-1.2,7349	
1.5,1.6,-2.4,-2.3,13927	
1.5,1.6,-3.5,-3.4,13615	
1.5,1.6,-4.6,-4.5,6793	
1.5,1.6,-5.7,-5.6,7466	
1.5,1.6,-0.6,-0.5,7571	
1.5,1.6,-6.0,-5.9,7404	
1.5,1.6,-6.8,-6.7,5034	
1.5,1.6,-7.1,-7.0,3731	
1.5,1.6,-7.9,-7.8,1085	
1.5,1.6,-8.2,-8.1,576	
1.5,1.6,-9.3,-9.2,20	
1.5,1.6,1.2,1.3,7072	
1.5,1.6,2.3,2.4,13222	
1.5,1.6,3.4,3.5,14405	
1.5,1.6,4.5,4.6,7174	
1.5,1.6,5.6,5.7,7200	
1.5,1.6,6.7,6.8,5395	
1.5,1.6,0.7,0.8,7661	
1.5,1.6,7.0,7.1,4148	
1.5,1.6,7.8,7.9,1330	
1.5,1.6,8.1,8.2,714	
1.5,1.6,8.9,9.0,97	
1.5,1.6,9.2,9.3,30	
1.6,1.7,-1.2,-1.1,7997	
1.6,1.7,-2.3,-2.2,13281	
1.6,1.7,-3.4,-3.3,14372	
1.6,1.7,-4.5,-4.4,6843	
1.6,1.7,-5.6,-5.5,6169	
1.6,1.7,-6.7,-6.6,4705	
1.6,1.7,-0.7,-0.6,8398	
1.6,1.7,-7.0,-6.9,3503	
1.6,1.7,-7.8,-7.7,1083	
1.6,1.7,-8.1,-8.0,616	
1.6,1.7,-8.9,-8.8,98	
1.6,1.7,-9.2,-9.1,38	
1.6,1.7,1.3,1.4,7808	
1.6,1.7,2.4,2.5,13857	
1.6,1.7,3.5,3.6,13802	
1.6,1.7,4.6,4.7,6419	
1.6,1.7,5.7,5.8,6217	
1.6,1.7,0.6,0.7,8749	
1.6,1.7,6.0,6.1,6067	
1.6,1.7,6.8,6.9,4224	
1.6,1.7,7.1,7.2,3151	
1.6,1.7,7.9,8.0,902	
1.6,1.7,8.2,8.3,485	
1.6,1.7,9.3,9.4,24	
1.7,1.8,-1.1,-1.0,8609	
1.7,1.8,-1.9,-1.8,11037	
1.7,1.8,-2.2,-2.1,13171	
1.7,1.8,-3.3,-3.2,15287	
1.7,1.8,-4.4,-4.3,7207	
1.7,1.8,-5.5,-5.4,5270	
1.7,1.8,-6.6,-6.5,4210	
1.7,1.8,-7.7,-7.6,1140	
1.7,1.8,-0.8,-0.7,9263	
1.7,1.8,-8.0,-7.9,644	
1.7,1.8,-8.8,-8.7,85	
1.7,1.8,-9.1,-9.0,35	
1.7,1.8,1.4,1.5,8580	
1.7,1.8,2.5,2.6,15035	
1.7,1.8,3.6,3.7,13427	
1.7,1.8,4.7,4.8,5859	
1.7,1.8,0.5,0.6,10196	
1.7,1.8,5.0,5.1,5201	
1.7,1.8,5.8,5.9,5381	
1.7,1.8,6.1,6.2,5229	
1.7,1.8,6.9,7.0,3259	
1.7,1.8,7.2,7.3,2345	
1.7,1.8,8.3,8.4,339	
1.7,1.8,9.4,9.5,9	
1.8,1.9,-0.1,0.0,12573	
1.8,1.9,-1.0,-0.9,9663	
1.8,1.9,-10.0,-9.9,1	
1.8,1.9,-1.8,-1.7,10699	
1.8,1.9,-2.1,-2.0,12712	
1.8,1.9,-2.9,-2.8,16866	
1.8,1.9,-3.2,-3.1,16211	
1.8,1.9,-4.3,-4.2,7663	
1.8,1.9,-5.4,-5.3,4603	
1.8,1.9,-6.5,-6.4,3749	
1.8,1.9,-7.6,-7.5,1103	
1.8,1.9,-8.7,-8.6,92	
1.8,1.9,-0.9,-0.8,10119	
1.8,1.9,-9.0,-8.9,47	
1.8,1.9,-9.8,-9.7,2	
1.8,1.9,1.5,1.6,9405	
1.8,1.9,2.6,2.7,16102	
1.8,1.9,3.7,3.8,13057	
1.8,1.9,0.4,0.5,12108	
1.8,1.9,4.0,4.1,10290	
1.8,1.9,4.8,4.9,5250	
1.8,1.9,5.1,5.2,4669	
1.8,1.9,5.9,6.0,4664	
1.8,1.9,6.2,6.3,4291	
1.8,1.9,7.3,7.4,1720	
1.8,1.9,8.4,8.5,219	
1.8,1.9,9.5,9.6,12	
1.9,2.0,-1.7,-1.6,10812	
1.9,2.0,-0.2,-0.1,13866	
1.9,2.0,-2.0,-1.9,12797	
1.9,2.0,-2.8,-2.7,17344	
1.9,2.0,-3.1,-3.0,17487	
1.9,2.0,-3.9,-3.8,11343	
1.9,2.0,-4.2,-4.1,8730	
1.9,2.0,-5.3,-5.2,3917	
1.9,2.0,-6.4,-6.3,3240	
1.9,2.0,-7.5,-7.4,1089	
1.9,2.0,-8.6,-8.5,118	
1.9,2.0,-9.7,-9.6,7	
1.9,2.0,1.6,1.7,10523	
1.9,2.0,2.7,2.8,17242	
1.9,2.0,0.3,0.4,13401	
1.9,2.0,3.0,3.1,17492	
1.9,2.0,3.8,3.9,12601	
1.9,2.0,4.1,4.2,9810	
1.9,2.0,4.9,5.0,4764	
1.9,2.0,5.2,5.3,4075	
1.9,2.0,6.3,6.4,3419	
1.9,2.0,7.4,7.5,1209	
1.9,2.0,8.5,8.6,153	
0.2,0.3,-10.1,-10.0,2	
0.2,0.3,-1.7,-1.6,11122	
0.2,0.3,-0.2,-0.1,1298	
0.2,0.3,-2.0,-1.9,15174	
0.2,0.3,-2.8,-2.7,23766	
0.2,0.3,-3.1,-3.0,23600	
0.2,0.3,-3.9,-3.8,17956	
0.2,0.3,-4.2,-4.1,15882	
0.2,0.3,-5.3,-5.2,20210	
0.2,0.3,-6.4,-6.3,21031	
0.2,0.3,-7.5,-7.4,6920	
0.2,0.3,-8.6,-8.5,673	
0.2,0.3,-9.7,-9.6,20	
0.2,0.3,10.2,10.3,2	
0.2,0.3,1.6,1.7,9621	
0.2,0.3,2.7,2.8,23320	
0.2,0.3,0.3,0.4,1478	
0.2,0.3,3.0,3.1,24140	
0.2,0.3,3.8,3.9,18979	
0.2,0.3,4.1,4.2,16585	
0.2,0.3,4.9,5.0,16807	
0.2,0.3,5.2,5.3,19194	
0.2,0.3,6.3,6.4,21712	
0.2,0.3,7.4,7.5,8056	
0.2,0.3,8.5,8.6,901	
0.2,0.3,9.6,9.7,31	
2.0,2.1,-1.1,-1.0,11102	
2.0,2.1,-1.9,-1.8,12656	
2.0,2.1,-2.2,-2.1,14795	
2.0,2.1,-3.3,-3.2,17146	
2.0,2.1,-4.4,-4.3,7237	
2.0,2.1,-5.5,-5.4,3346	
2.0,2.1,-6.6,-6.5,2390	
2.0,2.1,-7.7,-7.6,617	
2.0,2.1,-0.8,-0.7,12336	
2.0,2.1,-8.0,-7.9,348	
2.0,2.1,-8.8,-8.7,43	
2.0,2.1,-9.1,-9.0,14	
2.0,2.1,-9.9,-9.8,1	
2.0,2.1,1.4,1.5,10697	
2.0,2.1,2.5,2.6,17070	
2.0,2.1,3.6,3.7,14977	
2.0,2.1,4.7,4.8,5328	
2.0,2.1,0.5,0.6,13935	
2.0,2.1,5.0,5.1,3998	
2.0,2.1,5.8,5.9,3177	
2.0,2.1,6.1,6.2,2939	
2.0,2.1,6.9,7.0,1963	
2.0,2.1,7.2,7.3,1337	
2.0,2.1,8.3,8.4,228	
2.0,2.1,9.4,9.5,10	
2.1,2.2,-0.1,0.0,16869	
2.1,2.2,-1.0,-0.9,12547	
2.1,2.2,-10.0,-9.9,1	
2.1,2.2,-1.8,-1.7,12828	
2.1,2.2,-2.1,-2.0,14976	
2.1,2.2,-2.9,-2.8,19327	
2.1,2.2,-3.2,-3.1,18601	
2.1,2.2,-4.3,-4.2,8370	
2.1,2.2,-5.4,-5.3,2987	
2.1,2.2,-6.5,-6.4,2020	
2.1,2.2,-7.6,-7.5,626	
2.1,2.2,-8.7,-8.6,50	
2.1,2.2,-0.9,-0.8,12974	
2.1,2.2,-9.0,-8.9,20	
2.1,2.2,1.5,1.6,11739	
2.1,2.2,2.6,2.7,18295	
2.1,2.2,3.7,3.8,14566	
2.1,2.2,0.4,0.5,15811	
2.1,2.2,4.0,4.1,11305	
2.1,2.2,4.8,4.9,4771	
2.1,2.2,5.1,5.2,3652	
2.1,2.2,5.9,6.0,2556	
2.1,2.2,6.2,6.3,2421	
2.1,2.2,7.3,7.4,971	
2.1,2.2,8.4,8.5,117	
2.1,2.2,9.5,9.6,3	
2.2,2.3,-1.7,-1.6,12925	
2.2,2.3,-0.2,-0.1,18351	
2.2,2.3,-2.0,-1.9,15024	
2.2,2.3,-2.8,-2.7,20015	
2.2,2.3,-3.1,-3.0,20078	
2.2,2.3,-3.9,-3.8,12894	
2.2,2.3,-4.2,-4.1,9636	
2.2,2.3,-5.3,-5.2,2896	
2.2,2.3,-6.4,-6.3,1796	
2.2,2.3,-7.5,-7.4,594	
2.2,2.3,-8.6,-8.5,72	
2.2,2.3,-9.7,-9.6,2	
2.2,2.3,1.6,1.7,12670	
2.2,2.3,2.7,2.8,19579	
2.2,2.3,0.3,0.4,17673	
2.2,2.3,3.0,3.1,20076	
2.2,2.3,3.8,3.9,13963	
2.2,2.3,4.1,4.2,10555	
2.2,2.3,4.9,5.0,4097	
2.2,2.3,5.2,5.3,3182	
2.2,2.3,6.3,6.4,1803	
2.2,2.3,7.4,7.5,645	
2.2,2.3,8.5,8.6,69	
2.2,2.3,9.6,9.7,6	
2.3,2.4,-1.6,-1.5,13318	
2.3,2.4,-2.7,-2.6,20694	
2.3,2.4,-0.3,-0.2,18748	
2.3,2.4,-3.0,-2.9,20911	
2.3,2.4,-3.8,-3.7,14652	
2.3,2.4,-4.1,-4.0,11053	
2.3,2.4,-4.9,-4.8,4011	
2.3,2.4,-5.2,-5.1,2878	
2.3,2.4,-6.3,-6.2,1449	
2.3,2.4,-7.4,-7.3,520	
2.3,2.4,-8.5,-8.4,63	
2.3,2.4,-9.6,-9.5,1	
2.3,2.4,1.7,1.8,13841	
2.3,2.4,0.2,0.3,19289	
2.3,2.4,2.0,2.1,15548	
2.3,2.4,2.8,2.9,20891	
2.3,2.4,3.1,3.2,20987	
2.3,2.4,3.9,4.0,13412	
2.3,2.4,4.2,4.3,9813	
2.3,2.4,5.3,5.4,2629	
2.3,2.4,6.4,6.5,1379	
2.3,2.4,7.5,7.6,462	
2.3,2.4,8.6,8.7,41	
2.4,2.5,-10.3,-10.2,1	
2.4,2.5,-1.5,-1.4,13793	
2.4,2.5,-2.6,-2.5,20910	
2.4,2.5,-3.7,-3.6,16563	
2.4,2.5,-0.4,-0.3,19569	
2.4,2.5,-4.0,-3.9,12802	
2.4,2.5,-4.8,-4.7,4667	
2.4,2.5,-5.1,-5.0,2996	
2.4,2.5,-5.9,-5.8,1495	
2.4,2.5,-6.2,-6.1,1288	
2.4,2.5,-7.3,-7.2,462	
2.4,2.5,-8.4,-8.3,47	
2.4,2.5,-9.5,-9.4,1	
2.4,2.5,0.1,0.2,20778	
2.4,2.5,1.0,1.1,15102	
2.4,2.5,10.0,10.1,1	
2.4,2.5,1.8,1.9,15016	
2.4,2.5,2.1,2.2,17321	
2.4,2.5,2.9,3.0,22004	
2.4,2.5,3.2,3.3,21075	
2.4,2.5,4.3,4.4,9108	
2.4,2.5,5.4,5.5,2112	
2.4,2.5,6.5,6.6,1028	
2.4,2.5,7.6,7.7,338	
2.4,2.5,8.7,8.8,31	
2.4,2.5,0.9,1.0,15675	
2.4,2.5,9.0,9.1,6	
2.4,2.5,9.8,9.9,1	
2.5,2.6,-1.4,-1.3,14339	
2.5,2.6,-2.5,-2.4,21133	
2.5,2.6,-3.6,-3.5,18451	
2.5,2.6,-4.7,-4.6,5390	
2.5,2.6,-0.5,-0.4,19731	
2.5,2.6,-5.0,-4.9,3312	
2.5,2.6,-5.8,-5.7,1264	
2.5,2.6,-6.1,-6.0,1043	
2.5,2.6,-6.9,-6.8,611	
2.5,2.6,-7.2,-7.1,453	
2.5,2.6,-8.3,-8.2,48	
2.5,2.6,-9.4,-9.3,7	
2.5,2.6,0.0,0.1,44131	
2.5,2.6,1.1,1.2,15286	
2.5,2.6,1.9,2.0,16202	
2.5,2.6,2.2,2.3,18577	
2.5,2.6,3.3,3.4,21342	
2.5,2.6,4.4,4.5,8188	
2.5,2.6,5.5,5.6,1712	
2.5,2.6,6.6,6.7,775	
2.5,2.6,7.7,7.8,236	
2.5,2.6,0.8,0.9,17492	
2.5,2.6,8.0,8.1,99	
2.5,2.6,8.8,8.9,7	
2.5,2.6,9.1,9.2,12	
2.5,2.6,9.9,10.0,1	
2.6,2.7,-1.3,-1.2,15166	
2.6,2.7,-2.4,-2.3,21250	
2.6,2.7,-3.5,-3.4,20114	
2.6,2.7,-4.6,-4.5,6197	
2.6,2.7,-5.7,-5.6,1225	
2.6,2.7,-0.6,-0.5,19704	
2.6,2.7,-6.0,-5.9,928	
2.6,2.7,-6.8,-6.7,521	
2.6,2.7,-7.1,-7.0,356	
2.6,2.7,-7.9,-7.8,108	
2.6,2.7,-8.2,-8.1,63	
2.6,2.7,-9.3,-9.2,2	
2.6,2.7,1.2,1.3,15206	
2.6,2.7,2.3,2.4,20162	
2.6,2.7,3.4,3.5,20959	
2.6,2.7,4.5,4.6,7244	
2.6,2.7,5.6,5.7,1372	
2.6,2.7,6.7,6.8,602	
2.6,2.7,0.7,0.8,18921	
2.6,2.7,7.0,7.1,440	
2.6,2.7,7.8,7.9,133	
2.6,2.7,8.1,8.2,79	
2.6,2.7,8.9,9.0,10	
2.6,2.7,9.2,9.3,3	
2.7,2.8,-1.2,-1.1,15747	
2.7,2.8,-2.3,-2.2,20565	
2.7,2.8,-3.4,-3.3,21701	
2.7,2.8,-4.5,-4.4,7384	
2.7,2.8,-5.6,-5.5,1231	
2.7,2.8,-6.7,-6.6,386	
2.7,2.8,-0.7,-0.6,19365	
2.7,2.8,-7.0,-6.9,302	
2.7,2.8,-7.8,-7.7,106	
2.7,2.8,-8.1,-8.0,49	
2.7,2.8,-8.9,-8.8,7	
2.7,2.8,-9.2,-9.1,3	
2.7,2.8,1.3,1.4,15470	
2.7,2.8,2.4,2.5,21666	
2.7,2.8,3.5,3.6,20365	
2.7,2.8,4.6,4.7,6244	
2.7,2.8,5.7,5.8,1072	
2.7,2.8,0.6,0.7,20179	
2.7,2.8,6.0,6.1,785	
2.7,2.8,6.8,6.9,375	
2.7,2.8,7.1,7.2,290	
2.7,2.8,7.9,8.0,85	
2.7,2.8,8.2,8.3,47	
2.7,2.8,9.3,9.4,2	
2.8,2.9,-1.1,-1.0,16556	
2.8,2.9,-1.9,-1.8,17492	
2.8,2.9,-2.2,-2.1,20061	
2.8,2.9,-3.3,-3.2,22450	
2.8,2.9,-4.4,-4.3,8574	
2.8,2.9,-5.5,-5.4,1270	
2.8,2.9,-6.6,-6.5,351	
2.8,2.9,-7.7,-7.6,94	
2.8,2.9,-0.8,-0.7,18863	
2.8,2.9,-8.0,-7.9,70	
2.8,2.9,-8.8,-8.7,6	
2.8,2.9,-9.1,-9.0,1	
2.8,2.9,-9.9,-9.8,1	
2.8,2.9,1.4,1.5,15472	
2.8,2.9,2.5,2.6,22410	
2.8,2.9,3.6,3.7,19414	
2.8,2.9,4.7,4.8,5371	
2.8,2.9,0.5,0.6,21725	
2.8,2.9,5.0,5.1,3232	
2.8,2.9,5.8,5.9,777	
2.8,2.9,6.1,6.2,533	
2.8,2.9,6.9,7.0,267	
2.8,2.9,7.2,7.3,173	
2.8,2.9,8.3,8.4,25	
2.8,2.9,9.4,9.5,2	
2.9,3.0,-0.1,0.0,24507	
2.9,3.0,-1.0,-0.9,17496	
2.9,3.0,-1.8,-1.7,16651	
2.9,3.0,-2.1,-2.0,19267	
2.9,3.0,-2.9,-2.8,24543	
2.9,3.0,-3.2,-3.1,23551	
2.9,3.0,-4.3,-4.2,9920	
2.9,3.0,-5.4,-5.3,1426	
2.9,3.0,-6.5,-6.4,307	
2.9,3.0,-7.6,-7.5,74	
2.9,3.0,-8.7,-8.6,8	
2.9,3.0,-0.9,-0.8,18239	
2.9,3.0,-9.0,-8.9,4	
2.9,3.0,1.5,1.6,15893	
2.9,3.0,2.6,2.7,23475	
2.9,3.0,3.7,3.8,18456	
2.9,3.0,0.4,0.5,22793	
2.9,3.0,4.0,4.1,13725	
2.9,3.0,4.8,4.9,4553	
2.9,3.0,5.1,5.2,2580	
2.9,3.0,5.9,6.0,634	
2.9,3.0,6.2,6.3,434	
2.9,3.0,7.3,7.4,134	
2.9,3.0,8.4,8.5,17	
2.9,3.0,9.5,9.6,2	
0.3,0.4,-10.2,-10.1,1	
0.3,0.4,-1.6,-1.5,9701	
0.3,0.4,-2.7,-2.6,22526	
0.3,0.4,-0.3,-0.2,1499	
0.3,0.4,-3.0,-2.9,23349	
0.3,0.4,-3.8,-3.7,18718	
0.3,0.4,-4.1,-4.0,16038	
0.3,0.4,-4.9,-4.8,16622	
0.3,0.4,-5.2,-5.1,18882	
0.3,0.4,-6.3,-6.2,21434	
0.3,0.4,-7.4,-7.3,7974	
0.3,0.4,-8.5,-8.4,829	
0.3,0.4,-9.6,-9.5,30	
0.3,0.4,10.1,10.2,3	
0.3,0.4,1.7,1.8,10755	
0.3,0.4,0.2,0.3,1426	
0.3,0.4,2.0,2.1,14968	
0.3,0.4,2.8,2.9,23062	
0.3,0.4,3.1,3.2,23235	
0.3,0.4,3.9,4.0,17635	
0.3,0.4,4.2,4.3,15383	
0.3,0.4,5.3,5.4,19737	
0.3,0.4,6.4,6.5,20443	
0.3,0.4,7.5,7.6,6721	
0.3,0.4,8.6,8.7,694	
0.3,0.4,9.7,9.8,24	
3.0,3.1,-1.2,-1.1,16253	
3.0,3.1,-2.3,-2.2,21036	
3.0,3.1,-3.4,-3.3,21836	
3.0,3.1,-4.5,-4.4,7326	
3.0,3.1,-5.6,-5.5,918	
3.0,3.1,-6.7,-6.6,195	
3.0,3.1,-0.7,-0.6,20054	
3.0,3.1,-7.0,-6.9,148	
3.0,3.1,-7.8,-7.7,45	
3.0,3.1,-8.1,-8.0,29	
3.0,3.1,-8.9,-8.8,3	
3.0,3.1,-9.2,-9.1,2	
3.0,3.1,1.3,1.4,15665	
3.0,3.1,2.4,2.5,21964	
3.0,3.1,3.5,3.6,20812	
3.0,3.1,4.6,4.7,6378	
3.0,3.1,5.7,5.8,762	
3.0,3.1,0.6,0.7,21116	
3.0,3.1,6.0,6.1,446	
3.0,3.1,6.8,6.9,180	
3.0,3.1,7.1,7.2,124	
3.0,3.1,7.9,8.0,35	
3.0,3.1,8.2,8.3,25	
3.0,3.1,9.3,9.4,1	
3.1,3.2,-1.1,-1.0,16836	
3.1,3.2,-1.9,-1.8,17282	
3.1,3.2,-2.2,-2.1,19851	
3.1,3.2,-3.3,-3.2,22388	
3.1,3.2,-4.4,-4.3,8263	
3.1,3.2,-5.5,-5.4,1010	
3.1,3.2,-6.6,-6.5,131	
3.1,3.2,-7.7,-7.6,36	
3.1,3.2,-0.8,-0.7,19083	
3.1,3.2,-8.0,-7.9,28	
3.1,3.2,-8.8,-8.7,4	
3.1,3.2,-9.1,-9.0,2	
3.1,3.2,1.4,1.5,15708	
3.1,3.2,2.5,2.6,22287	
3.1,3.2,3.6,3.7,19465	
3.1,3.2,4.7,4.8,5281	
3.1,3.2,0.5,0.6,21828	
3.1,3.2,5.0,5.1,2966	
3.1,3.2,5.8,5.9,580	
3.1,3.2,6.1,6.2,376	
3.1,3.2,6.9,7.0,119	
3.1,3.2,7.2,7.3,76	
3.1,3.2,8.3,8.4,10	
3.2,3.3,-0.1,0.0,24206	
3.2,3.3,-1.0,-0.9,17065	
3.2,3.3,-1.8,-1.7,16304	
3.2,3.3,-2.1,-2.0,18707	
3.2,3.3,-2.9,-2.8,23658	
3.2,3.3,-3.2,-3.1,22635	
3.2,3.3,-4.3,-4.2,9414	
3.2,3.3,-5.4,-5.3,1297	
3.2,3.3,-6.5,-6.4,148	
3.2,3.3,-7.6,-7.5,23	
3.2,3.3,-8.7,-8.6,1	
3.2,3.3,-0.9,-0.8,18108	
3.2,3.3,-9.0,-8.9,5	
3.2,3.3,1.5,1.6,14921	
3.2,3.3,2.6,2.7,22527	
3.2,3.3,3.7,3.8,17312	
3.2,3.3,0.4,0.5,22530	
3.2,3.3,4.0,4.1,13410	
3.2,3.3,4.8,4.9,4332	
3.2,3.3,5.1,5.2,2446	
3.2,3.3,5.9,6.0,425	
3.2,3.3,6.2,6.3,248	
3.2,3.3,7.3,7.4,51	
3.2,3.3,8.4,8.5,4	
3.3,3.4,-1.7,-1.6,15359	
3.3,3.4,-0.2,-0.1,23045	
3.3,3.4,-2.0,-1.9,17314	
3.3,3.4,-2.8,-2.7,22284	
3.3,3.4,-3.1,-3.0,22216	
3.3,3.4,-3.9,-3.8,14374	
3.3,3.4,-4.2,-4.1,10522	
3.3,3.4,-5.3,-5.2,1502	
3.3,3.4,-6.4,-6.3,148	
3.3,3.4,-7.5,-7.4,22	
3.3,3.4,1.6,1.7,14947	
3.3,3.4,2.7,2.8,22438	
3.3,3.4,0.3,0.4,22627	
3.3,3.4,3.0,3.1,22544	
3.3,3.4,3.8,3.9,15918	
3.3,3.4,4.1,4.2,11328	
3.3,3.4,4.9,5.0,3399	
3.3,3.4,5.2,5.3,1811	
3.3,3.4,6.3,6.4,151	
3.3,3.4,7.4,7.5,28	
3.3,3.4,8.5,8.6,4	
3.4,3.5,-1.6,-1.5,14458	
3.4,3.5,-2.7,-2.6,21597	
3.4,3.5,-0.3,-0.2,22105	
3.4,3.5,-3.0,-2.9,21930	
3.4,3.5,-3.8,-3.7,15084	
3.4,3.5,-4.1,-4.0,11197	
3.4,3.5,-4.9,-4.8,3260	
3.4,3.5,-5.2,-5.1,1772	
3.4,3.5,-6.3,-6.2,111	
3.4,3.5,-7.4,-7.3,21	
3.4,3.5,-8.5,-8.4,1	
3.4,3.5,1.7,1.8,14924	
3.4,3.5,0.2,0.3,22527	
3.4,3.5,2.0,2.1,16533	
3.4,3.5,2.8,2.9,21810	
3.4,3.5,3.1,3.2,21787	
3.4,3.5,3.9,4.0,13676	
3.4,3.5,4.2,4.3,9929	
3.4,3.5,5.3,5.4,1392	
3.4,3.5,6.4,6.5,111	
3.4,3.5,7.5,7.6,23	
3.4,3.5,8.6,8.7,2	
3.5,3.6,-1.5,-1.4,13676	
3.5,3.6,-2.6,-2.5,20068	
3.5,3.6,-3.7,-3.6,15627	
3.5,3.6,-0.4,-0.3,20647	
3.5,3.6,-4.0,-3.9,11857	
3.5,3.6,-4.8,-4.7,3631	
3.5,3.6,-5.1,-5.0,2015	
3.5,3.6,-5.9,-5.8,294	
3.5,3.6,-6.2,-6.1,127	
3.5,3.6,-7.3,-7.2,17	
3.5,3.6,-8.4,-8.3,5	
3.5,3.6,-9.5,-9.4,1	
3.5,3.6,0.1,0.2,21779	
3.5,3.6,1.0,1.1,15530	
3.5,3.6,1.8,1.9,14714	
3.5,3.6,2.1,2.2,16569	
3.5,3.6,2.9,3.0,20584	
3.5,3.6,3.2,3.3,20013	
3.5,3.6,4.3,4.4,8352	
3.5,3.6,5.4,5.5,1098	
3.5,3.6,6.5,6.6,72	
3.5,3.6,7.6,7.7,16	
3.5,3.6,8.7,8.8,1	
3.5,3.6,0.9,1.0,16389	
3.6,3.7,-1.4,-1.3,13042	
3.6,3.7,-2.5,-2.4,18305	
3.6,3.7,-3.6,-3.5,15650	
3.6,3.7,-4.7,-4.6,4242	
3.6,3.7,-0.5,-0.4,19231	
3.6,3.7,-5.0,-4.9,2351	
3.6,3.7,-5.8,-5.7,382	
3.6,3.7,-6.1,-6.0,156	
3.6,3.7,-6.9,-6.8,20	
3.6,3.7,-7.2,-7.1,10	
3.6,3.7,-8.3,-8.2,4	
3.6,3.7,0.0,0.1,42964	
3.6,3.7,1.1,1.2,14172	
3.6,3.7,1.9,2.0,14302	
3.6,3.7,2.2,2.3,16105	
3.6,3.7,3.3,3.4,18349	
3.6,3.7,4.4,4.5,6730	
3.6,3.7,5.5,5.6,848	
3.6,3.7,6.6,6.7,45	
3.6,3.7,7.7,7.8,13	
3.6,3.7,0.8,0.9,16358	
3.6,3.7,8.0,8.1,4	
3.7,3.8,-1.3,-1.2,12707	
3.7,3.8,-2.4,-2.3,16654	
3.7,3.8,-3.5,-3.4,15868	
3.7,3.8,-4.6,-4.5,4635	
3.7,3.8,-5.7,-5.6,453	
3.7,3.8,-0.6,-0.5,17346	
3.7,3.8,-6.0,-5.9,187	
3.7,3.8,-6.8,-6.7,26	
3.7,3.8,-7.1,-7.0,15	
3.7,3.8,-7.9,-7.8,4	
3.7,3.8,-8.2,-8.1,2	
3.7,3.8,1.2,1.3,13004	
3.7,3.8,2.3,2.4,15826	
3.7,3.8,3.4,3.5,16329	
3.7,3.8,4.5,4.6,5426	
3.7,3.8,5.6,5.7,595	
3.7,3.8,6.7,6.8,41	
3.7,3.8,0.7,0.8,16393	
3.7,3.8,7.0,7.1,11	
3.7,3.8,7.8,7.9,4	
3.7,3.8,8.1,8.2,3	
3.8,3.9,-1.2,-1.1,12248	
3.8,3.9,-2.3,-2.2,14720	
3.8,3.9,-3.4,-3.3,15221	
3.8,3.9,-4.5,-4.4,4952	
3.8,3.9,-5.6,-5.5,540	
3.8,3.9,-6.7,-6.6,30	
3.8,3.9,-0.7,-0.6,15451	
3.8,3.9,-7.0,-6.9,16	
3.8,3.9,-7.8,-7.7,3	
3.8,3.9,-8.1,-8.0,1	
3.8,3.9,1.3,1.4,11957	
3.8,3.9,2.4,2.5,15001	
3.8,3.9,3.5,3.6,14171	
3.8,3.9,4.6,4.7,4322	
3.8,3.9,5.7,5.8,409	
3.8,3.9,0.6,0.7,16527	
3.8,3.9,6.0,6.1,162	
3.8,3.9,6.8,6.9,26	
3.8,3.9,7.1,7.2,2	
3.8,3.9,8.2,8.3,2	
3.9,4.0,-1.1,-1.0,12001	
3.9,4.0,-1.9,-1.8,11405	
3.9,4.0,-2.2,-2.1,12858	
3.9,4.0,-3.3,-3.2,14137	
3.9,4.0,-4.4,-4.3,5209	
3.9,4.0,-5.5,-5.4,571	
3.9,4.0,-6.6,-6.5,26	
3.9,4.0,-7.7,-7.6,1	
3.9,4.0,-0.8,-0.7,14131	
3.9,4.0,1.4,1.5,10955	
3.9,4.0,2.5,2.6,14378	
3.9,4.0,3.6,3.7,12546	
3.9,4.0,4.7,4.8,3233	
3.9,4.0,0.5,0.6,16574	
3.9,4.0,5.0,5.1,1893	
3.9,4.0,5.8,5.9,282	
3.9,4.0,6.1,6.2,98	
3.9,4.0,6.9,7.0,19	
3.9,4.0,7.2,7.3,2	
0.4,0.5,-10.3,-10.2,3	
0.4,0.5,-1.5,-1.4,8105	
0.4,0.5,-2.6,-2.5,21364	
0.4,0.5,-3.7,-3.6,18602	
0.4,0.5,-0.4,-0.3,1832	
0.4,0.5,-4.0,-3.9,16067	
0.4,0.5,-4.8,-4.7,15260	
0.4,0.5,-5.1,-5.0,17311	
0.4,0.5,-5.9,-5.8,21849	
0.4,0.5,-6.2,-6.1,20983	
0.4,0.5,-7.3,-7.2,8640	
0.4,0.5,-8.4,-8.3,1119	
0.4,0.5,-9.5,-9.4,48	
0.4,0.5,0.1,0.2,1509	
0.4,0.5,1.0,1.1,4021	
0.4,0.5,10.0,10.1,9	
0.4,0.5,1.8,1.9,12029	
0.4,0.5,2.1,2.2,15882	
0.4,0.5,2.9,3.0,22564	
0.4,0.5,3.2,3.3,22088	
0.4,0.5,4.3,4.4,14689	
0.4,0.5,5.4,5.5,19601	
0.4,0.5,6.5,6.6,18406	
0.4,0.5,7.6,7.7,5660	
0.4,0.5,8.7,8.8,464	
0.4,0.5,0.9,1.0,3442	
0.4,0.5,9.0,9.1,227	
0.4,0.5,9.8,9.9,17	
4.0,4.1,-1.3,-1.2,10327	
4.0,4.1,-2.4,-2.3,12601	
4.0,4.1,-3.5,-3.4,11908	
4.0,4.1,-4.6,-4.5,3570	
4.0,4.1,-5.7,-5.6,333	
4.0,4.1,-0.6,-0.5,14848	
4.0,4.1,-6.0,-5.9,139	
4.0,4.1,-6.8,-6.7,7	
4.0,4.1,-7.1,-7.0,7	
4.0,4.1,-7.9,-7.8,1	
4.0,4.1,-8.2,-8.1,1	
4.0,4.1,1.2,1.3,10797	
4.0,4.1,2.3,2.4,12137	
4.0,4.1,3.4,3.5,12565	
4.0,4.1,4.5,4.6,4170	
4.0,4.1,5.6,5.7,385	
4.0,4.1,6.7,6.8,19	
4.0,4.1,0.7,0.8,13995	
4.0,4.1,7.0,7.1,9	
4.0,4.1,7.8,7.9,2	
4.1,4.2,-1.2,-1.1,10511	
4.1,4.2,-2.3,-2.2,11072	
4.1,4.2,-3.4,-3.3,11271	
4.1,4.2,-4.5,-4.4,3733	
4.1,4.2,-5.6,-5.5,355	
4.1,4.2,-6.7,-6.6,10	
4.1,4.2,-0.7,-0.6,13429	
4.1,4.2,-7.0,-6.9,3	
4.1,4.2,1.3,1.4,9991	
4.1,4.2,2.4,2.5,11432	
4.1,4.2,3.5,3.6,10724	
4.1,4.2,4.6,4.7,3014	
4.1,4.2,5.7,5.8,260	
4.1,4.2,0.6,0.7,14297	
4.1,4.2,6.0,6.1,124	
4.1,4.2,6.8,6.9,10	
4.1,4.2,7.1,7.2,1	
4.2,4.3,-1.1,-1.0,10158	
4.2,4.3,-1.9,-1.8,8681	
4.2,4.3,-2.2,-2.1,9563	
4.2,4.3,-3.3,-3.2,10187	
4.2,4.3,-4.4,-4.3,3863	
4.2,4.3,-5.5,-5.4,462	
4.2,4.3,-6.6,-6.5,9	
4.2,4.3,-7.7,-7.6,1	
4.2,4.3,-0.8,-0.7,12239	
4.2,4.3,1.4,1.5,8791	
4.2,4.3,2.5,2.6,10707	
4.2,4.3,3.6,3.7,9012	
4.2,4.3,4.7,4.8,2426	
4.2,4.3,0.5,0.6,14479	
4.2,4.3,5.0,5.1,1307	
4.2,4.3,5.8,5.9,190	
4.2,4.3,6.1,6.2,83	
4.2,4.3,6.9,7.0,4	
4.2,4.3,7.2,7.3,2	
4.3,4.4,-0.1,0.0,15509	
4.3,4.4,-1.0,-0.9,10611	
4.3,4.4,-1.8,-1.7,7746	
4.3,4.4,-2.1,-2.0,8091	
4.3,4.4,-2.9,-2.8,9583	
4.3,4.4,-3.2,-3.1,9392	
4.3,4.4,-4.3,-4.2,3928	
4.3,4.4,-5.4,-5.3,500	
4.3,4.4,-6.5,-6.4,17	
4.3,4.4,-0.9,-0.8,11229	
4.3,4.4,1.5,1.6,8104	
4.3,4.4,2.6,2.7,9458	
4.3,4.4,3.7,3.8,7361	
4.3,4.4,0.4,0.5,14459	
4.3,4.4,4.0,4.1,5493	
4.3,4.4,4.8,4.9,1717	
4.3,4.4,5.1,5.2,973	
4.3,4.4,5.9,6.0,120	
4.3,4.4,6.2,6.3,38	
4.3,4.4,7.3,7.4,2	
4.4,4.5,-1.7,-1.6,7215	
4.4,4.5,-0.2,-0.1,15360	
4.4,4.5,-2.0,-1.9,7245	
4.4,4.5,-2.8,-2.7,8588	
4.4,4.5,-3.1,-3.0,8621	
4.4,4.5,-3.9,-3.8,5258	
4.4,4.5,-4.2,-4.1,3761	
4.4,4.5,-5.3,-5.2,541	
4.4,4.5,-6.4,-6.3,19	
4.4,4.5,1.6,1.7,7500	
4.4,4.5,2.7,2.8,8506	
4.4,4.5,0.3,0.4,14985	
4.4,4.5,3.0,3.1,8456	
4.4,4.5,3.8,3.9,5772	
4.4,4.5,4.1,4.2,4333	
4.4,4.5,4.9,5.0,1186	
4.4,4.5,5.2,5.3,674	
4.4,4.5,6.3,6.4,27	
4.4,4.5,7.4,7.5,1	
4.5,4.6,-1.6,-1.5,6770	
4.5,4.6,-2.7,-2.6,7325	
4.5,4.6,-0.3,-0.2,14602	
4.5,4.6,-3.0,-2.9,7430	
4.5,4.6,-3.8,-3.7,4947	
4.5,4.6,-4.1,-4.0,3752	
4.5,4.6,-4.9,-4.8,1102	
4.5,4.6,-5.2,-5.1,542	
4.5,4.6,-6.3,-6.2,23	
4.5,4.6,1.7,1.8,6657	
4.5,4.6,0.2,0.3,15237	
4.5,4.6,2.0,2.1,6462	
4.5,4.6,2.8,2.9,7139	
4.5,4.6,3.1,3.2,7060	
4.5,4.6,3.9,4.0,4620	
4.5,4.6,4.2,4.3,3306	
4.5,4.6,5.3,5.4,460	
4.5,4.6,6.4,6.5,19	
4.6,4.7,-1.5,-1.4,6814	
4.6,4.7,-2.6,-2.5,6148	
4.6,4.7,-3.7,-3.6,4600	
4.6,4.7,-0.4,-0.3,14364	
4.6,4.7,-4.0,-3.9,3423	
4.6,4.7,-4.8,-4.7,1131	
4.6,4.7,-5.1,-5.0,611	
4.6,4.7,-5.9,-5.8,90	
4.6,4.7,-6.2,-6.1,27	
4.6,4.7,0.1,0.2,15816	
4.6,4.7,1.0,1.1,10009	
4.6,4.7,1.8,1.9,6136	
4.6,4.7,2.1,2.2,5897	
4.6,4.7,2.9,3.0,6219	
4.6,4.7,3.2,3.3,6108	
4.6,4.7,4.3,4.4,2435	
4.6,4.7,5.4,5.5,298	
4.6,4.7,6.5,6.6,14	
4.6,4.7,0.9,1.0,10715	
4.7,4.8,-1.4,-1.3,7264	
4.7,4.8,-2.5,-2.4,5378	
4.7,4.8,-3.6,-3.5,4141	
4.7,4.8,-4.7,-4.6,1140	
4.7,4.8,-0.5,-0.4,14055	
4.7,4.8,-5.0,-4.9,621	
4.7,4.8,-5.8,-5.7,87	
4.7,4.8,-6.1,-6.0,31	
4.7,4.8,0.0,0.1,32226	
4.7,4.8,1.1,1.2,9317	
4.7,4.8,1.9,2.0,5326	
4.7,4.8,2.2,2.3,5208	
4.7,4.8,3.3,3.4,5027	
4.7,4.8,4.4,4.5,1880	
4.7,4.8,5.5,5.6,176	
4.7,4.8,6.6,6.7,7	
4.7,4.8,7.7,7.8,1	
4.7,4.8,0.8,0.9,11692	
4.8,4.9,-1.3,-1.2,7929	
4.8,4.9,-2.4,-2.3,4484	
4.8,4.9,-3.5,-3.4,3681	
4.8,4.9,-4.6,-4.5,1069	
4.8,4.9,-5.7,-5.6,111	
4.8,4.9,-0.6,-0.5,13626	
4.8,4.9,-6.0,-5.9,45	
4.8,4.9,-6.8,-6.7,4	
4.8,4.9,-7.1,-7.0,1	
4.8,4.9,1.2,1.3,8548	
4.8,4.9,2.3,2.4,4561	
4.8,4.9,3.4,3.5,3955	
4.8,4.9,4.5,4.6,1343	
4.8,4.9,5.6,5.7,154	
4.8,4.9,6.7,6.8,7	
4.8,4.9,0.7,0.8,12827	
4.8,4.9,7.0,7.1,1	
4.9,5.0,-1.2,-1.1,8703	
4.9,5.0,-2.3,-2.2,3896	
4.9,5.0,-3.4,-3.3,3406	
4.9,5.0,-4.5,-4.4,1068	
4.9,5.0,-5.6,-5.5,95	
4.9,5.0,-6.7,-6.6,6	
4.9,5.0,-0.7,-0.6,13508	
4.9,5.0,-7.0,-6.9,2	
4.9,5.0,1.3,1.4,7832	
4.9,5.0,2.4,2.5,3812	
4.9,5.0,3.5,3.6,3082	
4.9,5.0,4.6,4.7,939	
4.9,5.0,5.7,5.8,76	
4.9,5.0,0.6,0.7,14209	
4.9,5.0,6.0,6.1,34	
4.9,5.0,6.8,6.9,4	
4.9,5.0,7.1,7.2,1	
0.5,0.6,-10.4,-10.3,2	
0.5,0.6,-1.4,-1.3,6921	
0.5,0.6,-2.5,-2.4,19727	
0.5,0.6,-3.6,-3.5,19154	
0.5,0.6,-4.7,-4.6,14131	
0.5,0.6,-0.5,-0.4,2137	
0.5,0.6,-5.0,-4.9,15651	
0.5,0.6,-5.8,-5.7,20784	
0.5,0.6,-6.1,-6.0,20321	
0.5,0.6,-6.9,-6.8,12971	
0.5,0.6,-7.2,-7.1,9315	
0.5,0.6,-8.3,-8.2,1277	
0.5,0.6,-9.4,-9.3,53	
0.5,0.6,0.0,0.1,3434	
0.5,0.6,10.7,10.8,1	
0.5,0.6,1.1,1.2,4387	
0.5,0.6,1.9,2.0,12672	
0.5,0.6,2.2,2.3,16579	
0.5,0.6,3.3,3.4,21144	
0.5,0.6,4.4,4.5,13997	
0.5,0.6,5.5,5.6,19411	
0.5,0.6,6.6,6.7,16599	
0.5,0.6,7.7,7.8,4481	
0.5,0.6,0.8,0.9,3041	
0.5,0.6,8.0,8.1,2516	
0.5,0.6,8.8,8.9,347	
0.5,0.6,9.1,9.2,158	
0.5,0.6,9.9,10.0,14	
5.0,5.1,-1.4,-1.3,7215	
5.0,5.1,-2.5,-2.4,3272	
5.0,5.1,-3.6,-3.5,2397	
5.0,5.1,-4.7,-4.6,572	
5.0,5.1,-0.5,-0.4,15718	
5.0,5.1,-5.0,-4.9,365	
5.0,5.1,-5.8,-5.7,42	
5.0,5.1,-6.1,-6.0,16	
5.0,5.1,-6.9,-6.8,1	
5.0,5.1,-7.2,-7.1,2	
5.0,5.1,0.0,0.1,36595	
5.0,5.1,1.1,1.2,9934	
5.0,5.1,1.9,2.0,4322	
5.0,5.1,2.2,2.3,3581	
5.0,5.1,3.3,3.4,2872	
5.0,5.1,4.4,4.5,994	
5.0,5.1,5.5,5.6,106	
5.0,5.1,6.6,6.7,5	
5.0,5.1,0.8,0.9,12809	
5.1,5.2,-1.3,-1.2,8293	
5.1,5.2,-2.4,-2.3,2938	
5.1,5.2,-3.5,-3.4,2165	
5.1,5.2,-4.6,-4.5,652	
5.1,5.2,-5.7,-5.6,62	
5.1,5.2,-0.6,-0.5,15524	
5.1,5.2,-6.0,-5.9,20	
5.1,5.2,-6.8,-6.7,2	
5.1,5.2,-7.1,-7.0,1	
5.1,5.2,1.2,1.3,9207	
5.1,5.2,2.3,2.4,3135	
5.1,5.2,3.4,3.5,2198	
5.1,5.2,4.5,4.6,721	
5.1,5.2,5.6,5.7,76	
5.1,5.2,6.7,6.8,2	
5.1,5.2,0.7,0.8,14698	
5.1,5.2,7.0,7.1,1	
5.2,5.3,-1.2,-1.1,9369	
5.2,5.3,-2.3,-2.2,2769	
5.2,5.3,-3.4,-3.3,1798	
5.2,5.3,-4.5,-4.4,599	
5.2,5.3,-5.6,-5.5,55	
5.2,5.3,-6.7,-6.6,4	
5.2,5.3,-0.7,-0.6,14946	
5.2,5.3,1.3,1.4,8420	
5.2,5.3,2.4,2.5,2492	
5.2,5.3,3.5,3.6,1689	
5.2,5.3,4.6,4.7,523	
5.2,5.3,5.7,5.8,42	
5.2,5.3,0.6,0.7,16195	
5.2,5.3,6.0,6.1,29	
5.2,5.3,7.1,7.2,1	
5.3,5.4,-1.1,-1.0,10916	
5.3,5.4,-1.9,-1.8,3943	
5.3,5.4,-2.2,-2.1,2818	
5.3,5.4,-3.3,-3.2,1491	
5.3,5.4,-4.4,-4.3,516	
5.3,5.4,-5.5,-5.4,52	
5.3,5.4,-6.6,-6.5,1	
5.3,5.4,-0.8,-0.7,14671	
5.3,5.4,1.4,1.5,7751	
5.3,5.4,2.5,2.6,2182	
5.3,5.4,3.6,3.7,1202	
5.3,5.4,4.7,4.8,339	
5.3,5.4,0.5,0.6,17927	
5.3,5.4,5.0,5.1,160	
5.3,5.4,5.8,5.9,32	
5.3,5.4,6.1,6.2,11	
5.3,5.4,6.9,7.0,1	
5.4,5.5,-0.1,0.0,21536	
5.4,5.5,-1.0,-0.9,12643	
5.4,5.5,-1.8,-1.7,4586	
5.4,5.5,-2.1,-2.0,2914	
5.4,5.5,-2.9,-2.8,1555	
5.4,5.5,-3.2,-3.1,1264	
5.4,5.5,-4.3,-4.2,499	
5.4,5.5,-5.4,-5.3,53	
5.4,5.5,-6.5,-6.4,2	
5.4,5.5,-0.9,-0.8,14084	
5.4,5.5,1.5,1.6,6976	
5.4,5.5,2.6,2.7,1750	
5.4,5.5,3.7,3.8,866	
5.4,5.5,0.4,0.5,19648	
5.4,5.5,4.0,4.1,684	
5.4,5.5,4.8,4.9,219	
5.4,5.5,5.1,5.2,105	
5.4,5.5,5.9,6.0,16	
5.4,5.5,6.2,6.3,2	
5.5,5.6,-1.7,-1.6,5246	
5.5,5.6,-0.2,-0.1,22048	
5.5,5.6,-2.0,-1.9,3263	
5.5,5.6,-2.8,-2.7,1286	
5.5,5.6,-3.1,-3.0,1076	
5.5,5.6,-3.9,-3.8,581	
5.5,5.6,-4.2,-4.1,428	
5.5,5.6,-5.3,-5.2,53	
5.5,5.6,-6.4,-6.3,2	
5.5,5.6,1.6,1.7,6228	
5.5,5.6,2.7,2.8,1408	
5.5,5.6,0.3,0.4,21361	
5.5,5.6,3.0,3.1,1113	
5.5,5.6,3.8,3.9,680	
5.5,5.6,4.1,4.2,502	
5.5,5.6,4.9,5.0,128	
5.5,5.6,5.2,5.3,92	
5.5,5.6,6.3,6.4,2	
5.6,5.7,-1.6,-1.5,6201	
5.6,5.7,-2.7,-2.6,1224	
5.6,5.7,-0.3,-0.2,21616	
5.6,5.7,-3.0,-2.9,928	
5.6,5.7,-3.8,-3.7,521	
5.6,5.7,-4.1,-4.0,380	
5.6,5.7,-4.9,-4.8,111	
5.6,5.7,-5.2,-5.1,58	
5.6,5.7,-6.3,-6.2,3	
5.6,5.7,1.7,1.8,5411	
5.6,5.7,0.2,0.3,22634	
5.6,5.7,2.0,2.1,3268	
5.6,5.7,2.8,2.9,1131	
5.6,5.7,3.1,3.2,864	
5.6,5.7,3.9,4.0,448	
5.6,5.7,4.2,4.3,351	
5.6,5.7,5.3,5.4,35	
5.6,5.7,6.4,6.5,2	
5.7,5.8,-1.5,-1.4,7251	
5.7,5.8,-2.6,-2.5,1263	
5.7,5.8,-3.7,-3.6,419	
5.7,5.8,-0.4,-0.3,21401	
5.7,5.8,-4.0,-3.9,316	
5.7,5.8,-4.8,-4.7,80	
5.7,5.8,-5.1,-5.0,63	
5.7,5.8,-5.9,-5.8,7	
5.7,5.8,-6.2,-6.1,1	
5.7,5.8,0.1,0.2,23402	
5.7,5.8,1.0,1.1,13845	
5.7,5.8,1.8,1.9,4435	
5.7,5.8,2.1,2.2,2794	
5.7,5.8,2.9,3.0,860	
5.7,5.8,3.2,3.3,648	
5.7,5.8,4.3,4.4,202	
5.7,5.8,5.4,5.5,17	
5.7,5.8,0.9,1.0,15253	
5.8,5.9,-1.4,-1.3,8551	
5.8,5.9,-2.5,-2.4,1343	
5.8,5.9,-3.6,-3.5,344	
5.8,5.9,-4.7,-4.6,99	
5.8,5.9,-0.5,-0.4,20552	
5.8,5.9,-5.0,-4.9,54	
5.8,5.9,-5.8,-5.7,6	
5.8,5.9,-6.1,-6.0,3	
5.8,5.9,0.0,0.1,47722	
5.8,5.9,1.1,1.2,12540	
5.8,5.9,1.9,2.0,3832	
5.8,5.9,2.2,2.3,2224	
5.8,5.9,3.3,3.4,476	
5.8,5.9,4.4,4.5,149	
5.8,5.9,5.5,5.6,13	
5.8,5.9,0.8,0.9,16964	
5.9,6.0,-1.3,-1.2,9715	
5.9,6.0,-2.4,-2.3,1493	
5.9,6.0,-3.5,-3.4,332	
5.9,6.0,-4.6,-4.5,88	
5.9,6.0,-5.7,-5.6,8	
5.9,6.0,-0.6,-0.5,19559	
5.9,6.0,-6.0,-5.9,1	
5.9,6.0,1.2,1.3,11179	
5.9,6.0,2.3,2.4,1782	
5.9,6.0,3.4,3.5,331	
5.9,6.0,4.5,4.6,91	
5.9,6.0,5.6,5.7,9	
5.9,6.0,0.7,0.8,18034	
0.6,0.7,-1.3,-1.2,5955	
0.6,0.7,-2.4,-2.3,18140	
0.6,0.7,-3.5,-3.4,18839	
0.6,0.7,-4.6,-4.5,13229	
0.6,0.7,-5.7,-5.6,19209	
0.6,0.7,-0.6,-0.5,2504	
0.6,0.7,-6.0,-5.9,19588	
0.6,0.7,-6.8,-6.7,13452	
0.6,0.7,-7.1,-7.0,10067	
0.6,0.7,-7.9,-7.8,2852	
0.6,0.7,-8.2,-8.1,1516	
0.6,0.7,-9.3,-9.2,88	
0.6,0.7,10.6,10.7,3	
0.6,0.7,1.2,1.3,5249	
0.6,0.7,2.3,2.4,17065	
0.6,0.7,3.4,3.5,19521	
0.6,0.7,4.5,4.6,13009	
0.6,0.7,5.6,5.7,18949	
0.6,0.7,6.7,6.8,14449	
0.6,0.7,0.7,0.8,2794	
0.6,0.7,7.0,7.1,11134	
0.6,0.7,7.8,7.9,3507	
0.6,0.7,8.1,8.2,1904	
0.6,0.7,8.9,9.0,244	
0.6,0.7,9.2,9.3,94	
6.0,6.1,-1.5,-1.4,7379	
6.0,6.1,-2.6,-2.5,947	
6.0,6.1,-3.7,-3.6,208	
6.0,6.1,-0.4,-0.3,21564	
6.0,6.1,-4.0,-3.9,126	
6.0,6.1,-4.8,-4.7,41	
6.0,6.1,-5.1,-5.0,33	
6.0,6.1,-5.9,-5.8,2	
6.0,6.1,-6.2,-6.1,1	
6.0,6.1,0.1,0.2,24261	
6.0,6.1,1.0,1.1,13825	
6.0,6.1,1.8,1.9,4506	
6.0,6.1,2.1,2.2,2417	
6.0,6.1,2.9,3.0,539	
6.0,6.1,3.2,3.3,334	
6.0,6.1,4.3,4.4,88	
6.0,6.1,5.4,5.5,14	
6.0,6.1,0.9,1.0,15448	
6.1,6.2,-1.4,-1.3,8279	
6.1,6.2,-2.5,-2.4,1038	
6.1,6.2,-3.6,-3.5,159	
6.1,6.2,-4.7,-4.6,58	
6.1,6.2,-0.5,-0.4,20373	
6.1,6.2,-5.0,-4.9,30	
6.1,6.2,-5.8,-5.7,2	
6.1,6.2,-6.1,-6.0,2	
6.1,6.2,0.0,0.1,47513	
6.1,6.2,1.1,1.2,12389	
6.1,6.2,1.9,2.0,3615	
6.1,6.2,2.2,2.3,2053	
6.1,6.2,3.3,3.4,262	
6.1,6.2,4.4,4.5,67	
6.1,6.2,5.5,5.6,7	
6.1,6.2,6.6,6.7,1	
6.1,6.2,0.8,0.9,16602	
6.2,6.3,-1.3,-1.2,9266	
6.2,6.3,-2.4,-2.3,1266	
6.2,6.3,-3.5,-3.4,142	
6.2,6.3,-4.6,-4.5,35	
6.2,6.3,-5.7,-5.6,2	
6.2,6.3,-0.6,-0.5,19010	
6.2,6.3,-6.0,-5.9,1	
6.2,6.3,1.2,1.3,10692	
6.2,6.3,2.3,2.4,1553	
6.2,6.3,3.4,3.5,172	
6.2,6.3,4.5,4.6,36	
6.2,6.3,5.6,5.7,4	
6.2,6.3,0.7,0.8,17678	
6.3,6.4,-1.2,-1.1,10396	
6.3,6.4,-2.3,-2.2,1470	
6.3,6.4,-3.4,-3.3,121	
6.3,6.4,-4.5,-4.4,22	
6.3,6.4,-5.6,-5.5,2	
6.3,6.4,-0.7,-0.6,17046	
6.3,6.4,1.3,1.4,9109	
6.3,6.4,2.4,2.5,1210	
6.3,6.4,3.5,3.6,122	
6.3,6.4,4.6,4.7,15	
6.3,6.4,0.6,0.7,18080	
6.3,6.4,6.0,6.1,1	
6.4,6.5,-1.1,-1.0,11264	
6.4,6.5,-1.9,-1.8,3477	
6.4,6.5,-2.2,-2.1,1752	
6.4,6.5,-3.3,-3.2,129	
6.4,6.5,-4.4,-4.3,22	
6.4,6.5,-5.5,-5.4,2	
6.4,6.5,-0.8,-0.7,15189	
6.4,6.5,1.4,1.5,7832	
6.4,6.5,2.5,2.6,870	
6.4,6.5,3.6,3.7,83	
6.4,6.5,4.7,4.8,16	
6.4,6.5,0.5,0.6,18613	
6.4,6.5,5.0,5.1,4	
6.4,6.5,5.8,5.9,1	
6.5,6.6,-0.1,0.0,20302	
6.5,6.6,-1.0,-0.9,11607	
6.5,6.6,-1.8,-1.7,3812	
6.5,6.6,-2.1,-2.0,2046	
6.5,6.6,-2.9,-2.8,316	
6.5,6.6,-3.2,-3.1,143	
6.5,6.6,-4.3,-4.2,23	
6.5,6.6,-5.4,-5.3,1	
6.5,6.6,-0.9,-0.8,13080	
6.5,6.6,1.5,1.6,6092	
6.5,6.6,2.6,2.7,652	
6.5,6.6,3.7,3.8,61	
6.5,6.6,0.4,0.5,18495	
6.5,6.6,4.0,4.1,36	
6.5,6.6,4.8,4.9,9	
6.5,6.6,5.1,5.2,2	
6.6,6.7,-1.7,-1.6,4211	
6.6,6.7,-0.2,-0.1,18805	
6.6,6.7,-2.0,-1.9,2415	
6.6,6.7,-2.8,-2.7,404	
6.6,6.7,-3.1,-3.0,175	
6.6,6.7,-3.9,-3.8,18	
6.6,6.7,-4.2,-4.1,11	
6.6,6.7,-5.3,-5.2,2	
6.6,6.7,1.6,1.7,4932	
6.6,6.7,2.7,2.8,501	
6.6,6.7,0.3,0.4,18158	
6.6,6.7,3.0,3.1,232	
6.6,6.7,3.8,3.9,34	
6.6,6.7,4.1,4.2,11	
6.6,6.7,4.9,5.0,3	
6.6,6.7,5.2,5.3,2	
6.7,6.8,-1.6,-1.5,4626	
6.7,6.8,-2.7,-2.6,465	
6.7,6.8,-0.3,-0.2,17142	
6.7,6.8,-3.0,-2.9,190	
6.7,6.8,-3.8,-3.7,22	
6.7,6.8,-4.1,-4.0,14	
6.7,6.8,-4.9,-4.8,2	
6.7,6.8,-5.2,-5.1,2	
6.7,6.8,1.7,1.8,3957	
6.7,6.8,0.2,0.3,17480	
6.7,6.8,2.0,2.1,2277	
6.7,6.8,2.8,2.9,371	
6.7,6.8,3.1,3.2,144	
6.7,6.8,3.9,4.0,14	
6.7,6.8,4.2,4.3,6	
6.8,6.9,-1.5,-1.4,4984	
6.8,6.9,-2.6,-2.5,532	
6.8,6.9,-3.7,-3.6,27	
6.8,6.9,-0.4,-0.3,15011	
6.8,6.9,-4.0,-3.9,12	
6.8,6.9,-4.8,-4.7,2	
6.8,6.9,-5.1,-5.0,2	
6.8,6.9,0.1,0.2,16738	
6.8,6.9,1.0,1.1,9694	
6.8,6.9,1.8,1.9,3031	
6.8,6.9,2.1,2.2,1695	
6.8,6.9,2.9,3.0,216	
6.8,6.9,3.2,3.3,116	
6.8,6.9,4.3,4.4,8	
6.8,6.9,5.4,5.5,1	
6.8,6.9,0.9,1.0,10488	
6.9,7.0,-1.4,-1.3,5221	
6.9,7.0,-2.5,-2.4,587	
6.9,7.0,-3.6,-3.5,26	
6.9,7.0,-0.5,-0.4,13015	
6.9,7.0,-5.0,-4.9,1	
6.9,7.0,0.0,0.1,30589	
6.9,7.0,1.1,1.2,7779	
6.9,7.0,1.9,2.0,2317	
6.9,7.0,2.2,2.3,1223	
6.9,7.0,3.3,3.4,65	
6.9,7.0,4.4,4.5,2	
6.9,7.0,5.5,5.6,1	
6.9,7.0,0.8,0.9,10585	
0.7,0.8,-10.6,-10.5,1	
0.7,0.8,-1.2,-1.1,5284	
0.7,0.8,-2.3,-2.2,16190	
0.7,0.8,-3.4,-3.3,18589	
0.7,0.8,-4.5,-4.4,12352	
0.7,0.8,-5.6,-5.5,17573	
0.7,0.8,-6.7,-6.6,13614	
0.7,0.8,-0.7,-0.6,3082	
0.7,0.8,-7.0,-6.9,10419	
0.7,0.8,-7.8,-7.7,3265	
0.7,0.8,-8.1,-8.0,1823	
0.7,0.8,-8.9,-8.8,256	
0.7,0.8,-9.2,-9.1,74	
0.7,0.8,1.3,1.4,5892	
0.7,0.8,2.4,2.5,17144	
0.7,0.8,3.5,3.6,18238	
0.7,0.8,4.6,4.7,12466	
0.7,0.8,5.7,5.8,18001	
0.7,0.8,0.6,0.7,2913	
0.7,0.8,6.0,6.1,18186	
0.7,0.8,6.8,6.9,12419	
0.7,0.8,7.1,7.2,9470	
0.7,0.8,7.9,8.0,2584	
0.7,0.8,8.2,8.3,1387	
0.7,0.8,9.3,9.4,66	
7.0,7.1,-1.6,-1.5,3461	
7.0,7.1,-2.7,-2.6,322	
7.0,7.1,-0.3,-0.2,13121	
7.0,7.1,-3.0,-2.9,138	
7.0,7.1,-3.8,-3.7,9	
7.0,7.1,-4.1,-4.0,8	
7.0,7.1,1.7,1.8,3077	
7.0,7.1,0.2,0.3,13265	
7.0,7.1,2.0,2.1,1730	
7.0,7.1,2.8,2.9,244	
7.0,7.1,3.1,3.2,102	
7.0,7.1,3.9,4.0,11	
7.0,7.1,4.2,4.3,6	
7.0,7.1,5.3,5.4,1	
7.1,7.2,-1.5,-1.4,3717	
7.1,7.2,-2.6,-2.5,362	
7.1,7.2,-3.7,-3.6,15	
7.1,7.2,-0.4,-0.3,10978	
7.1,7.2,-4.0,-3.9,7	
7.1,7.2,-4.8,-4.7,1	
7.1,7.2,0.1,0.2,12185	
7.1,7.2,1.0,1.1,7094	
7.1,7.2,1.8,1.9,2244	
7.1,7.2,2.1,2.2,1201	
7.1,7.2,2.9,3.0,156	
7.1,7.2,3.2,3.3,71	
7.1,7.2,4.3,4.4,2	
7.1,7.2,6.5,6.6,1	
7.1,7.2,0.9,1.0,7893	
7.2,7.3,-1.4,-1.3,3912	
7.2,7.3,-2.5,-2.4,390	
7.2,7.3,-3.6,-3.5,18	
7.2,7.3,-4.7,-4.6,1	
7.2,7.3,-0.5,-0.4,9428	
7.2,7.3,0.0,0.1,21710	
7.2,7.3,1.1,1.2,5590	
7.2,7.3,1.9,2.0,1620	
7.2,7.3,2.2,2.3,871	
7.2,7.3,3.3,3.4,43	
7.2,7.3,4.4,4.5,2	
7.2,7.3,0.8,0.9,7699	
7.3,7.4,-1.3,-1.2,3841	
7.3,7.4,-2.4,-2.3,470	
7.3,7.4,-3.5,-3.4,18	
7.3,7.4,-4.6,-4.5,1	
7.3,7.4,-0.6,-0.5,7937	
7.3,7.4,1.2,1.3,4386	
7.3,7.4,2.3,2.4,636	
7.3,7.4,3.4,3.5,27	
7.3,7.4,4.5,4.6,1	
7.3,7.4,0.7,0.8,7132	
7.4,7.5,-1.2,-1.1,3817	
7.4,7.5,-2.3,-2.2,536	
7.4,7.5,-3.4,-3.3,27	
7.4,7.5,-0.7,-0.6,6366	
7.4,7.5,1.3,1.4,3360	
7.4,7.5,2.4,2.5,413	
7.4,7.5,3.5,3.6,12	
7.4,7.5,0.6,0.7,6560	
7.5,7.6,-1.1,-1.0,3694	
7.5,7.6,-1.9,-1.8,1089	
7.5,7.6,-2.2,-2.1,604	
7.5,7.6,-3.3,-3.2,33	
7.5,7.6,-4.4,-4.3,1	
7.5,7.6,-0.8,-0.7,4962	
7.5,7.6,1.4,1.5,2511	
7.5,7.6,2.5,2.6,297	
7.5,7.6,3.6,3.7,14	
7.5,7.6,0.5,0.6,6247	
7.6,7.7,-0.1,0.0,5925	
7.6,7.7,-1.0,-0.9,3501	
7.6,7.7,-1.8,-1.7,1146	
7.6,7.7,-2.1,-2.0,634	
7.6,7.7,-2.9,-2.8,78	
7.6,7.7,-3.2,-3.1,18	
7.6,7.7,-4.3,-4.2,2	
7.6,7.7,-0.9,-0.8,3853	
7.6,7.7,1.5,1.6,1830	
7.6,7.7,2.6,2.7,183	
7.6,7.7,3.7,3.8,4	
7.6,7.7,0.4,0.5,5579	
7.6,7.7,4.0,4.1,5	
7.7,7.8,-1.7,-1.6,1113	
7.7,7.8,-0.2,-0.1,5038	
7.7,7.8,-2.0,-1.9,672	
7.7,7.8,-2.8,-2.7,103	
7.7,7.8,-3.1,-3.0,31	
7.7,7.8,-3.9,-3.8,1	
7.7,7.8,-4.2,-4.1,1	
7.7,7.8,1.6,1.7,1386	
7.7,7.8,2.7,2.8,128	
7.7,7.8,0.3,0.4,4871	
7.7,7.8,3.0,3.1,42	
7.7,7.8,3.8,3.9,9	
7.8,7.9,-1.6,-1.5,1054	
7.8,7.9,-2.7,-2.6,98	
7.8,7.9,-0.3,-0.2,4005	
7.8,7.9,-3.0,-2.9,44	
7.8,7.9,-3.8,-3.7,6	
7.8,7.9,1.7,1.8,1002	
7.8,7.9,0.2,0.3,4227	
7.8,7.9,2.0,2.1,559	
7.8,7.9,2.8,2.9,71	
7.8,7.9,3.1,3.2,31	
7.9,8.0,-1.5,-1.4,1052	
7.9,8.0,-2.6,-2.5,118	
7.9,8.0,-3.7,-3.6,2	
7.9,8.0,-0.4,-0.3,3155	
7.9,8.0,-4.0,-3.9,2	
7.9,8.0,0.1,0.2,3516	
7.9,8.0,1.0,1.1,2046	
7.9,8.0,1.8,1.9,655	
7.9,8.0,2.1,2.2,383	
7.9,8.0,2.9,3.0,40	
7.9,8.0,3.2,3.3,15	
7.9,8.0,0.9,1.0,2193	
0.8,0.9,-1.1,-1.0,4690	
0.8,0.9,-1.9,-1.8,11341	
0.8,0.9,-2.2,-2.1,14504	
0.8,0.9,-3.3,-3.2,18385	
0.8,0.9,-4.4,-4.3,11561	
0.8,0.9,-5.5,-5.4,15967	
0.8,0.9,-6.6,-6.5,13525	
0.8,0.9,-7.7,-7.6,3675	
0.8,0.9,-0.8,-0.7,3600	
0.8,0.9,-8.0,-7.9,1984	
0.8,0.9,-8.8,-8.7,297	
0.8,0.9,-9.1,-9.0,104	
0.8,0.9,-9.9,-9.8,7	
0.8,0.9,10.4,10.5,2	
0.8,0.9,1.4,1.5,6629	
0.8,0.9,2.5,2.6,17416	
0.8,0.9,3.6,3.7,16477	
0.8,0.9,4.7,4.8,11721	
0.8,0.9,0.5,0.6,3005	
0.8,0.9,5.0,5.1,12986	
0.8,0.9,5.8,5.9,16706	
0.8,0.9,6.1,6.2,16355	
0.8,0.9,6.9,7.0,10610	
0.8,0.9,7.2,7.3,7430	
0.8,0.9,8.3,8.4,1101	
0.8,0.9,9.4,9.5,51	
8.0,8.1,-1.7,-1.6,612	
8.0,8.1,-0.2,-0.1,2804	
8.0,8.1,-2.0,-1.9,322	
8.0,8.1,-2.8,-2.7,43	
8.0,8.1,-3.1,-3.0,20	
8.0,8.1,1.6,1.7,792	
8.0,8.1,2.7,2.8,64	
8.0,8.1,0.3,0.4,2809	
8.0,8.1,3.0,3.1,27	
8.0,8.1,3.8,3.9,5	
8.0,8.1,4.1,4.2,1	
8.1,8.2,-1.6,-1.5,585	
8.1,8.2,-2.7,-2.6,61	
8.1,8.2,-0.3,-0.2,2274	
8.1,8.2,-3.0,-2.9,26	
8.1,8.2,-3.8,-3.7,3	
8.1,8.2,1.7,1.8,552	
8.1,8.2,0.2,0.3,2297	
8.1,8.2,2.0,2.1,305	
8.1,8.2,2.8,2.9,48	
8.1,8.2,3.1,3.2,17	
8.2,8.3,-1.5,-1.4,597	
8.2,8.3,-2.6,-2.5,54	
8.2,8.3,-3.7,-3.6,1	
8.2,8.3,-0.4,-0.3,1743	
8.2,8.3,0.1,0.2,1880	
8.2,8.3,1.0,1.1,1129	
8.2,8.3,1.8,1.9,313	
8.2,8.3,2.1,2.2,215	
8.2,8.3,2.9,3.0,16	
8.2,8.3,3.2,3.3,9	
8.2,8.3,0.9,1.0,1230	
8.3,8.4,-1.4,-1.3,530	
8.3,8.4,-2.5,-2.4,66	
8.3,8.4,-3.6,-3.5,5	
8.3,8.4,-0.5,-0.4,1265	
8.3,8.4,0.0,0.1,3080	
8.3,8.4,1.1,1.2,756	
8.3,8.4,1.9,2.0,201	
8.3,8.4,2.2,2.3,112	
8.3,8.4,3.3,3.4,5	
8.3,8.4,0.8,0.9,1037	
8.4,8.5,-1.3,-1.2,487	
8.4,8.5,-2.4,-2.3,62	
8.4,8.5,-3.5,-3.4,2	
8.4,8.5,-0.6,-0.5,951	
8.4,8.5,1.2,1.3,538	
8.4,8.5,2.3,2.4,69	
8.4,8.5,3.4,3.5,3	
8.4,8.5,4.5,4.6,1	
8.4,8.5,0.7,0.8,935	
8.5,8.6,-1.2,-1.1,400	
8.5,8.6,-2.3,-2.2,57	
8.5,8.6,-3.4,-3.3,1	
8.5,8.6,-0.7,-0.6,668	
8.5,8.6,1.3,1.4,346	
8.5,8.6,2.4,2.5,35	
8.5,8.6,3.5,3.6,2	
8.5,8.6,0.6,0.7,743	
8.6,8.7,-1.1,-1.0,334	
8.6,8.7,-1.9,-1.8,119	
8.6,8.7,-2.2,-2.1,53	
8.6,8.7,-3.3,-3.2,3	
8.6,8.7,-0.8,-0.7,471	
8.6,8.7,1.4,1.5,251	
8.6,8.7,2.5,2.6,23	
8.6,8.7,3.6,3.7,1	
8.6,8.7,0.5,0.6,583	
8.7,8.8,-0.1,0.0,512	
8.7,8.8,-1.0,-0.9,341	
8.7,8.8,-1.8,-1.7,89	
8.7,8.8,-2.1,-2.0,55	
8.7,8.8,-2.9,-2.8,9	
8.7,8.8,-3.2,-3.1,3	
8.7,8.8,-0.9,-0.8,344	
8.7,8.8,1.5,1.6,153	
8.7,8.8,2.6,2.7,16	
8.7,8.8,0.4,0.5,456	
8.8,8.9,-1.7,-1.6,77	
8.8,8.9,-0.2,-0.1,395	
8.8,8.9,-2.0,-1.9,50	
8.8,8.9,-2.8,-2.7,7	
8.8,8.9,-3.1,-3.0,1	
8.8,8.9,1.6,1.7,107	
8.8,8.9,2.7,2.8,10	
8.8,8.9,0.3,0.4,401	
8.8,8.9,3.0,3.1,6	
8.9,9.0,-1.6,-1.5,76	
8.9,9.0,-2.7,-2.6,5	
8.9,9.0,-0.3,-0.2,291	
8.9,9.0,-3.0,-2.9,5	
8.9,9.0,1.7,1.8,61	
8.9,9.0,0.2,0.3,268	
8.9,9.0,2.0,2.1,43	
8.9,9.0,2.8,2.9,6	
8.9,9.0,4.2,4.3,1	
0.9,1.0,-0.1,0.0,3244	
0.9,1.0,-1.0,-0.9,4504	
0.9,1.0,-10.0,-9.9,1	
0.9,1.0,-1.8,-1.7,9772	
0.9,1.0,-2.1,-2.0,12931	
0.9,1.0,-2.9,-2.8,18309	
0.9,1.0,-3.2,-3.1,18085	
0.9,1.0,-4.3,-4.2,11260	
0.9,1.0,-5.4,-5.3,13822	
0.9,1.0,-6.5,-6.4,13074	
0.9,1.0,-7.6,-7.5,4002	
0.9,1.0,-8.7,-8.6,320	
0.9,1.0,-0.9,-0.8,4095	
0.9,1.0,-9.0,-8.9,152	
0.9,1.0,-9.8,-9.7,6	
0.9,1.0,1.5,1.6,7299	
0.9,1.0,2.6,2.7,17073	
0.9,1.0,3.7,3.8,15078	
0.9,1.0,0.4,0.5,3402	
0.9,1.0,4.0,4.1,12468	
0.9,1.0,4.8,4.9,10981	
0.9,1.0,5.1,5.2,12385	
0.9,1.0,5.9,6.0,15472	
0.9,1.0,6.2,6.3,14879	
0.9,1.0,7.3,7.4,6071	
0.9,1.0,8.4,8.5,752	
0.9,1.0,9.5,9.6,36	
9.0,9.1,-0.1,0.0,206	
9.0,9.1,-1.0,-0.9,138	
9.0,9.1,-1.8,-1.7,53	
9.0,9.1,-2.1,-2.0,27	
9.0,9.1,-2.9,-2.8,3	
9.0,9.1,-3.2,-3.1,1	
9.0,9.1,-0.9,-0.8,156	
9.0,9.1,1.5,1.6,71	
9.0,9.1,2.6,2.7,5	
9.0,9.1,3.7,3.8,1	
9.0,9.1,0.4,0.5,208	
9.1,9.2,-1.7,-1.6,32	
9.1,9.2,-0.2,-0.1,147	
9.1,9.2,-2.0,-1.9,25	
9.1,9.2,-3.1,-3.0,3	
9.1,9.2,1.6,1.7,39	
9.1,9.2,2.7,2.8,7	
9.1,9.2,0.3,0.4,160	
9.1,9.2,3.0,3.1,1	
9.1,9.2,3.8,3.9,1	
9.2,9.3,-1.6,-1.5,37	
9.2,9.3,-2.7,-2.6,2	
9.2,9.3,-0.3,-0.2,100	
9.2,9.3,-3.0,-2.9,3	
9.2,9.3,1.7,1.8,19	
9.2,9.3,0.2,0.3,117	
9.2,9.3,2.0,2.1,17	
9.2,9.3,2.8,2.9,1	
9.2,9.3,3.1,3.2,1	
9.3,9.4,-1.5,-1.4,27	
9.3,9.4,-2.6,-2.5,1	
9.3,9.4,-0.4,-0.3,84	
9.3,9.4,0.1,0.2,89	
9.3,9.4,1.0,1.1,45	
9.3,9.4,1.8,1.9,17	
9.3,9.4,2.1,2.2,11	
9.3,9.4,2.9,3.0,4	
9.3,9.4,0.9,1.0,59	
9.4,9.5,-1.4,-1.3,22	
9.4,9.5,-2.5,-2.4,2	
9.4,9.5,-0.5,-0.4,43	
9.4,9.5,0.0,0.1,113	
9.4,9.5,1.1,1.2,32	
9.4,9.5,1.9,2.0,12	
9.4,9.5,2.2,2.3,9	
9.4,9.5,0.8,0.9,53	
9.5,9.6,-1.3,-1.2,17	
9.5,9.6,-2.4,-2.3,2	
9.5,9.6,-0.6,-0.5,34	
9.5,9.6,1.2,1.3,20	
9.5,9.6,2.3,2.4,2	
9.5,9.6,0.7,0.8,33	
9.6,9.7,-1.2,-1.1,10	
9.6,9.7,-2.3,-2.2,5	
9.6,9.7,-0.7,-0.6,20	
9.6,9.7,1.3,1.4,12	
9.6,9.7,0.6,0.7,29	
9.7,9.8,-1.1,-1.0,9	
9.7,9.8,-1.9,-1.8,4	
9.7,9.8,-2.2,-2.1,1	
9.7,9.8,-0.8,-0.7,18	
9.7,9.8,1.4,1.5,13	
9.7,9.8,3.6,3.7,1	
9.7,9.8,0.5,0.6,25	
9.8,9.9,-0.1,0.0,19	
9.8,9.9,-1.0,-0.9,8	
9.8,9.9,-1.8,-1.7,2	
9.8,9.9,-2.1,-2.0,1	
9.8,9.9,-0.9,-0.8,14	
9.8,9.9,1.5,1.6,3	
9.8,9.9,0.4,0.5,11	
9.9,10.0,-1.7,-1.6,4	
9.9,10.0,-0.2,-0.1,11	
9.9,10.0,-2.0,-1.9,1	
9.9,10.0,1.6,1.7,1	
9.9,10.0,0.3,0.4,6	
