-0.1,0.0,-1.0,-0.9,3985	
-0.1,0.0,-10.2,-10.1,4	
-0.1,0.0,-1.8,-1.7,12672	
-0.1,0.0,-2.1,-2.0,16909	
-0.1,0.0,-2.9,-2.8,24429	
-0.1,0.0,-0.3,-0.2,1420	
-0.1,0.0,-3.2,-3.1,23935	
-0.1,0.0,-4.3,-4.2,15498	
-0.1,0.0,-5.4,-5.3,21461	
-0.1,0.0,-6.5,-6.4,20519	
-0.1,0.0,-7.6,-7.5,6005	
-0.1,0.0,-8.7,-8.6,555	
-0.1,0.0,-9.0,-8.9,249	
-0.1,0.0,-9.8,-9.7,16	
-0.1,0.0,10.3,10.4,2	
-0.1,0.0,1.7,1.8,11296	
-0.1,0.0,2.0,2.1,15453	
-0.1,0.0,2.8,2.9,24204	
-0.1,0.0,3.1,3.2,24356	
-0.1,0.0,3.9,4.0,18353	
-0.1,0.0,0.4,0.5,1512	
-0.1,0.0,4.2,4.3,16281	
-0.1,0.0,5.3,5.4,20584	
-0.1,0.0,6.4,6.5,21382	
-0.1,0.0,7.5,7.6,7118	
-0.1,0.0,8.6,8.7,738	
-0.1,0.0,9.7,9.8,23	
-1.0,-0.9,-0.1,0.0,3957	
-1.0,-0.9,-10.0,-9.9,5	
-1.0,-0.9,-1.2,-1.1,5295	
-1.0,-0.9,-2.3,-2.2,14409	
-1.0,-0.9,-3.4,-3.3,16206	
-1.0,-0.9,-4.5,-4.4,9972	
-1.0,-0.9,-5.6,-5.5,13436	
-1.0,-0.9,-6.7,-6.6,10556	
-1.0,-0.9,-7.0,-6.9,7877	
-1.0,-0.9,-7.8,-7.7,2490	
-1.0,-0.9,-8.1,-8.0,1382	
-1.0,-0.9,-8.9,-8.8,158	
-1.0,-0.9,-0.9,-0.8,4445	
-1.0,-0.9,-9.2,-9.1,77	
-1.0,-0.9,10.5,10.6,1	
-1.0,-0.9,1.5,1.6,7093	
-1.0,-0.9,2.6,2.7,16587	
-1.0,-0.9,3.7,3.8,14219	
-1.0,-0.9,4.0,4.1,11979	
-1.0,-0.9,4.8,4.9,10074	
-1.0,-0.9,5.1,5.2,11362	
-1.0,-0.9,5.9,6.0,14191	
-1.0,-0.9,0.6,0.7,4011	
-1.0,-0.9,6.2,6.3,13670	
-1.0,-0.9,7.3,7.4,5576	
-1.0,-0.9,8.4,8.5,679	
-1.0,-0.9,9.5,9.6,27	
-10.0,-9.9,-1.0,-0.9,2	
-10.0,-9.9,-0.3,-0.2,4	
-10.0,-9.9,1.7,1.8,2	
-10.0,-9.9,2.8,2.9,1	
-10.0,-9.9,0.4,0.5,6	
-10.1,-10.0,-1.7,-1.6,1	
-10.1,-10.0,-0.4,-0.3,8	
-10.1,-10.0,1.0,1.1,5	
-10.1,-10.0,1.8,1.9,1	
-10.1,-10.0,2.1,2.2,1	
-10.1,-10.0,0.3,0.4,3	
-10.2,-10.1,-1.6,-1.5,1	
-10.2,-10.1,-0.5,-0.4,1	
-10.2,-10.1,1.1,1.2,2	
-10.2,-10.1,0.2,0.3,5	
-10.3,-10.2,-0.6,-0.5,2	
-10.3,-10.2,0.1,0.2,2	
-10.3,-10.2,1.2,1.3,1	
-10.3,-10.2,3.4,3.5,1	
-10.3,-10.2,0.9,1.0,1	
-10.4,-10.3,-0.7,-0.6,1	
-10.4,-10.3,0.0,0.1,2	
-10.4,-10.3,1.3,1.4,1	
-10.5,-10.4,-1.3,-1.2,1	
-10.6,-10.5,0.6,0.7,1	
-10.7,-10.6,-0.2,-0.1,2	
-10.8,-10.7,-2.1,-2.0,1	
-1.1,-1.0,-10.1,-10.0,3	
-1.1,-1.0,-1.1,-1.0,5219	
-1.1,-1.0,-1.9,-1.8,10288	
-1.1,-1.0,-0.2,-0.1,4580	
-1.1,-1.0,-2.2,-2.1,12949	
-1.1,-1.0,-3.3,-3.2,15959	
-1.1,-1.0,-4.4,-4.3,9409	
-1.1,-1.0,-5.5,-5.4,11768	
-1.1,-1.0,-6.6,-6.5,9988	
-1.1,-1.0,-7.7,-7.6,2734	
-1.1,-1.0,-8.0,-7.9,1492	
-1.1,-1.0,-8.8,-8.7,203	
-1.1,-1.0,-9.1,-9.0,80	
-1.1,-1.0,-9.9,-9.8,5	
-1.1,-1.0,10.4,10.5,1	
-1.1,-1.0,1.6,1.7,7775	
-1.1,-1.0,2.7,2.8,16456	
-1.1,-1.0,3.0,3.1,16853	
-1.1,-1.0,3.8,3.9,12750	
-1.1,-1.0,4.1,4.2,10965	
-1.1,-1.0,4.9,5.0,9465	
-1.1,-1.0,0.5,0.6,4472	
-1.1,-1.0,5.2,5.3,10500	
-1.1,-1.0,6.3,6.4,11605	
-1.1,-1.0,7.4,7.5,4292	
-1.1,-1.0,8.5,8.6,490	
-1.1,-1.0,9.6,9.7,11	
-1.2,-1.1,-1.0,-0.9,5390	
-1.2,-1.1,-1.8,-1.7,9140	
-1.2,-1.1,-2.1,-2.0,11826	
-1.2,-1.1,-2.9,-2.8,16407	
-1.2,-1.1,-0.3,-0.2,5324	
-1.2,-1.1,-3.2,-3.1,16005	
-1.2,-1.1,-4.3,-4.2,9240	
-1.2,-1.1,-5.4,-5.3,10330	
-1.2,-1.1,-6.5,-6.4,9355	
-1.2,-1.1,-7.6,-7.5,2764	
-1.2,-1.1,-8.7,-8.6,281	
-1.2,-1.1,-9.0,-8.9,104	
-1.2,-1.1,-9.8,-9.7,6	
-1.2,-1.1,10.3,10.4,1	
-1.2,-1.1,1.7,1.8,8585	
-1.2,-1.1,2.0,2.1,10789	
-1.2,-1.1,2.8,2.9,16030	
-1.2,-1.1,3.1,3.2,16239	
-1.2,-1.1,3.9,4.0,11655	
-1.2,-1.1,0.4,0.5,5281	
-1.2,-1.1,4.2,4.3,9797	
-1.2,-1.1,5.3,5.4,9899	
-1.2,-1.1,6.4,6.5,10060	
-1.2,-1.1,7.5,7.6,3254	
-1.2,-1.1,8.6,8.7,326	
-1.2,-1.1,9.7,9.8,8	
-1.3,-1.2,-1.7,-1.6,8662	
-1.3,-1.2,-2.0,-1.9,10863	
-1.3,-1.2,-2.8,-2.7,15685	
-1.3,-1.2,-3.1,-3.0,15982	
-1.3,-1.2,-3.9,-3.8,11132	
-1.3,-1.2,-0.4,-0.3,6168	
-1.3,-1.2,-4.2,-4.1,9444	
-1.3,-1.2,-5.3,-5.2,8751	
-1.3,-1.2,-6.4,-6.3,8658	
-1.3,-1.2,-7.5,-7.4,2887	
-1.3,-1.2,-8.6,-8.5,301	
-1.3,-1.2,-9.7,-9.6,10	
-1.3,-1.2,1.0,1.1,5882	
-1.3,-1.2,10.2,10.3,1	
-1.3,-1.2,1.8,1.9,9169	
-1.3,-1.2,2.1,2.2,11478	
-1.3,-1.2,2.9,3.0,15970	
-1.3,-1.2,0.3,0.4,6083	
-1.3,-1.2,3.2,3.3,15585	
-1.3,-1.2,4.3,4.4,8933	
-1.3,-1.2,5.4,5.5,9144	
-1.3,-1.2,6.5,6.6,8348	
-1.3,-1.2,7.6,7.7,2392	
-1.3,-1.2,8.7,8.8,226	
-1.3,-1.2,9.0,9.1,95	
-1.3,-1.2,9.8,9.9,5	
-1.4,-1.3,-10.4,-10.3,1	
-1.4,-1.3,-1.6,-1.5,8022	
-1.4,-1.3,-2.7,-2.6,15132	
-1.4,-1.3,-3.0,-2.9,15873	
-1.4,-1.3,-3.8,-3.7,11714	
-1.4,-1.3,-4.1,-4.0,9412	
-1.4,-1.3,-4.9,-4.8,7217	
-1.4,-1.3,-0.5,-0.4,7058	
-1.4,-1.3,-5.2,-5.1,7441	
-1.4,-1.3,-6.3,-6.2,7835	
-1.4,-1.3,-7.4,-7.3,2959	
-1.4,-1.3,-8.5,-8.4,321	
-1.4,-1.3,-9.6,-9.5,14	
-1.4,-1.3,10.1,10.2,3	
-1.4,-1.3,1.1,1.2,6469	
-1.4,-1.3,1.9,2.0,10103	
-1.4,-1.3,0.2,0.3,7329	
-1.4,-1.3,2.2,2.3,12265	
-1.4,-1.3,3.3,3.4,14764	
-1.4,-1.3,4.4,4.5,8046	
-1.4,-1.3,5.5,5.6,8184	
-1.4,-1.3,6.6,6.7,6835	
-1.4,-1.3,7.7,7.8,1805	
-1.4,-1.3,8.0,8.1,970	
-1.4,-1.3,8.8,8.9,150	
-1.4,-1.3,9.1,9.2,56	
-1.4,-1.3,9.9,10.0,4	
-1.5,-1.4,-1.5,-1.4,7876	
-1.5,-1.4,-2.6,-2.5,15042	
-1.5,-1.4,-3.7,-3.6,12274	
-1.5,-1.4,-4.0,-3.9,9819	
-1.5,-1.4,-4.8,-4.7,6577	
-1.5,-1.4,-5.1,-5.0,6618	
-1.5,-1.4,-5.9,-5.8,7484	
-1.5,-1.4,-0.6,-0.5,7740	
-1.5,-1.4,-6.2,-6.1,6993	
-1.5,-1.4,-7.3,-7.2,2836	
-1.5,-1.4,-8.4,-8.3,341	
-1.5,-1.4,-9.5,-9.4,10	
-1.5,-1.4,0.1,0.2,8699	
-1.5,-1.4,1.2,1.3,7284	
-1.5,-1.4,2.3,2.4,12990	
-1.5,-1.4,3.4,3.5,14590	
-1.5,-1.4,4.5,4.6,7229	
-1.5,-1.4,5.6,5.7,7180	
-1.5,-1.4,6.7,6.8,5467	
-1.5,-1.4,7.0,7.1,4208	
-1.5,-1.4,7.8,7.9,1290	
-1.5,-1.4,8.1,8.2,677	
-1.5,-1.4,8.9,9.0,101	
-1.5,-1.4,0.9,1.0,7195	
-1.5,-1.4,9.2,9.3,40	
-1.6,-1.5,-1.4,-1.3,8127	
-1.6,-1.5,-2.5,-2.4,14649	
-1.6,-1.5,-3.6,-3.5,13147	
-1.6,-1.5,-4.7,-4.6,6101	
-1.6,-1.5,-5.0,-4.9,5931	
-1.6,-1.5,-5.8,-5.7,6552	
-1.6,-1.5,-6.1,-6.0,6188	
-1.6,-1.5,-6.9,-6.8,3883	
-1.6,-1.5,-0.7,-0.6,8325	
-1.6,-1.5,-7.2,-7.1,2768	
-1.6,-1.5,-8.3,-8.2,388	
-1.6,-1.5,-9.4,-9.3,16	
-1.6,-1.5,0.0,0.1,19920	
-1.6,-1.5,1.3,1.4,7958	
-1.6,-1.5,2.4,2.5,13994	
-1.6,-1.5,3.5,3.6,13807	
-1.6,-1.5,4.6,4.7,6503	
-1.6,-1.5,5.7,5.8,6167	
-1.6,-1.5,6.0,6.1,6148	
-1.6,-1.5,6.8,6.9,4181	
-1.6,-1.5,7.1,7.2,3118	
-1.6,-1.5,7.9,8.0,852	
-1.6,-1.5,0.8,0.9,8450	
-1.6,-1.5,8.2,8.3,500	
-1.6,-1.5,9.3,9.4,29	
-1.7,-1.6,-1.3,-1.2,8470	
-1.7,-1.6,-2.4,-2.3,14483	
-1.7,-1.6,-3.5,-3.4,14107	
-1.7,-1.6,-4.6,-4.5,6264	
-1.7,-1.6,-5.7,-5.6,5289	
-1.7,-1.6,-6.0,-5.9,5188	
-1.7,-1.6,-6.8,-6.7,3627	
-1.7,-1.6,-7.1,-7.0,2652	
-1.7,-1.6,-7.9,-7.8,775	
-1.7,-1.6,-0.8,-0.7,9329	
-1.7,-1.6,-8.2,-8.1,435	
-1.7,-1.6,-9.3,-9.2,19	
-1.7,-1.6,1.4,1.5,8847	
-1.7,-1.6,2.5,2.6,15026	
-1.7,-1.6,3.6,3.7,13416	
-1.7,-1.6,4.7,4.8,5832	
-1.7,-1.6,5.0,5.1,5326	
-1.7,-1.6,5.8,5.9,5405	
-1.7,-1.6,6.1,6.2,5297	
-1.7,-1.6,6.9,7.0,3272	
-1.7,-1.6,0.7,0.8,9401	
-1.7,-1.6,7.2,7.3,2427	
-1.7,-1.6,8.3,8.4,351	
-1.7,-1.6,9.4,9.5,14	
-1.8,-1.7,-0.1,0.0,12488	
-1.8,-1.7,-10.0,-9.9,2	
-1.8,-1.7,-1.2,-1.1,9266	
-1.8,-1.7,-2.3,-2.2,14082	
-1.8,-1.7,-3.4,-3.3,15124	
-1.8,-1.7,-4.5,-4.4,6546	
-1.8,-1.7,-5.6,-5.5,4590	
-1.8,-1.7,-6.7,-6.6,3264	
-1.8,-1.7,-7.0,-6.9,2501	
-1.8,-1.7,-7.8,-7.7,804	
-1.8,-1.7,-8.1,-8.0,423	
-1.8,-1.7,-8.9,-8.8,52	
-1.8,-1.7,-0.9,-0.8,9949	
-1.8,-1.7,-9.2,-9.1,18	
-1.8,-1.7,1.5,1.6,9724	
-1.8,-1.7,2.6,2.7,16063	
-1.8,-1.7,3.7,3.8,12967	
-1.8,-1.7,4.0,4.1,10386	
-1.8,-1.7,4.8,4.9,5319	
-1.8,-1.7,5.1,5.2,4735	
-1.8,-1.7,5.9,6.0,4583	
-1.8,-1.7,0.6,0.7,11020	
-1.8,-1.7,6.2,6.3,4173	
-1.8,-1.7,7.3,7.4,1735	
-1.8,-1.7,8.4,8.5,189	
-1.8,-1.7,9.5,9.6,4	
-1.9,-1.8,-10.1,-10.0,1	
-1.9,-1.8,-1.1,-1.0,10373	
-1.9,-1.8,-1.9,-1.8,12229	
-1.9,-1.8,-0.2,-0.1,13839	
-1.9,-1.8,-2.2,-2.1,14147	
-1.9,-1.8,-3.3,-3.2,16638	
-1.9,-1.8,-4.4,-4.3,7154	
-1.9,-1.8,-5.5,-5.4,3830	
-1.9,-1.8,-6.6,-6.5,2855	
-1.9,-1.8,-7.7,-7.6,824	
-1.9,-1.8,-8.0,-7.9,449	
-1.9,-1.8,-8.8,-8.7,64	
-1.9,-1.8,-9.1,-9.0,24	
-1.9,-1.8,-9.9,-9.8,1	
-1.9,-1.8,1.6,1.7,10505	
-1.9,-1.8,2.7,2.8,17146	
-1.9,-1.8,3.0,3.1,17399	
-1.9,-1.8,3.8,3.9,12339	
-1.9,-1.8,4.1,4.2,9675	
-1.9,-1.8,4.9,5.0,4626	
-1.9,-1.8,0.5,0.6,12827	
-1.9,-1.8,5.2,5.3,4073	
-1.9,-1.8,6.3,6.4,3311	
-1.9,-1.8,7.4,7.5,1260	
-1.9,-1.8,8.5,8.6,129	
-1.9,-1.8,9.6,9.7,5	
-0.2,-0.1,-10.3,-10.2,2	
-0.2,-0.1,-1.7,-1.6,11027	
-0.2,-0.1,-2.0,-1.9,15063	
-0.2,-0.1,-2.8,-2.7,23517	
-0.2,-0.1,-3.1,-3.0,23958	
-0.2,-0.1,-3.9,-3.8,17805	
-0.2,-0.1,-0.4,-0.3,1555	
-0.2,-0.1,-4.2,-4.1,16035	
-0.2,-0.1,-5.3,-5.2,20327	
-0.2,-0.1,-6.4,-6.3,20827	
-0.2,-0.1,-7.5,-7.4,6946	
-0.2,-0.1,-8.6,-8.5,744	
-0.2,-0.1,-9.7,-9.6,23	
-0.2,-0.1,1.0,1.1,4061	
-0.2,-0.1,10.2,10.3,2	
-0.2,-0.1,1.8,1.9,12464	
-0.2,-0.1,2.1,2.2,16859	
-0.2,-0.1,2.9,3.0,24087	
-0.2,-0.1,0.3,0.4,1405	
-0.2,-0.1,3.2,3.3,23656	
-0.2,-0.1,4.3,4.4,15581	
-0.2,-0.1,5.4,5.5,21007	
-0.2,-0.1,6.5,6.6,19930	
-0.2,-0.1,7.6,7.7,5846	
-0.2,-0.1,8.7,8.8,576	
-0.2,-0.1,9.0,9.1,210	
-0.2,-0.1,9.8,9.9,16	
-2.0,-1.9,-1.3,-1.2,10734	
-2.0,-1.9,-2.4,-2.3,16523	
-2.0,-1.9,-3.5,-3.4,15588	
-2.0,-1.9,-4.6,-4.5,5745	
-2.0,-1.9,-5.7,-5.6,3280	
-2.0,-1.9,-6.0,-5.9,3102	
-2.0,-1.9,-6.8,-6.7,2018	
-2.0,-1.9,-7.1,-7.0,1446	
-2.0,-1.9,-7.9,-7.8,447	
-2.0,-1.9,-0.8,-0.7,12662	
-2.0,-1.9,-8.2,-8.1,264	
-2.0,-1.9,-9.3,-9.2,15	
-2.0,-1.9,1.4,1.5,10740	
-2.0,-1.9,2.5,2.6,16944	
-2.0,-1.9,3.6,3.7,14665	
-2.0,-1.9,4.7,4.8,5219	
-2.0,-1.9,5.0,5.1,4148	
-2.0,-1.9,5.8,5.9,3178	
-2.0,-1.9,6.1,6.2,3049	
-2.0,-1.9,6.9,7.0,1849	
-2.0,-1.9,0.7,0.8,13028	
-2.0,-1.9,7.2,7.3,1363	
-2.0,-1.9,8.3,8.4,204	
-2.0,-1.9,9.4,9.5,7	
-2.1,-2.0,-0.1,0.0,17217	
-2.1,-2.0,-1.2,-1.1,11709	
-2.1,-2.0,-2.3,-2.2,16452	
-2.1,-2.0,-3.4,-3.3,17417	
-2.1,-2.0,-4.5,-4.4,6494	
-2.1,-2.0,-5.6,-5.5,2810	
-2.1,-2.0,-6.7,-6.6,1834	
-2.1,-2.0,-7.0,-6.9,1293	
-2.1,-2.0,-7.8,-7.7,435	
-2.1,-2.0,-8.1,-8.0,202	
-2.1,-2.0,-8.9,-8.8,42	
-2.1,-2.0,-0.9,-0.8,12958	
-2.1,-2.0,-9.2,-9.1,18	
-2.1,-2.0,1.5,1.6,11707	
-2.1,-2.0,2.6,2.7,18526	
-2.1,-2.0,3.7,3.8,14708	
-2.1,-2.0,4.0,4.1,11331	
-2.1,-2.0,4.8,4.9,4616	
-2.1,-2.0,5.1,5.2,3585	
-2.1,-2.0,5.9,6.0,2611	
-2.1,-2.0,0.6,0.7,14661	
-2.1,-2.0,6.2,6.3,2343	
-2.1,-2.0,7.3,7.4,921	
-2.1,-2.0,8.4,8.5,131	
-2.1,-2.0,9.5,9.6,5	
-2.2,-2.1,-1.1,-1.0,12921	
-2.2,-2.1,-1.9,-1.8,14171	
-2.2,-2.1,-0.2,-0.1,18096	
-2.2,-2.1,-2.2,-2.1,16564	
-2.2,-2.1,-3.3,-3.2,18876	
-2.2,-2.1,-4.4,-4.3,7567	
-2.2,-2.1,-5.5,-5.4,2512	
-2.2,-2.1,-6.6,-6.5,1542	
-2.2,-2.1,-7.7,-7.6,402	
-2.2,-2.1,-8.0,-7.9,261	
-2.2,-2.1,-8.8,-8.7,41	
-2.2,-2.1,-9.1,-9.0,10	
-2.2,-2.1,-9.9,-9.8,1	
-2.2,-2.1,1.6,1.7,12493	
-2.2,-2.1,2.7,2.8,19360	
-2.2,-2.1,3.0,3.1,19871	
-2.2,-2.1,3.8,3.9,14260	
-2.2,-2.1,4.1,4.2,10507	
-2.2,-2.1,4.9,5.0,4117	
-2.2,-2.1,0.5,0.6,16597	
-2.2,-2.1,5.2,5.3,3087	
-2.2,-2.1,6.3,6.4,1899	
-2.2,-2.1,7.4,7.5,696	
-2.2,-2.1,8.5,8.6,72	
-2.2,-2.1,9.6,9.7,2	
-2.3,-2.2,-1.0,-0.9,14218	
-2.3,-2.2,-1.8,-1.7,14261	
-2.3,-2.2,-2.1,-2.0,16457	
-2.3,-2.2,-2.9,-2.8,21304	
-2.3,-2.2,-0.3,-0.2,18908	
-2.3,-2.2,-3.2,-3.1,20185	
-2.3,-2.2,-4.3,-4.2,8718	
-2.3,-2.2,-5.4,-5.3,2335	
-2.3,-2.2,-6.5,-6.4,1351	
-2.3,-2.2,-7.6,-7.5,392	
-2.3,-2.2,-8.7,-8.6,38	
-2.3,-2.2,-9.0,-8.9,13	
-2.3,-2.2,1.7,1.8,13771	
-2.3,-2.2,2.0,2.1,15602	
-2.3,-2.2,2.8,2.9,20973	
-2.3,-2.2,3.1,3.2,20700	
-2.3,-2.2,3.9,4.0,13307	
-2.3,-2.2,0.4,0.5,18173	
-2.3,-2.2,4.2,4.3,9929	
-2.3,-2.2,5.3,5.4,2504	
-2.3,-2.2,6.4,6.5,1446	
-2.3,-2.2,7.5,7.6,453	
-2.3,-2.2,8.6,8.7,43	
-2.3,-2.2,9.7,9.8,1	
-2.4,-2.3,-1.7,-1.6,14361	
-2.4,-2.3,-2.0,-1.9,16474	
-2.4,-2.3,-2.8,-2.7,21674	
-2.4,-2.3,-3.1,-3.0,21829	
-2.4,-2.3,-3.9,-3.8,13950	
-2.4,-2.3,-0.4,-0.3,19435	
-2.4,-2.3,-4.2,-4.1,10245	
-2.4,-2.3,-5.3,-5.2,2326	
-2.4,-2.3,-6.4,-6.3,1160	
-2.4,-2.3,-7.5,-7.4,408	
-2.4,-2.3,-8.6,-8.5,35	
-2.4,-2.3,-9.7,-9.6,1	
-2.4,-2.3,1.0,1.1,15368	
-2.4,-2.3,1.8,1.9,14826	
-2.4,-2.3,2.1,2.2,17251	
-2.4,-2.3,2.9,3.0,22102	
-2.4,-2.3,0.3,0.4,20114	
-2.4,-2.3,3.2,3.3,21138	
-2.4,-2.3,4.3,4.4,8925	
-2.4,-2.3,5.4,5.5,2133	
-2.4,-2.3,6.5,6.6,1109	
-2.4,-2.3,7.6,7.7,299	
-2.4,-2.3,8.7,8.8,29	
-2.4,-2.3,9.0,9.1,14	
-2.5,-2.4,-1.6,-1.5,14612	
-2.5,-2.4,-2.7,-2.6,22260	
-2.5,-2.4,-3.0,-2.9,22456	
-2.5,-2.4,-3.8,-3.7,15928	
-2.5,-2.4,-4.1,-4.0,12003	
-2.5,-2.4,-4.9,-4.8,3962	
-2.5,-2.4,-0.5,-0.4,19708	
-2.5,-2.4,-5.2,-5.1,2491	
-2.5,-2.4,-6.3,-6.2,976	
-2.5,-2.4,-7.4,-7.3,310	
-2.5,-2.4,-8.5,-8.4,45	
-2.5,-2.4,-9.6,-9.5,1	
-2.5,-2.4,10.1,10.2,1	
-2.5,-2.4,1.1,1.2,15065	
-2.5,-2.4,1.9,2.0,16219	
-2.5,-2.4,0.2,0.3,21654	
-2.5,-2.4,2.2,2.3,18847	
-2.5,-2.4,3.3,3.4,21472	
-2.5,-2.4,4.4,4.5,8065	
-2.5,-2.4,5.5,5.6,1696	
-2.5,-2.4,6.6,6.7,782	
-2.5,-2.4,7.7,7.8,204	
-2.5,-2.4,8.0,8.1,118	
-2.5,-2.4,8.8,8.9,15	
-2.5,-2.4,9.1,9.2,6	
-2.6,-2.5,-1.5,-1.4,14806	
-2.6,-2.5,-2.6,-2.5,22375	
-2.6,-2.5,-3.7,-3.6,17336	
-2.6,-2.5,-4.0,-3.9,13600	
-2.6,-2.5,-4.8,-4.7,4697	
-2.6,-2.5,-5.1,-5.0,2744	
-2.6,-2.5,-5.9,-5.8,1059	
-2.6,-2.5,-0.6,-0.5,19744	
-2.6,-2.5,-6.2,-6.1,824	
-2.6,-2.5,-7.3,-7.2,257	
-2.6,-2.5,-8.4,-8.3,26	
-2.6,-2.5,-9.5,-9.4,1	
-2.6,-2.5,0.1,0.2,22651	
-2.6,-2.5,10.0,10.1,2	
-2.6,-2.5,1.2,1.3,15189	
-2.6,-2.5,2.3,2.4,20382	
-2.6,-2.5,3.4,3.5,21186	
-2.6,-2.5,4.5,4.6,7181	
-2.6,-2.5,5.6,5.7,1363	
-2.6,-2.5,6.7,6.8,546	
-2.6,-2.5,7.0,7.1,413	
-2.6,-2.5,7.8,7.9,108	
-2.6,-2.5,8.1,8.2,50	
-2.6,-2.5,8.9,9.0,13	
-2.6,-2.5,0.9,1.0,17189	
-2.6,-2.5,9.2,9.3,1	
-2.7,-2.6,-1.4,-1.3,15122	
-2.7,-2.6,-2.5,-2.4,22237	
-2.7,-2.6,-3.6,-3.5,19065	
-2.7,-2.6,-4.7,-4.6,5295	
-2.7,-2.6,-5.0,-4.9,3207	
-2.7,-2.6,-5.8,-5.7,962	
-2.7,-2.6,-6.1,-6.0,682	
-2.7,-2.6,-6.9,-6.8,351	
-2.7,-2.6,-0.7,-0.6,19474	
-2.7,-2.6,-7.2,-7.1,222	
-2.7,-2.6,-8.3,-8.2,28	
-2.7,-2.6,-9.4,-9.3,1	
-2.7,-2.6,0.0,0.1,47130	
-2.7,-2.6,1.3,1.4,15612	
-2.7,-2.6,2.4,2.5,21182	
-2.7,-2.6,3.5,3.6,20340	
-2.7,-2.6,4.6,4.7,6186	
-2.7,-2.6,5.7,5.8,1101	
-2.7,-2.6,6.0,6.1,795	
-2.7,-2.6,6.8,6.9,378	
-2.7,-2.6,7.1,7.2,272	
-2.7,-2.6,7.9,8.0,85	
-2.7,-2.6,0.8,0.9,18529	
-2.7,-2.6,8.2,8.3,40	
-2.7,-2.6,9.3,9.4,1	
-2.8,-2.7,-1.3,-1.2,15626	
-2.8,-2.7,-2.4,-2.3,21600	
-2.8,-2.7,-3.5,-3.4,20628	
-2.8,-2.7,-4.6,-4.5,6452	
-2.8,-2.7,-5.7,-5.6,962	
-2.8,-2.7,-6.0,-5.9,625	
-2.8,-2.7,-6.8,-6.7,309	
-2.8,-2.7,-7.1,-7.0,218	
-2.8,-2.7,-7.9,-7.8,56	
-2.8,-2.7,-0.8,-0.7,19088	
-2.8,-2.7,-8.2,-8.1,40	
-2.8,-2.7,1.4,1.5,15598	
-2.8,-2.7,2.5,2.6,22223	
-2.8,-2.7,3.6,3.7,19472	
-2.8,-2.7,4.7,4.8,5338	
-2.8,-2.7,5.0,5.1,3145	
-2.8,-2.7,5.8,5.9,836	
-2.8,-2.7,6.1,6.2,589	
-2.8,-2.7,6.9,7.0,234	
-2.8,-2.7,0.7,0.8,19828	
-2.8,-2.7,7.2,7.3,213	
-2.8,-2.7,8.3,8.4,27	
-2.9,-2.8,-0.1,0.0,24225	
-2.9,-2.8,-1.2,-1.1,16221	
-2.9,-2.8,-2.3,-2.2,20869	
-2.9,-2.8,-3.4,-3.3,21843	
-2.9,-2.8,-4.5,-4.4,7272	
-2.9,-2.8,-5.6,-5.5,985	
-2.9,-2.8,-6.7,-6.6,249	
-2.9,-2.8,-7.0,-6.9,186	
-2.9,-2.8,-7.8,-7.7,57	
-2.9,-2.8,-8.1,-8.0,36	
-2.9,-2.8,-8.9,-8.8,7	
-2.9,-2.8,-0.9,-0.8,18439	
-2.9,-2.8,-9.2,-9.1,2	
-2.9,-2.8,1.5,1.6,15656	
-2.9,-2.8,2.6,2.7,23318	
-2.9,-2.8,3.7,3.8,18095	
-2.9,-2.8,4.0,4.1,14050	
-2.9,-2.8,4.8,4.9,4505	
-2.9,-2.8,5.1,5.2,2619	
-2.9,-2.8,5.9,6.0,646	
-2.9,-2.8,0.6,0.7,21158	
-2.9,-2.8,6.2,6.3,437	
-2.9,-2.8,7.3,7.4,122	
-2.9,-2.8,8.4,8.5,14	
-0.3,-0.2,-10.4,-10.3,1	
-0.3,-0.2,-1.6,-1.5,9504	
-0.3,-0.2,-2.7,-2.6,22587	
-0.3,-0.2,-3.0,-2.9,23448	
-0.3,-0.2,-3.8,-3.7,18448	
-0.3,-0.2,-4.1,-4.0,16337	
-0.3,-0.2,-4.9,-4.8,16583	
-0.3,-0.2,-0.5,-0.4,1853	
-0.3,-0.2,-5.2,-5.1,18961	
-0.3,-0.2,-6.3,-6.2,21037	
-0.3,-0.2,-7.4,-7.3,7931	
-0.3,-0.2,-8.5,-8.4,856	
-0.3,-0.2,-9.6,-9.5,23	
-0.3,-0.2,10.1,10.2,8	
-0.3,-0.2,1.1,1.2,4599	
-0.3,-0.2,1.9,2.0,13745	
-0.3,-0.2,0.2,0.3,1370	
-0.3,-0.2,2.2,2.3,17854	
-0.3,-0.2,3.3,3.4,22467	
-0.3,-0.2,4.4,4.5,15032	
-0.3,-0.2,5.5,5.6,21183	
-0.3,-0.2,6.6,6.7,18305	
-0.3,-0.2,7.7,7.8,4826	
-0.3,-0.2,8.0,8.1,2693	
-0.3,-0.2,8.8,8.9,370	
-0.3,-0.2,9.1,9.2,149	
-0.3,-0.2,9.9,10.0,7	
-3.0,-2.9,-1.4,-1.3,15518	
-3.0,-2.9,-2.5,-2.4,22535	
-3.0,-2.9,-3.6,-3.5,19451	
-3.0,-2.9,-4.7,-4.6,5382	
-3.0,-2.9,-5.0,-4.9,2987	
-3.0,-2.9,-5.8,-5.7,647	
-3.0,-2.9,-6.1,-6.0,361	
-3.0,-2.9,-6.9,-6.8,166	
-3.0,-2.9,-0.7,-0.6,20350	
-3.0,-2.9,-7.2,-7.1,101	
-3.0,-2.9,-8.3,-8.2,24	
-3.0,-2.9,-9.4,-9.3,1	
-3.0,-2.9,0.0,0.1,49260	
-3.0,-2.9,1.3,1.4,15789	
-3.0,-2.9,2.4,2.5,21691	
-3.0,-2.9,3.5,3.6,20760	
-3.0,-2.9,4.6,4.7,6257	
-3.0,-2.9,5.7,5.8,761	
-3.0,-2.9,6.0,6.1,473	
-3.0,-2.9,6.8,6.9,147	
-3.0,-2.9,7.1,7.2,147	
-3.0,-2.9,7.9,8.0,46	
-3.0,-2.9,0.8,0.9,19219	
-3.0,-2.9,8.2,8.3,13	
-3.0,-2.9,9.3,9.4,1	
-3.1,-3.0,-1.3,-1.2,15818	
-3.1,-3.0,-2.4,-2.3,21697	
-3.1,-3.0,-3.5,-3.4,20486	
-3.1,-3.0,-4.6,-4.5,6039	
-3.1,-3.0,-5.7,-5.6,699	
-3.1,-3.0,-6.0,-5.9,413	
-3.1,-3.0,-6.8,-6.7,133	
-3.1,-3.0,-7.1,-7.0,101	
-3.1,-3.0,-7.9,-7.8,27	
-3.1,-3.0,-0.8,-0.7,19412	
-3.1,-3.0,-8.2,-8.1,16	
-3.1,-3.0,1.4,1.5,15479	
-3.1,-3.0,2.5,2.6,22336	
-3.1,-3.0,3.6,3.7,19080	
-3.1,-3.0,4.7,4.8,5330	
-3.1,-3.0,5.0,5.1,3072	
-3.1,-3.0,5.8,5.9,602	
-3.1,-3.0,6.1,6.2,318	
-3.1,-3.0,6.9,7.0,110	
-3.1,-3.0,0.7,0.8,20173	
-3.1,-3.0,7.2,7.3,92	
-3.1,-3.0,8.3,8.4,8	
-3.2,-3.1,-0.1,0.0,24211	
-3.2,-3.1,-1.2,-1.1,15867	
-3.2,-3.1,-2.3,-2.2,20298	
-3.2,-3.1,-3.4,-3.3,21289	
-3.2,-3.1,-4.5,-4.4,7024	
-3.2,-3.1,-5.6,-5.5,749	
-3.2,-3.1,-6.7,-6.6,100	
-3.2,-3.1,-7.0,-6.9,71	
-3.2,-3.1,-7.8,-7.7,19	
-3.2,-3.1,-8.1,-8.0,18	
-3.2,-3.1,-0.9,-0.8,17979	
-3.2,-3.1,1.5,1.6,15300	
-3.2,-3.1,2.6,2.7,22532	
-3.2,-3.1,3.7,3.8,17395	
-3.2,-3.1,4.0,4.1,13166	
-3.2,-3.1,4.8,4.9,4295	
-3.2,-3.1,5.1,5.2,2417	
-3.2,-3.1,5.9,6.0,423	
-3.2,-3.1,0.6,0.7,20532	
-3.2,-3.1,6.2,6.3,233	
-3.2,-3.1,7.3,7.4,52	
-3.2,-3.1,8.4,8.5,5	
-3.3,-3.2,-1.1,-1.0,16183	
-3.3,-3.2,-1.9,-1.8,16415	
-3.3,-3.2,-0.2,-0.1,23064	
-3.3,-3.2,-2.2,-2.1,18798	
-3.3,-3.2,-3.3,-3.2,21365	
-3.3,-3.2,-4.4,-4.3,8014	
-3.3,-3.2,-5.5,-5.4,948	
-3.3,-3.2,-6.6,-6.5,94	
-3.3,-3.2,-7.7,-7.6,19	
-3.3,-3.2,-8.0,-7.9,14	
-3.3,-3.2,-8.8,-8.7,2	
-3.3,-3.2,1.6,1.7,14818	
-3.3,-3.2,2.7,2.8,22497	
-3.3,-3.2,3.0,3.1,23079	
-3.3,-3.2,3.8,3.9,15986	
-3.3,-3.2,4.1,4.2,11517	
-3.3,-3.2,4.9,5.0,3438	
-3.3,-3.2,0.5,0.6,20774	
-3.3,-3.2,5.2,5.3,1987	
-3.3,-3.2,6.3,6.4,160	
-3.3,-3.2,7.4,7.5,36	
-3.3,-3.2,8.5,8.6,1	
-3.4,-3.3,-1.0,-0.9,16154	
-3.4,-3.3,-1.8,-1.7,15284	
-3.4,-3.3,-2.1,-2.0,17354	
-3.4,-3.3,-2.9,-2.8,21777	
-3.4,-3.3,-0.3,-0.2,21732	
-3.4,-3.3,-3.2,-3.1,21129	
-3.4,-3.3,-4.3,-4.2,8627	
-3.4,-3.3,-5.4,-5.3,1104	
-3.4,-3.3,-6.5,-6.4,93	
-3.4,-3.3,-7.6,-7.5,18	
-3.4,-3.3,1.7,1.8,14921	
-3.4,-3.3,2.0,2.1,16558	
-3.4,-3.3,2.8,2.9,21894	
-3.4,-3.3,3.1,3.2,21701	
-3.4,-3.3,3.9,4.0,13865	
-3.4,-3.3,0.4,0.5,21294	
-3.4,-3.3,4.2,4.3,9924	
-3.4,-3.3,5.3,5.4,1342	
-3.4,-3.3,6.4,6.5,119	
-3.4,-3.3,7.5,7.6,24	
-3.4,-3.3,8.6,8.7,1	
-3.5,-3.4,-1.7,-1.6,14019	
-3.5,-3.4,-2.0,-1.9,16037	
-3.5,-3.4,-2.8,-2.7,20742	
-3.5,-3.4,-3.1,-3.0,20570	
-3.5,-3.4,-3.9,-3.8,13186	
-3.5,-3.4,-0.4,-0.3,20403	
-3.5,-3.4,-4.2,-4.1,9592	
-3.5,-3.4,-5.3,-5.2,1295	
-3.5,-3.4,-6.4,-6.3,99	
-3.5,-3.4,-7.5,-7.4,16	
-3.5,-3.4,-8.6,-8.5,2	
-3.5,-3.4,1.0,1.1,15514	
-3.5,-3.4,1.8,1.9,14558	
-3.5,-3.4,2.1,2.2,16531	
-3.5,-3.4,2.9,3.0,21017	
-3.5,-3.4,0.3,0.4,21283	
-3.5,-3.4,3.2,3.3,19948	
-3.5,-3.4,4.3,4.4,8123	
-3.5,-3.4,5.4,5.5,1075	
-3.5,-3.4,6.5,6.6,65	
-3.5,-3.4,7.6,7.7,11	
-3.5,-3.4,8.7,8.8,1	
-3.6,-3.5,-1.6,-1.5,13021	
-3.6,-3.5,-2.7,-2.6,19273	
-3.6,-3.5,-3.0,-2.9,19266	
-3.6,-3.5,-3.8,-3.7,13550	
-3.6,-3.5,-4.1,-4.0,9997	
-3.6,-3.5,-4.9,-4.8,2862	
-3.6,-3.5,-0.5,-0.4,18845	
-3.6,-3.5,-5.2,-5.1,1618	
-3.6,-3.5,-6.3,-6.2,99	
-3.6,-3.5,-7.4,-7.3,13	
-3.6,-3.5,-8.5,-8.4,2	
-3.6,-3.5,-9.6,-9.5,1	
-3.6,-3.5,1.1,1.2,14390	
-3.6,-3.5,1.9,2.0,14233	
-3.6,-3.5,0.2,0.3,20495	
-3.6,-3.5,2.2,2.3,16129	
-3.6,-3.5,3.3,3.4,17926	
-3.6,-3.5,4.4,4.5,6733	
-3.6,-3.5,5.5,5.6,771	
-3.6,-3.5,6.6,6.7,58	
-3.6,-3.5,7.7,7.8,4	
-3.6,-3.5,8.0,8.1,9	
-3.7,-3.6,-1.5,-1.4,12430	
-3.7,-3.6,-2.6,-2.5,17495	
-3.7,-3.6,-3.7,-3.6,13711	
-3.7,-3.6,-4.0,-3.9,10565	
-3.7,-3.6,-4.8,-4.7,3309	
-3.7,-3.6,-5.1,-5.0,1833	
-3.7,-3.6,-5.9,-5.8,230	
-3.7,-3.6,-0.6,-0.5,17422	
-3.7,-3.6,-6.2,-6.1,107	
-3.7,-3.6,-7.3,-7.2,12	
-3.7,-3.6,0.1,0.2,20186	
-3.7,-3.6,1.2,1.3,13069	
-3.7,-3.6,2.3,2.4,15864	
-3.7,-3.6,3.4,3.5,16322	
-3.7,-3.6,4.5,4.6,5324	
-3.7,-3.6,5.6,5.7,540	
-3.7,-3.6,6.7,6.8,41	
-3.7,-3.6,7.0,7.1,18	
-3.7,-3.6,7.8,7.9,6	
-3.7,-3.6,8.1,8.2,2	
-3.7,-3.6,8.9,9.0,1	
-3.7,-3.6,0.9,1.0,14926	
-3.8,-3.7,-1.4,-1.3,11711	
-3.8,-3.7,-2.5,-2.4,15999	
-3.8,-3.7,-3.6,-3.5,13464	
-3.8,-3.7,-4.7,-4.6,3639	
-3.8,-3.7,-5.0,-4.9,2039	
-3.8,-3.7,-5.8,-5.7,302	
-3.8,-3.7,-6.1,-6.0,124	
-3.8,-3.7,-6.9,-6.8,20	
-3.8,-3.7,-0.7,-0.6,15630	
-3.8,-3.7,-7.2,-7.1,8	
-3.8,-3.7,0.0,0.1,38829	
-3.8,-3.7,1.3,1.4,12025	
-3.8,-3.7,2.4,2.5,15319	
-3.8,-3.7,3.5,3.6,14204	
-3.8,-3.7,4.6,4.7,4286	
-3.8,-3.7,5.7,5.8,394	
-3.8,-3.7,6.0,6.1,188	
-3.8,-3.7,6.8,6.9,29	
-3.8,-3.7,7.1,7.2,16	
-3.8,-3.7,7.9,8.0,1	
-3.8,-3.7,0.8,0.9,14861	
-3.8,-3.7,8.2,8.3,1	
-3.9,-3.8,-1.3,-1.2,11134	
-3.9,-3.8,-2.4,-2.3,13895	
-3.9,-3.8,-3.5,-3.4,13121	
-3.9,-3.8,-4.6,-4.5,3868	
-3.9,-3.8,-5.7,-5.6,331	
-3.9,-3.8,-6.0,-5.9,143	
-3.9,-3.8,-6.8,-6.7,16	
-3.9,-3.8,-7.1,-7.0,6	
-3.9,-3.8,-7.9,-7.8,3	
-3.9,-3.8,-0.8,-0.7,14084	
-3.9,-3.8,-8.2,-8.1,2	
-3.9,-3.8,1.4,1.5,10829	
-3.9,-3.8,2.5,2.6,14579	
-3.9,-3.8,3.6,3.7,12312	
-3.9,-3.8,4.7,4.8,3324	
-3.9,-3.8,5.0,5.1,1799	
-3.9,-3.8,5.8,5.9,260	
-3.9,-3.8,6.1,6.2,114	
-3.9,-3.8,6.9,7.0,15	
-3.9,-3.8,0.7,0.8,14934	
-3.9,-3.8,7.2,7.3,5	
-0.4,-0.3,-10.5,-10.4,1	
-0.4,-0.3,-1.5,-1.4,8159	
-0.4,-0.3,-2.6,-2.5,21647	
-0.4,-0.3,-3.7,-3.6,18637	
-0.4,-0.3,-4.0,-3.9,16196	
-0.4,-0.3,-4.8,-4.7,15084	
-0.4,-0.3,-5.1,-5.0,17275	
-0.4,-0.3,-5.9,-5.8,21902	
-0.4,-0.3,-0.6,-0.5,2267	
-0.4,-0.3,-6.2,-6.1,21042	
-0.4,-0.3,-7.3,-7.2,8720	
-0.4,-0.3,-8.4,-8.3,1099	
-0.4,-0.3,-9.5,-9.4,52	
-0.4,-0.3,0.1,0.2,1470	
-0.4,-0.3,10.0,10.1,4	
-0.4,-0.3,1.2,1.3,5332	
-0.4,-0.3,2.3,2.4,18310	
-0.4,-0.3,3.4,3.5,21307	
-0.4,-0.3,4.5,4.6,14221	
-0.4,-0.3,5.6,5.7,20892	
-0.4,-0.3,6.7,6.8,16094	
-0.4,-0.3,7.0,7.1,12584	
-0.4,-0.3,7.8,7.9,3974	
-0.4,-0.3,8.1,8.2,2132	
-0.4,-0.3,8.9,9.0,289	
-0.4,-0.3,0.9,1.0,3369	
-0.4,-0.3,9.2,9.3,111	
-4.0,-3.9,-1.5,-1.4,10107	
-4.0,-3.9,-2.6,-2.5,13323	
-4.0,-3.9,-3.7,-3.6,10302	
-4.0,-3.9,-4.0,-3.9,8035	
-4.0,-3.9,-4.8,-4.7,2501	
-4.0,-3.9,-5.1,-5.0,1381	
-4.0,-3.9,-5.9,-5.8,188	
-4.0,-3.9,-0.6,-0.5,14751	
-4.0,-3.9,-6.2,-6.1,64	
-4.0,-3.9,-7.3,-7.2,5	
-4.0,-3.9,-8.4,-8.3,1	
-4.0,-3.9,0.1,0.2,17372	
-4.0,-3.9,1.2,1.3,10911	
-4.0,-3.9,2.3,2.4,12453	
-4.0,-3.9,3.4,3.5,12519	
-4.0,-3.9,4.5,4.6,4116	
-4.0,-3.9,5.6,5.7,393	
-4.0,-3.9,6.7,6.8,14	
-4.0,-3.9,7.0,7.1,2	
-4.0,-3.9,7.8,7.9,2	
-4.0,-3.9,0.9,1.0,12679	
-4.1,-4.0,-1.4,-1.3,9394	
-4.1,-4.0,-2.5,-2.4,11696	
-4.1,-4.0,-3.6,-3.5,9983	
-4.1,-4.0,-4.7,-4.6,2663	
-4.1,-4.0,-5.0,-4.9,1554	
-4.1,-4.0,-5.8,-5.7,222	
-4.1,-4.0,-6.1,-6.0,85	
-4.1,-4.0,-6.9,-6.8,6	
-4.1,-4.0,-0.7,-0.6,13642	
-4.1,-4.0,-7.2,-7.1,4	
-4.1,-4.0,-8.3,-8.2,1	
-4.1,-4.0,0.0,0.1,34056	
-4.1,-4.0,1.3,1.4,9882	
-4.1,-4.0,2.4,2.5,11480	
-4.1,-4.0,3.5,3.6,10588	
-4.1,-4.0,4.6,4.7,3087	
-4.1,-4.0,5.7,5.8,263	
-4.1,-4.0,6.0,6.1,121	
-4.1,-4.0,6.8,6.9,8	
-4.1,-4.0,7.1,7.2,4	
-4.1,-4.0,7.9,8.0,1	
-4.1,-4.0,0.8,0.9,12904	
-4.2,-4.1,-1.3,-1.2,9290	
-4.2,-4.1,-2.4,-2.3,10150	
-4.2,-4.1,-3.5,-3.4,9461	
-4.2,-4.1,-4.6,-4.5,2903	
-4.2,-4.1,-5.7,-5.6,266	
-4.2,-4.1,-6.0,-5.9,118	
-4.2,-4.1,-6.8,-6.7,9	
-4.2,-4.1,-7.1,-7.0,2	
-4.2,-4.1,-7.9,-7.8,2	
-4.2,-4.1,-0.8,-0.7,12434	
-4.2,-4.1,1.4,1.5,8915	
-4.2,-4.1,2.5,2.6,10487	
-4.2,-4.1,3.6,3.7,8912	
-4.2,-4.1,4.7,4.8,2396	
-4.2,-4.1,5.0,5.1,1364	
-4.2,-4.1,5.8,5.9,184	
-4.2,-4.1,6.1,6.2,83	
-4.2,-4.1,6.9,7.0,7	
-4.2,-4.1,0.7,0.8,13092	
-4.2,-4.1,7.2,7.3,1	
-4.3,-4.2,-0.1,0.0,15973	
-4.3,-4.2,-1.2,-1.1,9272	
-4.3,-4.2,-2.3,-2.2,8828	
-4.3,-4.2,-3.4,-3.3,8766	
-4.3,-4.2,-4.5,-4.4,2960	
-4.3,-4.2,-5.6,-5.5,315	
-4.3,-4.2,-6.7,-6.6,5	
-4.3,-4.2,-7.0,-6.9,1	
-4.3,-4.2,-7.8,-7.7,1	
-4.3,-4.2,-0.9,-0.8,11221	
-4.3,-4.2,1.5,1.6,7984	
-4.3,-4.2,2.6,2.7,9485	
-4.3,-4.2,3.7,3.8,7394	
-4.3,-4.2,4.0,4.1,5526	
-4.3,-4.2,4.8,4.9,1736	
-4.3,-4.2,5.1,5.2,948	
-4.3,-4.2,5.9,6.0,129	
-4.3,-4.2,0.6,0.7,13334	
-4.3,-4.2,6.2,6.3,53	
-4.3,-4.2,7.3,7.4,1	
-4.4,-4.3,-1.1,-1.0,9527	
-4.4,-4.3,-1.9,-1.8,7112	
-4.4,-4.3,-0.2,-0.1,15489	
-4.4,-4.3,-2.2,-2.1,7426	
-4.4,-4.3,-3.3,-3.2,7946	
-4.4,-4.3,-4.4,-4.3,2956	
-4.4,-4.3,-5.5,-5.4,327	
-4.4,-4.3,-6.6,-6.5,8	
-4.4,-4.3,1.6,1.7,7245	
-4.4,-4.3,2.7,2.8,8468	
-4.4,-4.3,3.0,3.1,8531	
-4.4,-4.3,3.8,3.9,5797	
-4.4,-4.3,4.1,4.2,4378	
-4.4,-4.3,4.9,5.0,1274	
-4.4,-4.3,0.5,0.6,13959	
-4.4,-4.3,5.2,5.3,705	
-4.4,-4.3,6.3,6.4,30	
-4.4,-4.3,7.4,7.5,1	
-4.5,-4.4,-1.0,-0.9,9952	
-4.5,-4.4,-1.8,-1.7,6727	
-4.5,-4.4,-2.1,-2.0,6463	
-4.5,-4.4,-2.9,-2.8,7412	
-4.5,-4.4,-0.3,-0.2,15010	
-4.5,-4.4,-3.2,-3.1,6956	
-4.5,-4.4,-4.3,-4.2,2871	
-4.5,-4.4,-5.4,-5.3,363	
-4.5,-4.4,-6.5,-6.4,21	
-4.5,-4.4,-7.6,-7.5,1	
-4.5,-4.4,1.7,1.8,6747	
-4.5,-4.4,2.0,2.1,6469	
-4.5,-4.4,2.8,2.9,7378	
-4.5,-4.4,3.1,3.2,7209	
-4.5,-4.4,3.9,4.0,4525	
-4.5,-4.4,0.4,0.5,14423	
-4.5,-4.4,4.2,4.3,3195	
-4.5,-4.4,5.3,5.4,454	
-4.5,-4.4,6.4,6.5,23	
-4.5,-4.4,7.5,7.6,1	
-4.6,-4.5,-1.7,-1.6,6162	
-4.6,-4.5,-2.0,-1.9,5794	
-4.6,-4.5,-2.8,-2.7,6383	
-4.6,-4.5,-3.1,-3.0,6041	
-4.6,-4.5,-3.9,-3.8,3874	
-4.6,-4.5,-0.4,-0.3,14476	
-4.6,-4.5,-4.2,-4.1,2789	
-4.6,-4.5,-5.3,-5.2,411	
-4.6,-4.5,-6.4,-6.3,14	
-4.6,-4.5,-7.5,-7.4,2	
-4.6,-4.5,1.0,1.1,9966	
-4.6,-4.5,1.8,1.9,6049	
-4.6,-4.5,2.1,2.2,5843	
-4.6,-4.5,2.9,3.0,6281	
-4.6,-4.5,0.3,0.4,14851	
-4.6,-4.5,3.2,3.3,5944	
-4.6,-4.5,4.3,4.4,2463	
-4.6,-4.5,5.4,5.5,291	
-4.6,-4.5,6.5,6.6,11	
-4.7,-4.6,-1.6,-1.5,6233	
-4.7,-4.6,-2.7,-2.6,5438	
-4.7,-4.6,-3.0,-2.9,5285	
-4.7,-4.6,-3.8,-3.7,3598	
-4.7,-4.6,-4.1,-4.0,2604	
-4.7,-4.6,-4.9,-4.8,736	
-4.7,-4.6,-0.5,-0.4,14088	
-4.7,-4.6,-5.2,-5.1,407	
-4.7,-4.6,-6.3,-6.2,17	
-4.7,-4.6,1.1,1.2,9195	
-4.7,-4.6,1.9,2.0,5472	
-4.7,-4.6,0.2,0.3,15983	
-4.7,-4.6,2.2,2.3,5131	
-4.7,-4.6,3.3,3.4,4863	
-4.7,-4.6,4.4,4.5,1837	
-4.7,-4.6,5.5,5.6,225	
-4.7,-4.6,6.6,6.7,8	
-4.8,-4.7,-1.5,-1.4,6425	
-4.8,-4.7,-2.6,-2.5,4622	
-4.8,-4.7,-3.7,-3.6,3367	
-4.8,-4.7,-4.0,-3.9,2470	
-4.8,-4.7,-4.8,-4.7,777	
-4.8,-4.7,-5.1,-5.0,455	
-4.8,-4.7,-5.9,-5.8,49	
-4.8,-4.7,-0.6,-0.5,13844	
-4.8,-4.7,-6.2,-6.1,28	
-4.8,-4.7,-7.3,-7.2,1	
-4.8,-4.7,0.1,0.2,16721	
-4.8,-4.7,1.2,1.3,8559	
-4.8,-4.7,2.3,2.4,4567	
-4.8,-4.7,3.4,3.5,3958	
-4.8,-4.7,4.5,4.6,1330	
-4.8,-4.7,5.6,5.7,136	
-4.8,-4.7,6.7,6.8,3	
-4.8,-4.7,0.9,1.0,11235	
-4.9,-4.8,-1.4,-1.3,6918	
-4.9,-4.8,-2.5,-2.4,3844	
-4.9,-4.8,-3.6,-3.5,2900	
-4.9,-4.8,-4.7,-4.6,801	
-4.9,-4.8,-5.0,-4.9,484	
-4.9,-4.8,-5.8,-5.7,66	
-4.9,-4.8,-6.1,-6.0,26	
-4.9,-4.8,-6.9,-6.8,4	
-4.9,-4.8,-0.7,-0.6,13339	
-4.9,-4.8,-7.2,-7.1,1	
-4.9,-4.8,0.0,0.1,34625	
-4.9,-4.8,1.3,1.4,7974	
-4.9,-4.8,2.4,2.5,3863	
-4.9,-4.8,3.5,3.6,3082	
-4.9,-4.8,4.6,4.7,975	
-4.9,-4.8,5.7,5.8,79	
-4.9,-4.8,6.0,6.1,32	
-4.9,-4.8,6.8,6.9,2	
-4.9,-4.8,7.1,7.2,1	
-4.9,-4.8,0.8,0.9,12393	
-0.5,-0.4,-1.4,-1.3,6847	
-0.5,-0.4,-2.5,-2.4,19959	
-0.5,-0.4,-3.6,-3.5,18993	
-0.5,-0.4,-4.7,-4.6,14253	
-0.5,-0.4,-5.0,-4.9,15658	
-0.5,-0.4,-5.8,-5.7,20584	
-0.5,-0.4,-6.1,-6.0,20310	
-0.5,-0.4,-6.9,-6.8,13257	
-0.5,-0.4,-0.7,-0.6,2745	
-0.5,-0.4,-7.2,-7.1,9294	
-0.5,-0.4,-8.3,-8.2,1317	
-0.5,-0.4,-9.4,-9.3,59	
-0.5,-0.4,0.0,0.1,3600	
-0.5,-0.4,1.3,1.4,6111	
-0.5,-0.4,2.4,2.5,18972	
-0.5,-0.4,3.5,3.6,19902	
-0.5,-0.4,4.6,4.7,13868	
-0.5,-0.4,5.7,5.8,20420	
-0.5,-0.4,6.0,6.1,20492	
-0.5,-0.4,6.8,6.9,14269	
-0.5,-0.4,7.1,7.2,10328	
-0.5,-0.4,7.9,8.0,3028	
-0.5,-0.4,0.8,0.9,2975	
-0.5,-0.4,8.2,8.3,1632	
-0.5,-0.4,9.3,9.4,66	
-5.0,-4.9,-1.6,-1.5,5851	
-5.0,-4.9,-2.7,-2.6,3282	
-5.0,-4.9,-3.0,-2.9,3209	
-5.0,-4.9,-3.8,-3.7,2070	
-5.0,-4.9,-4.1,-4.0,1563	
-5.0,-4.9,-4.9,-4.8,454	
-5.0,-4.9,-0.5,-0.4,15850	
-5.0,-4.9,-5.2,-5.1,209	
-5.0,-4.9,-6.3,-6.2,12	
-5.0,-4.9,1.1,1.2,9926	
-5.0,-4.9,1.9,2.0,4397	
-5.0,-4.9,0.2,0.3,17563	
-5.0,-4.9,2.2,2.3,3616	
-5.0,-4.9,3.3,3.4,2832	
-5.0,-4.9,4.4,4.5,1069	
-5.0,-4.9,5.5,5.6,126	
-5.0,-4.9,6.6,6.7,8	
-5.1,-5.0,-1.5,-1.4,6540	
-5.1,-5.0,-2.6,-2.5,2813	
-5.1,-5.0,-3.7,-3.6,1732	
-5.1,-5.0,-4.0,-3.9,1362	
-5.1,-5.0,-4.8,-4.7,465	
-5.1,-5.0,-5.1,-5.0,224	
-5.1,-5.0,-5.9,-5.8,30	
-5.1,-5.0,-0.6,-0.5,15512	
-5.1,-5.0,-6.2,-6.1,11	
-5.1,-5.0,0.1,0.2,18815	
-5.1,-5.0,1.2,1.3,9264	
-5.1,-5.0,2.3,2.4,3160	
-5.1,-5.0,3.4,3.5,2108	
-5.1,-5.0,4.5,4.6,712	
-5.1,-5.0,5.6,5.7,69	
-5.1,-5.0,6.7,6.8,1	
-5.1,-5.0,7.0,7.1,3	
-5.1,-5.0,0.9,1.0,12315	
-5.2,-5.1,-1.4,-1.3,7563	
-5.2,-5.1,-2.5,-2.4,2510	
-5.2,-5.1,-3.6,-3.5,1622	
-5.2,-5.1,-4.7,-4.6,369	
-5.2,-5.1,-5.0,-4.9,231	
-5.2,-5.1,-5.8,-5.7,32	
-5.2,-5.1,-6.1,-6.0,14	
-5.2,-5.1,-6.9,-6.8,1	
-5.2,-5.1,-0.7,-0.6,15189	
-5.2,-5.1,0.0,0.1,39889	
-5.2,-5.1,1.3,1.4,8521	
-5.2,-5.1,2.4,2.5,2549	
-5.2,-5.1,3.5,3.6,1682	
-5.2,-5.1,4.6,4.7,502	
-5.2,-5.1,5.7,5.8,37	
-5.2,-5.1,6.0,6.1,11	
-5.2,-5.1,0.8,0.9,14081	
-5.3,-5.2,-1.3,-1.2,8759	
-5.3,-5.2,-2.4,-2.3,2366	
-5.3,-5.2,-3.5,-3.4,1293	
-5.3,-5.2,-4.6,-4.5,371	
-5.3,-5.2,-5.7,-5.6,36	
-5.3,-5.2,-6.0,-5.9,12	
-5.3,-5.2,-6.8,-6.7,1	
-5.3,-5.2,-0.8,-0.7,14783	
-5.3,-5.2,1.4,1.5,7710	
-5.3,-5.2,2.5,2.6,2177	
-5.3,-5.2,3.6,3.7,1176	
-5.3,-5.2,4.7,4.8,324	
-5.3,-5.2,5.0,5.1,194	
-5.3,-5.2,5.8,5.9,19	
-5.3,-5.2,6.1,6.2,9	
-5.3,-5.2,6.9,7.0,1	
-5.3,-5.2,0.7,0.8,15686	
-5.4,-5.3,-0.1,0.0,21726	
-5.4,-5.3,-1.2,-1.1,10290	
-5.4,-5.3,-2.3,-2.2,2410	
-5.4,-5.3,-3.4,-3.3,1164	
-5.4,-5.3,-4.5,-4.4,360	
-5.4,-5.3,-5.6,-5.5,32	
-5.4,-5.3,-6.7,-6.6,1	
-5.4,-5.3,-0.9,-0.8,13938	
-5.4,-5.3,1.5,1.6,7002	
-5.4,-5.3,2.6,2.7,1797	
-5.4,-5.3,3.7,3.8,944	
-5.4,-5.3,4.0,4.1,719	
-5.4,-5.3,4.8,4.9,202	
-5.4,-5.3,5.1,5.2,116	
-5.4,-5.3,5.9,6.0,14	
-5.4,-5.3,0.6,0.7,17654	
-5.4,-5.3,6.2,6.3,9	
-5.5,-5.4,-1.1,-1.0,11752	
-5.5,-5.4,-1.9,-1.8,3903	
-5.5,-5.4,-0.2,-0.1,22003	
-5.5,-5.4,-2.2,-2.1,2512	
-5.5,-5.4,-3.3,-3.2,987	
-5.5,-5.4,-4.4,-4.3,301	
-5.5,-5.4,-5.5,-5.4,32	
-5.5,-5.4,-6.6,-6.5,1	
-5.5,-5.4,1.6,1.7,6234	
-5.5,-5.4,2.7,2.8,1426	
-5.5,-5.4,3.0,3.1,1131	
-5.5,-5.4,3.8,3.9,648	
-5.5,-5.4,4.1,4.2,502	
-5.5,-5.4,4.9,5.0,151	
-5.5,-5.4,0.5,0.6,19421	
-5.5,-5.4,5.2,5.3,81	
-5.6,-5.5,-1.0,-0.9,13430	
-5.6,-5.5,-1.8,-1.7,4551	
-5.6,-5.5,-2.1,-2.0,2762	
-5.6,-5.5,-2.9,-2.8,1012	
-5.6,-5.5,-0.3,-0.2,21955	
-5.6,-5.5,-3.2,-3.1,800	
-5.6,-5.5,-4.3,-4.2,292	
-5.6,-5.5,-5.4,-5.3,29	
-5.6,-5.5,-6.5,-6.4,3	
-5.6,-5.5,1.7,1.8,5302	
-5.6,-5.5,2.0,2.1,3296	
-5.6,-5.5,2.8,2.9,1090	
-5.6,-5.5,3.1,3.2,886	
-5.6,-5.5,3.9,4.0,468	
-5.6,-5.5,0.4,0.5,20889	
-5.6,-5.5,4.2,4.3,347	
-5.6,-5.5,5.3,5.4,41	
-5.6,-5.5,6.4,6.5,3	
-5.7,-5.6,-1.7,-1.6,5453	
-5.7,-5.6,-2.0,-1.9,3257	
-5.7,-5.6,-2.8,-2.7,927	
-5.7,-5.6,-3.1,-3.0,690	
-5.7,-5.6,-3.9,-3.8,383	
-5.7,-5.6,-0.4,-0.3,21431	
-5.7,-5.6,-4.2,-4.1,256	
-5.7,-5.6,-5.3,-5.2,39	
-5.7,-5.6,1.0,1.1,13883	
-5.7,-5.6,1.8,1.9,4559	
-5.7,-5.6,2.1,2.2,2695	
-5.7,-5.6,2.9,3.0,840	
-5.7,-5.6,0.3,0.4,22276	
-5.7,-5.6,3.2,3.3,639	
-5.7,-5.6,4.3,4.4,246	
-5.7,-5.6,5.4,5.5,38	
-5.7,-5.6,6.5,6.6,2	
-5.8,-5.7,-1.6,-1.5,6372	
-5.8,-5.7,-2.7,-2.6,915	
-5.8,-5.7,-3.0,-2.9,569	
-5.8,-5.7,-3.8,-3.7,290	
-5.8,-5.7,-4.1,-4.0,200	
-5.8,-5.7,-4.9,-4.8,50	
-5.8,-5.7,-0.5,-0.4,20344	
-5.8,-5.7,-5.2,-5.1,35	
-5.8,-5.7,-6.3,-6.2,1	
-5.8,-5.7,1.1,1.2,12378	
-5.8,-5.7,1.9,2.0,3719	
-5.8,-5.7,0.2,0.3,23241	
-5.8,-5.7,2.2,2.3,2207	
-5.8,-5.7,3.3,3.4,477	
-5.8,-5.7,4.4,4.5,161	
-5.8,-5.7,5.5,5.6,11	
-5.9,-5.8,-1.5,-1.4,7248	
-5.9,-5.8,-2.6,-2.5,1021	
-5.9,-5.8,-3.7,-3.6,250	
-5.9,-5.8,-4.0,-3.9,194	
-5.9,-5.8,-4.8,-4.7,69	
-5.9,-5.8,-5.1,-5.0,31	
-5.9,-5.8,-5.9,-5.8,11	
-5.9,-5.8,-0.6,-0.5,19674	
-5.9,-5.8,-6.2,-6.1,1	
-5.9,-5.8,0.1,0.2,23823	
-5.9,-5.8,1.2,1.3,11104	
-5.9,-5.8,2.3,2.4,1828	
-5.9,-5.8,3.4,3.5,375	
-5.9,-5.8,4.5,4.6,94	
-5.9,-5.8,5.6,5.7,12	
-5.9,-5.8,0.9,1.0,15337	
-0.6,-0.5,-1.3,-1.2,6050	
-0.6,-0.5,-2.4,-2.3,18081	
-0.6,-0.5,-3.5,-3.4,19227	
-0.6,-0.5,-4.6,-4.5,13135	
-0.6,-0.5,-5.7,-5.6,19336	
-0.6,-0.5,-6.0,-5.9,19481	
-0.6,-0.5,-6.8,-6.7,13561	
-0.6,-0.5,-7.1,-7.0,10073	
-0.6,-0.5,-7.9,-7.8,2971	
-0.6,-0.5,-0.8,-0.7,3190	
-0.6,-0.5,-8.2,-8.1,1589	
-0.6,-0.5,-9.3,-9.2,66	
-0.6,-0.5,1.4,1.5,6834	
-0.6,-0.5,2.5,2.6,18922	
-0.6,-0.5,3.6,3.7,18005	
-0.6,-0.5,4.7,4.8,13369	
-0.6,-0.5,5.0,5.1,14886	
-0.6,-0.5,5.8,5.9,19151	
-0.6,-0.5,6.1,6.2,19035	
-0.6,-0.5,6.9,7.0,12483	
-0.6,-0.5,0.7,0.8,2869	
-0.6,-0.5,7.2,7.3,8699	
-0.6,-0.5,8.3,8.4,1196	
-0.6,-0.5,9.4,9.5,51	
-6.0,-5.9,-1.7,-1.6,5226	
-6.0,-5.9,-2.0,-1.9,3138	
-6.0,-5.9,-2.8,-2.7,633	
-6.0,-5.9,-3.1,-3.0,422	
-6.0,-5.9,-3.9,-3.8,159	
-6.0,-5.9,-0.4,-0.3,21529	
-6.0,-5.9,-4.2,-4.1,109	
-6.0,-5.9,-5.3,-5.2,12	
-6.0,-5.9,-6.4,-6.3,2	
-6.0,-5.9,1.0,1.1,13915	
-6.0,-5.9,1.8,1.9,4469	
-6.0,-5.9,2.1,2.2,2649	
-6.0,-5.9,2.9,3.0,509	
-6.0,-5.9,0.3,0.4,22861	
-6.0,-5.9,3.2,3.3,370	
-6.0,-5.9,4.3,4.4,84	
-6.0,-5.9,5.4,5.5,13	
-6.1,-6.0,-1.6,-1.5,6185	
-6.1,-6.0,-2.7,-2.6,744	
-6.1,-6.0,-3.0,-2.9,427	
-6.1,-6.0,-3.8,-3.7,129	
-6.1,-6.0,-4.1,-4.0,89	
-6.1,-6.0,-4.9,-4.8,23	
-6.1,-6.0,-0.5,-0.4,20463	
-6.1,-6.0,-5.2,-5.1,13	
-6.1,-6.0,-6.3,-6.2,1	
-6.1,-6.0,1.1,1.2,12238	
-6.1,-6.0,1.9,2.0,3706	
-6.1,-6.0,0.2,0.3,23087	
-6.1,-6.0,2.2,2.3,1962	
-6.1,-6.0,3.3,3.4,228	
-6.1,-6.0,4.4,4.5,55	
-6.1,-6.0,5.5,5.6,11	
-6.1,-6.0,6.6,6.7,1	
-6.2,-6.1,-1.5,-1.4,7025	
-6.2,-6.1,-2.6,-2.5,784	
-6.2,-6.1,-3.7,-3.6,115	
-6.2,-6.1,-4.0,-3.9,101	
-6.2,-6.1,-4.8,-4.7,21	
-6.2,-6.1,-5.1,-5.0,14	
-6.2,-6.1,-0.6,-0.5,18707	
-6.2,-6.1,0.1,0.2,22876	
-6.2,-6.1,1.2,1.3,10582	
-6.2,-6.1,2.3,2.4,1519	
-6.2,-6.1,3.4,3.5,163	
-6.2,-6.1,4.5,4.6,39	
-6.2,-6.1,5.6,5.7,3	
-6.2,-6.1,0.9,1.0,14874	
-6.3,-6.2,-1.4,-1.3,8020	
-6.3,-6.2,-2.5,-2.4,907	
-6.3,-6.2,-3.6,-3.5,102	
-6.3,-6.2,-4.7,-4.6,25	
-6.3,-6.2,-5.0,-4.9,14	
-6.3,-6.2,-5.8,-5.7,1	
-6.3,-6.2,-6.1,-6.0,4	
-6.3,-6.2,-0.7,-0.6,16987	
-6.3,-6.2,0.0,0.1,45288	
-6.3,-6.2,1.3,1.4,9037	
-6.3,-6.2,2.4,2.5,1229	
-6.3,-6.2,3.5,3.6,121	
-6.3,-6.2,4.6,4.7,32	
-6.3,-6.2,5.7,5.8,2	
-6.3,-6.2,6.0,6.1,1	
-6.3,-6.2,0.8,0.9,15841	
-6.4,-6.3,-1.3,-1.2,8662	
-6.4,-6.3,-2.4,-2.3,1122	
-6.4,-6.3,-3.5,-3.4,90	
-6.4,-6.3,-4.6,-4.5,21	
-6.4,-6.3,-6.0,-5.9,1	
-6.4,-6.3,-0.8,-0.7,15079	
-6.4,-6.3,1.4,1.5,7561	
-6.4,-6.3,2.5,2.6,917	
-6.4,-6.3,3.6,3.7,83	
-6.4,-6.3,4.7,4.8,9	
-6.4,-6.3,5.0,5.1,3	
-6.4,-6.3,6.1,6.2,3	
-6.4,-6.3,0.7,0.8,16391	
-6.5,-6.4,-0.1,0.0,20489	
-6.5,-6.4,-1.2,-1.1,9153	
-6.5,-6.4,-2.3,-2.2,1407	
-6.5,-6.4,-3.4,-3.3,89	
-6.5,-6.4,-4.5,-4.4,11	
-6.5,-6.4,-5.6,-5.5,3	
-6.5,-6.4,-0.9,-0.8,13035	
-6.5,-6.4,1.5,1.6,6143	
-6.5,-6.4,2.6,2.7,682	
-6.5,-6.4,3.7,3.8,49	
-6.5,-6.4,4.0,4.1,33	
-6.5,-6.4,4.8,4.9,8	
-6.5,-6.4,5.1,5.2,3	
-6.5,-6.4,0.6,0.7,16656	
-6.6,-6.5,-1.1,-1.0,9948	
-6.6,-6.5,-1.9,-1.8,2870	
-6.6,-6.5,-0.2,-0.1,18729	
-6.6,-6.5,-2.2,-2.1,1539	
-6.6,-6.5,-3.3,-3.2,97	
-6.6,-6.5,-4.4,-4.3,8	
-6.6,-6.5,-5.5,-5.4,2	
-6.6,-6.5,1.6,1.7,4964	
-6.6,-6.5,2.7,2.8,503	
-6.6,-6.5,3.0,3.1,214	
-6.6,-6.5,3.8,3.9,33	
-6.6,-6.5,4.1,4.2,17	
-6.6,-6.5,4.9,5.0,5	
-6.6,-6.5,0.5,0.6,16500	
-6.6,-6.5,5.2,5.3,1	
-6.7,-6.6,-1.0,-0.9,10417	
-6.7,-6.6,-1.8,-1.7,3319	
-6.7,-6.6,-2.1,-2.0,1762	
-6.7,-6.6,-2.9,-2.8,249	
-6.7,-6.6,-0.3,-0.2,16836	
-6.7,-6.6,-3.2,-3.1,147	
-6.7,-6.6,-4.3,-4.2,10	
-6.7,-6.6,1.7,1.8,3968	
-6.7,-6.6,2.0,2.1,2290	
-6.7,-6.6,2.8,2.9,368	
-6.7,-6.6,3.1,3.2,188	
-6.7,-6.6,3.9,4.0,19	
-6.7,-6.6,0.4,0.5,16249	
-6.7,-6.6,4.2,4.3,16	
-6.7,-6.6,5.3,5.4,2	
-6.8,-6.7,-1.7,-1.6,3530	
-6.8,-6.7,-2.0,-1.9,2052	
-6.8,-6.7,-2.8,-2.7,305	
-6.8,-6.7,-3.1,-3.0,116	
-6.8,-6.7,-3.9,-3.8,12	
-6.8,-6.7,-0.4,-0.3,15039	
-6.8,-6.7,-4.2,-4.1,9	
-6.8,-6.7,1.0,1.1,9421	
-6.8,-6.7,1.8,1.9,3046	
-6.8,-6.7,2.1,2.2,1612	
-6.8,-6.7,2.9,3.0,203	
-6.8,-6.7,0.3,0.4,15552	
-6.8,-6.7,3.2,3.3,91	
-6.8,-6.7,4.3,4.4,12	
-6.8,-6.7,5.4,5.5,1	
-6.9,-6.8,-1.6,-1.5,4021	
-6.9,-6.8,-2.7,-2.6,402	
-6.9,-6.8,-3.0,-2.9,157	
-6.9,-6.8,-3.8,-3.7,19	
-6.9,-6.8,-4.1,-4.0,2	
-6.9,-6.8,-4.9,-4.8,3	
-6.9,-6.8,-0.5,-0.4,13052	
-6.9,-6.8,-5.2,-5.1,1	
-6.9,-6.8,1.1,1.2,7866	
-6.9,-6.8,1.9,2.0,2215	
-6.9,-6.8,0.2,0.3,14671	
-6.9,-6.8,2.2,2.3,1203	
-6.9,-6.8,3.3,3.4,76	
-6.9,-6.8,4.4,4.5,6	
-0.7,-0.6,-0.1,0.0,2263	
-0.7,-0.6,-10.0,-9.9,3	
-0.7,-0.6,-1.2,-1.1,5124	
-0.7,-0.6,-2.3,-2.2,16446	
-0.7,-0.6,-3.4,-3.3,18744	
-0.7,-0.6,-4.5,-4.4,12145	
-0.7,-0.6,-5.6,-5.5,17434	
-0.7,-0.6,-6.7,-6.6,13642	
-0.7,-0.6,-7.0,-6.9,10583	
-0.7,-0.6,-7.8,-7.7,3288	
-0.7,-0.6,-8.1,-8.0,1817	
-0.7,-0.6,-8.9,-8.8,220	
-0.7,-0.6,-0.9,-0.8,3720	
-0.7,-0.6,-9.2,-9.1,85	
-0.7,-0.6,1.5,1.6,7617	
-0.7,-0.6,2.6,2.7,18834	
-0.7,-0.6,3.7,3.8,16433	
-0.7,-0.6,4.0,4.1,14130	
-0.7,-0.6,4.8,4.9,12857	
-0.7,-0.6,5.1,5.2,14312	
-0.7,-0.6,5.9,6.0,18130	
-0.7,-0.6,0.6,0.7,2857	
-0.7,-0.6,6.2,6.3,17330	
-0.7,-0.6,7.3,7.4,7164	
-0.7,-0.6,8.4,8.5,873	
-0.7,-0.6,9.5,9.6,36	
-7.0,-6.9,-1.0,-0.9,8104	
-7.0,-6.9,-1.8,-1.7,2526	
-7.0,-6.9,-2.1,-2.0,1355	
-7.0,-6.9,-2.9,-2.8,150	
-7.0,-6.9,-0.3,-0.2,12951	
-7.0,-6.9,-3.2,-3.1,71	
-7.0,-6.9,-4.3,-4.2,3	
-7.0,-6.9,-5.4,-5.3,1	
-7.0,-6.9,1.7,1.8,3047	
-7.0,-6.9,2.0,2.1,1679	
-7.0,-6.9,2.8,2.9,234	
-7.0,-6.9,3.1,3.2,104	
-7.0,-6.9,3.9,4.0,12	
-7.0,-6.9,0.4,0.5,12469	
-7.0,-6.9,4.2,4.3,2	
-7.1,-7.0,-1.7,-1.6,2733	
-7.1,-7.0,-2.0,-1.9,1498	
-7.1,-7.0,-2.8,-2.7,212	
-7.1,-7.0,-3.1,-3.0,96	
-7.1,-7.0,-3.9,-3.8,7	
-7.1,-7.0,-0.4,-0.3,11009	
-7.1,-7.0,-4.2,-4.1,3	
-7.1,-7.0,1.0,1.1,7096	
-7.1,-7.0,1.8,1.9,2223	
-7.1,-7.0,2.1,2.2,1227	
-7.1,-7.0,2.9,3.0,159	
-7.1,-7.0,0.3,0.4,11361	
-7.1,-7.0,3.2,3.3,61	
-7.1,-7.0,4.3,4.4,3	
-7.2,-7.1,-1.6,-1.5,2807	
-7.2,-7.1,-2.7,-2.6,247	
-7.2,-7.1,-3.0,-2.9,103	
-7.2,-7.1,-3.8,-3.7,21	
-7.2,-7.1,-4.1,-4.0,2	
-7.2,-7.1,-0.5,-0.4,9300	
-7.2,-7.1,1.1,1.2,5716	
-7.2,-7.1,1.9,2.0,1666	
-7.2,-7.1,0.2,0.3,10566	
-7.2,-7.1,2.2,2.3,849	
-7.2,-7.1,3.3,3.4,51	
-7.2,-7.1,4.4,4.5,2	
-7.3,-7.2,-1.5,-1.4,2841	
-7.3,-7.2,-2.6,-2.5,296	
-7.3,-7.2,-3.7,-3.6,6	
-7.3,-7.2,-4.0,-3.9,1	
-7.3,-7.2,-4.8,-4.7,1	
-7.3,-7.2,-0.6,-0.5,7641	
-7.3,-7.2,0.1,0.2,9406	
-7.3,-7.2,1.2,1.3,4493	
-7.3,-7.2,2.3,2.4,641	
-7.3,-7.2,3.4,3.5,26	
-7.3,-7.2,4.5,4.6,1	
-7.3,-7.2,0.9,1.0,6067	
-7.4,-7.3,-1.4,-1.3,2905	
-7.4,-7.3,-2.5,-2.4,302	
-7.4,-7.3,-3.6,-3.5,14	
-7.4,-7.3,-0.7,-0.6,6233	
-7.4,-7.3,0.0,0.1,16810	
-7.4,-7.3,1.3,1.4,3417	
-7.4,-7.3,2.4,2.5,397	
-7.4,-7.3,3.5,3.6,18	
-7.4,-7.3,4.6,4.7,1	
-7.4,-7.3,0.8,0.9,5693	
-7.5,-7.4,-1.3,-1.2,2866	
-7.5,-7.4,-2.4,-2.3,368	
-7.5,-7.4,-3.5,-3.4,15	
-7.5,-7.4,-4.6,-4.5,1	
-7.5,-7.4,-0.8,-0.7,5003	
-7.5,-7.4,1.4,1.5,2536	
-7.5,-7.4,2.5,2.6,279	
-7.5,-7.4,3.6,3.7,16	
-7.5,-7.4,5.8,5.9,1	
-7.5,-7.4,0.7,0.8,5382	
-7.6,-7.5,-0.1,0.0,6062	
-7.6,-7.5,-1.2,-1.1,2873	
-7.6,-7.5,-2.3,-2.2,404	
-7.6,-7.5,-3.4,-3.3,15	
-7.6,-7.5,-0.9,-0.8,3916	
-7.6,-7.5,1.5,1.6,1856	
-7.6,-7.5,2.6,2.7,182	
-7.6,-7.5,3.7,3.8,7	
-7.6,-7.5,4.0,4.1,1	
-7.6,-7.5,0.6,0.7,4941	
-7.7,-7.6,-1.1,-1.0,2586	
-7.7,-7.6,-1.9,-1.8,750	
-7.7,-7.6,-0.2,-0.1,5031	
-7.7,-7.6,-2.2,-2.1,386	
-7.7,-7.6,-3.3,-3.2,22	
-7.7,-7.6,1.6,1.7,1377	
-7.7,-7.6,2.7,2.8,121	
-7.7,-7.6,3.0,3.1,54	
-7.7,-7.6,3.8,3.9,6	
-7.7,-7.6,4.1,4.2,1	
-7.7,-7.6,0.5,0.6,4350	
-7.8,-7.7,-1.0,-0.9,2556	
-7.8,-7.7,-1.8,-1.7,744	
-7.8,-7.7,-2.1,-2.0,457	
-7.8,-7.7,-2.9,-2.8,55	
-7.8,-7.7,-0.3,-0.2,4005	
-7.8,-7.7,-3.2,-3.1,19	
-7.8,-7.7,1.7,1.8,944	
-7.8,-7.7,2.0,2.1,570	
-7.8,-7.7,2.8,2.9,83	
-7.8,-7.7,3.1,3.2,35	
-7.8,-7.7,3.9,4.0,2	
-7.8,-7.7,0.4,0.5,3940	
-7.9,-7.8,-1.7,-1.6,788	
-7.9,-7.8,-2.0,-1.9,419	
-7.9,-7.8,-2.8,-2.7,76	
-7.9,-7.8,-3.1,-3.0,21	
-7.9,-7.8,-3.9,-3.8,4	
-7.9,-7.8,-0.4,-0.3,3275	
-7.9,-7.8,1.0,1.1,2103	
-7.9,-7.8,1.8,1.9,671	
-7.9,-7.8,2.1,2.2,342	
-7.9,-7.8,2.9,3.0,50	
-7.9,-7.8,0.3,0.4,3355	
-7.9,-7.8,3.2,3.3,16	
-0.8,-0.7,-10.1,-10.0,2	
-0.8,-0.7,-1.1,-1.0,4669	
-0.8,-0.7,-1.9,-1.8,11141	
-0.8,-0.7,-0.2,-0.1,2749	
-0.8,-0.7,-2.2,-2.1,14499	
-0.8,-0.7,-3.3,-3.2,18698	
-0.8,-0.7,-4.4,-4.3,11677	
-0.8,-0.7,-5.5,-5.4,15699	
-0.8,-0.7,-6.6,-6.5,13387	
-0.8,-0.7,-7.7,-7.6,3629	
-0.8,-0.7,-8.0,-7.9,2029	
-0.8,-0.7,-8.8,-8.7,293	
-0.8,-0.7,-9.1,-9.0,111	
-0.8,-0.7,-9.9,-9.8,7	
-0.8,-0.7,10.4,10.5,1	
-0.8,-0.7,1.6,1.7,8321	
-0.8,-0.7,2.7,2.8,18417	
-0.8,-0.7,3.0,3.1,19040	
-0.8,-0.7,3.8,3.9,14909	
-0.8,-0.7,4.1,4.2,12717	
-0.8,-0.7,4.9,5.0,12434	
-0.8,-0.7,0.5,0.6,2891	
-0.8,-0.7,5.2,5.3,14101	
-0.8,-0.7,6.3,6.4,15876	
-0.8,-0.7,7.4,7.5,5834	
-0.8,-0.7,8.5,8.6,654	
-0.8,-0.7,9.6,9.7,22	
-8.0,-7.9,-1.1,-1.0,1482	
-8.0,-7.9,-1.9,-1.8,451	
-8.0,-7.9,-0.2,-0.1,2897	
-8.0,-7.9,-2.2,-2.1,240	
-8.0,-7.9,-3.3,-3.2,12	
-8.0,-7.9,1.6,1.7,722	
-8.0,-7.9,2.7,2.8,55	
-8.0,-7.9,3.0,3.1,32	
-8.0,-7.9,3.8,3.9,1	
-8.0,-7.9,0.5,0.6,2422	
-8.1,-8.0,-1.0,-0.9,1464	
-8.1,-8.0,-1.8,-1.7,468	
-8.1,-8.0,-2.1,-2.0,227	
-8.1,-8.0,-2.9,-2.8,38	
-8.1,-8.0,-0.3,-0.2,2284	
-8.1,-8.0,-3.2,-3.1,14	
-8.1,-8.0,-4.3,-4.2,1	
-8.1,-8.0,1.7,1.8,516	
-8.1,-8.0,2.0,2.1,281	
-8.1,-8.0,2.8,2.9,52	
-8.1,-8.0,3.1,3.2,15	
-8.1,-8.0,0.4,0.5,2111	
-8.2,-8.1,-1.7,-1.6,447	
-8.2,-8.1,-2.0,-1.9,240	
-8.2,-8.1,-2.8,-2.7,27	
-8.2,-8.1,-3.1,-3.0,10	
-8.2,-8.1,-0.4,-0.3,1763	
-8.2,-8.1,1.0,1.1,1113	
-8.2,-8.1,1.8,1.9,365	
-8.2,-8.1,2.1,2.2,219	
-8.2,-8.1,2.9,3.0,25	
-8.2,-8.1,0.3,0.4,1843	
-8.2,-8.1,3.2,3.3,5	
-8.3,-8.2,-1.6,-1.5,398	
-8.3,-8.2,-2.7,-2.6,39	
-8.3,-8.2,-3.0,-2.9,15	
-8.3,-8.2,-3.8,-3.7,1	
-8.3,-8.2,-0.5,-0.4,1339	
-8.3,-8.2,1.1,1.2,793	
-8.3,-8.2,1.9,2.0,243	
-8.3,-8.2,0.2,0.3,1340	
-8.3,-8.2,2.2,2.3,135	
-8.3,-8.2,3.3,3.4,6	
-8.4,-8.3,-1.5,-1.4,400	
-8.4,-8.3,-2.6,-2.5,43	
-8.4,-8.3,-0.6,-0.5,994	
-8.4,-8.3,0.1,0.2,1133	
-8.4,-8.3,1.2,1.3,541	
-8.4,-8.3,2.3,2.4,70	
-8.4,-8.3,3.4,3.5,5	
-8.4,-8.3,0.9,1.0,803	
-8.5,-8.4,-1.4,-1.3,320	
-8.5,-8.4,-2.5,-2.4,39	
-8.5,-8.4,-3.6,-3.5,2	
-8.5,-8.4,-0.7,-0.6,681	
-8.5,-8.4,0.0,0.1,1836	
-8.5,-8.4,1.3,1.4,423	
-8.5,-8.4,2.4,2.5,42	
-8.5,-8.4,3.5,3.6,3	
-8.5,-8.4,0.8,0.9,660	
-8.6,-8.5,-1.3,-1.2,300	
-8.6,-8.5,-2.4,-2.3,40	
-8.6,-8.5,-3.5,-3.4,2	
-8.6,-8.5,-0.8,-0.7,514	
-8.6,-8.5,1.4,1.5,265	
-8.6,-8.5,2.5,2.6,28	
-8.6,-8.5,3.6,3.7,3	
-8.6,-8.5,0.7,0.8,533	
-8.7,-8.6,-0.1,0.0,535	
-8.7,-8.6,-1.2,-1.1,253	
-8.7,-8.6,-2.3,-2.2,43	
-8.7,-8.6,-3.4,-3.3,2	
-8.7,-8.6,-0.9,-0.8,338	
-8.7,-8.6,1.5,1.6,136	
-8.7,-8.6,2.6,2.7,14	
-8.7,-8.6,4.0,4.1,2	
-8.7,-8.6,0.6,0.7,466	
-8.8,-8.7,-1.1,-1.0,226	
-8.8,-8.7,-1.9,-1.8,49	
-8.8,-8.7,-0.2,-0.1,375	
-8.8,-8.7,-2.2,-2.1,38	
-8.8,-8.7,1.6,1.7,96	
-8.8,-8.7,2.7,2.8,10	
-8.8,-8.7,3.0,3.1,5	
-8.8,-8.7,0.5,0.6,337	
-8.9,-8.8,-1.0,-0.9,185	
-8.9,-8.8,-1.8,-1.7,53	
-8.9,-8.8,-2.1,-2.0,34	
-8.9,-8.8,-2.9,-2.8,3	
-8.9,-8.8,-0.3,-0.2,288	
-8.9,-8.8,1.7,1.8,60	
-8.9,-8.8,2.0,2.1,35	
-8.9,-8.8,2.8,2.9,8	
-8.9,-8.8,3.1,3.2,2	
-8.9,-8.8,0.4,0.5,283	
-0.9,-0.8,-1.0,-0.9,4510	
-0.9,-0.8,-10.2,-10.1,1	
-0.9,-0.8,-1.8,-1.7,9944	
-0.9,-0.8,-2.1,-2.0,13073	
-0.9,-0.8,-2.9,-2.8,18433	
-0.9,-0.8,-0.3,-0.2,3246	
-0.9,-0.8,-3.2,-3.1,17899	
-0.9,-0.8,-4.3,-4.2,11086	
-0.9,-0.8,-5.4,-5.3,13989	
-0.9,-0.8,-6.5,-6.4,13089	
-0.9,-0.8,-7.6,-7.5,3933	
-0.9,-0.8,-8.7,-8.6,333	
-0.9,-0.8,-9.0,-8.9,158	
-0.9,-0.8,-9.8,-9.7,5	
-0.9,-0.8,10.3,10.4,1	
-0.9,-0.8,1.7,1.8,9008	
-0.9,-0.8,2.0,2.1,11753	
-0.9,-0.8,2.8,2.9,18002	
-0.9,-0.8,3.1,3.2,17991	
-0.9,-0.8,3.9,4.0,13485	
-0.9,-0.8,0.4,0.5,3442	
-0.9,-0.8,4.2,4.3,11591	
-0.9,-0.8,5.3,5.4,13510	
-0.9,-0.8,6.4,6.5,13894	
-0.9,-0.8,7.5,7.6,4625	
-0.9,-0.8,8.6,8.7,483	
-0.9,-0.8,9.7,9.8,17	
-9.0,-8.9,-0.1,0.0,253	
-9.0,-8.9,-1.2,-1.1,90	
-9.0,-8.9,-2.3,-2.2,17	
-9.0,-8.9,-0.9,-0.8,148	
-9.0,-8.9,1.5,1.6,61	
-9.0,-8.9,2.6,2.7,4	
-9.0,-8.9,0.6,0.7,187	
-9.1,-9.0,-1.1,-1.0,80	
-9.1,-9.0,-1.9,-1.8,23	
-9.1,-9.0,-0.2,-0.1,178	
-9.1,-9.0,-2.2,-2.1,11	
-9.1,-9.0,-3.3,-3.2,1	
-9.1,-9.0,1.6,1.7,46	
-9.1,-9.0,2.7,2.8,5	
-9.1,-9.0,3.0,3.1,1	
-9.1,-9.0,0.5,0.6,154	
-9.2,-9.1,-1.0,-0.9,86	
-9.2,-9.1,-1.8,-1.7,23	
-9.2,-9.1,-2.1,-2.0,9	
-9.2,-9.1,-2.9,-2.8,1	
-9.2,-9.1,-0.3,-0.2,101	
-9.2,-9.1,1.7,1.8,23	
-9.2,-9.1,2.0,2.1,16	
-9.2,-9.1,2.8,2.9,2	
-9.2,-9.1,0.4,0.5,114	
-9.3,-9.2,-1.7,-1.6,18	
-9.3,-9.2,-2.0,-1.9,15	
-9.3,-9.2,-3.1,-3.0,2	
-9.3,-9.2,-0.4,-0.3,84	
-9.3,-9.2,1.0,1.1,42	
-9.3,-9.2,1.8,1.9,13	
-9.3,-9.2,2.1,2.2,7	
-9.3,-9.2,2.9,3.0,3	
-9.3,-9.2,0.3,0.4,79	
-9.4,-9.3,-1.6,-1.5,19	
-9.4,-9.3,-2.7,-2.6,1	
-9.4,-9.3,-0.5,-0.4,58	
-9.4,-9.3,1.1,1.2,33	
-9.4,-9.3,1.9,2.0,8	
-9.4,-9.3,0.2,0.3,54	
-9.4,-9.3,2.2,2.3,3	
-9.5,-9.4,-1.5,-1.4,12	
-9.5,-9.4,-2.6,-2.5,1	
-9.5,-9.4,-0.6,-0.5,45	
-9.5,-9.4,0.1,0.2,39	
-9.5,-9.4,1.2,1.3,23	
-9.5,-9.4,2.3,2.4,6	
-9.5,-9.4,0.9,1.0,36	
-9.6,-9.5,-1.4,-1.3,7	
-9.6,-9.5,-2.5,-2.4,2	
-9.6,-9.5,-0.7,-0.6,23	
-9.6,-9.5,0.0,0.1,62	
-9.6,-9.5,1.3,1.4,19	
-9.6,-9.5,0.8,0.9,17	
-9.7,-9.6,-1.3,-1.2,10	
-9.7,-9.6,-0.8,-0.7,12	
-9.7,-9.6,1.4,1.5,6	
-9.7,-9.6,0.7,0.8,17	
-9.8,-9.7,-0.1,0.0,12	
-9.8,-9.7,-1.2,-1.1,9	
-9.8,-9.7,-2.3,-2.2,1	
-9.8,-9.7,-0.9,-0.8,10	
-9.8,-9.7,1.5,1.6,4	
-9.8,-9.7,2.6,2.7,1	
-9.8,-9.7,0.6,0.7,13	
-9.9,-9.8,-1.1,-1.0,3	
-9.9,-9.8,-0.2,-0.1,10	
-9.9,-9.8,-2.2,-2.1,2	
-9.9,-9.8,1.6,1.7,2	
-9.9,-9.8,0.5,0.6,7	
0.0,0.1,-10.4,-10.3,9	
0.0,0.1,-1.6,-1.5,19965	
0.0,0.1,-2.7,-2.6,47410	
0.0,0.1,-3.0,-2.9,49090	
0.0,0.1,-3.8,-3.7,38607	
0.0,0.1,-4.1,-4.0,33991	
0.0,0.1,-4.9,-4.8,34787	
0.0,0.1,-0.5,-0.4,3335	
0.0,0.1,-5.2,-5.1,39644	
0.0,0.1,-6.3,-6.2,45092	
0.0,0.1,-7.4,-7.3,16671	
0.0,0.1,-8.5,-8.4,1876	
0.0,0.1,-9.6,-9.5,61	
0.0,0.1,10.1,10.2,11	
0.0,0.1,1.1,1.2,9385	
0.0,0.1,1.9,2.0,28411	
0.0,0.1,0.2,0.3,2368	
0.0,0.1,2.2,2.3,37124	
0.0,0.1,3.3,3.4,47300	
0.0,0.1,4.4,4.5,31402	
0.0,0.1,5.5,5.6,44660	
0.0,0.1,6.6,6.7,38633	
0.0,0.1,7.7,7.8,10412	
0.0,0.1,8.0,8.1,5748	
0.0,0.1,8.8,8.9,801	
0.0,0.1,9.1,9.2,328	
0.0,0.1,9.9,10.0,19	
0.1,0.2,-10.5,-10.4,1	
0.1,0.2,-1.5,-1.4,8757	
0.1,0.2,-2.6,-2.5,23040	
0.1,0.2,-3.7,-3.6,20182	
0.1,0.2,-4.0,-3.9,17439	
0.1,0.2,-4.8,-4.7,16572	
0.1,0.2,-5.1,-5.0,18748	
0.1,0.2,-5.9,-5.8,24231	
0.1,0.2,-0.6,-0.5,2017	
0.1,0.2,-6.2,-6.1,23124	
0.1,0.2,-7.3,-7.2,9497	
0.1,0.2,-8.4,-8.3,1201	
0.1,0.2,-9.5,-9.4,47	
0.1,0.2,0.1,0.2,1186	
0.1,0.2,10.0,10.1,8	
0.1,0.2,1.2,1.3,5460	
0.1,0.2,2.3,2.4,19784	
0.1,0.2,3.4,3.5,22930	
0.1,0.2,4.5,4.6,15394	
0.1,0.2,5.6,5.7,22940	
0.1,0.2,6.7,6.8,17792	
0.1,0.2,7.0,7.1,13648	
0.1,0.2,7.8,7.9,4212	
0.1,0.2,8.1,8.2,2241	
0.1,0.2,8.9,9.0,310	
0.1,0.2,0.9,1.0,3338	
0.1,0.2,9.2,9.3,121	
1.0,1.1,-1.5,-1.4,7098	
1.0,1.1,-2.6,-2.5,16312	
1.0,1.1,-3.7,-3.6,14270	
1.0,1.1,-4.0,-3.9,12078	
1.0,1.1,-4.8,-4.7,10132	
1.0,1.1,-5.1,-5.0,11378	
1.0,1.1,-5.9,-5.8,13900	
1.0,1.1,-0.6,-0.5,3898	
1.0,1.1,-6.2,-6.1,13489	
1.0,1.1,-7.3,-7.2,5545	
1.0,1.1,-8.4,-8.3,705	
1.0,1.1,-9.5,-9.4,31	
1.0,1.1,0.1,0.2,3991	
1.0,1.1,10.0,10.1,2	
1.0,1.1,1.2,1.3,5394	
1.0,1.1,2.3,2.4,14425	
1.0,1.1,3.4,3.5,16088	
1.0,1.1,4.5,4.6,10209	
1.0,1.1,5.6,5.7,13236	
1.0,1.1,6.7,6.8,10424	
1.0,1.1,7.0,7.1,7866	
1.0,1.1,7.8,7.9,2428	
1.0,1.1,8.1,8.2,1387	
1.0,1.1,8.9,9.0,186	
1.0,1.1,0.9,1.0,4468	
1.0,1.1,9.2,9.3,68	
10.0,10.1,-1.5,-1.4,1	
10.0,10.1,-0.6,-0.5,2	
10.0,10.1,0.1,0.2,5	
10.0,10.1,0.9,1.0,3	
10.1,10.2,-2.5,-2.4,1	
10.1,10.2,-0.7,-0.6,5	
10.1,10.2,0.0,0.1,15	
10.1,10.2,1.3,1.4,1	
10.1,10.2,2.4,2.5,2	
10.1,10.2,0.8,0.9,2	
10.2,10.3,-1.3,-1.2,4	
10.2,10.3,-0.8,-0.7,2	
10.2,10.3,1.4,1.5,1	
10.2,10.3,0.7,0.8,1	
10.3,10.4,-0.1,0.0,1	
10.3,10.4,-0.9,-0.8,1	
10.3,10.4,0.6,0.7,1	
10.4,10.5,-1.1,-1.0,1	
10.4,10.5,-0.2,-0.1,2	
10.4,10.5,0.5,0.6,1	
10.5,10.6,-1.0,-0.9,1	
10.6,10.7,0.3,0.4,1	
10.6,10.7,3.2,3.3,1	
1.1,1.2,-10.6,-10.5,1	
1.1,1.2,-1.4,-1.3,6743	
1.1,1.2,-2.5,-2.4,15175	
1.1,1.2,-3.6,-3.5,14232	
1.1,1.2,-4.7,-4.6,9216	
1.1,1.2,-5.0,-4.9,9875	
1.1,1.2,-5.8,-5.7,12662	
1.1,1.2,-6.1,-6.0,12132	
1.1,1.2,-6.9,-6.8,7672	
1.1,1.2,-0.7,-0.6,4645	
1.1,1.2,-7.2,-7.1,5584	
1.1,1.2,-8.3,-8.2,783	
1.1,1.2,-9.4,-9.3,27	
1.1,1.2,0.0,0.1,9270	
1.1,1.2,1.3,1.4,5893	
1.1,1.2,2.4,2.5,14574	
1.1,1.2,3.5,3.6,14896	
1.1,1.2,4.6,4.7,9310	
1.1,1.2,5.7,5.8,12398	
1.1,1.2,6.0,6.1,12502	
1.1,1.2,6.8,6.9,8670	
1.1,1.2,7.1,7.2,6356	
1.1,1.2,7.9,8.0,1872	
1.1,1.2,0.8,0.9,4672	
1.1,1.2,8.2,8.3,985	
1.1,1.2,9.3,9.4,50	
1.2,1.3,-1.3,-1.2,6282	
1.2,1.3,-2.4,-2.3,14353	
1.2,1.3,-3.5,-3.4,14353	
1.2,1.3,-4.6,-4.5,8708	
1.2,1.3,-5.7,-5.6,10723	
1.2,1.3,-6.0,-5.9,11115	
1.2,1.3,-6.8,-6.7,7621	
1.2,1.3,-7.1,-7.0,5533	
1.2,1.3,-7.9,-7.8,1637	
1.2,1.3,-0.8,-0.7,5326	
1.2,1.3,-8.2,-8.1,860	
1.2,1.3,-9.3,-9.2,41	
1.2,1.3,1.4,1.5,6701	
1.2,1.3,2.5,2.6,14879	
1.2,1.3,3.6,3.7,13747	
1.2,1.3,4.7,4.8,8503	
1.2,1.3,5.0,5.1,9225	
1.2,1.3,5.8,5.9,11059	
1.2,1.3,6.1,6.2,10909	
1.2,1.3,6.9,7.0,6908	
1.2,1.3,0.7,0.8,5362	
1.2,1.3,7.2,7.3,4959	
1.2,1.3,8.3,8.4,685	
1.2,1.3,9.4,9.5,28	
1.3,1.4,-0.1,0.0,6485	
1.3,1.4,-10.0,-9.9,2	
1.3,1.4,-1.2,-1.1,6198	
1.3,1.4,-2.3,-2.2,13104	
1.3,1.4,-3.4,-3.3,14622	
1.3,1.4,-4.5,-4.4,8113	
1.3,1.4,-5.6,-5.5,9414	
1.3,1.4,-6.7,-6.6,7151	
1.3,1.4,-7.0,-6.9,5523	
1.3,1.4,-7.8,-7.7,1720	
1.3,1.4,-8.1,-8.0,1003	
1.3,1.4,-8.9,-8.8,113	
1.3,1.4,-0.9,-0.8,5921	
1.3,1.4,-9.2,-9.1,52	
1.3,1.4,1.5,1.6,7203	
1.3,1.4,2.6,2.7,15113	
1.3,1.4,3.7,3.8,12599	
1.3,1.4,4.0,4.1,10624	
1.3,1.4,4.8,4.9,7911	
1.3,1.4,5.1,5.2,8278	
1.3,1.4,5.9,6.0,9845	
1.3,1.4,0.6,0.7,6139	
1.3,1.4,6.2,6.3,9228	
1.3,1.4,7.3,7.4,3840	
1.3,1.4,8.4,8.5,507	
1.3,1.4,9.5,9.6,20	
1.4,1.5,-10.1,-10.0,3	
1.4,1.5,-1.1,-1.0,6559	
1.4,1.5,-1.9,-1.8,10181	
1.4,1.5,-0.2,-0.1,7457	
1.4,1.5,-2.2,-2.1,12273	
1.4,1.5,-3.3,-3.2,14839	
1.4,1.5,-4.4,-4.3,7987	
1.4,1.5,-5.5,-5.4,8249	
1.4,1.5,-6.6,-6.5,6827	
1.4,1.5,-7.7,-7.6,1909	
1.4,1.5,-8.0,-7.9,1076	
1.4,1.5,-8.8,-8.7,144	
1.4,1.5,-9.1,-9.0,55	
1.4,1.5,-9.9,-9.8,3	
1.4,1.5,1.6,1.7,7960	
1.4,1.5,2.7,2.8,15328	
1.4,1.5,3.0,3.1,15620	
1.4,1.5,3.8,3.9,11717	
1.4,1.5,4.1,4.2,9648	
1.4,1.5,4.9,5.0,7294	
1.4,1.5,0.5,0.6,7054	
1.4,1.5,5.2,5.3,7691	
1.4,1.5,6.3,6.4,7984	
1.4,1.5,7.4,7.5,2950	
1.4,1.5,8.5,8.6,317	
1.4,1.5,9.6,9.7,11	
1.5,1.6,-1.0,-0.9,7028	
1.5,1.6,-10.2,-10.1,1	
1.5,1.6,-1.8,-1.7,9619	
1.5,1.6,-2.1,-2.0,11629	
1.5,1.6,-2.9,-2.8,15605	
1.5,1.6,-0.3,-0.2,8287	
1.5,1.6,-3.2,-3.1,15062	
1.5,1.6,-4.3,-4.2,7982	
1.5,1.6,-5.4,-5.3,7069	
1.5,1.6,-6.5,-6.4,6117	
1.5,1.6,-7.6,-7.5,1841	
1.5,1.6,-8.7,-8.6,145	
1.5,1.6,-9.0,-8.9,76	
1.5,1.6,-9.8,-9.7,4	
1.5,1.6,10.3,10.4,1	
1.5,1.6,1.7,1.8,8906	
1.5,1.6,2.0,2.1,10773	
1.5,1.6,2.8,2.9,15641	
1.5,1.6,3.1,3.2,15629	
1.5,1.6,3.9,4.0,11035	
1.5,1.6,0.4,0.5,8106	
1.5,1.6,4.2,4.3,8447	
1.5,1.6,5.3,5.4,6742	
1.5,1.6,6.4,6.5,6546	
1.5,1.6,7.5,7.6,2235	
1.5,1.6,8.6,8.7,201	
1.5,1.6,9.7,9.8,6	
1.6,1.7,-10.3,-10.2,1	
1.6,1.7,-1.7,-1.6,9220	
1.6,1.7,-2.0,-1.9,11169	
1.6,1.7,-2.8,-2.7,15843	
1.6,1.7,-3.1,-3.0,15635	
1.6,1.7,-3.9,-3.8,10888	
1.6,1.7,-0.4,-0.3,9186	
1.6,1.7,-4.2,-4.1,8615	
1.6,1.7,-5.3,-5.2,5864	
1.6,1.7,-6.4,-6.3,5528	
1.6,1.7,-7.5,-7.4,1824	
1.6,1.7,-8.6,-8.5,217	
1.6,1.7,-9.7,-9.6,7	
1.6,1.7,1.0,1.1,7700	
1.6,1.7,10.2,10.3,2	
1.6,1.7,1.8,1.9,9813	
1.6,1.7,2.1,2.2,11999	
1.6,1.7,2.9,3.0,15729	
1.6,1.7,0.3,0.4,9517	
1.6,1.7,3.2,3.3,15495	
1.6,1.7,4.3,4.4,7828	
1.6,1.7,5.4,5.5,6056	
1.6,1.7,6.5,6.6,5176	
1.6,1.7,7.6,7.7,1648	
1.6,1.7,8.7,8.8,132	
1.6,1.7,9.0,9.1,50	
1.6,1.7,9.8,9.9,3	
1.7,1.8,-1.6,-1.5,9152	
1.7,1.8,-2.7,-2.6,15792	
1.7,1.8,-3.0,-2.9,16268	
1.7,1.8,-3.8,-3.7,11707	
1.7,1.8,-4.1,-4.0,9286	
1.7,1.8,-4.9,-4.8,5403	
1.7,1.8,-0.5,-0.4,10153	
1.7,1.8,-5.2,-5.1,5154	
1.7,1.8,-6.3,-6.2,4935	
1.7,1.8,-7.4,-7.3,1827	
1.7,1.8,-8.5,-8.4,186	
1.7,1.8,-9.6,-9.5,5	
1.7,1.8,10.1,10.2,3	
1.7,1.8,1.1,1.2,8521	
1.7,1.8,1.9,2.0,10936	
1.7,1.8,0.2,0.3,10971	
1.7,1.8,2.2,2.3,13172	
1.7,1.8,3.3,3.4,15421	
1.7,1.8,4.4,4.5,7181	
1.7,1.8,5.5,5.6,5343	
1.7,1.8,6.6,6.7,4250	
1.7,1.8,7.7,7.8,1158	
1.7,1.8,8.0,8.1,624	
1.7,1.8,8.8,8.9,85	
1.7,1.8,9.1,9.2,32	
1.7,1.8,9.9,10.0,2	
1.8,1.9,-10.5,-10.4,1	
1.8,1.9,-1.5,-1.4,9575	
1.8,1.9,-2.6,-2.5,16144	
1.8,1.9,-3.7,-3.6,12835	
1.8,1.9,-4.0,-3.9,10318	
1.8,1.9,-4.8,-4.7,5265	
1.8,1.9,-5.1,-5.0,4624	
1.8,1.9,-5.9,-5.8,4419	
1.8,1.9,-0.6,-0.5,11006	
1.8,1.9,-6.2,-6.1,4220	
1.8,1.9,-7.3,-7.2,1743	
1.8,1.9,-8.4,-8.3,220	
1.8,1.9,-9.5,-9.4,8	
1.8,1.9,0.1,0.2,12485	
1.8,1.9,1.2,1.3,9259	
1.8,1.9,2.3,2.4,14359	
1.8,1.9,3.4,3.5,15165	
1.8,1.9,4.5,4.6,6699	
1.8,1.9,5.6,5.7,4512	
1.8,1.9,6.7,6.8,3208	
1.8,1.9,7.0,7.1,2476	
1.8,1.9,7.8,7.9,780	
1.8,1.9,8.1,8.2,431	
1.8,1.9,8.9,9.0,58	
1.8,1.9,0.9,1.0,9861	
1.8,1.9,9.2,9.3,26	
1.9,2.0,-1.4,-1.3,10020	
1.9,2.0,-2.5,-2.4,15953	
1.9,2.0,-3.6,-3.5,14395	
1.9,2.0,-4.7,-4.6,5484	
1.9,2.0,-5.0,-4.9,4495	
1.9,2.0,-5.8,-5.7,3861	
1.9,2.0,-6.1,-6.0,3555	
1.9,2.0,-6.9,-6.8,2227	
1.9,2.0,-0.7,-0.6,11703	
1.9,2.0,-7.2,-7.1,1595	
1.9,2.0,-8.3,-8.2,196	
1.9,2.0,-9.4,-9.3,9	
1.9,2.0,0.0,0.1,28058	
1.9,2.0,1.3,1.4,9924	
1.9,2.0,2.4,2.5,15427	
1.9,2.0,3.5,3.6,15185	
1.9,2.0,4.6,4.7,5891	
1.9,2.0,5.7,5.8,3822	
1.9,2.0,6.0,6.1,3933	
1.9,2.0,6.8,6.9,2492	
1.9,2.0,7.1,7.2,1819	
1.9,2.0,7.9,8.0,531	
1.9,2.0,0.8,0.9,11334	
1.9,2.0,8.2,8.3,257	
1.9,2.0,9.3,9.4,16	
0.2,0.3,-10.6,-10.5,2	
0.2,0.3,-1.4,-1.3,7405	
0.2,0.3,-2.5,-2.4,21802	
0.2,0.3,-3.6,-3.5,20868	
0.2,0.3,-4.7,-4.6,15736	
0.2,0.3,-5.0,-4.9,17814	
0.2,0.3,-5.8,-5.7,23324	
0.2,0.3,-6.1,-6.0,22790	
0.2,0.3,-6.9,-6.8,14701	
0.2,0.3,-0.7,-0.6,2430	
0.2,0.3,-7.2,-7.1,10740	
0.2,0.3,-8.3,-8.2,1550	
0.2,0.3,-9.4,-9.3,50	
0.2,0.3,0.0,0.1,2428	
0.2,0.3,11.0,11.1,1	
0.2,0.3,1.3,1.4,6416	
0.2,0.3,2.4,2.5,20591	
0.2,0.3,3.5,3.6,21533	
0.2,0.3,4.6,4.7,15345	
0.2,0.3,5.7,5.8,22830	
0.2,0.3,6.0,6.1,23384	
0.2,0.3,6.8,6.9,16070	
0.2,0.3,7.1,7.2,11975	
0.2,0.3,7.9,8.0,3372	
0.2,0.3,0.8,0.9,2794	
0.2,0.3,8.2,8.3,1893	
0.2,0.3,9.3,9.4,105	
2.0,2.1,-1.6,-1.5,11098	
2.0,2.1,-2.7,-2.6,18033	
2.0,2.1,-3.0,-2.9,18297	
2.0,2.1,-3.8,-3.7,13061	
2.0,2.1,-4.1,-4.0,9823	
2.0,2.1,-4.9,-4.8,4404	
2.0,2.1,-0.5,-0.4,13982	
2.0,2.1,-5.2,-5.1,3648	
2.0,2.1,-6.3,-6.2,2883	
2.0,2.1,-7.4,-7.3,1024	
2.0,2.1,-8.5,-8.4,120	
2.0,2.1,-9.6,-9.5,5	
2.0,2.1,1.1,1.2,11202	
2.0,2.1,1.9,2.0,12818	
2.0,2.1,0.2,0.3,15405	
2.0,2.1,2.2,2.3,14800	
2.0,2.1,3.3,3.4,17211	
2.0,2.1,4.4,4.5,7327	
2.0,2.1,5.5,5.6,3319	
2.0,2.1,6.6,6.7,2364	
2.0,2.1,7.7,7.8,632	
2.0,2.1,8.0,8.1,317	
2.0,2.1,8.8,8.9,51	
2.0,2.1,9.1,9.2,23	
2.0,2.1,9.9,10.0,1	
2.1,2.2,-1.5,-1.4,11657	
2.1,2.2,-2.6,-2.5,18453	
2.1,2.2,-3.7,-3.6,14642	
2.1,2.2,-4.0,-3.9,11441	
2.1,2.2,-4.8,-4.7,4662	
2.1,2.2,-5.1,-5.0,3550	
2.1,2.2,-5.9,-5.8,2490	
2.1,2.2,-0.6,-0.5,14804	
2.1,2.2,-6.2,-6.1,2357	
2.1,2.2,-7.3,-7.2,969	
2.1,2.2,-8.4,-8.3,128	
2.1,2.2,-9.5,-9.4,3	
2.1,2.2,0.1,0.2,17009	
2.1,2.2,1.2,1.3,11734	
2.1,2.2,2.3,2.4,16469	
2.1,2.2,3.4,3.5,17212	
2.1,2.2,4.5,4.6,6515	
2.1,2.2,5.6,5.7,2820	
2.1,2.2,6.7,6.8,1804	
2.1,2.2,7.0,7.1,1322	
2.1,2.2,7.8,7.9,449	
2.1,2.2,8.1,8.2,243	
2.1,2.2,8.9,9.0,37	
2.1,2.2,0.9,1.0,12934	
2.1,2.2,9.2,9.3,19	
2.2,2.3,-1.4,-1.3,12394	
2.2,2.3,-2.5,-2.4,18558	
2.2,2.3,-3.6,-3.5,16574	
2.2,2.3,-4.7,-4.6,5223	
2.2,2.3,-5.0,-4.9,3632	
2.2,2.3,-5.8,-5.7,2155	
2.2,2.3,-6.1,-6.0,2069	
2.2,2.3,-6.9,-6.8,1224	
2.2,2.3,-0.7,-0.6,15070	
2.2,2.3,-7.2,-7.1,886	
2.2,2.3,-8.3,-8.2,127	
2.2,2.3,-9.4,-9.3,4	
2.2,2.3,0.0,0.1,37081	
2.2,2.3,10.7,10.8,1	
2.2,2.3,1.3,1.4,12177	
2.2,2.3,2.4,2.5,18056	
2.2,2.3,3.5,3.6,17349	
2.2,2.3,4.6,4.7,5869	
2.2,2.3,5.7,5.8,2297	
2.2,2.3,6.0,6.1,2111	
2.2,2.3,6.8,6.9,1354	
2.2,2.3,7.1,7.2,978	
2.2,2.3,7.9,8.0,267	
2.2,2.3,0.8,0.9,14222	
2.2,2.3,8.2,8.3,166	
2.2,2.3,9.3,9.4,3	
2.3,2.4,-1.3,-1.2,13117	
2.3,2.4,-2.4,-2.3,18746	
2.3,2.4,-3.5,-3.4,18204	
2.3,2.4,-4.6,-4.5,5956	
2.3,2.4,-5.7,-5.6,1926	
2.3,2.4,-6.0,-5.9,1746	
2.3,2.4,-6.8,-6.7,1053	
2.3,2.4,-7.1,-7.0,796	
2.3,2.4,-7.9,-7.8,228	
2.3,2.4,-0.8,-0.7,15567	
2.3,2.4,-8.2,-8.1,126	
2.3,2.4,-9.3,-9.2,9	
2.3,2.4,1.4,1.5,12995	
2.3,2.4,2.5,2.6,19574	
2.3,2.4,3.6,3.7,17166	
2.3,2.4,4.7,4.8,5336	
2.3,2.4,5.0,5.1,3518	
2.3,2.4,5.8,5.9,1906	
2.3,2.4,6.1,6.2,1641	
2.3,2.4,6.9,7.0,971	
2.3,2.4,0.7,0.8,16410	
2.3,2.4,7.2,7.3,645	
2.3,2.4,8.3,8.4,106	
2.3,2.4,9.4,9.5,4	
2.4,2.5,-0.1,0.0,20727	
2.4,2.5,-1.2,-1.1,14089	
2.4,2.5,-2.3,-2.2,18961	
2.4,2.5,-3.4,-3.3,20020	
2.4,2.5,-4.5,-4.4,6995	
2.4,2.5,-5.6,-5.5,1743	
2.4,2.5,-6.7,-6.6,931	
2.4,2.5,-7.0,-6.9,696	
2.4,2.5,-7.8,-7.7,194	
2.4,2.5,-8.1,-8.0,141	
2.4,2.5,-8.9,-8.8,24	
2.4,2.5,-0.9,-0.8,15621	
2.4,2.5,-9.2,-9.1,7	
2.4,2.5,1.5,1.6,13839	
2.4,2.5,2.6,2.7,20940	
2.4,2.5,3.7,3.8,16516	
2.4,2.5,4.0,4.1,12732	
2.4,2.5,4.8,4.9,4610	
2.4,2.5,5.1,5.2,2946	
2.4,2.5,5.9,6.0,1454	
2.4,2.5,0.6,0.7,18209	
2.4,2.5,6.2,6.3,1273	
2.4,2.5,7.3,7.4,474	
2.4,2.5,8.4,8.5,62	
2.4,2.5,9.5,9.6,5	
2.5,2.6,-1.1,-1.0,15236	
2.5,2.6,-1.9,-1.8,16120	
2.5,2.6,-0.2,-0.1,21617	
2.5,2.6,-2.2,-2.1,18870	
2.5,2.6,-3.3,-3.2,21058	
2.5,2.6,-4.4,-4.3,7975	
2.5,2.6,-5.5,-5.4,1659	
2.5,2.6,-6.6,-6.5,808	
2.5,2.6,-7.7,-7.6,197	
2.5,2.6,-8.0,-7.9,134	
2.5,2.6,-8.8,-8.7,11	
2.5,2.6,-9.1,-9.0,2	
2.5,2.6,1.6,1.7,14737	
2.5,2.6,2.7,2.8,22363	
2.5,2.6,3.0,3.1,22556	
2.5,2.6,3.8,3.9,15787	
2.5,2.6,4.1,4.2,11724	
2.5,2.6,4.9,5.0,3927	
2.5,2.6,0.5,0.6,19643	
2.5,2.6,5.2,5.3,2580	
2.5,2.6,6.3,6.4,957	
2.5,2.6,7.4,7.5,314	
2.5,2.6,8.5,8.6,35	
2.5,2.6,9.6,9.7,1	
2.6,2.7,-1.0,-0.9,16725	
2.6,2.7,-1.8,-1.7,16032	
2.6,2.7,-2.1,-2.0,18230	
2.6,2.7,-2.9,-2.8,23528	
2.6,2.7,-0.3,-0.2,22027	
2.6,2.7,-3.2,-3.1,22832	
2.6,2.7,-4.3,-4.2,9344	
2.6,2.7,-5.4,-5.3,1746	
2.6,2.7,-6.5,-6.4,668	
2.6,2.7,-7.6,-7.5,196	
2.6,2.7,-8.7,-8.6,14	
2.6,2.7,-9.0,-8.9,6	
2.6,2.7,10.3,10.4,1	
2.6,2.7,1.7,1.8,15458	
2.6,2.7,2.0,2.1,17638	
2.6,2.7,2.8,2.9,23316	
2.6,2.7,3.1,3.2,23286	
2.6,2.7,3.9,4.0,14751	
2.6,2.7,0.4,0.5,21315	
2.6,2.7,4.2,4.3,11032	
2.6,2.7,5.3,5.4,2036	
2.6,2.7,6.4,6.5,763	
2.6,2.7,7.5,7.6,229	
2.6,2.7,8.6,8.7,25	
2.6,2.7,9.7,9.8,2	
2.7,2.8,-1.7,-1.6,15920	
2.7,2.8,-2.0,-1.9,17742	
2.7,2.8,-2.8,-2.7,23730	
2.7,2.8,-3.1,-3.0,23568	
2.7,2.8,-3.9,-3.8,15066	
2.7,2.8,-0.4,-0.3,22097	
2.7,2.8,-4.2,-4.1,10873	
2.7,2.8,-5.3,-5.2,1996	
2.7,2.8,-6.4,-6.3,555	
2.7,2.8,-7.5,-7.4,170	
2.7,2.8,-8.6,-8.5,22	
2.7,2.8,1.0,1.1,16869	
2.7,2.8,1.8,1.9,16607	
2.7,2.8,2.1,2.2,18838	
2.7,2.8,2.9,3.0,24197	
2.7,2.8,0.3,0.4,22787	
2.7,2.8,3.2,3.3,23132	
2.7,2.8,4.3,4.4,9713	
2.7,2.8,5.4,5.5,1651	
2.7,2.8,6.5,6.6,528	
2.7,2.8,7.6,7.7,119	
2.7,2.8,8.7,8.8,17	
2.7,2.8,9.0,9.1,3	
2.8,2.9,-1.6,-1.5,15678	
2.8,2.9,-2.7,-2.6,23747	
2.8,2.9,-3.0,-2.9,24027	
2.8,2.9,-3.8,-3.7,16730	
2.8,2.9,-4.1,-4.0,12435	
2.8,2.9,-4.9,-4.8,3826	
2.8,2.9,-0.5,-0.4,21579	
2.8,2.9,-5.2,-5.1,2178	
2.8,2.9,-6.3,-6.2,460	
2.8,2.9,-7.4,-7.3,152	
2.8,2.9,-8.5,-8.4,14	
2.8,2.9,1.1,1.2,16876	
2.8,2.9,1.9,2.0,17599	
2.8,2.9,0.2,0.3,23643	
2.8,2.9,2.2,2.3,19722	
2.8,2.9,3.3,3.4,22535	
2.8,2.9,4.4,4.5,8475	
2.8,2.9,5.5,5.6,1297	
2.8,2.9,6.6,6.7,354	
2.8,2.9,7.7,7.8,105	
2.8,2.9,8.0,8.1,51	
2.8,2.9,8.8,8.9,6	
2.8,2.9,9.1,9.2,1	
2.8,2.9,9.9,10.0,1	
2.9,3.0,-1.5,-1.4,15529	
2.9,3.0,-2.6,-2.5,23648	
2.9,3.0,-3.7,-3.6,18233	
2.9,3.0,-4.0,-3.9,13815	
2.9,3.0,-4.8,-4.7,4604	
2.9,3.0,-5.1,-5.0,2664	
2.9,3.0,-5.9,-5.8,650	
2.9,3.0,-0.6,-0.5,20824	
2.9,3.0,-6.2,-6.1,458	
2.9,3.0,-7.3,-7.2,125	
2.9,3.0,-8.4,-8.3,18	
2.9,3.0,-9.5,-9.4,1	
2.9,3.0,0.1,0.2,24406	
2.9,3.0,10.0,10.1,1	
2.9,3.0,1.2,1.3,16161	
2.9,3.0,2.3,2.4,21244	
2.9,3.0,3.4,3.5,21879	
2.9,3.0,4.5,4.6,7362	
2.9,3.0,5.6,5.7,1019	
2.9,3.0,6.7,6.8,270	
2.9,3.0,7.0,7.1,187	
2.9,3.0,7.8,7.9,55	
2.9,3.0,8.1,8.2,28	
2.9,3.0,8.9,9.0,4	
2.9,3.0,0.9,1.0,18245	
2.9,3.0,9.2,9.3,4	
0.3,0.4,-1.3,-1.2,6282	
0.3,0.4,-2.4,-2.3,20156	
0.3,0.4,-3.5,-3.4,20757	
0.3,0.4,-4.6,-4.5,14940	
0.3,0.4,-5.7,-5.6,22271	
0.3,0.4,-6.0,-5.9,22161	
0.3,0.4,-6.8,-6.7,15553	
0.3,0.4,-7.1,-7.0,11597	
0.3,0.4,-7.9,-7.8,3325	
0.3,0.4,-0.8,-0.7,2877	
0.3,0.4,-8.2,-8.1,1794	
0.3,0.4,-9.3,-9.2,87	
0.3,0.4,1.4,1.5,7359	
0.3,0.4,2.5,2.6,20977	
0.3,0.4,3.6,3.7,20214	
0.3,0.4,4.7,4.8,15394	
0.3,0.4,5.0,5.1,17152	
0.3,0.4,5.8,5.9,22514	
0.3,0.4,6.1,6.2,22260	
0.3,0.4,6.9,7.0,14256	
0.3,0.4,0.7,0.8,2487	
0.3,0.4,7.2,7.3,10297	
0.3,0.4,8.3,8.4,1426	
0.3,0.4,9.4,9.5,61	
3.0,3.1,-1.7,-1.6,16065	
3.0,3.1,-2.0,-1.9,18459	
3.0,3.1,-2.8,-2.7,24143	
3.0,3.1,-3.1,-3.0,23925	
3.0,3.1,-3.9,-3.8,15472	
3.0,3.1,-0.4,-0.3,22753	
3.0,3.1,-4.2,-4.1,11142	
3.0,3.1,-5.3,-5.2,1682	
3.0,3.1,-6.4,-6.3,308	
3.0,3.1,-7.5,-7.4,71	
3.0,3.1,-8.6,-8.5,3	
3.0,3.1,1.0,1.1,17412	
3.0,3.1,1.8,1.9,16599	
3.0,3.1,2.1,2.2,19224	
3.0,3.1,2.9,3.0,24403	
3.0,3.1,0.3,0.4,23515	
3.0,3.1,3.2,3.3,23233	
3.0,3.1,4.3,4.4,9765	
3.0,3.1,5.4,5.5,1417	
3.0,3.1,6.5,6.6,269	
3.0,3.1,7.6,7.7,76	
3.0,3.1,8.7,8.8,7	
3.0,3.1,9.0,9.1,3	
3.0,3.1,9.8,9.9,1	
3.1,3.2,-1.6,-1.5,15801	
3.1,3.2,-2.7,-2.6,23582	
3.1,3.2,-3.0,-2.9,24037	
3.1,3.2,-3.8,-3.7,16802	
3.1,3.2,-4.1,-4.0,12141	
3.1,3.2,-4.9,-4.8,3711	
3.1,3.2,-0.5,-0.4,21683	
3.1,3.2,-5.2,-5.1,1953	
3.1,3.2,-6.3,-6.2,235	
3.1,3.2,-7.4,-7.3,68	
3.1,3.2,-8.5,-8.4,4	
3.1,3.2,1.1,1.2,16758	
3.1,3.2,1.9,2.0,17164	
3.1,3.2,0.2,0.3,24014	
3.1,3.2,2.2,2.3,19921	
3.1,3.2,3.3,3.4,22845	
3.1,3.2,4.4,4.5,8272	
3.1,3.2,5.5,5.6,1084	
3.1,3.2,6.6,6.7,153	
3.1,3.2,7.7,7.8,33	
3.1,3.2,8.0,8.1,17	
3.1,3.2,8.8,8.9,8	
3.2,3.3,-1.5,-1.4,15517	
3.2,3.3,-2.6,-2.5,22510	
3.2,3.3,-3.7,-3.6,17615	
3.2,3.3,-4.0,-3.9,13560	
3.2,3.3,-4.8,-4.7,4259	
3.2,3.3,-5.1,-5.0,2439	
3.2,3.3,-5.9,-5.8,415	
3.2,3.3,-0.6,-0.5,20728	
3.2,3.3,-6.2,-6.1,227	
3.2,3.3,-7.3,-7.2,54	
3.2,3.3,-8.4,-8.3,7	
3.2,3.3,0.1,0.2,24295	
3.2,3.3,1.2,1.3,15791	
3.2,3.3,2.3,2.4,20424	
3.2,3.3,3.4,3.5,21146	
3.2,3.3,4.5,4.6,7112	
3.2,3.3,5.6,5.7,769	
3.2,3.3,6.7,6.8,92	
3.2,3.3,7.0,7.1,77	
3.2,3.3,7.8,7.9,20	
3.2,3.3,8.1,8.2,10	
3.2,3.3,8.9,9.0,2	
3.2,3.3,0.9,1.0,17781	
3.2,3.3,9.2,9.3,1	
3.3,3.4,-1.4,-1.3,14953	
3.3,3.4,-2.5,-2.4,21327	
3.3,3.4,-3.6,-3.5,18259	
3.3,3.4,-4.7,-4.6,4925	
3.3,3.4,-5.0,-4.9,2836	
3.3,3.4,-5.8,-5.7,457	
3.3,3.4,-6.1,-6.0,255	
3.3,3.4,-6.9,-6.8,67	
3.3,3.4,-0.7,-0.6,19347	
3.3,3.4,-7.2,-7.1,32	
3.3,3.4,-8.3,-8.2,7	
3.3,3.4,-9.4,-9.3,1	
3.3,3.4,0.0,0.1,47045	
3.3,3.4,1.3,1.4,15267	
3.3,3.4,2.4,2.5,20176	
3.3,3.4,3.5,3.6,19473	
3.3,3.4,4.6,4.7,5940	
3.3,3.4,5.7,5.8,550	
3.3,3.4,6.0,6.1,326	
3.3,3.4,6.8,6.9,58	
3.3,3.4,7.1,7.2,48	
3.3,3.4,7.9,8.0,15	
3.3,3.4,0.8,0.9,18556	
3.3,3.4,8.2,8.3,7	
3.4,3.5,-1.3,-1.2,14650	
3.4,3.5,-2.4,-2.3,19466	
3.4,3.5,-3.5,-3.4,18633	
3.4,3.5,-4.6,-4.5,5496	
3.4,3.5,-5.7,-5.6,555	
3.4,3.5,-6.0,-5.9,252	
3.4,3.5,-6.8,-6.7,53	
3.4,3.5,-7.1,-7.0,32	
3.4,3.5,-7.9,-7.8,8	
3.4,3.5,-0.8,-0.7,17923	
3.4,3.5,-8.2,-8.1,3	
3.4,3.5,1.4,1.5,14374	
3.4,3.5,2.5,2.6,20551	
3.4,3.5,3.6,3.7,17497	
3.4,3.5,4.7,4.8,4908	
3.4,3.5,5.0,5.1,2609	
3.4,3.5,5.8,5.9,454	
3.4,3.5,6.1,6.2,226	
3.4,3.5,6.9,7.0,39	
3.4,3.5,0.7,0.8,18767	
3.4,3.5,7.2,7.3,39	
3.4,3.5,8.3,8.4,2	
3.5,3.6,-0.1,0.0,22025	
3.5,3.6,-1.2,-1.1,14425	
3.5,3.6,-2.3,-2.2,18251	
3.5,3.6,-3.4,-3.3,18615	
3.5,3.6,-4.5,-4.4,6234	
3.5,3.6,-5.6,-5.5,663	
3.5,3.6,-6.7,-6.6,58	
3.5,3.6,-7.0,-6.9,32	
3.5,3.6,-7.8,-7.7,6	
3.5,3.6,-8.1,-8.0,5	
3.5,3.6,-0.9,-0.8,16279	
3.5,3.6,-9.2,-9.1,2	
3.5,3.6,1.5,1.6,13616	
3.5,3.6,2.6,2.7,20170	
3.5,3.6,3.7,3.8,15621	
3.5,3.6,4.0,4.1,11865	
3.5,3.6,4.8,4.9,3715	
3.5,3.6,5.1,5.2,2066	
3.5,3.6,5.9,6.0,295	
3.5,3.6,0.6,0.7,18720	
3.5,3.6,6.2,6.3,144	
3.5,3.6,7.3,7.4,17	
3.5,3.6,8.4,8.5,1	
3.6,3.7,-1.1,-1.0,14394	
3.6,3.7,-1.9,-1.8,14381	
3.6,3.7,-0.2,-0.1,20653	
3.6,3.7,-2.2,-2.1,16315	
3.6,3.7,-3.3,-3.2,18310	
3.6,3.7,-4.4,-4.3,6820	
3.6,3.7,-5.5,-5.4,813	
3.6,3.7,-6.6,-6.5,34	
3.6,3.7,-7.7,-7.6,3	
3.6,3.7,-8.0,-7.9,3	
3.6,3.7,-8.8,-8.7,1	
3.6,3.7,1.6,1.7,13180	
3.6,3.7,2.7,2.8,19229	
3.6,3.7,3.0,3.1,19526	
3.6,3.7,3.8,3.9,13562	
3.6,3.7,4.1,4.2,9967	
3.6,3.7,4.9,5.0,2901	
3.6,3.7,0.5,0.6,19065	
3.6,3.7,5.2,5.3,1590	
3.6,3.7,6.3,6.4,98	
3.6,3.7,7.4,7.5,7	
3.6,3.7,8.5,8.6,3	
3.7,3.8,-1.0,-0.9,14212	
3.7,3.8,-1.8,-1.7,12916	
3.7,3.8,-2.1,-2.0,14670	
3.7,3.8,-2.9,-2.8,18142	
3.7,3.8,-0.3,-0.2,19163	
3.7,3.8,-3.2,-3.1,17351	
3.7,3.8,-4.3,-4.2,7133	
3.7,3.8,-5.4,-5.3,945	
3.7,3.8,-6.5,-6.4,51	
3.7,3.8,-7.6,-7.5,4	
3.7,3.8,1.7,1.8,12442	
3.7,3.8,2.0,2.1,13920	
3.7,3.8,2.8,2.9,18276	
3.7,3.8,3.1,3.2,17803	
3.7,3.8,3.9,4.0,11524	
3.7,3.8,0.4,0.5,18906	
3.7,3.8,4.2,4.3,8221	
3.7,3.8,5.3,5.4,1135	
3.7,3.8,6.4,6.5,52	
3.7,3.8,7.5,7.6,9	
3.7,3.8,8.6,8.7,1	
3.8,3.9,-1.7,-1.6,11805	
3.8,3.9,-2.0,-1.9,12846	
3.8,3.9,-2.8,-2.7,16920	
3.8,3.9,-3.1,-3.0,16603	
3.8,3.9,-3.9,-3.8,10663	
3.8,3.9,-0.4,-0.3,17688	
3.8,3.9,-4.2,-4.1,7613	
3.8,3.9,-5.3,-5.2,1075	
3.8,3.9,-6.4,-6.3,48	
3.8,3.9,-7.5,-7.4,5	
3.8,3.9,1.0,1.1,13403	
3.8,3.9,1.8,1.9,11989	
3.8,3.9,2.1,2.2,13580	
3.8,3.9,2.9,3.0,16687	
3.8,3.9,0.3,0.4,18321	
3.8,3.9,3.2,3.3,16435	
3.8,3.9,4.3,4.4,6742	
3.8,3.9,5.4,5.5,897	
3.8,3.9,6.5,6.6,41	
3.8,3.9,7.6,7.7,2	
3.9,4.0,-1.6,-1.5,10911	
3.9,4.0,-2.7,-2.6,14982	
3.9,4.0,-3.0,-2.9,15506	
3.9,4.0,-3.8,-3.7,10788	
3.9,4.0,-4.1,-4.0,8017	
3.9,4.0,-4.9,-4.8,2196	
3.9,4.0,-0.5,-0.4,16220	
3.9,4.0,-5.2,-5.1,1240	
3.9,4.0,-6.3,-6.2,54	
3.9,4.0,-7.4,-7.3,3	
3.9,4.0,1.1,1.2,12385	
3.9,4.0,1.9,2.0,11518	
3.9,4.0,0.2,0.3,18112	
3.9,4.0,2.2,2.3,12736	
3.9,4.0,3.3,3.4,14457	
3.9,4.0,4.4,4.5,5331	
3.9,4.0,5.5,5.6,593	
3.9,4.0,6.6,6.7,26	
3.9,4.0,7.7,7.8,3	
3.9,4.0,8.0,8.1,1	
0.4,0.5,-0.1,0.0,1492	
0.4,0.5,-10.0,-9.9,3	
0.4,0.5,-1.2,-1.1,5211	
0.4,0.5,-2.3,-2.2,18550	
0.4,0.5,-3.4,-3.3,21371	
0.4,0.5,-4.5,-4.4,14309	
0.4,0.5,-5.6,-5.5,20879	
0.4,0.5,-6.7,-6.6,16207	
0.4,0.5,-7.0,-6.9,12406	
0.4,0.5,-7.8,-7.7,3887	
0.4,0.5,-8.1,-8.0,1974	
0.4,0.5,-8.9,-8.8,282	
0.4,0.5,-0.9,-0.8,3377	
0.4,0.5,-9.2,-9.1,117	
0.4,0.5,1.5,1.6,8172	
0.4,0.5,2.6,2.7,21080	
0.4,0.5,3.7,3.8,18581	
0.4,0.5,4.0,4.1,16227	
0.4,0.5,4.8,4.9,14997	
0.4,0.5,5.1,5.2,17300	
0.4,0.5,5.9,6.0,21892	
0.4,0.5,0.6,0.7,2286	
0.4,0.5,6.2,6.3,21082	
0.4,0.5,7.3,7.4,8673	
0.4,0.5,8.4,8.5,1090	
0.4,0.5,9.5,9.6,38	
4.0,4.1,-1.0,-0.9,12097	
4.0,4.1,-1.8,-1.7,10366	
4.0,4.1,-2.1,-2.0,11099	
4.0,4.1,-2.9,-2.8,13837	
4.0,4.1,-0.3,-0.2,16647	
4.0,4.1,-3.2,-3.1,13354	
4.0,4.1,-4.3,-4.2,5413	
4.0,4.1,-5.4,-5.3,677	
4.0,4.1,-6.5,-6.4,34	
4.0,4.1,-7.6,-7.5,1	
4.0,4.1,1.7,1.8,9807	
4.0,4.1,2.0,2.1,10916	
4.0,4.1,2.8,2.9,13983	
4.0,4.1,3.1,3.2,13828	
4.0,4.1,3.9,4.0,8911	
4.0,4.1,0.4,0.5,16228	
4.0,4.1,4.2,4.3,6245	
4.0,4.1,5.3,5.4,852	
4.0,4.1,6.4,6.5,47	
4.0,4.1,7.5,7.6,1	
4.1,4.2,-1.7,-1.6,9223	
4.1,4.2,-2.0,-1.9,9923	
4.1,4.2,-2.8,-2.7,12282	
4.1,4.2,-3.1,-3.0,12303	
4.1,4.2,-3.9,-3.8,7898	
4.1,4.2,-0.4,-0.3,15537	
4.1,4.2,-4.2,-4.1,5619	
4.1,4.2,-5.3,-5.2,819	
4.1,4.2,-6.4,-6.3,38	
4.1,4.2,1.0,1.1,11361	
4.1,4.2,1.8,1.9,9494	
4.1,4.2,2.1,2.2,10277	
4.1,4.2,2.9,3.0,12465	
4.1,4.2,0.3,0.4,15989	
4.1,4.2,3.2,3.3,11960	
4.1,4.2,4.3,4.4,4958	
4.1,4.2,5.4,5.5,678	
4.1,4.2,6.5,6.6,32	
4.1,4.2,7.6,7.7,3	
4.2,4.3,-1.6,-1.5,8602	
4.2,4.3,-2.7,-2.6,10927	
4.2,4.3,-3.0,-2.9,11050	
4.2,4.3,-3.8,-3.7,7649	
4.2,4.3,-4.1,-4.0,5649	
4.2,4.3,-4.9,-4.8,1594	
4.2,4.3,-0.5,-0.4,14468	
4.2,4.3,-5.2,-5.1,791	
4.2,4.3,-6.3,-6.2,46	
4.2,4.3,-7.4,-7.3,4	
4.2,4.3,1.1,1.2,10386	
4.2,4.3,1.9,2.0,8838	
4.2,4.3,0.2,0.3,15888	
4.2,4.3,2.2,2.3,9591	
4.2,4.3,3.3,3.4,10367	
4.2,4.3,4.4,4.5,3905	
4.2,4.3,5.5,5.6,410	
4.2,4.3,6.6,6.7,16	
4.2,4.3,7.7,7.8,1	
4.2,4.3,8.0,8.1,2	
4.3,4.4,-1.5,-1.4,8060	
4.3,4.4,-2.6,-2.5,9414	
4.3,4.4,-3.7,-3.6,7324	
4.3,4.4,-4.0,-3.9,5601	
4.3,4.4,-4.8,-4.7,1763	
4.3,4.4,-5.1,-5.0,929	
4.3,4.4,-5.9,-5.8,111	
4.3,4.4,-0.6,-0.5,13391	
4.3,4.4,-6.2,-6.1,41	
4.3,4.4,-7.3,-7.2,3	
4.3,4.4,0.1,0.2,15873	
4.3,4.4,1.2,1.3,9160	
4.3,4.4,2.3,2.4,8922	
4.3,4.4,3.4,3.5,8576	
4.3,4.4,4.5,4.6,2939	
4.3,4.4,5.6,5.7,255	
4.3,4.4,6.7,6.8,13	
4.3,4.4,7.0,7.1,5	
4.3,4.4,0.9,1.0,11277	
4.4,4.5,-1.4,-1.3,7968	
4.4,4.5,-2.5,-2.4,8157	
4.4,4.5,-3.6,-3.5,6690	
4.4,4.5,-4.7,-4.6,1774	
4.4,4.5,-5.0,-4.9,997	
4.4,4.5,-5.8,-5.7,162	
4.4,4.5,-6.1,-6.0,60	
4.4,4.5,-6.9,-6.8,5	
4.4,4.5,-0.7,-0.6,12259	
4.4,4.5,-7.2,-7.1,2	
4.4,4.5,0.0,0.1,31487	
4.4,4.5,1.3,1.4,8226	
4.4,4.5,2.4,2.5,7896	
4.4,4.5,3.5,3.6,7164	
4.4,4.5,4.6,4.7,2092	
4.4,4.5,5.7,5.8,174	
4.4,4.5,6.0,6.1,68	
4.4,4.5,6.8,6.9,4	
4.4,4.5,7.1,7.2,4	
4.4,4.5,0.8,0.9,11530	
4.5,4.6,-1.3,-1.2,8191	
4.5,4.6,-2.4,-2.3,6984	
4.5,4.6,-3.5,-3.4,6194	
4.5,4.6,-4.6,-4.5,1844	
4.5,4.6,-5.7,-5.6,166	
4.5,4.6,-6.0,-5.9,56	
4.5,4.6,-6.8,-6.7,7	
4.5,4.6,-0.8,-0.7,11389	
4.5,4.6,1.4,1.5,7501	
4.5,4.6,2.5,2.6,7156	
4.5,4.6,3.6,3.7,5778	
4.5,4.6,4.7,4.8,1524	
4.5,4.6,5.0,5.1,868	
4.5,4.6,5.8,5.9,136	
4.5,4.6,6.1,6.2,56	
4.5,4.6,6.9,7.0,1	
4.5,4.6,0.7,0.8,12409	
4.5,4.6,7.2,7.3,1	
4.6,4.7,-0.1,0.0,15741	
4.6,4.7,-1.2,-1.1,8658	
4.6,4.7,-2.3,-2.2,6015	
4.6,4.7,-3.4,-3.3,5547	
4.6,4.7,-4.5,-4.4,1806	
4.6,4.7,-5.6,-5.5,194	
4.6,4.7,-6.7,-6.6,7	
4.6,4.7,-7.0,-6.9,5	
4.6,4.7,-0.9,-0.8,10607	
4.6,4.7,1.5,1.6,6860	
4.6,4.7,2.6,2.7,6180	
4.6,4.7,3.7,3.8,4729	
4.6,4.7,4.0,4.1,3498	
4.6,4.7,4.8,4.9,1119	
4.6,4.7,5.1,5.2,598	
4.6,4.7,5.9,6.0,93	
4.6,4.7,0.6,0.7,13132	
4.6,4.7,6.2,6.3,26	
4.7,4.8,-1.1,-1.0,9292	
4.7,4.8,-1.9,-1.8,5442	
4.7,4.8,-0.2,-0.1,15806	
4.7,4.8,-2.2,-2.1,5079	
4.7,4.8,-3.3,-3.2,4901	
4.7,4.8,-4.4,-4.3,1867	
4.7,4.8,-5.5,-5.4,202	
4.7,4.8,-6.6,-6.5,9	
4.7,4.8,1.6,1.7,6127	
4.7,4.8,2.7,2.8,5420	
4.7,4.8,3.0,3.1,5426	
4.7,4.8,3.8,3.9,3596	
4.7,4.8,4.1,4.2,2705	
4.7,4.8,4.9,5.0,809	
4.7,4.8,0.5,0.6,14081	
4.7,4.8,5.2,5.3,438	
4.7,4.8,6.3,6.4,23	
4.7,4.8,7.4,7.5,1	
4.8,4.9,-1.0,-0.9,10276	
4.8,4.9,-1.8,-1.7,5300	
4.8,4.9,-2.1,-2.0,4485	
4.8,4.9,-2.9,-2.8,4618	
4.8,4.9,-0.3,-0.2,15647	
4.8,4.9,-3.2,-3.1,4309	
4.8,4.9,-4.3,-4.2,1691	
4.8,4.9,-5.4,-5.3,217	
4.8,4.9,-6.5,-6.4,6	
4.8,4.9,1.7,1.8,5474	
4.8,4.9,2.0,2.1,4828	
4.8,4.9,2.8,2.9,4674	
4.8,4.9,3.1,3.2,4458	
4.8,4.9,3.9,4.0,2797	
4.8,4.9,0.4,0.5,15146	
4.8,4.9,4.2,4.3,1971	
4.8,4.9,5.3,5.4,279	
4.8,4.9,6.4,6.5,11	
4.8,4.9,7.5,7.6,1	
4.9,5.0,-1.7,-1.6,5299	
4.9,5.0,-2.0,-1.9,4464	
4.9,5.0,-2.8,-2.7,3864	
4.9,5.0,-3.1,-3.0,3675	
4.9,5.0,-3.9,-3.8,2298	
4.9,5.0,-0.4,-0.3,16001	
4.9,5.0,-4.2,-4.1,1659	
4.9,5.0,-5.3,-5.2,232	
4.9,5.0,-6.4,-6.3,9	
4.9,5.0,1.0,1.1,10377	
4.9,5.0,1.8,1.9,4925	
4.9,5.0,2.1,2.2,4243	
4.9,5.0,2.9,3.0,3685	
4.9,5.0,0.3,0.4,16548	
4.9,5.0,3.2,3.3,3512	
4.9,5.0,4.3,4.4,1407	
4.9,5.0,5.4,5.5,176	
4.9,5.0,6.5,6.6,4	
0.5,0.6,-10.1,-10.0,5	
0.5,0.6,-1.1,-1.0,4642	
0.5,0.6,-1.9,-1.8,12790	
0.5,0.6,-0.2,-0.1,1745	
0.5,0.6,-2.2,-2.1,16549	
0.5,0.6,-3.3,-3.2,21109	
0.5,0.6,-4.4,-4.3,13727	
0.5,0.6,-5.5,-5.4,19292	
0.5,0.6,-6.6,-6.5,16625	
0.5,0.6,-7.7,-7.6,4446	
0.5,0.6,-8.0,-7.9,2486	
0.5,0.6,-8.8,-8.7,356	
0.5,0.6,-9.1,-9.0,142	
0.5,0.6,-9.9,-9.8,5	
0.5,0.6,1.6,1.7,9119	
0.5,0.6,2.7,2.8,21360	
0.5,0.6,3.0,3.1,21969	
0.5,0.6,3.8,3.9,17132	
0.5,0.6,4.1,4.2,15004	
0.5,0.6,4.9,5.0,14935	
0.5,0.6,0.5,0.6,2237	
0.5,0.6,5.2,5.3,17214	
0.5,0.6,6.3,6.4,19755	
0.5,0.6,7.4,7.5,7313	
0.5,0.6,8.5,8.6,812	
0.5,0.6,9.6,9.7,31	
5.0,5.1,-1.1,-1.0,9970	
5.0,5.1,-1.9,-1.8,4351	
5.0,5.1,-0.2,-0.1,17670	
5.0,5.1,-2.2,-2.1,3631	
5.0,5.1,-3.3,-3.2,2782	
5.0,5.1,-4.4,-4.3,1054	
5.0,5.1,-5.5,-5.4,100	
5.0,5.1,-6.6,-6.5,1	
5.0,5.1,1.6,1.7,5950	
5.0,5.1,2.7,2.8,3261	
5.0,5.1,3.0,3.1,3144	
5.0,5.1,3.8,3.9,1986	
5.0,5.1,4.1,4.2,1450	
5.0,5.1,4.9,5.0,451	
5.0,5.1,0.5,0.6,15658	
5.0,5.1,5.2,5.3,253	
5.0,5.1,6.3,6.4,12	
5.1,5.2,-1.0,-0.9,11172	
5.1,5.2,-1.8,-1.7,4609	
5.1,5.2,-2.1,-2.0,3479	
5.1,5.2,-2.9,-2.8,2623	
5.1,5.2,-0.3,-0.2,17685	
5.1,5.2,-3.2,-3.1,2381	
5.1,5.2,-4.3,-4.2,956	
5.1,5.2,-5.4,-5.3,114	
5.1,5.2,-6.5,-6.4,3	
5.1,5.2,1.7,1.8,5218	
5.1,5.2,2.0,2.1,3859	
5.1,5.2,2.8,2.9,2720	
5.1,5.2,3.1,3.2,2396	
5.1,5.2,3.9,4.0,1456	
5.1,5.2,0.4,0.5,17152	
5.1,5.2,4.2,4.3,1082	
5.1,5.2,5.3,5.4,155	
5.1,5.2,6.4,6.5,12	
5.2,5.3,-1.7,-1.6,5287	
5.2,5.3,-2.0,-1.9,3568	
5.2,5.3,-2.8,-2.7,2206	
5.2,5.3,-3.1,-3.0,2045	
5.2,5.3,-3.9,-3.8,1213	
5.2,5.3,-0.4,-0.3,18127	
5.2,5.3,-4.2,-4.1,903	
5.2,5.3,-5.3,-5.2,134	
5.2,5.3,-6.4,-6.3,2	
5.2,5.3,1.0,1.1,11700	
5.2,5.3,1.8,1.9,4548	
5.2,5.3,2.1,2.2,3467	
5.2,5.3,2.9,3.0,2143	
5.2,5.3,0.3,0.4,18644	
5.2,5.3,3.2,3.3,1925	
5.2,5.3,4.3,4.4,788	
5.2,5.3,5.4,5.5,87	
5.2,5.3,6.5,6.6,3	
5.3,5.4,-1.6,-1.5,5886	
5.3,5.4,-2.7,-2.6,1868	
5.3,5.4,-3.0,-2.9,1756	
5.3,5.4,-3.8,-3.7,1044	
5.3,5.4,-4.1,-4.0,830	
5.3,5.4,-4.9,-4.8,216	
5.3,5.4,-0.5,-0.4,18207	
5.3,5.4,-5.2,-5.1,116	
5.3,5.4,-6.3,-6.2,9	
5.3,5.4,-7.4,-7.3,1	
5.3,5.4,1.1,1.2,11046	
5.3,5.4,1.9,2.0,4041	
5.3,5.4,0.2,0.3,20125	
5.3,5.4,2.2,2.3,2792	
5.3,5.4,3.3,3.4,1480	
5.3,5.4,4.4,4.5,559	
5.3,5.4,5.5,5.6,74	
5.3,5.4,6.6,6.7,1	
5.4,5.5,-1.5,-1.4,7045	
5.4,5.5,-2.6,-2.5,1850	
5.4,5.5,-3.7,-3.6,919	
5.4,5.5,-4.0,-3.9,700	
5.4,5.5,-4.8,-4.7,215	
5.4,5.5,-5.1,-5.0,129	
5.4,5.5,-5.9,-5.8,15	
5.4,5.5,-0.6,-0.5,17780	
5.4,5.5,-6.2,-6.1,11	
5.4,5.5,0.1,0.2,21625	
5.4,5.5,1.2,1.3,10204	
5.4,5.5,2.3,2.4,2351	
5.4,5.5,3.4,3.5,1168	
5.4,5.5,4.5,4.6,353	
5.4,5.5,5.6,5.7,46	
5.4,5.5,0.9,1.0,13981	
5.5,5.6,-1.4,-1.3,8146	
5.5,5.6,-2.5,-2.4,1689	
5.5,5.6,-3.6,-3.5,774	
5.5,5.6,-4.7,-4.6,182	
5.5,5.6,-5.0,-4.9,116	
5.5,5.6,-5.8,-5.7,14	
5.5,5.6,-6.1,-6.0,5	
5.5,5.6,-6.9,-6.8,1	
5.5,5.6,-0.7,-0.6,16907	
5.5,5.6,-7.2,-7.1,2	
5.5,5.6,0.0,0.1,44570	
5.5,5.6,1.3,1.4,9307	
5.5,5.6,2.4,2.5,1890	
5.5,5.6,3.5,3.6,880	
5.5,5.6,4.6,4.7,272	
5.5,5.6,5.7,5.8,24	
5.5,5.6,6.0,6.1,4	
5.5,5.6,0.8,0.9,15780	
5.6,5.7,-1.3,-1.2,9404	
5.6,5.7,-2.4,-2.3,1745	
5.6,5.7,-3.5,-3.4,733	
5.6,5.7,-4.6,-4.5,206	
5.6,5.7,-5.7,-5.6,18	
5.6,5.7,-6.0,-5.9,9	
5.6,5.7,-6.8,-6.7,2	
5.6,5.7,-0.8,-0.7,16381	
5.6,5.7,1.4,1.5,8371	
5.6,5.7,2.5,2.6,1532	
5.6,5.7,3.6,3.7,622	
5.6,5.7,4.7,4.8,177	
5.6,5.7,5.0,5.1,92	
5.6,5.7,5.8,5.9,12	
5.6,5.7,6.1,6.2,6	
5.6,5.7,0.7,0.8,17391	
5.7,5.8,-0.1,0.0,23713	
5.7,5.8,-1.2,-1.1,10968	
5.7,5.8,-2.3,-2.2,1970	
5.7,5.8,-3.4,-3.3,527	
5.7,5.8,-4.5,-4.4,149	
5.7,5.8,-5.6,-5.5,23	
5.7,5.8,-6.7,-6.6,1	
5.7,5.8,-0.9,-0.8,14966	
5.7,5.8,1.5,1.6,7205	
5.7,5.8,2.6,2.7,1226	
5.7,5.8,3.7,3.8,445	
5.7,5.8,4.0,4.1,317	
5.7,5.8,4.8,4.9,89	
5.7,5.8,5.1,5.2,59	
5.7,5.8,5.9,6.0,8	
5.7,5.8,0.6,0.7,19285	
5.7,5.8,6.2,6.3,2	
5.8,5.9,-1.1,-1.0,12662	
5.8,5.9,-1.9,-1.8,3780	
5.8,5.9,-0.2,-0.1,23072	
5.8,5.9,-2.2,-2.1,2251	
5.8,5.9,-3.3,-3.2,445	
5.8,5.9,-4.4,-4.3,150	
5.8,5.9,-5.5,-5.4,24	
5.8,5.9,-6.6,-6.5,1	
5.8,5.9,1.6,1.7,6323	
5.8,5.9,2.7,2.8,915	
5.8,5.9,3.0,3.1,629	
5.8,5.9,3.8,3.9,312	
5.8,5.9,4.1,4.2,225	
5.8,5.9,4.9,5.0,48	
5.8,5.9,0.5,0.6,20594	
5.8,5.9,5.2,5.3,18	
5.8,5.9,6.3,6.4,1	
5.9,6.0,-1.0,-0.9,13766	
5.9,6.0,-1.8,-1.7,4552	
5.9,6.0,-2.1,-2.0,2647	
5.9,6.0,-2.9,-2.8,636	
5.9,6.0,-0.3,-0.2,22494	
5.9,6.0,-3.2,-3.1,456	
5.9,6.0,-4.3,-4.2,142	
5.9,6.0,-5.4,-5.3,20	
5.9,6.0,-6.5,-6.4,2	
5.9,6.0,1.7,1.8,5342	
5.9,6.0,2.0,2.1,3142	
5.9,6.0,2.8,2.9,692	
5.9,6.0,3.1,3.2,476	
5.9,6.0,3.9,4.0,207	
5.9,6.0,0.4,0.5,21711	
5.9,6.0,4.2,4.3,161	
5.9,6.0,5.3,5.4,19	
0.6,0.7,-1.0,-0.9,4046	
0.6,0.7,-10.2,-10.1,1	
0.6,0.7,-1.8,-1.7,10989	
0.6,0.7,-2.1,-2.0,14591	
0.6,0.7,-2.9,-2.8,21207	
0.6,0.7,-0.3,-0.2,2160	
0.6,0.7,-3.2,-3.1,20633	
0.6,0.7,-4.3,-4.2,13247	
0.6,0.7,-5.4,-5.3,17592	
0.6,0.7,-6.5,-6.4,16605	
0.6,0.7,-7.6,-7.5,5075	
0.6,0.7,-8.7,-8.6,421	
0.6,0.7,-9.0,-8.9,190	
0.6,0.7,-9.8,-9.7,11	
0.6,0.7,10.3,10.4,3	
0.6,0.7,1.7,1.8,9771	
0.6,0.7,2.0,2.1,13513	
0.6,0.7,2.8,2.9,20655	
0.6,0.7,3.1,3.2,20638	
0.6,0.7,3.9,4.0,15691	
0.6,0.7,0.4,0.5,2237	
0.6,0.7,4.2,4.3,13708	
0.6,0.7,5.3,5.4,17071	
0.6,0.7,6.4,6.5,17546	
0.6,0.7,7.5,7.6,5655	
0.6,0.7,8.6,8.7,595	
0.6,0.7,9.7,9.8,18	
6.0,6.1,-0.1,0.0,23780	
6.0,6.1,-1.2,-1.1,10999	
6.0,6.1,-2.3,-2.2,1735	
6.0,6.1,-3.4,-3.3,273	
6.0,6.1,-4.5,-4.4,73	
6.0,6.1,-5.6,-5.5,5	
6.0,6.1,-0.9,-0.8,15285	
6.0,6.1,1.5,1.6,7246	
6.0,6.1,2.6,2.7,953	
6.0,6.1,3.7,3.8,201	
6.0,6.1,4.0,4.1,142	
6.0,6.1,4.8,4.9,43	
6.0,6.1,5.1,5.2,21	
6.0,6.1,5.9,6.0,3	
6.0,6.1,0.6,0.7,19301	
6.0,6.1,6.2,6.3,2	
6.1,6.2,-1.1,-1.0,12177	
6.1,6.2,-1.9,-1.8,3689	
6.1,6.2,-0.2,-0.1,23215	
6.1,6.2,-2.2,-2.1,2024	
6.1,6.2,-3.3,-3.2,234	
6.1,6.2,-4.4,-4.3,57	
6.1,6.2,-5.5,-5.4,4	
6.1,6.2,1.6,1.7,6136	
6.1,6.2,2.7,2.8,699	
6.1,6.2,3.0,3.1,420	
6.1,6.2,3.8,3.9,121	
6.1,6.2,4.1,4.2,91	
6.1,6.2,4.9,5.0,22	
6.1,6.2,0.5,0.6,20466	
6.1,6.2,5.2,5.3,11	
6.1,6.2,6.3,6.4,1	
6.2,6.3,-1.0,-0.9,13278	
6.2,6.3,-1.8,-1.7,4279	
6.2,6.3,-2.1,-2.0,2336	
6.2,6.3,-2.9,-2.8,418	
6.2,6.3,-0.3,-0.2,22029	
6.2,6.3,-3.2,-3.1,227	
6.2,6.3,-4.3,-4.2,60	
6.2,6.3,-5.4,-5.3,6	
6.2,6.3,-6.5,-6.4,1	
6.2,6.3,1.7,1.8,5083	
6.2,6.3,2.0,2.1,2955	
6.2,6.3,2.8,2.9,520	
6.2,6.3,3.1,3.2,268	
6.2,6.3,3.9,4.0,92	
6.2,6.3,0.4,0.5,20883	
6.2,6.3,4.2,4.3,64	
6.2,6.3,5.3,5.4,12	
6.3,6.4,-1.7,-1.6,4913	
6.3,6.4,-2.0,-1.9,2905	
6.3,6.4,-2.8,-2.7,494	
6.3,6.4,-3.1,-3.0,234	
6.3,6.4,-3.9,-3.8,51	
6.3,6.4,-0.4,-0.3,20322	
6.3,6.4,-4.2,-4.1,48	
6.3,6.4,-5.3,-5.2,5	
6.3,6.4,1.0,1.1,13081	
6.3,6.4,1.8,1.9,4132	
6.3,6.4,2.1,2.2,2291	
6.3,6.4,2.9,3.0,321	
6.3,6.4,0.3,0.4,20897	
6.3,6.4,3.2,3.3,189	
6.3,6.4,4.3,4.4,30	
6.3,6.4,5.4,5.5,3	
6.3,6.4,6.5,6.6,1	
6.4,6.5,-1.6,-1.5,5588	
6.4,6.5,-2.7,-2.6,564	
6.4,6.5,-3.0,-2.9,270	
6.4,6.5,-3.8,-3.7,61	
6.4,6.5,-4.1,-4.0,36	
6.4,6.5,-4.9,-4.8,10	
6.4,6.5,-0.5,-0.4,18483	
6.4,6.5,-5.2,-5.1,4	
6.4,6.5,1.1,1.2,11067	
6.4,6.5,1.9,2.0,3154	
6.4,6.5,0.2,0.3,20804	
6.4,6.5,2.2,2.3,1752	
6.4,6.5,3.3,3.4,146	
6.4,6.5,4.4,4.5,26	
6.4,6.5,5.5,5.6,1	
6.5,6.6,-1.5,-1.4,6144	
6.5,6.6,-2.6,-2.5,702	
6.5,6.6,-3.7,-3.6,48	
6.5,6.6,-4.0,-3.9,29	
6.5,6.6,-4.8,-4.7,7	
6.5,6.6,-5.1,-5.0,3	
6.5,6.6,-5.9,-5.8,1	
6.5,6.6,-0.6,-0.5,16587	
6.5,6.6,0.1,0.2,20334	
6.5,6.6,1.2,1.3,9351	
6.5,6.6,2.3,2.4,1263	
6.5,6.6,3.4,3.5,112	
6.5,6.6,4.5,4.6,6	
6.5,6.6,5.6,5.7,2	
6.5,6.6,0.9,1.0,12953	
6.6,6.7,-1.4,-1.3,6714	
6.6,6.7,-2.5,-2.4,783	
6.6,6.7,-3.6,-3.5,40	
6.6,6.7,-4.7,-4.6,7	
6.6,6.7,-5.0,-4.9,4	
6.6,6.7,-0.7,-0.6,14480	
6.6,6.7,0.0,0.1,38419	
6.6,6.7,1.3,1.4,7911	
6.6,6.7,2.4,2.5,1033	
6.6,6.7,3.5,3.6,62	
6.6,6.7,4.6,4.7,6	
6.6,6.7,0.8,0.9,13506	
6.7,6.8,-1.3,-1.2,7369	
6.7,6.8,-2.4,-2.3,921	
6.7,6.8,-3.5,-3.4,61	
6.7,6.8,-4.6,-4.5,5	
6.7,6.8,-6.0,-5.9,1	
6.7,6.8,-0.8,-0.7,12713	
6.7,6.8,1.4,1.5,6395	
6.7,6.8,2.5,2.6,735	
6.7,6.8,3.6,3.7,30	
6.7,6.8,4.7,4.8,5	
6.7,6.8,5.0,5.1,4	
6.7,6.8,0.7,0.8,13717	
6.8,6.9,-0.1,0.0,16563	
6.8,6.9,-1.2,-1.1,7672	
6.8,6.9,-2.3,-2.2,1130	
6.8,6.9,-3.4,-3.3,39	
6.8,6.9,-4.5,-4.4,8	
6.8,6.9,-0.9,-0.8,10592	
6.8,6.9,1.5,1.6,4932	
6.8,6.9,2.6,2.7,505	
6.8,6.9,3.7,3.8,35	
6.8,6.9,4.0,4.1,23	
6.8,6.9,4.8,4.9,2	
6.8,6.9,5.1,5.2,1	
6.8,6.9,0.6,0.7,13448	
6.9,7.0,-1.1,-1.0,7795	
6.9,7.0,-1.9,-1.8,2210	
6.9,7.0,-0.2,-0.1,14594	
6.9,7.0,-2.2,-2.1,1253	
6.9,7.0,-3.3,-3.2,71	
6.9,7.0,-4.4,-4.3,4	
6.9,7.0,1.6,1.7,3855	
6.9,7.0,2.7,2.8,368	
6.9,7.0,3.0,3.1,160	
6.9,7.0,3.8,3.9,27	
6.9,7.0,4.1,4.2,7	
6.9,7.0,4.9,5.0,1	
6.9,7.0,0.5,0.6,13043	
0.7,0.8,-1.7,-1.6,9489	
0.7,0.8,-2.0,-1.9,13070	
0.7,0.8,-2.8,-2.7,19791	
0.7,0.8,-3.1,-3.0,19959	
0.7,0.8,-3.9,-3.8,14724	
0.7,0.8,-0.4,-0.3,2637	
0.7,0.8,-4.2,-4.1,13034	
0.7,0.8,-5.3,-5.2,15840	
0.7,0.8,-6.4,-6.3,16211	
0.7,0.8,-7.5,-7.4,5265	
0.7,0.8,-8.6,-8.5,557	
0.7,0.8,-9.7,-9.6,16	
0.7,0.8,1.0,1.1,4029	
0.7,0.8,10.2,10.3,1	
0.7,0.8,1.8,1.9,10369	
0.7,0.8,2.1,2.2,14176	
0.7,0.8,2.9,3.0,20247	
0.7,0.8,0.3,0.4,2461	
0.7,0.8,3.2,3.3,19647	
0.7,0.8,4.3,4.4,12696	
0.7,0.8,5.4,5.5,16654	
0.7,0.8,6.5,6.6,15427	
0.7,0.8,7.6,7.7,4668	
0.7,0.8,8.7,8.8,428	
0.7,0.8,9.0,9.1,174	
0.7,0.8,9.8,9.9,13	
7.0,7.1,-1.3,-1.2,5609	
7.0,7.1,-2.4,-2.3,683	
7.0,7.1,-3.5,-3.4,25	
7.0,7.1,-4.6,-4.5,1	
7.0,7.1,-0.8,-0.7,9699	
7.0,7.1,1.4,1.5,4834	
7.0,7.1,2.5,2.6,501	
7.0,7.1,3.6,3.7,19	
7.0,7.1,4.7,4.8,1	
7.0,7.1,5.0,5.1,3	
7.0,7.1,0.7,0.8,10491	
7.1,7.2,-0.1,0.0,12205	
7.1,7.2,-1.2,-1.1,5660	
7.1,7.2,-2.3,-2.2,766	
7.1,7.2,-3.4,-3.3,47	
7.1,7.2,-4.5,-4.4,1	
7.1,7.2,-0.9,-0.8,7839	
7.1,7.2,1.5,1.6,3710	
7.1,7.2,2.6,2.7,382	
7.1,7.2,3.7,3.8,11	
7.1,7.2,4.0,4.1,7	
7.1,7.2,4.8,4.9,1	
7.1,7.2,5.1,5.2,1	
7.1,7.2,0.6,0.7,9942	
7.2,7.3,-1.1,-1.0,5617	
7.2,7.3,-1.9,-1.8,1577	
7.2,7.3,-0.2,-0.1,10651	
7.2,7.3,-2.2,-2.1,891	
7.2,7.3,-3.3,-3.2,41	
7.2,7.3,-4.4,-4.3,1	
7.2,7.3,1.6,1.7,2817	
7.2,7.3,2.7,2.8,264	
7.2,7.3,3.0,3.1,119	
7.2,7.3,3.8,3.9,11	
7.2,7.3,4.1,4.2,2	
7.2,7.3,0.5,0.6,9428	
7.3,7.4,-1.0,-0.9,5622	
7.3,7.4,-1.8,-1.7,1735	
7.3,7.4,-2.1,-2.0,907	
7.3,7.4,-2.9,-2.8,142	
7.3,7.4,-0.3,-0.2,9018	
7.3,7.4,-3.2,-3.1,52	
7.3,7.4,-4.3,-4.2,1	
7.3,7.4,1.7,1.8,2130	
7.3,7.4,2.0,2.1,1207	
7.3,7.4,2.8,2.9,173	
7.3,7.4,3.1,3.2,57	
7.3,7.4,3.9,4.0,3	
7.3,7.4,0.4,0.5,8660	
7.3,7.4,4.2,4.3,7	
7.4,7.5,-1.7,-1.6,1785	
7.4,7.5,-2.0,-1.9,1012	
7.4,7.5,-2.8,-2.7,126	
7.4,7.5,-3.1,-3.0,73	
7.4,7.5,-3.9,-3.8,5	
7.4,7.5,-0.4,-0.3,7441	
7.4,7.5,1.0,1.1,4781	
7.4,7.5,1.8,1.9,1481	
7.4,7.5,2.1,2.2,849	
7.4,7.5,2.9,3.0,97	
7.4,7.5,0.3,0.4,7852	
7.4,7.5,3.2,3.3,45	
7.4,7.5,4.3,4.4,2	
7.5,7.6,-1.6,-1.5,1838	
7.5,7.6,-2.7,-2.6,145	
7.5,7.6,-3.0,-2.9,68	
7.5,7.6,-3.8,-3.7,6	
7.5,7.6,-0.5,-0.4,6126	
7.5,7.6,1.1,1.2,3638	
7.5,7.6,1.9,2.0,1082	
7.5,7.6,0.2,0.3,6906	
7.5,7.6,2.2,2.3,533	
7.5,7.6,3.3,3.4,31	
7.6,7.7,-1.5,-1.4,1802	
7.6,7.7,-2.6,-2.5,191	
7.6,7.7,-3.7,-3.6,5	
7.6,7.7,-4.0,-3.9,2	
7.6,7.7,-0.6,-0.5,4846	
7.6,7.7,0.1,0.2,6042	
7.6,7.7,1.2,1.3,2854	
7.6,7.7,2.3,2.4,355	
7.6,7.7,3.4,3.5,14	
7.6,7.7,0.9,1.0,3923	
7.7,7.8,-1.4,-1.3,1811	
7.7,7.8,-2.5,-2.4,201	
7.7,7.8,-3.6,-3.5,6	
7.7,7.8,-0.7,-0.6,3876	
7.7,7.8,0.0,0.1,10307	
7.7,7.8,1.3,1.4,2074	
7.7,7.8,2.4,2.5,263	
7.7,7.8,3.5,3.6,5	
7.7,7.8,0.8,0.9,3627	
7.8,7.9,-1.3,-1.2,1819	
7.8,7.9,-2.4,-2.3,201	
7.8,7.9,-3.5,-3.4,12	
7.8,7.9,-0.8,-0.7,3078	
7.8,7.9,1.4,1.5,1513	
7.8,7.9,2.5,2.6,181	
7.8,7.9,3.6,3.7,3	
7.8,7.9,0.7,0.8,3125	
7.9,8.0,-0.1,0.0,3628	
7.9,8.0,-1.2,-1.1,1612	
7.9,8.0,-2.3,-2.2,225	
7.9,8.0,-3.4,-3.3,12	
7.9,8.0,-0.9,-0.8,2305	
7.9,8.0,1.5,1.6,1135	
7.9,8.0,2.6,2.7,106	
7.9,8.0,3.7,3.8,3	
7.9,8.0,4.0,4.1,4	
7.9,8.0,0.6,0.7,2897	
0.8,0.9,-1.6,-1.5,8224	
0.8,0.9,-2.7,-2.6,18450	
0.8,0.9,-3.0,-2.9,19183	
0.8,0.9,-3.8,-3.7,14712	
0.8,0.9,-4.1,-4.0,12776	
0.8,0.9,-4.9,-4.8,12284	
0.8,0.9,-0.5,-0.4,3048	
0.8,0.9,-5.2,-5.1,13984	
0.8,0.9,-6.3,-6.2,15658	
0.8,0.9,-7.4,-7.3,5875	
0.8,0.9,-8.5,-8.4,642	
0.8,0.9,-9.6,-9.5,13	
0.8,0.9,10.1,10.2,3	
0.8,0.9,1.1,1.2,4631	
0.8,0.9,1.9,2.0,11339	
0.8,0.9,0.2,0.3,2825	
0.8,0.9,2.2,2.3,14602	
0.8,0.9,3.3,3.4,18228	
0.8,0.9,4.4,4.5,11614	
0.8,0.9,5.5,5.6,16094	
0.8,0.9,6.6,6.7,13403	
0.8,0.9,7.7,7.8,3588	
0.8,0.9,8.0,8.1,2009	
0.8,0.9,8.8,8.9,266	
0.8,0.9,9.1,9.2,122	
0.8,0.9,9.9,10.0,4	
8.0,8.1,-1.4,-1.3,1062	
8.0,8.1,-2.5,-2.4,131	
8.0,8.1,-3.6,-3.5,3	
8.0,8.1,-0.7,-0.6,2170	
8.0,8.1,0.0,0.1,5737	
8.0,8.1,1.3,1.4,1200	
8.0,8.1,2.4,2.5,137	
8.0,8.1,3.5,3.6,7	
8.0,8.1,0.8,0.9,2033	
8.1,8.2,-1.3,-1.2,887	
8.1,8.2,-2.4,-2.3,130	
8.1,8.2,-3.5,-3.4,3	
8.1,8.2,-0.8,-0.7,1617	
8.1,8.2,1.4,1.5,820	
8.1,8.2,2.5,2.6,111	
8.1,8.2,3.6,3.7,5	
8.1,8.2,0.7,0.8,1821	
8.2,8.3,-0.1,0.0,1807	
8.2,8.3,-1.2,-1.1,881	
8.2,8.3,-2.3,-2.2,117	
8.2,8.3,-3.4,-3.3,5	
8.2,8.3,-0.9,-0.8,1192	
8.2,8.3,1.5,1.6,605	
8.2,8.3,2.6,2.7,69	
8.2,8.3,3.7,3.8,3	
8.2,8.3,4.0,4.1,1	
8.2,8.3,0.6,0.7,1652	
8.3,8.4,-1.1,-1.0,776	
8.3,8.4,-1.9,-1.8,249	
8.3,8.4,-0.2,-0.1,1411	
8.3,8.4,-2.2,-2.1,108	
8.3,8.4,-3.3,-3.2,5	
8.3,8.4,1.6,1.7,390	
8.3,8.4,2.7,2.8,37	
8.3,8.4,3.0,3.1,20	
8.3,8.4,3.8,3.9,1	
8.3,8.4,4.1,4.2,1	
8.3,8.4,0.5,0.6,1320	
8.4,8.5,-1.0,-0.9,748	
8.4,8.5,-1.8,-1.7,206	
8.4,8.5,-2.1,-2.0,117	
8.4,8.5,-2.9,-2.8,23	
8.4,8.5,-0.3,-0.2,1156	
8.4,8.5,-3.2,-3.1,2	
8.4,8.5,1.7,1.8,239	
8.4,8.5,2.0,2.1,145	
8.4,8.5,2.8,2.9,16	
8.4,8.5,3.1,3.2,4	
8.4,8.5,3.9,4.0,1	
8.4,8.5,0.4,0.5,1061	
8.5,8.6,-1.7,-1.6,222	
8.5,8.6,-2.0,-1.9,106	
8.5,8.6,-2.8,-2.7,21	
8.5,8.6,-3.1,-3.0,7	
8.5,8.6,-0.4,-0.3,809	
8.5,8.6,-4.2,-4.1,1	
8.5,8.6,1.0,1.1,507	
8.5,8.6,1.8,1.9,150	
8.5,8.6,2.1,2.2,91	
8.5,8.6,2.9,3.0,8	
8.5,8.6,0.3,0.4,887	
8.5,8.6,3.2,3.3,3	
8.6,8.7,-1.6,-1.5,191	
8.6,8.7,-2.7,-2.6,11	
8.6,8.7,-3.0,-2.9,7	
8.6,8.7,-3.8,-3.7,1	
8.6,8.7,-0.5,-0.4,608	
8.6,8.7,1.1,1.2,353	
8.6,8.7,1.9,2.0,95	
8.6,8.7,0.2,0.3,679	
8.6,8.7,2.2,2.3,74	
8.6,8.7,3.3,3.4,3	
8.7,8.8,-1.5,-1.4,170	
8.7,8.8,-2.6,-2.5,21	
8.7,8.8,-3.7,-3.6,1	
8.7,8.8,-0.6,-0.5,417	
8.7,8.8,0.1,0.2,523	
8.7,8.8,1.2,1.3,261	
8.7,8.8,2.3,2.4,34	
8.7,8.8,3.4,3.5,1	
8.7,8.8,0.9,1.0,334	
8.8,8.9,-1.4,-1.3,147	
8.8,8.9,-2.5,-2.4,16	
8.8,8.9,-0.7,-0.6,321	
8.8,8.9,0.0,0.1,828	
8.8,8.9,1.3,1.4,168	
8.8,8.9,2.4,2.5,16	
8.8,8.9,0.8,0.9,284	
8.9,9.0,-1.3,-1.2,110	
8.9,9.0,-2.4,-2.3,14	
8.9,9.0,-3.5,-3.4,1	
8.9,9.0,-0.8,-0.7,213	
8.9,9.0,1.4,1.5,114	
8.9,9.0,2.5,2.6,9	
8.9,9.0,0.7,0.8,212	
0.9,1.0,-1.5,-1.4,7335	
0.9,1.0,-2.6,-2.5,16970	
0.9,1.0,-3.7,-3.6,14816	
0.9,1.0,-4.0,-3.9,12733	
0.9,1.0,-4.8,-4.7,11179	
0.9,1.0,-5.1,-5.0,12357	
0.9,1.0,-5.9,-5.8,15457	
0.9,1.0,-0.6,-0.5,3613	
0.9,1.0,-6.2,-6.1,14779	
0.9,1.0,-7.3,-7.2,6140	
0.9,1.0,-8.4,-8.3,751	
0.9,1.0,-9.5,-9.4,27	
0.9,1.0,0.1,0.2,3427	
0.9,1.0,10.0,10.1,4	
0.9,1.0,1.2,1.3,5298	
0.9,1.0,2.3,2.4,14941	
0.9,1.0,3.4,3.5,16828	
0.9,1.0,4.5,4.6,10607	
0.9,1.0,5.6,5.7,14615	
0.9,1.0,6.7,6.8,11363	
0.9,1.0,7.0,7.1,8743	
0.9,1.0,7.8,7.9,2667	
0.9,1.0,8.1,8.2,1526	
0.9,1.0,8.9,9.0,223	
0.9,1.0,0.9,1.0,4261	
0.9,1.0,9.2,9.3,101	
9.0,9.1,-1.5,-1.4,58	
9.0,9.1,-2.6,-2.5,12	
9.0,9.1,-0.6,-0.5,171	
9.0,9.1,0.1,0.2,227	
9.0,9.1,1.2,1.3,115	
9.0,9.1,2.3,2.4,9	
9.0,9.1,0.9,1.0,142	
9.1,9.2,-1.4,-1.3,58	
9.1,9.2,-2.5,-2.4,12	
9.1,9.2,-0.7,-0.6,106	
9.1,9.2,0.0,0.1,355	
9.1,9.2,1.3,1.4,75	
9.1,9.2,2.4,2.5,10	
9.1,9.2,0.8,0.9,111	
9.2,9.3,-1.3,-1.2,69	
9.2,9.3,-2.4,-2.3,4	
9.2,9.3,-3.5,-3.4,1	
9.2,9.3,-0.8,-0.7,93	
9.2,9.3,1.4,1.5,40	
9.2,9.3,2.5,2.6,7	
9.2,9.3,3.6,3.7,1	
9.2,9.3,0.7,0.8,101	
9.3,9.4,-0.1,0.0,90	
9.3,9.4,-1.2,-1.1,39	
9.3,9.4,-2.3,-2.2,5	
9.3,9.4,-3.4,-3.3,1	
9.3,9.4,-0.9,-0.8,61	
9.3,9.4,1.5,1.6,26	
9.3,9.4,2.6,2.7,3	
9.3,9.4,0.6,0.7,60	
9.4,9.5,-1.1,-1.0,29	
9.4,9.5,-1.9,-1.8,8	
9.4,9.5,-0.2,-0.1,67	
9.4,9.5,-2.2,-2.1,3	
9.4,9.5,1.6,1.7,10	
9.4,9.5,2.7,2.8,3	
9.4,9.5,0.5,0.6,49	
9.5,9.6,-1.0,-0.9,22	
9.5,9.6,-1.8,-1.7,13	
9.5,9.6,-2.1,-2.0,3	
9.5,9.6,-2.9,-2.8,1	
9.5,9.6,-0.3,-0.2,50	
9.5,9.6,1.7,1.8,10	
9.5,9.6,2.0,2.1,9	
9.5,9.6,2.8,2.9,3	
9.5,9.6,3.1,3.2,2	
9.5,9.6,0.4,0.5,42	
9.6,9.7,-1.7,-1.6,6	
9.6,9.7,-2.0,-1.9,5	
9.6,9.7,-2.8,-2.7,3	
9.6,9.7,-0.4,-0.3,26	
9.6,9.7,1.0,1.1,19	
9.6,9.7,1.8,1.9,5	
9.6,9.7,2.1,2.2,5	
9.6,9.7,0.3,0.4,34	
9.7,9.8,-1.6,-1.5,12	
9.7,9.8,-0.5,-0.4,19	
9.7,9.8,1.1,1.2,10	
9.7,9.8,1.9,2.0,3	
9.7,9.8,0.2,0.3,27	
9.7,9.8,2.2,2.3,5	
9.8,9.9,-1.5,-1.4,5	
9.8,9.9,-0.6,-0.5,9	
9.8,9.9,0.1,0.2,15	
9.8,9.9,1.2,1.3,6	
9.8,9.9,2.3,2.4,4	
9.8,9.9,0.9,1.0,8	
9.9,10.0,-1.4,-1.3,3	
9.9,10.0,-0.7,-0.6,13	
9.9,10.0,0.0,0.1,22	
9.9,10.0,0.8,0.9,11	
